% f evaluations | g evaluations | best noise-free fitness - Fopt (-1.000000000000e+003) + sum g_i+ | measured fitness | best measured fitness or single-digit g-values | x1 | x2...
1 0 +8.559956001e+001 -9.144004400e+002 -9.144004400e+002 -2.9741e-001 -4.8747e+000 -3.8980e-001 -1.3443e+000 +2.2357e+000
3 0 +7.886423671e+001 -9.211357633e+002 -9.211357633e+002 -1.8532e+000 +3.4781e+000 +4.3107e+000 -4.2000e-001 +1.9837e+000
4 0 +7.483781738e+001 -9.251621826e+002 -9.251621826e+002 +3.7714e+000 +2.5434e+000 -3.3445e+000 -1.6676e+000 +2.9591e+000
9 0 +7.321576497e+001 -9.267842350e+002 -9.267842350e+002 +2.6566e-001 -2.3004e+000 -4.1392e+000 -2.4323e+000 +7.9024e-001
15 0 +6.813397033e+001 -9.318660297e+002 -9.318660297e+002 -3.0630e+000 -4.8603e+000 +4.7569e+000 +2.8416e+000 -2.3475e+000
21 0 +4.667341339e+001 -9.533265866e+002 -9.533265866e+002 +2.1121e+000 -2.8279e+000 +9.0009e-001 -1.3443e+000 +2.9215e-001
91 0 +2.550836076e+001 -9.744916392e+002 -9.744916392e+002 -9.3926e-001 +1.9638e+000 +4.7333e+000 +1.1863e+000 -3.3953e+000
104 0 +4.410301256e+000 -9.955896987e+002 -9.955896987e+002 +2.2238e+000 -7.6353e-001 +1.2564e+000 -1.4620e+000 -1.1289e+000
151 0 +4.063575560e-001 -9.995936424e+002 -9.995936424e+002 +2.4332e+000 +1.1549e+000 +2.3167e+000 +8.2295e-001 -7.5160e-001
336 0 +1.903080943e-001 -9.998096919e+002 -9.998096919e+002 +2.1826e+000 +7.2501e-001 +2.1570e+000 +2.3049e-001 -9.2188e-001
361 0 +6.496436511e-002 -9.999350356e+002 -9.999350356e+002 +1.7475e+000 +1.4179e+000 +2.7701e+000 +1.6818e+000 -8.6755e-001
423 0 +2.632507562e-002 -9.999736749e+002 -9.999736749e+002 +1.6810e+000 +9.4295e-001 +2.2994e+000 +1.3632e+000 -7.6888e-001
549 0 +1.811155480e-002 -9.999818884e+002 -9.999818884e+002 +1.4556e+000 +6.0164e-001 +2.3376e+000 +3.3670e-001 -1.3308e+000
617 0 +1.742966754e-002 -9.999825703e+002 -9.999825703e+002 +1.8949e+000 +9.6557e-001 +2.2491e+000 +1.3128e+000 -6.8411e-001
629 0 +1.305104996e-002 -9.999869490e+002 -9.999869490e+002 +1.7146e+000 +7.0437e-001 +2.4587e+000 +1.3384e-001 -1.3503e+000
634 0 +4.032159708e-003 -9.999959678e+002 -9.999959678e+002 +1.5725e+000 +7.9500e-001 +2.4070e+000 +1.6720e-001 -1.4571e+000
686 0 +9.029281761e-004 -9.999990971e+002 -9.999990971e+002 +1.4734e+000 +8.2718e-001 +2.4538e+000 +4.5344e-001 -1.3206e+000
761 0 +2.345356485e-004 -9.999997655e+002 -9.999997655e+002 +1.3599e+000 +8.7064e-001 +2.6973e+000 +2.1594e-001 -1.5792e+000
771 0 +6.217593705e-005 -9.999999378e+002 -9.999999378e+002 +1.3689e+000 +7.6386e-001 +2.5729e+000 +8.9382e-002 -1.5621e+000
815 0 +3.363555879e-005 -9.999999664e+002 -9.999999664e+002 +1.4388e+000 +7.7688e-001 +2.6330e+000 +1.4425e-003 -1.6020e+000
854 0 +2.728010816e-005 -9.999999727e+002 -9.999999727e+002 +1.3550e+000 +7.6628e-001 +2.6313e+000 -2.4726e-002 -1.6562e+000
871 0 +9.471040585e-006 -9.999999905e+002 -9.999999905e+002 +1.4419e+000 +7.7788e-001 +2.5729e+000 +8.9382e-002 -1.5364e+000
922 0 +5.882700407e-007 -9.999999994e+002 -9.999999994e+002 +1.3496e+000 +6.9004e-001 +2.6048e+000 -1.4416e-001 -1.6688e+000
962 0 +3.664057431e-007 -9.999999996e+002 -9.999999996e+002 +1.3636e+000 +7.1199e-001 +2.6018e+000 -9.4619e-002 -1.6435e+000
1113 0 +1.397648930e-007 -9.999999999e+002 -9.999999999e+002 +1.3350e+000 +6.9632e-001 +2.6423e+000 -2.0723e-001 -1.7201e+000
1153 0 +1.011949280e-008 -1.000000000e+003 -1.000000000e+003 +1.3457e+000 +7.1539e-001 +2.6290e+000 -1.4295e-001 -1.6869e+000
1321 0 +2.313754521e-009 -1.000000000e+003 -1.000000000e+003 +1.3571e+000 +7.1477e-001 +2.6253e+000 -1.4092e-001 -1.6795e+000
% f evaluations | g evaluations | best noise-free fitness - Fopt (1.000000000000e+003) + sum g_i+ | measured fitness | best measured fitness or single-digit g-values | x1 | x2...
1 0 +6.863533671e+001 +1.068635337e+003 +1.068635337e+003 -8.3583e-001 +4.9077e+000 +6.3595e-001 -2.2452e+000 -4.4314e+000
5 0 +6.455885860e+001 +1.064558859e+003 +1.064558859e+003 +2.0938e+000 +3.0593e+000 -3.6270e+000 +4.1946e+000 -1.1583e+000
6 0 +5.231099680e+001 +1.052310997e+003 +1.052310997e+003 +6.4221e-001 -1.2879e+000 -1.5531e+000 +1.9529e+000 -3.6921e+000
19 0 +3.945038678e+001 +1.039450387e+003 +1.039450387e+003 -2.5414e+000 +1.4623e+000 +4.6690e+000 +2.7513e+000 -1.4301e+000
26 0 +2.216047779e+001 +1.022160478e+003 +1.022160478e+003 -3.5795e+000 +2.0685e-002 -1.5531e+000 -1.6152e+000 -3.9301e+000
45 0 +6.929605430e+000 +1.006929605e+003 +1.006929605e+003 +2.7203e+000 +3.0593e+000 -1.9669e+000 +4.1946e+000 +5.0222e-001
65 0 +6.455715746e+000 +1.006455716e+003 +1.006455716e+003 +2.3054e+000 +3.2295e+000 -9.6027e-001 +3.7914e+000 +4.1288e-001
213 0 +2.398529071e+000 +1.002398529e+003 +1.002398529e+003 -1.6882e-001 -1.8812e-001 -1.0181e+000 +3.9912e+000 -1.1629e+000
414 0 +2.077872576e+000 +1.002077873e+003 +1.002077873e+003 -3.5364e+000 +1.4992e+000 +1.2369e+000 -4.1664e+000 -1.6447e+000
509 0 +1.908526311e+000 +1.001908526e+003 +1.001908526e+003 -3.9071e+000 +1.4525e+000 +1.1900e+000 -3.8769e+000 -2.0890e+000
574 0 +1.777238411e+000 +1.001777238e+003 +1.001777238e+003 -3.5364e+000 +3.1908e-001 +1.1020e+000 -3.7814e+000 -2.0718e+000
823 0 +1.006251890e+000 +1.001006252e+003 +1.001006252e+003 -3.5281e+000 +1.1034e+000 +7.2089e-001 -3.6388e+000 -2.0326e+000
825 0 +7.451467197e-001 +1.000745147e+003 +1.000745147e+003 -3.6396e+000 +7.2468e-001 +7.1681e-001 -3.4323e+000 -2.2494e+000
982 0 +7.387919412e-001 +1.000738792e+003 +1.000738792e+003 -3.5581e+000 +7.4298e-001 +6.7395e-001 -3.3595e+000 -2.1657e+000
1058 0 +7.221015511e-001 +1.000722102e+003 +1.000722102e+003 -3.5359e+000 +7.3105e-001 +7.4175e-001 -3.4728e+000 -2.2455e+000
1219 0 +7.021325637e-001 +1.000702133e+003 +1.000702133e+003 -3.5732e+000 +6.9015e-001 +6.6438e-001 -3.3172e+000 -2.2525e+000
6333 0 +1.136264303e-001 +1.000113626e+003 +1.000113626e+003 -5.7943e-001 -1.1065e+000 -2.2746e+000 +2.7236e+000 -2.3944e+000
6937 0 +3.908411837e-002 +1.000039084e+003 +1.000039084e+003 -7.4158e-001 -1.3502e+000 -2.1308e+000 +2.4767e+000 -2.4799e+000
6987 0 +7.338438901e-003 +1.000007338e+003 +1.000007338e+003 -4.7338e-001 -1.2363e+000 -1.8617e+000 +3.0769e+000 -1.4781e+000
7161 0 +3.573371790e-003 +1.000003573e+003 +1.000003573e+003 -4.7253e-001 -1.2566e+000 -1.7571e+000 +2.8586e+000 -2.3987e+000
7245 0 +6.573112501e-006 +1.000000007e+003 +1.000000007e+003 -7.1066e-001 -1.3665e+000 -2.0481e+000 +2.6891e+000 -2.1420e+000
7449 0 +1.311075948e-006 +1.000000001e+003 +1.000000001e+003 -7.2410e-001 -1.4006e+000 -2.0627e+000 +2.5971e+000 -2.4106e+000
7594 0 +1.854435823e-007 +1.000000000e+003 +1.000000000e+003 -7.0339e-001 -1.3767e+000 -2.0522e+000 +2.6574e+000 -2.2513e+000
7704 0 +1.225764663e-007 +1.000000000e+003 +1.000000000e+003 -7.1552e-001 -1.3849e+000 -2.0626e+000 +2.6302e+000 -2.3090e+000
7874 0 +1.063017407e-008 +1.000000000e+003 +1.000000000e+003 -7.1362e-001 -1.3964e+000 -2.0570e+000 +2.6196e+000 -2.3270e+000
7988 0 +2.967226465e-011 +1.000000000e+003 +1.000000000e+003 -7.1519e-001 -1.4045e+000 -2.0547e+000 +2.6156e+000 -2.3291e+000
% f evaluations | g evaluations | best noise-free fitness - Fopt (-4.913000000000e+001) + sum g_i+ | measured fitness | best measured fitness or single-digit g-values | x1 | x2...
1 0 +8.171302681e+001 +3.258302681e+001 +3.258302681e+001 +2.6493e+000 +2.2790e+000 -1.6927e+000 +5.1886e-001 -4.2959e+000
4 0 +6.626941901e+001 +1.713941901e+001 +1.713941901e+001 -1.5572e+000 +4.0898e+000 +1.6072e+000 -8.9000e-001 +4.1670e+000
18 0 +6.353485124e+001 +1.440485124e+001 +1.440485124e+001 +2.4528e+000 +2.0330e+000 +3.8885e+000 +6.6922e-001 -6.7250e-001
25 0 +4.773033241e+001 -1.399667589e+000 -1.399667589e+000 +1.3913e+000 +3.3833e-001 +2.0638e+000 +2.2082e+000 +4.4208e-001
45 0 +6.254407233e+000 -4.287559277e+001 -4.287559277e+001 -5.2529e-001 +1.4458e+000 -2.8870e+000 +1.9995e+000 +2.4201e+000
85 0 +3.869521270e+000 -4.526047873e+001 -4.526047873e+001 -7.0931e-001 +1.2960e+000 -2.5146e+000 +1.3534e+000 +1.9448e+000
105 0 +3.649965502e+000 -4.548003450e+001 -4.548003450e+001 -6.9197e-001 +1.3178e+000 -2.4889e+000 +1.3746e+000 +1.9435e+000
131 0 +2.353827520e+000 -4.677617248e+001 -4.677617248e+001 -1.3016e+000 +1.5768e+000 -1.2355e+000 +1.9193e+000 +1.1724e+000
284 0 +2.277610300e+000 -4.685238970e+001 -4.685238970e+001 -1.4340e+000 +1.6824e+000 -1.6078e+000 +1.6784e+000 +1.1246e+000
304 0 +2.218035831e+000 -4.691196417e+001 -4.691196417e+001 -1.5276e+000 +1.6717e+000 -1.5766e+000 +1.8608e+000 +1.1335e+000
308 0 +2.166401043e+000 -4.696359896e+001 -4.696359896e+001 -1.5790e+000 +1.6415e+000 -1.6320e+000 +2.4085e+000 +1.1987e+000
314 0 +2.057372789e+000 -4.707262721e+001 -4.707262721e+001 -1.3641e+000 +1.6641e+000 -2.3222e+000 +2.0530e+000 +1.5671e+000
333 0 +1.992591445e+000 -4.713740856e+001 -4.713740856e+001 -1.2442e+000 +1.7176e+000 -2.4628e+000 +1.6333e+000 +1.7131e+000
2742 0 +4.283732958e-001 -4.870162670e+001 -4.870162670e+001 +3.7726e+000 +4.0215e+000 +3.5640e+000 -5.3267e-001 +7.3992e-001
2945 0 +3.174173563e-001 -4.881258264e+001 -4.881258264e+001 +3.8014e+000 +3.7418e+000 +3.3614e+000 -4.6707e-001 +6.9449e-001
2950 0 +2.004473757e-001 -4.892955262e+001 -4.892955262e+001 +4.3549e+000 +3.7302e+000 +3.3949e+000 -7.5972e-001 +9.7355e-001
2955 0 +1.459517545e-002 -4.911540482e+001 -4.911540482e+001 +4.0530e+000 +3.7498e+000 +3.4760e+000 -4.0296e-001 +8.8379e-001
2978 0 +1.351588416e-002 -4.911648412e+001 -4.911648412e+001 +4.1108e+000 +3.3793e+000 +3.6528e+000 +1.6172e-001 +9.3083e-001
2979 0 +7.924026881e-003 -4.912207597e+001 -4.912207597e+001 +4.0239e+000 +3.3307e+000 +3.3805e+000 -1.7167e-001 +9.8003e-001
3031 0 +3.754186738e-003 -4.912624581e+001 -4.912624581e+001 +3.9971e+000 +3.4144e+000 +3.8037e+000 +1.7776e-001 +8.3038e-001
3122 0 +1.366856401e-003 -4.912863314e+001 -4.912863314e+001 +3.9269e+000 +3.3236e+000 +3.5020e+000 -1.6531e-001 +9.0990e-001
3140 0 +8.875767460e-004 -4.912911242e+001 -4.912911242e+001 +4.0178e+000 +3.2244e+000 +3.5476e+000 +1.4428e-002 +9.7458e-001
3187 0 +7.352005592e-004 -4.912926480e+001 -4.912926480e+001 +3.9761e+000 +3.1190e+000 +3.3263e+000 -2.6708e-001 +1.0188e+000
3215 0 +2.176502540e-004 -4.912978235e+001 -4.912978235e+001 +3.7888e+000 +2.6727e+000 +3.2518e+000 -2.0014e-001 +9.8568e-001
3220 0 +8.964646467e-005 -4.912991035e+001 -4.912991035e+001 +3.8396e+000 +2.8304e+000 +3.4805e+000 +7.0268e-002 +9.3698e-001
3268 0 +2.376969110e-005 -4.912997623e+001 -4.912997623e+001 +3.8409e+000 +2.8424e+000 +3.4288e+000 +1.1528e-003 +9.5101e-001
3292 0 +2.291889435e-005 -4.912997708e+001 -4.912997708e+001 +3.7444e+000 +2.6108e+000 +3.3403e+000 -3.2228e-003 +9.5423e-001
3383 0 +5.008064790e-007 -4.912999950e+001 -4.912999950e+001 +3.7745e+000 +2.7121e+000 +3.3634e+000 +9.4889e-003 +9.4284e-001
3566 0 +1.745412206e-007 -4.912999983e+001 -4.912999983e+001 +3.7652e+000 +2.6666e+000 +3.3519e+000 +2.3294e-002 +9.4821e-001
3596 0 +9.345436069e-008 -4.912999991e+001 -4.912999991e+001 +3.7846e+000 +2.7085e+000 +3.3418e+000 -2.5912e-002 +9.5709e-001
3610 0 +8.167589982e-008 -4.912999992e+001 -4.912999992e+001 +3.7816e+000 +2.6710e+000 +3.3384e+000 +1.1817e-003 +9.6138e-001
3659 0 +7.916403177e-008 -4.912999992e+001 -4.912999992e+001 +3.7824e+000 +2.6559e+000 +3.3260e+000 -1.4693e-002 +9.6807e-001
3671 0 +2.367568896e-008 -4.912999998e+001 -4.912999998e+001 +3.7718e+000 +2.6566e+000 +3.3396e+000 +6.9752e-003 +9.6038e-001
3708 0 +1.532572469e-008 -4.912999998e+001 -4.912999998e+001 +3.7657e+000 +2.6468e+000 +3.3275e+000 -1.0349e-003 +9.5833e-001
3713 0 +1.337836153e-008 -4.912999999e+001 -4.912999999e+001 +3.7709e+000 +2.6564e+000 +3.3409e+000 +9.1694e-003 +9.5767e-001
3719 0 +1.190727517e-008 -4.912999999e+001 -4.912999999e+001 +3.7749e+000 +2.6607e+000 +3.3339e+000 -7.6795e-003 +9.6255e-001
3727 0 +5.788045598e-009 -4.912999999e+001 -4.912999999e+001 +3.7607e+000 +2.6497e+000 +3.3208e+000 -9.5072e-003 +9.5839e-001
% f evaluations | g evaluations | best noise-free fitness - Fopt (2.977300000000e+002) + sum g_i+ | measured fitness | best measured fitness or single-digit g-values | x1 | x2...
1 0 +6.367717679e+001 +3.614071768e+002 +3.614071768e+002 -1.8700e-001 -9.4961e-001 +4.9845e+000 +9.3257e-001 -1.4657e+000
11 0 +3.248644357e+001 +3.302164436e+002 +3.302164436e+002 -1.0633e+000 -2.0706e+000 +1.3116e+000 -1.9996e+000 +2.2477e+000
26 0 +2.788394187e+001 +3.256139419e+002 +3.256139419e+002 -2.9049e-001 +2.2607e+000 +4.9432e+000 -2.4183e+000 +1.7170e+000
44 0 +2.151002501e+001 +3.192400250e+002 +3.192400250e+002 +6.1113e-001 -9.0924e-001 +1.5321e+000 -4.7942e-001 -8.9522e-002
52 0 +1.958396477e+001 +3.173139648e+002 +3.173139648e+002 +1.1742e+000 -1.8110e+000 -1.5464e-001 -4.9892e-001 +2.9820e-001
72 0 +1.096440510e+001 +3.086944051e+002 +3.086944051e+002 -7.1840e-003 -1.8110e+000 +1.1009e+000 -1.5618e+000 +8.4284e-001
112 0 +9.441110021e+000 +3.071711100e+002 +3.071711100e+002 -7.1840e-003 -2.4155e+000 +1.2017e+000 -1.2325e+000 +5.2327e-001
244 0 +8.161793486e+000 +3.058917935e+002 +3.058917935e+002 -2.4861e-001 -2.3698e+000 +1.3080e+000 -2.4600e-001 +4.2225e-001
276 0 +7.797676003e+000 +3.055276760e+002 +3.055276760e+002 -6.9352e-001 -2.0055e+000 +1.2200e+000 -1.9788e-001 +8.3729e-001
303 0 +7.362170924e+000 +3.050921709e+002 +3.050921709e+002 -3.6639e-001 -1.9292e+000 +1.0352e+000 -6.8084e-001 +7.3487e-001
2910 0 +1.195389843e+000 +2.989253898e+002 +2.989253898e+002 +9.9120e-001 +3.3957e+000 +3.4767e+000 -3.2859e+000 +1.8125e-001
3004 0 +1.105048569e+000 +2.988350486e+002 +2.988350486e+002 +9.9505e-001 +3.5053e+000 +3.5591e+000 -2.9502e+000 +4.2919e-001
3192 0 +7.312484110e-001 +2.984612484e+002 +2.984612484e+002 +1.0604e+000 +3.5042e+000 +3.7103e+000 -3.2507e+000 +4.3930e-001
3320 0 +7.015540208e-001 +2.984315540e+002 +2.984315540e+002 +1.1601e+000 +3.3939e+000 +3.7084e+000 -3.2431e+000 +4.3066e-001
10407 0 +4.842821934e-001 +2.982142822e+002 +2.982142822e+002 -2.0058e+000 +9.1952e-001 +3.5862e+000 +1.9519e+000 +6.8641e-001
10728 0 +8.948274472e-002 +2.978194827e+002 +2.978194827e+002 -3.4265e+000 +7.1430e-001 +3.9703e+000 +2.0428e+000 +1.1274e+000
10978 0 +1.763452027e-002 +2.977476345e+002 +2.977476345e+002 -2.1540e+000 +9.1794e-001 +3.4902e+000 +2.3772e+000 +7.5355e-001
11396 0 +8.978503886e-004 +2.977308979e+002 +2.977308979e+002 -3.4967e+000 +7.6065e-001 +3.7736e+000 +2.3771e+000 +9.2021e-001
11451 0 +3.120019372e-004 +2.977303120e+002 +2.977303120e+002 -3.7765e+000 +7.8471e-001 +3.9215e+000 +2.2952e+000 +9.5222e-001
11636 0 +1.344843865e-004 +2.977301345e+002 +2.977301345e+002 -3.3417e+000 +6.7922e-001 +3.7352e+000 +2.3738e+000 +1.0845e+000
11846 0 +8.108454170e-005 +2.977300811e+002 +2.977300811e+002 -3.3818e+000 +7.2799e-001 +3.7722e+000 +2.3519e+000 +1.0276e+000
11913 0 +5.704258172e-005 +2.977300570e+002 +2.977300570e+002 -3.6758e+000 +7.5469e-001 +3.8649e+000 +2.3181e+000 +9.8229e-001
12004 0 +7.494948818e-006 +2.977300075e+002 +2.977300075e+002 -3.7209e+000 +5.9449e-001 +3.8163e+000 +2.3942e+000 +1.1905e+000
12053 0 +3.344462129e-008 +2.977300000e+002 +2.977300000e+002 -3.7857e+000 +6.4743e-001 +3.8408e+000 +2.3687e+000 +1.1276e+000
12191 0 +2.496045681e-008 +2.977300000e+002 +2.977300000e+002 -3.8117e+000 +6.5799e-001 +3.8581e+000 +2.3540e+000 +1.1174e+000
12271 0 +3.209095212e-009 +2.977300000e+002 +2.977300000e+002 -3.7704e+000 +6.6843e-001 +3.8426e+000 +2.3530e+000 +1.0981e+000
% f evaluations | g evaluations | best noise-free fitness - Fopt (5.157000000000e+001) + sum g_i+ | measured fitness | best measured fitness or single-digit g-values | x1 | x2...
1 0 +8.604000782e+001 +1.376100078e+002 +1.376100078e+002 +3.3150e+000 +9.0948e-001 +8.0011e-001 +4.5804e+000 +1.5932e+000
2 0 +8.412115117e+001 +1.356911512e+002 +1.356911512e+002 +4.9944e+000 -3.0219e+000 +3.7086e+000 +1.7055e+000 +1.3940e+000
3 0 +7.483837067e+001 +1.264083707e+002 +1.264083707e+002 +3.5282e+000 +2.8379e+000 -1.2279e+000 -8.7094e-001 +1.5122e+000
6 0 +5.973351980e+001 +1.113035198e+002 +1.113035198e+002 +2.1811e+000 -3.1363e+000 -3.8943e+000 -1.0082e+000 +3.8567e+000
12 0 +5.469378590e+001 +1.062637859e+002 +1.062637859e+002 +5.0000e+000 -5.8523e-001 -3.0842e+000 -1.1198e-001 +5.0000e+000
14 0 +4.422141611e+001 +9.579141611e+001 +9.579141611e+001 +2.5448e+000 -7.9244e-002 -4.0523e+000 -5.5774e-002 +3.4322e+000
31 0 +4.180475417e+001 +9.337475417e+001 +9.337475417e+001 -5.1804e-001 -6.4039e-001 -1.6349e+000 -2.2326e+000 +5.0000e+000
33 0 +3.938877009e+001 +9.095877009e+001 +9.095877009e+001 +2.8235e+000 -1.2017e+000 -4.1896e+000 +1.0213e-002 +3.0619e+000
40 0 +3.353066698e+001 +8.510066698e+001 +8.510066698e+001 -5.6581e-001 -2.2800e+000 -5.4975e-001 -3.3230e+000 -1.5286e+000
51 0 +9.924467461e+000 +6.149446746e+001 +6.149446746e+001 -3.2432e+000 -2.2825e+000 -1.2998e+000 -3.3246e+000 +2.7805e+000
71 0 +8.186662823e+000 +5.975666282e+001 +5.975666282e+001 -3.2432e+000 -2.7687e+000 -9.2066e-001 -3.2819e+000 +2.7805e+000
72 0 +5.431176720e-001 +5.211311767e+001 +5.211311767e+001 +1.1386e+000 +9.4630e-001 -1.8407e+000 -2.8798e+000 +1.2662e+000
143 0 +2.584710516e-001 +5.182847105e+001 +5.182847105e+001 +2.4490e+000 +2.2102e-001 -2.6244e+000 -2.3876e+000 +1.3960e+000
375 0 +5.638504703e-002 +5.162638505e+001 +5.162638505e+001 +1.8239e+000 +7.9937e-001 -2.0465e+000 -2.4436e+000 +1.3842e+000
455 0 +5.816112267e-003 +5.157581611e+001 +5.157581611e+001 +1.9443e+000 +1.2539e+000 -2.1646e+000 -1.9946e+000 +1.2810e+000
484 0 +3.048507094e-003 +5.157304851e+001 +5.157304851e+001 +2.0038e+000 +1.1596e+000 -2.3000e+000 -2.0369e+000 +1.3577e+000
544 0 +2.539446133e-003 +5.157253945e+001 +5.157253945e+001 +2.0038e+000 +1.1596e+000 -2.1778e+000 -1.9471e+000 +1.2931e+000
582 0 +1.820237539e-003 +5.157182024e+001 +5.157182024e+001 +2.0066e+000 +1.5451e+000 -2.3651e+000 -1.7314e+000 +1.2339e+000
604 0 +8.948941071e-004 +5.157089489e+001 +5.157089489e+001 +2.0641e+000 +1.1703e+000 -2.1486e+000 -1.7970e+000 +1.3121e+000
664 0 +8.377869275e-004 +5.157083779e+001 +5.157083779e+001 +2.1848e+000 +1.8874e+000 -2.4993e+000 -1.3842e+000 +1.1109e+000
668 0 +4.642204917e-004 +5.157046422e+001 +5.157046422e+001 +2.1663e+000 +1.6224e+000 -2.4618e+000 -1.6070e+000 +1.2063e+000
691 0 +2.606630099e-004 +5.157026066e+001 +5.157026066e+001 +2.0393e+000 +1.7203e+000 -2.3389e+000 -1.5774e+000 +1.1691e+000
706 0 +1.754505797e-004 +5.157017545e+001 +5.157017545e+001 +2.1300e+000 +1.5452e+000 -2.3763e+000 -1.6642e+000 +1.2633e+000
730 0 +1.329443942e-004 +5.157013294e+001 +5.157013294e+001 +2.0571e+000 +1.2874e+000 -2.2724e+000 -1.8783e+000 +1.3163e+000
734 0 +5.168485568e-005 +5.157005168e+001 +5.157005168e+001 +2.0714e+000 +1.4090e+000 -2.3016e+000 -1.7875e+000 +1.3010e+000
765 0 +3.204759567e-005 +5.157003205e+001 +5.157003205e+001 +2.0359e+000 +1.4197e+000 -2.2503e+000 -1.7900e+000 +1.3211e+000
779 0 +2.168793627e-005 +5.157002169e+001 +5.157002169e+001 +2.1292e+000 +1.4474e+000 -2.2770e+000 -1.6576e+000 +1.2900e+000
781 0 +1.643341734e-005 +5.157001643e+001 +5.157001643e+001 +2.0931e+000 +1.3613e+000 -2.2885e+000 -1.7810e+000 +1.3101e+000
814 0 +8.169148408e-006 +5.157000817e+001 +5.157000817e+001 +2.0514e+000 +1.4422e+000 -2.2700e+000 -1.7626e+000 +1.2945e+000
829 0 +5.487925698e-006 +5.157000549e+001 +5.157000549e+001 +2.0356e+000 +1.3101e+000 -2.1937e+000 -1.8379e+000 +1.3455e+000
863 0 +1.990338838e-006 +5.157000199e+001 +5.157000199e+001 +2.0602e+000 +1.2821e+000 -2.2161e+000 -1.8366e+000 +1.3464e+000
882 0 +1.323958266e-006 +5.157000132e+001 +5.157000132e+001 +2.0484e+000 +1.3962e+000 -2.2309e+000 -1.7706e+000 +1.3092e+000
897 0 +1.027273967e-006 +5.157000103e+001 +5.157000103e+001 +2.0732e+000 +1.2813e+000 -2.2351e+000 -1.8231e+000 +1.3287e+000
929 0 +8.777979659e-007 +5.157000088e+001 +5.157000088e+001 +2.1071e+000 +1.2518e+000 -2.2264e+000 -1.8020e+000 +1.3448e+000
934 0 +2.103102048e-008 +5.157000002e+001 +5.157000002e+001 +2.0874e+000 +1.3125e+000 -2.2349e+000 -1.7758e+000 +1.3204e+000
1012 0 +1.199275346e-008 +5.157000001e+001 +5.157000001e+001 +2.0847e+000 +1.2828e+000 -2.2139e+000 -1.7889e+000 +1.3347e+000
1045 0 +8.472767377e-009 +5.157000001e+001 +5.157000001e+001 +2.0844e+000 +1.3004e+000 -2.2223e+000 -1.7813e+000 +1.3278e+000
% f evaluations | g evaluations | best noise-free fitness - Fopt (1.527100000000e+002) + sum g_i+ | measured fitness | best measured fitness or single-digit g-values | x1 | x2...
1 0 +8.167587854e+001 +2.343858785e+002 +2.343858785e+002 -1.5358e+000 +1.6455e+000 -9.4274e-001 +2.1295e+000 -1.3768e+000
2 0 +6.907191862e+001 +2.217819186e+002 +2.217819186e+002 +2.9926e+000 -1.8319e+000 -1.6829e-001 +2.8884e+000 -4.0577e-001
8 0 +6.425396241e+001 +2.169639624e+002 +2.169639624e+002 -4.0714e-001 -1.5451e+000 -2.3365e-001 +1.6529e+000 -2.2516e+000
17 0 +5.377356343e+001 +2.064835634e+002 +2.064835634e+002 +7.8242e-001 +6.6878e-001 -2.6948e+000 +4.2903e+000 -5.4838e-001
31 0 +2.238826218e+001 +1.750982622e+002 +1.750982622e+002 +1.2826e+000 -1.6433e+000 -5.2734e-002 +2.9049e+000 -2.4321e+000
108 0 +2.091200559e+001 +1.736220056e+002 +1.736220056e+002 +1.2966e+000 -1.0784e+000 -1.2012e+000 +3.5883e+000 -3.5910e+000
131 0 +2.031389146e+001 +1.730238915e+002 +1.730238915e+002 +1.2826e+000 -1.4012e+000 -9.5485e-001 +2.6654e+000 -2.7638e+000
146 0 +8.299604288e+000 +1.610096043e+002 +1.610096043e+002 +1.0747e+000 -2.5995e+000 -6.5115e-001 +2.6910e+000 -4.4361e+000
169 0 +8.114422527e+000 +1.608244225e+002 +1.608244225e+002 +1.2075e+000 -3.2070e+000 -1.3291e+000 +2.5510e+000 -4.3819e+000
248 0 +7.311408632e+000 +1.600214086e+002 +1.600214086e+002 +1.2981e+000 -3.1676e+000 -1.0485e+000 +2.7496e+000 -4.0459e+000
271 0 +6.762178516e+000 +1.594721785e+002 +1.594721785e+002 +1.4513e+000 -3.5523e+000 -1.1982e+000 +2.6198e+000 -4.1867e+000
287 0 +6.625409547e+000 +1.593354095e+002 +1.593354095e+002 +1.6008e+000 -3.2922e+000 -1.5270e+000 +2.6496e+000 -3.5302e+000
384 0 +5.693536949e+000 +1.584035369e+002 +1.584035369e+002 +1.4298e+000 -3.1032e+000 -1.6318e+000 +3.1100e+000 -4.1140e+000
408 0 +4.980868230e+000 +1.576908682e+002 +1.576908682e+002 +1.5638e+000 -3.0847e+000 -1.6668e+000 +3.2309e+000 -3.7430e+000
410 0 +4.725968638e+000 +1.574359686e+002 +1.574359686e+002 +1.7189e+000 -3.5796e+000 -1.8678e+000 +3.1162e+000 -3.5958e+000
420 0 +4.252278689e+000 +1.569622787e+002 +1.569622787e+002 +1.4175e+000 -3.2411e+000 -1.6951e+000 +3.0971e+000 -3.4628e+000
423 0 +3.784016121e+000 +1.564940161e+002 +1.564940161e+002 +1.5463e+000 -3.5149e+000 -1.9533e+000 +3.4694e+000 -3.5429e+000
424 0 +2.621037189e+000 +1.553310372e+002 +1.553310372e+002 +1.4298e+000 -3.3795e+000 -2.1897e+000 +3.4419e+000 -3.4781e+000
448 0 +2.491676282e+000 +1.552016763e+002 +1.552016763e+002 +1.5035e+000 -3.3143e+000 -2.3618e+000 +3.7418e+000 -3.6169e+000
466 0 +2.391913304e+000 +1.551019133e+002 +1.551019133e+002 +1.5884e+000 -3.3940e+000 -2.4676e+000 +3.5736e+000 -3.2241e+000
474 0 +2.184669678e+000 +1.548946697e+002 +1.548946697e+002 +1.4679e+000 -3.3802e+000 -2.6676e+000 +3.7631e+000 -3.3499e+000
495 0 +2.113894755e+000 +1.548238948e+002 +1.548238948e+002 +1.5116e+000 -3.7113e+000 -3.4359e+000 +3.8917e+000 -3.7596e+000
509 0 +2.053242121e+000 +1.547632421e+002 +1.547632421e+002 +1.5324e+000 -3.5383e+000 -3.3101e+000 +3.7448e+000 -3.6221e+000
513 0 +1.999301691e+000 +1.547093017e+002 +1.547093017e+002 +1.5321e+000 -3.3304e+000 -3.3236e+000 +3.9046e+000 -3.3512e+000
570 0 +1.993857895e+000 +1.547038579e+002 +1.547038579e+002 +1.5020e+000 -3.2116e+000 -3.5218e+000 +4.0622e+000 -3.1610e+000
2903 0 +1.918036519e+000 +1.546280365e+002 +1.546280365e+002 +1.0974e+000 -1.8132e+000 +1.8672e+000 +3.1789e+000 +2.4980e-003
2937 0 +7.506643319e-001 +1.534606643e+002 +1.534606643e+002 -3.2173e+000 -1.5504e+000 +2.6686e+000 +4.0284e+000 +2.6893e-002
2944 0 +1.643888463e-001 +1.528743888e+002 +1.528743888e+002 -3.1752e+000 -2.3447e+000 +2.3173e+000 +3.5072e+000 +6.6664e-001
2983 0 +1.462788841e-001 +1.528562789e+002 +1.528562789e+002 -1.9386e+000 -2.0452e+000 +2.1254e+000 +3.4585e+000 +2.6179e-001
3006 0 +1.401372860e-001 +1.528501373e+002 +1.528501373e+002 -2.1813e+000 -2.0771e+000 +2.1493e+000 +3.4995e+000 +2.7057e-001
3060 0 +4.516360239e-002 +1.527551636e+002 +1.527551636e+002 -4.0832e+000 -1.6317e+000 +2.7221e+000 +3.6344e+000 +6.8933e-001
3066 0 +3.852360064e-002 +1.527485236e+002 +1.527485236e+002 -2.6594e+000 -1.6891e+000 +2.5131e+000 +3.5326e+000 +5.4689e-001
3076 0 +2.053592932e-002 +1.527305359e+002 +1.527305359e+002 -2.7372e+000 -1.9712e+000 +2.4331e+000 +3.4299e+000 +6.2368e-001
3100 0 +5.993088867e-003 +1.527159931e+002 +1.527159931e+002 -3.0186e+000 -1.6561e+000 +2.5705e+000 +3.4348e+000 +5.5948e-001
3115 0 +4.945897235e-003 +1.527149459e+002 +1.527149459e+002 -3.7757e+000 -1.7742e+000 +2.5422e+000 +3.7036e+000 +3.6704e-001
3189 0 +3.291398093e-003 +1.527132914e+002 +1.527132914e+002 -3.0498e+000 -1.4235e+000 +2.6174e+000 +3.5702e+000 +2.7715e-001
3194 0 +7.792230405e-004 +1.527107792e+002 +1.527107792e+002 -3.5741e+000 -1.6155e+000 +2.5836e+000 +3.6104e+000 +3.7114e-001
3215 0 +1.370946175e-004 +1.527101371e+002 +1.527101371e+002 -3.4056e+000 -1.5071e+000 +2.5067e+000 +3.6698e+000 +5.7637e-002
3232 0 +1.002053158e-004 +1.527101002e+002 +1.527101002e+002 -3.2615e+000 -1.6804e+000 +2.4402e+000 +3.5864e+000 +2.0298e-001
3245 0 +2.491915669e-005 +1.527100249e+002 +1.527100249e+002 -2.9951e+000 -1.5254e+000 +2.5185e+000 +3.5941e+000 +1.8445e-001
3327 0 +1.826450045e-005 +1.527100183e+002 +1.527100183e+002 -3.3211e+000 -1.5871e+000 +2.4922e+000 +3.6016e+000 +1.9808e-001
3376 0 +1.506569538e-005 +1.527100151e+002 +1.527100151e+002 -3.1101e+000 -1.4872e+000 +2.5080e+000 +3.6317e+000 +6.9394e-002
3378 0 +6.141590063e-006 +1.527100061e+002 +1.527100061e+002 -3.2646e+000 -1.5732e+000 +2.5038e+000 +3.6032e+000 +1.9304e-001
3404 0 +3.826204136e-006 +1.527100038e+002 +1.527100038e+002 -3.1655e+000 -1.5641e+000 +2.4831e+000 +3.6278e+000 +1.3041e-001
3428 0 +1.581721989e-006 +1.527100016e+002 +1.527100016e+002 -3.2194e+000 -1.6116e+000 +2.4831e+000 +3.5924e+000 +2.0975e-001
3477 0 +1.633323734e-007 +1.527100002e+002 +1.527100002e+002 -3.0677e+000 -1.5641e+000 +2.4838e+000 +3.5882e+000 +1.7762e-001
3547 0 +1.162398178e-007 +1.527100001e+002 +1.527100001e+002 -3.0809e+000 -1.5759e+000 +2.4812e+000 +3.5990e+000 +1.6968e-001
3578 0 +5.587881446e-008 +1.527100001e+002 +1.527100001e+002 -3.0724e+000 -1.5706e+000 +2.4799e+000 +3.5910e+000 +1.7422e-001
3626 0 +4.945127330e-008 +1.527100000e+002 +1.527100000e+002 -3.0556e+000 -1.5704e+000 +2.4784e+000 +3.5927e+000 +1.6839e-001
3688 0 +2.279307409e-008 +1.527100000e+002 +1.527100000e+002 -3.0558e+000 -1.5532e+000 +2.4850e+000 +3.6012e+000 +1.5087e-001
3725 0 +5.192561048e-009 +1.527100000e+002 +1.527100000e+002 -3.0872e+000 -1.5602e+000 +2.4837e+000 +3.6011e+000 +1.5615e-001
% f evaluations | g evaluations | best noise-free fitness - Fopt (9.980000000000e+001) + sum g_i+ | measured fitness | best measured fitness or single-digit g-values | x1 | x2...
1 0 +8.110053754e+001 +1.809005375e+002 +1.809005375e+002 -2.5135e+000 -2.4623e+000 +2.9949e-001 +2.8134e+000 -3.3246e+000
2 0 +4.895595307e+001 +1.487559531e+002 +1.487559531e+002 +1.4105e+000 +4.9624e+000 +1.4184e+000 -3.7689e-001 -2.5956e+000
6 0 +2.127174442e+001 +1.210717444e+002 +1.210717444e+002 +4.0087e-001 +1.9574e+000 +6.8148e-001 -5.4094e-001 -3.7851e+000
40 0 +1.324901812e+001 +1.130490181e+002 +1.130490181e+002 -2.9780e+000 +2.1999e+000 +3.7691e+000 +1.6409e+000 +2.5103e-001
60 0 +1.546956870e+000 +1.013469569e+002 +1.013469569e+002 -2.6008e+000 +2.0652e+000 +4.4609e+000 +1.6409e+000 +2.5103e-001
90 0 +3.016091543e-001 +1.001016092e+002 +1.001016092e+002 -2.9302e+000 -1.9933e+000 +1.1968e+000 +2.6842e+000 +5.1550e-001
179 0 +2.539370764e-002 +9.982539371e+001 +9.982539371e+001 -2.7655e+000 +3.5972e-002 +2.8288e+000 +2.1626e+000 +3.8327e-001
405 0 +2.495599941e-002 +9.982495600e+001 +9.982495600e+001 -2.7623e+000 +3.2646e-002 +2.8212e+000 +2.1648e+000 +3.8213e-001
438 0 +1.502459710e-002 +9.981502460e+001 +9.981502460e+001 -1.6968e+000 +5.1089e-001 +2.2392e+000 +2.5859e+000 +3.2569e-001
500 0 +4.070989232e-003 +9.980407099e+001 +9.980407099e+001 -2.1235e+000 +3.7598e-001 +2.5393e+000 +2.4039e+000 +3.5035e-001
540 0 +3.282537153e-003 +9.980328254e+001 +9.980328254e+001 -1.9663e+000 +6.6744e-001 +2.5174e+000 +2.3228e+000 +3.6240e-001
597 0 +6.566465582e-004 +9.980065665e+001 +9.980065665e+001 -1.9794e+000 +5.1882e-001 +2.4398e+000 +2.3374e+000 +3.8041e-001
633 0 +4.907958939e-005 +9.980004908e+001 +9.980004908e+001 -2.0429e+000 +2.1269e-001 +2.2227e+000 +2.3539e+000 +3.9339e-001
806 0 +8.160476412e-006 +9.980000816e+001 +9.980000816e+001 -2.0800e+000 +1.6478e-001 +2.2289e+000 +2.3246e+000 +4.0334e-001
847 0 +7.827320431e-006 +9.980000783e+001 +9.980000783e+001 -2.3348e+000 -1.9922e-001 +2.0716e+000 +2.2382e+000 +4.2530e-001
890 0 +1.734978468e-006 +9.980000173e+001 +9.980000173e+001 -2.1949e+000 +9.4388e-003 +2.1810e+000 +2.2932e+000 +4.0928e-001
893 0 +1.074493184e-006 +9.980000107e+001 +9.980000107e+001 -2.2677e+000 -8.6326e-002 +2.1300e+000 +2.2710e+000 +4.1773e-001
899 0 +1.702955217e-007 +9.980000017e+001 +9.980000017e+001 -2.1919e+000 -1.2215e-002 +2.1758e+000 +2.3105e+000 +4.2057e-001
939 0 +1.446762923e-007 +9.980000014e+001 +9.980000014e+001 -2.2358e+000 -2.2383e-002 +2.2052e+000 +2.2898e+000 +4.1701e-001
1039 0 +8.921477956e-008 +9.980000009e+001 +9.980000009e+001 -2.2179e+000 +4.9698e-003 +2.2007e+000 +2.2976e+000 +4.1370e-001
1090 0 +3.245122571e-008 +9.980000003e+001 +9.980000003e+001 -2.2480e+000 -4.6490e-002 +2.1907e+000 +2.2942e+000 +4.1887e-001
1117 0 +7.748610642e-010 +9.980000000e+001 +9.980000000e+001 -2.2357e+000 -4.4867e-002 +2.1747e+000 +2.2968e+000 +4.1806e-001
% f evaluations | g evaluations | best noise-free fitness - Fopt (-1.194100000000e+002) + sum g_i+ | measured fitness | best measured fitness or single-digit g-values | x1 | x2...
1 0 +6.898490956e+001 -5.042509044e+001 -5.042509044e+001 +5.2474e-001 +3.0533e+000 -1.5237e+000 +1.9936e-001 +1.8758e-001
9 0 +6.463861670e+001 -5.477138330e+001 -5.477138330e+001 -6.3680e-002 -1.7301e+000 +1.0967e-001 +1.0573e+000 +3.8476e+000
11 0 +6.213748623e+001 -5.727251377e+001 -5.727251377e+001 -3.3976e+000 +1.3717e+000 -3.1032e+000 -4.9292e-001 +1.8552e+000
14 0 +5.796294531e+001 -6.144705469e+001 -6.144705469e+001 +2.8881e+000 +4.5739e+000 +2.9277e+000 +4.7796e+000 -2.4345e-001
38 0 +5.224069971e+001 -6.716930029e+001 -6.716930029e+001 +1.4989e+000 -1.2085e+000 +1.1551e+000 -2.2630e+000 +4.0036e+000
45 0 +8.802895812e+000 -1.106071042e+002 -1.106071042e+002 -2.7864e+000 +3.3221e+000 +2.7242e+000 +1.5668e+000 +2.3222e+000
194 0 +8.219397352e+000 -1.111906026e+002 -1.111906026e+002 +1.3753e+000 +4.3357e+000 +2.8184e+000 +4.4569e+000 -7.3122e-001
223 0 +7.174408201e+000 -1.122355918e+002 -1.122355918e+002 -2.5811e+000 +2.8358e+000 +1.2616e+000 +2.5661e+000 +1.7056e+000
291 0 +2.466028490e+000 -1.169439715e+002 -1.169439715e+002 -2.0302e+000 +2.7963e+000 +2.5171e+000 +2.6255e+000 +2.0749e+000
482 0 +1.968550474e+000 -1.174414495e+002 -1.174414495e+002 -2.9655e+000 +2.3487e+000 +2.4736e+000 +1.3754e+000 -1.2293e-001
483 0 +1.681174445e+000 -1.177288256e+002 -1.177288256e+002 -2.3473e+000 +2.6061e+000 +2.2131e+000 +1.5718e+000 +4.7122e-001
522 0 +3.609294426e-001 -1.190490706e+002 -1.190490706e+002 -1.5994e+000 +8.9364e-001 +2.4786e+000 +2.8887e+000 -1.2468e+000
562 0 +1.259011530e-001 -1.192840988e+002 -1.192840988e+002 -1.6465e+000 +1.4515e+000 +2.7580e+000 +2.8514e+000 -9.0464e-002
687 0 +1.084230036e-001 -1.193015770e+002 -1.193015770e+002 -1.7548e+000 +8.9238e-001 +2.2951e+000 +3.0899e+000 -1.0034e+000
692 0 +3.840498232e-002 -1.193715950e+002 -1.193715950e+002 -1.2611e+000 +3.1495e-001 +3.1234e+000 +3.7774e+000 -1.2457e+000
704 0 +2.637110933e-002 -1.193836289e+002 -1.193836289e+002 -7.1252e-001 -1.8929e-001 +3.8534e+000 +4.2275e+000 -1.3215e+000
722 0 +1.885900158e-002 -1.193911410e+002 -1.193911410e+002 -1.6508e+000 +7.8375e-001 +2.7580e+000 +2.8297e+000 -1.3252e+000
738 0 +1.314063755e-002 -1.193968594e+002 -1.193968594e+002 -1.0988e+000 -2.5838e-002 +3.4456e+000 +3.7077e+000 -1.6101e+000
752 0 +1.125204020e-002 -1.193987480e+002 -1.193987480e+002 -1.0790e+000 +1.4403e-001 +3.2816e+000 +4.0729e+000 -1.0280e+000
771 0 +4.210108584e-003 -1.194057899e+002 -1.194057899e+002 -1.6570e+000 +1.0971e+000 +2.9289e+000 +2.9490e+000 -5.7775e-001
788 0 +3.628465441e-003 -1.194063715e+002 -1.194063715e+002 -1.0034e+000 +3.4394e-001 +3.3117e+000 +3.8480e+000 -7.5753e-001
806 0 +8.051459153e-004 -1.194091949e+002 -1.194091949e+002 -1.5339e+000 +6.6846e-001 +2.9693e+000 +3.2390e+000 -1.0700e+000
807 0 +6.392309588e-004 -1.194093608e+002 -1.194093608e+002 -1.2288e+000 +2.7455e-001 +3.2816e+000 +3.7054e+000 -1.1646e+000
849 0 +2.269337459e-004 -1.194097731e+002 -1.194097731e+002 -1.1090e+000 +3.1719e-001 +3.4287e+000 +3.7887e+000 -9.1173e-001
909 0 +1.841058149e-004 -1.194098159e+002 -1.194098159e+002 -1.4218e+000 +6.6754e-001 +3.0828e+000 +3.3958e+000 -8.0328e-001
923 0 +9.250752281e-005 -1.194099075e+002 -1.194099075e+002 -1.4057e+000 +6.2315e-001 +3.1143e+000 +3.3132e+000 -9.5194e-001
969 0 +6.970776992e-005 -1.194099303e+002 -1.194099303e+002 -1.4261e+000 +6.1871e-001 +3.1175e+000 +3.3466e+000 -9.5652e-001
986 0 +3.374747305e-005 -1.194099663e+002 -1.194099663e+002 -1.4374e+000 +6.4866e-001 +3.0819e+000 +3.3306e+000 -9.2552e-001
1018 0 +1.454007430e-005 -1.194099855e+002 -1.194099855e+002 -1.3722e+000 +5.8617e-001 +3.1185e+000 +3.4456e+000 -9.1282e-001
1060 0 +1.710780850e-006 -1.194099983e+002 -1.194099983e+002 -1.2981e+000 +4.7192e-001 +3.1493e+000 +3.5409e+000 -9.9078e-001
1198 0 +8.949754573e-007 -1.194099991e+002 -1.194099991e+002 -1.3361e+000 +5.2469e-001 +3.1285e+000 +3.4749e+000 -9.7461e-001
1225 0 +8.064423298e-007 -1.194099992e+002 -1.194099992e+002 -1.3115e+000 +4.8315e-001 +3.1545e+000 +3.5110e+000 -1.0048e+000
1239 0 +6.798634331e-007 -1.194099993e+002 -1.194099993e+002 -1.3342e+000 +5.2438e-001 +3.1337e+000 +3.4718e+000 -9.7816e-001
1251 0 +5.877407858e-007 -1.194099994e+002 -1.194099994e+002 -1.3174e+000 +5.0569e-001 +3.1362e+000 +3.5028e+000 -9.7171e-001
1293 0 +5.532067888e-007 -1.194099994e+002 -1.194099994e+002 -1.3334e+000 +5.3269e-001 +3.1246e+000 +3.4718e+000 -9.5981e-001
1319 0 +4.918790069e-007 -1.194099995e+002 -1.194099995e+002 -1.3249e+000 +5.1644e-001 +3.1325e+000 +3.4903e+000 -9.6889e-001
1336 0 +4.595367216e-007 -1.194099995e+002 -1.194099995e+002 -1.3259e+000 +5.1474e-001 +3.1431e+000 +3.4875e+000 -9.7769e-001
1337 0 +3.730718134e-007 -1.194099996e+002 -1.194099996e+002 -1.3270e+000 +5.1783e-001 +3.1405e+000 +3.4846e+000 -9.7265e-001
1360 0 +3.449800658e-007 -1.194099997e+002 -1.194099997e+002 -1.3221e+000 +5.1375e-001 +3.1389e+000 +3.4947e+000 -9.6907e-001
1374 0 +2.370013448e-007 -1.194099998e+002 -1.194099998e+002 -1.3269e+000 +5.2597e-001 +3.1445e+000 +3.4839e+000 -9.5623e-001
1389 0 +2.338013019e-007 -1.194099998e+002 -1.194099998e+002 -1.3233e+000 +5.1670e-001 +3.1502e+000 +3.4872e+000 -9.6751e-001
1401 0 +2.112622894e-007 -1.194099998e+002 -1.194099998e+002 -1.3209e+000 +5.1382e-001 +3.1474e+000 +3.4952e+000 -9.6489e-001
1429 0 +2.082262966e-007 -1.194099998e+002 -1.194099998e+002 -1.3182e+000 +5.1031e-001 +3.1530e+000 +3.5008e+000 -9.6421e-001
1431 0 +2.010616669e-007 -1.194099998e+002 -1.194099998e+002 -1.3178e+000 +5.1088e-001 +3.1523e+000 +3.4996e+000 -9.6211e-001
1447 0 +1.962333869e-007 -1.194099998e+002 -1.194099998e+002 -1.3198e+000 +5.1469e-001 +3.1560e+000 +3.4951e+000 -9.6126e-001
1455 0 +1.718700275e-007 -1.194099998e+002 -1.194099998e+002 -1.3223e+000 +5.2153e-001 +3.1465e+000 +3.4901e+000 -9.5666e-001
1480 0 +1.609839018e-007 -1.194099998e+002 -1.194099998e+002 -1.3146e+000 +5.0664e-001 +3.1539e+000 +3.5052e+000 -9.6809e-001
1499 0 +1.547051056e-007 -1.194099998e+002 -1.194099998e+002 -1.3180e+000 +5.1209e-001 +3.1495e+000 +3.4972e+000 -9.6497e-001
1505 0 +1.467119262e-007 -1.194099999e+002 -1.194099999e+002 -1.3156e+000 +5.0822e-001 +3.1504e+000 +3.5002e+000 -9.6959e-001
1534 0 +1.223127981e-007 -1.194099999e+002 -1.194099999e+002 -1.3149e+000 +5.0888e-001 +3.1550e+000 +3.5018e+000 -9.6627e-001
1562 0 +1.153585742e-007 -1.194099999e+002 -1.194099999e+002 -1.3112e+000 +5.0236e-001 +3.1569e+000 +3.5090e+000 -9.7036e-001
1565 0 +9.663531841e-008 -1.194099999e+002 -1.194099999e+002 -1.3097e+000 +5.0192e-001 +3.1599e+000 +3.5129e+000 -9.6602e-001
1571 0 +8.167349108e-008 -1.194099999e+002 -1.194099999e+002 -1.3113e+000 +5.0387e-001 +3.1577e+000 +3.5065e+000 -9.6913e-001
1577 0 +7.036399552e-008 -1.194099999e+002 -1.194099999e+002 -1.3118e+000 +5.0553e-001 +3.1562e+000 +3.5045e+000 -9.6742e-001
1591 0 +5.626615973e-008 -1.194099999e+002 -1.194099999e+002 -1.3115e+000 +5.0734e-001 +3.1566e+000 +3.5050e+000 -9.6305e-001
1603 0 +5.296145389e-008 -1.194099999e+002 -1.194099999e+002 -1.3104e+000 +5.0715e-001 +3.1599e+000 +3.5056e+000 -9.6271e-001
1606 0 +5.048241292e-008 -1.194099999e+002 -1.194099999e+002 -1.3091e+000 +5.0718e-001 +3.1584e+000 +3.5051e+000 -9.6272e-001
1608 0 +4.739867165e-008 -1.194100000e+002 -1.194100000e+002 -1.3051e+000 +4.9815e-001 +3.1593e+000 +3.5135e+000 -9.6982e-001
1622 0 +4.529509567e-008 -1.194100000e+002 -1.194100000e+002 -1.2944e+000 +4.8754e-001 +3.1679e+000 +3.5269e+000 -9.7425e-001
1623 0 +4.242068030e-008 -1.194100000e+002 -1.194100000e+002 -1.2976e+000 +4.8880e-001 +3.1652e+000 +3.5238e+000 -9.7527e-001
1642 0 +3.587577169e-008 -1.194100000e+002 -1.194100000e+002 -1.2940e+000 +4.8608e-001 +3.1678e+000 +3.5247e+000 -9.7538e-001
1643 0 +3.286606898e-008 -1.194100000e+002 -1.194100000e+002 -1.2878e+000 +4.8367e-001 +3.1749e+000 +3.5328e+000 -9.6376e-001
1652 0 +3.065068199e-008 -1.194100000e+002 -1.194100000e+002 -1.2960e+000 +4.8766e-001 +3.1673e+000 +3.5241e+000 -9.7520e-001
1663 0 +1.162509022e-008 -1.194100000e+002 -1.194100000e+002 -1.2888e+000 +4.8367e-001 +3.1733e+000 +3.5319e+000 -9.6926e-001
1672 0 +1.024349672e-008 -1.194100000e+002 -1.194100000e+002 -1.2898e+000 +4.8669e-001 +3.1736e+000 +3.5302e+000 -9.6510e-001
1683 0 +5.682636584e-009 -1.194100000e+002 -1.194100000e+002 -1.2888e+000 +4.8420e-001 +3.1751e+000 +3.5327e+000 -9.6759e-001
% f evaluations | g evaluations | best noise-free fitness - Fopt (1.077000000000e+001) + sum g_i+ | measured fitness | best measured fitness or single-digit g-values | x1 | x2...
1 0 +8.221658350e+001 +9.298658350e+001 +9.298658350e+001 -2.2791e-001 +6.4068e-001 -3.1012e+000 -4.7154e+000 +7.2543e-001
2 0 +6.205108807e+001 +7.282108807e+001 +7.282108807e+001 +3.8643e-002 +2.2742e+000 -7.2390e-001 +4.4555e+000 +1.9002e+000
10 0 +5.859666660e+001 +6.936666660e+001 +6.936666660e+001 -4.4765e+000 +1.4801e-001 -2.7081e+000 -3.3422e-001 -3.5687e+000
17 0 +3.035777578e+001 +4.112777578e+001 +4.112777578e+001 -1.6248e+000 -2.6904e+000 -1.5699e+000 -9.1029e-001 -2.5303e+000
25 0 +2.190129677e+001 +3.267129677e+001 +3.267129677e+001 -2.8062e-001 -1.5041e+000 +2.5708e-001 -1.9538e-001 +8.8694e-001
31 0 +1.603064581e+001 +2.680064581e+001 +2.680064581e+001 -2.4500e+000 -9.7567e-001 +1.1389e+000 +8.9357e-001 -8.8130e-001
139 0 +1.943959073e+000 +1.271395907e+001 +1.271395907e+001 -3.1824e+000 -1.2388e+000 +7.6190e-001 +8.7840e-001 -2.3401e+000
203 0 +9.985866914e-001 +1.176858669e+001 +1.176858669e+001 +1.1012e+000 +1.3435e-001 +1.0696e-001 +1.4965e+000 -5.8594e-002
500 0 +4.654273589e-001 +1.123542736e+001 +1.123542736e+001 +7.5114e-001 -2.1387e-001 +2.8174e-001 +1.6140e+000 +1.4862e-001
880 0 +3.760998430e-001 +1.114609984e+001 +1.114609984e+001 +1.0841e+000 -3.0153e-001 +4.6508e-001 +1.9957e+000 +7.8038e-002
923 0 +3.126700152e-001 +1.108267002e+001 +1.108267002e+001 +9.0719e-001 +3.5397e-002 +1.0344e+000 +1.9140e+000 -1.5397e-001
930 0 +1.736101529e-001 +1.094361015e+001 +1.094361015e+001 +9.4530e-001 +5.2532e-001 +7.9075e-001 +1.8440e+000 -3.0456e-001
937 0 +1.180034391e-001 +1.088800344e+001 +1.088800344e+001 +1.0734e+000 -1.0951e+000 +5.2215e-002 +1.9816e+000 +2.3492e-001
972 0 +1.119357017e-001 +1.088193570e+001 +1.088193570e+001 +1.0070e+000 -4.6178e-001 +1.3554e-001 +1.7615e+000 +8.0453e-002
980 0 +7.933856755e-002 +1.084933857e+001 +1.084933857e+001 +1.0469e+000 -3.1613e-001 +5.0458e-001 +1.9489e+000 -9.3333e-002
1022 0 +5.721155361e-002 +1.082721155e+001 +1.082721155e+001 +1.1033e+000 -5.3716e-001 +1.1624e-001 +1.9594e+000 +7.9337e-002
1030 0 +4.953651165e-002 +1.081953651e+001 +1.081953651e+001 +1.1074e+000 -2.5172e-001 +5.2772e-001 +2.1617e+000 -3.4699e-002
1043 0 +4.210069898e-002 +1.081210070e+001 +1.081210070e+001 +1.1750e+000 -5.2514e-001 +1.3091e-001 +2.1064e+000 +1.0349e-001
1074 0 +1.665947100e-002 +1.078665947e+001 +1.078665947e+001 +1.2713e+000 -6.0052e-001 +1.1161e-001 +2.3042e+000 +1.0237e-001
1126 0 +1.094453161e-002 +1.078094453e+001 +1.078094453e+001 +1.4763e+000 -1.2575e+000 -4.9372e-001 +2.5865e+000 +3.6857e-001
1145 0 +7.194156835e-003 +1.077719416e+001 +1.077719416e+001 +1.4581e+000 -7.9441e-001 -7.8960e-002 +2.5691e+000 +1.0941e-001
1146 0 +6.466541592e-003 +1.077646654e+001 +1.077646654e+001 +1.4156e+000 -9.6556e-001 -1.8807e-001 +2.4355e+000 +1.8451e-001
1150 0 +5.954420308e-003 +1.077595442e+001 +1.077595442e+001 +1.4033e+000 -8.7883e-001 -1.1076e-001 +2.4873e+000 +1.6518e-001
1183 0 +4.082486971e-003 +1.077408249e+001 +1.077408249e+001 +1.4924e+000 -6.6019e-001 +1.4423e-001 +2.6189e+000 +1.1877e-002
1216 0 +3.850793242e-003 +1.077385079e+001 +1.077385079e+001 +1.6367e+000 -8.7626e-001 -1.5957e-001 +2.8143e+000 +1.0734e-001
1217 0 +2.402644270e-003 +1.077240264e+001 +1.077240264e+001 +1.5217e+000 -7.5314e-001 +6.6982e-002 +2.7504e+000 +9.2056e-002
1273 0 +9.671335331e-004 +1.077096713e+001 +1.077096713e+001 +1.6736e+000 -1.1614e+000 -2.7774e-001 +2.9890e+000 +2.5644e-001
1279 0 +2.015718762e-004 +1.077020157e+001 +1.077020157e+001 +1.6859e+000 -1.2481e+000 -3.5505e-001 +2.9372e+000 +2.7577e-001
1332 0 +1.693847402e-004 +1.077016938e+001 +1.077016938e+001 +1.6734e+000 -1.1360e+000 -1.6228e-001 +2.9839e+000 +2.0437e-001
1359 0 +1.284558247e-004 +1.077012846e+001 +1.077012846e+001 +1.6549e+000 -1.2481e+000 -1.9778e-001 +2.9520e+000 +2.4545e-001
1370 0 +8.140552445e-005 +1.077008141e+001 +1.077008141e+001 +1.7273e+000 -1.2866e+000 -3.4664e-001 +2.9977e+000 +2.8669e-001
1417 0 +2.681987492e-005 +1.077002682e+001 +1.077002682e+001 +1.7907e+000 -1.3860e+000 -3.5165e-001 +3.1152e+000 +2.9426e-001
1433 0 +6.490647630e-006 +1.077000649e+001 +1.077000649e+001 +1.7735e+000 -1.4777e+000 -4.7891e-001 +3.0458e+000 +3.4890e-001
1527 0 +2.057315568e-006 +1.077000206e+001 +1.077000206e+001 +1.7912e+000 -1.5136e+000 -4.3524e-001 +3.0686e+000 +3.2804e-001
1532 0 +1.638751984e-006 +1.077000164e+001 +1.077000164e+001 +1.7830e+000 -1.4765e+000 -3.9753e-001 +3.0781e+000 +3.0770e-001
1577 0 +1.352268427e-006 +1.077000135e+001 +1.077000135e+001 +1.7930e+000 -1.4806e+000 -4.1991e-001 +3.0898e+000 +3.1274e-001
1611 0 +4.504378470e-007 +1.077000045e+001 +1.077000045e+001 +1.7804e+000 -1.4368e+000 -4.1118e-001 +3.0661e+000 +3.1006e-001
1618 0 +6.812087427e-008 +1.077000007e+001 +1.077000007e+001 +1.7882e+000 -1.5053e+000 -4.6839e-001 +3.0685e+000 +3.3641e-001
1653 0 +5.588745822e-008 +1.077000006e+001 +1.077000006e+001 +1.7827e+000 -1.4974e+000 -4.4053e-001 +3.0606e+000 +3.2720e-001
1657 0 +1.759723567e-008 +1.077000002e+001 +1.077000002e+001 +1.7858e+000 -1.5140e+000 -4.8515e-001 +3.0547e+000 +3.4391e-001
1709 0 +1.375530267e-008 +1.077000001e+001 +1.077000001e+001 +1.7673e+000 -1.4934e+000 -4.4820e-001 +3.0367e+000 +3.3161e-001
1721 0 +9.066010165e-010 +1.077000000e+001 +1.077000000e+001 +1.7756e+000 -1.5009e+000 -4.7060e-001 +3.0395e+000 +3.3761e-001
% f evaluations | g evaluations | best noise-free fitness - Fopt (2.137000000000e+001) + sum g_i+ | measured fitness | best measured fitness or single-digit g-values | x1 | x2...
1 0 +8.427365808e+001 +1.056436581e+002 +1.056436581e+002 +3.6923e+000 +3.0839e-001 +5.5920e-001 +3.8065e+000 +4.3355e+000
2 0 +7.482602293e+001 +9.619602293e+001 +9.619602293e+001 -3.5358e+000 +3.1614e-001 -4.1613e+000 -2.3191e+000 +2.3487e+000
3 0 +6.215988555e+001 +8.352988555e+001 +8.352988555e+001 +3.2351e+000 -6.7656e-001 -9.1809e-001 -2.2072e+000 +1.6788e+000
25 0 +3.233229895e+001 +5.370229895e+001 +5.370229895e+001 +3.1011e+000 +1.8045e+000 +2.1083e+000 -1.9166e-002 -1.9673e+000
70 0 +1.392376994e+001 +3.529376994e+001 +3.529376994e+001 +9.6615e-001 -2.4912e+000 -5.0862e-002 -8.8435e-002 +2.9142e+000
76 0 +9.685396112e+000 +3.105539611e+001 +3.105539611e+001 +2.2366e+000 +1.8132e+000 -8.8240e-002 -1.3201e+000 +1.0853e+000
130 0 +8.132750287e+000 +2.950275029e+001 +2.950275029e+001 +2.2657e+000 +1.6252e-001 -4.2572e-002 -4.7721e-001 +2.0960e+000
176 0 +7.092384744e+000 +2.846238474e+001 +2.846238474e+001 +2.6189e+000 +2.7419e-001 -9.9118e-001 -7.2261e-001 +1.3500e+000
200 0 +6.454386278e+000 +2.782438628e+001 +2.782438628e+001 +1.9775e+000 +1.6921e+000 +3.7895e-001 -2.6855e+000 +8.3366e-001
233 0 +2.521359050e+000 +2.389135905e+001 +2.389135905e+001 +2.7048e+000 +8.9274e-001 -1.6474e+000 -3.1439e-001 +9.9941e-001
247 0 +2.109496732e+000 +2.347949673e+001 +2.347949673e+001 +2.4957e+000 +2.3267e+000 +9.4961e-001 -2.2353e+000 +7.0600e-001
286 0 +2.002301698e+000 +2.337230170e+001 +2.337230170e+001 +2.4053e+000 +9.0223e-001 -1.4512e-001 -1.5803e+000 +1.3447e+000
334 0 +1.590104047e+000 +2.296010405e+001 +2.296010405e+001 +2.5947e+000 +8.1219e-002 -2.1394e+000 +8.4972e-001 +2.3744e+000
343 0 +6.333005099e-001 +2.200330051e+001 +2.200330051e+001 +2.4132e+000 +1.0617e+000 -1.9338e-001 -1.2256e+000 +1.1575e+000
359 0 +4.450092542e-001 +2.181500925e+001 +2.181500925e+001 +2.3745e+000 +1.7976e+000 +1.0613e-001 -2.0083e+000 +7.2573e-001
406 0 +4.072504870e-001 +2.177725049e+001 +2.177725049e+001 +2.4973e+000 +1.5561e+000 -4.1772e-001 -1.4422e+000 +9.5438e-001
435 0 +2.723063615e-001 +2.164230636e+001 +2.164230636e+001 +2.3791e+000 +2.0930e+000 -4.4348e-001 -1.9317e+000 +6.4564e-001
446 0 +1.933567683e-001 +2.156335677e+001 +2.156335677e+001 +2.4372e+000 +1.5280e+000 -4.8619e-001 -1.3922e+000 +1.1466e+000
451 0 +1.611224704e-001 +2.153112247e+001 +2.153112247e+001 +2.5762e+000 +1.3161e+000 -8.8313e-001 -7.8834e-001 +1.6544e+000
468 0 +1.005211488e-001 +2.147052115e+001 +2.147052115e+001 +2.5434e+000 +1.7401e+000 -5.4954e-001 -1.2383e+000 +1.2150e+000
497 0 +8.506567797e-002 +2.145506568e+001 +2.145506568e+001 +2.5530e+000 +1.7306e+000 -7.6787e-001 -9.2041e-001 +1.4581e+000
508 0 +7.628815548e-002 +2.144628816e+001 +2.144628816e+001 +2.5480e+000 +1.6535e+000 -7.5417e-001 -9.5899e-001 +1.5435e+000
550 0 +6.325127609e-002 +2.143325128e+001 +2.143325128e+001 +2.5564e+000 +1.8145e+000 -6.6523e-001 -1.0731e+000 +1.3475e+000
553 0 +4.186427469e-002 +2.141186427e+001 +2.141186427e+001 +2.5555e+000 +1.9535e+000 -8.5487e-001 -1.1250e+000 +1.1781e+000
573 0 +3.014863444e-002 +2.140014863e+001 +2.140014863e+001 +2.5675e+000 +1.9213e+000 -8.3335e-001 -1.0694e+000 +1.2957e+000
592 0 +1.878110057e-002 +2.138878110e+001 +2.138878110e+001 +2.6355e+000 +1.8699e+000 -1.0156e+000 -7.9682e-001 +1.4854e+000
593 0 +1.794852777e-002 +2.138794853e+001 +2.138794853e+001 +2.6298e+000 +1.9193e+000 -9.8561e-001 -8.8430e-001 +1.4088e+000
598 0 +1.502619651e-002 +2.138502620e+001 +2.138502620e+001 +2.5771e+000 +2.0170e+000 -9.8868e-001 -1.0777e+000 +1.3332e+000
616 0 +3.693084711e-003 +2.137369308e+001 +2.137369308e+001 +2.6932e+000 +2.0283e+000 -1.4433e+000 -5.7673e-001 +1.5866e+000
619 0 +8.627161174e-004 +2.137086272e+001 +2.137086272e+001 +2.7026e+000 +2.2679e+000 -1.3799e+000 -6.9287e-001 +1.5156e+000
701 0 +7.403348638e-004 +2.137074033e+001 +2.137074033e+001 +2.6774e+000 +2.4335e+000 -1.3497e+000 -8.1457e-001 +1.5275e+000
717 0 +3.179022833e-004 +2.137031790e+001 +2.137031790e+001 +2.7046e+000 +2.4103e+000 -1.4380e+000 -7.1830e-001 +1.5525e+000
723 0 +2.372988251e-004 +2.137023730e+001 +2.137023730e+001 +2.7090e+000 +2.4436e+000 -1.4252e+000 -7.2481e-001 +1.5416e+000
784 0 +2.163147320e-004 +2.137021631e+001 +2.137021631e+001 +2.6712e+000 +2.5876e+000 -1.3210e+000 -9.2322e-001 +1.4457e+000
790 0 +9.678873615e-005 +2.137009679e+001 +2.137009679e+001 +2.6861e+000 +2.5663e+000 -1.3508e+000 -8.7071e-001 +1.4612e+000
797 0 +5.556376254e-005 +2.137005556e+001 +2.137005556e+001 +2.6604e+000 +2.5114e+000 -1.2447e+000 -9.9741e-001 +1.3414e+000
804 0 +3.382715231e-005 +2.137003383e+001 +2.137003383e+001 +2.6622e+000 +2.5913e+000 -1.2151e+000 -1.0282e+000 +1.3248e+000
807 0 +2.813583064e-005 +2.137002814e+001 +2.137002814e+001 +2.6566e+000 +2.6153e+000 -1.2640e+000 -1.0339e+000 +1.3475e+000
808 0 +2.730223447e-005 +2.137002730e+001 +2.137002730e+001 +2.6687e+000 +2.5992e+000 -1.2916e+000 -9.6720e-001 +1.3834e+000
841 0 +1.912723011e-005 +2.137001913e+001 +2.137001913e+001 +2.6540e+000 +2.6954e+000 -1.2563e+000 -1.0845e+000 +1.2932e+000
856 0 +7.445165110e-006 +2.137000745e+001 +2.137000745e+001 +2.6620e+000 +2.6408e+000 -1.3058e+000 -1.0271e+000 +1.3007e+000
869 0 +5.915365140e-006 +2.137000592e+001 +2.137000592e+001 +2.6858e+000 +2.6224e+000 -1.4031e+000 -9.2667e-001 +1.3386e+000
889 0 +4.018611190e-006 +2.137000402e+001 +2.137000402e+001 +2.6954e+000 +2.5848e+000 -1.4344e+000 -8.6055e-001 +1.3952e+000
920 0 +3.436957638e-006 +2.137000344e+001 +2.137000344e+001 +2.6916e+000 +2.6103e+000 -1.4088e+000 -8.7570e-001 +1.4021e+000
955 0 +2.469228303e-006 +2.137000247e+001 +2.137000247e+001 +2.6932e+000 +2.5825e+000 -1.4063e+000 -8.6732e-001 +1.4009e+000
958 0 +2.244967472e-006 +2.137000224e+001 +2.137000224e+001 +2.6936e+000 +2.7017e+000 -1.4276e+000 -9.1962e-001 +1.3628e+000
960 0 +1.783883022e-006 +2.137000178e+001 +2.137000178e+001 +2.6982e+000 +2.6419e+000 -1.4337e+000 -8.7132e-001 +1.3898e+000
968 0 +1.612696177e-006 +2.137000161e+001 +2.137000161e+001 +2.6890e+000 +2.6326e+000 -1.4020e+000 -9.0276e-001 +1.3880e+000
983 0 +1.420717382e-006 +2.137000142e+001 +2.137000142e+001 +2.6811e+000 +2.6502e+000 -1.3736e+000 -9.4550e-001 +1.3502e+000
988 0 +8.691116165e-007 +2.137000087e+001 +2.137000087e+001 +2.6793e+000 +2.6272e+000 -1.3626e+000 -9.5129e-001 +1.3524e+000
1004 0 +6.029512356e-007 +2.137000060e+001 +2.137000060e+001 +2.6862e+000 +2.6625e+000 -1.3950e+000 -9.3545e-001 +1.3606e+000
1023 0 +3.574813370e-007 +2.137000036e+001 +2.137000036e+001 +2.6819e+000 +2.6493e+000 -1.3710e+000 -9.5440e-001 +1.3469e+000
1106 0 +3.359977327e-007 +2.137000034e+001 +2.137000034e+001 +2.6809e+000 +2.6425e+000 -1.3609e+000 -9.5545e-001 +1.3536e+000
1107 0 +2.723532866e-007 +2.137000027e+001 +2.137000027e+001 +2.6823e+000 +2.6851e+000 -1.3703e+000 -9.7527e-001 +1.3379e+000
1116 0 +1.835945476e-007 +2.137000018e+001 +2.137000018e+001 +2.6853e+000 +2.6725e+000 -1.3793e+000 -9.5450e-001 +1.3507e+000
1130 0 +1.563836207e-007 +2.137000016e+001 +2.137000016e+001 +2.6865e+000 +2.6655e+000 -1.3743e+000 -9.4598e-001 +1.3612e+000
1136 0 +1.169520836e-007 +2.137000012e+001 +2.137000012e+001 +2.6852e+000 +2.6739e+000 -1.3644e+000 -9.5730e-001 +1.3489e+000
1137 0 +8.885612246e-008 +2.137000009e+001 +2.137000009e+001 +2.6858e+000 +2.6695e+000 -1.3673e+000 -9.5343e-001 +1.3499e+000
1143 0 +5.022773664e-008 +2.137000005e+001 +2.137000005e+001 +2.6820e+000 +2.6782e+000 -1.3418e+000 -9.7763e-001 +1.3458e+000
1153 0 +4.645283980e-008 +2.137000005e+001 +2.137000005e+001 +2.6841e+000 +2.6783e+000 -1.3583e+000 -9.6773e-001 +1.3431e+000
1163 0 +8.000139218e-009 +2.137000001e+001 +2.137000001e+001 +2.6812e+000 +2.6901e+000 -1.3362e+000 -9.9245e-001 +1.3350e+000
% f evaluations | g evaluations | best noise-free fitness - Fopt (1.673000000000e+001) + sum g_i+ | measured fitness | best measured fitness or single-digit g-values | x1 | x2...
1 0 +8.444642240e+001 +1.011764224e+002 +1.011764224e+002 -1.2304e-001 +4.7812e+000 +3.8450e+000 -2.4455e-002 +1.5441e+000
2 0 +8.222254780e+001 +9.895254780e+001 +9.895254780e+001 -3.0707e-001 -4.8368e+000 -2.8226e+000 -1.0676e-001 +4.6657e+000
4 0 +7.362001464e+001 +9.035001464e+001 +9.035001464e+001 -1.9007e+000 -3.3475e+000 -3.1142e+000 +1.2441e+000 +7.6426e-001
5 0 +4.997650742e+001 +6.670650742e+001 +6.670650742e+001 +1.2145e+000 -3.2322e+000 +2.8602e+000 -8.5601e-001 +8.0631e-001
21 0 +4.304589282e+001 +5.977589282e+001 +5.977589282e+001 -1.1101e+000 -1.5560e+000 +1.4316e+000 -2.3929e+000 +2.1467e+000
49 0 +3.870167825e+001 +5.543167825e+001 +5.543167825e+001 +1.6554e+000 +9.6443e-001 -6.8060e-001 -1.5901e+000 -8.0478e-001
61 0 +2.214582002e+001 +3.887582002e+001 +3.887582002e+001 -1.1701e+000 +2.5070e+000 -7.5798e-001 -2.1967e+000 -9.8230e-001
92 0 +1.799977272e+001 +3.472977272e+001 +3.472977272e+001 +1.9291e+000 +2.9984e+000 -2.6414e+000 -6.3212e-001 -4.3781e+000
140 0 +1.120847501e+001 +2.793847501e+001 +2.793847501e+001 +3.7997e+000 +4.2476e+000 -2.1288e+000 +9.8588e-001 -3.5585e+000
148 0 +2.342492238e+000 +1.907249224e+001 +1.907249224e+001 -8.0496e-001 +2.1071e+000 -2.2973e+000 -1.6181e+000 -1.9302e+000
231 0 +2.280867962e+000 +1.901086796e+001 +1.901086796e+001 +1.3418e-001 +2.1692e+000 -2.3162e+000 -1.4807e+000 -2.7273e+000
274 0 +2.029504863e+000 +1.875950486e+001 +1.875950486e+001 -6.5554e-002 +2.6943e+000 -1.8889e+000 -1.6021e+000 -2.3832e+000
321 0 +1.753578511e+000 +1.848357851e+001 +1.848357851e+001 +1.6375e-001 +2.1635e+000 -1.8453e+000 -1.2868e+000 -2.6602e+000
349 0 +1.447498583e+000 +1.817749858e+001 +1.817749858e+001 +1.4929e-001 +2.3863e+000 -2.3351e+000 -6.7872e-001 -2.6625e+000
358 0 +9.536693093e-001 +1.768366931e+001 +1.768366931e+001 -3.6050e-002 +2.2164e+000 -2.0376e+000 -5.4943e-001 -2.8359e+000
418 0 +9.036492582e-001 +1.763364926e+001 +1.763364926e+001 -2.6568e-001 +2.2420e+000 -2.0384e+000 -8.1659e-001 -2.6777e+000
454 0 +7.147433542e-001 +1.744474335e+001 +1.744474335e+001 +2.1404e-003 +2.2203e+000 -2.0708e+000 -8.0070e-001 -2.6199e+000
561 0 +7.038776039e-001 +1.743387760e+001 +1.743387760e+001 +4.7381e-002 +2.1755e+000 -1.9313e+000 -8.0452e-001 -2.6025e+000
2734 0 +5.638123787e-001 +1.729381238e+001 +1.729381238e+001 -1.9672e+000 -1.4016e+000 -1.8752e+000 +1.4820e+000 -3.2856e+000
2808 0 +3.141201965e-001 +1.704412020e+001 +1.704412020e+001 -1.1274e+000 -2.2783e+000 -1.7394e+000 +2.3194e+000 -3.0982e+000
2873 0 +1.935075175e-001 +1.692350752e+001 +1.692350752e+001 -2.2899e+000 -7.5420e-001 -1.0191e+000 +1.6144e+000 -4.1840e+000
2928 0 +5.734033900e-002 +1.678734034e+001 +1.678734034e+001 -1.4021e+000 -1.7478e+000 -1.7394e+000 +2.1101e+000 -3.4630e+000
2954 0 +4.664289165e-002 +1.677664289e+001 +1.677664289e+001 -1.4741e+000 -1.5841e+000 -2.3021e+000 +2.0816e+000 -3.4889e+000
2968 0 +4.076315847e-002 +1.677076316e+001 +1.677076316e+001 -8.0246e-001 -2.9549e+000 -2.9561e+000 +2.5859e+000 -2.4565e+000
2984 0 +3.870807776e-002 +1.676870808e+001 +1.676870808e+001 -1.1674e+000 -2.3655e+000 -2.2571e+000 +2.2729e+000 -2.9688e+000
2992 0 +2.397944150e-004 +1.673023979e+001 +1.673023979e+001 -1.2611e+000 -1.4621e+000 -1.5390e+000 +2.3713e+000 -4.0985e+000
3005 0 +1.302662672e-004 +1.673013027e+001 +1.673013027e+001 -1.2072e+000 -2.0245e+000 -2.0019e+000 +2.3861e+000 -3.4177e+000
3211 0 +6.272032822e-005 +1.673006272e+001 +1.673006272e+001 -1.2818e+000 -1.6880e+000 -1.7379e+000 +2.3642e+000 -3.8366e+000
3242 0 +2.644301643e-005 +1.673002644e+001 +1.673002644e+001 -1.3173e+000 -1.6097e+000 -1.6157e+000 +2.3694e+000 -3.9283e+000
3320 0 +1.153828924e-005 +1.673001154e+001 +1.673001154e+001 -1.2453e+000 -1.8522e+000 -1.8516e+000 +2.3869e+000 -3.6440e+000
3400 0 +6.146691717e-006 +1.673000615e+001 +1.673000615e+001 -1.2059e+000 -1.8225e+000 -1.8470e+000 +2.3927e+000 -3.6764e+000
3419 0 +1.137840076e-006 +1.673000114e+001 +1.673000114e+001 -1.2215e+000 -1.7290e+000 -1.7138e+000 +2.4028e+000 -3.8197e+000
3434 0 +5.051161587e-007 +1.673000051e+001 +1.673000051e+001 -1.2407e+000 -1.7147e+000 -1.7345e+000 +2.3807e+000 -3.8051e+000
3466 0 +4.627337233e-007 +1.673000046e+001 +1.673000046e+001 -1.2283e+000 -1.7963e+000 -1.7894e+000 +2.3915e+000 -3.7112e+000
3545 0 +2.706925919e-007 +1.673000027e+001 +1.673000027e+001 -1.2430e+000 -1.7574e+000 -1.7708e+000 +2.3703e+000 -3.7461e+000
3628 0 +1.771046882e-007 +1.673000018e+001 +1.673000018e+001 -1.2410e+000 -1.7185e+000 -1.7206e+000 +2.3843e+000 -3.8101e+000
3636 0 +1.707238120e-007 +1.673000017e+001 +1.673000017e+001 -1.2561e+000 -1.7493e+000 -1.7637e+000 +2.3666e+000 -3.7530e+000
3651 0 +2.150734346e-008 +1.673000002e+001 +1.673000002e+001 -1.2615e+000 -1.7178e+000 -1.7260e+000 +2.3722e+000 -3.7931e+000
3705 0 +4.665952957e-009 +1.673000000e+001 +1.673000000e+001 -1.2556e+000 -1.7214e+000 -1.7170e+000 +2.3741e+000 -3.7954e+000
% f evaluations | g evaluations | best noise-free fitness - Fopt (1.000000000000e+003) + sum g_i+ | measured fitness | best measured fitness or single-digit g-values | x1 | x2...
1 0 +7.758781327e+001 +1.077587813e+003 +1.077587813e+003 -1.2924e+000 -4.2959e+000 +3.6757e+000 +2.2211e+000 -6.3952e-001
2 0 +2.623259471e+001 +1.026232595e+003 +1.026232595e+003 +2.1323e+000 +1.6545e+000 -4.6116e+000 +3.3508e+000 +4.0848e+000
8 0 +1.790962109e+001 +1.017909621e+003 +1.017909621e+003 +2.4149e+000 -3.4662e+000 -1.4622e-001 +2.0120e+000 +1.4273e-001
45 0 +1.494591854e+001 +1.014945919e+003 +1.014945919e+003 +9.8206e-002 +3.6845e+000 -1.5199e+000 +1.2433e+000 +4.4582e+000
148 0 +1.460939596e+001 +1.014609396e+003 +1.014609396e+003 +1.9654e+000 +3.2866e+000 +1.9336e-001 +2.0485e+000 +7.1946e-001
181 0 +6.129344044e+000 +1.006129344e+003 +1.006129344e+003 -4.0614e-001 +2.7969e+000 -3.9395e-001 +2.2703e+000 +4.0891e+000
221 0 +5.364691547e+000 +1.005364692e+003 +1.005364692e+003 -3.6202e-001 +2.6316e+000 -3.8810e-001 +2.2444e+000 +3.9715e+000
401 0 +4.766162668e+000 +1.004766163e+003 +1.004766163e+003 -3.9842e-001 +2.6360e+000 -4.6096e-001 +2.1515e+000 +3.9091e+000
461 0 +2.894159488e+000 +1.002894159e+003 +1.002894159e+003 -5.0650e-001 +2.6154e+000 -2.8747e-001 +2.0415e+000 +3.6055e+000
756 0 +2.686447546e+000 +1.002686448e+003 +1.002686448e+003 -6.1451e-002 +2.5844e+000 +1.6929e-002 +1.5393e+000 +3.1178e+000
797 0 +2.274463682e+000 +1.002274464e+003 +1.002274464e+003 -4.1639e-001 +3.1419e+000 -1.0676e+000 +1.0644e+000 +3.2491e+000
804 0 +2.194301799e+000 +1.002194302e+003 +1.002194302e+003 -4.1197e-001 +2.7605e+000 -4.9546e-001 +1.6032e+000 +3.3885e+000
816 0 +2.182983784e+000 +1.002182984e+003 +1.002182984e+003 +1.7003e-002 +3.4831e+000 -8.9296e-001 +6.2351e-001 +3.1996e+000
840 0 +2.045804746e+000 +1.002045805e+003 +1.002045805e+003 +4.7807e-001 +2.5111e+000 +5.2215e-001 +8.7204e-001 +2.9912e+000
851 0 +2.025870957e+000 +1.002025871e+003 +1.002025871e+003 +8.6695e-001 +2.7224e+000 +7.8252e-001 +3.8739e-001 +2.9313e+000
856 0 +1.976813088e+000 +1.001976813e+003 +1.001976813e+003 +7.0982e-001 +2.9601e+000 +6.2686e-001 +5.9561e-001 +3.0823e+000
7678 0 +1.439921649e+000 +1.001439922e+003 +1.001439922e+003 +2.5420e+000 +3.8712e+000 -3.1170e+000 +2.2171e+000 +2.8394e+000
7720 0 +1.325364501e+000 +1.001325365e+003 +1.001325365e+003 +2.4141e+000 +4.4499e+000 -3.8256e+000 +1.9134e+000 +3.0313e+000
7828 0 +1.222107955e+000 +1.001222108e+003 +1.001222108e+003 +2.4061e+000 +4.3380e+000 -3.3564e+000 +2.0589e+000 +2.6562e+000
7886 0 +1.014398218e+000 +1.001014398e+003 +1.001014398e+003 +2.3656e+000 +3.9418e+000 -3.5389e+000 +2.0273e+000 +3.0923e+000
7981 0 +7.658291626e-001 +1.000765829e+003 +1.000765829e+003 +2.3928e+000 +4.2138e+000 -3.4778e+000 +1.9518e+000 +2.9505e+000
8104 0 +7.028008421e-001 +1.000702801e+003 +1.000702801e+003 +2.4961e+000 +4.1909e+000 -3.4575e+000 +2.0191e+000 +2.9887e+000
9845 0 +4.026403255e-001 +1.000402640e+003 +1.000402640e+003 +3.6099e-001 -2.9999e+000 +9.5249e-001 +3.4860e+000 +8.9857e-001
10023 0 +1.397459688e-001 +1.000139746e+003 +1.000139746e+003 -3.0837e-001 -2.9246e+000 +5.5531e-001 +3.3181e+000 +1.4013e+000
10706 0 +1.150207097e-001 +1.000115021e+003 +1.000115021e+003 -2.3940e+000 -3.0530e+000 +8.1029e-001 +2.1603e+000 +2.9086e+000
10724 0 +1.970931065e-002 +1.000019709e+003 +1.000019709e+003 -1.4845e+000 -3.4927e+000 +2.0481e+000 +2.1305e+000 +2.4376e+000
10902 0 +3.720255440e-003 +1.000003720e+003 +1.000003720e+003 -1.0836e+000 -3.3600e+000 +1.6764e+000 +2.4591e+000 +1.8768e+000
11108 0 +9.927475919e-004 +1.000000993e+003 +1.000000993e+003 -1.4018e+000 -3.2555e+000 +1.3769e+000 +2.4721e+000 +2.1607e+000
11273 0 +2.951322266e-004 +1.000000295e+003 +1.000000295e+003 -1.4309e+000 -3.3796e+000 +1.7171e+000 +2.2451e+000 +2.2706e+000
11295 0 +1.530536238e-004 +1.000000153e+003 +1.000000153e+003 -1.5608e+000 -3.4781e+000 +1.7190e+000 +2.1494e+000 +2.2769e+000
11391 0 +1.211406842e-004 +1.000000121e+003 +1.000000121e+003 -1.5491e+000 -3.4712e+000 +1.7222e+000 +2.1568e+000 +2.2752e+000
11409 0 +8.466697102e-005 +1.000000085e+003 +1.000000085e+003 -1.6588e+000 -3.3971e+000 +1.8278e+000 +2.1120e+000 +2.4287e+000
11480 0 +3.460973414e-005 +1.000000035e+003 +1.000000035e+003 -1.8448e+000 -3.3759e+000 +1.6513e+000 +2.0689e+000 +2.5166e+000
11585 0 +6.509605441e-006 +1.000000007e+003 +1.000000007e+003 -1.7659e+000 -3.3767e+000 +1.7129e+000 +2.0971e+000 +2.4422e+000
11615 0 +5.125312441e-006 +1.000000005e+003 +1.000000005e+003 -1.6848e+000 -3.4116e+000 +1.6458e+000 +2.1465e+000 +2.3352e+000
11633 0 +2.280502258e-007 +1.000000000e+003 +1.000000000e+003 -1.6173e+000 -3.3912e+000 +1.6622e+000 +2.1792e+000 +2.3288e+000
11660 0 +2.961951395e-008 +1.000000000e+003 +1.000000000e+003 -1.6831e+000 -3.4053e+000 +1.6960e+000 +2.1281e+000 +2.3744e+000
11728 0 +2.934370968e-009 +1.000000000e+003 +1.000000000e+003 -1.6967e+000 -3.4024e+000 +1.6998e+000 +2.1230e+000 +2.3833e+000
% f evaluations | g evaluations | best noise-free fitness - Fopt (-1.079600000000e+002) + sum g_i+ | measured fitness | best measured fitness or single-digit g-values | x1 | x2...
1 0 +7.395091921e+001 -3.400908079e+001 -3.400908079e+001 -3.9367e+000 -3.2025e+000 -2.9562e-002 -1.6851e+000 +2.1914e+000
3 0 +7.165702115e+001 -3.630297885e+001 -3.630297885e+001 +1.3399e+000 -1.9601e+000 -1.8462e+000 +8.4916e-003 +3.0743e+000
5 0 +4.720625387e+001 -6.075374613e+001 -6.075374613e+001 -2.0216e+000 +1.0561e+000 +1.0703e+000 +2.8946e+000 -2.8237e-001
49 0 +4.352358287e+001 -6.443641713e+001 -6.443641713e+001 -3.4062e+000 +1.7432e+000 +9.5202e-001 +5.4404e-002 +2.5636e+000
57 0 +3.415067350e+001 -7.380932650e+001 -7.380932650e+001 -2.5288e+000 +1.4412e-001 -2.1324e+000 -7.9762e-001 -5.5100e-001
69 0 +9.408650181e+000 -9.855134982e+001 -9.855134982e+001 -1.7240e+000 +1.7432e+000 -6.9710e-001 -1.6482e+000 -4.3154e-001
182 0 +8.687446529e+000 -9.927255347e+001 -9.927255347e+001 -3.4434e+000 +1.0357e+000 -1.4875e+000 +5.2972e-001 +6.0638e-001
189 0 +7.600878624e+000 -1.003591214e+002 -1.003591214e+002 -2.1990e+000 +1.7432e+000 -6.1678e-001 -2.5644e+000 -1.4652e+000
203 0 +6.471831085e+000 -1.014881689e+002 -1.014881689e+002 -3.4310e+000 +1.9828e+000 -3.3474e+000 +3.2842e-001 -1.5185e-001
253 0 +5.664854281e+000 -1.022951457e+002 -1.022951457e+002 -3.9700e+000 +1.1192e+000 -9.9474e-001 +4.2458e-001 +8.1605e-001
281 0 +4.650200372e+000 -1.033097996e+002 -1.033097996e+002 -3.8759e+000 +7.2982e-001 -1.8861e+000 +6.6933e-001 +1.0472e+000
291 0 +1.621677540e+000 -1.063383225e+002 -1.063383225e+002 -3.3028e+000 +1.7590e+000 -2.3048e+000 -2.1815e-001 +4.5298e-001
330 0 +1.571268049e+000 -1.063887320e+002 -1.063887320e+002 -3.4209e+000 +1.5042e+000 -2.2166e+000 -3.7783e-001 -3.8666e-002
393 0 +1.160865112e+000 -1.067991349e+002 -1.067991349e+002 -3.5193e+000 +1.4404e+000 -1.8315e+000 -1.3638e-001 +4.7319e-001
410 0 +1.112301689e+000 -1.068476983e+002 -1.068476983e+002 -3.3171e+000 +1.5927e+000 -2.0652e+000 -5.0688e-001 -3.8666e-002
515 0 +9.914675767e-001 -1.069685324e+002 -1.069685324e+002 -3.0561e+000 +1.4487e+000 -1.9399e+000 -2.0646e-001 +4.5062e-001
540 0 +9.566180516e-001 -1.070033819e+002 -1.070033819e+002 -3.2594e+000 +1.5686e+000 -2.2642e+000 -4.3988e-001 +1.0961e-001
561 0 +9.329861507e-001 -1.070270138e+002 -1.070270138e+002 -2.9523e+000 +1.5282e+000 -2.0074e+000 -4.8874e-001 +3.8420e-001
578 0 +8.697902870e-001 -1.070902097e+002 -1.070902097e+002 -2.9525e+000 +1.5355e+000 -1.8683e+000 -7.5567e-001 +5.9116e-002
580 0 +8.241162504e-001 -1.071358837e+002 -1.071358837e+002 -3.0087e+000 +1.5933e+000 -2.0155e+000 -5.2417e-001 +2.8140e-001
583 0 +7.554026199e-001 -1.072045974e+002 -1.072045974e+002 -3.2860e+000 +1.5298e+000 -2.0297e+000 -3.1502e-001 +2.7663e-001
618 0 +7.299749905e-001 -1.072300250e+002 -1.072300250e+002 -3.1719e+000 +1.5376e+000 -2.3523e+000 -2.5377e-001 +2.9950e-001
631 0 +7.208883999e-001 -1.072391116e+002 -1.072391116e+002 -3.0936e+000 +1.4954e+000 -2.1999e+000 -2.6532e-001 +3.7615e-001
726 0 +7.068503761e-001 -1.072531496e+002 -1.072531496e+002 -3.1704e+000 +1.5331e+000 -2.0119e+000 -3.4939e-001 +3.1106e-001
2380 0 +4.962918807e-001 -1.074637081e+002 -1.074637081e+002 -2.5259e+000 +1.9219e+000 -5.9462e-001 +1.3801e+000 -4.4840e+000
2572 0 +4.610873192e-001 -1.074989127e+002 -1.074989127e+002 -1.3705e+000 +1.0927e+000 -6.3612e-001 +4.2701e-001 -3.4786e+000
2615 0 +3.194260155e-001 -1.076405740e+002 -1.076405740e+002 -9.8517e-001 +9.1977e-001 -2.6997e+000 +1.7519e+000 -2.9610e+000
2622 0 +1.582361974e-001 -1.078017638e+002 -1.078017638e+002 -1.1490e+000 +1.3119e+000 +1.0612e+000 +3.5616e-001 -4.3250e+000
2733 0 +1.444367768e-001 -1.078155632e+002 -1.078155632e+002 -1.2115e+000 +1.1811e+000 -7.1693e-001 +1.3854e+000 -3.9499e+000
2738 0 +6.187008004e-003 -1.079538130e+002 -1.079538130e+002 -1.1302e+000 +1.1709e+000 -2.9312e-001 +8.5642e-001 -3.8793e+000
2841 0 +4.506541536e-003 -1.079554935e+002 -1.079554935e+002 -8.7667e-001 +1.0467e+000 -6.5823e-001 +8.7865e-001 -3.6100e+000
2847 0 +8.778798957e-004 -1.079591221e+002 -1.079591221e+002 -8.2788e-001 +1.1020e+000 -3.5639e-001 +8.8356e-001 -3.7733e+000
2980 0 +7.986350417e-004 -1.079592014e+002 -1.079592014e+002 -8.8030e-001 +1.1358e+000 -3.2704e-001 +8.6887e-001 -3.7960e+000
3003 0 +6.512492108e-004 -1.079593488e+002 -1.079593488e+002 -8.4823e-001 +1.1026e+000 -3.0495e-001 +8.9630e-001 -3.8365e+000
3025 0 +1.621535028e-004 -1.079598378e+002 -1.079598378e+002 -9.7186e-001 +1.1563e+000 -7.5810e-001 +1.0886e+000 -3.7294e+000
3064 0 +1.580102252e-004 -1.079598420e+002 -1.079598420e+002 -1.1091e+000 +1.2153e+000 -9.3486e-001 +1.2437e+000 -3.7663e+000
3108 0 +8.349705904e-005 -1.079599165e+002 -1.079599165e+002 -1.0297e+000 +1.1997e+000 -5.9135e-001 +1.0879e+000 -3.8419e+000
3157 0 +2.757360885e-005 -1.079599724e+002 -1.079599724e+002 -1.0172e+000 +1.1561e+000 -8.7643e-001 +1.2340e+000 -3.7919e+000
3204 0 +1.349899112e-005 -1.079599865e+002 -1.079599865e+002 -1.0048e+000 +1.1512e+000 -8.6248e-001 +1.2086e+000 -3.7720e+000
3313 0 +8.798474241e-006 -1.079599912e+002 -1.079599912e+002 -1.0216e+000 +1.1765e+000 -8.1523e-001 +1.1907e+000 -3.7899e+000
3342 0 +6.910162753e-006 -1.079599931e+002 -1.079599931e+002 -1.0089e+000 +1.1601e+000 -8.2808e-001 +1.1869e+000 -3.7763e+000
3390 0 +6.629647416e-006 -1.079599934e+002 -1.079599934e+002 -9.9516e-001 +1.1602e+000 -7.7327e-001 +1.1576e+000 -3.7838e+000
3416 0 +5.933258890e-006 -1.079599941e+002 -1.079599941e+002 -9.9187e-001 +1.1638e+000 -7.2832e-001 +1.1391e+000 -3.8019e+000
3488 0 +4.961501403e-006 -1.079599950e+002 -1.079599950e+002 -1.0031e+000 +1.1565e+000 -7.5616e-001 +1.1370e+000 -3.7961e+000
3511 0 +4.193207488e-006 -1.079599958e+002 -1.079599958e+002 -9.7808e-001 +1.1562e+000 -6.9031e-001 +1.0999e+000 -3.7961e+000
3517 0 +3.720964330e-006 -1.079599963e+002 -1.079599963e+002 -9.7493e-001 +1.1506e+000 -6.8833e-001 +1.0961e+000 -3.7927e+000
3529 0 +3.342592350e-006 -1.079599967e+002 -1.079599967e+002 -9.8814e-001 +1.1593e+000 -7.1082e-001 +1.1184e+000 -3.7963e+000
3554 0 +2.260482717e-006 -1.079599977e+002 -1.079599977e+002 -9.9281e-001 +1.1530e+000 -6.9598e-001 +1.0947e+000 -3.8008e+000
3562 0 +2.190048278e-006 -1.079599978e+002 -1.079599978e+002 -1.0011e+000 +1.1571e+000 -7.2359e-001 +1.1038e+000 -3.7878e+000
3580 0 +2.159905620e-006 -1.079599978e+002 -1.079599978e+002 -9.9311e-001 +1.1565e+000 -7.2454e-001 +1.1199e+000 -3.7960e+000
3586 0 +2.096755651e-006 -1.079599979e+002 -1.079599979e+002 -9.9688e-001 +1.1569e+000 -7.0370e-001 +1.0926e+000 -3.7913e+000
3602 0 +1.625356930e-006 -1.079599984e+002 -1.079599984e+002 -1.0336e+000 +1.1593e+000 -7.6292e-001 +1.1237e+000 -3.7931e+000
3628 0 +1.262044762e-006 -1.079599987e+002 -1.079599987e+002 -1.0267e+000 +1.1572e+000 -7.5637e-001 +1.1243e+000 -3.7932e+000
3639 0 +9.166674602e-007 -1.079599991e+002 -1.079599991e+002 -1.0230e+000 +1.1603e+000 -7.0972e-001 +1.0915e+000 -3.7971e+000
3648 0 +4.813310994e-007 -1.079599995e+002 -1.079599995e+002 -1.0401e+000 +1.1752e+000 -6.9539e-001 +1.1084e+000 -3.8263e+000
3652 0 +1.636803120e-007 -1.079599998e+002 -1.079599998e+002 -1.0180e+000 +1.1668e+000 -6.3255e-001 +1.0697e+000 -3.8263e+000
3701 0 +1.062050501e-007 -1.079599999e+002 -1.079599999e+002 -1.0512e+000 +1.1678e+000 -6.8241e-001 +1.0807e+000 -3.8184e+000
3703 0 +7.962468374e-008 -1.079599999e+002 -1.079599999e+002 -1.0280e+000 +1.1667e+000 -6.5023e-001 +1.0788e+000 -3.8271e+000
3705 0 +4.903920114e-008 -1.079600000e+002 -1.079600000e+002 -1.0507e+000 +1.1832e+000 -6.2737e-001 +1.0738e+000 -3.8419e+000
3725 0 +3.550333361e-008 -1.079600000e+002 -1.079600000e+002 -1.0507e+000 +1.1804e+000 -6.0099e-001 +1.0479e+000 -3.8429e+000
3780 0 +2.149732836e-008 -1.079600000e+002 -1.079600000e+002 -1.0576e+000 +1.1833e+000 -6.1954e-001 +1.0583e+000 -3.8411e+000
3787 0 +1.128314864e-008 -1.079600000e+002 -1.079600000e+002 -1.0563e+000 +1.1786e+000 -6.6875e-001 +1.0893e+000 -3.8334e+000
3796 0 +8.684651220e-009 -1.079600000e+002 -1.079600000e+002 -1.0459e+000 +1.1774e+000 -6.3728e-001 +1.0727e+000 -3.8364e+000
% f evaluations | g evaluations | best noise-free fitness - Fopt (-3.025900000000e+002) + sum g_i+ | measured fitness | best measured fitness or single-digit g-values | x1 | x2...
1 0 +7.116607851e+001 -2.314239215e+002 -2.314239215e+002 -3.4903e+000 +1.2629e+000 -2.6467e+000 +4.4473e-001 -1.3071e+000
8 0 +7.000391868e+001 -2.325860813e+002 -2.325860813e+002 +6.5230e-001 +1.3686e+000 +4.6530e+000 -3.9860e+000 -2.6117e+000
11 0 +6.555019908e+001 -2.370398009e+002 -2.370398009e+002 +2.6675e+000 +1.7208e+000 +4.8128e+000 -6.7436e-001 +8.1071e-001
18 0 +4.427212982e+001 -2.583178702e+002 -2.583178702e+002 -1.9149e+000 +1.6483e+000 -3.0835e+000 -2.9897e+000 -4.3273e+000
28 0 +4.248874331e+001 -2.601012567e+002 -2.601012567e+002 +4.0223e+000 +2.0066e+000 +4.0907e+000 -3.3132e+000 -5.3477e-001
38 0 +2.293011106e+001 -2.796598889e+002 -2.796598889e+002 -1.2407e+000 +1.7219e+000 -3.3006e+000 -3.3264e+000 -4.6684e+000
58 0 +2.183593706e+001 -2.807540629e+002 -2.807540629e+002 -1.1879e+000 +1.8522e+000 -3.3006e+000 -3.3293e+000 -4.8766e+000
103 0 +8.899031766e+000 -2.936909682e+002 -2.936909682e+002 -1.8044e+000 +1.4434e+000 +1.8400e+000 +9.6955e-002 -6.7084e-001
190 0 +5.269365061e+000 -2.973206349e+002 -2.973206349e+002 -7.7316e-001 -2.3812e-001 +2.6525e+000 -2.5759e-001 -9.9603e-001
221 0 +2.915902334e+000 -2.996740977e+002 -2.996740977e+002 -9.8221e-001 +1.2598e+000 +1.4896e+000 +1.9326e-001 -8.7957e-001
371 0 +2.175165770e+000 -3.004148342e+002 -3.004148342e+002 -2.5309e+000 +1.4160e+000 +2.6140e+000 -4.0302e-001 -6.7699e-003
408 0 +1.669923640e+000 -3.009200764e+002 -3.009200764e+002 -1.3159e+000 +3.4251e-001 +2.4982e+000 -4.9351e-001 -7.3704e-001
443 0 +6.792242755e-001 -3.019107757e+002 -3.019107757e+002 -1.9657e+000 +1.0211e+000 +2.4229e+000 -2.4104e-001 -3.1169e-001
503 0 +6.258003516e-001 -3.019641996e+002 -3.019641996e+002 -1.9493e+000 +1.0357e+000 +2.8856e+000 -2.2329e-001 -4.3227e-001
595 0 +4.866716193e-001 -3.021033284e+002 -3.021033284e+002 -7.4929e-001 +4.0233e-001 +9.9131e-001 -5.2901e-001 -1.7010e-001
622 0 +3.678220922e-001 -3.022221779e+002 -3.022221779e+002 -1.0172e+000 +3.4218e-001 +1.4299e+000 -5.0184e-001 -3.0504e-001
656 0 +1.798083663e-001 -3.024101916e+002 -3.024101916e+002 -1.2570e+000 +7.4857e-001 +1.4676e+000 -1.8233e-001 -3.3108e-001
659 0 +7.982108460e-002 -3.025101789e+002 -3.025101789e+002 -2.2267e-001 +3.9449e-001 -1.2046e-003 -2.8138e-001 -3.1450e-001
776 0 +2.226572064e-002 -3.025677343e+002 -3.025677343e+002 +1.4819e-002 +5.9569e-001 -1.6208e+000 -2.6430e-002 +9.0892e-003
829 0 +4.460304848e-003 -3.025855397e+002 -3.025855397e+002 +2.5471e-002 +6.6373e-002 -5.2963e-001 -2.8451e-001 -3.9174e-001
888 0 +2.770782950e-003 -3.025872292e+002 -3.025872292e+002 +4.4186e-001 -5.9794e-004 -2.0466e+000 -1.5333e-001 -1.5687e-001
936 0 +6.763421461e-004 -3.025893237e+002 -3.025893237e+002 +1.3444e-001 +1.7703e-001 -1.3603e+000 -2.0633e-001 -1.6149e-001
974 0 +5.375749444e-004 -3.025894624e+002 -3.025894624e+002 +2.4264e-001 +2.4843e-001 -1.6902e+000 -1.0269e-001 -1.4843e-001
1013 0 +4.077102789e-004 -3.025895923e+002 -3.025895923e+002 +5.8411e-002 +2.4743e-001 -9.4705e-001 -1.3631e-001 -3.2281e-001
1027 0 +1.490082417e-004 -3.025898510e+002 -3.025898510e+002 +3.3700e-001 +1.7593e-001 -1.6805e+000 -9.2645e-002 -2.2425e-001
1036 0 +2.482185135e-005 -3.025899752e+002 -3.025899752e+002 +4.2267e-001 +4.4233e-002 -1.7252e+000 -1.0893e-001 -2.8375e-001
1122 0 +8.054203136e-006 -3.025899919e+002 -3.025899919e+002 +2.9786e-001 +7.2083e-002 -1.3632e+000 -1.5199e-001 -3.2338e-001
1200 0 +1.880702087e-006 -3.025899981e+002 -3.025899981e+002 +3.4303e-001 +9.5771e-002 -1.4949e+000 -1.1159e-001 -3.1877e-001
1207 0 +1.850280626e-006 -3.025899981e+002 -3.025899981e+002 +3.7373e-001 +5.5787e-002 -1.5589e+000 -1.5359e-001 -2.9081e-001
1270 0 +3.651425118e-007 -3.025899996e+002 -3.025899996e+002 +4.2319e-001 +3.9488e-002 -1.5835e+000 -1.1669e-001 -3.3043e-001
1299 0 +2.246471809e-007 -3.025899998e+002 -3.025899998e+002 +3.9068e-001 +6.6319e-002 -1.5753e+000 -1.1728e-001 -3.1460e-001
1321 0 +8.200407819e-008 -3.025899999e+002 -3.025899999e+002 +3.7542e-001 +6.8160e-002 -1.5518e+000 -1.2509e-001 -3.0925e-001
1340 0 +5.037048822e-008 -3.025899999e+002 -3.025899999e+002 +3.8683e-001 +5.1354e-002 -1.5624e+000 -1.3134e-001 -3.0844e-001
1431 0 +1.462103683e-008 -3.025900000e+002 -3.025900000e+002 +3.9920e-001 +5.4235e-002 -1.5773e+000 -1.2494e-001 -3.1497e-001
1436 0 +1.178369757e-008 -3.025900000e+002 -3.025900000e+002 +3.9644e-001 +4.3013e-002 -1.5449e+000 -1.2997e-001 -3.2494e-001
1485 0 +1.758962753e-009 -3.025900000e+002 -3.025900000e+002 +4.1914e-001 +3.1069e-002 -1.5810e+000 -1.3539e-001 -3.2147e-001
% f evaluations | g evaluations | best noise-free fitness - Fopt (-3.065500000000e+002) + sum g_i+ | measured fitness | best measured fitness or single-digit g-values | x1 | x2...
1 0 +7.888462062e+001 -2.276653794e+002 -2.276653794e+002 -7.3175e-001 +4.5563e+000 -4.1564e+000 -1.8355e+000 -1.1262e+000
2 0 +7.453775338e+001 -2.320122466e+002 -2.320122466e+002 -2.7745e+000 -1.1042e-001 -2.3246e+000 -4.6250e-001 +3.2060e+000
7 0 +7.390692046e+001 -2.326430795e+002 -2.326430795e+002 -5.0000e+000 -5.0000e+000 -5.0000e+000 -5.0000e+000 +5.0000e+000
14 0 +7.210231863e+001 -2.344476814e+002 -2.344476814e+002 +9.5319e-001 -4.8216e+000 +3.1582e+000 -3.6113e+000 +3.0174e+000
20 0 +2.900018211e+001 -2.775498179e+002 -2.775498179e+002 -3.6105e+000 +1.1730e+000 -4.0001e+000 -3.4881e+000 -1.4215e+000
31 0 +1.892814132e+001 -2.876218587e+002 -2.876218587e+002 +2.2984e+000 -3.4297e+000 +3.6109e-001 -3.5609e+000 +3.4191e+000
228 0 +1.087714653e+001 -2.956728535e+002 -2.956728535e+002 +5.5195e-001 -3.6647e+000 +9.8435e-001 -3.8633e+000 +3.5235e+000
266 0 +1.051231120e+001 -2.960376888e+002 -2.960376888e+002 +3.4194e-001 -2.4421e+000 +7.2710e-001 -2.6366e+000 +3.3504e+000
310 0 +1.046560757e+001 -2.960843924e+002 -2.960843924e+002 +4.3252e-001 -3.5069e+000 +1.2472e+000 -3.3258e+000 +3.9937e+000
370 0 +9.868133123e+000 -2.966818669e+002 -2.966818669e+002 +4.1191e-001 -3.5039e+000 +1.1592e+000 -3.3150e+000 +3.8626e+000
407 0 +9.384837323e+000 -2.971651627e+002 -2.971651627e+002 +3.7732e-001 -3.6924e+000 +1.1916e+000 -3.5956e+000 +3.8056e+000
466 0 +9.252504278e+000 -2.972974957e+002 -2.972974957e+002 +3.9809e-001 -2.2470e+000 +1.3683e+000 -2.6657e+000 +3.3961e+000
487 0 +9.117474944e+000 -2.974325251e+002 -2.974325251e+002 +4.3510e-001 -3.4179e+000 +1.5083e+000 -3.5634e+000 +3.7384e+000
532 0 +8.812735307e+000 -2.977372647e+002 -2.977372647e+002 +4.9459e-001 -2.7348e+000 +1.2780e+000 -3.0106e+000 +3.5422e+000
2279 0 +8.072599406e+000 -2.984774006e+002 -2.984774006e+002 -4.1062e+000 +1.1870e+000 +4.5829e+000 +3.5335e+000 -2.9300e+000
2347 0 +5.279489661e+000 -3.012705103e+002 -3.012705103e+002 -1.2190e+000 +1.8273e+000 +2.9882e+000 +3.7702e+000 -3.3193e+000
2371 0 +2.992552911e+000 -3.035574471e+002 -3.035574471e+002 -3.3138e+000 -1.5440e-001 +4.5992e+000 +2.5058e+000 -2.5344e+000
2387 0 +5.965904537e-001 -3.059534095e+002 -3.059534095e+002 -2.0810e+000 -6.0446e-001 +3.6555e+000 +2.5381e+000 -2.6622e+000
2487 0 +5.668675625e-001 -3.059831324e+002 -3.059831324e+002 -3.2908e+000 -1.8112e+000 +4.2826e+000 +1.4196e+000 -2.0822e+000
2489 0 +4.997522423e-001 -3.060502478e+002 -3.060502478e+002 -2.2602e+000 -2.2666e+000 +3.3573e+000 +1.4357e+000 -2.2078e+000
2502 0 +3.910297378e-001 -3.061589703e+002 -3.061589703e+002 -2.7536e+000 -1.4234e+000 +3.5891e+000 +2.1513e+000 -2.5999e+000
2521 0 +1.467687999e-001 -3.064032312e+002 -3.064032312e+002 -2.6047e+000 -1.4366e+000 +3.8252e+000 +1.6956e+000 -2.3578e+000
2554 0 +1.184543809e-001 -3.064315456e+002 -3.064315456e+002 -3.0627e+000 -2.8232e+000 +3.6161e+000 +1.1857e+000 -2.0748e+000
2599 0 +1.078677918e-001 -3.064421322e+002 -3.064421322e+002 -3.1372e+000 -3.1549e+000 +3.4090e+000 +9.9792e-001 -2.0477e+000
2602 0 +3.523969714e-002 -3.065147603e+002 -3.065147603e+002 -2.8390e+000 -2.6093e+000 +3.6161e+000 +1.0824e+000 -2.0646e+000
2644 0 +5.342562794e-004 -3.065494657e+002 -3.065494657e+002 -3.3724e+000 -3.7564e+000 +3.7972e+000 +3.2589e-001 -1.7738e+000
2748 0 +3.810002191e-004 -3.065496190e+002 -3.065496190e+002 -3.2842e+000 -4.0108e+000 +3.6748e+000 +1.1054e-001 -1.7195e+000
2799 0 +6.623322076e-005 -3.065499338e+002 -3.065499338e+002 -3.2961e+000 -3.6592e+000 +3.7210e+000 +3.3222e-001 -1.8053e+000
2890 0 +4.568935151e-005 -3.065499543e+002 -3.065499543e+002 -3.2216e+000 -3.5987e+000 +3.6944e+000 +3.5986e-001 -1.8196e+000
2956 0 +2.916388945e-005 -3.065499708e+002 -3.065499708e+002 -3.3839e+000 -3.7494e+000 +3.7102e+000 +3.1223e-001 -1.7896e+000
2969 0 +2.775655986e-005 -3.065499722e+002 -3.065499722e+002 -3.3032e+000 -3.7838e+000 +3.6673e+000 +2.7082e-001 -1.7783e+000
2996 0 +1.022150451e-005 -3.065499898e+002 -3.065499898e+002 -3.4713e+000 -3.7752e+000 +3.7767e+000 +2.8188e-001 -1.7523e+000
3034 0 +6.278296325e-006 -3.065499937e+002 -3.065499937e+002 -3.2634e+000 -3.6181e+000 +3.6865e+000 +3.7512e-001 -1.8141e+000
3063 0 +3.429735045e-006 -3.065499966e+002 -3.065499966e+002 -3.3541e+000 -3.7437e+000 +3.7070e+000 +2.8610e-001 -1.7778e+000
3067 0 +1.081413700e-006 -3.065499989e+002 -3.065499989e+002 -3.3417e+000 -3.7412e+000 +3.7119e+000 +2.9539e-001 -1.7768e+000
3069 0 +1.819960858e-007 -3.065499998e+002 -3.065499998e+002 -3.3736e+000 -3.6777e+000 +3.7006e+000 +3.5134e-001 -1.7990e+000
3117 0 +2.703450264e-008 -3.065500000e+002 -3.065500000e+002 -3.3744e+000 -3.6430e+000 +3.7203e+000 +3.7216e-001 -1.8013e+000
3165 0 +1.421943807e-008 -3.065500000e+002 -3.065500000e+002 -3.3692e+000 -3.6477e+000 +3.7092e+000 +3.6869e-001 -1.8015e+000
3228 0 +1.066462119e-008 -3.065500000e+002 -3.065500000e+002 -3.3579e+000 -3.6850e+000 +3.7099e+000 +3.3737e-001 -1.7898e+000
3250 0 +6.712696177e-009 -3.065500000e+002 -3.065500000e+002 -3.3599e+000 -3.6633e+000 +3.7171e+000 +3.5281e-001 -1.7954e+000
