% f evaluations | g evaluations | best noise-free fitness - Fopt (-1.000000000000e+003) + sum g_i+ | measured fitness | best measured fitness or single-digit g-values | x1 | x2...
1 0 +4.490931859e+001 -9.550906814e+002 -9.550906814e+002 -3.4699e-001 -5.5192e-001 +3.9638e+000
2 0 +3.937674339e+001 -9.606232566e+002 -9.606232566e+002 -1.5264e+000 -4.0961e+000 -1.2614e+000
11 0 +2.198912654e+001 -9.780108735e+002 -9.780108735e+002 +4.8725e-001 -2.7437e-001 +1.2824e+000
12 0 +2.081499804e+001 -9.791850020e+002 -9.791850020e+002 +2.8940e+000 +2.7800e+000 -2.1821e-001
15 0 +1.352757375e+001 -9.864724262e+002 -9.864724262e+002 +2.9403e-001 +2.0025e+000 +2.7861e+000
18 0 +8.249239611e+000 -9.917507604e+002 -9.917507604e+002 +3.4782e+000 +3.7060e+000 +1.9179e-001
20 0 +4.611994812e-001 -9.995388005e+002 -9.995388005e+002 +2.8790e-001 +9.8046e-002 +2.2963e+000
113 0 +2.054850674e-001 -9.997945149e+002 -9.997945149e+002 -6.5724e-001 -8.4371e-001 +1.6518e+000
140 0 +4.668804788e-002 -9.999533120e+002 -9.999533120e+002 +1.7625e-001 +8.7635e-002 +2.1104e+000
159 0 +3.291879010e-002 -9.999670812e+002 -9.999670812e+002 +1.9483e-001 -6.3388e-002 +2.0777e+000
208 0 +4.819348120e-003 -9.999951807e+002 -9.999951807e+002 +7.5456e-001 +4.0301e-001 +2.4234e+000
209 0 +3.645462830e-003 -9.999963545e+002 -9.999963545e+002 +1.2762e+000 +7.1817e-001 +2.5811e+000
217 0 +2.146513929e-003 -9.999978535e+002 -9.999978535e+002 +1.6509e+000 +1.0804e+000 +2.8166e+000
233 0 +1.401240401e-003 -9.999985988e+002 -9.999985988e+002 +1.3554e+000 +8.3022e-001 +2.6459e+000
270 0 +1.251507712e-003 -9.999987485e+002 -9.999987485e+002 +8.2730e-001 +5.0817e-001 +2.4411e+000
276 0 +9.100913306e-004 -9.999990899e+002 -9.999990899e+002 +9.3779e-001 +5.7333e-001 +2.4964e+000
277 0 +6.022050057e-004 -9.999993978e+002 -9.999993978e+002 +1.2922e+000 +7.2087e-001 +2.6000e+000
282 0 +4.516431443e-004 -9.999995484e+002 -9.999995484e+002 +8.9720e-001 +4.9441e-001 +2.4581e+000
289 0 +2.935487628e-004 -9.999997065e+002 -9.999997065e+002 +1.2501e+000 +6.9780e-001 +2.5860e+000
297 0 +2.778660564e-005 -9.999999722e+002 -9.999999722e+002 +1.3030e+000 +7.5459e-001 +2.6321e+000
306 0 +2.516836116e-005 -9.999999748e+002 -9.999999748e+002 +1.1274e+000 +5.9231e-001 +2.5455e+000
329 0 +5.666932225e-006 -9.999999943e+002 -9.999999943e+002 +1.3005e+000 +7.2690e-001 +2.6235e+000
371 0 +3.829245998e-006 -9.999999962e+002 -9.999999962e+002 +1.4926e+000 +7.9596e-001 +2.6945e+000
374 0 +2.119440978e-006 -9.999999979e+002 -9.999999979e+002 +1.3819e+000 +7.7192e-001 +2.6609e+000
383 0 +4.729281500e-007 -9.999999995e+002 -9.999999995e+002 +1.2990e+000 +6.9405e-001 +2.6122e+000
395 0 +2.255131903e-007 -9.999999998e+002 -9.999999998e+002 +1.3313e+000 +7.1799e-001 +2.6279e+000
402 0 +2.051505135e-007 -9.999999998e+002 -9.999999998e+002 +1.3829e+000 +7.2205e-001 +2.6442e+000
404 0 +4.862818059e-008 -1.000000000e+003 -1.000000000e+003 +1.3014e+000 +6.8628e-001 +2.6129e+000
410 0 +1.894136403e-008 -1.000000000e+003 -1.000000000e+003 +1.3137e+000 +6.9606e-001 +2.6187e+000
426 0 +1.753153356e-008 -1.000000000e+003 -1.000000000e+003 +1.3768e+000 +7.3085e-001 +2.6446e+000
446 0 +1.580565367e-008 -1.000000000e+003 -1.000000000e+003 +1.3149e+000 +6.9436e-001 +2.6186e+000
461 0 +1.410512596e-008 -1.000000000e+003 -1.000000000e+003 +1.3199e+000 +7.0524e-001 +2.6231e+000
471 0 +1.524767868e-009 -1.000000000e+003 -1.000000000e+003 +1.3484e+000 +7.1796e-001 +2.6338e+000
% f evaluations | g evaluations | best noise-free fitness - Fopt (1.000000000000e+003) + sum g_i+ | measured fitness | best measured fitness or single-digit g-values | x1 | x2...
1 0 +5.464452574e+001 +1.054644526e+003 +1.054644526e+003 +9.5715e-001 +1.4986e+000 -3.9802e-001
6 0 +3.561671985e+001 +1.035616720e+003 +1.035616720e+003 -4.5939e-001 -1.4935e+000 -2.6001e-001
8 0 +2.291546465e+001 +1.022915465e+003 +1.022915465e+003 +1.1151e-001 -4.5717e-001 -5.0000e+000
27 0 +2.426410915e+000 +1.002426411e+003 +1.002426411e+003 +1.0655e+000 -3.7487e+000 -2.3510e+000
49 0 +4.986098387e-001 +1.000498610e+003 +1.000498610e+003 +4.1604e-001 -2.9183e+000 -1.9762e+000
70 0 +2.173574464e-001 +1.000217357e+003 +1.000217357e+003 +6.8739e-001 -3.0198e+000 -2.5134e+000
155 0 +9.826111163e-003 +1.000009826e+003 +1.000009826e+003 -3.3689e-001 -1.8579e+000 -1.8702e+000
229 0 +4.483700795e-003 +1.000004484e+003 +1.000004484e+003 -3.5041e-001 -1.8443e+000 -1.8951e+000
260 0 +3.965502421e-003 +1.000003966e+003 +1.000003966e+003 -3.8268e-001 -1.7987e+000 -1.9022e+000
261 0 +2.899332585e-003 +1.000002899e+003 +1.000002899e+003 -9.4936e-002 -2.1388e+000 -2.0782e+000
285 0 +8.366230377e-004 +1.000000837e+003 +1.000000837e+003 -3.7692e-001 -1.7788e+000 -2.0782e+000
313 0 +2.538641638e-004 +1.000000254e+003 +1.000000254e+003 -5.4017e-001 -1.6306e+000 -2.0880e+000
325 0 +2.102747134e-004 +1.000000210e+003 +1.000000210e+003 -5.7321e-001 -1.5925e+000 -2.0750e+000
335 0 +3.949091104e-005 +1.000000039e+003 +1.000000039e+003 -4.9576e-001 -1.6576e+000 -2.0711e+000
381 0 +1.851605634e-005 +1.000000019e+003 +1.000000019e+003 -5.7939e-001 -1.5539e+000 -2.0717e+000
396 0 +9.263884067e-006 +1.000000009e+003 +1.000000009e+003 -6.5952e-001 -1.4578e+000 -2.0894e+000
401 0 +6.542034498e-006 +1.000000007e+003 +1.000000007e+003 -5.7622e-001 -1.5678e+000 -2.0542e+000
409 0 +6.248394811e-006 +1.000000006e+003 +1.000000006e+003 -7.3135e-001 -1.3813e+000 -2.0886e+000
419 0 +4.928756425e-007 +1.000000000e+003 +1.000000000e+003 -6.5491e-001 -1.4720e+000 -2.0694e+000
437 0 +4.411912187e-007 +1.000000000e+003 +1.000000000e+003 -7.0707e-001 -1.4131e+000 -2.0707e+000
441 0 +1.409923698e-007 +1.000000000e+003 +1.000000000e+003 -6.9122e-001 -1.4268e+000 -2.0608e+000
452 0 +3.848299457e-010 +1.000000000e+003 +1.000000000e+003 -7.1397e-001 -1.4042e+000 -2.0557e+000
% f evaluations | g evaluations | best noise-free fitness - Fopt (-4.913000000000e+001) + sum g_i+ | measured fitness | best measured fitness or single-digit g-values | x1 | x2...
1 0 +2.831283131e+001 -2.081716869e+001 -2.081716869e+001 +3.9470e+000 -3.5568e+000 +3.8075e+000
4 0 +1.675943659e+001 -3.237056341e+001 -3.237056341e+001 -2.5883e+000 -7.8076e-001 +2.9688e+000
20 0 +7.359994523e+000 -4.177000548e+001 -4.177000548e+001 -4.1636e+000 -1.1330e+000 +4.8931e+000
33 0 +2.025453559e+000 -4.710454644e+001 -4.710454644e+001 -6.9464e-002 +7.0878e-001 +2.2096e+000
258 0 +1.974854096e+000 -4.715514590e+001 -4.715514590e+001 -3.9112e-003 +7.0406e-001 +2.1697e+000
717 0 +1.286534237e+000 -4.784346576e+001 -4.784346576e+001 -2.9131e+000 -1.0533e+000 +4.2081e+000
886 0 +9.611403845e-001 -4.816885962e+001 -4.816885962e+001 -3.3563e+000 -1.0459e+000 +4.5679e+000
904 0 +7.255920022e-001 -4.840440800e+001 -4.840440800e+001 -3.1817e+000 -1.0279e+000 +4.5445e+000
914 0 +7.083085561e-001 -4.842169144e+001 -4.842169144e+001 -3.1175e+000 -1.0043e+000 +4.5144e+000
963 0 +7.028235920e-001 -4.842717641e+001 -4.842717641e+001 -3.1408e+000 -9.8496e-001 +4.4736e+000
1768 0 +3.793002623e-001 -4.875069974e+001 -4.875069974e+001 +2.2134e+000 +4.3460e-001 +3.1481e+000
1870 0 +1.654133696e-001 -4.896458663e+001 -4.896458663e+001 +3.4598e+000 +2.0498e+000 +3.1289e+000
2023 0 +5.337157884e-002 -4.907662842e+001 -4.907662842e+001 +3.4342e+000 +2.0658e+000 +3.1286e+000
2244 0 +1.547456318e-002 -4.911452544e+001 -4.911452544e+001 +3.2811e+000 +1.9474e+000 +3.1286e+000
2387 0 +1.349927504e-002 -4.911650072e+001 -4.911650072e+001 +3.3140e+000 +2.0151e+000 +3.5621e+000
2439 0 +8.480641540e-006 -4.912999152e+001 -4.912999152e+001 +3.7078e+000 +2.5744e+000 +3.3117e+000
2524 0 +3.144117500e-008 -4.912999997e+001 -4.912999997e+001 +3.7854e+000 +2.6748e+000 +3.3248e+000
2618 0 +1.551347140e-008 -4.912999998e+001 -4.912999998e+001 +3.7675e+000 +2.6488e+000 +3.3148e+000
2649 0 +5.042863904e-010 -4.913000000e+001 -4.913000000e+001 +3.7691e+000 +2.6532e+000 +3.3242e+000
% f evaluations | g evaluations | best noise-free fitness - Fopt (2.977300000000e+002) + sum g_i+ | measured fitness | best measured fitness or single-digit g-values | x1 | x2...
1 0 +5.270586203e+001 +3.504358620e+002 +3.504358620e+002 -2.4793e-001 +3.3577e+000 -1.1072e-001
3 0 +4.272070666e+001 +3.404507067e+002 +3.404507067e+002 +1.6757e+000 +1.2750e+000 +6.7830e-001
6 0 +6.442619325e+000 +3.041726193e+002 +3.041726193e+002 +3.0563e+000 +1.1653e+000 -9.7799e-001
15 0 +2.571580617e+000 +3.003015806e+002 +3.003015806e+002 +4.8281e+000 +1.9314e+000 -1.7306e+000
69 0 +2.123303443e+000 +2.998533034e+002 +2.998533034e+002 +3.4899e+000 +1.1609e+000 -1.4877e+000
80 0 +2.036265551e+000 +2.997662656e+002 +2.997662656e+002 +3.8094e+000 +1.3106e+000 -1.5054e+000
88 0 +1.962577606e+000 +2.996925776e+002 +2.996925776e+002 +3.8526e+000 +1.5412e+000 -1.5596e+000
1934 0 +1.223471710e+000 +2.989534717e+002 +2.989534717e+002 -1.7064e+000 +4.4283e+000 +1.4523e+000
2018 0 +3.422724330e-002 +2.977642272e+002 +2.977642272e+002 -3.4904e+000 +6.9162e-001 +3.8695e+000
2038 0 +3.584671584e-003 +2.977335847e+002 +2.977335847e+002 -3.4904e+000 +6.9162e-001 +3.6846e+000
2292 0 +1.090572582e-003 +2.977310906e+002 +2.977310906e+002 -4.5374e+000 +5.6457e-001 +4.1261e+000
2351 0 +4.304889430e-004 +2.977304305e+002 +2.977304305e+002 -4.3670e+000 +5.8376e-001 +4.0565e+000
2436 0 +2.663735228e-005 +2.977300266e+002 +2.977300266e+002 -3.9207e+000 +6.6502e-001 +3.8650e+000
2449 0 +4.881601399e-006 +2.977300049e+002 +2.977300049e+002 -3.9453e+000 +6.3212e-001 +3.9186e+000
2461 0 +1.026527684e-006 +2.977300010e+002 +2.977300010e+002 -3.6638e+000 +6.7320e-001 +3.8074e+000
2499 0 +2.597781190e-007 +2.977300003e+002 +2.977300003e+002 -3.7295e+000 +6.7525e-001 +3.8112e+000
2542 0 +2.697788659e-010 +2.977300000e+002 +2.977300000e+002 -3.7828e+000 +6.5959e-001 +3.8465e+000
% f evaluations | g evaluations | best noise-free fitness - Fopt (5.157000000000e+001) + sum g_i+ | measured fitness | best measured fitness or single-digit g-values | x1 | x2...
1 0 +6.191986962e+001 +1.134898696e+002 +1.134898696e+002 +4.4886e+000 -3.2760e+000 -2.8427e+000
2 0 +5.383717481e+001 +1.054071748e+002 +1.054071748e+002 -3.6428e+000 +3.9411e+000 -4.0979e+000
6 0 +1.435127270e+001 +6.592127270e+001 +6.592127270e+001 +4.3868e-002 -4.4950e+000 -4.9114e-001
9 0 +1.138232048e+001 +6.295232048e+001 +6.295232048e+001 -4.8967e+000 +4.0006e+000 +1.0760e+000
21 0 +1.038614139e+001 +6.195614139e+001 +6.195614139e+001 -1.5922e+000 +2.7206e+000 +3.9376e+000
78 0 +8.168837073e+000 +5.973883707e+001 +5.973883707e+001 +1.2951e+000 -3.0075e+000 +3.4508e+000
85 0 +7.196451656e+000 +5.876645166e+001 +5.876645166e+001 +1.9484e+000 -1.3604e+000 +1.2862e+000
92 0 +2.087010124e+000 +5.365701012e+001 +5.365701012e+001 +1.8133e+000 -1.1947e+000 +4.9887e+000
123 0 +1.698642583e+000 +5.326864258e+001 +5.326864258e+001 +1.8074e+000 -1.4715e+000 +4.3269e+000
167 0 +7.827147936e-001 +5.235271479e+001 +5.235271479e+001 +1.9798e+000 -2.0539e+000 +4.4736e+000
210 0 +7.411428090e-001 +5.231114281e+001 +5.231114281e+001 +1.8845e+000 -1.8419e+000 +4.5439e+000
217 0 +7.212311104e-001 +5.229123111e+001 +5.229123111e+001 +1.9037e+000 -1.8738e+000 +4.5068e+000
255 0 +7.073097339e-001 +5.227730973e+001 +5.227730973e+001 +1.8904e+000 -1.8858e+000 +4.4622e+000
2930 0 +5.038712093e-001 +5.207387121e+001 +5.207387121e+001 +4.6709e+000 +5.2431e-001 +4.2964e-001
3129 0 +3.983637295e-003 +5.157398364e+001 +5.157398364e+001 +1.9318e+000 +1.4207e+000 -2.5876e+000
3346 0 +3.694325763e-003 +5.157369433e+001 +5.157369433e+001 +1.3917e+000 +1.4193e+000 -2.8048e+000
3390 0 +2.601857461e-003 +5.157260186e+001 +5.157260186e+001 +2.5862e+000 +1.1215e+000 -1.7172e+000
3411 0 +6.949431344e-004 +5.157069494e+001 +5.157069494e+001 +1.7835e+000 +1.3065e+000 -2.3946e+000
3427 0 +2.560804888e-004 +5.157025608e+001 +5.157025608e+001 +1.9883e+000 +1.3465e+000 -2.4249e+000
3452 0 +1.860613652e-004 +5.157018606e+001 +5.157018606e+001 +1.8685e+000 +1.3234e+000 -2.4239e+000
3530 0 +1.501682102e-004 +5.157015017e+001 +5.157015017e+001 +2.3313e+000 +1.2154e+000 -2.0048e+000
3533 0 +4.753257910e-005 +5.157004753e+001 +5.157004753e+001 +2.0803e+000 +1.2947e+000 -2.2771e+000
3554 0 +2.040784821e-006 +5.157000204e+001 +5.157000204e+001 +1.9962e+000 +1.3021e+000 -2.3069e+000
3601 0 +2.440269000e-007 +5.157000024e+001 +5.157000024e+001 +2.0701e+000 +1.2789e+000 -2.2247e+000
3642 0 +3.239250645e-009 +5.157000000e+001 +5.157000000e+001 +2.0577e+000 +1.2848e+000 -2.2335e+000
% f evaluations | g evaluations | best noise-free fitness - Fopt (1.527100000000e+002) + sum g_i+ | measured fitness | best measured fitness or single-digit g-values | x1 | x2...
1 0 +6.269720282e+001 +2.154072028e+002 +2.154072028e+002 +4.3666e+000 +2.0899e+000 +3.4845e+000
2 0 +1.354073932e+001 +1.662507393e+002 +1.662507393e+002 -7.1334e-001 -1.4545e+000 +1.5160e+000
10 0 +4.207479284e+000 +1.569174793e+002 +1.569174793e+002 -7.8473e-002 -2.0211e+000 +1.6217e+000
66 0 +4.865103421e-001 +1.531965103e+002 +1.531965103e+002 -4.8893e-001 -2.8167e+000 +2.3695e+000
137 0 +1.015296773e-001 +1.528115297e+002 +1.528115297e+002 -8.9143e-001 -2.5245e+000 +2.3815e+000
174 0 +2.418037294e-002 +1.527341804e+002 +1.527341804e+002 -1.5351e+000 -2.2535e+000 +2.4257e+000
193 0 +6.972227146e-003 +1.527169722e+002 +1.527169722e+002 -2.9972e+000 -1.5363e+000 +2.5921e+000
209 0 +3.891134887e-003 +1.527138911e+002 +1.527138911e+002 -2.3362e+000 -1.8295e+000 +2.5370e+000
224 0 +3.680752717e-003 +1.527136808e+002 +1.527136808e+002 -2.1968e+000 -1.8976e+000 +2.4904e+000
227 0 +3.313088172e-003 +1.527133131e+002 +1.527133131e+002 -2.6262e+000 -1.7596e+000 +2.5030e+000
232 0 +2.069523040e-004 +1.527102070e+002 +1.527102070e+002 -2.6178e+000 -1.7534e+000 +2.4750e+000
250 0 +2.775587095e-005 +1.527100278e+002 +1.527100278e+002 -3.1016e+000 -1.5228e+000 +2.5199e+000
255 0 +6.587564172e-006 +1.527100066e+002 +1.527100066e+002 -2.9619e+000 -1.5977e+000 +2.4809e+000
285 0 +3.968126236e-007 +1.527100004e+002 +1.527100004e+002 -3.0240e+000 -1.5689e+000 +2.4917e+000
304 0 +1.836708350e-007 +1.527100002e+002 +1.527100002e+002 -2.9983e+000 -1.5918e+000 +2.4783e+000
343 0 +1.580708613e-007 +1.527100002e+002 +1.527100002e+002 -3.0461e+000 -1.5784e+000 +2.4765e+000
348 0 +4.410227916e-008 +1.527100000e+002 +1.527100000e+002 -3.0666e+000 -1.5600e+000 +2.4813e+000
355 0 +4.305218226e-008 +1.527100000e+002 +1.527100000e+002 -3.0276e+000 -1.5774e+000 +2.4837e+000
358 0 +6.496350125e-010 +1.527100000e+002 +1.527100000e+002 -3.0888e+000 -1.5520e+000 +2.4838e+000
% f evaluations | g evaluations | best noise-free fitness - Fopt (9.980000000000e+001) + sum g_i+ | measured fitness | best measured fitness or single-digit g-values | x1 | x2...
1 0 +7.249264602e+001 +1.722926460e+002 +1.722926460e+002 +4.1962e+000 -1.1690e+000 -3.2943e+000
2 0 +3.125200286e+001 +1.310520029e+002 +1.310520029e+002 +4.8838e+000 -1.0619e+000 +3.1397e+000
7 0 +1.842697499e+001 +1.182269750e+002 +1.182269750e+002 -4.1544e+000 -4.9867e+000 -4.0133e+000
16 0 +1.093795605e+001 +1.107379561e+002 +1.107379561e+002 +4.4636e-001 -4.1146e+000 +9.0461e-001
20 0 +6.947483356e+000 +1.067474834e+002 +1.067474834e+002 -2.5694e+000 -4.4330e+000 +1.2086e+000
53 0 +1.514279579e+000 +1.013142796e+002 +1.013142796e+002 -1.6666e+000 -1.4429e-001 +1.5485e+000
131 0 +4.650833979e-001 +1.002650834e+002 +1.002650834e+002 -9.0268e-001 +3.2516e-002 +3.1575e+000
264 0 +2.189290637e-001 +1.000189291e+002 +1.000189291e+002 -1.5731e+000 -5.8705e-002 +2.6140e+000
325 0 +1.215905526e-003 +9.980121591e+001 +9.980121591e+001 -2.2183e+000 -5.3352e-002 +2.2754e+000
334 0 +9.566307642e-004 +9.980095663e+001 +9.980095663e+001 -2.7671e+000 -1.3737e-001 +1.6649e+000
335 0 +5.891594540e-006 +9.980000589e+001 +9.980000589e+001 -2.3517e+000 -6.2483e-002 +2.1001e+000
380 0 +3.528262042e-006 +9.980000353e+001 +9.980000353e+001 -2.2298e+000 -4.2259e-002 +2.1599e+000
428 0 +3.400754309e-006 +9.980000340e+001 +9.980000340e+001 -2.2138e+000 -4.2259e-002 +2.1630e+000
441 0 +3.331307937e-006 +9.980000333e+001 +9.980000333e+001 -2.1764e+000 -4.6106e-002 +2.1807e+000
449 0 +1.348825549e-007 +9.980000013e+001 +9.980000013e+001 -2.2902e+000 -5.4044e-002 +2.1213e+000
499 0 +8.762853554e-008 +9.980000009e+001 +9.980000009e+001 -2.2849e+000 -5.4458e-002 +2.1318e+000
506 0 +1.194848664e-008 +9.980000001e+001 +9.980000001e+001 -2.2692e+000 -5.1262e-002 +2.1416e+000
518 0 +3.210075761e-009 +9.980000000e+001 +9.980000000e+001 -2.2597e+000 -5.0178e-002 +2.1489e+000
% f evaluations | g evaluations | best noise-free fitness - Fopt (-1.194100000000e+002) + sum g_i+ | measured fitness | best measured fitness or single-digit g-values | x1 | x2...
1 0 +6.452649566e+001 -5.488350434e+001 -5.488350434e+001 -3.3866e-001 +4.5453e+000 +4.0631e-001
2 0 +5.740939665e+001 -6.200060335e+001 -6.200060335e+001 +6.4633e-001 -8.5100e-001 -4.2733e+000
6 0 +5.242807649e+001 -6.698192351e+001 -6.698192351e+001 +4.5779e+000 +1.4595e+000 -1.7204e+000
9 0 +4.136686101e+000 -1.152733139e+002 -1.152733139e+002 -2.6486e+000 -4.1752e+000 -3.2680e+000
93 0 +4.023615794e+000 -1.153863842e+002 -1.153863842e+002 -2.6486e+000 -3.4724e+000 -2.9298e+000
94 0 +1.954660822e+000 -1.174553392e+002 -1.174553392e+002 -3.0511e+000 -3.5560e+000 -2.6299e+000
119 0 +1.107760773e+000 -1.183022392e+002 -1.183022392e+002 -3.0163e+000 -4.0811e+000 -2.5052e+000
141 0 +1.085528724e+000 -1.183244713e+002 -1.183244713e+002 -3.2238e+000 -4.1362e+000 -2.5931e+000
169 0 +8.118423237e-001 -1.185981577e+002 -1.185981577e+002 -3.2670e+000 -4.1403e+000 -2.4139e+000
186 0 +7.455344231e-001 -1.186644656e+002 -1.186644656e+002 -3.1744e+000 -3.9672e+000 -2.3741e+000
207 0 +6.995781095e-001 -1.187104219e+002 -1.187104219e+002 -3.2468e+000 -3.9727e+000 -2.3417e+000
599 0 +3.597473665e-001 -1.190502526e+002 -1.190502526e+002 -3.8925e+000 +1.8921e-001 +1.5741e+000
655 0 +3.114117442e-001 -1.190985883e+002 -1.190985883e+002 -2.8958e+000 +1.8921e-001 +1.9236e+000
738 0 +1.044433964e-001 -1.193055566e+002 -1.193055566e+002 -1.4841e+000 +3.6447e-001 +2.8029e+000
750 0 +7.946047095e-002 -1.193305395e+002 -1.193305395e+002 -2.4951e+000 +2.9130e-001 +2.6346e+000
762 0 +5.473453717e-003 -1.194045265e+002 -1.194045265e+002 -2.2419e+000 +3.4296e-001 +2.5117e+000
800 0 +3.681063735e-003 -1.194063189e+002 -1.194063189e+002 -5.0473e-001 +5.4516e-001 +3.6330e+000
841 0 +1.696649523e-003 -1.194083034e+002 -1.194083034e+002 -9.2292e-001 +5.4050e-001 +3.4617e+000
867 0 +5.237882493e-004 -1.194094762e+002 -1.194094762e+002 -1.2625e+000 +4.8066e-001 +3.3355e+000
868 0 +1.197916788e-008 -1.194100000e+002 -1.194100000e+002 -1.3022e+000 +4.6829e-001 +3.1653e+000
998 0 +1.153168228e-009 -1.194100000e+002 -1.194100000e+002 -1.2738e+000 +4.7126e-001 +3.1937e+000
% f evaluations | g evaluations | best noise-free fitness - Fopt (1.077000000000e+001) + sum g_i+ | measured fitness | best measured fitness or single-digit g-values | x1 | x2...
1 0 +8.589654340e+001 +9.666654340e+001 +9.666654340e+001 +3.8565e+000 -4.5627e+000 +3.6750e+000
2 0 +6.794039720e+001 +7.871039720e+001 +7.871039720e+001 -2.0657e+000 -6.6636e-001 -1.0579e+000
8 0 +5.014877930e+001 +6.091877930e+001 +6.091877930e+001 +5.0000e+000 -2.9697e+000 -4.8733e-001
9 0 +1.365964165e+001 +2.442964165e+001 +2.442964165e+001 +1.7365e+000 -1.8385e+000 +1.1305e+000
11 0 +8.833628577e-003 +1.077883363e+001 +1.077883363e+001 +1.4731e+000 -1.5260e+000 -6.0062e-001
90 0 +7.632086411e-003 +1.077763209e+001 +1.077763209e+001 +7.5146e-001 -1.7673e+000 -4.8919e-001
119 0 +3.548357587e-003 +1.077354836e+001 +1.077354836e+001 +1.7090e+000 -1.4700e+000 -6.0062e-001
144 0 +1.389558562e-003 +1.077138956e+001 +1.077138956e+001 +2.3856e+000 -1.2965e+000 -6.0128e-001
155 0 +2.658575567e-004 +1.077026586e+001 +1.077026586e+001 +1.8116e+000 -1.4597e+000 -5.4108e-001
178 0 +1.295130155e-004 +1.077012951e+001 +1.077012951e+001 +2.0195e+000 -1.4151e+000 -4.5797e-001
191 0 +1.097899686e-006 +1.077000110e+001 +1.077000110e+001 +1.8751e+000 -1.4655e+000 -4.7730e-001
216 0 +4.252839911e-007 +1.077000043e+001 +1.077000043e+001 +1.7818e+000 -1.4893e+000 -4.7765e-001
256 0 +6.935939467e-008 +1.077000007e+001 +1.077000007e+001 +1.7124e+000 -1.5110e+000 -4.4734e-001
257 0 +4.781388796e-008 +1.077000005e+001 +1.077000005e+001 +1.7922e+000 -1.4882e+000 -4.6827e-001
274 0 +1.635504709e-008 +1.077000002e+001 +1.077000002e+001 +1.7416e+000 -1.5035e+000 -4.5748e-001
287 0 +3.240963053e-010 +1.077000000e+001 +1.077000000e+001 +1.7627e+000 -1.4970e+000 -4.5745e-001
% f evaluations | g evaluations | best noise-free fitness - Fopt (2.137000000000e+001) + sum g_i+ | measured fitness | best measured fitness or single-digit g-values | x1 | x2...
1 0 +6.832890110e+001 +8.969890110e+001 +8.969890110e+001 -2.8901e+000 +1.4117e+000 -2.4478e+000
3 0 +6.453953890e+001 +8.590953890e+001 +8.590953890e+001 -3.6406e+000 +1.0421e+000 -2.4912e+000
4 0 +5.916524265e+001 +8.053524265e+001 +8.053524265e+001 -4.7997e-001 -3.3142e+000 +3.5675e+000
11 0 +4.948214320e+001 +7.085214320e+001 +7.085214320e+001 -2.7808e+000 -3.3515e+000 -1.8968e-002
17 0 +4.468964885e+001 +6.605964885e+001 +6.605964885e+001 -4.3869e+000 -4.4420e+000 +3.6430e-002
18 0 +3.661328626e+001 +5.798328626e+001 +5.798328626e+001 -2.8069e+000 -3.0562e+000 -3.9871e+000
23 0 +3.372473167e+001 +5.509473167e+001 +5.509473167e+001 -2.7081e+000 -2.0296e+000 +9.1538e-001
24 0 +3.178246165e+001 +5.315246165e+001 +5.315246165e+001 -2.7673e+000 -2.0692e+000 +9.4202e-001
32 0 +1.886450279e+001 +4.023450279e+001 +4.023450279e+001 -3.2548e+000 -3.4601e+000 +9.6624e-001
33 0 +1.040093588e+001 +3.177093588e+001 +3.177093588e+001 +6.7798e-001 -7.7461e-002 -1.7320e+000
70 0 +4.648997970e+000 +2.601899797e+001 +2.601899797e+001 +1.9343e+000 -1.3548e+000 -3.8472e+000
71 0 +2.131411287e+000 +2.350141129e+001 +2.350141129e+001 +5.4012e-001 -9.4949e-001 -7.7890e-001
95 0 +2.038201568e+000 +2.340820157e+001 +2.340820157e+001 +4.8656e-001 -1.0628e+000 -7.7890e-001
105 0 +3.028234703e-001 +2.167282347e+001 +2.167282347e+001 +1.0834e+000 +1.2416e-001 -1.0936e+000
115 0 +2.861987789e-001 +2.165619878e+001 +2.165619878e+001 +1.1118e+000 +3.2173e-001 -1.2857e+000
153 0 +9.392653970e-002 +2.146392654e+001 +2.146392654e+001 +1.6952e+000 +8.8184e-001 -1.1169e+000
216 0 +9.169373521e-002 +2.146169374e+001 +2.146169374e+001 +1.7132e+000 +8.4272e-001 -1.0167e+000
244 0 +5.294382870e-002 +2.142294383e+001 +2.142294383e+001 +2.0890e+000 +1.4297e+000 -1.0205e+000
246 0 +4.102628941e-002 +2.141102629e+001 +2.141102629e+001 +1.8330e+000 +1.1949e+000 -1.1065e+000
268 0 +2.929250748e-002 +2.139929251e+001 +2.139929251e+001 +1.7958e+000 +1.1755e+000 -1.1494e+000
269 0 +1.480612744e-002 +2.138480613e+001 +2.138480613e+001 +1.9670e+000 +1.4931e+000 -1.1838e+000
272 0 +1.109142238e-002 +2.138109142e+001 +2.138109142e+001 +2.1549e+000 +1.7243e+000 -1.1581e+000
281 0 +3.773557997e-003 +2.137377356e+001 +2.137377356e+001 +2.4437e+000 +2.0997e+000 -1.1838e+000
285 0 +8.241177513e-005 +2.137008241e+001 +2.137008241e+001 +2.5960e+000 +2.5395e+000 -1.2895e+000
311 0 +6.559173269e-006 +2.137000656e+001 +2.137000656e+001 +2.7355e+000 +2.7830e+000 -1.3256e+000
336 0 +6.247451303e-007 +2.137000062e+001 +2.137000062e+001 +2.6325e+000 +2.6111e+000 -1.3151e+000
345 0 +3.981067351e-007 +2.137000040e+001 +2.137000040e+001 +2.6902e+000 +2.6930e+000 -1.3148e+000
377 0 +3.838787954e-007 +2.137000038e+001 +2.137000038e+001 +2.6380e+000 +2.6109e+000 -1.3155e+000
381 0 +3.461026843e-007 +2.137000035e+001 +2.137000035e+001 +2.6451e+000 +2.6226e+000 -1.3175e+000
383 0 +2.818527349e-007 +2.137000028e+001 +2.137000028e+001 +2.6571e+000 +2.6368e+000 -1.3150e+000
388 0 +1.416303519e-008 +2.137000001e+001 +2.137000001e+001 +2.6719e+000 +2.6684e+000 -1.3204e+000
404 0 +2.233029761e-009 +2.137000000e+001 +2.137000000e+001 +2.6713e+000 +2.6725e+000 -1.3228e+000
% f evaluations | g evaluations | best noise-free fitness - Fopt (1.673000000000e+001) + sum g_i+ | measured fitness | best measured fitness or single-digit g-values | x1 | x2...
1 0 +3.659546341e+001 +5.332546341e+001 +5.332546341e+001 -1.6016e+000 +3.2126e+000 +3.1334e+000
2 0 +1.191856207e+001 +2.864856207e+001 +2.864856207e+001 +3.2315e+000 +2.5004e-001 -1.0097e+000
49 0 +7.594391074e+000 +2.432439107e+001 +2.432439107e+001 +4.4499e+000 +3.6199e+000 -6.1491e-001
101 0 +4.355578952e+000 +2.108557895e+001 +2.108557895e+001 +4.1869e+000 +3.4334e+000 -1.3229e+000
181 0 +3.078625178e+000 +1.980862518e+001 +1.980862518e+001 +3.9916e+000 +3.6623e+000 -1.2608e+000
197 0 +2.619302804e+000 +1.934930280e+001 +1.934930280e+001 +3.8077e+000 +3.5872e+000 -1.3422e+000
556 0 +1.120513685e-001 +1.684205137e+001 +1.684205137e+001 -1.2135e+000 -1.2962e+000 -1.0844e+000
625 0 +3.977446946e-003 +1.673397745e+001 +1.673397745e+001 -1.1624e+000 -1.9643e+000 -1.7380e+000
664 0 +3.650542519e-003 +1.673365054e+001 +1.673365054e+001 -1.2562e+000 -1.4825e+000 -1.4216e+000
688 0 +1.504204845e-003 +1.673150420e+001 +1.673150420e+001 -1.4381e+000 -1.0118e+000 -1.2931e+000
699 0 +6.168843439e-005 +1.673006169e+001 +1.673006169e+001 -1.2648e+000 -1.6635e+000 -1.6504e+000
747 0 +2.801624141e-005 +1.673002802e+001 +1.673002802e+001 -1.1753e+000 -2.0001e+000 -1.8715e+000
760 0 +2.616403894e-005 +1.673002616e+001 +1.673002616e+001 -1.3156e+000 -1.5161e+000 -1.5985e+000
781 0 +6.364081234e-006 +1.673000636e+001 +1.673000636e+001 -1.2112e+000 -1.8342e+000 -1.7637e+000
791 0 +7.238494248e-007 +1.673000072e+001 +1.673000072e+001 -1.2682e+000 -1.6649e+000 -1.6890e+000
823 0 +5.228166806e-007 +1.673000052e+001 +1.673000052e+001 -1.2765e+000 -1.6865e+000 -1.7200e+000
840 0 +4.964562095e-010 +1.673000000e+001 +1.673000000e+001 -1.2514e+000 -1.7406e+000 -1.7329e+000
% f evaluations | g evaluations | best noise-free fitness - Fopt (1.000000000000e+003) + sum g_i+ | measured fitness | best measured fitness or single-digit g-values | x1 | x2...
1 0 +7.028817806e+001 +1.070288178e+003 +1.070288178e+003 +1.8248e+000 +4.7491e+000 -2.7335e+000
2 0 +2.736343438e+001 +1.027363434e+003 +1.027363434e+003 +4.6889e+000 -2.1424e+000 -1.1366e+000
3 0 +1.025603132e+001 +1.010256031e+003 +1.010256031e+003 +3.6438e+000 -3.2711e+000 -3.0791e+000
51 0 +7.771388471e+000 +1.007771388e+003 +1.007771388e+003 +3.6438e+000 -3.2711e+000 -2.2002e+000
66 0 +4.710731372e+000 +1.004710731e+003 +1.004710731e+003 +3.1914e+000 -2.2286e+000 -1.3308e+000
84 0 +3.646361839e+000 +1.003646362e+003 +1.003646362e+003 +2.9001e+000 -2.3231e+000 -2.1795e+000
136 0 +3.188947753e+000 +1.003188948e+003 +1.003188948e+003 +2.0621e+000 -2.6446e+000 -1.7508e+000
169 0 +1.713332546e+000 +1.001713333e+003 +1.001713333e+003 +8.8146e-001 -2.8130e+000 -9.6348e-001
217 0 +5.160846645e-001 +1.000516085e+003 +1.000516085e+003 +4.8406e-001 -2.9040e+000 +6.8959e-001
225 0 +3.685654599e-001 +1.000368565e+003 +1.000368565e+003 +8.9362e-001 -2.8166e+000 -9.6843e-002
235 0 +2.129200903e-001 +1.000212920e+003 +1.000212920e+003 +7.0793e-001 -2.8444e+000 -6.9323e-002
255 0 +1.722114614e-002 +1.000017221e+003 +1.000017221e+003 -5.8881e-001 -3.1196e+000 +9.0620e-001
267 0 +5.469651876e-004 +1.000000547e+003 +1.000000547e+003 -2.0355e+000 -3.4882e+000 +1.8473e+000
285 0 +4.775032937e-005 +1.000000048e+003 +1.000000048e+003 -1.5674e+000 -3.3675e+000 +1.6768e+000
319 0 +5.593830792e-006 +1.000000006e+003 +1.000000006e+003 -1.7620e+000 -3.4144e+000 +1.7834e+000
406 0 +4.709618338e-006 +1.000000005e+003 +1.000000005e+003 -1.6715e+000 -3.4019e+000 +1.6947e+000
414 0 +6.104293107e-007 +1.000000001e+003 +1.000000001e+003 -1.7437e+000 -3.4152e+000 +1.7444e+000
461 0 +2.387498625e-007 +1.000000000e+003 +1.000000000e+003 -1.7342e+000 -3.4131e+000 +1.7241e+000
462 0 +2.072813459e-007 +1.000000000e+003 +1.000000000e+003 -1.7238e+000 -3.4084e+000 +1.7350e+000
497 0 +1.182593223e-008 +1.000000000e+003 +1.000000000e+003 -1.7117e+000 -3.4050e+000 +1.7089e+000
513 0 +5.095444067e-009 +1.000000000e+003 +1.000000000e+003 -1.6991e+000 -3.4036e+000 +1.7022e+000
% f evaluations | g evaluations | best noise-free fitness - Fopt (-1.079600000000e+002) + sum g_i+ | measured fitness | best measured fitness or single-digit g-values | x1 | x2...
1 0 +5.997723817e+001 -4.798276183e+001 -4.798276183e+001 -1.9569e+000 +1.3363e+000 -2.6324e+000
3 0 +5.470936347e+001 -5.325063653e+001 -5.325063653e+001 +1.4834e-001 -1.3661e-001 -2.9776e-001
9 0 +2.798737604e+001 -7.997262396e+001 -7.997262396e+001 -4.7519e+000 -4.3497e+000 +2.3326e+000
10 0 +1.385771253e+001 -9.410228747e+001 -9.410228747e+001 -4.6255e-001 +2.1711e-001 -4.4499e+000
36 0 +1.340980777e+001 -9.455019223e+001 -9.455019223e+001 -1.2703e+000 -8.0917e-002 -4.7914e+000
48 0 +5.473679010e+000 -1.024863210e+002 -1.024863210e+002 -1.6434e+000 +1.0744e+000 -4.8131e+000
102 0 +2.843243311e-001 -1.076756757e+002 -1.076756757e+002 -9.9765e-001 +1.3766e+000 -8.9295e-001
198 0 +1.297832770e-003 -1.079587022e+002 -1.079587022e+002 -9.7619e-001 +1.4706e+000 -8.0443e-001
595 0 +3.379512901e-004 -1.079596620e+002 -1.079596620e+002 -1.0174e+000 +1.5610e+000 -8.3198e-001
654 0 +2.154029806e-004 -1.079597846e+002 -1.079597846e+002 -1.0615e+000 +1.5081e+000 -8.0299e-001
749 0 +1.741881689e-004 -1.079598258e+002 -1.079598258e+002 -1.1069e+000 +1.5509e+000 -7.7008e-001
763 0 +7.546603186e-006 -1.079599925e+002 -1.079599925e+002 -1.0620e+000 +1.2163e+000 -6.6433e-001
792 0 +6.675753809e-006 -1.079599933e+002 -1.079599933e+002 -1.0710e+000 +1.3908e+000 -7.3718e-001
813 0 +2.596581524e-006 -1.079599974e+002 -1.079599974e+002 -1.0305e+000 +1.1591e+000 -6.6963e-001
834 0 +1.649246144e-006 -1.079599984e+002 -1.079599984e+002 -1.0511e+000 +1.2901e+000 -7.0943e-001
849 0 +1.894861441e-007 -1.079599998e+002 -1.079599998e+002 -1.0543e+000 +1.2385e+000 -6.8533e-001
870 0 +5.528337965e-008 -1.079599999e+002 -1.079599999e+002 -1.0557e+000 +1.2164e+000 -6.7852e-001
887 0 +4.411222676e-008 -1.079600000e+002 -1.079600000e+002 -1.0567e+000 +1.1731e+000 -6.5706e-001
897 0 +9.398632983e-010 -1.079600000e+002 -1.079600000e+002 -1.0609e+000 +1.1840e+000 -6.6214e-001
% f evaluations | g evaluations | best noise-free fitness - Fopt (-3.025900000000e+002) + sum g_i+ | measured fitness | best measured fitness or single-digit g-values | x1 | x2...
1 0 +7.207309595e+001 -2.305169041e+002 -2.305169041e+002 -4.6118e-001 -2.0718e+000 -2.1278e+000
3 0 +1.442017981e+001 -2.881698202e+002 -2.881698202e+002 +3.9679e+000 -3.6223e+000 -2.0745e+000
25 0 +8.697339629e+000 -2.938926604e+002 -2.938926604e+002 +1.4754e+000 -6.6223e-001 -2.3553e+000
30 0 +8.300424160e+000 -2.942895758e+002 -2.942895758e+002 +7.5877e-001 -1.4769e+000 -1.7183e+000
32 0 +2.059646194e+000 -3.005303538e+002 -3.005303538e+002 -4.5928e-001 +1.6143e+000 +1.1633e+000
45 0 +1.868308620e+000 -3.007216914e+002 -3.007216914e+002 -5.7091e-001 +3.1905e-002 -8.2970e-001
50 0 +1.595393402e+000 -3.009946066e+002 -3.009946066e+002 +6.6884e-001 -4.5243e-001 -1.5898e+000
78 0 +4.696426536e-001 -3.021203573e+002 -3.021203573e+002 +1.6737e-002 +5.1242e-002 -1.1938e+000
99 0 +4.111624757e-001 -3.021788375e+002 -3.021788375e+002 +1.6326e-001 -7.4714e-001 -1.4794e+000
114 0 +2.315484213e-001 -3.023584516e+002 -3.023584516e+002 -2.1434e-001 -1.5137e-002 -1.0935e+000
131 0 +1.017284253e-001 -3.024882716e+002 -3.024882716e+002 -1.1153e+000 -1.4224e+000 -5.4478e-001
136 0 +1.424283610e-002 -3.025757572e+002 -3.025757572e+002 -3.3107e-001 -7.8842e-001 -1.0302e+000
172 0 +6.229293649e-003 -3.025837707e+002 -3.025837707e+002 -2.4857e-001 -7.2641e-001 -1.0989e+000
217 0 +1.632146647e-003 -3.025883679e+002 -3.025883679e+002 -6.9512e-003 -3.6311e-001 -1.2618e+000
226 0 +1.521289675e-003 -3.025884787e+002 -3.025884787e+002 +7.2279e-001 +2.2823e-001 -1.7592e+000
244 0 +7.142038689e-004 -3.025892858e+002 -3.025892858e+002 +3.0965e-001 -2.1141e-001 -1.4970e+000
255 0 +3.525522342e-004 -3.025896474e+002 -3.025896474e+002 +2.2626e-001 -2.6267e-001 -1.4419e+000
257 0 +2.108078654e-004 -3.025897892e+002 -3.025897892e+002 +2.8357e-001 -1.8824e-001 -1.4849e+000
304 0 +2.431221816e-005 -3.025899757e+002 -3.025899757e+002 +3.1878e-001 -7.1544e-002 -1.5138e+000
348 0 +2.180401054e-006 -3.025899978e+002 -3.025899978e+002 +3.7029e-001 +2.5820e-002 -1.5355e+000
383 0 +1.190840635e-006 -3.025899988e+002 -3.025899988e+002 +3.2523e-001 -3.1829e-002 -1.5081e+000
384 0 +1.293833520e-007 -3.025899999e+002 -3.025899999e+002 +4.0270e-001 +2.5820e-002 -1.5599e+000
402 0 +7.026886806e-008 -3.025899999e+002 -3.025899999e+002 +3.9411e-001 +3.7862e-002 -1.5592e+000
420 0 +1.195343202e-008 -3.025900000e+002 -3.025900000e+002 +3.9552e-001 +3.0887e-002 -1.5559e+000
427 0 +5.777053502e-009 -3.025900000e+002 -3.025900000e+002 +3.9816e-001 +3.2917e-002 -1.5580e+000
% f evaluations | g evaluations | best noise-free fitness - Fopt (-3.065500000000e+002) + sum g_i+ | measured fitness | best measured fitness or single-digit g-values | x1 | x2...
1 0 +3.573001914e+001 -2.708199809e+002 -2.708199809e+002 -1.1336e+000 -1.5266e-001 -4.9287e-001
4 0 +2.780853325e+001 -2.787414667e+002 -2.787414667e+002 -3.0550e+000 +1.7868e+000 +3.6883e+000
13 0 +1.837036345e+001 -2.881796366e+002 -2.881796366e+002 -1.3181e+000 -1.3800e+000 +2.2320e-001
27 0 +8.687306714e+000 -2.978626933e+002 -2.978626933e+002 +6.1435e-001 -3.8081e-002 +4.0827e-001
180 0 +7.125861477e+000 -2.994241385e+002 -2.994241385e+002 +3.4074e-001 +1.2344e+000 +7.8153e-001
204 0 +6.970509302e+000 -2.995794907e+002 -2.995794907e+002 +3.4010e-001 +1.0822e+000 +8.1443e-001
284 0 +6.913432156e+000 -2.996365678e+002 -2.996365678e+002 +3.4287e-001 +9.9590e-001 +8.3522e-001
296 0 +6.728467073e+000 -2.998215329e+002 -2.998215329e+002 +3.4287e-001 -6.1338e-001 +8.3522e-001
301 0 +6.268527677e+000 -3.002814723e+002 -3.002814723e+002 +2.0326e-002 -2.4637e+000 +1.4626e+000
309 0 +5.593670228e+000 -3.009563298e+002 -3.009563298e+002 -7.1318e-002 -2.0459e+000 +1.6357e+000
315 0 +5.204380967e+000 -3.013456190e+002 -3.013456190e+002 +7.9216e-002 -1.7418e+000 +1.4417e+000
331 0 +5.063507439e+000 -3.014864926e+002 -3.014864926e+002 +1.0212e-001 -1.2592e+000 +1.3460e+000
1209 0 +4.438244579e+000 -3.021117554e+002 -3.021117554e+002 +2.4360e+000 +7.2216e-001 +3.7463e+000
1214 0 +2.126920954e+000 -3.044230790e+002 -3.044230790e+002 +3.5426e+000 -1.7387e-001 +2.0257e+000
1252 0 +9.324107310e-001 -3.056175893e+002 -3.056175893e+002 -2.4009e+000 -4.0354e+000 +3.0703e+000
1377 0 +4.512448333e-001 -3.060987552e+002 -3.060987552e+002 -1.7245e+000 -4.2340e+000 +2.0041e+000
1454 0 +4.348157958e-001 -3.061151842e+002 -3.061151842e+002 -3.6938e+000 -3.7268e+000 +3.8782e+000
1507 0 +3.299376210e-001 -3.062200624e+002 -3.062200624e+002 -2.4009e+000 -4.0354e+000 +2.1902e+000
1563 0 +1.528042550e-002 -3.065347196e+002 -3.065347196e+002 -3.3656e+000 -3.5717e+000 +4.1264e+000
1614 0 +1.318889250e-002 -3.065368111e+002 -3.065368111e+002 -3.3866e+000 -3.5717e+000 +4.1264e+000
1640 0 +3.755322299e-003 -3.065462447e+002 -3.065462447e+002 -2.7748e+000 -3.9237e+000 +2.9360e+000
1712 0 +4.995288913e-005 -3.065499500e+002 -3.065499500e+002 -3.1825e+000 -3.7638e+000 +3.4670e+000
1764 0 +1.706654587e-006 -3.065499983e+002 -3.065499983e+002 -3.3851e+000 -3.6718e+000 +3.7772e+000
1838 0 +1.059153476e-006 -3.065499989e+002 -3.065499989e+002 -3.3213e+000 -3.7028e+000 +3.6574e+000
1859 0 +7.538574209e-010 -3.065500000e+002 -3.065500000e+002 -3.3797e+000 -3.6841e+000 +3.7263e+000
