% f evaluations | g evaluations | best noise-free fitness - Fopt (-5.494000000000e+001) + sum g_i+ | measured fitness | best measured fitness or single-digit g-values | x1 | x2...
1 0 +1.822694307e+007 +1.822688813e+007 +1.822688813e+007 +1.8474e+000 +3.8081e+000 +2.6480e+000
2 0 +1.555622599e+007 +1.555617105e+007 +1.555617105e+007 -8.9857e-001 +4.0487e+000 +3.4203e+000
3 0 +7.868825318e+006 +7.868770378e+006 +7.868770378e+006 +3.9462e+000 -4.7056e+000 -1.4980e-002
7 0 +5.495489243e+006 +5.495434303e+006 +5.495434303e+006 +4.4024e-001 +1.3469e+000 +4.7675e-001
11 0 +2.667451199e+004 +2.661957199e+004 +2.661957199e+004 +5.0250e-001 -4.3403e-001 +2.4651e+000
12 0 +1.498006601e+004 +1.492512601e+004 +1.492512601e+004 +5.1726e-001 -5.1748e-001 +2.3262e+000
49 0 +8.968220958e+002 +8.418820958e+002 +8.418820958e+002 -1.1732e+000 -6.2648e-001 +1.7327e+000
109 0 +5.965352332e+001 +4.713523321e+000 +4.713523321e+000 -1.4124e+000 -7.6192e-001 +1.1250e+000
137 0 +2.773068215e+001 -2.720931785e+001 -2.720931785e+001 -1.5165e+000 -6.6799e-001 +1.3884e+000
154 0 +1.986227370e+001 -3.507772630e+001 -3.507772630e+001 -1.6145e+000 -4.2556e-001 +2.1203e+000
168 0 +1.005229563e+001 -4.488770437e+001 -4.488770437e+001 -1.6106e+000 -5.7391e-001 +1.6406e+000
274 0 +8.850612776e+000 -4.608938722e+001 -4.608938722e+001 -1.6220e+000 -6.2671e-001 +1.4678e+000
298 0 +8.690251275e+000 -4.624974872e+001 -4.624974872e+001 -1.6279e+000 -6.2977e-001 +1.4558e+000
301 0 +8.464884002e+000 -4.647511600e+001 -4.647511600e+001 -1.6393e+000 -6.2801e-001 +1.4590e+000
329 0 +8.211273911e+000 -4.672872609e+001 -4.672872609e+001 -1.6364e+000 -6.4476e-001 +1.4053e+000
330 0 +8.060216701e+000 -4.687978330e+001 -4.687978330e+001 -1.6230e+000 -6.4863e-001 +1.4000e+000
334 0 +7.764408720e+000 -4.717559128e+001 -4.717559128e+001 -1.6345e+000 -6.5829e-001 +1.3644e+000
344 0 +7.463593366e+000 -4.747640663e+001 -4.747640663e+001 -1.6294e+000 -6.7635e-001 +1.3088e+000
364 0 +7.158032143e+000 -4.778196786e+001 -4.778196786e+001 -1.6485e+000 -6.9953e-001 +1.2266e+000
372 0 +6.647573319e+000 -4.829242668e+001 -4.829242668e+001 -1.6451e+000 -7.1961e-001 +1.1651e+000
384 0 +6.544440850e+000 -4.839555915e+001 -4.839555915e+001 -1.6481e+000 -7.2723e-001 +1.1398e+000
391 0 +6.430850787e+000 -4.850914921e+001 -4.850914921e+001 -1.6615e+000 -7.4912e-001 +1.0644e+000
406 0 +6.300818128e+000 -4.863918187e+001 -4.863918187e+001 -1.6593e+000 -7.5535e-001 +1.0465e+000
407 0 +6.121174657e+000 -4.881882534e+001 -4.881882534e+001 -1.6548e+000 -7.5724e-001 +1.0418e+000
413 0 +6.022958728e+000 -4.891704127e+001 -4.891704127e+001 -1.6642e+000 -7.7736e-001 +9.7451e-001
425 0 +5.773480534e+000 -4.916651947e+001 -4.916651947e+001 -1.6698e+000 -8.1373e-001 +8.5759e-001
428 0 +5.738044091e+000 -4.920195591e+001 -4.920195591e+001 -1.6832e+000 -8.4127e-001 +7.6337e-001
430 0 +5.282652195e+000 -4.965734780e+001 -4.965734780e+001 -1.6995e+000 -9.1526e-001 +5.2137e-001
439 0 +5.120898195e+000 -4.981910180e+001 -4.981910180e+001 -1.7103e+000 -9.8228e-001 +3.0465e-001
442 0 +4.891690971e+000 -5.004830903e+001 -5.004830903e+001 -1.7205e+000 -1.0646e+000 +4.0393e-002
460 0 +4.654414359e+000 -5.028558564e+001 -5.028558564e+001 -1.7121e+000 -1.0185e+000 +1.8956e-001
482 0 +4.454855112e+000 -5.048514489e+001 -5.048514489e+001 -1.7121e+000 -1.0737e+000 +1.5986e-002
485 0 +4.129679293e+000 -5.081032071e+001 -5.081032071e+001 -1.7128e+000 -1.0762e+000 +7.3618e-003
488 0 +3.841920905e+000 -5.109807909e+001 -5.109807909e+001 -1.7224e+000 -1.1266e+000 -1.5683e-001
493 0 +3.743668925e+000 -5.119633108e+001 -5.119633108e+001 -1.7210e+000 -1.1162e+000 -1.2360e-001
494 0 +3.606433210e+000 -5.133356679e+001 -5.133356679e+001 -1.7337e+000 -1.1855e+000 -3.4890e-001
504 0 +3.263761543e+000 -5.167623846e+001 -5.167623846e+001 -1.7230e+000 -1.1232e+000 -1.4850e-001
509 0 +3.183373672e+000 -5.175662633e+001 -5.175662633e+001 -1.7356e+000 -1.1925e+000 -3.7380e-001
516 0 +2.952281318e+000 -5.198771868e+001 -5.198771868e+001 -1.7285e+000 -1.1874e+000 -3.5260e-001
519 0 +2.533667311e+000 -5.240633269e+001 -5.240633269e+001 -1.7337e+000 -1.2097e+000 -4.2712e-001
524 0 +2.318201074e+000 -5.262179893e+001 -5.262179893e+001 -1.7320e+000 -1.2238e+000 -4.7059e-001
529 0 +1.784805389e+000 -5.315519461e+001 -5.315519461e+001 -1.7472e+000 -1.3323e+000 -8.2277e-001
535 0 +1.469516508e+000 -5.347048349e+001 -5.347048349e+001 -1.7442e+000 -1.3323e+000 -8.2277e-001
545 0 +1.409992045e+000 -5.353000795e+001 -5.353000795e+001 -1.7450e+000 -1.3499e+000 -8.7769e-001
551 0 +9.648950772e-001 -5.397510492e+001 -5.397510492e+001 -1.7581e+000 -1.4901e+000 -1.3296e+000
553 0 +9.399398604e-001 -5.400006014e+001 -5.400006014e+001 -1.7553e+000 -1.4976e+000 -1.3516e+000
554 0 +7.043499255e-001 -5.423565007e+001 -5.423565007e+001 -1.7417e+000 -1.4310e+000 -1.1353e+000
564 0 +1.695345569e-001 -5.477046544e+001 -5.477046544e+001 -1.7206e+000 -1.4141e+000 -1.0723e+000
567 0 +1.147622364e-002 -5.492852378e+001 -5.492852378e+001 -1.7243e+000 -1.4982e+000 -1.3413e+000
588 0 +4.439178224e-003 -5.493556082e+001 -5.493556082e+001 -1.7291e+000 -1.5293e+000 -1.4422e+000
595 0 +1.789807794e-003 -5.493821019e+001 -5.493821019e+001 -1.7253e+000 -1.4967e+000 -1.3372e+000
601 0 +1.901612592e-004 -5.493980984e+001 -5.493980984e+001 -1.7264e+000 -1.5109e+000 -1.3829e+000
630 0 +1.412012572e-004 -5.493985880e+001 -5.493985880e+001 -1.7263e+000 -1.5090e+000 -1.3766e+000
656 0 +4.820887937e-005 -5.493995179e+001 -5.493995179e+001 -1.7262e+000 -1.5072e+000 -1.3711e+000
668 0 +2.560706705e-005 -5.493997439e+001 -5.493997439e+001 -1.7265e+000 -1.5091e+000 -1.3773e+000
679 0 +1.037409935e-005 -5.493998963e+001 -5.493998963e+001 -1.7264e+000 -1.5073e+000 -1.3712e+000
686 0 +2.080650368e-006 -5.493999792e+001 -5.493999792e+001 -1.7264e+000 -1.5080e+000 -1.3736e+000
711 0 +1.320172771e-008 -5.493999999e+001 -5.493999999e+001 -1.7264e+000 -1.5080e+000 -1.3736e+000
758 0 +6.590354928e-009 -5.493999999e+001 -5.493999999e+001 -1.7264e+000 -1.5080e+000 -1.3736e+000
% f evaluations | g evaluations | best noise-free fitness - Fopt (5.913000000000e+001) + sum g_i+ | measured fitness | best measured fitness or single-digit g-values | x1 | x2...
1 0 +1.895975627e+007 +1.895981540e+007 +1.895981540e+007 -2.1687e+000 -3.2419e+000 -9.8420e-001
2 0 +5.966152160e+006 +5.966211290e+006 +5.966211290e+006 +4.4104e+000 -4.9193e+000 -6.2728e-001
3 0 +1.321176894e+006 +1.321236024e+006 +1.321236024e+006 -4.7864e+000 +3.5059e+000 +3.4940e+000
4 0 +5.994710960e+005 +5.995302260e+005 +5.995302260e+005 +4.4615e+000 -4.1724e+000 +4.2497e+000
15 0 +4.553275450e+005 +4.553866750e+005 +4.553866750e+005 +2.7076e+000 -1.7297e+000 +4.8175e+000
21 0 +3.518956621e+005 +3.519547921e+005 +3.519547921e+005 +1.6207e+000 -1.7431e+000 +1.9929e+000
24 0 +8.437993593e+004 +8.443906593e+004 +8.443906593e+004 +1.6618e-001 -6.6396e-001 +2.6889e+000
28 0 +4.130578932e+004 +4.136491932e+004 +4.136491932e+004 +1.6436e+000 -1.0882e+000 +2.2808e+000
58 0 +1.134513200e+004 +1.140426200e+004 +1.140426200e+004 -3.6483e-001 +4.1281e-001 +7.7552e-001
68 0 +1.070492969e+004 +1.076405969e+004 +1.076405969e+004 -4.6717e-001 +6.0089e-001 +4.4724e-002
94 0 +6.442920447e+003 +6.502050447e+003 +6.502050447e+003 -3.6483e-001 +7.9165e-001 -8.7267e-001
107 0 +2.088134496e+003 +2.147264496e+003 +2.147264496e+003 -2.5659e-001 +1.0607e+000 -1.8495e+000
131 0 +2.326518853e+002 +2.917818853e+002 +2.917818853e+002 -3.8178e-001 +1.3164e+000 -2.6755e+000
138 0 +1.359182768e+002 +1.950482768e+002 +1.950482768e+002 -4.2609e-001 +1.5121e+000 -3.2354e+000
155 0 +9.473351440e+001 +1.538635144e+002 +1.538635144e+002 -5.0773e-001 +1.4266e+000 -2.8125e+000
156 0 +2.586947882e+001 +8.499947882e+001 +8.499947882e+001 -6.3891e-001 +1.5187e+000 -2.8609e+000
158 0 +2.271609964e+001 +8.184609964e+001 +8.184609964e+001 -6.5061e-001 +1.5279e+000 -2.8699e+000
170 0 +2.147433272e+001 +8.060433272e+001 +8.060433272e+001 -6.1637e-001 +1.5677e+000 -3.0826e+000
184 0 +9.527625389e+000 +6.865762539e+001 +6.865762539e+001 -5.5467e-001 +1.5226e+000 -3.0355e+000
191 0 +7.230973278e+000 +6.636097328e+001 +6.636097328e+001 -4.9482e-001 +1.4825e+000 -3.0177e+000
230 0 +6.981301781e+000 +6.611130178e+001 +6.611130178e+001 -6.2399e-001 +1.5440e+000 -2.9757e+000
237 0 +6.425149705e+000 +6.555514971e+001 +6.555514971e+001 -4.9389e-001 +1.4875e+000 -3.0402e+000
263 0 +6.083607753e+000 +6.521360775e+001 +6.521360775e+001 -5.3141e-001 +1.5003e+000 -3.0082e+000
273 0 +5.860366139e+000 +6.499036614e+001 +6.499036614e+001 -5.6361e-001 +1.5151e+000 -2.9945e+000
303 0 +5.245200532e+000 +6.437520053e+001 +6.437520053e+001 -6.5454e-001 +1.5421e+000 -2.8976e+000
315 0 +4.968879729e+000 +6.409887973e+001 +6.409887973e+001 -6.5979e-001 +1.5474e+000 -2.9076e+000
327 0 +4.365031617e+000 +6.349503162e+001 +6.349503162e+001 -7.5976e-001 +1.5799e+000 -2.8115e+000
329 0 +4.032845393e+000 +6.316284539e+001 +6.316284539e+001 -7.6395e-001 +1.5832e+000 -2.8168e+000
347 0 +3.937949154e+000 +6.306794915e+001 +6.306794915e+001 -7.7675e-001 +1.5877e+000 -2.8068e+000
359 0 +3.537194261e+000 +6.266719426e+001 +6.266719426e+001 -8.5279e-001 +1.6113e+000 -2.7306e+000
396 0 +3.277069242e+000 +6.240706924e+001 +6.240706924e+001 -9.5607e-001 +1.6498e+000 -2.6550e+000
397 0 +3.006188510e+000 +6.213618851e+001 +6.213618851e+001 -9.5759e-001 +1.6517e+000 -2.6578e+000
403 0 +2.686366306e+000 +6.181636631e+001 +6.181636631e+001 -1.0170e+000 +1.6715e+000 -2.6030e+000
405 0 +2.456656875e+000 +6.158665688e+001 +6.158665688e+001 -1.0166e+000 +1.6734e+000 -2.6106e+000
432 0 +2.236858222e+000 +6.136685822e+001 +6.136685822e+001 -1.0948e+000 +1.7008e+000 -2.5442e+000
435 0 +2.148264921e+000 +6.127826492e+001 +6.127826492e+001 -1.2119e+000 +1.7481e+000 -2.4686e+000
438 0 +2.028496561e+000 +6.115849656e+001 +6.115849656e+001 -1.2410e+000 +1.7568e+000 -2.4371e+000
440 0 +1.925357580e+000 +6.105535758e+001 +6.105535758e+001 -1.3962e+000 +1.8151e+000 -2.3217e+000
447 0 +1.415099725e+000 +6.054509973e+001 +6.054509973e+001 -1.4908e+000 +1.8478e+000 -2.2408e+000
448 0 +1.257900469e+000 +6.038790047e+001 +6.038790047e+001 -1.5474e+000 +1.8704e+000 -2.2018e+000
455 0 +1.163990966e+000 +6.029399097e+001 +6.029399097e+001 -1.7463e+000 +1.9434e+000 -2.0457e+000
457 0 +7.640414880e-001 +5.989404149e+001 +5.989404149e+001 -1.7374e+000 +1.9372e+000 -2.0415e+000
463 0 +7.253379459e-001 +5.985533795e+001 +5.985533795e+001 -2.1465e+000 +2.0858e+000 -1.7138e+000
470 0 +5.662442586e-001 +5.969624426e+001 +5.969624426e+001 -1.9850e+000 +2.0243e+000 -1.8309e+000
471 0 +3.870181498e-001 +5.951701815e+001 +5.951701815e+001 -1.8571e+000 +1.9773e+000 -1.9338e+000
475 0 +2.240600087e-001 +5.935406001e+001 +5.935406001e+001 -1.9632e+000 +2.0137e+000 -1.8396e+000
488 0 +1.104298451e-001 +5.924042985e+001 +5.924042985e+001 -2.2581e+000 +2.1199e+000 -1.6034e+000
491 0 +2.675446504e-003 +5.913267545e+001 +5.913267545e+001 -2.2493e+000 +2.1154e+000 -1.6042e+000
569 0 +1.801883552e-003 +5.913180188e+001 +5.913180188e+001 -2.2701e+000 +2.1227e+000 -1.5867e+000
574 0 +6.232578657e-004 +5.913062326e+001 +5.913062326e+001 -2.2571e+000 +2.1177e+000 -1.5961e+000
580 0 +2.787218108e-004 +5.913027872e+001 +5.913027872e+001 -2.2603e+000 +2.1192e+000 -1.5946e+000
592 0 +2.033987203e-004 +5.913020340e+001 +5.913020340e+001 -2.2603e+000 +2.1192e+000 -1.5945e+000
596 0 +1.611989588e-005 +5.913001612e+001 +5.913001612e+001 -2.2580e+000 +2.1182e+000 -1.5958e+000
658 0 +8.166071481e-007 +5.913000082e+001 +5.913000082e+001 -2.2606e+000 +2.1191e+000 -1.5938e+000
711 0 +2.269456587e-007 +5.913000023e+001 +5.913000023e+001 -2.2611e+000 +2.1193e+000 -1.5933e+000
726 0 +2.200161404e-007 +5.913000022e+001 +5.913000022e+001 -2.2609e+000 +2.1193e+000 -1.5935e+000
732 0 +9.130026513e-009 +5.913000001e+001 +5.913000001e+001 -2.2609e+000 +2.1192e+000 -1.5936e+000
% f evaluations | g evaluations | best noise-free fitness - Fopt (-4.915300000000e+002) + sum g_i+ | measured fitness | best measured fitness or single-digit g-values | x1 | x2...
1 0 +4.583938699e+007 +4.583889546e+007 +4.583889546e+007 -1.3027e+000 +2.6341e+000 +4.4536e+000
2 0 +7.861556530e+005 +7.856641230e+005 +7.856641230e+005 -3.2863e+000 -4.7183e+000 -6.3892e-002
4 0 +2.326947759e+003 +1.835417759e+003 +1.835417759e+003 +1.2606e+000 -1.8313e+000 -3.3748e+000
79 0 +2.264943870e+003 +1.773413870e+003 +1.773413870e+003 -1.9683e+000 -3.4521e+000 -3.4649e-001
88 0 +1.647574391e+003 +1.156044391e+003 +1.156044391e+003 +2.2574e-002 -2.0835e+000 -2.4512e+000
90 0 +8.454526486e+002 +3.539226486e+002 +3.539226486e+002 +4.8480e-001 -1.6735e+000 -2.9443e+000
95 0 +7.114489574e+002 +2.199189574e+002 +2.199189574e+002 -1.0641e+000 -2.6762e+000 -1.4106e+000
96 0 +3.271355421e+002 -1.643944579e+002 -1.643944579e+002 -2.0188e+000 -2.8502e+000 -7.0207e-001
113 0 +3.107918933e+002 -1.807381067e+002 -1.807381067e+002 -1.0572e+000 -2.2555e+000 -1.6284e+000
118 0 +2.254296719e+002 -2.661003281e+002 -2.661003281e+002 -2.5692e+000 -2.8617e+000 -3.4269e-001
122 0 +4.728897201e+001 -4.442410280e+002 -4.442410280e+002 -2.2182e+000 -2.5083e+000 -7.3424e-001
127 0 +3.600314567e+001 -4.555268543e+002 -4.555268543e+002 -3.3547e+000 -3.3331e+000 +4.3779e-001
134 0 +1.645648777e+001 -4.750735122e+002 -4.750735122e+002 -1.8531e+000 -2.2661e+000 -1.1061e+000
188 0 +1.572873451e+001 -4.758012655e+002 -4.758012655e+002 -1.9997e+000 -2.3214e+000 -9.8585e-001
190 0 +1.153382740e+001 -4.799961726e+002 -4.799961726e+002 -1.9214e+000 -2.2216e+000 -1.0892e+000
191 0 +9.772543708e+000 -4.817574563e+002 -4.817574563e+002 -1.0263e+000 -1.6839e+000 -1.9554e+000
200 0 +9.698843149e+000 -4.818311569e+002 -4.818311569e+002 -1.8834e+000 -2.1726e+000 -1.1379e+000
203 0 +7.104216602e+000 -4.844257834e+002 -4.844257834e+002 -3.9259e-001 -1.2332e+000 -2.6078e+000
221 0 +5.763338694e+000 -4.857666613e+002 -4.857666613e+002 -1.2973e+000 -1.8168e+000 -1.7079e+000
227 0 +4.810979769e+000 -4.867190202e+002 -4.867190202e+002 -3.9259e-001 -1.1876e+000 -2.6331e+000
231 0 +4.615444026e+000 -4.869145560e+002 -4.869145560e+002 -2.1655e-001 -1.0960e+000 -2.7947e+000
239 0 +2.887319606e+000 -4.886426804e+002 -4.886426804e+002 -6.4812e-001 -1.3555e+000 -2.3764e+000
242 0 +2.135123274e+000 -4.893948767e+002 -4.893948767e+002 -6.6331e-001 -1.3512e+000 -2.3686e+000
252 0 +1.376200292e+000 -4.901537997e+002 -4.901537997e+002 -7.7715e-002 -9.2484e-001 -2.9771e+000
253 0 +9.350322776e-001 -4.905949677e+002 -4.905949677e+002 -3.6171e-001 -1.1360e+000 -2.6792e+000
260 0 +2.881223326e-001 -4.912418777e+002 -4.912418777e+002 -2.2342e-001 -1.0049e+000 -2.8385e+000
280 0 +2.175784825e-001 -4.913124215e+002 -4.913124215e+002 -2.1236e-001 -1.0090e+000 -2.8435e+000
295 0 +1.523167163e-001 -4.913776833e+002 -4.913776833e+002 -1.2525e-001 -9.4466e-001 -2.9340e+000
298 0 +1.505492846e-001 -4.913794507e+002 -4.913794507e+002 -1.0262e-001 -9.3656e-001 -2.9530e+000
300 0 +1.460420650e-001 -4.913839579e+002 -4.913839579e+002 -1.2518e-001 -9.3707e-001 -2.9383e+000
304 0 +9.429717409e-002 -4.914357028e+002 -4.914357028e+002 -9.5686e-002 -9.1989e-001 -2.9666e+000
309 0 +2.542266639e-002 -4.915045773e+002 -4.915045773e+002 -4.1816e-003 -8.5714e-001 -3.0596e+000
321 0 +1.661029285e-002 -4.915133897e+002 -4.915133897e+002 +3.1854e-002 -8.3237e-001 -3.0962e+000
376 0 +1.457012260e-002 -4.915154299e+002 -4.915154299e+002 +4.6158e-002 -8.2074e-001 -3.1116e+000
377 0 +1.339440506e-002 -4.915166056e+002 -4.915166056e+002 +3.0224e-002 -8.3361e-001 -3.0945e+000
379 0 +6.653609065e-003 -4.915233464e+002 -4.915233464e+002 +5.5384e-002 -8.1532e-001 -3.1205e+000
383 0 +5.444927278e-003 -4.915245551e+002 -4.915245551e+002 +5.1150e-002 -8.2005e-001 -3.1153e+000
386 0 +3.632080269e-003 -4.915263679e+002 -4.915263679e+002 +8.4074e-002 -7.9574e-001 -3.1496e+000
398 0 +1.030523311e-003 -4.915289695e+002 -4.915289695e+002 +8.2575e-002 -7.9793e-001 -3.1474e+000
402 0 +6.171523893e-005 -4.915299383e+002 -4.915299383e+002 +7.6002e-002 -8.0350e-001 -3.1401e+000
418 0 +3.879842137e-005 -4.915299612e+002 -4.915299612e+002 +7.0161e-002 -8.0763e-001 -3.1341e+000
430 0 +5.836858236e-006 -4.915299942e+002 -4.915299942e+002 +7.2755e-002 -8.0586e-001 -3.1368e+000
458 0 +1.901229723e-006 -4.915299981e+002 -4.915299981e+002 +7.2183e-002 -8.0630e-001 -3.1362e+000
473 0 +8.934694051e-008 -4.915299999e+002 -4.915299999e+002 +7.1865e-002 -8.0650e-001 -3.1359e+000
509 0 +8.595600320e-008 -4.915299999e+002 -4.915299999e+002 +7.1872e-002 -8.0650e-001 -3.1359e+000
541 0 +9.085511010e-009 -4.915300000e+002 -4.915300000e+002 +7.2047e-002 -8.0637e-001 -3.1360e+000
% f evaluations | g evaluations | best noise-free fitness - Fopt (-1.702000000000e+002) + sum g_i+ | measured fitness | best measured fitness or single-digit g-values | x1 | x2...
1 0 +3.098384362e+006 +3.098214162e+006 +3.098214162e+006 +8.8071e-001 -3.1522e+000 -4.8970e-001
2 0 +2.965205475e+006 +2.965035275e+006 +2.965035275e+006 +2.9302e+000 -2.8107e+000 -3.6026e+000
4 0 +2.761005904e+005 +2.759303904e+005 +2.759303904e+005 -1.1789e+000 -1.8279e+000 -2.0040e+000
24 0 +1.395561587e+005 +1.393859587e+005 +1.393859587e+005 +1.8744e-001 -2.5721e+000 -4.5645e+000
29 0 +1.221122465e+004 +1.204102465e+004 +1.204102465e+004 -4.6145e-001 -1.9619e+000 -3.7414e+000
49 0 +2.363924794e+003 +2.193724794e+003 +2.193724794e+003 -2.7238e+000 -1.6950e+000 -1.2983e+000
76 0 +1.432657502e+003 +1.262457502e+003 +1.262457502e+003 -2.6361e+000 -1.4121e+000 -1.9579e+000
88 0 +2.852419414e+002 +1.150419414e+002 +1.150419414e+002 -2.5300e+000 -1.6110e+000 -1.7299e+000
140 0 +1.793960417e+000 -1.684060396e+002 -1.684060396e+002 -2.7910e+000 -1.6669e+000 -1.3491e+000
168 0 +1.733761908e+000 -1.684662381e+002 -1.684662381e+002 -2.8316e+000 -1.6239e+000 -1.3569e+000
208 0 +1.472971727e+000 -1.687270283e+002 -1.687270283e+002 -2.9147e+000 -1.5313e+000 -1.3761e+000
209 0 +1.336018627e+000 -1.688639814e+002 -1.688639814e+002 -2.9407e+000 -1.5039e+000 -1.3810e+000
221 0 +1.145323889e+000 -1.690546761e+002 -1.690546761e+002 -2.9165e+000 -1.5232e+000 -1.3853e+000
232 0 +1.106537908e+000 -1.690934621e+002 -1.690934621e+002 -2.9180e+000 -1.5218e+000 -1.3858e+000
244 0 +1.074390325e+000 -1.691256097e+002 -1.691256097e+002 -2.9236e+000 -1.5135e+000 -1.3900e+000
249 0 +9.353985799e-001 -1.692646014e+002 -1.692646014e+002 -2.9929e+000 -1.4232e+000 -1.4257e+000
258 0 +7.054267892e-001 -1.694945732e+002 -1.694945732e+002 -3.1776e+000 -1.2036e+000 -1.4915e+000
259 0 +3.962498346e-001 -1.698037502e+002 -1.698037502e+002 -3.2981e+000 -1.0650e+000 -1.5276e+000
262 0 +3.087534532e-001 -1.698912465e+002 -1.698912465e+002 -3.2485e+000 -1.1213e+000 -1.5131e+000
271 0 +1.682011876e-001 -1.700317988e+002 -1.700317988e+002 -3.4821e+000 -8.4433e-001 -1.5950e+000
286 0 +7.912464653e-002 -1.701208754e+002 -1.701208754e+002 -3.3918e+000 -9.5582e-001 -1.5568e+000
287 0 +2.873978375e-002 -1.701712602e+002 -1.701712602e+002 -3.6050e+000 -7.0271e-001 -1.6319e+000
303 0 +1.838573051e-002 -1.701816143e+002 -1.701816143e+002 -3.5353e+000 -7.8573e-001 -1.6069e+000
309 0 +3.025908294e-003 -1.701969741e+002 -1.701969741e+002 -3.5437e+000 -7.7384e-001 -1.6124e+000
331 0 +4.039728552e-004 -1.701995960e+002 -1.701995960e+002 -3.5594e+000 -7.5455e-001 -1.6187e+000
375 0 +3.194211895e-004 -1.701996806e+002 -1.701996806e+002 -3.5646e+000 -7.4799e-001 -1.6211e+000
399 0 +1.704677064e-004 -1.701998295e+002 -1.701998295e+002 -3.5641e+000 -7.4863e-001 -1.6209e+000
404 0 +3.221207203e-005 -1.701999678e+002 -1.701999678e+002 -3.5596e+000 -7.5387e-001 -1.6194e+000
412 0 +6.423246049e-006 -1.701999936e+002 -1.701999936e+002 -3.5603e+000 -7.5308e-001 -1.6196e+000
425 0 +6.198995209e-006 -1.701999938e+002 -1.701999938e+002 -3.5601e+000 -7.5338e-001 -1.6195e+000
442 0 +3.947388905e-008 -1.702000000e+002 -1.702000000e+002 -3.5591e+000 -7.5453e-001 -1.6192e+000
544 0 +3.417380867e-008 -1.702000000e+002 -1.702000000e+002 -3.5592e+000 -7.5443e-001 -1.6192e+000
575 0 +3.043024321e-008 -1.702000000e+002 -1.702000000e+002 -3.5591e+000 -7.5451e-001 -1.6192e+000
582 0 +1.305585329e-008 -1.702000000e+002 -1.702000000e+002 -3.5591e+000 -7.5448e-001 -1.6192e+000
598 0 +8.420045106e-009 -1.702000000e+002 -1.702000000e+002 -3.5592e+000 -7.5437e-001 -1.6192e+000
% f evaluations | g evaluations | best noise-free fitness - Fopt (-4.697500000000e+002) + sum g_i+ | measured fitness | best measured fitness or single-digit g-values | x1 | x2...
1 0 +9.521730210e+006 +9.521260460e+006 +9.521260460e+006 +1.1962e+000 +3.7133e-001 -8.7521e-001
2 0 +4.175495770e+006 +4.175026020e+006 +4.175026020e+006 +1.2673e+000 -3.8045e+000 -1.3930e+000
3 0 +3.825818000e+006 +3.825348250e+006 +3.825348250e+006 -4.4206e-001 -2.0670e+000 +1.7215e+000
10 0 +3.701322158e+006 +3.700852408e+006 +3.700852408e+006 +1.3220e+000 +4.0780e+000 +3.0437e+000
11 0 +2.965015043e+003 +2.495265043e+003 +2.495265043e+003 +2.4157e+000 -5.0000e+000 +1.5758e-002
75 0 +2.755953076e+002 -1.941546924e+002 -1.941546924e+002 +1.3745e+000 -4.4735e+000 +1.4624e+000
135 0 +1.129812135e+002 -3.567687865e+002 -3.567687865e+002 +9.8070e-001 -4.2972e+000 +2.0423e+000
143 0 +7.966768524e+001 -3.900823148e+002 -3.900823148e+002 +7.3106e-001 -4.2773e+000 +2.3797e+000
150 0 +8.786316798e+000 -4.609636832e+002 -4.609636832e+002 +7.2592e-001 -4.0217e+000 +2.5172e+000
175 0 +3.788171711e+000 -4.659618283e+002 -4.659618283e+002 +7.6782e-001 -3.9668e+000 +2.5002e+000
222 0 +2.955872603e+000 -4.667941274e+002 -4.667941274e+002 +6.3362e-001 -3.8348e+000 +2.7337e+000
234 0 +2.835175885e+000 -4.669148241e+002 -4.669148241e+002 +6.0290e-001 -3.8005e+000 +2.7903e+000
239 0 +2.756443515e+000 -4.669935565e+002 -4.669935565e+002 +6.9687e-001 -3.9001e+000 +2.6227e+000
249 0 +2.579545187e+000 -4.671704548e+002 -4.671704548e+002 +5.6938e-001 -3.6952e+000 +2.8887e+000
254 0 +2.092605192e+000 -4.676573948e+002 -4.676573948e+002 +5.6624e-001 -3.7174e+000 +2.8807e+000
261 0 +1.315359304e+000 -4.684346407e+002 -4.684346407e+002 +3.6196e-001 -3.4346e+000 +3.2832e+000
274 0 +1.150673899e+000 -4.685993261e+002 -4.685993261e+002 +1.3449e-001 -3.1667e+000 +3.7072e+000
282 0 +6.636015917e-001 -4.690863984e+002 -4.690863984e+002 +2.4761e-001 -3.2928e+000 +3.5017e+000
283 0 +1.676823883e-001 -4.695823176e+002 -4.695823176e+002 +1.4037e-002 -2.9687e+000 +3.9626e+000
297 0 +2.134633554e-002 -4.697286537e+002 -4.697286537e+002 +1.4892e-002 -2.9476e+000 +3.9738e+000
338 0 +3.043206595e-003 -4.697469568e+002 -4.697469568e+002 +9.9813e-003 -2.9434e+000 +3.9818e+000
350 0 +2.194027213e-003 -4.697478060e+002 -4.697478060e+002 +2.3883e-002 -2.9661e+000 +3.9525e+000
401 0 +4.601210208e-006 -4.697499954e+002 -4.697499954e+002 +2.5935e-002 -2.9666e+000 +3.9497e+000
468 0 +3.570371177e-006 -4.697499964e+002 -4.697499964e+002 +2.6072e-002 -2.9668e+000 +3.9494e+000
488 0 +5.345413570e-007 -4.697499995e+002 -4.697499995e+002 +2.6540e-002 -2.9674e+000 +3.9485e+000
509 0 +1.165874437e-007 -4.697499999e+002 -4.697499999e+002 +2.6442e-002 -2.9673e+000 +3.9487e+000
527 0 +4.104441587e-008 -4.697500000e+002 -4.697500000e+002 +2.6400e-002 -2.9672e+000 +3.9488e+000
541 0 +6.936602404e-009 -4.697500000e+002 -4.697500000e+002 +2.6430e-002 -2.9672e+000 +3.9487e+000
% f evaluations | g evaluations | best noise-free fitness - Fopt (-5.191000000000e+001) + sum g_i+ | measured fitness | best measured fitness or single-digit g-values | x1 | x2...
1 0 +2.242525416e+007 +2.242520225e+007 +2.242520225e+007 -3.7559e+000 +2.9567e+000 -1.5995e-001
2 0 +2.034934153e+007 +2.034928962e+007 +2.034928962e+007 -4.4623e+000 +8.9125e-001 +4.8147e+000
3 0 +8.616228729e+006 +8.616176819e+006 +8.616176819e+006 +3.7719e+000 +2.2175e-001 +3.3842e+000
4 0 +1.542694996e+006 +1.542643086e+006 +1.542643086e+006 +9.9741e-002 -3.1321e+000 +2.5464e+000
9 0 +4.562722234e+005 +4.562203134e+005 +4.562203134e+005 +8.0932e-001 +2.7399e+000 -1.4478e+000
11 0 +4.464513824e+005 +4.463994724e+005 +4.463994724e+005 +3.7048e+000 -2.2888e+000 -5.0000e+000
12 0 +1.738413226e+004 +1.733222226e+004 +1.733222226e+004 +2.3541e+000 -2.5145e+000 -1.6381e+000
22 0 +9.205811227e+003 +9.153901227e+003 +9.153901227e+003 +2.3077e+000 -8.8348e-001 -2.5881e+000
25 0 +8.380463984e+003 +8.328553984e+003 +8.328553984e+003 +2.2885e+000 -5.5530e-001 -2.6678e+000
79 0 +7.847556439e+003 +7.795646439e+003 +7.795646439e+003 +1.9900e+000 -6.8315e-001 -1.0885e+000
82 0 +7.323248052e+003 +7.271338052e+003 +7.271338052e+003 +2.0864e+000 -6.4261e-001 -1.6233e+000
92 0 +6.033597292e+003 +5.981687292e+003 +5.981687292e+003 +1.7284e+000 +1.9790e-001 -1.0825e+000
109 0 +4.252037292e+003 +4.200127292e+003 +4.200127292e+003 +1.9890e+000 -3.7203e-001 -1.4092e+000
116 0 +2.097633101e+003 +2.045723101e+003 +2.045723101e+003 +1.7284e+000 +7.4647e-002 -8.2231e-001
123 0 +1.126053310e+003 +1.074143310e+003 +1.074143310e+003 +1.7375e+000 +1.0909e+000 -1.3734e+000
138 0 +9.868584477e+000 -4.204141552e+001 -4.204141552e+001 +1.5682e+000 +1.6866e+000 -9.0246e-001
156 0 +4.834788879e+000 -4.707521112e+001 -4.707521112e+001 +1.5654e+000 +1.7311e+000 -9.0317e-001
160 0 +1.662071116e+000 -5.024792888e+001 -5.024792888e+001 +1.5703e+000 +1.5548e+000 -8.3224e-001
184 0 +1.596020400e+000 -5.031397960e+001 -5.031397960e+001 +1.5579e+000 +1.5223e+000 -7.6723e-001
209 0 +1.360896725e+000 -5.054910327e+001 -5.054910327e+001 +1.5649e+000 +1.5819e+000 -8.2549e-001
237 0 +1.343425785e+000 -5.056657421e+001 -5.056657421e+001 +1.5654e+000 +1.5806e+000 -8.2674e-001
281 0 +1.260938556e+000 -5.064906144e+001 -5.064906144e+001 +1.5690e+000 +1.5837e+000 -8.4241e-001
317 0 +1.240940332e+000 -5.066905967e+001 -5.066905967e+001 +1.5691e+000 +1.5906e+000 -8.4589e-001
322 0 +1.156483726e+000 -5.075351627e+001 -5.075351627e+001 +1.5752e+000 +1.6136e+000 -8.8188e-001
333 0 +1.145857763e+000 -5.076414224e+001 -5.076414224e+001 +1.5757e+000 +1.6322e+000 -8.9224e-001
336 0 +1.076471596e+000 -5.083352840e+001 -5.083352840e+001 +1.5818e+000 +1.6552e+000 -9.2823e-001
377 0 +1.067803913e+000 -5.084219609e+001 -5.084219609e+001 +1.5808e+000 +1.6489e+000 -9.2130e-001
538 0 +1.046174398e+000 -5.086382560e+001 -5.086382560e+001 +1.5806e+000 +1.6497e+000 -9.2106e-001
549 0 +9.976328007e-001 -5.091236720e+001 -5.091236720e+001 +1.5802e+000 +1.6500e+000 -9.2103e-001
593 0 +9.762468753e-001 -5.093375312e+001 -5.093375312e+001 +1.5804e+000 +1.6513e+000 -9.2178e-001
619 0 +9.541761517e-001 -5.095582385e+001 -5.095582385e+001 +1.5810e+000 +1.6566e+000 -9.2670e-001
642 0 +9.169913940e-001 -5.099300861e+001 -5.099300861e+001 +1.5820e+000 +1.6655e+000 -9.3539e-001
647 0 +9.049070142e-001 -5.100509299e+001 -5.100509299e+001 +1.5823e+000 +1.6679e+000 -9.3789e-001
650 0 +8.806492942e-001 -5.102935071e+001 -5.102935071e+001 +1.5830e+000 +1.6736e+000 -9.4332e-001
651 0 +8.654387997e-001 -5.104456120e+001 -5.104456120e+001 +1.5833e+000 +1.6772e+000 -9.4683e-001
652 0 +8.469637807e-001 -5.106303622e+001 -5.106303622e+001 +1.5838e+000 +1.6808e+000 -9.5024e-001
657 0 +8.247471960e-001 -5.108525280e+001 -5.108525280e+001 +1.5847e+000 +1.6888e+000 -9.5830e-001
662 0 +7.970173460e-001 -5.111298265e+001 -5.111298265e+001 +1.5853e+000 +1.6938e+000 -9.6291e-001
674 0 +7.802960867e-001 -5.112970391e+001 -5.112970391e+001 +1.5858e+000 +1.6983e+000 -9.6717e-001
683 0 +7.676578580e-001 -5.114234214e+001 -5.114234214e+001 +1.5864e+000 +1.7037e+000 -9.7261e-001
697 0 +7.551716743e-001 -5.115482833e+001 -5.115482833e+001 +1.5868e+000 +1.7070e+000 -9.7577e-001
698 0 +7.269989850e-001 -5.118300102e+001 -5.118300102e+001 +1.5889e+000 +1.7258e+000 -9.9419e-001
702 0 +7.172481644e-001 -5.119275184e+001 -5.119275184e+001 +1.5888e+000 +1.7247e+000 -9.9298e-001
709 0 +6.957889603e-001 -5.121421104e+001 -5.121421104e+001 +1.5899e+000 +1.7341e+000 -1.0021e+000
713 0 +6.720204456e-001 -5.123797955e+001 -5.123797955e+001 +1.5914e+000 +1.7473e+000 -1.0150e+000
714 0 +6.592239771e-001 -5.125077602e+001 -5.125077602e+001 +1.5922e+000 +1.7549e+000 -1.0223e+000
720 0 +6.414760753e-001 -5.126852392e+001 -5.126852392e+001 +1.5932e+000 +1.7636e+000 -1.0307e+000
732 0 +6.283384902e-001 -5.128166151e+001 -5.128166151e+001 +1.5962e+000 +1.7891e+000 -1.0554e+000
742 0 +5.712085809e-001 -5.133879142e+001 -5.133879142e+001 +1.5985e+000 +1.8093e+000 -1.0746e+000
753 0 +5.579832974e-001 -5.135201670e+001 -5.135201670e+001 +1.6003e+000 +1.8251e+000 -1.0897e+000
759 0 +5.493109716e-001 -5.136068903e+001 -5.136068903e+001 +1.5999e+000 +1.8214e+000 -1.0860e+000
782 0 +5.363753376e-001 -5.137362466e+001 -5.137362466e+001 +1.6008e+000 +1.8286e+000 -1.0927e+000
847 0 +5.247624257e-001 -5.138523757e+001 -5.138523757e+001 +1.6006e+000 +1.8253e+000 -1.0901e+000
857 0 +5.117188595e-001 -5.139828114e+001 -5.139828114e+001 +1.6020e+000 +1.8359e+000 -1.1014e+000
866 0 +4.868349541e-001 -5.142316505e+001 -5.142316505e+001 +1.6046e+000 +1.8539e+000 -1.1209e+000
882 0 +4.751593821e-001 -5.143484062e+001 -5.143484062e+001 +1.6055e+000 +1.8598e+000 -1.1274e+000
885 0 +4.585622306e-001 -5.145143777e+001 -5.145143777e+001 +1.6076e+000 +1.8749e+000 -1.1436e+000
887 0 +4.457663447e-001 -5.146423366e+001 -5.146423366e+001 +1.6105e+000 +1.8950e+000 -1.1651e+000
906 0 +4.332625171e-001 -5.147673748e+001 -5.147673748e+001 +1.6123e+000 +1.9076e+000 -1.1789e+000
907 0 +4.196218882e-001 -5.149037811e+001 -5.149037811e+001 +1.6156e+000 +1.9307e+000 -1.2039e+000
916 0 +4.146767451e-001 -5.149532325e+001 -5.149532325e+001 +1.6174e+000 +1.9434e+000 -1.2176e+000
928 0 +4.061372639e-001 -5.150386274e+001 -5.150386274e+001 +1.6201e+000 +1.9620e+000 -1.2377e+000
940 0 +3.976514849e-001 -5.151234852e+001 -5.151234852e+001 +1.6237e+000 +1.9871e+000 -1.2648e+000
962 0 +3.774450741e-001 -5.153255493e+001 -5.153255493e+001 +1.6250e+000 +1.9970e+000 -1.2743e+000
963 0 +3.688172658e-001 -5.154118273e+001 -5.154118273e+001 +1.6285e+000 +2.0218e+000 -1.3011e+000
975 0 +3.591822487e-001 -5.155081775e+001 -5.155081775e+001 +1.6297e+000 +2.0310e+000 -1.3105e+000
980 0 +3.478552671e-001 -5.156214473e+001 -5.156214473e+001 +1.6322e+000 +2.0483e+000 -1.3289e+000
1001 0 +3.426102518e-001 -5.156738975e+001 -5.156738975e+001 +1.6337e+000 +2.0589e+000 -1.3400e+000
1008 0 +3.342775961e-001 -5.157572240e+001 -5.157572240e+001 +1.6355e+000 +2.0717e+000 -1.3536e+000
1010 0 +3.233896508e-001 -5.158661035e+001 -5.158661035e+001 +1.6373e+000 +2.0840e+000 -1.3675e+000
1011 0 +3.092002884e-001 -5.160079971e+001 -5.160079971e+001 +1.6405e+000 +2.1070e+000 -1.3919e+000
1019 0 +3.075702507e-001 -5.160242975e+001 -5.160242975e+001 +1.6427e+000 +2.1215e+000 -1.4081e+000
1023 0 +3.001279438e-001 -5.160987206e+001 -5.160987206e+001 +1.6432e+000 +2.1252e+000 -1.4116e+000
1029 0 +2.929165847e-001 -5.161708342e+001 -5.161708342e+001 +1.6499e+000 +2.1727e+000 -1.4628e+000
1066 0 +2.867054182e-001 -5.162329458e+001 -5.162329458e+001 +1.6481e+000 +2.1599e+000 -1.4488e+000
1083 0 +2.531131129e-001 -5.165688689e+001 -5.165688689e+001 +1.6554e+000 +2.2086e+000 -1.5022e+000
1091 0 +2.332427881e-001 -5.167675721e+001 -5.167675721e+001 +1.6584e+000 +2.2280e+000 -1.5236e+000
1097 0 +2.173559961e-001 -5.169264400e+001 -5.169264400e+001 +1.6626e+000 +2.2557e+000 -1.5541e+000
1119 0 +2.063273979e-001 -5.170367260e+001 -5.170367260e+001 +1.6702e+000 +2.3062e+000 -1.6099e+000
1131 0 +1.990828523e-001 -5.171091715e+001 -5.171091715e+001 +1.6707e+000 +2.3092e+000 -1.6134e+000
1140 0 +1.882691067e-001 -5.172173089e+001 -5.172173089e+001 +1.6736e+000 +2.3294e+000 -1.6357e+000
1151 0 +1.846708245e-001 -5.172532918e+001 -5.172532918e+001 +1.6761e+000 +2.3457e+000 -1.6537e+000
1159 0 +1.798303811e-001 -5.173016962e+001 -5.173016962e+001 +1.6820e+000 +2.3846e+000 -1.6969e+000
1162 0 +1.749202452e-001 -5.173507975e+001 -5.173507975e+001 +1.6822e+000 +2.3857e+000 -1.6983e+000
1174 0 +1.652217235e-001 -5.174477828e+001 -5.174477828e+001 +1.6797e+000 +2.3686e+000 -1.6797e+000
1213 0 +1.613594454e-001 -5.174864055e+001 -5.174864055e+001 +1.6769e+000 +2.3494e+000 -1.6590e+000
1240 0 +1.526492768e-001 -5.175735072e+001 -5.175735072e+001 +1.6730e+000 +2.3224e+000 -1.6296e+000
1244 0 +1.066960752e-001 -5.180330392e+001 -5.180330392e+001 +1.6764e+000 +2.3413e+000 -1.6526e+000
1254 0 +9.774547357e-002 -5.181225453e+001 -5.181225453e+001 +1.6799e+000 +2.3636e+000 -1.6777e+000
1258 0 +9.433248795e-002 -5.181566751e+001 -5.181566751e+001 +1.6818e+000 +2.3762e+000 -1.6923e+000
1259 0 +6.800911192e-002 -5.184199089e+001 -5.184199089e+001 +1.6829e+000 +2.3798e+000 -1.6983e+000
1266 0 +6.271965574e-002 -5.184728034e+001 -5.184728034e+001 +1.6865e+000 +2.4018e+000 -1.7236e+000
1273 0 +5.886977148e-002 -5.185113023e+001 -5.185113023e+001 +1.6873e+000 +2.4054e+000 -1.7283e+000
1277 0 +5.535117732e-002 -5.185464882e+001 -5.185464882e+001 +1.6860e+000 +2.3960e+000 -1.7184e+000
1279 0 +4.862672271e-002 -5.186137328e+001 -5.186137328e+001 +1.6871e+000 +2.3996e+000 -1.7244e+000
1283 0 +4.628820083e-002 -5.186371180e+001 -5.186371180e+001 +1.6927e+000 +2.4313e+000 -1.7628e+000
1284 0 +2.919590083e-002 -5.188080410e+001 -5.188080410e+001 +1.6899e+000 +2.4131e+000 -1.7428e+000
1287 0 +2.459352971e-002 -5.188540647e+001 -5.188540647e+001 +1.6909e+000 +2.4161e+000 -1.7481e+000
1289 0 +2.177696833e-002 -5.188822303e+001 -5.188822303e+001 +1.6867e+000 +2.3918e+000 -1.7196e+000
1291 0 +1.354896925e-002 -5.189645103e+001 -5.189645103e+001 +1.6859e+000 +2.3825e+000 -1.7113e+000
1293 0 +4.937881958e-003 -5.190506212e+001 -5.190506212e+001 +1.6829e+000 +2.3603e+000 -1.6882e+000
1320 0 +4.560797157e-003 -5.190543920e+001 -5.190543920e+001 +1.6786e+000 +2.3261e+000 -1.6536e+000
1322 0 +4.081172088e-003 -5.190591883e+001 -5.190591883e+001 +1.6789e+000 +2.3359e+000 -1.6600e+000
1328 0 +2.653646578e-004 -5.190973464e+001 -5.190973464e+001 +1.6773e+000 +2.3211e+000 -1.6463e+000
1334 0 +3.029711998e-005 -5.190996970e+001 -5.190996970e+001 +1.6760e+000 +2.3127e+000 -1.6368e+000
1381 0 +3.001983039e-006 -5.190999700e+001 -5.190999700e+001 +1.6760e+000 +2.3131e+000 -1.6371e+000
1402 0 +7.286386534e-007 -5.190999927e+001 -5.190999927e+001 +1.6760e+000 +2.3126e+000 -1.6365e+000
1432 0 +1.760913904e-007 -5.190999982e+001 -5.190999982e+001 +1.6760e+000 +2.3126e+000 -1.6366e+000
1445 0 +4.817033528e-008 -5.190999995e+001 -5.190999995e+001 +1.6760e+000 +2.3127e+000 -1.6367e+000
1517 0 +1.278742445e-008 -5.190999999e+001 -5.190999999e+001 +1.6760e+000 +2.3128e+000 -1.6368e+000
1534 0 +2.405926125e-009 -5.191000000e+001 -5.191000000e+001 +1.6760e+000 +2.3128e+000 -1.6368e+000
% f evaluations | g evaluations | best noise-free fitness - Fopt (4.808000000000e+001) + sum g_i+ | measured fitness | best measured fitness or single-digit g-values | x1 | x2...
1 0 +1.407142418e+007 +1.407147226e+007 +1.407147226e+007 -1.0992e+000 +4.4197e+000 -2.2483e+000
6 0 +3.794721274e+006 +3.794769354e+006 +3.794769354e+006 -5.9555e-001 -5.4492e-001 -2.6208e+000
8 0 +1.960568113e+006 +1.960616193e+006 +1.960616193e+006 +2.8649e+000 -5.0000e+000 +3.8096e-002
11 0 +5.988368449e+005 +5.988849249e+005 +5.988849249e+005 +3.5491e+000 +8.7394e-001 -1.9479e+000
12 0 +3.421583157e+003 +3.469663157e+003 +3.469663157e+003 +1.9266e+000 -1.0317e+000 -3.2695e+000
29 0 +2.610537330e+003 +2.658617330e+003 +2.658617330e+003 +4.8193e+000 -2.9736e+000 -9.9143e-001
59 0 +7.931922008e+002 +8.412722008e+002 +8.412722008e+002 +4.8742e+000 -6.6261e-001 -1.7061e+000
89 0 +1.929426448e+002 +2.410226448e+002 +2.410226448e+002 +3.0454e+000 -1.9677e+000 -2.3456e+000
108 0 +1.751450304e+002 +2.232250304e+002 +2.232250304e+002 +4.0764e+000 -1.4688e+000 -1.9001e+000
159 0 +1.080458141e+002 +1.561258141e+002 +1.561258141e+002 +3.8111e+000 -1.8748e+000 -1.9372e+000
162 0 +8.730664968e+001 +1.353866497e+002 +1.353866497e+002 +4.4572e+000 -1.4971e+000 -1.6770e+000
174 0 +7.883877279e+001 +1.269187728e+002 +1.269187728e+002 +3.7464e+000 -1.8251e+000 -1.9844e+000
182 0 +6.738308994e+001 +1.154630899e+002 +1.154630899e+002 +3.6150e+000 -1.9303e+000 -2.0281e+000
187 0 +5.093449846e+001 +9.901449846e+001 +9.901449846e+001 +3.5544e+000 -2.0564e+000 -2.0260e+000
199 0 +4.038389291e+001 +8.846389291e+001 +8.846389291e+001 +3.4021e+000 -2.1748e+000 -2.0766e+000
209 0 +3.617539364e+001 +8.425539364e+001 +8.425539364e+001 +3.0562e+000 -2.3648e+000 -2.2170e+000
228 0 +3.166460536e+001 +7.974460536e+001 +7.974460536e+001 +2.8446e+000 -2.4744e+000 -2.3043e+000
253 0 +3.102831483e+001 +7.910831483e+001 +7.910831483e+001 +2.8813e+000 -2.4536e+000 -2.2893e+000
256 0 +2.891077803e+001 +7.699077803e+001 +7.699077803e+001 +2.7387e+000 -2.5479e+000 -2.3422e+000
270 0 +1.018297351e+001 +5.826297351e+001 +5.826297351e+001 +3.2495e+000 -2.2636e+000 -2.1318e+000
273 0 +6.677313244e+000 +5.475731324e+001 +5.475731324e+001 +2.9225e+000 -2.4488e+000 -2.2624e+000
280 0 +6.074009247e+000 +5.415400925e+001 +5.415400925e+001 +2.7408e+000 -2.5582e+000 -2.3334e+000
283 0 +5.802573644e+000 +5.388257364e+001 +5.388257364e+001 +2.6219e+000 -2.6302e+000 -2.3796e+000
285 0 +4.925627905e+000 +5.300562791e+001 +5.300562791e+001 +2.6442e+000 -2.5882e+000 -2.3774e+000
292 0 +3.982662180e+000 +5.206266218e+001 +5.206266218e+001 +2.5600e+000 -2.6461e+000 -2.4085e+000
293 0 +3.976144076e+000 +5.205614408e+001 +5.205614408e+001 +2.5464e+000 -2.6287e+000 -2.4214e+000
312 0 +3.338655595e+000 +5.141865559e+001 +5.141865559e+001 +2.5630e+000 -2.6327e+000 -2.4114e+000
317 0 +3.274371918e+000 +5.135437192e+001 +5.135437192e+001 +2.5618e+000 -2.6314e+000 -2.4126e+000
325 0 +3.189754514e+000 +5.126975451e+001 +5.126975451e+001 +2.5492e+000 -2.6299e+000 -2.4202e+000
329 0 +2.982395858e+000 +5.106239586e+001 +5.106239586e+001 +2.4649e+000 -2.6879e+000 -2.4514e+000
337 0 +2.688991522e+000 +5.076899152e+001 +5.076899152e+001 +2.4103e+000 -2.7113e+000 -2.4750e+000
359 0 +2.553508927e+000 +5.063350893e+001 +5.063350893e+001 +2.4371e+000 -2.6873e+000 -2.4673e+000
363 0 +2.492574063e+000 +5.057257406e+001 +5.057257406e+001 +2.3970e+000 -2.7142e+000 -2.4819e+000
371 0 +2.446005475e+000 +5.052600547e+001 +5.052600547e+001 +2.4079e+000 -2.7013e+000 -2.4797e+000
375 0 +2.323641234e+000 +5.040364123e+001 +5.040364123e+001 +2.3599e+000 -2.7299e+000 -2.4987e+000
399 0 +2.230397811e+000 +5.031039781e+001 +5.031039781e+001 +2.3269e+000 -2.7428e+000 -2.5138e+000
402 0 +2.182350560e+000 +5.026235056e+001 +5.026235056e+001 +2.2934e+000 -2.7568e+000 -2.5289e+000
410 0 +2.082610409e+000 +5.016261041e+001 +5.016261041e+001 +2.2076e+000 -2.7946e+000 -2.5667e+000
435 0 +2.029961276e+000 +5.010996128e+001 +5.010996128e+001 +2.0454e+000 -2.8653e+000 -2.6383e+000
440 0 +1.990686622e+000 +5.007068662e+001 +5.007068662e+001 +1.9865e+000 -2.8907e+000 -2.6645e+000
460 0 +1.946531996e+000 +5.002653200e+001 +5.002653200e+001 +2.0193e+000 -2.8808e+000 -2.6486e+000
464 0 +1.589340516e+000 +4.966934052e+001 +4.966934052e+001 +1.8714e+000 -2.9416e+000 -2.7151e+000
470 0 +1.583785242e+000 +4.966378524e+001 +4.966378524e+001 +1.7235e+000 -3.0024e+000 -2.7815e+000
471 0 +1.519074998e+000 +4.959907500e+001 +4.959907500e+001 +1.7755e+000 -2.9817e+000 -2.7580e+000
473 0 +1.493325627e+000 +4.957332563e+001 +4.957332563e+001 +1.8653e+000 -2.9471e+000 -2.7169e+000
476 0 +1.355593946e+000 +4.943559395e+001 +4.943559395e+001 +1.8371e+000 -2.9606e+000 -2.7289e+000
482 0 +9.615104338e-001 +4.904151043e+001 +4.904151043e+001 +1.6756e+000 -3.0341e+000 -2.7992e+000
484 0 +9.217972109e-001 +4.900179721e+001 +4.900179721e+001 +1.7288e+000 -3.0129e+000 -2.7751e+000
492 0 +8.586004831e-001 +4.893860048e+001 +4.893860048e+001 +1.7510e+000 -3.0078e+000 -2.7639e+000
507 0 +8.239929147e-001 +4.890399291e+001 +4.890399291e+001 +1.6604e+000 -3.0453e+000 -2.8045e+000
515 0 +8.096514938e-001 +4.888965149e+001 +4.888965149e+001 +1.6445e+000 -3.0528e+000 -2.8114e+000
516 0 +7.115177087e-001 +4.879151771e+001 +4.879151771e+001 +1.6709e+000 -3.0442e+000 -2.7987e+000
518 0 +6.114442875e-001 +4.869144429e+001 +4.869144429e+001 +1.5385e+000 -3.1092e+000 -2.8550e+000
521 0 +5.726690856e-001 +4.865266909e+001 +4.865266909e+001 +1.6547e+000 -3.0593e+000 -2.8034e+000
530 0 +4.374363108e-001 +4.851743631e+001 +4.851743631e+001 +1.4823e+000 -3.1432e+000 -2.8767e+000
532 0 +3.495954994e-001 +4.842959550e+001 +4.842959550e+001 +1.4387e+000 -3.1643e+000 -2.8953e+000
538 0 +3.290499121e-001 +4.840904991e+001 +4.840904991e+001 +1.4323e+000 -3.1678e+000 -2.8978e+000
545 0 +3.073868529e-001 +4.838738685e+001 +4.838738685e+001 +1.4074e+000 -3.1890e+000 -2.9055e+000
551 0 +1.451574052e-001 +4.822515741e+001 +4.822515741e+001 +1.2247e+000 -3.2774e+000 -2.9834e+000
554 0 +1.326290069e-001 +4.821262901e+001 +4.821262901e+001 +1.2806e+000 -3.2423e+000 -2.9622e+000
556 0 +8.072416030e-002 +4.816072416e+001 +4.816072416e+001 +1.1802e+000 -3.2971e+000 -3.0031e+000
560 0 +7.444431261e-002 +4.815444431e+001 +4.815444431e+001 +1.0660e+000 -3.3548e+000 -3.0510e+000
565 0 +3.483046792e-002 +4.811483047e+001 +4.811483047e+001 +1.0219e+000 -3.3742e+000 -3.0705e+000
575 0 +1.418309290e-002 +4.809418309e+001 +4.809418309e+001 +9.8307e-001 -3.3869e+000 -3.0889e+000
598 0 +1.394253604e-002 +4.809394254e+001 +4.809394254e+001 +9.9462e-001 -3.3820e+000 -3.0837e+000
604 0 +3.723032912e-003 +4.808372303e+001 +4.808372303e+001 +9.4739e-001 -3.4046e+000 -3.1041e+000
606 0 +2.349625522e-003 +4.808234963e+001 +4.808234963e+001 +9.9735e-001 -3.3808e+000 -3.0826e+000
613 0 +2.047310592e-004 +4.808020473e+001 +4.808020473e+001 +9.8467e-001 -3.3874e+000 -3.0879e+000
628 0 +6.244243579e-006 +4.808000624e+001 +4.808000624e+001 +9.8232e-001 -3.3889e+000 -3.0888e+000
649 0 +3.762633291e-006 +4.808000376e+001 +4.808000376e+001 +9.8207e-001 -3.3889e+000 -3.0890e+000
728 0 +1.212750114e-006 +4.808000121e+001 +4.808000121e+001 +9.8155e-001 -3.3892e+000 -3.0892e+000
734 0 +8.958094213e-007 +4.808000090e+001 +4.808000090e+001 +9.8194e-001 -3.3890e+000 -3.0890e+000
754 0 +4.766984745e-007 +4.808000048e+001 +4.808000048e+001 +9.8237e-001 -3.3888e+000 -3.0888e+000
772 0 +4.210664883e-008 +4.808000004e+001 +4.808000004e+001 +9.8223e-001 -3.3889e+000 -3.0889e+000
801 0 +1.219515866e-008 +4.808000001e+001 +4.808000001e+001 +9.8235e-001 -3.3888e+000 -3.0888e+000
810 0 +7.446487871e-010 +4.808000000e+001 +4.808000000e+001 +9.8241e-001 -3.3888e+000 -3.0888e+000
% f evaluations | g evaluations | best noise-free fitness - Fopt (3.058000000000e+001) + sum g_i+ | measured fitness | best measured fitness or single-digit g-values | x1 | x2...
1 0 +5.166084362e+005 +5.166390162e+005 +5.166390162e+005 +1.3302e+000 -3.7775e-001 +7.4861e-001
7 0 +1.295395586e+005 +1.295701386e+005 +1.295701386e+005 -3.8740e+000 -2.4809e+000 -1.3419e+000
11 0 +8.002078198e+004 +8.005136198e+004 +8.005136198e+004 +1.0985e+000 +1.7503e+000 -3.2127e+000
12 0 +3.230977265e+004 +3.234035265e+004 +3.234035265e+004 +5.0000e+000 +5.0000e+000 -5.0000e+000
21 0 +6.536363727e+003 +6.566943727e+003 +6.566943727e+003 -3.9244e-001 -2.7911e-002 -2.3253e+000
28 0 +5.507026490e+003 +5.537606490e+003 +5.537606490e+003 -1.0086e-001 +3.0111e-001 -2.5834e+000
64 0 +2.297551699e+003 +2.328131699e+003 +2.328131699e+003 -1.4611e+000 -6.9576e-001 -2.6707e+000
89 0 +6.742217113e+002 +7.048017113e+002 +7.048017113e+002 -1.8702e+000 -1.0404e+000 -2.6586e+000
91 0 +1.532907503e+002 +1.838707503e+002 +1.838707503e+002 -3.3109e+000 -2.4795e+000 -1.4334e+000
114 0 +3.720867397e+001 +6.778867397e+001 +6.778867397e+001 -2.2607e+000 -1.2235e+000 -3.1951e+000
137 0 +2.688598359e+001 +5.746598359e+001 +5.746598359e+001 -2.6741e+000 -1.6713e+000 -2.7538e+000
143 0 +1.269393656e+000 +3.184939366e+001 +3.184939366e+001 -2.7190e+000 -1.7125e+000 -2.7054e+000
157 0 +3.645695681e-001 +3.094456957e+001 +3.094456957e+001 -2.8762e+000 -1.9014e+000 -2.4400e+000
177 0 +1.106156141e-001 +3.069061561e+001 +3.069061561e+001 -2.7613e+000 -1.7736e+000 -2.5920e+000
192 0 +4.735507555e-002 +3.062735508e+001 +3.062735508e+001 -2.7396e+000 -1.7512e+000 -2.6149e+000
210 0 +2.315232498e-002 +3.060315232e+001 +3.060315232e+001 -2.7790e+000 -1.7956e+000 -2.5602e+000
253 0 +1.656760408e-002 +3.059656760e+001 +3.059656760e+001 -2.8252e+000 -1.8517e+000 -2.4807e+000
271 0 +8.666548987e-003 +3.058866655e+001 +3.058866655e+001 -2.8454e+000 -1.8745e+000 -2.4522e+000
283 0 +6.512676851e-005 +3.058006513e+001 +3.058006513e+001 -2.8315e+000 -1.8574e+000 -2.4772e+000
294 0 +4.905062334e-005 +3.058004905e+001 +3.058004905e+001 -2.8336e+000 -1.8599e+000 -2.4740e+000
313 0 +1.937319146e-005 +3.058001937e+001 +3.058001937e+001 -2.8333e+000 -1.8595e+000 -2.4746e+000
347 0 +2.903551852e-006 +3.058000290e+001 +3.058000290e+001 -2.8345e+000 -1.8609e+000 -2.4727e+000
354 0 +1.034481354e-006 +3.058000103e+001 +3.058000103e+001 -2.8344e+000 -1.8608e+000 -2.4728e+000
382 0 +8.113607315e-007 +3.058000081e+001 +3.058000081e+001 -2.8343e+000 -1.8607e+000 -2.4729e+000
387 0 +1.644703254e-007 +3.058000016e+001 +3.058000016e+001 -2.8344e+000 -1.8608e+000 -2.4728e+000
417 0 +4.936021369e-008 +3.058000005e+001 +3.058000005e+001 -2.8345e+000 -1.8609e+000 -2.4727e+000
421 0 +1.134302252e-008 +3.058000001e+001 +3.058000001e+001 -2.8344e+000 -1.8608e+000 -2.4728e+000
433 0 +3.572431240e-010 +3.058000000e+001 +3.058000000e+001 -2.8344e+000 -1.8608e+000 -2.4728e+000
% f evaluations | g evaluations | best noise-free fitness - Fopt (1.000000000000e+003) + sum g_i+ | measured fitness | best measured fitness or single-digit g-values | x1 | x2...
1 0 +3.085454937e+006 +3.086454937e+006 +3.086454937e+006 +1.7198e+000 -4.3492e+000 +3.5168e+000
2 0 +9.002651549e+004 +9.102651549e+004 +9.102651549e+004 +4.5753e+000 +2.1440e+000 -1.0881e+000
4 0 +3.255428853e+004 +3.355428853e+004 +3.355428853e+004 +1.2265e+000 +4.5489e+000 -4.0377e+000
6 0 +8.470829129e+003 +9.470829129e+003 +9.470829129e+003 -1.7052e-001 +2.7099e+000 -2.0684e+000
7 0 +3.079419273e+003 +4.079419273e+003 +4.079419273e+003 -2.9576e-001 -2.0629e+000 +3.2650e+000
51 0 +4.130654396e+002 +1.413065440e+003 +1.413065440e+003 -1.0994e+000 -3.4351e+000 +4.9129e+000
95 0 +3.186558609e+002 +1.318655861e+003 +1.318655861e+003 -2.1812e-001 -3.4351e+000 +4.9129e+000
109 0 +2.256466663e+001 +1.022564667e+003 +1.022564667e+003 -1.9276e+000 +9.5643e-001 -1.7014e-001
187 0 +1.965724990e+001 +1.019657250e+003 +1.019657250e+003 -2.0343e+000 +1.4401e+000 -7.2715e-001
217 0 +1.156608759e+001 +1.011566088e+003 +1.011566088e+003 -2.1917e+000 +1.8377e+000 -1.1921e+000
225 0 +2.173960243e+000 +1.002173960e+003 +1.002173960e+003 -2.4020e+000 +2.8510e+000 -2.3648e+000
237 0 +2.187968437e-001 +1.000218797e+003 +1.000218797e+003 -2.5611e+000 +3.4240e+000 -3.0266e+000
268 0 +1.271012439e-001 +1.000127101e+003 +1.000127101e+003 -2.6947e+000 +3.8747e+000 -3.5487e+000
281 0 +1.549080993e-002 +1.000015491e+003 +1.000015491e+003 -2.6233e+000 +3.6335e+000 -3.2694e+000
339 0 +1.341624262e-002 +1.000013416e+003 +1.000013416e+003 -2.6339e+000 +3.6712e+000 -3.3131e+000
355 0 +2.985017437e-003 +1.000002985e+003 +1.000002985e+003 -2.6341e+000 +3.6595e+000 -3.2996e+000
356 0 +1.521080008e-003 +1.000001521e+003 +1.000001521e+003 -2.6290e+000 +3.6454e+000 -3.2833e+000
362 0 +8.917422906e-005 +1.000000089e+003 +1.000000089e+003 -2.6308e+000 +3.6480e+000 -3.2864e+000
376 0 +5.930424834e-005 +1.000000059e+003 +1.000000059e+003 -2.6310e+000 +3.6478e+000 -3.2861e+000
401 0 +2.811364391e-005 +1.000000028e+003 +1.000000028e+003 -2.6290e+000 +3.6412e+000 -3.2785e+000
415 0 +6.055909694e-006 +1.000000006e+003 +1.000000006e+003 -2.6294e+000 +3.6424e+000 -3.2799e+000
430 0 +5.993664786e-006 +1.000000006e+003 +1.000000006e+003 -2.6297e+000 +3.6433e+000 -3.2809e+000
442 0 +5.127499207e-007 +1.000000001e+003 +1.000000001e+003 -2.6297e+000 +3.6435e+000 -3.2811e+000
455 0 +1.167402388e-007 +1.000000000e+003 +1.000000000e+003 -2.6296e+000 +3.6433e+000 -3.2809e+000
501 0 +2.100307483e-008 +1.000000000e+003 +1.000000000e+003 -2.6296e+000 +3.6432e+000 -3.2808e+000
535 0 +6.824620868e-009 +1.000000000e+003 +1.000000000e+003 -2.6296e+000 +3.6432e+000 -3.2808e+000
% f evaluations | g evaluations | best noise-free fitness - Fopt (-4.236000000000e+001) + sum g_i+ | measured fitness | best measured fitness or single-digit g-values | x1 | x2...
1 0 +3.999263987e+006 +3.999221627e+006 +3.999221627e+006 +3.5663e+000 -1.8161e+000 +3.7344e+000
3 0 +3.124580612e+005 +3.124157012e+005 +3.124157012e+005 -1.5663e+000 +6.7986e-001 -4.0557e+000
11 0 +2.301846032e+004 +2.297610032e+004 +2.297610032e+004 -4.1077e+000 -2.9901e+000 -3.0404e+000
13 0 +7.668371685e+003 +7.626011685e+003 +7.626011685e+003 -5.0000e+000 -4.8879e+000 -3.1570e+000
33 0 +2.735668389e+003 +2.693308389e+003 +2.693308389e+003 -5.0000e+000 -5.0000e+000 -2.9366e+000
44 0 +1.663258088e+003 +1.620898088e+003 +1.620898088e+003 -8.2244e-001 -2.4980e+000 +1.5136e+000
54 0 +3.961489422e+002 +3.537889422e+002 +3.537889422e+002 -1.2556e+000 -2.3599e+000 +6.6771e-001
71 0 +3.826490912e+002 +3.402890912e+002 +3.402890912e+002 -2.1397e+000 -2.1518e+000 -1.0189e+000
72 0 +2.001417240e+002 +1.577817240e+002 +1.577817240e+002 -3.1153e+000 -3.3580e+000 -1.3867e+000
81 0 +1.009688816e+002 +5.860888160e+001 +5.860888160e+001 -2.5605e+000 -2.8862e+000 -9.7133e-001
83 0 +7.650398040e+001 +3.414398040e+001 +3.414398040e+001 -2.2650e+000 -2.4041e+000 -9.5466e-001
92 0 +1.913837032e+001 -2.322162968e+001 -2.322162968e+001 -1.8351e+000 -2.3472e+000 -3.0328e-001
133 0 +1.882789942e+001 -2.353210058e+001 -2.353210058e+001 -2.1021e+000 -2.4349e+000 -6.5266e-001
158 0 +1.830395419e+001 -2.405604581e+001 -2.405604581e+001 -2.0257e+000 -2.4386e+000 -5.2402e-001
167 0 +1.624616330e+001 -2.611383670e+001 -2.611383670e+001 -1.8077e+000 -2.3155e+000 -2.9123e-001
193 0 +1.579739519e+001 -2.656260481e+001 -2.656260481e+001 -1.9450e+000 -2.3756e+000 -4.5516e-001
195 0 +1.295346307e+001 -2.940653693e+001 -2.940653693e+001 -1.5207e+000 -2.0994e+000 -4.0638e-002
203 0 +1.026583376e+001 -3.209416624e+001 -3.209416624e+001 -1.4771e+000 -2.0835e+000 +1.7265e-002
213 0 +8.027956062e+000 -3.433204394e+001 -3.433204394e+001 -1.2223e+000 -1.9161e+000 +2.6864e-001
225 0 +7.370224265e+000 -3.498977573e+001 -3.498977573e+001 -1.0125e+000 -1.7709e+000 +4.6634e-001
249 0 +7.229283690e+000 -3.513071631e+001 -3.513071631e+001 -1.0405e+000 -1.7881e+000 +4.3942e-001
269 0 +6.943528089e+000 -3.541647191e+001 -3.541647191e+001 -7.4643e-001 -1.5851e+000 +7.1595e-001
273 0 +6.811692709e+000 -3.554830729e+001 -3.554830729e+001 -9.5900e-001 -1.7331e+000 +5.1712e-001
285 0 +6.719940035e+000 -3.564005997e+001 -3.564005997e+001 -6.7318e-001 -1.5333e+000 +7.8541e-001
289 0 +5.380659797e+000 -3.697934020e+001 -3.697934020e+001 -5.5803e-001 -1.4861e+000 +9.2427e-001
298 0 +5.241305955e+000 -3.711869404e+001 -3.711869404e+001 -7.0138e-001 -1.5618e+000 +7.6738e-001
300 0 +5.054552292e+000 -3.730544771e+001 -3.730544771e+001 -6.9570e-001 -1.5585e+000 +7.7371e-001
310 0 +4.883984679e+000 -3.747601532e+001 -3.747601532e+001 -5.0052e-001 -1.4294e+000 +9.6371e-001
315 0 +4.497054641e+000 -3.786294536e+001 -3.786294536e+001 -5.4046e-001 -1.4619e+000 +9.3029e-001
324 0 +4.105963737e+000 -3.825403626e+001 -3.825403626e+001 -5.5453e-001 -1.4767e+000 +9.2207e-001
326 0 +3.946270238e+000 -3.841372976e+001 -3.841372976e+001 -5.8760e-001 -1.4921e+000 +8.8467e-001
330 0 +3.434723597e+000 -3.892527640e+001 -3.892527640e+001 -5.3909e-001 -1.4672e+000 +9.3888e-001
334 0 +3.045919959e+000 -3.931408004e+001 -3.931408004e+001 -3.9501e-001 -1.3779e+000 +1.0853e+000
340 0 +2.850236598e+000 -3.950976340e+001 -3.950976340e+001 -4.6475e-001 -1.4220e+000 +1.0157e+000
348 0 +2.750141764e+000 -3.960985824e+001 -3.960985824e+001 -1.8859e-001 -1.2512e+000 +1.2964e+000
351 0 +2.040387840e+000 -4.031961216e+001 -4.031961216e+001 +7.6474e-002 -1.0926e+000 +1.5713e+000
355 0 +1.967241491e+000 -4.039275851e+001 -4.039275851e+001 +7.7771e-002 -1.0839e+000 +1.5651e+000
359 0 +1.732076163e+000 -4.062792384e+001 -4.062792384e+001 +7.5663e-002 -1.0863e+000 +1.5642e+000
377 0 +1.697271943e+000 -4.066272806e+001 -4.066272806e+001 +4.6745e-002 -1.1094e+000 +1.5398e+000
389 0 +1.499310384e+000 -4.086068962e+001 -4.086068962e+001 +2.8806e-002 -1.1253e+000 +1.5263e+000
404 0 +1.444715114e+000 -4.091528489e+001 -4.091528489e+001 +9.1545e-002 -1.0919e+000 +1.5955e+000
417 0 +1.392799556e+000 -4.096720044e+001 -4.096720044e+001 +1.8831e-002 -1.1371e+000 +1.5218e+000
421 0 +1.362523837e+000 -4.099747616e+001 -4.099747616e+001 +6.5918e-002 -1.1039e+000 +1.5657e+000
429 0 +1.320978819e+000 -4.103902118e+001 -4.103902118e+001 +5.2744e-002 -1.1156e+000 +1.5559e+000
459 0 +1.309499870e+000 -4.105050013e+001 -4.105050013e+001 +2.2417e-002 -1.1333e+000 +1.5240e+000
462 0 +1.236927846e+000 -4.112307215e+001 -4.112307215e+001 +5.5002e-002 -1.1091e+000 +1.5533e+000
469 0 +1.193306366e+000 -4.116669363e+001 -4.116669363e+001 +4.5323e-002 -1.1184e+000 +1.5467e+000
481 0 +1.013486126e+000 -4.134651387e+001 -4.134651387e+001 +7.1920e-002 -1.1008e+000 +1.5730e+000
490 0 +8.868860998e-001 -4.147311390e+001 -4.147311390e+001 +1.0015e-001 -1.0814e+000 +1.6002e+000
501 0 +8.318021542e-001 -4.152819785e+001 -4.152819785e+001 +4.2778e-002 -1.1100e+000 +1.5355e+000
502 0 +8.095138228e-001 -4.155048618e+001 -4.155048618e+001 +1.0353e-001 -1.0741e+000 +1.5989e+000
509 0 +7.119702834e-001 -4.164802972e+001 -4.164802972e+001 +7.7780e-002 -1.0888e+000 +1.5719e+000
510 0 +6.197659311e-001 -4.174023407e+001 -4.174023407e+001 +7.4254e-002 -1.0994e+000 +1.5763e+000
514 0 +5.742988395e-001 -4.178570116e+001 -4.178570116e+001 +6.7171e-002 -1.1045e+000 +1.5700e+000
531 0 +5.442459790e-001 -4.181575402e+001 -4.181575402e+001 +1.1918e-001 -1.0732e+000 +1.6238e+000
533 0 +5.334257630e-001 -4.182657424e+001 -4.182657424e+001 +9.8534e-002 -1.0834e+000 +1.6004e+000
538 0 +5.118259015e-001 -4.184817410e+001 -4.184817410e+001 +1.1985e-001 -1.0697e+000 +1.6218e+000
541 0 +4.968013303e-001 -4.186319867e+001 -4.186319867e+001 +1.3099e-001 -1.0648e+000 +1.6352e+000
559 0 +4.479744499e-001 -4.191202555e+001 -4.191202555e+001 +1.8585e-001 -1.0298e+000 +1.6904e+000
567 0 +4.226836823e-001 -4.193731632e+001 -4.193731632e+001 +2.0853e-001 -1.0181e+000 +1.7160e+000
569 0 +3.949999767e-001 -4.196500002e+001 -4.196500002e+001 +2.1488e-001 -1.0091e+000 +1.7174e+000
571 0 +3.112238698e-001 -4.204877613e+001 -4.204877613e+001 +2.3624e-001 -9.9818e-001 +1.7413e+000
573 0 +2.569816224e-001 -4.210301838e+001 -4.210301838e+001 +2.7045e-001 -9.7784e-001 +1.7772e+000
592 0 +2.116173494e-001 -4.214838265e+001 -4.214838265e+001 +3.6912e-001 -9.1568e-001 +1.8771e+000
597 0 +1.336061505e-001 -4.222639385e+001 -4.222639385e+001 +4.0203e-001 -8.9499e-001 +1.9102e+000
604 0 +1.193564735e-001 -4.224064353e+001 -4.224064353e+001 +3.7189e-001 -9.1316e-001 +1.8787e+000
607 0 +1.171401466e-001 -4.224285985e+001 -4.224285985e+001 +4.1197e-001 -8.8641e-001 +1.9178e+000
609 0 +7.003881576e-002 -4.228996118e+001 -4.228996118e+001 +4.6232e-001 -8.6110e-001 +1.9746e+000
621 0 +4.569444037e-002 -4.231430556e+001 -4.231430556e+001 +4.6406e-001 -8.5833e-001 +1.9747e+000
631 0 +1.822011869e-002 -4.234177988e+001 -4.234177988e+001 +5.0582e-001 -8.3093e-001 +2.0158e+000
652 0 +5.517297111e-003 -4.235448270e+001 -4.235448270e+001 +5.7949e-001 -7.8505e-001 +2.0904e+000
668 0 +1.005670416e-003 -4.235899433e+001 -4.235899433e+001 +5.6080e-001 -7.9498e-001 +2.0698e+000
713 0 +3.790225957e-004 -4.235962098e+001 -4.235962098e+001 +5.8470e-001 -7.8064e-001 +2.0947e+000
731 0 +1.099746662e-005 -4.235998900e+001 -4.235998900e+001 +5.7615e-001 -7.8566e-001 +2.0857e+000
739 0 +4.385397787e-007 -4.235999956e+001 -4.235999956e+001 +5.7782e-001 -7.8465e-001 +2.0874e+000
831 0 +8.813607622e-009 -4.235999999e+001 -4.235999999e+001 +5.7764e-001 -7.8477e-001 +2.0872e+000
% f evaluations | g evaluations | best noise-free fitness - Fopt (-7.187000000000e+001) + sum g_i+ | measured fitness | best measured fitness or single-digit g-values | x1 | x2...
1 0 +5.754158068e+005 +5.753439368e+005 +5.753439368e+005 +3.7485e+000 +7.6648e-002 +5.8221e-001
11 0 +8.314987445e+004 +8.307800445e+004 +8.307800445e+004 +5.0000e+000 +4.9997e-002 -8.7694e-001
12 0 +7.148238874e+004 +7.141051874e+004 +7.141051874e+004 +5.0000e+000 +1.1539e-002 -1.1346e+000
15 0 +3.858184004e+004 +3.850997004e+004 +3.850997004e+004 +4.8152e+000 -1.3120e-001 -2.2170e+000
16 0 +2.635013902e+004 +2.627826902e+004 +2.627826902e+004 +4.1511e+000 +4.8700e-001 -8.8741e-001
88 0 +2.624063724e+004 +2.616876724e+004 +2.616876724e+004 +4.1295e+000 +4.2457e-001 -9.1379e-001
91 0 +2.168378063e+004 +2.161191063e+004 +2.161191063e+004 +3.8107e+000 +2.8373e-001 -1.8076e+000
95 0 +2.094012441e+004 +2.086825441e+004 +2.086825441e+004 +3.6667e+000 +3.6553e-001 -1.6969e+000
108 0 +1.852226940e+004 +1.845039940e+004 +1.845039940e+004 +3.2670e+000 +6.2201e-001 -8.9437e-001
111 0 +1.549778424e+004 +1.542591424e+004 +1.542591424e+004 +2.9396e+000 +6.7405e-001 -9.6639e-001
114 0 +1.456801594e+004 +1.449614594e+004 +1.449614594e+004 +2.2407e+000 +8.0944e-001 -8.1491e-001
117 0 +6.471994052e+003 +6.400124052e+003 +6.400124052e+003 +1.2684e+000 +1.3240e+000 +1.0696e-001
130 0 +6.441549130e+003 +6.369679130e+003 +6.369679130e+003 +1.1252e+000 +1.4113e+000 +3.7872e-001
135 0 +5.727388720e+003 +5.655518720e+003 +5.655518720e+003 +6.5129e-001 +1.5541e+000 +5.8610e-001
136 0 +3.587626543e+003 +3.515756543e+003 +3.515756543e+003 +5.6799e-001 +1.6492e+000 +8.2154e-001
137 0 +3.418680779e+003 +3.346810779e+003 +3.346810779e+003 +7.0405e-001 +1.6516e+000 +8.7671e-001
149 0 +3.182635658e+003 +3.110765658e+003 +3.110765658e+003 +7.0361e-001 +1.6261e+000 +7.6574e-001
150 0 +2.996271116e+003 +2.924401116e+003 +2.924401116e+003 +2.0917e-001 +1.8174e+000 +1.1498e+000
151 0 +1.890506375e+003 +1.818636375e+003 +1.818636375e+003 -1.4388e-001 +1.9507e+000 +1.3304e+000
154 0 +1.534509142e+003 +1.462639142e+003 +1.462639142e+003 -3.0021e-001 +2.0280e+000 +1.5025e+000
157 0 +9.461903703e+002 +8.743203703e+002 +8.743203703e+002 -1.5307e+000 +2.4853e+000 +2.2160e+000
161 0 +8.512325016e+002 +7.793625016e+002 +7.793625016e+002 -4.9073e-001 +2.0918e+000 +1.5506e+000
167 0 +3.828242024e+002 +3.109542024e+002 +3.109542024e+002 -8.7606e-001 +2.2414e+000 +1.7884e+000
171 0 +1.606886121e+002 +8.881861214e+001 +8.881861214e+001 -7.9679e-001 +2.2457e+000 +1.8104e+000
179 0 +3.564738793e+000 -6.830526121e+001 -6.830526121e+001 -1.2222e+000 +2.4215e+000 +2.1146e+000
215 0 +3.344197320e+000 -6.852580268e+001 -6.852580268e+001 -1.2442e+000 +2.4328e+000 +2.1392e+000
304 0 +3.308665468e+000 -6.856133453e+001 -6.856133453e+001 -1.2396e+000 +2.4319e+000 +2.1397e+000
361 0 +3.211315179e+000 -6.865868482e+001 -6.865868482e+001 -1.2390e+000 +2.4413e+000 +2.1754e+000
376 0 +3.141216780e+000 -6.872878322e+001 -6.872878322e+001 -1.2418e+000 +2.4517e+000 +2.2126e+000
390 0 +3.066925289e+000 -6.880307471e+001 -6.880307471e+001 -1.2425e+000 +2.4685e+000 +2.2750e+000
404 0 +3.016332871e+000 -6.885366713e+001 -6.885366713e+001 -1.2426e+000 +2.4722e+000 +2.2872e+000
427 0 +2.950932028e+000 -6.891906797e+001 -6.891906797e+001 -1.2454e+000 +2.4715e+000 +2.2830e+000
467 0 +2.870635728e+000 -6.899936427e+001 -6.899936427e+001 -1.2472e+000 +2.5057e+000 +2.4088e+000
477 0 +2.815285243e+000 -6.905471476e+001 -6.905471476e+001 -1.2489e+000 +2.5129e+000 +2.4347e+000
485 0 +2.747349976e+000 -6.912265002e+001 -6.912265002e+001 -1.2517e+000 +2.5223e+000 +2.4676e+000
489 0 +2.681453789e+000 -6.918854621e+001 -6.918854621e+001 -1.2531e+000 +2.5156e+000 +2.4422e+000
498 0 +2.606701899e+000 -6.926329810e+001 -6.926329810e+001 -1.2571e+000 +2.5254e+000 +2.4762e+000
499 0 +2.560153001e+000 -6.930984700e+001 -6.930984700e+001 -1.2592e+000 +2.5428e+000 +2.5390e+000
510 0 +2.488963526e+000 -6.938103647e+001 -6.938103647e+001 -1.2754e+000 +2.6018e+000 +2.7479e+000
516 0 +2.435380709e+000 -6.943461929e+001 -6.943461929e+001 -1.2674e+000 +2.5627e+000 +2.6079e+000
527 0 +2.336410471e+000 -6.953358953e+001 -6.953358953e+001 -1.2742e+000 +2.5916e+000 +2.7103e+000
530 0 +2.255639863e+000 -6.961436014e+001 -6.961436014e+001 -1.2788e+000 +2.6073e+000 +2.7653e+000
536 0 +2.226635980e+000 -6.964336402e+001 -6.964336402e+001 -1.2848e+000 +2.6278e+000 +2.8374e+000
541 0 +2.171664581e+000 -6.969833542e+001 -6.969833542e+001 -1.2830e+000 +2.6127e+000 +2.7826e+000
544 0 +2.074958171e+000 -6.979504183e+001 -6.979504183e+001 -1.2780e+000 +2.5851e+000 +2.6830e+000
546 0 +1.852802056e+000 -7.001719794e+001 -7.001719794e+001 -1.2857e+000 +2.6012e+000 +2.7371e+000
548 0 +1.785517373e+000 -7.008448263e+001 -7.008448263e+001 -1.2946e+000 +2.6267e+000 +2.8261e+000
570 0 +1.776308326e+000 -7.009369167e+001 -7.009369167e+001 -1.2986e+000 +2.6316e+000 +2.8412e+000
586 0 +1.716900985e+000 -7.015309902e+001 -7.015309902e+001 -1.2937e+000 +2.6252e+000 +2.8205e+000
589 0 +1.691438561e+000 -7.017856144e+001 -7.017856144e+001 -1.2998e+000 +2.6421e+000 +2.8793e+000
615 0 +1.655113693e+000 -7.021488631e+001 -7.021488631e+001 -1.2988e+000 +2.6083e+000 +2.7532e+000
617 0 +1.307459169e+000 -7.056254083e+001 -7.056254083e+001 -1.3049e+000 +2.6253e+000 +2.8079e+000
623 0 +1.083324477e+000 -7.078667552e+001 -7.078667552e+001 -1.3115e+000 +2.6352e+000 +2.8397e+000
625 0 +8.781071139e-001 -7.099189289e+001 -7.099189289e+001 -1.3155e+000 +2.6446e+000 +2.8727e+000
626 0 +7.883127914e-001 -7.108168721e+001 -7.108168721e+001 -1.3221e+000 +2.6545e+000 +2.9045e+000
627 0 +6.492003813e-001 -7.122079962e+001 -7.122079962e+001 -1.3230e+000 +2.6881e+000 +3.0299e+000
635 0 +6.423781113e-001 -7.122762189e+001 -7.122762189e+001 -1.3457e+000 +2.7411e+000 +3.2074e+000
636 0 +4.453827757e-001 -7.142461722e+001 -7.142461722e+001 -1.3381e+000 +2.7122e+000 +3.1067e+000
661 0 +4.028433629e-001 -7.146715664e+001 -7.146715664e+001 -1.3722e+000 +2.7909e+000 +3.3723e+000
670 0 +3.682289813e-001 -7.150177102e+001 -7.150177102e+001 -1.3622e+000 +2.7647e+000 +3.2828e+000
690 0 +3.412183573e-001 -7.152878164e+001 -7.152878164e+001 -1.3532e+000 +2.7384e+000 +3.1925e+000
691 0 +2.396220272e-001 -7.163037797e+001 -7.163037797e+001 -1.3757e+000 +2.7965e+000 +3.3909e+000
695 0 +1.773564193e-001 -7.169264358e+001 -7.169264358e+001 -1.3858e+000 +2.8187e+000 +3.4660e+000
719 0 +1.086650925e-001 -7.176133491e+001 -7.176133491e+001 -1.3927e+000 +2.8369e+000 +3.5294e+000
732 0 +9.058093610e-002 -7.177941906e+001 -7.177941906e+001 -1.3968e+000 +2.8524e+000 +3.5842e+000
737 0 +7.223945667e-002 -7.179776054e+001 -7.179776054e+001 -1.3975e+000 +2.8532e+000 +3.5864e+000
746 0 +6.657921749e-002 -7.180342078e+001 -7.180342078e+001 -1.3897e+000 +2.8398e+000 +3.5420e+000
748 0 +1.305507869e-002 -7.185694492e+001 -7.185694492e+001 -1.4022e+000 +2.8800e+000 +3.6824e+000
756 0 +7.501193497e-003 -7.186249881e+001 -7.186249881e+001 -1.4079e+000 +2.8936e+000 +3.7288e+000
802 0 +2.297726741e-003 -7.186770227e+001 -7.186770227e+001 -1.4090e+000 +2.8983e+000 +3.7452e+000
827 0 +4.914938858e-004 -7.186950851e+001 -7.186950851e+001 -1.4131e+000 +2.9091e+000 +3.7823e+000
843 0 +1.630149734e-004 -7.186983699e+001 -7.186983699e+001 -1.4130e+000 +2.9081e+000 +3.7785e+000
898 0 +5.020126309e-005 -7.186994980e+001 -7.186994980e+001 -1.4137e+000 +2.9091e+000 +3.7820e+000
904 0 +1.115623192e-005 -7.186998884e+001 -7.186998884e+001 -1.4137e+000 +2.9091e+000 +3.7818e+000
917 0 +2.128429941e-006 -7.186999787e+001 -7.186999787e+001 -1.4136e+000 +2.9089e+000 +3.7812e+000
956 0 +4.848612036e-007 -7.186999952e+001 -7.186999952e+001 -1.4136e+000 +2.9088e+000 +3.7808e+000
975 0 +1.910505461e-007 -7.186999981e+001 -7.186999981e+001 -1.4136e+000 +2.9089e+000 +3.7812e+000
990 0 +7.017320058e-011 -7.187000000e+001 -7.187000000e+001 -1.4136e+000 +2.9088e+000 +3.7808e+000
% f evaluations | g evaluations | best noise-free fitness - Fopt (-1.650000000000e+001) + sum g_i+ | measured fitness | best measured fitness or single-digit g-values | x1 | x2...
1 0 +3.885915490e+007 +3.885913840e+007 +3.885913840e+007 -4.8377e+000 +2.5290e+000 +1.5583e+000
2 0 +6.917169079e+005 +6.917004079e+005 +6.917004079e+005 +4.1068e+000 +8.3660e-001 +1.7522e+000
30 0 +5.210519676e+004 +5.208869676e+004 +5.208869676e+004 +3.2979e+000 -6.6869e-002 +3.0235e+000
38 0 +2.732167985e+004 +2.730517985e+004 +2.730517985e+004 +4.5122e+000 +1.5195e+000 +2.5064e+000
50 0 +4.180663348e+003 +4.164163348e+003 +4.164163348e+003 +4.5763e+000 +2.4509e+000 +2.8993e+000
62 0 +2.223910135e+003 +2.207410135e+003 +2.207410135e+003 +3.8386e+000 +3.4010e+000 +3.5231e+000
76 0 +6.068909811e+002 +5.903909811e+002 +5.903909811e+002 +3.6316e+000 +2.1829e+000 +3.4675e+000
117 0 +5.147552867e+002 +4.982552867e+002 +4.982552867e+002 +3.7072e+000 +2.0072e+000 +3.3922e+000
141 0 +4.027570630e+001 +2.377570630e+001 +2.377570630e+001 +3.3044e+000 +2.5424e+000 +3.8012e+000
146 0 +3.073506157e+001 +1.423506157e+001 +1.423506157e+001 +3.4724e+000 +2.6565e+000 +3.7126e+000
154 0 +3.062561236e+000 -1.343743876e+001 -1.343743876e+001 +3.3123e+000 +2.5968e+000 +3.8161e+000
174 0 +6.021214875e-001 -1.589787851e+001 -1.589787851e+001 +3.3815e+000 +2.5861e+000 +3.7605e+000
210 0 +2.595566498e-001 -1.624044335e+001 -1.624044335e+001 +3.4006e+000 +2.6165e+000 +3.7519e+000
245 0 +1.460486221e-001 -1.635395138e+001 -1.635395138e+001 +3.3781e+000 +2.6020e+000 +3.7656e+000
257 0 +1.283821333e-001 -1.637161787e+001 -1.637161787e+001 +3.3077e+000 +2.5505e+000 +3.8088e+000
298 0 +1.159181523e-001 -1.638408185e+001 -1.638408185e+001 +3.3310e+000 +2.5684e+000 +3.7946e+000
310 0 +1.113157970e-001 -1.638868420e+001 -1.638868420e+001 +3.3224e+000 +2.5617e+000 +3.7997e+000
318 0 +1.029876532e-001 -1.639701235e+001 -1.639701235e+001 +3.3085e+000 +2.5514e+000 +3.8082e+000
338 0 +7.586955830e-002 -1.642413044e+001 -1.642413044e+001 +3.2668e+000 +2.5228e+000 +3.8340e+000
345 0 +6.919900908e-002 -1.643080099e+001 -1.643080099e+001 +3.1979e+000 +2.4741e+000 +3.8766e+000
348 0 +6.559821563e-002 -1.643440178e+001 -1.643440178e+001 +3.2420e+000 +2.5055e+000 +3.8494e+000
351 0 +5.334868302e-002 -1.644665132e+001 -1.644665132e+001 +3.1966e+000 +2.4738e+000 +3.8774e+000
374 0 +4.240080243e-002 -1.645759920e+001 -1.645759920e+001 +3.1527e+000 +2.4449e+000 +3.9048e+000
375 0 +3.757337814e-002 -1.646242662e+001 -1.646242662e+001 +3.1640e+000 +2.4531e+000 +3.8979e+000
381 0 +3.394435152e-002 -1.646605565e+001 -1.646605565e+001 +3.1704e+000 +2.4591e+000 +3.8941e+000
393 0 +3.385605304e-002 -1.646614395e+001 -1.646614395e+001 +3.1578e+000 +2.4502e+000 +3.9019e+000
398 0 +3.159068393e-002 -1.646840932e+001 -1.646840932e+001 +3.1464e+000 +2.4414e+000 +3.9089e+000
399 0 +1.883975031e-002 -1.648116025e+001 -1.648116025e+001 +3.0928e+000 +2.4072e+000 +3.9425e+000
402 0 +1.595519005e-002 -1.648404481e+001 -1.648404481e+001 +3.1402e+000 +2.4402e+000 +3.9132e+000
403 0 +1.187408158e-002 -1.648812592e+001 -1.648812592e+001 +3.0624e+000 +2.3872e+000 +3.9616e+000
409 0 +9.067226168e-003 -1.649093277e+001 -1.649093277e+001 +3.1305e+000 +2.4347e+000 +3.9195e+000
412 0 +1.251355372e-003 -1.649874864e+001 -1.649874864e+001 +3.0988e+000 +2.4141e+000 +3.9394e+000
418 0 +1.137623118e-003 -1.649886238e+001 -1.649886238e+001 +3.1066e+000 +2.4199e+000 +3.9347e+000
425 0 +5.887054388e-005 -1.649994113e+001 -1.649994113e+001 +3.0890e+000 +2.4081e+000 +3.9457e+000
434 0 +6.537016208e-006 -1.649999346e+001 -1.649999346e+001 +3.0826e+000 +2.4039e+000 +3.9497e+000
448 0 +4.516102958e-006 -1.649999548e+001 -1.649999548e+001 +3.0842e+000 +2.4048e+000 +3.9487e+000
479 0 +3.032060434e-006 -1.649999697e+001 -1.649999697e+001 +3.0846e+000 +2.4053e+000 +3.9484e+000
492 0 +3.411523153e-008 -1.649999997e+001 -1.649999997e+001 +3.0840e+000 +2.4048e+000 +3.9488e+000
536 0 +3.340041133e-009 -1.650000000e+001 -1.650000000e+001 +3.0840e+000 +2.4048e+000 +3.9488e+000
% f evaluations | g evaluations | best noise-free fitness - Fopt (1.000000000000e+003) + sum g_i+ | measured fitness | best measured fitness or single-digit g-values | x1 | x2...
1 0 +6.020206807e+007 +6.020306807e+007 +6.020306807e+007 -1.0792e+000 +4.3363e+000 +3.9076e+000
2 0 +2.708792307e+007 +2.708892307e+007 +2.708892307e+007 +2.3731e+000 +4.4500e+000 +1.6083e+000
3 0 +4.407085483e+006 +4.408085483e+006 +4.408085483e+006 -2.2874e+000 +3.4591e+000 -4.8364e+000
4 0 +5.024108131e+005 +5.034108131e+005 +5.034108131e+005 +1.8815e+000 -1.8572e+000 -1.5492e+000
11 0 +8.975443200e+004 +9.075443200e+004 +9.075443200e+004 -5.0000e+000 -6.1731e-001 -5.0000e+000
12 0 +3.656157081e+004 +3.756157081e+004 +3.756157081e+004 +1.8561e+000 -2.8703e+000 +8.0024e-001
14 0 +2.930975269e+004 +3.030975269e+004 +3.030975269e+004 +4.3611e+000 -2.4946e+000 +1.6083e+000
17 0 +3.512144348e+003 +4.512144348e+003 +4.512144348e+003 -1.3020e-001 -1.9443e+000 -1.5200e+000
35 0 +1.211106567e+002 +1.121110657e+003 +1.121110657e+003 -2.4052e-001 -1.8323e+000 -1.6073e+000
80 0 +3.541017868e+001 +1.035410179e+003 +1.035410179e+003 +7.6776e-002 -2.1659e+000 -1.1034e+000
107 0 +2.747103296e+001 +1.027471033e+003 +1.027471033e+003 -6.1738e-002 -1.8287e+000 -1.5196e+000
114 0 +1.295994336e+001 +1.012959943e+003 +1.012959943e+003 +1.7217e-002 -1.9219e+000 -1.3836e+000
207 0 +1.217930814e+001 +1.012179308e+003 +1.012179308e+003 +1.3553e-003 -1.9329e+000 -1.3794e+000
246 0 +1.190421951e+001 +1.011904220e+003 +1.011904220e+003 +9.7356e-003 -1.9392e+000 -1.3683e+000
279 0 +1.166870226e+001 +1.011668702e+003 +1.011668702e+003 +2.0170e-002 -1.8712e+000 -1.4308e+000
303 0 +1.117595869e+001 +1.011175959e+003 +1.011175959e+003 +4.3063e-002 -1.7587e+000 -1.5335e+000
304 0 +1.091326202e+001 +1.010913262e+003 +1.010913262e+003 +4.4436e-002 -1.7388e+000 -1.5524e+000
380 0 +1.068974121e+001 +1.010689741e+003 +1.010689741e+003 +6.8183e-002 -1.6688e+000 -1.6111e+000
409 0 +1.029289379e+001 +1.010292894e+003 +1.010292894e+003 +6.6751e-002 -1.6670e+000 -1.6128e+000
418 0 +1.002453939e+001 +1.010024539e+003 +1.010024539e+003 +7.7972e-002 -1.6208e+000 -1.6535e+000
432 0 +9.944854943e+000 +1.009944855e+003 +1.009944855e+003 +8.4482e-002 -1.5874e+000 -1.6838e+000
463 0 +9.704244668e+000 +1.009704245e+003 +1.009704245e+003 +9.3966e-002 -1.5653e+000 -1.7010e+000
489 0 +9.444689586e+000 +1.009444690e+003 +1.009444690e+003 +9.4678e-002 -1.5909e+000 -1.6747e+000
498 0 +9.314791546e+000 +1.009314792e+003 +1.009314792e+003 +9.4349e-002 -1.6020e+000 -1.6635e+000
546 0 +9.108136600e+000 +1.009108137e+003 +1.009108137e+003 +1.0132e-001 -1.6005e+000 -1.6613e+000
565 0 +8.888571998e+000 +1.008888572e+003 +1.008888572e+003 +1.1207e-001 -1.5685e+000 -1.6882e+000
659 0 +8.696422628e+000 +1.008696423e+003 +1.008696423e+003 +1.2350e-001 -1.5398e+000 -1.7112e+000
711 0 +8.492545654e+000 +1.008492546e+003 +1.008492546e+003 +1.3248e-001 -1.4937e+000 -1.7527e+000
748 0 +8.278682094e+000 +1.008278682e+003 +1.008278682e+003 +1.4795e-001 -1.4135e+000 -1.8252e+000
787 0 +8.100005145e+000 +1.008100005e+003 +1.008100005e+003 +1.5433e-001 -1.4241e+000 -1.8110e+000
800 0 +7.829850368e+000 +1.007829850e+003 +1.007829850e+003 +1.7700e-001 -1.3404e+000 -1.8830e+000
805 0 +7.759910663e+000 +1.007759911e+003 +1.007759911e+003 +1.9601e-001 -1.2829e+000 -1.9305e+000
809 0 +7.543871403e+000 +1.007543871e+003 +1.007543871e+003 +2.0819e-001 -1.2141e+000 -1.9934e+000
822 0 +7.393551823e+000 +1.007393552e+003 +1.007393552e+003 +2.2309e-001 -1.1301e+000 -2.0700e+000
824 0 +6.868553189e+000 +1.006868553e+003 +1.006868553e+003 +2.3632e-001 -1.0673e+000 -2.1271e+000
830 0 +6.416596983e+000 +1.006416597e+003 +1.006416597e+003 +2.5641e-001 -9.5354e-001 -2.2309e+000
863 0 +6.247393291e+000 +1.006247393e+003 +1.006247393e+003 +2.6492e-001 -9.1573e-001 -2.2650e+000
1014 0 +6.161224815e+000 +1.006161225e+003 +1.006161225e+003 +2.6932e-001 -8.9902e-001 -2.2797e+000
1139 0 +6.025480112e+000 +1.006025480e+003 +1.006025480e+003 +2.9036e-001 -8.0709e-001 -2.3611e+000
1203 0 +5.813817028e+000 +1.005813817e+003 +1.005813817e+003 +2.8400e-001 -8.4015e-001 -2.3307e+000
1232 0 +5.608428204e+000 +1.005608428e+003 +1.005608428e+003 +2.8002e-001 -8.6640e-001 -2.3064e+000
1256 0 +5.464222688e+000 +1.005464223e+003 +1.005464223e+003 +2.8845e-001 -8.3011e-001 -2.3388e+000
1273 0 +5.358836363e+000 +1.005358836e+003 +1.005358836e+003 +2.9437e-001 -8.0935e-001 -2.3570e+000
1328 0 +5.236281101e+000 +1.005236281e+003 +1.005236281e+003 +2.9418e-001 -8.2052e-001 -2.3460e+000
1339 0 +5.036189623e+000 +1.005036190e+003 +1.005036190e+003 +2.9744e-001 -8.0384e-001 -2.3606e+000
1357 0 +4.867780159e+000 +1.004867780e+003 +1.004867780e+003 +3.0562e-001 -7.7308e-001 -2.3875e+000
1369 0 +4.731136157e+000 +1.004731136e+003 +1.004731136e+003 +3.2451e-001 -6.9184e-001 -2.4593e+000
1381 0 +4.658147463e+000 +1.004658147e+003 +1.004658147e+003 +3.1537e-001 -7.3537e-001 -2.4204e+000
1405 0 +4.528639482e+000 +1.004528639e+003 +1.004528639e+003 +3.2672e-001 -6.8814e-001 -2.4619e+000
1426 0 +4.385906932e+000 +1.004385907e+003 +1.004385907e+003 +3.3351e-001 -6.6100e-001 -2.4852e+000
1440 0 +4.353567285e+000 +1.004353567e+003 +1.004353567e+003 +3.3848e-001 -6.4143e-001 -2.5022e+000
1476 0 +4.210538837e+000 +1.004210539e+003 +1.004210539e+003 +3.3281e-001 -6.7023e-001 -2.4760e+000
1488 0 +4.128485195e+000 +1.004128485e+003 +1.004128485e+003 +3.3385e-001 -6.6974e-001 -2.4759e+000
1551 0 +4.051010723e+000 +1.004051011e+003 +1.004051011e+003 +3.3920e-001 -6.4869e-001 -2.4943e+000
1579 0 +3.952351670e+000 +1.003952352e+003 +1.003952352e+003 +3.6619e-001 -5.4368e-001 -2.5857e+000
1584 0 +3.869839203e+000 +1.003869839e+003 +1.003869839e+003 +3.5478e-001 -5.8891e-001 -2.5463e+000
1593 0 +3.796216821e+000 +1.003796217e+003 +1.003796217e+003 +3.5631e-001 -5.8440e-001 -2.5501e+000
1603 0 +3.707758076e+000 +1.003707758e+003 +1.003707758e+003 +3.5225e-001 -6.0614e-001 -2.5302e+000
1617 0 +3.565257250e+000 +1.003565257e+003 +1.003565257e+003 +3.8588e-001 -4.8424e-001 -2.6349e+000
1618 0 +3.421486270e+000 +1.003421486e+003 +1.003421486e+003 +3.7807e-001 -5.1630e-001 -2.6069e+000
1620 0 +3.348856864e+000 +1.003348857e+003 +1.003348857e+003 +3.8677e-001 -4.8683e-001 -2.6320e+000
1626 0 +3.208643338e+000 +1.003208643e+003 +1.003208643e+003 +3.9710e-001 -4.5521e-001 -2.6584e+000
1627 0 +3.087253056e+000 +1.003087253e+003 +1.003087253e+003 +3.8370e-001 -5.1463e-001 -2.6061e+000
1629 0 +2.820737537e+000 +1.002820738e+003 +1.002820738e+003 +4.1557e-001 -4.1189e-001 -2.6928e+000
1630 0 +2.767455959e+000 +1.002767456e+003 +1.002767456e+003 +4.3002e-001 -3.6121e-001 -2.7361e+000
1632 0 +2.703705617e+000 +1.002703706e+003 +1.002703706e+003 +4.2509e-001 -3.8446e-001 -2.7158e+000
1633 0 +2.320537891e+000 +1.002320538e+003 +1.002320538e+003 +4.6543e-001 -2.4450e-001 -2.8349e+000
1634 0 +1.709779312e+000 +1.001709779e+003 +1.001709779e+003 +4.9641e-001 -1.5833e-001 -2.9061e+000
1638 0 +8.618732402e-001 +1.000861873e+003 +1.000861873e+003 +5.3886e-001 -1.8477e-002 -3.0244e+000
1641 0 +5.516255434e-001 +1.000551626e+003 +1.000551626e+003 +5.8208e-001 +1.1674e-001 -3.1378e+000
1659 0 +4.972097113e-001 +1.000497210e+003 +1.000497210e+003 +6.3037e-001 +2.6770e-001 -3.2646e+000
1666 0 +3.389214362e-001 +1.000338921e+003 +1.000338921e+003 +6.8890e-001 +4.5717e-001 -3.4245e+000
1675 0 +2.851756649e-001 +1.000285176e+003 +1.000285176e+003 +6.6188e-001 +3.7269e-001 -3.3537e+000
1685 0 +2.052058311e-001 +1.000205206e+003 +1.000205206e+003 +7.2537e-001 +5.8751e-001 -3.5363e+000
1689 0 +1.068937002e-001 +1.000106894e+003 +1.000106894e+003 +7.0871e-001 +5.3967e-001 -3.4967e+000
1735 0 +7.567859814e-002 +1.000075679e+003 +1.000075679e+003 +7.0867e-001 +5.4544e-001 -3.5026e+000
1756 0 +7.262447399e-002 +1.000072624e+003 +1.000072624e+003 +7.1814e-001 +5.7892e-001 -3.5314e+000
1767 0 +6.814779370e-002 +1.000068148e+003 +1.000068148e+003 +7.2446e-001 +6.0264e-001 -3.5520e+000
1771 0 +5.568663111e-002 +1.000055687e+003 +1.000055687e+003 +7.2949e-001 +6.2035e-001 -3.5670e+000
1778 0 +5.266961219e-002 +1.000052670e+003 +1.000052670e+003 +7.0860e-001 +5.5304e-001 -3.5103e+000
1780 0 +4.661679031e-002 +1.000046617e+003 +1.000046617e+003 +7.4110e-001 +6.6424e-001 -3.6051e+000
1782 0 +1.590521728e-002 +1.000015905e+003 +1.000015905e+003 +7.3513e-001 +6.5482e-001 -3.5988e+000
1789 0 +1.504877250e-002 +1.000015049e+003 +1.000015049e+003 +7.3551e-001 +6.5590e-001 -3.5997e+000
1791 0 +3.496319665e-003 +1.000003496e+003 +1.000003496e+003 +7.2950e-001 +6.4615e-001 -3.5931e+000
1795 0 +8.165577235e-004 +1.000000817e+003 +1.000000817e+003 +7.2987e-001 +6.4693e-001 -3.5936e+000
1802 0 +3.116187963e-005 +1.000000031e+003 +1.000000031e+003 +7.3524e-001 +6.6668e-001 -3.6107e+000
1845 0 +2.321755892e-005 +1.000000023e+003 +1.000000023e+003 +7.3608e-001 +6.6953e-001 -3.6131e+000
1888 0 +3.576646577e-006 +1.000000004e+003 +1.000000004e+003 +7.3558e-001 +6.6774e-001 -3.6115e+000
1906 0 +3.205956659e-006 +1.000000003e+003 +1.000000003e+003 +7.3518e-001 +6.6635e-001 -3.6104e+000
1915 0 +2.433709369e-006 +1.000000002e+003 +1.000000002e+003 +7.3529e-001 +6.6671e-001 -3.6107e+000
1925 0 +1.305672185e-006 +1.000000001e+003 +1.000000001e+003 +7.3518e-001 +6.6626e-001 -3.6103e+000
1943 0 +7.540807019e-007 +1.000000001e+003 +1.000000001e+003 +7.3515e-001 +6.6617e-001 -3.6102e+000
1956 0 +1.584968459e-007 +1.000000000e+003 +1.000000000e+003 +7.3526e-001 +6.6660e-001 -3.6106e+000
1968 0 +1.604655608e-008 +1.000000000e+003 +1.000000000e+003 +7.3521e-001 +6.6642e-001 -3.6104e+000
2021 0 +2.502019925e-009 +1.000000000e+003 +1.000000000e+003 +7.3519e-001 +6.6638e-001 -3.6104e+000
% f evaluations | g evaluations | best noise-free fitness - Fopt (-1.000000000000e+003) + sum g_i+ | measured fitness | best measured fitness or single-digit g-values | x1 | x2...
1 0 +6.356116141e+006 +6.355116141e+006 +6.355116141e+006 -4.7233e+000 +7.0773e-001 +6.5839e-001
6 0 +1.643281197e+005 +1.633281197e+005 +1.633281197e+005 -3.3604e+000 -2.8877e+000 -1.8737e+000
14 0 +9.994207955e+004 +9.894207955e+004 +9.894207955e+004 -2.9617e+000 -4.3995e+000 +1.5442e+000
26 0 +2.618381183e+004 +2.518381183e+004 +2.518381183e+004 -2.5871e+000 -4.3995e+000 +1.5449e+000
51 0 +1.797263518e+004 +1.697263518e+004 +1.697263518e+004 -1.0006e+000 -5.0000e+000 +5.3569e-001
63 0 +9.865220557e+003 +8.865220557e+003 +8.865220557e+003 -1.4567e+000 -4.7653e+000 +1.0544e+000
66 0 +5.158907287e+003 +4.158907287e+003 +4.158907287e+003 -2.4508e+000 -3.1875e+000 -1.2209e+000
96 0 +4.294753177e+002 -5.705246823e+002 -5.705246823e+002 -1.0314e+000 -3.7619e+000 -2.0689e+000
141 0 +1.782138614e+002 -8.217861386e+002 -8.217861386e+002 -1.1919e+000 -3.4240e+000 -2.6191e+000
142 0 +8.737413505e+001 -9.126258650e+002 -9.126258650e+002 -2.3992e-001 -4.0529e+000 -2.5331e+000
143 0 +4.044172589e+001 -9.595582741e+002 -9.595582741e+002 -1.4516e-001 -4.2136e+000 -2.3032e+000
156 0 +2.656624584e+001 -9.734337542e+002 -9.734337542e+002 -1.5475e-001 -4.3538e+000 -1.9670e+000
193 0 +4.265170703e+000 -9.957348293e+002 -9.957348293e+002 -1.1482e-001 -4.3989e+000 -1.9092e+000
207 0 +3.081022498e-001 -9.996918978e+002 -9.996918978e+002 -5.1784e-001 -3.9374e+000 -2.3954e+000
225 0 +2.140569024e-001 -9.997859431e+002 -9.997859431e+002 -2.7155e-001 -4.1990e+000 -2.1452e+000
272 0 +1.947927222e-001 -9.998052073e+002 -9.998052073e+002 -2.6626e-001 -4.1981e+000 -2.1554e+000
309 0 +9.394138569e-002 -9.999060586e+002 -9.999060586e+002 -3.1667e-001 -4.1453e+000 -2.2045e+000
333 0 +3.805072627e-002 -9.999619493e+002 -9.999619493e+002 -3.9795e-001 -4.0596e+000 -2.2854e+000
342 0 +2.675868723e-002 -9.999732413e+002 -9.999732413e+002 -4.6319e-001 -3.9879e+000 -2.3575e+000
355 0 +2.025989350e-002 -9.999797401e+002 -9.999797401e+002 -5.2036e-001 -3.9230e+000 -2.4247e+000
363 0 +3.417360999e-003 -9.999965826e+002 -9.999965826e+002 -5.0028e-001 -3.9474e+000 -2.3975e+000
375 0 +4.818247686e-004 -9.999995182e+002 -9.999995182e+002 -4.8224e-001 -3.9664e+000 -2.3794e+000
389 0 +2.581796649e-004 -9.999997418e+002 -9.999997418e+002 -4.7476e-001 -3.9742e+000 -2.3722e+000
455 0 +9.680602000e-005 -9.999999032e+002 -9.999999032e+002 -4.7421e-001 -3.9748e+000 -2.3716e+000
459 0 +5.033950947e-005 -9.999999497e+002 -9.999999497e+002 -4.7827e-001 -3.9704e+000 -2.3760e+000
467 0 +4.728697252e-005 -9.999999527e+002 -9.999999527e+002 -4.7954e-001 -3.9691e+000 -2.3771e+000
471 0 +1.176132400e-006 -9.999999988e+002 -9.999999988e+002 -4.7629e-001 -3.9725e+000 -2.3739e+000
500 0 +2.398620609e-007 -9.999999998e+002 -9.999999998e+002 -4.7707e-001 -3.9717e+000 -2.3747e+000
511 0 +7.160474524e-008 -9.999999999e+002 -9.999999999e+002 -4.7691e-001 -3.9719e+000 -2.3745e+000
557 0 +3.721288522e-008 -1.000000000e+003 -1.000000000e+003 -4.7680e-001 -3.9720e+000 -2.3744e+000
569 0 +2.552724254e-009 -1.000000000e+003 -1.000000000e+003 -4.7682e-001 -3.9720e+000 -2.3744e+000
% f evaluations | g evaluations | best noise-free fitness - Fopt (-1.527400000000e+002) + sum g_i+ | measured fitness | best measured fitness or single-digit g-values | x1 | x2...
1 0 +6.799130340e+006 +6.798977600e+006 +6.798977600e+006 -3.6100e-001 -4.5945e+000 -3.0636e+000
2 0 +3.801133349e+006 +3.800980609e+006 +3.800980609e+006 +3.1818e+000 -1.2666e+000 +9.0084e-001
3 0 +1.707508134e+005 +1.705980734e+005 +1.705980734e+005 -1.9674e+000 +3.1356e+000 -2.7167e+000
11 0 +3.088226440e+003 +2.935486440e+003 +2.935486440e+003 +1.9672e+000 +5.0000e+000 +1.3613e+000
19 0 +1.722138871e+003 +1.569398871e+003 +1.569398871e+003 +8.3822e-001 +3.6877e+000 +4.0264e-001
63 0 +4.429724624e+002 +2.902324624e+002 +2.902324624e+002 -4.2989e-001 +2.3692e+000 -5.4926e-001
99 0 +2.322576416e+002 +7.951764158e+001 +7.951764158e+001 +4.8409e-001 +3.5735e+000 +1.4335e-001
110 0 +2.198867729e+002 +6.714677293e+001 +6.714677293e+001 +6.3411e-001 +3.1142e+000 +3.3541e-001
115 0 +6.395547273e+001 -8.878452727e+001 -8.878452727e+001 +6.5497e-001 +3.3936e+000 +3.2272e-001
132 0 +3.339359898e+001 -1.193464010e+002 -1.193464010e+002 +6.4490e-001 +3.2318e+000 +3.4561e-001
139 0 +2.903830791e+001 -1.237016921e+002 -1.237016921e+002 +3.4954e-001 +3.1847e+000 +6.8302e-002
167 0 +2.420953914e+001 -1.285304609e+002 -1.285304609e+002 -1.6360e-001 +3.0816e+000 -4.0874e-001
190 0 +2.095876284e+001 -1.317812372e+002 -1.317812372e+002 -3.7837e-001 +3.0608e+000 -6.1322e-001
210 0 +1.932610877e+001 -1.334138912e+002 -1.334138912e+002 -5.2963e-001 +3.0605e+000 -7.5821e-001
221 0 +1.808556493e+001 -1.346544351e+002 -1.346544351e+002 -1.0889e+000 +2.9028e+000 -1.2730e+000
233 0 +1.628431328e+001 -1.364556867e+002 -1.364556867e+002 -1.2342e+000 +2.8789e+000 -1.4089e+000
237 0 +1.167265903e+001 -1.410673410e+002 -1.410673410e+002 -1.8173e+000 +2.7762e+000 -1.9532e+000
244 0 +1.116495021e+001 -1.415750498e+002 -1.415750498e+002 -1.6777e+000 +2.8127e+000 -1.8222e+000
249 0 +9.246254701e+000 -1.434937453e+002 -1.434937453e+002 -1.7001e+000 +2.8243e+000 -1.8467e+000
256 0 +8.097849599e+000 -1.446421504e+002 -1.446421504e+002 -2.0135e+000 +2.7836e+000 -2.1402e+000
268 0 +7.475155726e+000 -1.452648443e+002 -1.452648443e+002 -2.5081e+000 +2.6878e+000 -2.6008e+000
272 0 +4.608364052e+000 -1.481316359e+002 -1.481316359e+002 -3.7796e+000 +2.4829e+000 -3.7916e+000
273 0 +3.278049764e+000 -1.494619502e+002 -1.494619502e+002 -4.0862e+000 +2.4504e+000 -4.0818e+000
276 0 +2.953450282e+000 -1.497865497e+002 -1.497865497e+002 -2.7817e+000 +2.6672e+000 -2.8621e+000
279 0 +2.439442758e+000 -1.503005572e+002 -1.503005572e+002 -3.6182e+000 +2.5354e+000 -3.6449e+000
285 0 +1.410625330e-001 -1.525989375e+002 -1.525989375e+002 -3.6490e+000 +2.5484e+000 -3.6782e+000
302 0 +1.175852230e-001 -1.526224148e+002 -1.526224148e+002 -3.7590e+000 +2.5310e+000 -3.7818e+000
304 0 +5.810489050e-002 -1.526818951e+002 -1.526818951e+002 -3.8583e+000 +2.5281e+000 -3.8769e+000
309 0 +8.408849221e-003 -1.527315912e+002 -1.527315912e+002 -3.7453e+000 +2.5419e+000 -3.7701e+000
316 0 +5.390287113e-003 -1.527346097e+002 -1.527346097e+002 -3.7389e+000 +2.5432e+000 -3.7642e+000
344 0 +4.951586832e-003 -1.527350484e+002 -1.527350484e+002 -3.7367e+000 +2.5436e+000 -3.7622e+000
346 0 +1.688680350e-003 -1.527383113e+002 -1.527383113e+002 -3.6943e+000 +2.5524e+000 -3.7228e+000
355 0 +7.421452791e-004 -1.527392579e+002 -1.527392579e+002 -3.7111e+000 +2.5478e+000 -3.7382e+000
364 0 +1.696259270e-004 -1.527398304e+002 -1.527398304e+002 -3.6972e+000 +2.5504e+000 -3.7253e+000
393 0 +1.405736390e-005 -1.527399859e+002 -1.527399859e+002 -3.7004e+000 +2.5503e+000 -3.7283e+000
406 0 +7.728317144e-006 -1.527399923e+002 -1.527399923e+002 -3.7009e+000 +2.5502e+000 -3.7288e+000
414 0 +1.847745068e-006 -1.527399982e+002 -1.527399982e+002 -3.6992e+000 +2.5504e+000 -3.7272e+000
442 0 +5.911956009e-007 -1.527399994e+002 -1.527399994e+002 -3.6990e+000 +2.5504e+000 -3.7271e+000
455 0 +1.122384106e-007 -1.527399999e+002 -1.527399999e+002 -3.6990e+000 +2.5504e+000 -3.7270e+000
464 0 +8.654373573e-008 -1.527399999e+002 -1.527399999e+002 -3.6994e+000 +2.5504e+000 -3.7274e+000
474 0 +6.262084185e-008 -1.527399999e+002 -1.527399999e+002 -3.6993e+000 +2.5504e+000 -3.7273e+000
505 0 +1.672060534e-008 -1.527400000e+002 -1.527400000e+002 -3.6992e+000 +2.5504e+000 -3.7272e+000
529 0 +1.332423949e-008 -1.527400000e+002 -1.527400000e+002 -3.6993e+000 +2.5504e+000 -3.7273e+000
536 0 +3.162398343e-009 -1.527400000e+002 -1.527400000e+002 -3.6992e+000 +2.5504e+000 -3.7272e+000
