% f evaluations | g evaluations | best noise-free fitness - Fopt (-5.494000000000e+001) + sum g_i+ | measured fitness | best measured fitness or single-digit g-values | x1 | x2...
1 0 +3.436259219e+007 +3.436253725e+007 +3.436253725e+007 +2.5352e+000 +3.5510e+000
2 0 +8.465600692e+006 +8.465545752e+006 +8.465545752e+006 +4.4395e+000 +1.5973e-001
3 0 +3.250831047e+006 +3.250776107e+006 +3.250776107e+006 -2.6093e+000 +6.1156e-001
5 0 +1.234830342e+006 +1.234775402e+006 +1.234775402e+006 +3.1384e+000 -1.4782e+000
6 0 +1.631315304e+004 +1.625821304e+004 +1.625821304e+004 -1.0253e+000 -1.5246e+000
7 0 +1.434150898e+004 +1.428656898e+004 +1.428656898e+004 +3.6850e+000 -2.5603e+000
8 0 +2.092788189e+003 +2.037848189e+003 +2.037848189e+003 +1.3157e+000 -2.1218e+000
22 0 +2.268665196e+002 +1.719265196e+002 +1.719265196e+002 +2.2240e+000 -2.3783e+000
43 0 +3.026733057e+001 -2.467266943e+001 -2.467266943e+001 +1.4746e+000 -2.2056e+000
55 0 +2.493138274e+001 -3.000861726e+001 -3.000861726e+001 +1.4561e+000 -2.2011e+000
61 0 +1.210893793e+001 -4.283106207e+001 -4.283106207e+001 +1.7436e+000 -2.2595e+000
105 0 +1.197435415e+001 -4.296564585e+001 -4.296564585e+001 +1.5433e+000 -2.2152e+000
108 0 +1.137316999e+001 -4.356683001e+001 -4.356683001e+001 +1.6068e+000 -2.2294e+000
121 0 +1.085129303e+001 -4.408870697e+001 -4.408870697e+001 +1.4940e+000 -2.2048e+000
128 0 +1.068588690e+001 -4.425411310e+001 -4.425411310e+001 +1.5376e+000 -2.2147e+000
137 0 +1.039190425e+001 -4.454809575e+001 -4.454809575e+001 +1.4953e+000 -2.2055e+000
150 0 +1.009004397e+001 -4.484995603e+001 -4.484995603e+001 +1.4248e+000 -2.1901e+000
153 0 +9.814345513e+000 -4.512565449e+001 -4.512565449e+001 +1.3326e+000 -2.1699e+000
169 0 +9.768304838e+000 -4.517169516e+001 -4.517169516e+001 +1.3169e+000 -2.1665e+000
193 0 +9.522323590e+000 -4.541767641e+001 -4.541767641e+001 +1.2301e+000 -2.1476e+000
270 0 +8.890052698e+000 -4.604994730e+001 -4.604994730e+001 +1.2437e+000 -2.1513e+000
439 0 +8.706125302e+000 -4.623387470e+001 -4.623387470e+001 +1.2006e+000 -2.1420e+000
480 0 +8.507889898e+000 -4.643211010e+001 -4.643211010e+001 +1.1375e+000 -2.1281e+000
553 0 +8.286509265e+000 -4.665349073e+001 -4.665349073e+001 +1.0404e+000 -2.1069e+000
566 0 +8.119307892e+000 -4.682069211e+001 -4.682069211e+001 +1.0152e+000 -2.1016e+000
593 0 +7.921347844e+000 -4.701865216e+001 -4.701865216e+001 +9.7873e-001 -2.0938e+000
602 0 +7.750387736e+000 -4.718961226e+001 -4.718961226e+001 +9.3762e-001 -2.0851e+000
688 0 +7.526628607e+000 -4.741337139e+001 -4.741337139e+001 +8.6762e-001 -2.0700e+000
839 0 +7.412108609e+000 -4.752789139e+001 -4.752789139e+001 +8.2416e-001 -2.0603e+000
870 0 +7.206445535e+000 -4.773355446e+001 -4.773355446e+001 +7.7727e-001 -2.0505e+000
878 0 +7.074720794e+000 -4.786527921e+001 -4.786527921e+001 +7.3421e-001 -2.0413e+000
889 0 +6.850789606e+000 -4.808921039e+001 -4.808921039e+001 +6.9313e-001 -2.0322e+000
899 0 +6.748474881e+000 -4.819152512e+001 -4.819152512e+001 +6.6187e-001 -2.0251e+000
942 0 +6.591121744e+000 -4.834887826e+001 -4.834887826e+001 +6.1229e-001 -2.0142e+000
996 0 +6.454472157e+000 -4.848552784e+001 -4.848552784e+001 +6.0244e-001 -2.0122e+000
1055 0 +6.303103328e+000 -4.863689667e+001 -4.863689667e+001 +5.7470e-001 -2.0062e+000
1080 0 +6.114747378e+000 -4.882525262e+001 -4.882525262e+001 +5.4062e-001 -1.9988e+000
1093 0 +6.021397289e+000 -4.891860271e+001 -4.891860271e+001 +5.2458e-001 -1.9953e+000
1114 0 +5.754148487e+000 -4.918585151e+001 -4.918585151e+001 +4.6999e-001 -1.9834e+000
1121 0 +5.588372574e+000 -4.935162743e+001 -4.935162743e+001 +4.4505e-001 -1.9780e+000
1123 0 +5.443055889e+000 -4.949694411e+001 -4.949694411e+001 +4.2183e-001 -1.9730e+000
1124 0 +5.115956927e+000 -4.982404307e+001 -4.982404307e+001 +3.7147e-001 -1.9620e+000
1134 0 +4.621407668e+000 -5.031859233e+001 -5.031859233e+001 +2.9873e-001 -1.9463e+000
1137 0 +4.158867570e+000 -5.078113243e+001 -5.078113243e+001 +2.3033e-001 -1.9314e+000
1157 0 +3.922138515e+000 -5.101786148e+001 -5.101786148e+001 +2.2353e-001 -1.9304e+000
1175 0 +3.885698134e+000 -5.105430187e+001 -5.105430187e+001 +2.1548e-001 -1.9288e+000
1189 0 +3.755365651e+000 -5.118463435e+001 -5.118463435e+001 +1.9816e-001 -1.9249e+000
1199 0 +3.676624935e+000 -5.126337507e+001 -5.126337507e+001 +1.8592e-001 -1.9223e+000
1250 0 +3.621426522e+000 -5.131857348e+001 -5.131857348e+001 +1.7048e-001 -1.9191e+000
1344 0 +3.540032698e+000 -5.139996730e+001 -5.139996730e+001 +1.5737e-001 -1.9163e+000
1372 0 +3.465438273e+000 -5.147456173e+001 -5.147456173e+001 +1.4929e-001 -1.9144e+000
1423 0 +3.377792025e+000 -5.156220797e+001 -5.156220797e+001 +1.3743e-001 -1.9118e+000
1458 0 +3.277573719e+000 -5.166242628e+001 -5.166242628e+001 +1.2005e-001 -1.9080e+000
1461 0 +3.231349258e+000 -5.170865074e+001 -5.170865074e+001 +1.1193e-001 -1.9062e+000
1469 0 +3.146324486e+000 -5.179367551e+001 -5.179367551e+001 +9.6547e-002 -1.9029e+000
1476 0 +2.981384565e+000 -5.195861543e+001 -5.195861543e+001 +6.5014e-002 -1.8961e+000
1477 0 +2.932344631e+000 -5.200765537e+001 -5.200765537e+001 +5.5008e-002 -1.8939e+000
1485 0 +2.848944021e+000 -5.209105598e+001 -5.209105598e+001 +3.6923e-002 -1.8900e+000
1489 0 +2.727584304e+000 -5.221241570e+001 -5.221241570e+001 +7.8994e-003 -1.8838e+000
1493 0 +2.574892761e+000 -5.236510724e+001 -5.236510724e+001 -3.5124e-002 -1.8745e+000
1494 0 +2.512740493e+000 -5.242725951e+001 -5.242725951e+001 -5.5839e-002 -1.8701e+000
1503 0 +2.394621987e+000 -5.254537801e+001 -5.254537801e+001 -1.0128e-001 -1.8603e+000
1511 0 +2.319539254e+000 -5.262046075e+001 -5.262046075e+001 -2.3262e-001 -1.8320e+000
1528 0 +2.287471012e+000 -5.265252899e+001 -5.265252899e+001 -1.9335e-001 -1.8405e+000
1543 0 +2.224326355e+000 -5.271567364e+001 -5.271567364e+001 -1.8144e-001 -1.8429e+000
1545 0 +2.143518802e+000 -5.279648120e+001 -5.279648120e+001 -3.1492e-001 -1.8141e+000
1550 0 +2.070520667e+000 -5.286947933e+001 -5.286947933e+001 -3.5922e-001 -1.8044e+000
1551 0 +2.028377462e+000 -5.291162254e+001 -5.291162254e+001 -4.4098e-001 -1.7868e+000
1553 0 +1.846851879e+000 -5.309314812e+001 -5.309314812e+001 -5.3671e-001 -1.7660e+000
1554 0 +1.686144020e+000 -5.325385598e+001 -5.325385598e+001 -5.8696e-001 -1.7551e+000
1556 0 +8.145153954e-001 -5.412548460e+001 -5.412548460e+001 -8.0913e-001 -1.7068e+000
1560 0 +4.746317394e-001 -5.446536826e+001 -5.446536826e+001 -1.1061e+000 -1.6425e+000
1562 0 +1.195375442e-001 -5.482046246e+001 -5.482046246e+001 -1.3912e+000 -1.5806e+000
1565 0 +8.105692688e-002 -5.485894307e+001 -5.485894307e+001 -1.4579e+000 -1.5662e+000
1566 0 +4.872098257e-003 -5.493512790e+001 -5.493512790e+001 -1.6552e+000 -1.5234e+000
1568 0 +1.836572250e-004 -5.493981634e+001 -5.493981634e+001 -1.7167e+000 -1.5101e+000
1590 0 +9.223228257e-005 -5.493990777e+001 -5.493990777e+001 -1.7241e+000 -1.5085e+000
1612 0 +4.217955158e-006 -5.493999578e+001 -5.493999578e+001 -1.7284e+000 -1.5076e+000
1618 0 +3.066329732e-006 -5.493999693e+001 -5.493999693e+001 -1.7248e+000 -1.5084e+000
1625 0 +1.515513823e-006 -5.493999848e+001 -5.493999848e+001 -1.7266e+000 -1.5080e+000
1638 0 +1.607771338e-008 -5.493999998e+001 -5.493999998e+001 -1.7264e+000 -1.5080e+000
1669 0 +1.208863409e-008 -5.493999999e+001 -5.493999999e+001 -1.7264e+000 -1.5080e+000
1670 0 +7.960068160e-010 -5.494000000e+001 -5.494000000e+001 -1.7264e+000 -1.5080e+000
% f evaluations | g evaluations | best noise-free fitness - Fopt (5.913000000000e+001) + sum g_i+ | measured fitness | best measured fitness or single-digit g-values | x1 | x2...
1 0 +2.896895666e+005 +2.897486966e+005 +2.897486966e+005 +1.9149e+000 -9.5883e-001
6 0 +3.187658500e+003 +3.246788500e+003 +3.246788500e+003 +8.7130e-001 -6.8645e-001
19 0 +6.333846083e+001 +1.224684608e+002 +1.224684608e+002 +1.3919e-001 -8.0326e-002
30 0 +3.163460114e+001 +9.076460114e+001 +9.076460114e+001 -9.2473e-002 +1.1623e-001
33 0 +2.363596692e+001 +8.276596692e+001 +8.276596692e+001 -1.8162e-001 +1.9919e-001
40 0 +8.642170523e+000 +6.777217052e+001 +6.777217052e+001 -3.8201e-001 +3.9059e-001
77 0 +7.561014619e+000 +6.669101462e+001 +6.669101462e+001 -3.0567e-001 +3.1838e-001
112 0 +7.154566346e+000 +6.628456635e+001 +6.628456635e+001 -4.0066e-001 +4.0651e-001
140 0 +6.366468825e+000 +6.549646883e+001 +6.549646883e+001 -5.4880e-001 +5.4317e-001
156 0 +6.048894644e+000 +6.517889464e+001 +6.517889464e+001 -5.9637e-001 +5.8707e-001
164 0 +5.668052326e+000 +6.479805233e+001 +6.479805233e+001 -6.3517e-001 +6.2274e-001
171 0 +5.430522679e+000 +6.456052268e+001 +6.456052268e+001 -6.5321e-001 +6.3926e-001
176 0 +4.565407256e+000 +6.369540726e+001 +6.369540726e+001 -7.5749e-001 +7.3543e-001
185 0 +4.437196971e+000 +6.356719697e+001 +6.356719697e+001 -7.8429e-001 +7.6029e-001
188 0 +3.454066830e+000 +6.258406683e+001 +6.258406683e+001 -8.9207e-001 +8.5939e-001
189 0 +2.563742270e+000 +6.169374227e+001 +6.169374227e+001 -1.0167e+000 +9.7393e-001
191 0 +2.183771170e+000 +6.131377117e+001 +6.131377117e+001 -1.1121e+000 +1.0616e+000
203 0 +2.102971811e+000 +6.123297181e+001 +6.123297181e+001 -1.2817e+000 +1.2180e+000
211 0 +2.059763523e+000 +6.118976352e+001 +6.118976352e+001 -1.2826e+000 +1.2188e+000
215 0 +2.014964419e+000 +6.114496442e+001 +6.114496442e+001 -1.3168e+000 +1.2502e+000
223 0 +1.847908548e+000 +6.097790855e+001 +6.097790855e+001 -1.3698e+000 +1.2990e+000
226 0 +1.811285810e+000 +6.094128581e+001 +6.094128581e+001 -1.3811e+000 +1.3095e+000
227 0 +1.720888929e+000 +6.085088893e+001 +6.085088893e+001 -1.4028e+000 +1.3294e+000
233 0 +1.229180399e+000 +6.035918040e+001 +6.035918040e+001 -1.4943e+000 +1.4136e+000
249 0 +1.035812132e+000 +6.016581213e+001 +6.016581213e+001 -1.5387e+000 +1.4546e+000
253 0 +9.353239191e-001 +6.006532392e+001 +6.006532392e+001 -1.5708e+000 +1.4842e+000
269 0 +8.544070511e-001 +5.998440705e+001 +5.998440705e+001 -1.6297e+000 +1.5386e+000
274 0 +8.093890309e-001 +5.993938903e+001 +5.993938903e+001 -1.6428e+000 +1.5506e+000
300 0 +7.363984531e-001 +5.986639845e+001 +5.986639845e+001 -1.6364e+000 +1.5447e+000
304 0 +6.648359517e-001 +5.979483595e+001 +5.979483595e+001 -1.6653e+000 +1.5713e+000
317 0 +6.466893794e-001 +5.977668938e+001 +5.977668938e+001 -1.6336e+000 +1.5419e+000
319 0 +6.112442891e-001 +5.974124429e+001 +5.974124429e+001 -1.6441e+000 +1.5515e+000
323 0 +5.636052051e-001 +5.969360521e+001 +5.969360521e+001 -1.6709e+000 +1.5761e+000
331 0 +5.529517401e-001 +5.968295174e+001 +5.968295174e+001 -1.6672e+000 +1.5724e+000
332 0 +5.149113059e-001 +5.964491131e+001 +5.964491131e+001 -1.6989e+000 +1.6018e+000
356 0 +4.956013032e-001 +5.962560130e+001 +5.962560130e+001 -1.7479e+000 +1.6469e+000
365 0 +4.517164267e-001 +5.958171643e+001 +5.958171643e+001 -1.8250e+000 +1.7181e+000
368 0 +3.694720352e-001 +5.949947204e+001 +5.949947204e+001 -1.8525e+000 +1.7433e+000
373 0 +3.507373703e-001 +5.948073737e+001 +5.948073737e+001 -1.8564e+000 +1.7469e+000
376 0 +2.493693582e-001 +5.937936936e+001 +5.937936936e+001 -1.9354e+000 +1.8199e+000
379 0 +1.871172157e-001 +5.931711722e+001 +5.931711722e+001 -1.9562e+000 +1.8389e+000
384 0 +1.539940828e-001 +5.928399408e+001 +5.928399408e+001 -1.9794e+000 +1.8602e+000
391 0 +1.164564346e-001 +5.924645643e+001 +5.924645643e+001 -2.1068e+000 +1.9777e+000
392 0 +8.299628357e-002 +5.921299628e+001 +5.921299628e+001 -2.1022e+000 +1.9734e+000
398 0 +1.004945464e-002 +5.914004945e+001 +5.914004945e+001 -2.2243e+000 +2.0857e+000
406 0 +2.276663023e-003 +5.913227666e+001 +5.913227666e+001 -2.2924e+000 +2.1484e+000
412 0 +1.203294489e-004 +5.913012033e+001 +5.913012033e+001 -2.2640e+000 +2.1222e+000
442 0 +7.994860137e-005 +5.913007995e+001 +5.913007995e+001 -2.2587e+000 +2.1172e+000
452 0 +7.037741165e-005 +5.913007038e+001 +5.913007038e+001 -2.2598e+000 +2.1182e+000
468 0 +6.772267010e-005 +5.913006772e+001 +5.913006772e+001 -2.2560e+000 +2.1148e+000
469 0 +1.453646234e-007 +5.913000015e+001 +5.913000015e+001 -2.2606e+000 +2.1190e+000
479 0 +3.528427328e-008 +5.913000004e+001 +5.913000004e+001 -2.2609e+000 +2.1193e+000
503 0 +1.192596244e-009 +5.913000000e+001 +5.913000000e+001 -2.2608e+000 +2.1192e+000
% f evaluations | g evaluations | best noise-free fitness - Fopt (-4.915300000000e+002) + sum g_i+ | measured fitness | best measured fitness or single-digit g-values | x1 | x2...
1 0 +2.745272596e+006 +2.744781066e+006 +2.744781066e+006 +1.8315e+000 -4.3984e+000
3 0 +1.773066228e+005 +1.768150928e+005 +1.768150928e+005 +4.6511e+000 -3.8001e+000
4 0 +1.139835209e+005 +1.134919909e+005 +1.134919909e+005 +5.0000e+000 -5.0000e+000
6 0 +4.289868061e+004 +4.240715061e+004 +4.240715061e+004 +4.5516e+000 -4.4968e+000
7 0 +4.585236882e+003 +4.093706882e+003 +4.093706882e+003 +4.9747e+000 -4.6553e+000
9 0 +4.440431643e+003 +3.948901643e+003 +3.948901643e+003 +4.9506e+000 -4.6355e+000
19 0 +9.602071546e+002 +4.686771546e+002 +4.686771546e+002 +4.8617e+000 -4.5160e+000
25 0 +1.680995109e+002 -3.234304891e+002 -3.234304891e+002 +4.2342e+000 -4.0101e+000
36 0 +2.591796201e+001 -4.656120380e+002 -4.656120380e+002 +3.5314e+000 -3.4604e+000
42 0 +1.787078633e+001 -4.736592137e+002 -4.736592137e+002 +3.3860e+000 -3.3446e+000
58 0 +1.731557228e+001 -4.742144277e+002 -4.742144277e+002 +3.2755e+000 -3.2594e+000
79 0 +1.682858520e+001 -4.747014148e+002 -4.747014148e+002 +3.3109e+000 -3.2874e+000
100 0 +1.470437384e+001 -4.768256262e+002 -4.768256262e+002 +3.1176e+000 -3.1393e+000
102 0 +1.104703486e+001 -4.804829651e+002 -4.804829651e+002 +2.5633e+000 -2.7168e+000
112 0 +9.409387401e+000 -4.821206126e+002 -4.821206126e+002 +2.5652e+000 -2.7168e+000
114 0 +8.968843280e+000 -4.825611567e+002 -4.825611567e+002 +2.4960e+000 -2.6637e+000
118 0 +7.814690464e+000 -4.837153095e+002 -4.837153095e+002 +2.2506e+000 -2.4756e+000
126 0 +7.321223859e+000 -4.842087761e+002 -4.842087761e+002 +2.1027e+000 -2.3618e+000
142 0 +7.191593412e+000 -4.843384066e+002 -4.843384066e+002 +2.0693e+000 -2.3361e+000
146 0 +7.057543030e+000 -4.844724570e+002 -4.844724570e+002 +1.9854e+000 -2.2714e+000
152 0 +6.743084638e+000 -4.847869154e+002 -4.847869154e+002 +1.9109e+000 -2.2142e+000
167 0 +6.235620476e+000 -4.852943795e+002 -4.852943795e+002 +1.7039e+000 -2.0549e+000
184 0 +5.750127259e+000 -4.857798727e+002 -4.857798727e+002 +1.6221e+000 -1.9922e+000
197 0 +5.592015071e+000 -4.859379849e+002 -4.859379849e+002 +1.5142e+000 -1.9092e+000
205 0 +3.329156352e+000 -4.882008436e+002 -4.882008436e+002 +1.5409e+000 -1.9312e+000
208 0 +2.675303010e+000 -4.888546970e+002 -4.888546970e+002 +1.4249e+000 -1.8424e+000
209 0 +2.445560252e+000 -4.890844397e+002 -4.890844397e+002 +1.4132e+000 -1.8337e+000
217 0 +2.273007027e+000 -4.892569930e+002 -4.892569930e+002 +1.3660e+000 -1.7977e+000
227 0 +2.090304298e+000 -4.894396957e+002 -4.894396957e+002 +1.2754e+000 -1.7283e+000
232 0 +2.087115653e+000 -4.894428843e+002 -4.894428843e+002 +1.2685e+000 -1.7229e+000
235 0 +2.035298620e+000 -4.894947014e+002 -4.894947014e+002 +1.2228e+000 -1.6881e+000
239 0 +1.805062523e+000 -4.897249375e+002 -4.897249375e+002 +1.0421e+000 -1.5497e+000
247 0 +1.437617882e+000 -4.900923821e+002 -4.900923821e+002 +9.5063e-001 -1.4797e+000
255 0 +9.051548431e-001 -4.906248452e+002 -4.906248452e+002 +8.4185e-001 -1.3964e+000
258 0 +6.401245617e-001 -4.908898754e+002 -4.908898754e+002 +7.6098e-001 -1.3344e+000
262 0 +5.908203079e-001 -4.909391797e+002 -4.909391797e+002 +7.3657e-001 -1.3157e+000
264 0 +5.338731691e-001 -4.909961268e+002 -4.909961268e+002 +6.6503e-001 -1.2609e+000
276 0 +5.135607542e-001 -4.910164392e+002 -4.910164392e+002 +5.8447e-001 -1.1993e+000
286 0 +1.906238875e-001 -4.913393761e+002 -4.913393761e+002 +3.2427e-001 -1.0000e+000
290 0 +1.646704563e-001 -4.913653295e+002 -4.913653295e+002 +3.0005e-001 -9.8149e-001
291 0 +1.414161661e-001 -4.913885838e+002 -4.913885838e+002 +1.3075e-001 -8.5185e-001
293 0 +1.373676583e-001 -4.913926323e+002 -4.913926323e+002 +1.5037e-001 -8.6688e-001
301 0 +1.321433390e-001 -4.913978567e+002 -4.913978567e+002 +1.4965e-001 -8.6631e-001
304 0 +1.236459174e-001 -4.914063541e+002 -4.914063541e+002 +1.3462e-001 -8.5480e-001
317 0 +1.060370810e-001 -4.914239629e+002 -4.914239629e+002 +8.8773e-002 -8.1965e-001
321 0 +9.884268795e-002 -4.914311573e+002 -4.914311573e+002 +1.6923e-001 -8.8126e-001
322 0 +7.827990912e-002 -4.914517201e+002 -4.914517201e+002 +1.2903e-001 -8.5045e-001
349 0 +7.731142271e-002 -4.914526886e+002 -4.914526886e+002 +1.4141e-001 -8.5993e-001
357 0 +7.566727832e-002 -4.914543327e+002 -4.914543327e+002 +1.8965e-001 -8.9685e-001
358 0 +6.740270987e-002 -4.914625973e+002 -4.914625973e+002 +1.6587e-001 -8.7863e-001
359 0 +4.473229722e-002 -4.914852677e+002 -4.914852677e+002 +6.4756e-002 -8.0110e-001
364 0 +4.133031498e-002 -4.914886697e+002 -4.914886697e+002 +9.5545e-002 -8.2467e-001
366 0 +1.195097831e-002 -4.915180490e+002 -4.915180490e+002 +6.1438e-002 -7.9844e-001
375 0 +1.135747830e-002 -4.915186425e+002 -4.915186425e+002 +3.3077e-002 -7.7669e-001
386 0 +9.510359893e-003 -4.915204896e+002 -4.915204896e+002 +4.3354e-002 -7.8456e-001
394 0 +7.795850824e-003 -4.915222041e+002 -4.915222041e+002 +6.1675e-002 -7.9859e-001
395 0 +6.912724464e-003 -4.915230873e+002 -4.915230873e+002 +6.3678e-002 -8.0012e-001
399 0 +3.923877203e-003 -4.915260761e+002 -4.915260761e+002 +6.1716e-002 -7.9860e-001
401 0 +3.481239263e-003 -4.915265188e+002 -4.915265188e+002 +7.7352e-002 -8.1058e-001
402 0 +4.330587136e-004 -4.915295669e+002 -4.915295669e+002 +5.7481e-002 -7.9529e-001
408 0 +2.445802903e-004 -4.915297554e+002 -4.915297554e+002 +7.6092e-002 -8.0952e-001
411 0 +1.200332138e-004 -4.915298800e+002 -4.915298800e+002 +6.7632e-002 -8.0304e-001
421 0 +1.942563529e-006 -4.915299981e+002 -4.915299981e+002 +7.2190e-002 -8.0655e-001
423 0 +1.273332373e-006 -4.915299987e+002 -4.915299987e+002 +7.2636e-002 -8.0689e-001
431 0 +2.263396368e-007 -4.915299998e+002 -4.915299998e+002 +7.1796e-002 -8.0624e-001
434 0 +2.663853138e-008 -4.915300000e+002 -4.915300000e+002 +7.1954e-002 -8.0636e-001
466 0 +1.629439339e-008 -4.915300000e+002 -4.915300000e+002 +7.1954e-002 -8.0636e-001
474 0 +7.196376828e-011 -4.915300000e+002 -4.915300000e+002 +7.1994e-002 -8.0640e-001
% f evaluations | g evaluations | best noise-free fitness - Fopt (-1.702000000000e+002) + sum g_i+ | measured fitness | best measured fitness or single-digit g-values | x1 | x2...
1 0 +1.657705521e+007 +1.657688501e+007 +1.657688501e+007 +3.9445e-001 +1.3103e+000
3 0 +6.558413499e+005 +6.556711499e+005 +6.556711499e+005 -3.7417e+000 +5.1602e-001
7 0 +8.999424853e+001 -8.020575147e+001 -8.020575147e+001 -1.3045e+000 -2.5490e+000
72 0 +1.256516235e+001 -1.576348377e+002 -1.576348377e+002 -2.0660e+000 -1.9306e+000
75 0 +6.811598293e+000 -1.633884017e+002 -1.633884017e+002 -2.2372e+000 -1.8022e+000
83 0 +4.757388469e+000 -1.654426115e+002 -1.654426115e+002 -1.9014e+000 -2.0647e+000
90 0 +3.361128897e+000 -1.668388711e+002 -1.668388711e+002 -2.0790e+000 -1.9249e+000
120 0 +3.236401156e+000 -1.669635988e+002 -1.669635988e+002 -2.1102e+000 -1.8993e+000
126 0 +2.991023005e+000 -1.672089770e+002 -1.672089770e+002 -2.1362e+000 -1.8789e+000
136 0 +2.945562167e+000 -1.672544378e+002 -1.672544378e+002 -2.1348e+000 -1.8801e+000
152 0 +2.744222925e+000 -1.674557771e+002 -1.674557771e+002 -2.1670e+000 -1.8547e+000
155 0 +2.478172945e+000 -1.677218271e+002 -1.677218271e+002 -2.2192e+000 -1.8136e+000
158 0 +2.426842064e+000 -1.677731579e+002 -1.677731579e+002 -2.2440e+000 -1.7938e+000
163 0 +2.024940878e+000 -1.681750591e+002 -1.681750591e+002 -2.4357e+000 -1.6425e+000
171 0 +1.987316160e+000 -1.682126838e+002 -1.682126838e+002 -2.5350e+000 -1.5638e+000
174 0 +1.009943481e+000 -1.691900565e+002 -1.691900565e+002 -2.7727e+000 -1.3761e+000
184 0 +4.195679343e-002 -1.701580432e+002 -1.701580432e+002 -3.5158e+000 -7.8847e-001
199 0 +4.955922012e-003 -1.701950441e+002 -1.701950441e+002 -3.5991e+000 -7.2294e-001
206 0 +2.043907421e-003 -1.701979561e+002 -1.701979561e+002 -3.5530e+000 -7.5939e-001
213 0 +6.769417064e-004 -1.701993231e+002 -1.701993231e+002 -3.5663e+000 -7.4880e-001
244 0 +2.467042622e-004 -1.701997533e+002 -1.701997533e+002 -3.5711e+000 -7.4500e-001
245 0 +1.605665429e-004 -1.701998394e+002 -1.701998394e+002 -3.5495e+000 -7.6208e-001
253 0 +4.114238124e-006 -1.701999959e+002 -1.701999959e+002 -3.5598e+000 -7.5393e-001
262 0 +1.824834328e-007 -1.701999998e+002 -1.701999998e+002 -3.5593e+000 -7.5429e-001
272 0 +1.507415277e-007 -1.701999998e+002 -1.701999998e+002 -3.5589e+000 -7.5462e-001
292 0 +4.521979236e-009 -1.702000000e+002 -1.702000000e+002 -3.5592e+000 -7.5438e-001
% f evaluations | g evaluations | best noise-free fitness - Fopt (-4.697500000000e+002) + sum g_i+ | measured fitness | best measured fitness or single-digit g-values | x1 | x2...
1 0 +1.161898781e+007 +1.161851806e+007 +1.161851806e+007 -3.5560e+000 +2.5351e-001
2 0 +5.593096913e+003 +5.123346913e+003 +5.123346913e+003 -1.9386e+000 -3.0432e+000
7 0 +1.869851245e+003 +1.400101245e+003 +1.400101245e+003 +1.6199e+000 -2.7982e+000
30 0 +6.662167508e+001 -4.031283249e+002 -4.031283249e+002 +1.5633e-002 -2.9769e+000
36 0 +5.235981207e+000 -4.645140188e+002 -4.645140188e+002 +1.1236e+000 -2.8825e+000
46 0 +1.414611198e+000 -4.683353888e+002 -4.683353888e+002 -3.4548e-001 -2.9978e+000
72 0 +9.472820162e-001 -4.688027180e+002 -4.688027180e+002 -5.4941e-001 -3.0119e+000
87 0 +1.973137101e-001 -4.695526863e+002 -4.695526863e+002 -4.0583e-001 -3.0014e+000
95 0 +5.888461037e-002 -4.696911154e+002 -4.696911154e+002 +1.7441e-001 -2.9553e+000
96 0 +1.769777955e-002 -4.697323022e+002 -4.697323022e+002 +1.3764e-001 -2.9585e+000
98 0 +1.726769231e-002 -4.697327323e+002 -4.697327323e+002 -8.9442e-003 -2.9701e+000
119 0 +1.232705921e-002 -4.697376729e+002 -4.697376729e+002 -8.3082e-002 -2.9758e+000
130 0 +1.718883300e-003 -4.697482811e+002 -4.697482811e+002 -1.0215e-002 -2.9701e+000
138 0 +9.481280244e-006 -4.697499905e+002 -4.697499905e+002 +2.7965e-002 -2.9671e+000
152 0 +7.224389606e-006 -4.697499928e+002 -4.697499928e+002 +2.4755e-002 -2.9673e+000
161 0 +8.688169828e-008 -4.697499999e+002 -4.697499999e+002 +2.6141e-002 -2.9672e+000
214 0 +1.521925697e-009 -4.697500000e+002 -4.697500000e+002 +2.6370e-002 -2.9672e+000
% f evaluations | g evaluations | best noise-free fitness - Fopt (-5.191000000000e+001) + sum g_i+ | measured fitness | best measured fitness or single-digit g-values | x1 | x2...
1 0 +7.398430105e+006 +7.398378195e+006 +7.398378195e+006 -2.8212e+000 -2.5649e+000
2 0 +4.358328124e+006 +4.358276214e+006 +4.358276214e+006 -1.9529e-001 +3.7719e+000
3 0 +3.365358616e+006 +3.365306706e+006 +3.365306706e+006 -4.1073e+000 -1.9406e+000
5 0 +5.037691736e+005 +5.037172636e+005 +5.037172636e+005 -2.1070e+000 -7.3829e-002
7 0 +4.712366737e+003 +4.660456737e+003 +4.660456737e+003 -9.8021e-001 +1.1410e+000
8 0 +4.570279553e+003 +4.518369553e+003 +4.518369553e+003 -9.6479e-001 +1.1487e+000
12 0 +2.335168427e+003 +2.283258427e+003 +2.283258427e+003 -1.1277e+000 +1.1128e+000
17 0 +1.018773584e+003 +9.668635840e+002 +9.668635840e+002 -2.2237e+000 +7.4979e-001
27 0 +4.113222079e+002 +3.594122079e+002 +3.594122079e+002 -1.6340e+000 +9.3285e-001
43 0 +6.583381622e+001 +1.392381622e+001 +1.392381622e+001 -1.6538e+000 +9.3783e-001
50 0 +4.587009620e+001 -6.039903799e+000 -6.039903799e+000 -1.8133e+000 +8.8732e-001
57 0 +3.956696957e+001 -1.234303043e+001 -1.234303043e+001 -1.8697e+000 +8.6283e-001
58 0 +1.552707513e+001 -3.638292487e+001 -3.638292487e+001 -1.7727e+000 +8.9895e-001
67 0 +1.506429078e+001 -3.684570922e+001 -3.684570922e+001 -1.6615e+000 +9.4163e-001
72 0 +1.345224795e+001 -3.845775205e+001 -3.845775205e+001 -1.6799e+000 +9.3506e-001
90 0 +1.231358421e+001 -3.959641579e+001 -3.959641579e+001 -1.5835e+000 +9.7507e-001
101 0 +1.178470859e+001 -4.012529141e+001 -4.012529141e+001 -1.5205e+000 +1.0011e+000
125 0 +1.137529288e+001 -4.053470712e+001 -4.053470712e+001 -1.4096e+000 +1.0473e+000
141 0 +1.051898801e+001 -4.139101199e+001 -4.139101199e+001 -1.3633e+000 +1.0655e+000
155 0 +1.046562688e+001 -4.144437312e+001 -4.144437312e+001 -1.3551e+000 +1.0690e+000
171 0 +1.022292918e+001 -4.168707082e+001 -4.168707082e+001 -1.3235e+000 +1.0820e+000
321 0 +9.992373228e+000 -4.191762677e+001 -4.191762677e+001 -1.2952e+000 +1.0935e+000
402 0 +9.752107869e+000 -4.215789213e+001 -4.215789213e+001 -1.2623e+000 +1.1069e+000
454 0 +9.531684574e+000 -4.237831543e+001 -4.237831543e+001 -1.2290e+000 +1.1205e+000
481 0 +9.273825547e+000 -4.263617445e+001 -4.263617445e+001 -1.1939e+000 +1.1349e+000
539 0 +9.082111115e+000 -4.282788888e+001 -4.282788888e+001 -1.1573e+000 +1.1498e+000
573 0 +8.835075088e+000 -4.307492491e+001 -4.307492491e+001 -1.0797e+000 +1.1813e+000
587 0 +8.668438280e+000 -4.324156172e+001 -4.324156172e+001 -1.0276e+000 +1.2025e+000
606 0 +8.507807902e+000 -4.340219210e+001 -4.340219210e+001 -9.4959e-001 +1.2342e+000
669 0 +8.278615567e+000 -4.363138443e+001 -4.363138443e+001 -9.1401e-001 +1.2489e+000
674 0 +7.476454811e+000 -4.443354519e+001 -4.443354519e+001 -9.2961e-001 +1.2434e+000
724 0 +7.412297797e+000 -4.449770220e+001 -4.449770220e+001 -9.1945e-001 +1.2476e+000
838 0 +7.239819528e+000 -4.467018047e+001 -4.467018047e+001 -8.9204e-001 +1.2589e+000
955 0 +7.053719959e+000 -4.485628004e+001 -4.485628004e+001 -8.6129e-001 +1.2716e+000
1022 0 +6.915617634e+000 -4.499438237e+001 -4.499438237e+001 -8.3409e-001 +1.2829e+000
1121 0 +6.747844657e+000 -4.516215534e+001 -4.516215534e+001 -8.0757e-001 +1.2936e+000
1136 0 +6.564184345e+000 -4.534581565e+001 -4.534581565e+001 -7.7424e-001 +1.3073e+000
1203 0 +6.455513089e+000 -4.545448691e+001 -4.545448691e+001 -7.2950e-001 +1.3253e+000
1300 0 +6.307528973e+000 -4.560247103e+001 -4.560247103e+001 -7.2537e-001 +1.3274e+000
1321 0 +6.143520396e+000 -4.576647960e+001 -4.576647960e+001 -6.8921e-001 +1.3420e+000
1359 0 +5.998809446e+000 -4.591119055e+001 -4.591119055e+001 -6.5795e-001 +1.3548e+000
1367 0 +5.844513294e+000 -4.606548671e+001 -4.606548671e+001 -6.0046e-001 +1.3782e+000
1371 0 +5.651010956e+000 -4.625898904e+001 -4.625898904e+001 -4.6721e-001 +1.4325e+000
1402 0 +5.619293233e+000 -4.629070677e+001 -4.629070677e+001 -4.5642e-001 +1.4369e+000
1427 0 +5.446517729e+000 -4.646348227e+001 -4.646348227e+001 -3.9378e-001 +1.4625e+000
1446 0 +5.344178096e+000 -4.656582190e+001 -4.656582190e+001 -3.0681e-001 +1.4981e+000
1461 0 +5.187680233e+000 -4.672231977e+001 -4.672231977e+001 -2.9954e-001 +1.5011e+000
1479 0 +4.983085556e+000 -4.692691444e+001 -4.692691444e+001 -2.5491e-001 +1.5195e+000
1483 0 +4.802460234e+000 -4.710753977e+001 -4.710753977e+001 -2.4791e-001 +1.5225e+000
1485 0 +4.776234707e+000 -4.713376529e+001 -4.713376529e+001 -3.2906e-001 +1.4896e+000
1488 0 +4.656118891e+000 -4.725388111e+001 -4.725388111e+001 -2.4544e-001 +1.5237e+000
1506 0 +4.471985056e+000 -4.743801494e+001 -4.743801494e+001 -1.3837e-001 +1.5675e+000
1512 0 +4.466612243e+000 -4.744338776e+001 -4.744338776e+001 -5.6284e-002 +1.6009e+000
1540 0 +4.325752310e+000 -4.758424769e+001 -4.758424769e+001 -2.8569e-002 +1.6124e+000
1552 0 +4.214353579e+000 -4.769564642e+001 -4.769564642e+001 +6.4559e-002 +1.6505e+000
1560 0 +4.109368925e+000 -4.780063107e+001 -4.780063107e+001 +2.3094e-001 +1.7186e+000
1570 0 +4.058849432e+000 -4.785115057e+001 -4.785115057e+001 +2.1593e-001 +1.7124e+000
1572 0 +3.936622470e+000 -4.797337753e+001 -4.797337753e+001 +3.0541e-001 +1.7491e+000
1575 0 +3.806178654e+000 -4.810382135e+001 -4.810382135e+001 +4.2437e-001 +1.7978e+000
1582 0 +3.775310530e+000 -4.813468947e+001 -4.813468947e+001 +4.9527e-001 +1.8268e+000
1586 0 +3.714810090e+000 -4.819518991e+001 -4.819518991e+001 +4.9728e-001 +1.8276e+000
1594 0 +3.181550892e+000 -4.872844911e+001 -4.872844911e+001 +4.9728e-001 +1.8278e+000
1598 0 +3.035077185e+000 -4.887492281e+001 -4.887492281e+001 +5.1970e-001 +1.8371e+000
1600 0 +2.987938653e+000 -4.892206135e+001 -4.892206135e+001 +4.7861e-001 +1.8203e+000
1602 0 +2.298984509e+000 -4.961101549e+001 -4.961101549e+001 +5.8271e-001 +1.8632e+000
1605 0 +2.157188495e+000 -4.975281150e+001 -4.975281150e+001 +6.4857e-001 +1.8901e+000
1608 0 +2.053871418e+000 -4.985612858e+001 -4.985612858e+001 +7.0832e-001 +1.9146e+000
1609 0 +1.990334345e+000 -4.991966566e+001 -4.991966566e+001 +7.6549e-001 +1.9380e+000
1612 0 +1.641851193e+000 -5.026814881e+001 -5.026814881e+001 +1.0718e+000 +2.0636e+000
1618 0 +1.504163624e+000 -5.040583638e+001 -5.040583638e+001 +1.2225e+000 +2.1255e+000
1621 0 +1.463342550e+000 -5.044665745e+001 -5.044665745e+001 +1.1667e+000 +2.1026e+000
1622 0 +1.267159741e+000 -5.064284026e+001 -5.064284026e+001 +1.2074e+000 +2.1194e+000
1624 0 +1.253267012e+000 -5.065673299e+001 -5.065673299e+001 +1.6463e+000 +2.2994e+000
1633 0 +9.882280522e-001 -5.092177195e+001 -5.092177195e+001 +1.3282e+000 +2.1691e+000
1636 0 +7.377657591e-001 -5.117223424e+001 -5.117223424e+001 +1.5233e+000 +2.2492e+000
1644 0 +5.992221085e-001 -5.131077789e+001 -5.131077789e+001 +1.6300e+000 +2.2930e+000
1648 0 +1.610228898e-001 -5.174897711e+001 -5.174897711e+001 +1.7109e+000 +2.3267e+000
1656 0 +1.393826862e-001 -5.177061731e+001 -5.177061731e+001 +1.4842e+000 +2.2338e+000
1658 0 +5.120160649e-002 -5.185879839e+001 -5.185879839e+001 +1.6066e+000 +2.2841e+000
1680 0 +1.315378659e-002 -5.189684621e+001 -5.189684621e+001 +1.6443e+000 +2.2999e+000
1690 0 +4.217774607e-003 -5.190578223e+001 -5.190578223e+001 +1.6585e+000 +2.3055e+000
1692 0 +5.079235379e-004 -5.190949208e+001 -5.190949208e+001 +1.6552e+000 +2.3043e+000
1701 0 +4.094171210e-004 -5.190959058e+001 -5.190959058e+001 +1.6650e+000 +2.3083e+000
1706 0 +8.874555331e-005 -5.190991125e+001 -5.190991125e+001 +1.6845e+000 +2.3163e+000
1725 0 +5.795180797e-007 -5.190999942e+001 -5.190999942e+001 +1.6763e+000 +2.3129e+000
1736 0 +2.126924983e-007 -5.190999979e+001 -5.190999979e+001 +1.6763e+000 +2.3129e+000
1742 0 +6.518014573e-008 -5.190999993e+001 -5.190999993e+001 +1.6761e+000 +2.3128e+000
1750 0 +2.664400256e-008 -5.190999997e+001 -5.190999997e+001 +1.6759e+000 +2.3128e+000
1765 0 +3.761691403e-009 -5.191000000e+001 -5.191000000e+001 +1.6761e+000 +2.3128e+000
% f evaluations | g evaluations | best noise-free fitness - Fopt (4.808000000000e+001) + sum g_i+ | measured fitness | best measured fitness or single-digit g-values | x1 | x2...
1 0 +1.153677379e+007 +1.153682187e+007 +1.153682187e+007 +6.3736e-001 +1.5784e+000
2 0 +7.300936445e+006 +7.300984525e+006 +7.300984525e+006 +1.8936e+000 -7.2988e-001
3 0 +4.815921992e+006 +4.815970072e+006 +4.815970072e+006 +1.1014e+000 -6.4806e-001
5 0 +4.124022302e+006 +4.124070382e+006 +4.124070382e+006 -3.9154e-001 -4.8612e+000
6 0 +4.158635017e+004 +4.163443017e+004 +4.163443017e+004 -2.8651e-001 -2.5275e+000
7 0 +3.106663971e+003 +3.154743971e+003 +3.154743971e+003 +7.2569e-001 -3.2368e+000
31 0 +1.591044788e+003 +1.639124788e+003 +1.639124788e+003 +1.1639e+000 -3.6001e+000
32 0 +1.357141416e+003 +1.405221416e+003 +1.405221416e+003 -7.8479e-002 -2.3928e+000
38 0 +2.698546886e+001 +7.506546886e+001 +7.506546886e+001 +7.6182e-001 -3.1856e+000
42 0 +2.875389377e+000 +5.095538938e+001 +5.095538938e+001 +7.0729e-001 -3.1464e+000
84 0 +1.026946905e-001 +4.818269469e+001 +4.818269469e+001 +7.7409e-001 -3.2033e+000
86 0 +5.058156815e-002 +4.813058157e+001 +4.813058157e+001 +8.3979e-001 -3.2621e+000
97 0 +4.282004892e-002 +4.812282005e+001 +4.812282005e+001 +8.2919e-001 -3.2525e+000
120 0 +4.061727497e-002 +4.812061727e+001 +4.812061727e+001 +8.3938e-001 -3.2615e+000
123 0 +3.484227970e-002 +4.811484228e+001 +4.811484228e+001 +8.7450e-001 -3.2930e+000
128 0 +3.144635297e-002 +4.811144635e+001 +4.811144635e+001 +8.5244e-001 -3.2733e+000
133 0 +2.888240922e-002 +4.810888241e+001 +4.810888241e+001 +8.5499e-001 -3.2755e+000
136 0 +2.077968274e-002 +4.810077968e+001 +4.810077968e+001 +8.8318e-001 -3.3006e+000
142 0 +2.021568503e-002 +4.810021569e+001 +4.810021569e+001 +8.9555e-001 -3.3117e+000
145 0 +1.727952228e-002 +4.809727952e+001 +4.809727952e+001 +8.8059e-001 -3.2982e+000
150 0 +1.451752881e-002 +4.809451753e+001 +4.809451753e+001 +8.9357e-001 -3.3098e+000
152 0 +1.425971298e-002 +4.809425971e+001 +4.809425971e+001 +8.9522e-001 -3.3113e+000
156 0 +8.681009502e-003 +4.808868101e+001 +4.808868101e+001 +9.1595e-001 -3.3297e+000
157 0 +7.956953760e-003 +4.808795695e+001 +4.808795695e+001 +9.1760e-001 -3.3311e+000
164 0 +5.281056876e-003 +4.808528106e+001 +4.808528106e+001 +9.3803e-001 -3.3494e+000
172 0 +4.009822665e-003 +4.808400982e+001 +4.808400982e+001 +9.3427e-001 -3.3460e+000
182 0 +3.694198348e-003 +4.808369420e+001 +4.808369420e+001 +9.3541e-001 -3.3470e+000
244 0 +3.613706637e-003 +4.808361371e+001 +4.808361371e+001 +9.3920e-001 -3.3504e+000
287 0 +3.536765854e-003 +4.808353677e+001 +4.808353677e+001 +9.4056e-001 -3.3516e+000
310 0 +3.458822289e-003 +4.808345882e+001 +4.808345882e+001 +9.4223e-001 -3.3531e+000
329 0 +3.380983733e-003 +4.808338098e+001 +4.808338098e+001 +9.4309e-001 -3.3538e+000
345 0 +3.309344223e-003 +4.808330934e+001 +4.808330934e+001 +9.4353e-001 -3.3542e+000
353 0 +3.204202764e-003 +4.808320420e+001 +4.808320420e+001 +9.4439e-001 -3.3550e+000
367 0 +3.013871770e-003 +4.808301387e+001 +4.808301387e+001 +9.4582e-001 -3.3563e+000
371 0 +2.917652768e-003 +4.808291765e+001 +4.808291765e+001 +9.4700e-001 -3.3573e+000
377 0 +2.404635122e-003 +4.808240464e+001 +4.808240464e+001 +9.4950e-001 -3.3596e+000
386 0 +2.094867692e-003 +4.808209487e+001 +4.808209487e+001 +9.5110e-001 -3.3610e+000
390 0 +2.041179357e-003 +4.808204118e+001 +4.808204118e+001 +9.5096e-001 -3.3609e+000
393 0 +1.888597103e-003 +4.808188860e+001 +4.808188860e+001 +9.5240e-001 -3.3622e+000
403 0 +1.836012546e-003 +4.808183601e+001 +4.808183601e+001 +9.5379e-001 -3.3634e+000
408 0 +1.776088444e-003 +4.808177609e+001 +4.808177609e+001 +9.5544e-001 -3.3649e+000
422 0 +1.735237826e-003 +4.808173524e+001 +4.808173524e+001 +9.5512e-001 -3.3646e+000
423 0 +1.679777984e-003 +4.808167978e+001 +4.808167978e+001 +9.5489e-001 -3.3644e+000
427 0 +1.659354901e-003 +4.808165935e+001 +4.808165935e+001 +9.5418e-001 -3.3637e+000
454 0 +1.338055529e-003 +4.808133806e+001 +4.808133806e+001 +9.5446e-001 -3.3640e+000
458 0 +1.178612274e-003 +4.808117861e+001 +4.808117861e+001 +9.5506e-001 -3.3645e+000
466 0 +1.104624991e-003 +4.808110462e+001 +4.808110462e+001 +9.5558e-001 -3.3650e+000
474 0 +1.041174123e-003 +4.808104117e+001 +4.808104117e+001 +9.5605e-001 -3.3654e+000
479 0 +9.919924571e-004 +4.808099199e+001 +4.808099199e+001 +9.5678e-001 -3.3660e+000
516 0 +9.746403318e-004 +4.808097464e+001 +4.808097464e+001 +9.5716e-001 -3.3663e+000
531 0 +9.537076413e-004 +4.808095371e+001 +4.808095371e+001 +9.5804e-001 -3.3671e+000
549 0 +9.284182878e-004 +4.808092842e+001 +4.808092842e+001 +9.5852e-001 -3.3676e+000
571 0 +9.098686091e-004 +4.808090987e+001 +4.808090987e+001 +9.5961e-001 -3.3685e+000
626 0 +8.897172335e-004 +4.808088972e+001 +4.808088972e+001 +9.6025e-001 -3.3691e+000
633 0 +8.687796349e-004 +4.808086878e+001 +4.808086878e+001 +9.6125e-001 -3.3700e+000
641 0 +8.405892014e-004 +4.808084059e+001 +4.808084059e+001 +9.6223e-001 -3.3709e+000
646 0 +8.272593610e-004 +4.808082726e+001 +4.808082726e+001 +9.6255e-001 -3.3711e+000
650 0 +8.088515635e-004 +4.808080885e+001 +4.808080885e+001 +9.6287e-001 -3.3714e+000
655 0 +7.938202135e-004 +4.808079382e+001 +4.808079382e+001 +9.6310e-001 -3.3716e+000
656 0 +7.581902707e-004 +4.808075819e+001 +4.808075819e+001 +9.6394e-001 -3.3724e+000
659 0 +7.022439000e-004 +4.808070224e+001 +4.808070224e+001 +9.6485e-001 -3.3732e+000
660 0 +6.746987519e-004 +4.808067470e+001 +4.808067470e+001 +9.6516e-001 -3.3735e+000
662 0 +6.135515659e-004 +4.808061355e+001 +4.808061355e+001 +9.6581e-001 -3.3740e+000
667 0 +5.162931134e-004 +4.808051629e+001 +4.808051629e+001 +9.6756e-001 -3.3756e+000
670 0 +5.014036589e-004 +4.808050140e+001 +4.808050140e+001 +9.6802e-001 -3.3760e+000
681 0 +5.004985097e-004 +4.808050050e+001 +4.808050050e+001 +9.6795e-001 -3.3759e+000
684 0 +4.661855585e-004 +4.808046619e+001 +4.808046619e+001 +9.6835e-001 -3.3763e+000
699 0 +4.560018349e-004 +4.808045600e+001 +4.808045600e+001 +9.6930e-001 -3.3771e+000
704 0 +4.425000368e-004 +4.808044250e+001 +4.808044250e+001 +9.7064e-001 -3.3783e+000
705 0 +4.291866542e-004 +4.808042919e+001 +4.808042919e+001 +9.7065e-001 -3.3783e+000
706 0 +4.230384052e-004 +4.808042304e+001 +4.808042304e+001 +9.7162e-001 -3.3792e+000
709 0 +4.072264975e-004 +4.808040723e+001 +4.808040723e+001 +9.7229e-001 -3.3798e+000
710 0 +3.774696357e-004 +4.808037747e+001 +4.808037747e+001 +9.7300e-001 -3.3804e+000
711 0 +3.696442821e-004 +4.808036964e+001 +4.808036964e+001 +9.7314e-001 -3.3805e+000
717 0 +3.619768252e-004 +4.808036198e+001 +4.808036198e+001 +9.7381e-001 -3.3811e+000
721 0 +3.340917501e-004 +4.808033409e+001 +4.808033409e+001 +9.7478e-001 -3.3820e+000
722 0 +3.294361226e-004 +4.808032944e+001 +4.808032944e+001 +9.7559e-001 -3.3827e+000
723 0 +3.103106709e-004 +4.808031031e+001 +4.808031031e+001 +9.7635e-001 -3.3834e+000
724 0 +2.936097697e-004 +4.808029361e+001 +4.808029361e+001 +9.7881e-001 -3.3856e+000
726 0 +2.870772708e-004 +4.808028708e+001 +4.808028708e+001 +9.7882e-001 -3.3856e+000
729 0 +2.815760738e-004 +4.808028158e+001 +4.808028158e+001 +9.8132e-001 -3.3878e+000
735 0 +2.424406010e-004 +4.808024244e+001 +4.808024244e+001 +9.8033e-001 -3.3869e+000
743 0 +2.379465694e-004 +4.808023795e+001 +4.808023795e+001 +9.7631e-001 -3.3834e+000
744 0 +1.684908088e-004 +4.808016849e+001 +4.808016849e+001 +9.7783e-001 -3.3847e+000
756 0 +1.377543945e-004 +4.808013775e+001 +4.808013775e+001 +9.7957e-001 -3.3863e+000
758 0 +1.263965903e-004 +4.808012640e+001 +4.808012640e+001 +9.7962e-001 -3.3863e+000
762 0 +9.257494497e-005 +4.808009257e+001 +4.808009257e+001 +9.8276e-001 -3.3891e+000
765 0 +8.925753841e-005 +4.808008926e+001 +4.808008926e+001 +9.8250e-001 -3.3889e+000
770 0 +7.512770276e-005 +4.808007513e+001 +4.808007513e+001 +9.8275e-001 -3.3891e+000
776 0 +6.636741378e-005 +4.808006637e+001 +4.808006637e+001 +9.8243e-001 -3.3888e+000
783 0 +5.092753234e-005 +4.808005093e+001 +4.808005093e+001 +9.8182e-001 -3.3883e+000
784 0 +4.582750041e-005 +4.808004583e+001 +4.808004583e+001 +9.8335e-001 -3.3896e+000
788 0 +3.429265809e-005 +4.808003429e+001 +4.808003429e+001 +9.8332e-001 -3.3896e+000
790 0 +3.351052763e-005 +4.808003351e+001 +4.808003351e+001 +9.8398e-001 -3.3902e+000
791 0 +1.684749288e-005 +4.808001685e+001 +4.808001685e+001 +9.8304e-001 -3.3894e+000
793 0 +1.064443676e-005 +4.808001064e+001 +4.808001064e+001 +9.8301e-001 -3.3893e+000
801 0 +5.173404396e-006 +4.808000517e+001 +4.808000517e+001 +9.8254e-001 -3.3889e+000
805 0 +1.362800447e-006 +4.808000136e+001 +4.808000136e+001 +9.8256e-001 -3.3889e+000
809 0 +8.014442443e-008 +4.808000008e+001 +4.808000008e+001 +9.8257e-001 -3.3889e+000
822 0 +8.407361918e-009 +4.808000001e+001 +4.808000001e+001 +9.8247e-001 -3.3889e+000
% f evaluations | g evaluations | best noise-free fitness - Fopt (3.058000000000e+001) + sum g_i+ | measured fitness | best measured fitness or single-digit g-values | x1 | x2...
1 0 +2.150781207e+006 +2.150811787e+006 +2.150811787e+006 -1.3397e+000 -3.3769e+000
6 0 +6.101759012e+004 +6.104817012e+004 +6.104817012e+004 -2.7469e+000 -5.0000e+000
7 0 +9.911106595e+002 +1.021690659e+003 +1.021690659e+003 -2.8012e+000 -1.8819e+000
18 0 +6.269263341e+002 +6.575063341e+002 +6.575063341e+002 -2.9136e+000 -3.8816e+000
30 0 +1.030806340e+001 +4.088806340e+001 +4.088806340e+001 -2.9765e+000 -4.6234e+000
71 0 +9.540746776e+000 +4.012074678e+001 +4.012074678e+001 -2.9537e+000 -4.2415e+000
74 0 +6.106168522e+000 +3.668616852e+001 +3.668616852e+001 -2.9501e+000 -4.1244e+000
78 0 +5.550330230e+000 +3.613033023e+001 +3.613033023e+001 -2.9276e+000 -3.7259e+000
83 0 +2.787782936e+000 +3.336778294e+001 +3.336778294e+001 -2.8922e+000 -3.0166e+000
100 0 +1.449064749e+000 +3.202906475e+001 +3.202906475e+001 -2.8842e+000 -2.8541e+000
136 0 +7.903048952e-001 +3.137030490e+001 +3.137030490e+001 -2.8590e+000 -2.3602e+000
139 0 +7.334656318e-001 +3.131346563e+001 +3.131346563e+001 -2.8542e+000 -2.2647e+000
154 0 +5.620020048e-001 +3.114200200e+001 +3.114200200e+001 -2.8646e+000 -2.4617e+000
160 0 +4.693985726e-001 +3.104939857e+001 +3.104939857e+001 -2.8430e+000 -2.0430e+000
166 0 +2.623347751e-001 +3.084233478e+001 +3.084233478e+001 -2.8587e+000 -2.3424e+000
176 0 +2.226310936e-001 +3.080263109e+001 +3.080263109e+001 -2.8563e+000 -2.2966e+000
190 0 +2.024995679e-001 +3.078249957e+001 +3.078249957e+001 -2.8561e+000 -2.2902e+000
192 0 +1.876783335e-001 +3.076767833e+001 +3.076767833e+001 -2.8557e+000 -2.2820e+000
194 0 +1.363731160e-001 +3.071637312e+001 +3.071637312e+001 -2.8499e+000 -2.1683e+000
198 0 +1.285852893e-001 +3.070858529e+001 +3.070858529e+001 -2.8470e+000 -2.1139e+000
199 0 +9.778260041e-002 +3.067778260e+001 +3.067778260e+001 -2.8456e+000 -2.0853e+000
216 0 +9.066751543e-002 +3.067066752e+001 +3.067066752e+001 -2.8439e+000 -2.0524e+000
226 0 +8.716644202e-002 +3.066716644e+001 +3.066716644e+001 -2.8422e+000 -2.0197e+000
231 0 +8.326585673e-002 +3.066326586e+001 +3.066326586e+001 -2.8414e+000 -2.0037e+000
236 0 +8.308938525e-002 +3.066308939e+001 +3.066308939e+001 -2.8416e+000 -2.0072e+000
240 0 +7.895836474e-002 +3.065895836e+001 +3.065895836e+001 -2.8423e+000 -2.0219e+000
244 0 +7.241284870e-002 +3.065241285e+001 +3.065241285e+001 -2.8399e+000 -1.9735e+000
246 0 +6.529158404e-002 +3.064529158e+001 +3.064529158e+001 -2.8393e+000 -1.9628e+000
247 0 +5.943744781e-002 +3.063943745e+001 +3.063943745e+001 -2.8371e+000 -1.9190e+000
260 0 +5.621210427e-002 +3.063621210e+001 +3.063621210e+001 -2.8357e+000 -1.8921e+000
265 0 +5.350090147e-002 +3.063350090e+001 +3.063350090e+001 -2.8321e+000 -1.8195e+000
273 0 +5.183203757e-002 +3.063183204e+001 +3.063183204e+001 -2.8338e+000 -1.8532e+000
275 0 +5.099865117e-002 +3.063099865e+001 +3.063099865e+001 -2.8334e+000 -1.8465e+000
286 0 +4.869634309e-002 +3.062869634e+001 +3.062869634e+001 -2.8336e+000 -1.8488e+000
296 0 +4.588176888e-002 +3.062588177e+001 +3.062588177e+001 -2.8348e+000 -1.8727e+000
304 0 +4.462727864e-002 +3.062462728e+001 +3.062462728e+001 -2.8350e+000 -1.8766e+000
314 0 +3.951131510e-002 +3.061951132e+001 +3.061951132e+001 -2.8372e+000 -1.9187e+000
315 0 +3.506015574e-002 +3.061506016e+001 +3.061506016e+001 -2.8358e+000 -1.8918e+000
321 0 +3.326478171e-002 +3.061326478e+001 +3.061326478e+001 -2.8377e+000 -1.9287e+000
333 0 +3.255942625e-002 +3.061255943e+001 +3.061255943e+001 -2.8381e+000 -1.9360e+000
357 0 +3.176643684e-002 +3.061176644e+001 +3.061176644e+001 -2.8406e+000 -1.9861e+000
361 0 +3.059901569e-002 +3.061059902e+001 +3.061059902e+001 -2.8391e+000 -1.9563e+000
367 0 +3.011825893e-002 +3.061011826e+001 +3.061011826e+001 -2.8384e+000 -1.9426e+000
368 0 +2.945554865e-002 +3.060945555e+001 +3.060945555e+001 -2.8391e+000 -1.9562e+000
375 0 +9.225520061e-003 +3.058922552e+001 +3.058922552e+001 -2.8385e+000 -1.9426e+000
377 0 +7.463977179e-003 +3.058746398e+001 +3.058746398e+001 -2.8377e+000 -1.9262e+000
384 0 +1.393285898e-003 +3.058139329e+001 +3.058139329e+001 -2.8363e+000 -1.8970e+000
387 0 +1.139719394e-003 +3.058113972e+001 +3.058113972e+001 -2.8360e+000 -1.8915e+000
395 0 +4.250101083e-004 +3.058042501e+001 +3.058042501e+001 -2.8354e+000 -1.8804e+000
405 0 +2.903202041e-005 +3.058002903e+001 +3.058002903e+001 -2.8347e+000 -1.8663e+000
416 0 +2.294684754e-005 +3.058002295e+001 +3.058002295e+001 -2.8344e+000 -1.8613e+000
417 0 +2.909062076e-006 +3.058000291e+001 +3.058000291e+001 -2.8343e+000 -1.8598e+000
432 0 +4.406454224e-008 +3.058000004e+001 +3.058000004e+001 -2.8344e+000 -1.8610e+000
461 0 +5.345313525e-009 +3.058000001e+001 +3.058000001e+001 -2.8344e+000 -1.8609e+000
% f evaluations | g evaluations | best noise-free fitness - Fopt (1.000000000000e+003) + sum g_i+ | measured fitness | best measured fitness or single-digit g-values | x1 | x2...
1 0 +7.269815028e+005 +7.279815028e+005 +7.279815028e+005 -3.7693e+000 +1.6928e+000
6 0 +3.092954834e+005 +3.102954834e+005 +3.102954834e+005 -3.0579e+000 +5.0000e+000
7 0 +6.166274848e+001 +1.061662748e+003 +1.061662748e+003 -2.7410e+000 +2.8093e+000
19 0 +8.451623847e+000 +1.008451624e+003 +1.008451624e+003 -2.7657e+000 +2.5158e+000
64 0 +2.625977351e+000 +1.002625977e+003 +1.002625977e+003 -2.5197e+000 +4.5455e+000
80 0 +1.399258845e+000 +1.001399259e+003 +1.001399259e+003 -2.5622e+000 +4.1981e+000
83 0 +9.135851923e-001 +1.000913585e+003 +1.000913585e+003 -2.7403e+000 +2.7487e+000
92 0 +8.123258731e-002 +1.000081233e+003 +1.000081233e+003 -2.6619e+000 +3.3806e+000
102 0 +4.334396635e-002 +1.000043344e+003 +1.000043344e+003 -2.6474e+000 +3.5002e+000
109 0 +4.188637305e-002 +1.000041886e+003 +1.000041886e+003 -2.6470e+000 +3.5030e+000
113 0 +6.155092847e-003 +1.000006155e+003 +1.000006155e+003 -2.6380e+000 +3.5747e+000
132 0 +8.398653034e-004 +1.000000840e+003 +1.000000840e+003 -2.6324e+000 +3.6209e+000
151 0 +3.381917115e-004 +1.000000338e+003 +1.000000338e+003 -2.6282e+000 +3.6546e+000
160 0 +2.990971369e-004 +1.000000299e+003 +1.000000299e+003 -2.6317e+000 +3.6264e+000
161 0 +6.760755241e-006 +1.000000007e+003 +1.000000007e+003 -2.6298e+000 +3.6412e+000
192 0 +3.989506013e-006 +1.000000004e+003 +1.000000004e+003 -2.6296e+000 +3.6430e+000
203 0 +1.144679572e-006 +1.000000001e+003 +1.000000001e+003 -2.6295e+000 +3.6440e+000
217 0 +5.794369144e-007 +1.000000001e+003 +1.000000001e+003 -2.6295e+000 +3.6439e+000
226 0 +5.693618732e-008 +1.000000000e+003 +1.000000000e+003 -2.6296e+000 +3.6430e+000
243 0 +1.281830464e-008 +1.000000000e+003 +1.000000000e+003 -2.6296e+000 +3.6433e+000
255 0 +2.174829206e-010 +1.000000000e+003 +1.000000000e+003 -2.6296e+000 +3.6432e+000
% f evaluations | g evaluations | best noise-free fitness - Fopt (-4.236000000000e+001) + sum g_i+ | measured fitness | best measured fitness or single-digit g-values | x1 | x2...
1 0 +2.862651953e+006 +2.862609593e+006 +2.862609593e+006 +3.8445e+000 +4.0762e+000
2 0 +1.474984820e+005 +1.474561220e+005 +1.474561220e+005 +4.1840e-001 +2.2562e-002
3 0 +3.531348955e+003 +3.488988955e+003 +3.488988955e+003 +2.0624e+000 +3.4733e+000
7 0 +8.984950329e+002 +8.561350329e+002 +8.561350329e+002 +1.4177e+000 +1.8311e+000
21 0 +4.450716961e+002 +4.027116961e+002 +4.027116961e+002 +1.9006e+000 +3.1209e+000
28 0 +1.450426252e+001 -2.785573748e+001 -2.785573748e+001 +1.7377e+000 +2.7013e+000
94 0 +1.390647048e+001 -2.845352952e+001 -2.845352952e+001 +1.7300e+000 +2.6777e+000
96 0 +1.112054286e+001 -3.123945714e+001 -3.123945714e+001 +1.6378e+000 +2.3957e+000
110 0 +9.806602510e+000 -3.255339749e+001 -3.255339749e+001 +1.5957e+000 +2.2711e+000
119 0 +9.391327029e+000 -3.296867297e+001 -3.296867297e+001 +1.5714e+000 +2.1982e+000
135 0 +9.184109528e+000 -3.317589047e+001 -3.317589047e+001 +1.5577e+000 +2.1576e+000
143 0 +9.030568032e+000 -3.332943197e+001 -3.332943197e+001 +1.5164e+000 +2.0313e+000
145 0 +8.547706836e+000 -3.381229316e+001 -3.381229316e+001 +1.4686e+000 +1.8876e+000
163 0 +8.388800536e+000 -3.397119946e+001 -3.397119946e+001 +1.4914e+000 +1.9573e+000
177 0 +8.317251098e+000 -3.404274890e+001 -3.404274890e+001 +1.4906e+000 +1.9556e+000
181 0 +8.006260098e+000 -3.435373990e+001 -3.435373990e+001 +1.4311e+000 +1.7755e+000
189 0 +7.898710323e+000 -3.446128968e+001 -3.446128968e+001 +1.4254e+000 +1.7586e+000
211 0 +7.759309992e+000 -3.460069001e+001 -3.460069001e+001 +1.4251e+000 +1.7583e+000
233 0 +7.583100062e+000 -3.477689994e+001 -3.477689994e+001 +1.4172e+000 +1.7346e+000
297 0 +7.408812611e+000 -3.495118739e+001 -3.495118739e+001 +1.4049e+000 +1.6991e+000
379 0 +7.238769876e+000 -3.512123012e+001 -3.512123012e+001 +1.3907e+000 +1.6558e+000
410 0 +7.039814573e+000 -3.532018543e+001 -3.532018543e+001 +1.3740e+000 +1.6055e+000
422 0 +6.917253624e+000 -3.544274638e+001 -3.544274638e+001 +1.3651e+000 +1.5790e+000
435 0 +6.672547695e+000 -3.568745230e+001 -3.568745230e+001 +1.3482e+000 +1.5285e+000
442 0 +6.547970394e+000 -3.581202961e+001 -3.581202961e+001 +1.3394e+000 +1.5024e+000
444 0 +6.419969285e+000 -3.594003072e+001 -3.594003072e+001 +1.3290e+000 +1.4714e+000
446 0 +6.277296949e+000 -3.608270305e+001 -3.608270305e+001 +1.3204e+000 +1.4457e+000
448 0 +5.665839880e+000 -3.669416012e+001 -3.669416012e+001 +1.2771e+000 +1.3168e+000
449 0 +5.389883254e+000 -3.697011675e+001 -3.697011675e+001 +1.2565e+000 +1.2553e+000
450 0 +5.307159189e+000 -3.705284081e+001 -3.705284081e+001 +1.2495e+000 +1.2343e+000
455 0 +5.072253550e+000 -3.728774645e+001 -3.728774645e+001 +1.2255e+000 +1.1628e+000
457 0 +4.940181491e+000 -3.741981851e+001 -3.741981851e+001 +1.1907e+000 +1.0590e+000
459 0 +4.545602769e+000 -3.781439723e+001 -3.781439723e+001 +1.1376e+000 +9.0098e-001
516 0 +4.466089165e+000 -3.789391084e+001 -3.789391084e+001 +1.1304e+000 +8.7939e-001
568 0 +3.872839964e+000 -3.848716004e+001 -3.848716004e+001 +1.1191e+000 +8.3700e-001
570 0 +2.875989228e+000 -3.948401077e+001 -3.948401077e+001 +1.1190e+000 +8.3863e-001
572 0 +2.520659644e+000 -3.983934036e+001 -3.983934036e+001 +1.1209e+000 +8.4650e-001
596 0 +2.431766617e+000 -3.992823338e+001 -3.992823338e+001 +1.1125e+000 +8.2121e-001
604 0 +2.375977771e+000 -3.998402223e+001 -3.998402223e+001 +1.1013e+000 +7.8791e-001
607 0 +2.286422844e+000 -4.007357716e+001 -4.007357716e+001 +1.0961e+000 +7.7169e-001
615 0 +2.214914470e+000 -4.014508553e+001 -4.014508553e+001 +1.0855e+000 +7.3990e-001
627 0 +2.135614721e+000 -4.022438528e+001 -4.022438528e+001 +1.0701e+000 +6.9386e-001
639 0 +2.083024144e+000 -4.027697586e+001 -4.027697586e+001 +1.0561e+000 +6.5153e-001
663 0 +2.015802866e+000 -4.034419713e+001 -4.034419713e+001 +1.0251e+000 +5.5858e-001
666 0 +1.966533422e+000 -4.039346658e+001 -4.039346658e+001 +9.9788e-001 +4.7705e-001
676 0 +1.815664584e+000 -4.054433542e+001 -4.054433542e+001 +9.5081e-001 +3.3661e-001
687 0 +1.601999142e+000 -4.075800086e+001 -4.075800086e+001 +9.3002e-001 +2.7426e-001
690 0 +1.157529460e+000 -4.120247054e+001 -4.120247054e+001 +8.8398e-001 +1.3656e-001
691 0 +1.096743131e+000 -4.126325687e+001 -4.126325687e+001 +8.4323e-001 +1.4916e-002
697 0 +1.054998704e+000 -4.130500130e+001 -4.130500130e+001 +8.6600e-001 +8.2761e-002
713 0 +9.980848299e-001 -4.136191517e+001 -4.136191517e+001 +8.2624e-001 -3.6197e-002
720 0 +9.378944637e-001 -4.142210554e+001 -4.142210554e+001 +8.3463e-001 -1.1251e-002
730 0 +9.103920737e-001 -4.144960793e+001 -4.144960793e+001 +8.4234e-001 +1.1751e-002
734 0 +8.217564434e-001 -4.153824356e+001 -4.153824356e+001 +8.5062e-001 +3.6189e-002
742 0 +6.121673416e-001 -4.174783266e+001 -4.174783266e+001 +8.4426e-001 +1.5164e-002
743 0 +5.311071369e-001 -4.182889286e+001 -4.182889286e+001 +8.2000e-001 -5.6714e-002
758 0 +4.519244830e-001 -4.190807552e+001 -4.190807552e+001 +7.6276e-001 -2.2832e-001
760 0 +1.475492056e-001 -4.221245079e+001 -4.221245079e+001 +7.0601e-001 -3.9933e-001
761 0 +6.166441369e-002 -4.229833559e+001 -4.229833559e+001 +6.5084e-001 -5.6469e-001
767 0 +4.019979826e-002 -4.231980020e+001 -4.231980020e+001 +6.1027e-001 -6.8727e-001
768 0 +1.741767345e-002 -4.234258233e+001 -4.234258233e+001 +6.1055e-001 -6.8610e-001
774 0 +1.341781440e-002 -4.234658219e+001 -4.234658219e+001 +5.5896e-001 -8.4047e-001
778 0 +2.076331340e-003 -4.235792367e+001 -4.235792367e+001 +5.9109e-001 -7.4426e-001
779 0 +9.478182433e-004 -4.235905218e+001 -4.235905218e+001 +5.8798e-001 -7.5364e-001
787 0 +6.433860584e-006 -4.235999357e+001 -4.235999357e+001 +5.7722e-001 -7.8593e-001
805 0 +4.748780427e-007 -4.235999953e+001 -4.235999953e+001 +5.7761e-001 -7.8476e-001
831 0 +8.546556529e-008 -4.235999991e+001 -4.235999991e+001 +5.7767e-001 -7.8459e-001
842 0 +1.611037703e-008 -4.235999998e+001 -4.235999998e+001 +5.7758e-001 -7.8487e-001
847 0 +5.240423206e-009 -4.235999999e+001 -4.235999999e+001 +5.7759e-001 -7.8483e-001
% f evaluations | g evaluations | best noise-free fitness - Fopt (-7.187000000000e+001) + sum g_i+ | measured fitness | best measured fitness or single-digit g-values | x1 | x2...
1 0 +1.611182764e+007 +1.611175577e+007 +1.611175577e+007 +3.7400e+000 +1.1006e+000
2 0 +1.697930470e+004 +1.690743470e+004 +1.690743470e+004 -2.3129e+000 +4.6809e+000
7 0 +1.210066384e+004 +1.202879384e+004 +1.202879384e+004 +1.7997e+000 -4.8365e+000
8 0 +6.172068978e+002 +5.453368978e+002 +5.453368978e+002 +2.9120e-003 -4.4515e-001
10 0 +2.311708997e+002 +1.593008997e+002 +1.593008997e+002 -2.1597e+000 +4.6809e+000
47 0 +5.330096131e-001 -7.133699039e+001 -7.133699039e+001 -1.1013e+000 +2.1830e+000
57 0 +4.855780041e-001 -7.138442200e+001 -7.138442200e+001 -1.1346e+000 +2.2599e+000
92 0 +4.489489902e-001 -7.142105101e+001 -7.142105101e+001 -1.1989e+000 +2.4110e+000
93 0 +1.885912717e-001 -7.168140873e+001 -7.168140873e+001 -1.2498e+000 +2.5279e+000
97 0 +1.670911578e-001 -7.170290884e+001 -7.170290884e+001 -1.2762e+000 +2.5889e+000
101 0 +3.778969164e-002 -7.183221031e+001 -7.183221031e+001 -1.3423e+000 +2.7432e+000
107 0 +6.439524466e-005 -7.186993560e+001 -7.186993560e+001 -1.4162e+000 +2.9149e+000
134 0 +4.405631888e-005 -7.186995594e+001 -7.186995594e+001 -1.4147e+000 +2.9114e+000
148 0 +7.012967657e-006 -7.186999299e+001 -7.186999299e+001 -1.4134e+000 +2.9083e+000
162 0 +1.041127007e-007 -7.186999990e+001 -7.186999990e+001 -1.4137e+000 +2.9090e+000
193 0 +1.008305759e-007 -7.186999990e+001 -7.186999990e+001 -1.4135e+000 +2.9086e+000
194 0 +7.189925100e-009 -7.186999999e+001 -7.186999999e+001 -1.4136e+000 +2.9087e+000
% f evaluations | g evaluations | best noise-free fitness - Fopt (-1.650000000000e+001) + sum g_i+ | measured fitness | best measured fitness or single-digit g-values | x1 | x2...
1 0 +2.576514874e+006 +2.576498374e+006 +2.576498374e+006 -1.9599e+000 +2.9545e+000
3 0 +1.410738985e+006 +1.410722485e+006 +1.410722485e+006 -4.7760e-001 +6.1457e-001
6 0 +2.618876942e+003 +2.602376942e+003 +2.602376942e+003 -5.0000e+000 +9.3671e-001
10 0 +5.247108048e+002 +5.082108048e+002 +5.082108048e+002 -3.2363e+000 +1.2407e+000
18 0 +1.096592565e+002 +9.315925647e+001 +9.315925647e+001 -2.9039e+000 +1.2723e+000
39 0 +5.012943925e+001 +3.362943925e+001 +3.362943925e+001 -2.7381e+000 +1.3154e+000
55 0 +3.738008648e+001 +2.088008648e+001 +2.088008648e+001 -2.7723e+000 +1.3042e+000
119 0 +3.605670463e+001 +1.955670463e+001 +1.955670463e+001 -2.6780e+000 +1.3219e+000
127 0 +3.545864037e+001 +1.895864037e+001 +1.895864037e+001 -2.6417e+000 +1.3287e+000
130 0 +3.422577297e+001 +1.772577297e+001 +1.772577297e+001 -2.5717e+000 +1.3420e+000
131 0 +3.366064490e+001 +1.716064490e+001 +1.716064490e+001 -2.5881e+000 +1.3405e+000
142 0 +3.112477442e+001 +1.462477442e+001 +1.462477442e+001 -2.3877e+000 +1.3784e+000
145 0 +2.943858495e+001 +1.293858495e+001 +1.293858495e+001 -2.2034e+000 +1.4133e+000
150 0 +2.625988875e+001 +9.759888748e+000 +9.759888748e+000 -1.9585e+000 +1.4589e+000
190 0 +2.534715667e+001 +8.847156668e+000 +8.847156668e+000 -1.9225e+000 +1.4651e+000
196 0 +2.488179950e+001 +8.381799504e+000 +8.381799504e+000 -1.8353e+000 +1.4819e+000
204 0 +2.429010447e+001 +7.790104472e+000 +7.790104472e+000 -1.7997e+000 +1.4883e+000
213 0 +2.390172365e+001 +7.401723646e+000 +7.401723646e+000 -1.7698e+000 +1.4937e+000
219 0 +2.296142370e+001 +6.461423701e+000 +6.461423701e+000 -1.6632e+000 +1.5137e+000
222 0 +2.118608817e+001 +4.686088173e+000 +4.686088173e+000 -1.4050e+000 +1.5627e+000
242 0 +2.058261621e+001 +4.082616212e+000 +4.082616212e+000 -1.3714e+000 +1.5687e+000
261 0 +1.992715285e+001 +3.427152849e+000 +3.427152849e+000 -1.2987e+000 +1.5822e+000
271 0 +1.903480276e+001 +2.534802764e+000 +2.534802764e+000 -1.1951e+000 +1.6016e+000
273 0 +1.728689310e+001 +7.868931022e-001 +7.868931022e-001 -9.9627e-001 +1.6389e+000
283 0 +1.644565364e+001 -5.434636396e-002 -5.434636396e-002 -9.0161e-001 +1.6564e+000
300 0 +1.615035564e+001 -3.496443569e-001 -3.496443569e-001 -8.6438e-001 +1.6633e+000
311 0 +1.579470258e+001 -7.052974238e-001 -7.052974238e-001 -8.2698e-001 +1.6704e+000
316 0 +1.539223648e+001 -1.107763522e+000 -1.107763522e+000 -7.6960e-001 +1.6810e+000
328 0 +1.464243366e+001 -1.857566336e+000 -1.857566336e+000 -6.6982e-001 +1.6995e+000
330 0 +1.410054871e+001 -2.399451289e+000 -2.399451289e+000 -6.1084e-001 +1.7106e+000
337 0 +1.362823636e+001 -2.871763638e+000 -2.871763638e+000 -5.6835e-001 +1.7187e+000
359 0 +1.344227876e+001 -3.057721237e+000 -3.057721237e+000 -5.4272e-001 +1.7234e+000
389 0 +1.317474291e+001 -3.325257085e+000 -3.325257085e+000 -5.2231e-001 +1.7274e+000
419 0 +1.287727349e+001 -3.622726514e+000 -3.622726514e+000 -4.9899e-001 +1.7320e+000
429 0 +1.257407356e+001 -3.925926438e+000 -3.925926438e+000 -4.6682e-001 +1.7383e+000
504 0 +1.209439478e+001 -4.405605216e+000 -4.405605216e+000 -4.0180e-001 +1.7506e+000
514 0 +1.193848329e+001 -4.561516708e+000 -4.561516708e+000 -3.8767e-001 +1.7532e+000
519 0 +1.169711308e+001 -4.802886916e+000 -4.802886916e+000 -3.5915e-001 +1.7584e+000
523 0 +1.128698548e+001 -5.213014522e+000 -5.213014522e+000 -2.9906e-001 +1.7695e+000
525 0 +1.112841028e+001 -5.371589722e+000 -5.371589722e+000 -2.7625e-001 +1.7737e+000
529 0 +1.089586041e+001 -5.604139590e+000 -5.604139590e+000 -2.4421e-001 +1.7797e+000
536 0 +1.061104794e+001 -5.888952058e+000 -5.888952058e+000 -1.7333e-001 +1.7928e+000
540 0 +1.038023971e+001 -6.119760290e+000 -6.119760290e+000 -1.5132e-001 +1.7970e+000
546 0 +1.013371446e+001 -6.366285540e+000 -6.366285540e+000 -1.0591e-001 +1.8055e+000
569 0 +9.922727927e+000 -6.577272073e+000 -6.577272073e+000 +1.4161e-003 +1.8253e+000
605 0 +9.753319456e+000 -6.746680544e+000 -6.746680544e+000 +3.5100e-002 +1.8316e+000
634 0 +9.534986586e+000 -6.965013414e+000 -6.965013414e+000 +1.1351e-001 +1.8463e+000
641 0 +9.146437172e+000 -7.353562828e+000 -7.353562828e+000 +7.6430e-002 +1.8398e+000
643 0 +9.022524316e+000 -7.477475684e+000 -7.477475684e+000 +1.1351e-001 +1.8467e+000
644 0 +8.748447852e+000 -7.751552148e+000 -7.751552148e+000 +1.2974e-001 +1.8501e+000
661 0 +8.588393209e+000 -7.911606791e+000 -7.911606791e+000 +1.7551e-001 +1.8586e+000
664 0 +8.458748586e+000 -8.041251414e+000 -8.041251414e+000 +2.1041e-001 +1.8655e+000
676 0 +8.212344609e+000 -8.287655391e+000 -8.287655391e+000 +2.7115e-001 +1.8768e+000
677 0 +7.932079438e+000 -8.567920562e+000 -8.567920562e+000 +3.5032e-001 +1.8916e+000
687 0 +7.677446146e+000 -8.822553854e+000 -8.822553854e+000 +4.3040e-001 +1.9065e+000
688 0 +7.355141260e+000 -9.144858740e+000 -9.144858740e+000 +5.3906e-001 +1.9267e+000
691 0 +6.625468391e+000 -9.874531609e+000 -9.874531609e+000 +7.4289e-001 +1.9648e+000
695 0 +5.789586128e+000 -1.071041387e+001 -1.071041387e+001 +9.1492e-001 +1.9969e+000
699 0 +4.655013423e+000 -1.184498658e+001 -1.184498658e+001 +1.1342e+000 +2.0378e+000
700 0 +4.395594641e+000 -1.210440536e+001 -1.210440536e+001 +1.3020e+000 +2.0691e+000
702 0 +4.063260539e+000 -1.243673946e+001 -1.243673946e+001 +1.4906e+000 +2.1042e+000
716 0 +3.958971066e+000 -1.254102893e+001 -1.254102893e+001 +1.4920e+000 +2.1045e+000
734 0 +3.733209001e+000 -1.276679100e+001 -1.276679100e+001 +1.5833e+000 +2.1217e+000
745 0 +3.496636018e+000 -1.300336398e+001 -1.300336398e+001 +1.5060e+000 +2.1075e+000
756 0 +3.160710652e+000 -1.333928935e+001 -1.333928935e+001 +1.5361e+000 +2.1132e+000
760 0 +3.062374779e+000 -1.343762522e+001 -1.343762522e+001 +1.3612e+000 +2.0807e+000
774 0 +2.895356869e+000 -1.360464313e+001 -1.360464313e+001 +1.4006e+000 +2.0881e+000
775 0 +2.490793461e+000 -1.400920654e+001 -1.400920654e+001 +1.4960e+000 +2.1061e+000
782 0 +2.425087988e+000 -1.407491201e+001 -1.407491201e+001 +1.6764e+000 +2.1399e+000
784 0 +2.119306214e+000 -1.438069379e+001 -1.438069379e+001 +1.6547e+000 +2.1362e+000
789 0 +2.057501175e+000 -1.444249882e+001 -1.444249882e+001 +1.7044e+000 +2.1456e+000
792 0 +1.988326153e+000 -1.451167385e+001 -1.451167385e+001 +1.7588e+000 +2.1559e+000
794 0 +1.939078102e+000 -1.456092190e+001 -1.456092190e+001 +1.8139e+000 +2.1662e+000
796 0 +1.313055100e+000 -1.518694490e+001 -1.518694490e+001 +2.0245e+000 +2.2059e+000
801 0 +5.565842109e-001 -1.594341579e+001 -1.594341579e+001 +2.4831e+000 +2.2923e+000
807 0 +5.036845045e-001 -1.599631550e+001 -1.599631550e+001 +2.9350e+000 +2.3775e+000
816 0 +4.443221828e-001 -1.605567782e+001 -1.605567782e+001 +3.0161e+000 +2.3927e+000
818 0 +3.948667712e-001 -1.610513323e+001 -1.610513323e+001 +2.7432e+000 +2.3413e+000
831 0 +3.182107637e-001 -1.618178924e+001 -1.618178924e+001 +2.8044e+000 +2.3528e+000
836 0 +2.445303371e-001 -1.625546966e+001 -1.625546966e+001 +2.8868e+000 +2.3682e+000
839 0 +1.560344658e-001 -1.634396553e+001 -1.634396553e+001 +2.9478e+000 +2.3796e+000
843 0 +9.517311414e-002 -1.640482689e+001 -1.640482689e+001 +2.8480e+000 +2.3607e+000
851 0 +2.876817052e-003 -1.649712318e+001 -1.649712318e+001 +3.0874e+000 +2.4055e+000
875 0 +1.741048399e-003 -1.649825895e+001 -1.649825895e+001 +3.1162e+000 +2.4109e+000
888 0 +9.969119354e-006 -1.649999003e+001 -1.649999003e+001 +3.0814e+000 +2.4043e+000
908 0 +2.913809858e-006 -1.649999709e+001 -1.649999709e+001 +3.0846e+000 +2.4049e+000
925 0 +1.540543689e-006 -1.649999846e+001 -1.649999846e+001 +3.0852e+000 +2.4050e+000
935 0 +3.384020850e-007 -1.649999966e+001 -1.649999966e+001 +3.0844e+000 +2.4049e+000
948 0 +1.351462231e-008 -1.649999999e+001 -1.649999999e+001 +3.0841e+000 +2.4048e+000
959 0 +1.107007819e-008 -1.649999999e+001 -1.649999999e+001 +3.0840e+000 +2.4048e+000
967 0 +4.966828726e-009 -1.650000000e+001 -1.650000000e+001 +3.0839e+000 +2.4048e+000
% f evaluations | g evaluations | best noise-free fitness - Fopt (1.000000000000e+003) + sum g_i+ | measured fitness | best measured fitness or single-digit g-values | x1 | x2...
1 0 +2.016300590e+006 +2.017300590e+006 +2.017300590e+006 +3.6602e-001 +4.0216e+000
2 0 +5.327565659e+004 +5.427565659e+004 +5.427565659e+004 -7.1943e-001 +2.6303e+000
7 0 +3.896419523e+003 +4.896419523e+003 +4.896419523e+003 -6.4861e-002 +1.8611e+000
10 0 +2.907296620e+003 +3.907296620e+003 +3.907296620e+003 -1.1740e-002 +1.9991e+000
18 0 +4.370736610e+001 +1.043707366e+003 +1.043707366e+003 +9.7484e-001 +2.5582e-001
64 0 +7.586745159e+000 +1.007586745e+003 +1.007586745e+003 +2.0489e-001 +1.5499e+000
66 0 +7.125631335e+000 +1.007125631e+003 +1.007125631e+003 +9.6061e-001 +2.9839e-001
76 0 +3.446150000e+000 +1.003446150e+003 +1.003446150e+003 +8.1257e-001 +5.3450e-001
78 0 +2.926318588e+000 +1.002926319e+003 +1.002926319e+003 +6.3063e-001 +8.4305e-001
82 0 +4.904869878e-001 +1.000490487e+003 +1.000490487e+003 +5.2385e-001 +1.0156e+000
94 0 +1.450080131e-001 +1.000145008e+003 +1.000145008e+003 +5.4061e-001 +9.8864e-001
103 0 +7.544847886e-002 +1.000075448e+003 +1.000075448e+003 +7.1316e-001 +7.0236e-001
111 0 +1.638299171e-002 +1.000016383e+003 +1.000016383e+003 +6.6676e-001 +7.7979e-001
124 0 +1.530514414e-002 +1.000015305e+003 +1.000015305e+003 +6.7536e-001 +7.6562e-001
163 0 +1.355635676e-002 +1.000013556e+003 +1.000013556e+003 +6.8100e-001 +7.5628e-001
175 0 +7.064627687e-005 +1.000000071e+003 +1.000000071e+003 +7.3559e-001 +6.6574e-001
183 0 +3.189399149e-005 +1.000000032e+003 +1.000000032e+003 +7.3544e-001 +6.6599e-001
188 0 +2.484242157e-005 +1.000000025e+003 +1.000000025e+003 +7.3444e-001 +6.6764e-001
221 0 +1.029192163e-007 +1.000000000e+003 +1.000000000e+003 +7.3508e-001 +6.6661e-001
241 0 +5.345407317e-008 +1.000000000e+003 +1.000000000e+003 +7.3533e-001 +6.6619e-001
253 0 +1.155024165e-008 +1.000000000e+003 +1.000000000e+003 +7.3515e-001 +6.6649e-001
264 0 +7.088374332e-010 +1.000000000e+003 +1.000000000e+003 +7.3519e-001 +6.6642e-001
% f evaluations | g evaluations | best noise-free fitness - Fopt (-1.000000000000e+003) + sum g_i+ | measured fitness | best measured fitness or single-digit g-values | x1 | x2...
1 0 +7.184236103e+004 +7.084236103e+004 +7.084236103e+004 -8.0938e-001 -2.9092e+000
7 0 +7.359432702e+001 -9.264056730e+002 -9.264056730e+002 -3.5146e-001 -4.1632e+000
25 0 +5.630407508e+001 -9.436959249e+002 -9.436959249e+002 -8.4080e-001 -3.3554e+000
45 0 +1.513811406e+000 -9.984861886e+002 -9.984861886e+002 -4.2559e-001 -4.0545e+000
49 0 +5.616862151e-001 -9.994383138e+002 -9.994383138e+002 -4.1942e-001 -4.0684e+000
53 0 +2.311652808e-001 -9.997688347e+002 -9.997688347e+002 -4.1560e-001 -4.0741e+000
66 0 +6.106100975e-003 -9.999938939e+002 -9.999938939e+002 -4.7993e-001 -3.9670e+000
81 0 +3.002068295e-003 -9.999969979e+002 -9.999969979e+002 -4.8315e-001 -3.9614e+000
89 0 +6.467655122e-004 -9.999993532e+002 -9.999993532e+002 -4.6445e-001 -3.9924e+000
101 0 +2.914779163e-004 -9.999997085e+002 -9.999997085e+002 -4.7298e-001 -3.9783e+000
102 0 +1.663428453e-004 -9.999998337e+002 -9.999998337e+002 -4.7032e-001 -3.9827e+000
118 0 +2.276839268e-006 -9.999999977e+002 -9.999999977e+002 -4.7610e-001 -3.9732e+000
149 0 +6.081990023e-007 -9.999999994e+002 -9.999999994e+002 -4.7639e-001 -3.9727e+000
153 0 +3.238142199e-008 -1.000000000e+003 -1.000000000e+003 -4.7683e-001 -3.9719e+000
164 0 +5.278479875e-009 -1.000000000e+003 -1.000000000e+003 -4.7682e-001 -3.9720e+000
% f evaluations | g evaluations | best noise-free fitness - Fopt (-1.527400000000e+002) + sum g_i+ | measured fitness | best measured fitness or single-digit g-values | x1 | x2...
1 0 +4.907051647e+007 +4.907036373e+007 +4.907036373e+007 -2.1101e+000 -4.4635e+000
4 0 +7.153963304e+006 +7.153810564e+006 +7.153810564e+006 -5.0000e+000 +5.0000e+000
6 0 +8.585121174e+004 +8.569847174e+004 +8.569847174e+004 +5.3518e-001 +5.0000e+000
7 0 +1.323589950e+004 +1.308315950e+004 +1.308315950e+004 -1.7975e+000 +3.6743e+000
8 0 +4.610251327e+003 +4.457511327e+003 +4.457511327e+003 -1.6293e+000 +3.8266e+000
13 0 +1.132287641e+003 +9.795476408e+002 +9.795476408e+002 -6.0584e-001 +4.6285e+000
35 0 +3.864317500e+002 +2.336917500e+002 +2.336917500e+002 -1.1295e-001 +4.8915e+000
51 0 +3.041702701e+002 +1.514302701e+002 +1.514302701e+002 -2.8601e-001 +4.7798e+000
53 0 +8.458647109e+001 -6.815352891e+001 -6.815352891e+001 -2.5503e-001 +4.8321e+000
70 0 +1.453972789e+001 -1.382002721e+002 -1.382002721e+002 -5.1168e-001 +4.6527e+000
91 0 +1.310754764e+001 -1.396324524e+002 -1.396324524e+002 -6.3935e-001 +4.5684e+000
127 0 +1.192455235e+001 -1.408154476e+002 -1.408154476e+002 -7.5306e-001 +4.4933e+000
133 0 +1.088924164e+001 -1.418507584e+002 -1.418507584e+002 -8.9202e-001 +4.4019e+000
138 0 +1.032468514e+001 -1.424153149e+002 -1.424153149e+002 -9.7249e-001 +4.3489e+000
145 0 +9.124360964e+000 -1.436156390e+002 -1.436156390e+002 -1.2011e+000 +4.1984e+000
147 0 +8.510014925e+000 -1.442299851e+002 -1.442299851e+002 -1.4124e+000 +4.0593e+000
155 0 +8.139890740e+000 -1.446001093e+002 -1.446001093e+002 -1.6916e+000 +3.8757e+000
157 0 +7.805394926e+000 -1.449346051e+002 -1.449346051e+002 -1.7849e+000 +3.8143e+000
162 0 +6.366395313e+000 -1.463736047e+002 -1.463736047e+002 -2.2374e+000 +3.5167e+000
184 0 +5.421805719e+000 -1.473181943e+002 -1.473181943e+002 -2.2146e+000 +3.5313e+000
196 0 +4.358839049e+000 -1.483811610e+002 -1.483811610e+002 -2.2361e+000 +3.5167e+000
197 0 +3.449837832e+000 -1.492901622e+002 -1.492901622e+002 -2.2546e+000 +3.5041e+000
199 0 +2.794577582e+000 -1.499454224e+002 -1.499454224e+002 -2.5195e+000 +3.3272e+000
200 0 +1.675067187e+000 -1.510649328e+002 -1.510649328e+002 -2.7378e+000 +3.1840e+000
202 0 +9.600819058e-001 -1.517799181e+002 -1.517799181e+002 -2.9976e+000 +3.0137e+000
207 0 +8.258433210e-001 -1.519141567e+002 -1.519141567e+002 -3.2903e+000 +2.8210e+000
208 0 +1.257201592e-001 -1.526142798e+002 -1.526142798e+002 -3.4477e+000 +2.7164e+000
212 0 +1.029306996e-001 -1.526370693e+002 -1.526370693e+002 -3.8940e+000 +2.4217e+000
214 0 +9.557195721e-004 -1.527390443e+002 -1.527390443e+002 -3.6882e+000 +2.5577e+000
225 0 +1.173777387e-004 -1.527398826e+002 -1.527398826e+002 -3.6995e+000 +2.5502e+000
257 0 +9.290189698e-005 -1.527399071e+002 -1.527399071e+002 -3.7077e+000 +2.5448e+000
270 0 +1.803025046e-005 -1.527399820e+002 -1.527399820e+002 -3.6983e+000 +2.5510e+000
279 0 +9.085322290e-007 -1.527399991e+002 -1.527399991e+002 -3.6996e+000 +2.5501e+000
288 0 +5.152153904e-007 -1.527399995e+002 -1.527399995e+002 -3.6998e+000 +2.5500e+000
291 0 +1.617135297e-007 -1.527399998e+002 -1.527399998e+002 -3.6995e+000 +2.5502e+000
294 0 +9.736439210e-008 -1.527399999e+002 -1.527399999e+002 -3.6992e+000 +2.5504e+000
301 0 +8.797798046e-009 -1.527400000e+002 -1.527400000e+002 -3.6992e+000 +2.5504e+000
