% f evaluations | g evaluations | best noise-free fitness - Fopt (-5.235000000000e+001) + sum g_i+ | measured fitness | best measured fitness or single-digit g-values | x1 | x2...
1 0 +5.054619961e+002 +4.531119961e+002 +4.531119961e+002 +2.2563e+000 +4.2063e+000 -7.7819e-001 +2.5181e+000 -4.9849e-001
2 0 +2.009671154e+002 +1.486171154e+002 +1.486171154e+002 -2.8177e+000 +3.8739e+000 +5.3679e-001 +2.4100e+000 +1.4011e+000
3 0 +1.265425506e+001 -3.969574494e+001 -3.969574494e+001 -6.8979e-001 +1.9059e+000 +4.1156e+000 -3.2634e-002 -2.0224e+000
11 0 +8.315082962e+000 -4.403491704e+001 -4.403491704e+001 -2.0340e+000 +4.7669e+000 +4.4106e+000 -4.0389e+000 -1.8738e+000
22 0 +6.721784818e+000 -4.562821518e+001 -4.562821518e+001 +2.4818e+000 -2.8934e+000 +3.2775e+000 -1.8485e+000 +8.4555e-001
53 0 +2.637240607e+000 -4.971275939e+001 -4.971275939e+001 -1.1535e+000 +1.4822e-001 +2.9073e+000 -9.1726e-001 -5.1748e-001
109 0 +6.764074200e-001 -5.167359258e+001 -5.167359258e+001 -5.6965e-001 -1.1082e+000 +1.9826e+000 -1.9230e+000 -2.2457e+000
337 0 +3.223256187e-001 -5.202767438e+001 -5.202767438e+001 -3.4261e-001 -1.2447e+000 +2.5957e+000 -2.2232e+000 -1.7448e+000
438 0 +1.189697670e-001 -5.223103023e+001 -5.223103023e+001 -9.0571e-001 -1.1268e+000 +2.5840e+000 -2.3867e+000 -1.5698e+000
466 0 +4.806134732e-002 -5.230193865e+001 -5.230193865e+001 -8.2099e-001 -1.1273e+000 +2.4565e+000 -2.2687e+000 -1.5609e+000
518 0 +1.349593762e-002 -5.233650406e+001 -5.233650406e+001 -8.3067e-001 -1.1893e+000 +2.4526e+000 -2.2300e+000 -1.3948e+000
722 0 +3.537377053e-003 -5.234646262e+001 -5.234646262e+001 -8.5691e-001 -1.2223e+000 +2.4806e+000 -2.3238e+000 -1.4866e+000
1040 0 +5.322473845e-004 -5.234946775e+001 -5.234946775e+001 -8.7081e-001 -1.2439e+000 +2.5438e+000 -2.3640e+000 -1.5282e+000
1087 0 +3.364697247e-004 -5.234966353e+001 -5.234966353e+001 -8.7833e-001 -1.2512e+000 +2.5461e+000 -2.3657e+000 -1.5299e+000
1295 0 +1.962641658e-004 -5.234980374e+001 -5.234980374e+001 -8.8538e-001 -1.2609e+000 +2.5650e+000 -2.3808e+000 -1.5364e+000
1318 0 +7.777221367e-005 -5.234992223e+001 -5.234992223e+001 -8.8237e-001 -1.2556e+000 +2.5550e+000 -2.3756e+000 -1.5267e+000
1455 0 +6.513491556e-005 -5.234993487e+001 -5.234993487e+001 -8.7437e-001 -1.2470e+000 +2.5423e+000 -2.3619e+000 -1.5231e+000
1489 0 +5.718370950e-005 -5.234994282e+001 -5.234994282e+001 -8.8173e-001 -1.2544e+000 +2.5511e+000 -2.3705e+000 -1.5233e+000
1584 0 +2.662034930e-005 -5.234997338e+001 -5.234997338e+001 -8.7284e-001 -1.2459e+000 +2.5417e+000 -2.3601e+000 -1.5220e+000
1656 0 +1.012613713e-005 -5.234998987e+001 -5.234998987e+001 -8.7015e-001 -1.2432e+000 +2.5385e+000 -2.3565e+000 -1.5224e+000
1670 0 +3.739456474e-006 -5.234999626e+001 -5.234999626e+001 -8.6761e-001 -1.2408e+000 +2.5356e+000 -2.3528e+000 -1.5228e+000
1906 0 +3.084076170e-006 -5.234999692e+001 -5.234999692e+001 -8.7358e-001 -1.2464e+000 +2.5421e+000 -2.3616e+000 -1.5237e+000
2011 0 +1.457651955e-006 -5.234999854e+001 -5.234999854e+001 -8.7287e-001 -1.2454e+000 +2.5404e+000 -2.3607e+000 -1.5233e+000
2128 0 +1.243186752e-006 -5.234999876e+001 -5.234999876e+001 -8.7194e-001 -1.2441e+000 +2.5382e+000 -2.3595e+000 -1.5222e+000
2210 0 +5.789468034e-007 -5.234999942e+001 -5.234999942e+001 -8.7357e-001 -1.2458e+000 +2.5403e+000 -2.3619e+000 -1.5233e+000
2230 0 +2.023289127e-007 -5.234999980e+001 -5.234999980e+001 -8.7123e-001 -1.2441e+000 +2.5393e+000 -2.3581e+000 -1.5229e+000
2247 0 +1.061157562e-007 -5.234999989e+001 -5.234999989e+001 -8.7277e-001 -1.2454e+000 +2.5406e+000 -2.3603e+000 -1.5231e+000
2411 0 +4.239279860e-008 -5.234999996e+001 -5.234999996e+001 -8.7162e-001 -1.2443e+000 +2.5391e+000 -2.3587e+000 -1.5226e+000
2550 0 +3.998697196e-008 -5.234999996e+001 -5.234999996e+001 -8.7163e-001 -1.2444e+000 +2.5395e+000 -2.3587e+000 -1.5230e+000
2609 0 +3.566086804e-008 -5.234999996e+001 -5.234999996e+001 -8.7155e-001 -1.2444e+000 +2.5395e+000 -2.3585e+000 -1.5231e+000
2641 0 +2.348154027e-008 -5.234999998e+001 -5.234999998e+001 -8.7232e-001 -1.2451e+000 +2.5402e+000 -2.3597e+000 -1.5234e+000
2658 0 +2.118324005e-008 -5.234999998e+001 -5.234999998e+001 -8.7227e-001 -1.2449e+000 +2.5398e+000 -2.3597e+000 -1.5231e+000
2730 0 +3.270287152e-009 -5.235000000e+001 -5.235000000e+001 -8.7210e-001 -1.2449e+000 +2.5401e+000 -2.3593e+000 -1.5232e+000
% f evaluations | g evaluations | best noise-free fitness - Fopt (-1.795400000000e+002) + sum g_i+ | measured fitness | best measured fitness or single-digit g-values | x1 | x2...
1 0 +5.005725838e+001 -1.294827416e+002 -1.294827416e+002 -4.2814e+000 -2.1994e+000 -2.1830e+000 +1.8305e+000 +3.8239e-001
3 0 +2.933154735e+000 -1.766068453e+002 -1.766068453e+002 +2.3044e+000 +1.2045e+000 -4.3974e+000 +2.8667e+000 +4.9933e+000
243 0 +1.031595953e+000 -1.785084040e+002 -1.785084040e+002 +1.4451e+000 +5.9238e-001 -2.9229e+000 +2.6897e+000 +3.0549e+000
266 0 +1.013992582e+000 -1.785260074e+002 -1.785260074e+002 +1.1828e+000 +5.4660e-001 -3.9269e+000 +3.1408e+000 +3.1044e+000
303 0 +9.989026233e-001 -1.785410974e+002 -1.785410974e+002 +1.2714e+000 +9.8533e-001 -4.3265e+000 +2.1371e+000 +3.6096e+000
317 0 +5.405354786e-001 -1.789994645e+002 -1.789994645e+002 +7.0760e-001 +9.3779e-001 -3.9741e+000 +1.8324e+000 +4.1148e+000
350 0 +4.588187817e-001 -1.790811812e+002 -1.790811812e+002 +8.4372e-001 -7.5432e-003 -3.3835e+000 +2.3067e+000 +4.1407e+000
356 0 +3.864060664e-001 -1.791535939e+002 -1.791535939e+002 +8.3636e-001 +6.4290e-002 -3.3245e+000 +2.2480e+000 +4.0375e+000
359 0 +3.434486763e-001 -1.791965513e+002 -1.791965513e+002 +8.5086e-001 +8.8064e-002 -3.3853e+000 +2.2395e+000 +4.0265e+000
414 0 +9.513407108e-002 -1.794448659e+002 -1.794448659e+002 +7.3948e-001 +5.0693e-001 -3.3243e+000 +2.4005e+000 +3.8776e+000
535 0 +2.179886264e-002 -1.795182011e+002 -1.795182011e+002 +8.5269e-001 +5.1989e-001 -3.4992e+000 +2.3309e+000 +3.8917e+000
695 0 +2.006281978e-002 -1.795199372e+002 -1.795199372e+002 +7.9895e-001 +4.5129e-001 -3.4513e+000 +2.4667e+000 +3.8696e+000
732 0 +1.270219473e-002 -1.795272978e+002 -1.795272978e+002 +6.7497e-001 +4.4721e-001 -3.4795e+000 +2.1899e+000 +3.8030e+000
735 0 +1.002427648e-002 -1.795299757e+002 -1.795299757e+002 +8.4465e-001 +5.5305e-001 -3.4652e+000 +2.3917e+000 +3.8859e+000
751 0 +6.106496445e-003 -1.795338935e+002 -1.795338935e+002 +6.9430e-001 +4.8728e-001 -3.4270e+000 +2.3888e+000 +3.8348e+000
875 0 +2.373443598e-003 -1.795376266e+002 -1.795376266e+002 +7.9174e-001 +4.7967e-001 -3.4406e+000 +2.3660e+000 +3.8216e+000
975 0 +1.686697215e-003 -1.795383133e+002 -1.795383133e+002 +7.8496e-001 +4.8880e-001 -3.4406e+000 +2.3660e+000 +3.8216e+000
997 0 +5.635474082e-004 -1.795394365e+002 -1.795394365e+002 +7.9911e-001 +5.2768e-001 -3.4438e+000 +2.4009e+000 +3.8521e+000
1032 0 +2.381173054e-004 -1.795397619e+002 -1.795397619e+002 +7.9620e-001 +5.0527e-001 -3.4475e+000 +2.3818e+000 +3.8405e+000
1340 0 +9.350256224e-005 -1.795399065e+002 -1.795399065e+002 +7.8713e-001 +5.0539e-001 -3.4492e+000 +2.3708e+000 +3.8401e+000
1379 0 +1.345458031e-005 -1.795399865e+002 -1.795399865e+002 +7.8625e-001 +5.1312e-001 -3.4487e+000 +2.3907e+000 +3.8493e+000
1621 0 +1.177834108e-005 -1.795399882e+002 -1.795399882e+002 +7.8643e-001 +5.1180e-001 -3.4489e+000 +2.3859e+000 +3.8474e+000
1639 0 +1.163881555e-005 -1.795399884e+002 -1.795399884e+002 +7.8933e-001 +5.0866e-001 -3.4485e+000 +2.3854e+000 +3.8450e+000
1865 0 +1.147664040e-005 -1.795399885e+002 -1.795399885e+002 +7.8820e-001 +5.1563e-001 -3.4482e+000 +2.3957e+000 +3.8511e+000
1915 0 +8.956961182e-006 -1.795399910e+002 -1.795399910e+002 +7.8654e-001 +5.1887e-001 -3.4486e+000 +2.3964e+000 +3.8534e+000
1982 0 +8.793284422e-006 -1.795399912e+002 -1.795399912e+002 +7.8712e-001 +5.1258e-001 -3.4482e+000 +2.3923e+000 +3.8488e+000
2000 0 +5.730772898e-006 -1.795399943e+002 -1.795399943e+002 +7.9316e-001 +5.0821e-001 -3.4486e+000 +2.3855e+000 +3.8441e+000
2020 0 +2.680757433e-006 -1.795399973e+002 -1.795399973e+002 +7.8932e-001 +5.0943e-001 -3.4488e+000 +2.3846e+000 +3.8454e+000
2110 0 +2.474789909e-006 -1.795399975e+002 -1.795399975e+002 +7.9024e-001 +5.1483e-001 -3.4485e+000 +2.3943e+000 +3.8501e+000
2123 0 +5.702808608e-007 -1.795399994e+002 -1.795399994e+002 +7.9222e-001 +5.1667e-001 -3.4482e+000 +2.3970e+000 +3.8512e+000
2482 0 +1.717610019e-007 -1.795399998e+002 -1.795399998e+002 +7.9307e-001 +5.1355e-001 -3.4481e+000 +2.3941e+000 +3.8487e+000
2677 0 +1.112969130e-007 -1.795399999e+002 -1.795399999e+002 +7.9333e-001 +5.1314e-001 -3.4482e+000 +2.3938e+000 +3.8484e+000
2778 0 +5.343611065e-008 -1.795399999e+002 -1.795399999e+002 +7.9350e-001 +5.1311e-001 -3.4480e+000 +2.3945e+000 +3.8484e+000
2937 0 +4.040018098e-008 -1.795400000e+002 -1.795400000e+002 +7.9359e-001 +5.1418e-001 -3.4480e+000 +2.3957e+000 +3.8492e+000
3047 0 +2.359058726e-008 -1.795400000e+002 -1.795400000e+002 +7.9375e-001 +5.1476e-001 -3.4479e+000 +2.3970e+000 +3.8497e+000
3083 0 +2.047909220e-008 -1.795400000e+002 -1.795400000e+002 +7.9370e-001 +5.1386e-001 -3.4480e+000 +2.3956e+000 +3.8490e+000
3142 0 +1.397117444e-008 -1.795400000e+002 -1.795400000e+002 +7.9324e-001 +5.1396e-001 -3.4480e+000 +2.3954e+000 +3.8491e+000
3175 0 +1.075002842e-008 -1.795400000e+002 -1.795400000e+002 +7.9344e-001 +5.1253e-001 -3.4481e+000 +2.3935e+000 +3.8479e+000
3336 0 +6.035293154e-009 -1.795400000e+002 -1.795400000e+002 +7.9340e-001 +5.1279e-001 -3.4481e+000 +2.3939e+000 +3.8482e+000
% f evaluations | g evaluations | best noise-free fitness - Fopt (7.731000000000e+001) + sum g_i+ | measured fitness | best measured fitness or single-digit g-values | x1 | x2...
1 0 +1.809590266e+001 +9.540590266e+001 +9.540590266e+001 -1.7605e+000 -5.2708e-001 +6.3437e-001 -3.2705e+000 +2.9970e+000
7 0 +1.412704791e+001 +9.143704791e+001 +9.143704791e+001 +5.0000e+000 -5.0000e+000 -5.0000e+000 -5.0000e+000 +5.0000e+000
21 0 +1.118498916e+001 +8.849498916e+001 +8.849498916e+001 +3.7957e-002 +1.6231e+000 -3.3792e-001 +2.6800e+000 +6.7683e-001
23 0 +3.589918708e+000 +8.089991871e+001 +8.089991871e+001 +1.1980e+000 +1.2787e+000 -1.9145e+000 -2.9901e-001 +2.0239e+000
83 0 +3.488789043e+000 +8.079878904e+001 +8.079878904e+001 +6.8713e-002 +6.9939e-001 -1.7375e+000 +3.6177e-001 -2.8245e-001
104 0 +1.102307431e+000 +7.841230743e+001 +7.841230743e+001 +1.1391e-001 -2.2780e-001 -2.2610e+000 -2.5552e+000 +1.0626e+000
177 0 +9.325810521e-001 +7.824258105e+001 +7.824258105e+001 +8.9796e-001 -1.0543e-001 -2.1396e+000 -8.8522e-001 +7.3455e-001
204 0 +8.119130343e-001 +7.812191303e+001 +7.812191303e+001 +1.4229e+000 -9.0388e-001 -2.4543e+000 -2.2625e+000 +1.4640e+000
207 0 +7.792640849e-001 +7.808926408e+001 +7.808926408e+001 +7.2829e-001 +1.1112e-001 -2.1134e+000 -1.2522e+000 +8.3806e-001
226 0 +4.766902944e-001 +7.778669029e+001 +7.778669029e+001 +5.8447e-001 -8.6541e-001 -1.9110e+000 -2.5648e+000 +9.5576e-001
246 0 +4.577666097e-001 +7.776776661e+001 +7.776776661e+001 +1.3141e+000 -8.2295e-001 -2.4346e+000 -2.0185e+000 +6.5930e-001
260 0 +1.942416326e-001 +7.750424163e+001 +7.750424163e+001 +1.0279e+000 -7.6497e-001 -2.2213e+000 -1.7787e+000 +1.1764e+000
280 0 +1.336455926e-001 +7.744364559e+001 +7.744364559e+001 +1.0009e+000 -5.7359e-001 -2.3643e+000 -1.7726e+000 +8.4762e-001
416 0 +8.824546142e-002 +7.739824546e+001 +7.739824546e+001 +8.6984e-001 -7.9589e-001 -2.3127e+000 -1.6798e+000 +9.7046e-001
478 0 +4.345831971e-003 +7.731434583e+001 +7.731434583e+001 +8.9234e-001 -6.5044e-001 -2.2013e+000 -1.8612e+000 +1.0077e+000
898 0 +3.230460302e-003 +7.731323046e+001 +7.731323046e+001 +8.9490e-001 -5.9859e-001 -2.2226e+000 -1.8741e+000 +1.0114e+000
915 0 +2.494764817e-003 +7.731249476e+001 +7.731249476e+001 +8.7501e-001 -6.1621e-001 -2.1929e+000 -1.8533e+000 +1.0234e+000
974 0 +9.459933078e-004 +7.731094599e+001 +7.731094599e+001 +8.9916e-001 -6.0652e-001 -2.1277e+000 -1.8788e+000 +1.0027e+000
1021 0 +5.208748590e-004 +7.731052087e+001 +7.731052087e+001 +9.0626e-001 -5.9539e-001 -2.1293e+000 -1.8856e+000 +9.9815e-001
1060 0 +2.799961881e-004 +7.731028000e+001 +7.731028000e+001 +9.0092e-001 -6.1224e-001 -2.1027e+000 -1.8824e+000 +9.9842e-001
1124 0 +1.604421437e-004 +7.731016044e+001 +7.731016044e+001 +8.8534e-001 -6.2425e-001 -2.1264e+000 -1.8808e+000 +1.0057e+000
1130 0 +7.510088055e-005 +7.731007510e+001 +7.731007510e+001 +8.8648e-001 -6.1891e-001 -2.1430e+000 -1.8773e+000 +1.0071e+000
1256 0 +9.682406883e-006 +7.731000968e+001 +7.731000968e+001 +8.9227e-001 -6.1501e-001 -2.1221e+000 -1.8850e+000 +1.0020e+000
1448 0 +9.204856738e-006 +7.731000920e+001 +7.731000920e+001 +8.9519e-001 -6.0502e-001 -2.1351e+000 -1.8865e+000 +1.0015e+000
1625 0 +5.198260737e-006 +7.731000520e+001 +7.731000520e+001 +8.9363e-001 -6.1177e-001 -2.1239e+000 -1.8861e+000 +1.0014e+000
1657 0 +2.438706247e-006 +7.731000244e+001 +7.731000244e+001 +8.9517e-001 -6.0465e-001 -2.1334e+000 -1.8874e+000 +1.0013e+000
1717 0 +1.642369298e-006 +7.731000164e+001 +7.731000164e+001 +8.9386e-001 -6.0979e-001 -2.1244e+000 -1.8876e+000 +1.0011e+000
1771 0 +3.902668908e-007 +7.731000039e+001 +7.731000039e+001 +8.9522e-001 -6.0657e-001 -2.1304e+000 -1.8867e+000 +1.0012e+000
2142 0 +2.570936033e-007 +7.731000026e+001 +7.731000026e+001 +8.9546e-001 -6.0777e-001 -2.1264e+000 -1.8872e+000 +1.0007e+000
2158 0 +8.569237764e-008 +7.731000009e+001 +7.731000009e+001 +8.9532e-001 -6.0763e-001 -2.1273e+000 -1.8871e+000 +1.0008e+000
2377 0 +7.020878456e-008 +7.731000007e+001 +7.731000007e+001 +8.9508e-001 -6.0708e-001 -2.1290e+000 -1.8870e+000 +1.0011e+000
2388 0 +5.825481253e-008 +7.731000006e+001 +7.731000006e+001 +8.9519e-001 -6.0846e-001 -2.1262e+000 -1.8869e+000 +1.0008e+000
2435 0 +4.661453090e-008 +7.731000005e+001 +7.731000005e+001 +8.9478e-001 -6.0859e-001 -2.1272e+000 -1.8867e+000 +1.0011e+000
2532 0 +3.358155709e-008 +7.731000003e+001 +7.731000003e+001 +8.9516e-001 -6.0799e-001 -2.1264e+000 -1.8873e+000 +1.0008e+000
2699 0 +1.190382193e-008 +7.731000001e+001 +7.731000001e+001 +8.9504e-001 -6.0754e-001 -2.1285e+000 -1.8869e+000 +1.0011e+000
2776 0 +6.368381378e-009 +7.731000001e+001 +7.731000001e+001 +8.9515e-001 -6.0786e-001 -2.1271e+000 -1.8871e+000 +1.0009e+000
% f evaluations | g evaluations | best noise-free fitness - Fopt (3.992000000000e+001) + sum g_i+ | measured fitness | best measured fitness or single-digit g-values | x1 | x2...
1 0 +1.537533981e+001 +5.529533981e+001 +5.529533981e+001 -4.4120e+000 +1.5093e-001 -7.6699e-001 -3.9720e+000 -1.9914e+000
15 0 +1.442512581e+001 +5.434512581e+001 +5.434512581e+001 -2.9459e+000 +2.3474e-001 -2.1374e+000 +3.8857e+000 +2.6103e+000
21 0 +1.393211207e+001 +5.385211207e+001 +5.385211207e+001 -4.7506e+000 +2.8435e+000 -2.9465e+000 -3.2310e+000 -1.2966e+000
22 0 +9.621521555e+000 +4.954152156e+001 +4.954152156e+001 -3.1629e+000 +1.4080e+000 +4.8689e-001 -2.9563e-001 -6.7362e-001
31 0 +6.753345085e+000 +4.667334509e+001 +4.667334509e+001 +4.0022e+000 -3.2415e+000 +3.3467e+000 +5.5467e-001 -1.8030e+000
81 0 +1.009571097e+000 +4.092957110e+001 +4.092957110e+001 +4.0022e+000 -3.5461e-001 +3.0136e+000 -1.9293e+000 -2.7450e+000
166 0 +9.070670698e-001 +4.082706707e+001 +4.082706707e+001 +2.9089e+000 -9.8274e-001 +2.4706e+000 -2.7226e+000 -1.8081e+000
212 0 +7.959210267e-001 +4.071592103e+001 +4.071592103e+001 +4.7516e+000 -7.4610e-001 +2.9889e+000 -2.4809e+000 -1.5924e+000
276 0 +1.186642785e-001 +4.003866428e+001 +4.003866428e+001 +3.9824e+000 -1.4196e+000 +2.3558e+000 -2.3761e+000 -1.7797e+000
541 0 +8.344919247e-002 +4.000344919e+001 +4.000344919e+001 +3.9880e+000 -1.0195e+000 +2.2792e+000 -2.3012e+000 -1.8500e+000
563 0 +7.911102130e-002 +3.999911102e+001 +3.999911102e+001 +3.8894e+000 -1.0707e+000 +2.3223e+000 -2.3347e+000 -1.9855e+000
593 0 +1.436519562e-002 +3.993436520e+001 +3.993436520e+001 +3.9785e+000 -1.0775e+000 +2.3253e+000 -2.2838e+000 -1.9880e+000
669 0 +6.883243899e-003 +3.992688324e+001 +3.992688324e+001 +3.8621e+000 -1.1091e+000 +2.4495e+000 -2.3190e+000 -2.1302e+000
723 0 +5.450260278e-003 +3.992545026e+001 +3.992545026e+001 +3.9300e+000 -1.0849e+000 +2.4037e+000 -2.3060e+000 -2.0621e+000
724 0 +5.193398957e-003 +3.992519340e+001 +3.992519340e+001 +3.9320e+000 -1.0849e+000 +2.4042e+000 -2.3008e+000 -2.0598e+000
867 0 +8.399205623e-004 +3.992083992e+001 +3.992083992e+001 +3.9661e+000 -1.0782e+000 +2.3418e+000 -2.2922e+000 -2.0343e+000
946 0 +4.531374562e-004 +3.992045314e+001 +3.992045314e+001 +3.9659e+000 -1.0698e+000 +2.3510e+000 -2.2908e+000 -2.0373e+000
1190 0 +3.044437725e-004 +3.992030444e+001 +3.992030444e+001 +3.9539e+000 -1.0662e+000 +2.3662e+000 -2.2848e+000 -2.0559e+000
1200 0 +2.492774127e-004 +3.992024928e+001 +3.992024928e+001 +3.9569e+000 -1.0674e+000 +2.3654e+000 -2.2874e+000 -2.0472e+000
1205 0 +1.819049959e-004 +3.992018190e+001 +3.992018190e+001 +3.9591e+000 -1.0679e+000 +2.3646e+000 -2.2891e+000 -2.0416e+000
1249 0 +1.623621188e-004 +3.992016236e+001 +3.992016236e+001 +3.9591e+000 -1.0655e+000 +2.3705e+000 -2.2818e+000 -2.0426e+000
1300 0 +1.298102098e-004 +3.992012981e+001 +3.992012981e+001 +3.9634e+000 -1.0709e+000 +2.3738e+000 -2.2942e+000 -2.0168e+000
1301 0 +9.352865897e-005 +3.992009353e+001 +3.992009353e+001 +3.9637e+000 -1.0700e+000 +2.3738e+000 -2.2940e+000 -2.0173e+000
1379 0 +5.399162823e-005 +3.992005399e+001 +3.992005399e+001 +3.9476e+000 -1.0701e+000 +2.3757e+000 -2.2822e+000 -2.0601e+000
1518 0 +2.916967529e-005 +3.992002917e+001 +3.992002917e+001 +3.9548e+000 -1.0683e+000 +2.3823e+000 -2.2921e+000 -2.0327e+000
1682 0 +2.340815617e-005 +3.992002341e+001 +3.992002341e+001 +3.9560e+000 -1.0719e+000 +2.3785e+000 -2.2920e+000 -2.0304e+000
1736 0 +1.915837495e-005 +3.992001916e+001 +3.992001916e+001 +3.9551e+000 -1.0683e+000 +2.3844e+000 -2.2927e+000 -2.0295e+000
1888 0 +1.646561337e-005 +3.992001647e+001 +3.992001647e+001 +3.9550e+000 -1.0674e+000 +2.3764e+000 -2.2872e+000 -2.0416e+000
1912 0 +4.009770926e-006 +3.992000401e+001 +3.992000401e+001 +3.9551e+000 -1.0699e+000 +2.3795e+000 -2.2909e+000 -2.0338e+000
1974 0 +3.657941875e-006 +3.992000366e+001 +3.992000366e+001 +3.9538e+000 -1.0700e+000 +2.3800e+000 -2.2899e+000 -2.0368e+000
1990 0 +1.717326313e-006 +3.992000172e+001 +3.992000172e+001 +3.9536e+000 -1.0699e+000 +2.3820e+000 -2.2907e+000 -2.0351e+000
2070 0 +1.495899795e-006 +3.992000150e+001 +3.992000150e+001 +3.9528e+000 -1.0692e+000 +2.3853e+000 -2.2912e+000 -2.0341e+000
2180 0 +1.091704071e-006 +3.992000109e+001 +3.992000109e+001 +3.9545e+000 -1.0702e+000 +2.3817e+000 -2.2920e+000 -2.0323e+000
2272 0 +9.488795882e-007 +3.992000095e+001 +3.992000095e+001 +3.9501e+000 -1.0693e+000 +2.3840e+000 -2.2883e+000 -2.0433e+000
2350 0 +4.383990344e-007 +3.992000044e+001 +3.992000044e+001 +3.9517e+000 -1.0695e+000 +2.3843e+000 -2.2901e+000 -2.0379e+000
2470 0 +3.916221587e-007 +3.992000039e+001 +3.992000039e+001 +3.9513e+000 -1.0696e+000 +2.3846e+000 -2.2899e+000 -2.0387e+000
2613 0 +2.722548444e-007 +3.992000027e+001 +3.992000027e+001 +3.9508e+000 -1.0694e+000 +2.3856e+000 -2.2899e+000 -2.0390e+000
2638 0 +1.801894740e-007 +3.992000018e+001 +3.992000018e+001 +3.9483e+000 -1.0692e+000 +2.3877e+000 -2.2884e+000 -2.0440e+000
2653 0 +1.338533977e-007 +3.992000013e+001 +3.992000013e+001 +3.9490e+000 -1.0695e+000 +2.3865e+000 -2.2887e+000 -2.0430e+000
2654 0 +8.936248719e-008 +3.992000009e+001 +3.992000009e+001 +3.9512e+000 -1.0695e+000 +2.3847e+000 -2.2898e+000 -2.0390e+000
2723 0 +8.249977412e-008 +3.992000008e+001 +3.992000008e+001 +3.9499e+000 -1.0694e+000 +2.3869e+000 -2.2897e+000 -2.0400e+000
2823 0 +7.726367812e-008 +3.992000008e+001 +3.992000008e+001 +3.9497e+000 -1.0694e+000 +2.3864e+000 -2.2892e+000 -2.0413e+000
2829 0 +1.659474691e-008 +3.992000002e+001 +3.992000002e+001 +3.9511e+000 -1.0697e+000 +2.3853e+000 -2.2902e+000 -2.0382e+000
2922 0 +8.410999897e-009 +3.992000001e+001 +3.992000001e+001 +3.9504e+000 -1.0696e+000 +2.3857e+000 -2.2897e+000 -2.0399e+000
% f evaluations | g evaluations | best noise-free fitness - Fopt (-5.661000000000e+001) + sum g_i+ | measured fitness | best measured fitness or single-digit g-values | x1 | x2...
1 0 +1.086006740e+002 +5.199067398e+001 +5.199067398e+001 +3.2832e+000 +3.3618e+000 -4.4280e+000 +3.2298e+000 -2.2699e+000
3 0 +6.165076750e+001 +5.040767498e+000 +5.040767498e+000 -6.7725e-001 +3.7523e+000 +1.0940e+000 -3.3477e+000 +4.3592e+000
4 0 +9.633902301e+000 -4.697609770e+001 -4.697609770e+001 +1.7632e+000 +3.9911e-001 -1.4063e-001 -3.9313e+000 -3.2064e+000
54 0 +8.730192324e+000 -4.787980768e+001 -4.787980768e+001 +1.0938e+000 -1.8891e+000 +1.6523e+000 -4.9131e+000 -2.9780e+000
104 0 +7.660597334e+000 -4.894940267e+001 -4.894940267e+001 +1.6292e+000 -1.5195e+000 +1.4032e+000 -4.9785e+000 -3.3890e+000
107 0 +6.163000908e+000 -5.044699909e+001 -5.044699909e+001 +2.2290e+000 +1.4853e+000 +3.4629e+000 -4.4139e+000 -1.3839e+000
120 0 +4.909187371e+000 -5.170081263e+001 -5.170081263e+001 +1.8049e+000 +4.9386e+000 +4.9806e+000 -5.0000e+000 -3.2571e+000
129 0 +3.822670388e+000 -5.278732961e+001 -5.278732961e+001 +1.5153e+000 +4.9896e+000 +2.4180e+000 -4.5934e+000 -3.3774e+000
166 0 +1.665512685e+000 -5.494448732e+001 -5.494448732e+001 +1.2249e+000 +2.5508e+000 +2.1499e+000 -4.3248e+000 -3.1556e+000
177 0 +1.407706460e+000 -5.520229354e+001 -5.520229354e+001 +2.3644e+000 +1.7000e+000 +2.3119e+000 -4.0091e+000 -3.0654e+000
216 0 +1.362273550e+000 -5.524772645e+001 -5.524772645e+001 +1.4686e+000 +3.2415e+000 +3.7686e+000 -4.5446e+000 -3.1556e+000
277 0 +1.301045341e+000 -5.530895466e+001 -5.530895466e+001 +2.3644e+000 +1.7208e+000 +3.8056e+000 -3.5057e+000 -3.5543e+000
339 0 +1.198389351e+000 -5.541161065e+001 -5.541161065e+001 +3.1630e+000 +3.3991e+000 +3.2684e+000 -3.7370e+000 -3.2499e+000
348 0 +4.752913805e-001 -5.613470862e+001 -5.613470862e+001 +2.0951e+000 +2.6476e+000 +3.9133e+000 -2.9844e+000 -3.2485e+000
390 0 +1.513010323e-001 -5.645869897e+001 -5.645869897e+001 +1.7580e+000 +3.1871e+000 +3.4587e+000 -3.2466e+000 -3.1149e+000
487 0 +1.024901035e-001 -5.650750990e+001 -5.650750990e+001 +2.0336e+000 +2.9751e+000 +3.1600e+000 -3.3086e+000 -2.9697e+000
494 0 +8.623461084e-002 -5.652376539e+001 -5.652376539e+001 +2.0258e+000 +2.9133e+000 +3.1576e+000 -3.3063e+000 -2.9421e+000
520 0 +3.625044304e-002 -5.657374956e+001 -5.657374956e+001 +1.8757e+000 +2.8594e+000 +3.1908e+000 -3.2709e+000 -3.0334e+000
662 0 +3.408255834e-002 -5.657591744e+001 -5.657591744e+001 +1.9973e+000 +2.8438e+000 +3.1990e+000 -3.2395e+000 -3.1297e+000
673 0 +1.163031869e-002 -5.659836968e+001 -5.659836968e+001 +1.9369e+000 +2.9117e+000 +3.1815e+000 -3.2225e+000 -3.1368e+000
787 0 +1.093071629e-002 -5.659906928e+001 -5.659906928e+001 +1.9644e+000 +2.9210e+000 +3.1771e+000 -3.2860e+000 -3.1063e+000
896 0 +9.408051840e-003 -5.660059195e+001 -5.660059195e+001 +2.0064e+000 +3.0029e+000 +3.1699e+000 -3.2681e+000 -3.2190e+000
940 0 +2.557418633e-003 -5.660744258e+001 -5.660744258e+001 +1.9376e+000 +2.9447e+000 +3.1666e+000 -3.2541e+000 -3.1161e+000
1019 0 +1.950726241e-003 -5.660804927e+001 -5.660804927e+001 +1.9596e+000 +2.9052e+000 +3.2041e+000 -3.2910e+000 -3.0630e+000
1148 0 +7.974540241e-004 -5.660920255e+001 -5.660920255e+001 +1.9340e+000 +2.9258e+000 +3.1766e+000 -3.2644e+000 -3.0832e+000
1241 0 +3.798052278e-004 -5.660962019e+001 -5.660962019e+001 +1.9858e+000 +2.9201e+000 +3.1777e+000 -3.3019e+000 -3.0871e+000
1279 0 +3.556538051e-004 -5.660964435e+001 -5.660964435e+001 +1.9453e+000 +2.9209e+000 +3.1937e+000 -3.2795e+000 -3.0765e+000
1283 0 +1.168157485e-004 -5.660988318e+001 -5.660988318e+001 +1.9425e+000 +2.9214e+000 +3.1993e+000 -3.2739e+000 -3.0817e+000
1451 0 +1.054065476e-004 -5.660989459e+001 -5.660989459e+001 +1.9587e+000 +2.9257e+000 +3.1942e+000 -3.2768e+000 -3.0972e+000
1547 0 +4.910495201e-005 -5.660995090e+001 -5.660995090e+001 +1.9499e+000 +2.9255e+000 +3.2015e+000 -3.2741e+000 -3.0927e+000
1571 0 +1.381793511e-005 -5.660998618e+001 -5.660998618e+001 +1.9452e+000 +2.9243e+000 +3.2016e+000 -3.2704e+000 -3.0911e+000
1945 0 +8.417490982e-006 -5.660999158e+001 -5.660999158e+001 +1.9523e+000 +2.9203e+000 +3.2081e+000 -3.2794e+000 -3.0863e+000
1961 0 +3.576287789e-006 -5.660999642e+001 -5.660999642e+001 +1.9575e+000 +2.9207e+000 +3.2050e+000 -3.2821e+000 -3.0880e+000
2189 0 +1.458143728e-006 -5.660999854e+001 -5.660999854e+001 +1.9490e+000 +2.9213e+000 +3.2078e+000 -3.2762e+000 -3.0873e+000
2303 0 +1.242237587e-006 -5.660999876e+001 -5.660999876e+001 +1.9529e+000 +2.9229e+000 +3.2030e+000 -3.2767e+000 -3.0909e+000
2378 0 +9.097644238e-007 -5.660999909e+001 -5.660999909e+001 +1.9493e+000 +2.9225e+000 +3.2059e+000 -3.2750e+000 -3.0896e+000
2565 0 +4.063845651e-007 -5.660999959e+001 -5.660999959e+001 +1.9544e+000 +2.9225e+000 +3.2031e+000 -3.2783e+000 -3.0902e+000
2733 0 +1.458610228e-007 -5.660999985e+001 -5.660999985e+001 +1.9532e+000 +2.9228e+000 +3.2030e+000 -3.2772e+000 -3.0907e+000
2888 0 +8.852481415e-008 -5.660999991e+001 -5.660999991e+001 +1.9522e+000 +2.9222e+000 +3.2043e+000 -3.2773e+000 -3.0893e+000
2913 0 +6.504585315e-008 -5.660999993e+001 -5.660999993e+001 +1.9515e+000 +2.9218e+000 +3.2054e+000 -3.2773e+000 -3.0885e+000
2954 0 +6.273557318e-008 -5.660999994e+001 -5.660999994e+001 +1.9512e+000 +2.9217e+000 +3.2058e+000 -3.2772e+000 -3.0882e+000
3000 0 +5.092786637e-008 -5.660999995e+001 -5.660999995e+001 +1.9519e+000 +2.9217e+000 +3.2054e+000 -3.2776e+000 -3.0885e+000
3013 0 +3.197338572e-008 -5.660999997e+001 -5.660999997e+001 +1.9526e+000 +2.9220e+000 +3.2048e+000 -3.2777e+000 -3.0891e+000
3079 0 +1.805508276e-008 -5.660999998e+001 -5.660999998e+001 +1.9506e+000 +2.9218e+000 +3.2061e+000 -3.2767e+000 -3.0883e+000
3389 0 +4.155722877e-009 -5.661000000e+001 -5.661000000e+001 +1.9497e+000 +2.9214e+000 +3.2069e+000 -3.2765e+000 -3.0876e+000
% f evaluations | g evaluations | best noise-free fitness - Fopt (3.270000000000e+001) + sum g_i+ | measured fitness | best measured fitness or single-digit g-values | x1 | x2...
1 0 +6.845320917e+001 +1.011532092e+002 +1.011532092e+002 -5.2469e-001 +1.5858e+000 -4.0843e+000 +1.2744e+000 -4.7493e+000
2 0 +1.568271489e+001 +4.838271489e+001 +4.838271489e+001 -3.7212e+000 +7.3522e-001 +1.4460e+000 +3.1466e+000 -2.8231e+000
6 0 +1.374184679e+001 +4.644184679e+001 +4.644184679e+001 +2.8141e-001 +3.8868e+000 +5.6052e-002 +3.3433e-001 -9.2713e-001
20 0 +9.633326596e+000 +4.233332660e+001 +4.233332660e+001 -2.8828e+000 +5.1688e-001 -3.4075e-001 +2.8963e+000 -1.2601e+000
23 0 +6.316669671e+000 +3.901666967e+001 +3.901666967e+001 -2.9204e+000 +6.5980e-001 -1.3346e+000 +1.4865e+000 -1.2674e+000
66 0 +1.031661806e+000 +3.373166181e+001 +3.373166181e+001 -2.7462e+000 -1.6353e+000 +1.0401e+000 +1.6022e+000 -4.0849e-001
166 0 +9.087358255e-001 +3.360873583e+001 +3.360873583e+001 -2.3487e+000 -7.4385e-001 +7.5750e-001 +8.5379e-001 +3.5458e-002
263 0 +3.079856864e-001 +3.300798569e+001 +3.300798569e+001 -1.7686e+000 -1.2224e+000 +3.3596e-001 +1.1996e+000 -8.5151e-002
346 0 +1.559659116e-001 +3.285596591e+001 +3.285596591e+001 -2.2322e+000 -1.5682e+000 +2.4724e-001 +1.3010e+000 -4.5056e-002
415 0 +1.500648139e-001 +3.285006481e+001 +3.285006481e+001 -2.1393e+000 -1.6206e+000 +2.8659e-001 +9.9607e-001 -8.8994e-002
455 0 +1.119314286e-001 +3.281193143e+001 +3.281193143e+001 -2.0879e+000 -1.7225e+000 +3.6123e-001 +8.5655e-001 -3.3008e-001
504 0 +7.140147157e-002 +3.277140147e+001 +3.277140147e+001 -1.9609e+000 -1.6415e+000 +4.3251e-001 +1.1594e+000 -1.0430e-001
525 0 +4.381005305e-002 +3.274381005e+001 +3.274381005e+001 -2.0206e+000 -1.6496e+000 +4.0540e-001 +1.1698e+000 -1.3512e-001
579 0 +4.147706448e-002 +3.274147706e+001 +3.274147706e+001 -2.0166e+000 -1.6368e+000 +4.9115e-001 +1.1459e+000 -5.6814e-002
586 0 +2.974934252e-002 +3.272974934e+001 +3.272974934e+001 -2.0039e+000 -1.6102e+000 +4.4698e-001 +1.1688e+000 -4.8853e-002
689 0 +2.265360350e-002 +3.272265360e+001 +3.272265360e+001 -2.0909e+000 -1.6099e+000 +2.9218e-001 +1.3177e+000 -2.0877e-001
730 0 +1.590499264e-002 +3.271590499e+001 +3.271590499e+001 -2.0319e+000 -1.5107e+000 +2.8149e-001 +1.3695e+000 -1.5251e-001
811 0 +1.182186057e-002 +3.271182186e+001 +3.271182186e+001 -2.1530e+000 -1.6109e+000 +2.6997e-001 +1.3546e+000 -2.3114e-001
839 0 +9.675982723e-003 +3.270967598e+001 +3.270967598e+001 -2.0691e+000 -1.5809e+000 +2.9504e-001 +1.3595e+000 -1.3067e-001
858 0 +8.801302456e-003 +3.270880130e+001 +3.270880130e+001 -2.0517e+000 -1.5690e+000 +2.9743e-001 +1.3602e+000 -1.1663e-001
882 0 +4.696102154e-003 +3.270469610e+001 +3.270469610e+001 -2.0665e+000 -1.5953e+000 +3.1127e-001 +1.2718e+000 -1.6568e-001
939 0 +3.614428880e-003 +3.270361443e+001 +3.270361443e+001 -2.0576e+000 -1.5773e+000 +2.9504e-001 +1.3302e+000 -1.3067e-001
962 0 +1.201024389e-003 +3.270120102e+001 +3.270120102e+001 -2.0781e+000 -1.5723e+000 +2.3015e-001 +1.3736e+000 -1.7031e-001
978 0 +6.155678336e-004 +3.270061557e+001 +3.270061557e+001 -2.0694e+000 -1.6002e+000 +2.5035e-001 +1.2976e+000 -1.6844e-001
1113 0 +1.170403095e-004 +3.270011704e+001 +3.270011704e+001 -2.0786e+000 -1.6030e+000 +2.5871e-001 +1.3002e+000 -1.7144e-001
1322 0 +1.074028687e-004 +3.270010740e+001 +3.270010740e+001 -2.0795e+000 -1.5956e+000 +2.6402e-001 +1.3090e+000 -1.7430e-001
1471 0 +5.735220833e-005 +3.270005735e+001 +3.270005735e+001 -2.0737e+000 -1.5947e+000 +2.7168e-001 +1.3100e+000 -1.5671e-001
1558 0 +2.611045407e-005 +3.270002611e+001 +3.270002611e+001 -2.0737e+000 -1.5936e+000 +2.6879e-001 +1.3124e+000 -1.5866e-001
1611 0 +1.199137215e-005 +3.270001199e+001 +3.270001199e+001 -2.0759e+000 -1.5908e+000 +2.7044e-001 +1.3175e+000 -1.6136e-001
1867 0 +6.373590928e-006 +3.270000637e+001 +3.270000637e+001 -2.0761e+000 -1.5997e+000 +2.7284e-001 +1.3005e+000 -1.6153e-001
1935 0 +4.813229012e-006 +3.270000481e+001 +3.270000481e+001 -2.0741e+000 -1.5947e+000 +2.7389e-001 +1.3093e+000 -1.5658e-001
1940 0 +2.595735218e-006 +3.270000260e+001 +3.270000260e+001 -2.0746e+000 -1.5954e+000 +2.7375e-001 +1.3081e+000 -1.5763e-001
2021 0 +2.176664161e-006 +3.270000218e+001 +3.270000218e+001 -2.0746e+000 -1.5959e+000 +2.7321e-001 +1.3074e+000 -1.5804e-001
2089 0 +1.314248152e-006 +3.270000131e+001 +3.270000131e+001 -2.0766e+000 -1.5991e+000 +2.7205e-001 +1.3015e+000 -1.6314e-001
2126 0 +6.847778522e-007 +3.270000068e+001 +3.270000068e+001 -2.0757e+000 -1.5995e+000 +2.7334e-001 +1.3006e+000 -1.6057e-001
2345 0 +5.074534641e-007 +3.270000051e+001 +3.270000051e+001 -2.0766e+000 -1.5996e+000 +2.7163e-001 +1.3008e+000 -1.6306e-001
2348 0 +3.935211836e-007 +3.270000039e+001 +3.270000039e+001 -2.0760e+000 -1.5987e+000 +2.7189e-001 +1.3025e+000 -1.6164e-001
2400 0 +1.112065604e-007 +3.270000011e+001 +3.270000011e+001 -2.0758e+000 -1.5994e+000 +2.7270e-001 +1.3010e+000 -1.6097e-001
2480 0 +9.313141902e-008 +3.270000009e+001 +3.270000009e+001 -2.0758e+000 -1.5996e+000 +2.7267e-001 +1.3006e+000 -1.6111e-001
2538 0 +4.134415832e-008 +3.270000004e+001 +3.270000004e+001 -2.0756e+000 -1.6001e+000 +2.7300e-001 +1.2995e+000 -1.6053e-001
2763 0 +3.400113258e-008 +3.270000003e+001 +3.270000003e+001 -2.0757e+000 -1.6002e+000 +2.7292e-001 +1.2994e+000 -1.6085e-001
2766 0 +3.363477674e-008 +3.270000003e+001 +3.270000003e+001 -2.0757e+000 -1.6002e+000 +2.7290e-001 +1.2993e+000 -1.6089e-001
2828 0 +2.953293432e-008 +3.270000003e+001 +3.270000003e+001 -2.0757e+000 -1.6003e+000 +2.7310e-001 +1.2991e+000 -1.6067e-001
2873 0 +2.762003959e-008 +3.270000003e+001 +3.270000003e+001 -2.0759e+000 -1.6006e+000 +2.7274e-001 +1.2987e+000 -1.6127e-001
2948 0 +2.713903058e-008 +3.270000003e+001 +3.270000003e+001 -2.0759e+000 -1.6008e+000 +2.7267e-001 +1.2984e+000 -1.6147e-001
2977 0 +1.951883633e-008 +3.270000002e+001 +3.270000002e+001 -2.0760e+000 -1.6009e+000 +2.7283e-001 +1.2982e+000 -1.6143e-001
3038 0 +1.865698351e-008 +3.270000002e+001 +3.270000002e+001 -2.0760e+000 -1.6011e+000 +2.7269e-001 +1.2978e+000 -1.6151e-001
3054 0 +1.297149765e-008 +3.270000001e+001 +3.270000001e+001 -2.0759e+000 -1.6007e+000 +2.7274e-001 +1.2984e+000 -1.6138e-001
3064 0 +1.232508851e-008 +3.270000001e+001 +3.270000001e+001 -2.0758e+000 -1.6010e+000 +2.7288e-001 +1.2980e+000 -1.6103e-001
3066 0 +9.194813799e-009 +3.270000001e+001 +3.270000001e+001 -2.0758e+000 -1.6009e+000 +2.7287e-001 +1.2980e+000 -1.6105e-001
% f evaluations | g evaluations | best noise-free fitness - Fopt (-3.943000000000e+001) + sum g_i+ | measured fitness | best measured fitness or single-digit g-values | x1 | x2...
1 0 +7.788693414e+001 +3.845693414e+001 +3.845693414e+001 +5.2997e-001 -3.5741e+000 +1.0794e+000 +4.7656e+000 +2.3631e+000
2 0 +7.027505168e+001 +3.084505168e+001 +3.084505168e+001 +3.8052e+000 -5.3462e-001 +1.6018e+000 -2.7238e+000 +1.3041e+000
4 0 +2.262750363e+001 -1.680249637e+001 -1.680249637e+001 +3.0036e+000 +1.3289e+000 +4.1537e+000 -1.7141e+000 -4.6089e+000
6 0 +1.297963399e+001 -2.645036601e+001 -2.645036601e+001 +6.9064e-001 +2.2951e+000 +3.4522e+000 +4.2157e+000 +1.4078e+000
22 0 +6.264430182e+000 -3.316556982e+001 -3.316556982e+001 +3.7465e+000 +4.2086e-001 +3.6241e+000 +1.5064e+000 -5.7470e-001
73 0 +3.219585566e+000 -3.621041443e+001 -3.621041443e+001 +4.7115e+000 +1.9043e+000 +3.2058e+000 +3.8456e-001 -3.0975e-001
94 0 +2.289285072e+000 -3.714071493e+001 -3.714071493e+001 +3.1508e+000 +2.2126e+000 +3.4549e+000 +1.6048e+000 -9.5406e-002
132 0 +2.103859980e+000 -3.732614002e+001 -3.732614002e+001 +3.6745e+000 +2.3216e+000 +4.5094e+000 +2.4959e+000 +1.4300e+000
155 0 +1.583893291e+000 -3.784610671e+001 -3.784610671e+001 +2.1687e+000 +3.1514e+000 +3.5473e+000 +1.6817e+000 +6.3568e-001
204 0 +1.141929391e+000 -3.828807061e+001 -3.828807061e+001 +3.4765e+000 +3.7089e+000 +3.4939e+000 +4.9135e-001 +1.1525e+000
214 0 +8.666501279e-001 -3.856334987e+001 -3.856334987e+001 +4.1066e+000 +3.5491e+000 +3.7293e+000 +1.4113e+000 +3.0169e-001
243 0 +6.797475234e-002 -3.936202525e+001 -3.936202525e+001 +3.6065e+000 +3.4144e+000 +2.9368e+000 +1.5122e+000 +8.0591e-001
285 0 +6.245380381e-002 -3.936754620e+001 -3.936754620e+001 +3.6617e+000 +3.2299e+000 +2.8779e+000 +1.4847e+000 +1.0489e+000
376 0 +3.902907021e-002 -3.939097093e+001 -3.939097093e+001 +3.6277e+000 +3.2194e+000 +2.7705e+000 +1.2915e+000 +1.2490e+000
399 0 +1.406338524e-002 -3.941593661e+001 -3.941593661e+001 +3.6710e+000 +3.2855e+000 +2.8056e+000 +1.4496e+000 +1.1486e+000
707 0 +1.219092415e-002 -3.941780908e+001 -3.941780908e+001 +3.7490e+000 +3.3665e+000 +2.9125e+000 +1.4026e+000 +1.1502e+000
737 0 +2.499116911e-003 -3.942750088e+001 -3.942750088e+001 +3.7284e+000 +3.3876e+000 +2.8898e+000 +1.4668e+000 +1.1000e+000
859 0 +1.509235450e-003 -3.942849076e+001 -3.942849076e+001 +3.7463e+000 +3.3936e+000 +2.9014e+000 +1.4739e+000 +1.0874e+000
953 0 +6.224189838e-004 -3.942937758e+001 -3.942937758e+001 +3.7540e+000 +3.3803e+000 +2.9123e+000 +1.4655e+000 +1.0874e+000
1134 0 +2.381424051e-004 -3.942976186e+001 -3.942976186e+001 +3.7544e+000 +3.3560e+000 +2.8971e+000 +1.4511e+000 +1.1164e+000
1184 0 +6.100261554e-005 -3.942993900e+001 -3.942993900e+001 +3.7547e+000 +3.3595e+000 +2.8993e+000 +1.4506e+000 +1.1147e+000
1217 0 +3.695098778e-005 -3.942996305e+001 -3.942996305e+001 +3.7610e+000 +3.3634e+000 +2.9056e+000 +1.4526e+000 +1.1102e+000
1371 0 +2.695493217e-005 -3.942997305e+001 -3.942997305e+001 +3.7623e+000 +3.3883e+000 +2.9213e+000 +1.4703e+000 +1.0778e+000
1526 0 +9.842401056e-006 -3.942999016e+001 -3.942999016e+001 +3.7610e+000 +3.3822e+000 +2.9152e+000 +1.4683e+000 +1.0863e+000
1836 0 +9.723014571e-006 -3.942999028e+001 -3.942999028e+001 +3.7592e+000 +3.3827e+000 +2.9170e+000 +1.4640e+000 +1.0852e+000
1870 0 +8.679887337e-006 -3.942999132e+001 -3.942999132e+001 +3.7637e+000 +3.3788e+000 +2.9169e+000 +1.4632e+000 +1.0896e+000
1923 0 +1.002132457e-006 -3.942999900e+001 -3.942999900e+001 +3.7659e+000 +3.3765e+000 +2.9177e+000 +1.4599e+000 +1.0927e+000
1998 0 +2.052597381e-007 -3.942999979e+001 -3.942999979e+001 +3.7666e+000 +3.3784e+000 +2.9194e+000 +1.4610e+000 +1.0903e+000
2265 0 +1.774034004e-007 -3.942999982e+001 -3.942999982e+001 +3.7655e+000 +3.3782e+000 +2.9183e+000 +1.4614e+000 +1.0906e+000
2278 0 +1.337966253e-007 -3.942999987e+001 -3.942999987e+001 +3.7653e+000 +3.3787e+000 +2.9184e+000 +1.4616e+000 +1.0901e+000
2366 0 +1.207361677e-007 -3.942999988e+001 -3.942999988e+001 +3.7663e+000 +3.3764e+000 +2.9178e+000 +1.4600e+000 +1.0930e+000
2505 0 +1.195591182e-007 -3.942999988e+001 -3.942999988e+001 +3.7660e+000 +3.3769e+000 +2.9179e+000 +1.4604e+000 +1.0923e+000
2510 0 +1.152444042e-007 -3.942999988e+001 -3.942999988e+001 +3.7660e+000 +3.3769e+000 +2.9178e+000 +1.4604e+000 +1.0923e+000
2543 0 +9.732325879e-008 -3.942999990e+001 -3.942999990e+001 +3.7656e+000 +3.3801e+000 +2.9197e+000 +1.4625e+000 +1.0881e+000
2626 0 +3.571353346e-008 -3.942999996e+001 -3.942999996e+001 +3.7657e+000 +3.3777e+000 +2.9181e+000 +1.4610e+000 +1.0913e+000
2722 0 +2.730260462e-008 -3.942999997e+001 -3.942999997e+001 +3.7655e+000 +3.3782e+000 +2.9183e+000 +1.4614e+000 +1.0906e+000
2819 0 +2.614689265e-008 -3.942999997e+001 -3.942999997e+001 +3.7655e+000 +3.3781e+000 +2.9182e+000 +1.4614e+000 +1.0907e+000
2838 0 +1.676825434e-008 -3.942999998e+001 -3.942999998e+001 +3.7655e+000 +3.3780e+000 +2.9181e+000 +1.4613e+000 +1.0909e+000
2857 0 +1.184619691e-008 -3.942999999e+001 -3.942999999e+001 +3.7655e+000 +3.3785e+000 +2.9184e+000 +1.4617e+000 +1.0902e+000
2866 0 +7.826692183e-009 -3.942999999e+001 -3.942999999e+001 +3.7654e+000 +3.3787e+000 +2.9184e+000 +1.4618e+000 +1.0901e+000
% f evaluations | g evaluations | best noise-free fitness - Fopt (4.197200000000e+002) + sum g_i+ | measured fitness | best measured fitness or single-digit g-values | x1 | x2...
1 0 +3.919610071e+002 +8.116810071e+002 +8.116810071e+002 +3.5611e+000 -3.7496e+000 -3.5933e+000 +1.0037e-001 -4.2377e+000
2 0 +1.765396593e+002 +5.962596593e+002 +5.962596593e+002 -1.4438e+000 -2.9147e+000 +2.4333e+000 +1.3302e+000 -2.9573e+000
3 0 +8.035762126e+001 +5.000776213e+002 +5.000776213e+002 +8.7904e-001 +7.6759e-002 -4.0630e-001 +2.5477e+000 -1.8450e+000
4 0 +4.131555490e+001 +4.610355549e+002 +4.610355549e+002 -7.5633e-001 -9.2113e-001 +3.9371e-001 +3.0681e+000 -8.2940e-001
8 0 +3.605520880e+001 +4.557752088e+002 +4.557752088e+002 -1.3420e+000 +2.5707e+000 -4.0664e+000 +4.5127e+000 -2.3581e+000
9 0 +2.257619629e+001 +4.422961963e+002 +4.422961963e+002 -4.3117e+000 +4.9457e+000 +3.4682e+000 +2.6965e+000 +1.4654e+000
10 0 +2.766125677e+000 +4.224861257e+002 +4.224861257e+002 -1.8573e+000 +1.5041e+000 -1.8857e+000 +2.8489e+000 +1.8338e+000
70 0 +2.307102819e+000 +4.220271028e+002 +4.220271028e+002 -1.1894e+000 +3.5961e+000 -2.5086e-001 +2.9059e+000 +2.3020e+000
110 0 +1.923439228e+000 +4.216434392e+002 +4.216434392e+002 -2.0180e+000 +1.3526e+000 -2.0969e+000 +3.3057e+000 +2.8436e+000
138 0 +9.217210375e-001 +4.206417210e+002 +4.206417210e+002 -5.3836e-001 +1.8005e+000 -1.6882e+000 +3.7672e+000 +3.7676e+000
210 0 +8.634865503e-001 +4.205834866e+002 +4.205834866e+002 -7.0451e-001 +2.0821e+000 -5.8630e-001 +3.6705e+000 +3.6035e+000
214 0 +6.510685861e-001 +4.203710686e+002 +4.203710686e+002 -1.3751e+000 +2.6772e+000 -5.9082e-001 +3.6116e+000 +3.6228e+000
270 0 +3.111690257e-001 +4.200311690e+002 +4.200311690e+002 -7.8679e-001 +2.7387e+000 -1.3206e+000 +3.2625e+000 +2.8179e+000
302 0 +1.001103377e-001 +4.198201103e+002 +4.198201103e+002 -1.0059e+000 +2.8353e+000 -1.4485e+000 +3.7420e+000 +3.1392e+000
409 0 +7.582244006e-002 +4.197958224e+002 +4.197958224e+002 -1.2061e+000 +2.7463e+000 -1.3461e+000 +3.6143e+000 +3.1118e+000
508 0 +7.088757220e-002 +4.197908876e+002 +4.197908876e+002 -1.2792e+000 +2.9457e+000 -1.4023e+000 +3.5226e+000 +3.1386e+000
509 0 +2.688182204e-002 +4.197468818e+002 +4.197468818e+002 -1.1635e+000 +2.8126e+000 -1.3461e+000 +3.4885e+000 +3.1429e+000
696 0 +1.479846958e-002 +4.197347985e+002 +4.197347985e+002 -1.1981e+000 +2.7497e+000 -1.2852e+000 +3.5731e+000 +3.2075e+000
859 0 +1.030417109e-002 +4.197303042e+002 +4.197303042e+002 -1.1751e+000 +2.7364e+000 -1.3461e+000 +3.4595e+000 +3.1467e+000
890 0 +4.844234131e-003 +4.197248442e+002 +4.197248442e+002 -1.2229e+000 +2.7940e+000 -1.2954e+000 +3.4567e+000 +3.1793e+000
925 0 +4.574524979e-003 +4.197245745e+002 +4.197245745e+002 -1.1854e+000 +2.7775e+000 -1.3054e+000 +3.5508e+000 +3.1721e+000
937 0 +2.207166306e-003 +4.197222072e+002 +4.197222072e+002 -1.1947e+000 +2.7798e+000 -1.3129e+000 +3.5532e+000 +3.2070e+000
967 0 +9.423581715e-004 +4.197209424e+002 +4.197209424e+002 -1.1709e+000 +2.7578e+000 -1.3059e+000 +3.5593e+000 +3.1752e+000
1001 0 +4.070520859e-004 +4.197204071e+002 +4.197204071e+002 -1.1707e+000 +2.7512e+000 -1.3121e+000 +3.5867e+000 +3.2041e+000
1234 0 +2.677162554e-004 +4.197202677e+002 +4.197202677e+002 -1.1730e+000 +2.7778e+000 -1.3055e+000 +3.5564e+000 +3.1591e+000
1277 0 +5.313696926e-005 +4.197200531e+002 +4.197200531e+002 -1.1621e+000 +2.7601e+000 -1.3098e+000 +3.6061e+000 +3.1911e+000
1455 0 +4.571521174e-005 +4.197200457e+002 +4.197200457e+002 -1.1638e+000 +2.7602e+000 -1.3121e+000 +3.6075e+000 +3.1977e+000
1516 0 +3.716173467e-005 +4.197200372e+002 +4.197200372e+002 -1.1677e+000 +2.7656e+000 -1.3099e+000 +3.5799e+000 +3.1783e+000
1650 0 +2.716673856e-005 +4.197200272e+002 +4.197200272e+002 -1.1662e+000 +2.7631e+000 -1.3105e+000 +3.6009e+000 +3.1947e+000
1727 0 +5.960882106e-006 +4.197200060e+002 +4.197200060e+002 -1.1617e+000 +2.7559e+000 -1.3115e+000 +3.5999e+000 +3.1892e+000
1734 0 +3.877512825e-006 +4.197200039e+002 +4.197200039e+002 -1.1617e+000 +2.7559e+000 -1.3115e+000 +3.6012e+000 +3.1902e+000
1983 0 +3.407868860e-006 +4.197200034e+002 +4.197200034e+002 -1.1652e+000 +2.7610e+000 -1.3111e+000 +3.6048e+000 +3.1977e+000
2052 0 +1.970189828e-006 +4.197200020e+002 +4.197200020e+002 -1.1650e+000 +2.7598e+000 -1.3113e+000 +3.6036e+000 +3.1973e+000
2061 0 +1.935860951e-006 +4.197200019e+002 +4.197200019e+002 -1.1653e+000 +2.7593e+000 -1.3114e+000 +3.6049e+000 +3.1996e+000
2143 0 +5.761030479e-007 +4.197200006e+002 +4.197200006e+002 -1.1642e+000 +2.7592e+000 -1.3113e+000 +3.6042e+000 +3.1962e+000
2147 0 +4.011546935e-007 +4.197200004e+002 +4.197200004e+002 -1.1643e+000 +2.7593e+000 -1.3113e+000 +3.6046e+000 +3.1969e+000
2314 0 +1.634514319e-007 +4.197200002e+002 +4.197200002e+002 -1.1652e+000 +2.7602e+000 -1.3112e+000 +3.6055e+000 +3.1991e+000
2343 0 +3.013036576e-008 +4.197200000e+002 +4.197200000e+002 -1.1643e+000 +2.7595e+000 -1.3112e+000 +3.6044e+000 +3.1965e+000
2642 0 +1.897001312e-008 +4.197200000e+002 +4.197200000e+002 -1.1646e+000 +2.7598e+000 -1.3112e+000 +3.6046e+000 +3.1971e+000
2775 0 +9.999894246e-009 +4.197200000e+002 +4.197200000e+002 -1.1646e+000 +2.7597e+000 -1.3112e+000 +3.6052e+000 +3.1977e+000
% f evaluations | g evaluations | best noise-free fitness - Fopt (7.640000000000e+000) + sum g_i+ | measured fitness | best measured fitness or single-digit g-values | x1 | x2...
1 0 +8.062256462e+001 +8.826256462e+001 +8.826256462e+001 +2.1387e+000 -4.1264e-001 -4.2729e+000 -3.0393e+000 -4.0962e+000
3 0 +2.823475452e+001 +3.587475452e+001 +3.587475452e+001 +8.4369e-001 +6.0062e-001 -9.7207e-001 +4.2181e+000 -3.1422e-002
14 0 +2.526796473e+001 +3.290796473e+001 +3.290796473e+001 -3.6594e+000 +1.7079e+000 +3.9477e+000 +4.2265e+000 +3.6130e+000
22 0 +2.103376046e+001 +2.867376046e+001 +2.867376046e+001 +8.2988e-001 -1.1456e+000 +3.2856e-001 +1.6552e+000 +1.5220e+000
28 0 +4.799187888e+000 +1.243918789e+001 +1.243918789e+001 +1.5374e-001 +7.4907e-001 +4.1098e+000 +2.6495e+000 +3.9278e+000
78 0 +4.582553450e+000 +1.222255345e+001 +1.222255345e+001 +3.5084e-001 +3.1802e-001 +4.1098e+000 +3.3161e+000 +4.8046e+000
86 0 +3.140465175e+000 +1.078046517e+001 +1.078046517e+001 +2.7073e+000 +2.7213e+000 +2.6765e+000 +1.7848e+000 +3.8207e+000
159 0 +1.833005255e+000 +9.473005255e+000 +9.473005255e+000 +2.8847e+000 +1.2780e+000 +3.5784e+000 +4.0759e+000 +3.8238e+000
209 0 +8.680580703e-001 +8.508058070e+000 +8.508058070e+000 +2.8847e+000 +2.2888e+000 +3.4592e+000 +3.8902e+000 +2.4398e+000
283 0 +7.929020720e-001 +8.432902072e+000 +8.432902072e+000 +3.5362e+000 +2.2959e+000 +3.5039e+000 +3.5102e+000 +3.2039e+000
323 0 +6.783365600e-001 +8.318336560e+000 +8.318336560e+000 +3.1164e+000 +1.8457e+000 +2.6999e+000 +3.4791e+000 +2.8394e+000
333 0 +4.196320817e-001 +8.059632082e+000 +8.059632082e+000 +3.9272e+000 +2.3883e+000 +2.6049e+000 +3.6530e+000 +2.4779e+000
410 0 +7.273312270e-002 +7.712733123e+000 +7.712733123e+000 +3.6925e+000 +2.7176e+000 +2.5504e+000 +3.7891e+000 +2.9944e+000
411 0 +5.416908076e-002 +7.694169081e+000 +7.694169081e+000 +3.6419e+000 +2.6798e+000 +2.5857e+000 +3.7937e+000 +3.0541e+000
611 0 +1.344014251e-002 +7.653440143e+000 +7.653440143e+000 +3.6348e+000 +2.6503e+000 +2.7273e+000 +3.8167e+000 +2.8965e+000
753 0 +9.928354331e-003 +7.649928354e+000 +7.649928354e+000 +3.4558e+000 +2.7102e+000 +2.6915e+000 +3.8999e+000 +2.8245e+000
802 0 +5.617954370e-003 +7.645617954e+000 +7.645617954e+000 +3.5178e+000 +2.6742e+000 +2.6937e+000 +3.8894e+000 +2.8490e+000
951 0 +1.683552793e-003 +7.641683553e+000 +7.641683553e+000 +3.5394e+000 +2.6466e+000 +2.7539e+000 +3.9100e+000 +2.8347e+000
1012 0 +4.314115438e-004 +7.640431412e+000 +7.640431412e+000 +3.5277e+000 +2.6395e+000 +2.7595e+000 +3.9141e+000 +2.8157e+000
1266 0 +3.875919185e-004 +7.640387592e+000 +7.640387592e+000 +3.5202e+000 +2.6075e+000 +2.7932e+000 +3.9250e+000 +2.7764e+000
1311 0 +9.994706741e-005 +7.640099947e+000 +7.640099947e+000 +3.5277e+000 +2.6272e+000 +2.7610e+000 +3.9121e+000 +2.8080e+000
1344 0 +7.269901109e-005 +7.640072699e+000 +7.640072699e+000 +3.5217e+000 +2.6100e+000 +2.7798e+000 +3.9200e+000 +2.7853e+000
1373 0 +2.741273700e-005 +7.640027413e+000 +7.640027413e+000 +3.5290e+000 +2.6272e+000 +2.7621e+000 +3.9117e+000 +2.8087e+000
1594 0 +1.435816291e-005 +7.640014358e+000 +7.640014358e+000 +3.5202e+000 +2.6192e+000 +2.7743e+000 +3.9203e+000 +2.7921e+000
1701 0 +6.631256952e-006 +7.640006631e+000 +7.640006631e+000 +3.5177e+000 +2.6321e+000 +2.7704e+000 +3.9202e+000 +2.7994e+000
1781 0 +4.742305029e-006 +7.640004742e+000 +7.640004742e+000 +3.5230e+000 +2.6283e+000 +2.7651e+000 +3.9161e+000 +2.8036e+000
1890 0 +4.516127714e-006 +7.640004516e+000 +7.640004516e+000 +3.5255e+000 +2.6259e+000 +2.7648e+000 +3.9151e+000 +2.8042e+000
1921 0 +1.579706280e-006 +7.640001580e+000 +7.640001580e+000 +3.5214e+000 +2.6291e+000 +2.7673e+000 +3.9176e+000 +2.8019e+000
1926 0 +8.907454996e-007 +7.640000891e+000 +7.640000891e+000 +3.5218e+000 +2.6329e+000 +2.7651e+000 +3.9169e+000 +2.8054e+000
2065 0 +4.923221288e-007 +7.640000492e+000 +7.640000492e+000 +3.5220e+000 +2.6298e+000 +2.7667e+000 +3.9173e+000 +2.8029e+000
2230 0 +1.446308948e-007 +7.640000145e+000 +7.640000145e+000 +3.5220e+000 +2.6288e+000 +2.7663e+000 +3.9172e+000 +2.8026e+000
2347 0 +3.492252265e-008 +7.640000035e+000 +7.640000035e+000 +3.5219e+000 +2.6295e+000 +2.7661e+000 +3.9172e+000 +2.8030e+000
2634 0 +1.226929314e-008 +7.640000012e+000 +7.640000012e+000 +3.5225e+000 +2.6293e+000 +2.7651e+000 +3.9166e+000 +2.8038e+000
2894 0 +4.419277388e-009 +7.640000004e+000 +7.640000004e+000 +3.5223e+000 +2.6288e+000 +2.7658e+000 +3.9169e+000 +2.8031e+000
% f evaluations | g evaluations | best noise-free fitness - Fopt (-1.276800000000e+002) + sum g_i+ | measured fitness | best measured fitness or single-digit g-values | x1 | x2...
1 0 +1.515511666e+002 +2.387116662e+001 +2.387116662e+001 -4.8494e+000 +3.9700e+000 +2.8133e-001 +2.8836e+000 +2.2368e+000
2 0 +3.906033561e+001 -8.861966439e+001 -8.861966439e+001 -4.0993e+000 +3.5482e+000 -7.7699e-001 +7.5301e-002 +5.3759e-002
8 0 +1.068173471e+001 -1.169982653e+002 -1.169982653e+002 -8.8783e-001 +1.6687e+000 +1.7240e+000 -9.5210e-001 -4.8386e+000
16 0 +8.093342684e+000 -1.195866573e+002 -1.195866573e+002 +1.6577e+000 +2.0983e+000 -3.7531e+000 -2.0738e+000 -2.7633e+000
21 0 +5.558964150e+000 -1.221210358e+002 -1.221210358e+002 +2.8020e+000 +3.2095e+000 -1.2524e+000 -3.6863e-002 -1.1460e+000
42 0 +1.679566938e+000 -1.260004331e+002 -1.260004331e+002 +8.5543e-001 +4.7570e+000 +2.0236e+000 -2.4515e-001 -2.8234e+000
328 0 +1.360050943e+000 -1.263199491e+002 -1.263199491e+002 +2.8621e+000 +4.1695e+000 +1.4380e+000 +4.7028e-001 -3.1767e+000
332 0 +1.069812365e+000 -1.266101876e+002 -1.266101876e+002 +1.9200e+000 +3.9553e+000 +1.7282e+000 -1.3217e-001 -2.7161e+000
349 0 +8.798648558e-001 -1.268001351e+002 -1.268001351e+002 +2.2334e+000 +3.5243e+000 +1.6602e+000 +1.9039e-001 -3.2139e+000
368 0 +5.987452474e-001 -1.270812548e+002 -1.270812548e+002 +1.7862e+000 +4.3748e+000 +3.1349e+000 +4.6058e-001 -2.8909e+000
372 0 +3.466312537e-001 -1.273333687e+002 -1.273333687e+002 +2.0037e+000 +3.6388e+000 +2.2573e+000 +4.4527e-001 -2.5642e+000
407 0 +1.825093400e-001 -1.274974907e+002 -1.274974907e+002 +2.2164e+000 +3.6507e+000 +2.6972e+000 +6.5141e-001 -2.8044e+000
439 0 +1.213679788e-001 -1.275586320e+002 -1.275586320e+002 +2.2772e+000 +3.5936e+000 +2.6719e+000 +4.2457e-001 -2.6707e+000
461 0 +1.167029547e-001 -1.275632970e+002 -1.275632970e+002 +2.1553e+000 +3.7527e+000 +2.5530e+000 +5.6211e-001 -2.3585e+000
540 0 +3.969534209e-002 -1.276403047e+002 -1.276403047e+002 +2.2311e+000 +3.8506e+000 +2.5381e+000 +6.0879e-001 -2.7644e+000
626 0 +2.893822525e-002 -1.276510618e+002 -1.276510618e+002 +2.1866e+000 +3.7353e+000 +2.4812e+000 +6.1994e-001 -2.5782e+000
652 0 +2.298094990e-002 -1.276570191e+002 -1.276570191e+002 +2.2353e+000 +3.7446e+000 +2.4949e+000 +5.4174e-001 -2.7610e+000
712 0 +1.979462975e-002 -1.276602054e+002 -1.276602054e+002 +2.1865e+000 +3.5706e+000 +2.4781e+000 +6.5727e-001 -2.7860e+000
729 0 +1.388394481e-002 -1.276661161e+002 -1.276661161e+002 +2.3925e+000 +3.8398e+000 +2.5253e+000 +3.9743e-001 -2.8656e+000
815 0 +1.552016484e-003 -1.276784480e+002 -1.276784480e+002 +2.2597e+000 +3.7828e+000 +2.5128e+000 +5.4544e-001 -2.8042e+000
864 0 +1.338141784e-003 -1.276786619e+002 -1.276786619e+002 +2.2534e+000 +3.7562e+000 +2.5004e+000 +5.6942e-001 -2.8049e+000
960 0 +5.424843724e-004 -1.276794575e+002 -1.276794575e+002 +2.2606e+000 +3.8133e+000 +2.5191e+000 +5.3274e-001 -2.7961e+000
1143 0 +4.240438696e-004 -1.276795760e+002 -1.276795760e+002 +2.2614e+000 +3.8004e+000 +2.5138e+000 +5.3972e-001 -2.7927e+000
1204 0 +1.254327785e-004 -1.276798746e+002 -1.276798746e+002 +2.2588e+000 +3.7988e+000 +2.5141e+000 +5.4166e-001 -2.8059e+000
1393 0 +6.379447720e-005 -1.276799362e+002 -1.276799362e+002 +2.2564e+000 +3.7856e+000 +2.5132e+000 +5.4477e-001 -2.8053e+000
1465 0 +6.188438684e-005 -1.276799381e+002 -1.276799381e+002 +2.2633e+000 +3.7899e+000 +2.5155e+000 +5.3485e-001 -2.8047e+000
1642 0 +5.876718591e-005 -1.276799412e+002 -1.276799412e+002 +2.2588e+000 +3.7875e+000 +2.5121e+000 +5.4424e-001 -2.8033e+000
1729 0 +5.190183995e-005 -1.276799481e+002 -1.276799481e+002 +2.2649e+000 +3.7967e+000 +2.5169e+000 +5.3169e-001 -2.8106e+000
1769 0 +6.023233738e-006 -1.276799940e+002 -1.276799940e+002 +2.2623e+000 +3.7970e+000 +2.5156e+000 +5.3582e-001 -2.8049e+000
1840 0 +3.760175403e-006 -1.276799962e+002 -1.276799962e+002 +2.2622e+000 +3.7994e+000 +2.5159e+000 +5.3536e-001 -2.8053e+000
2032 0 +1.220622806e-006 -1.276799988e+002 -1.276799988e+002 +2.2604e+000 +3.7925e+000 +2.5146e+000 +5.3905e-001 -2.8069e+000
2040 0 +9.904814533e-007 -1.276799990e+002 -1.276799990e+002 +2.2625e+000 +3.7983e+000 +2.5162e+000 +5.3479e-001 -2.8080e+000
2211 0 +8.143907024e-007 -1.276799992e+002 -1.276799992e+002 +2.2617e+000 +3.7980e+000 +2.5156e+000 +5.3631e-001 -2.8066e+000
2320 0 +3.080382243e-007 -1.276799997e+002 -1.276799997e+002 +2.2609e+000 +3.7960e+000 +2.5151e+000 +5.3782e-001 -2.8067e+000
2504 0 +2.750437886e-007 -1.276799997e+002 -1.276799997e+002 +2.2629e+000 +3.7993e+000 +2.5164e+000 +5.3420e-001 -2.8081e+000
2553 0 +2.340685938e-007 -1.276799998e+002 -1.276799998e+002 +2.2626e+000 +3.7987e+000 +2.5161e+000 +5.3482e-001 -2.8073e+000
2575 0 +8.057781997e-008 -1.276799999e+002 -1.276799999e+002 +2.2619e+000 +3.7968e+000 +2.5156e+000 +5.3618e-001 -2.8071e+000
2622 0 +2.083017137e-008 -1.276800000e+002 -1.276800000e+002 +2.2625e+000 +3.7980e+000 +2.5161e+000 +5.3495e-001 -2.8081e+000
2743 0 +1.398677796e-008 -1.276800000e+002 -1.276800000e+002 +2.2622e+000 +3.7964e+000 +2.5158e+000 +5.3571e-001 -2.8082e+000
2775 0 +9.483173358e-009 -1.276800000e+002 -1.276800000e+002 +2.2621e+000 +3.7964e+000 +2.5158e+000 +5.3581e-001 -2.8082e+000
% f evaluations | g evaluations | best noise-free fitness - Fopt (-3.650000000000e+001) + sum g_i+ | measured fitness | best measured fitness or single-digit g-values | x1 | x2...
1 0 +1.370742076e+002 +1.005742076e+002 +1.005742076e+002 -9.7986e-001 +4.0732e+000 -2.6557e+000 +4.2046e+000 +1.3913e+000
2 0 +2.229782936e+001 -1.420217064e+001 -1.420217064e+001 -4.2422e+000 -4.5930e-002 +1.2582e+000 -2.3162e+000 -3.5013e+000
5 0 +1.702689641e+001 -1.947310359e+001 -1.947310359e+001 -1.4329e+000 -3.5334e+000 -1.8387e+000 -4.4011e-001 +4.1666e-001
14 0 +1.626426658e+001 -2.023573342e+001 -2.023573342e+001 -2.6679e+000 -8.0140e-001 +2.5123e+000 +9.3517e-002 -3.6344e+000
19 0 +5.829807152e+000 -3.067019285e+001 -3.067019285e+001 +4.8565e-001 +1.1294e+000 +3.3225e+000 +1.9636e+000 +3.6001e+000
58 0 +3.351180979e+000 -3.314881902e+001 -3.314881902e+001 +3.1775e-001 -7.1837e-002 +2.3440e+000 +4.8651e-001 +5.1205e-001
92 0 +4.591342334e-001 -3.604086577e+001 -3.604086577e+001 +2.4130e+000 +1.6180e-001 +2.4154e+000 +1.2482e+000 +1.9280e+000
192 0 +3.108129386e-001 -3.618918706e+001 -3.618918706e+001 +2.2209e+000 +4.4696e-001 +2.6642e+000 +1.2482e+000 +1.5187e+000
260 0 +8.305825609e-002 -3.641694174e+001 -3.641694174e+001 +2.0382e+000 +4.2539e-001 +2.9566e+000 +1.7500e+000 +1.8994e+000
477 0 +6.554657161e-002 -3.643445343e+001 -3.643445343e+001 +2.1724e+000 +5.4155e-001 +3.0823e+000 +1.6513e+000 +1.7474e+000
493 0 +4.845342087e-002 -3.645154658e+001 -3.645154658e+001 +2.1397e+000 +5.4504e-001 +2.9868e+000 +1.7120e+000 +1.7896e+000
597 0 +4.480905958e-002 -3.645519094e+001 -3.645519094e+001 +2.0645e+000 +4.6075e-001 +2.9918e+000 +1.8192e+000 +2.0430e+000
619 0 +2.897228852e-002 -3.647102771e+001 -3.647102771e+001 +2.0334e+000 +4.8673e-001 +2.9978e+000 +1.7982e+000 +2.0106e+000
690 0 +1.980855598e-002 -3.648019144e+001 -3.648019144e+001 +2.1349e+000 +4.9689e-001 +3.0173e+000 +1.7863e+000 +1.8276e+000
709 0 +9.837719134e-003 -3.649016228e+001 -3.649016228e+001 +2.1189e+000 +4.7802e-001 +3.0722e+000 +1.7079e+000 +1.8131e+000
857 0 +3.344897876e-003 -3.649665510e+001 -3.649665510e+001 +2.0537e+000 +5.3151e-001 +3.0577e+000 +1.7516e+000 +1.8706e+000
949 0 +1.401360730e-003 -3.649859864e+001 -3.649859864e+001 +2.0878e+000 +5.0258e-001 +3.0107e+000 +1.7170e+000 +1.8470e+000
1093 0 +5.681232057e-004 -3.649943188e+001 -3.649943188e+001 +2.0930e+000 +5.0462e-001 +3.0302e+000 +1.7076e+000 +1.8286e+000
1222 0 +2.118791421e-004 -3.649978812e+001 -3.649978812e+001 +2.0876e+000 +5.0398e-001 +3.0223e+000 +1.7177e+000 +1.8478e+000
1295 0 +1.893209711e-004 -3.649981068e+001 -3.649981068e+001 +2.0907e+000 +5.0771e-001 +3.0068e+000 +1.7248e+000 +1.8343e+000
1325 0 +1.795351095e-004 -3.649982046e+001 -3.649982046e+001 +2.0907e+000 +5.0490e-001 +3.0185e+000 +1.7164e+000 +1.8381e+000
1389 0 +5.744137546e-005 -3.649994256e+001 -3.649994256e+001 +2.0948e+000 +5.0032e-001 +3.0083e+000 +1.7149e+000 +1.8417e+000
1643 0 +1.644009426e-005 -3.649998356e+001 -3.649998356e+001 +2.0985e+000 +5.0502e-001 +2.9965e+000 +1.7264e+000 +1.8244e+000
1686 0 +9.477675690e-006 -3.649999052e+001 -3.649999052e+001 +2.0974e+000 +5.0301e-001 +3.0022e+000 +1.7216e+000 +1.8307e+000
1760 0 +4.982862528e-006 -3.649999502e+001 -3.649999502e+001 +2.0977e+000 +5.0370e-001 +2.9998e+000 +1.7237e+000 +1.8288e+000
1958 0 +4.067546755e-006 -3.649999593e+001 -3.649999593e+001 +2.0984e+000 +5.0131e-001 +3.0075e+000 +1.7174e+000 +1.8311e+000
2035 0 +3.509888394e-006 -3.649999649e+001 -3.649999649e+001 +2.0980e+000 +5.0104e-001 +3.0082e+000 +1.7167e+000 +1.8324e+000
2057 0 +3.245979265e-006 -3.649999675e+001 -3.649999675e+001 +2.0963e+000 +5.0063e-001 +3.0142e+000 +1.7135e+000 +1.8359e+000
2066 0 +2.058832301e-006 -3.649999794e+001 -3.649999794e+001 +2.0966e+000 +5.0080e-001 +3.0127e+000 +1.7143e+000 +1.8351e+000
2204 0 +1.717500290e-006 -3.649999828e+001 -3.649999828e+001 +2.0982e+000 +5.0167e-001 +3.0067e+000 +1.7181e+000 +1.8308e+000
2237 0 +1.680695647e-006 -3.649999832e+001 -3.649999832e+001 +2.0980e+000 +5.0000e-001 +3.0115e+000 +1.7139e+000 +1.8340e+000
2298 0 +1.657135947e-006 -3.649999834e+001 -3.649999834e+001 +2.0958e+000 +5.0193e-001 +3.0117e+000 +1.7164e+000 +1.8346e+000
2350 0 +1.585491916e-006 -3.649999841e+001 -3.649999841e+001 +2.0957e+000 +5.0094e-001 +3.0143e+000 +1.7139e+000 +1.8367e+000
2382 0 +8.791554791e-007 -3.649999912e+001 -3.649999912e+001 +2.0976e+000 +5.0154e-001 +3.0078e+000 +1.7175e+000 +1.8322e+000
2441 0 +7.442314640e-007 -3.649999926e+001 -3.649999926e+001 +2.0963e+000 +5.0244e-001 +3.0086e+000 +1.7184e+000 +1.8331e+000
2455 0 +7.313652901e-007 -3.649999927e+001 -3.649999927e+001 +2.0972e+000 +5.0024e-001 +3.0128e+000 +1.7137e+000 +1.8352e+000
2500 0 +3.621321554e-008 -3.649999996e+001 -3.649999996e+001 +2.0965e+000 +5.0140e-001 +3.0106e+000 +1.7161e+000 +1.8345e+000
2559 0 +3.310382368e-008 -3.649999997e+001 -3.649999997e+001 +2.0964e+000 +5.0168e-001 +3.0105e+000 +1.7165e+000 +1.8342e+000
2876 0 +1.554154494e-008 -3.649999998e+001 -3.649999998e+001 +2.0971e+000 +5.0165e-001 +3.0087e+000 +1.7173e+000 +1.8330e+000
2930 0 +8.230195192e-009 -3.649999999e+001 -3.649999999e+001 +2.0967e+000 +5.0194e-001 +3.0087e+000 +1.7176e+000 +1.8332e+000
% f evaluations | g evaluations | best noise-free fitness - Fopt (1.728700000000e+002) + sum g_i+ | measured fitness | best measured fitness or single-digit g-values | x1 | x2...
1 0 +1.882557471e+002 +3.611257471e+002 +3.611257471e+002 -2.0024e+000 +4.0953e+000 -3.2746e+000 +2.1876e+000 -1.8330e+000
3 0 +5.380273959e+001 +2.266727396e+002 +2.266727396e+002 -4.6421e+000 -1.1783e+000 +3.6636e+000 -7.4792e-001 +4.1181e+000
4 0 +5.302800815e+001 +2.258980082e+002 +2.258980082e+002 -4.1801e+000 -1.3318e+000 -2.9592e+000 +3.5029e+000 +4.5446e+000
9 0 +1.975153576e+001 +1.926215358e+002 +1.926215358e+002 +9.1180e-001 -3.5081e+000 -3.8229e+000 +8.2137e-001 -2.4487e+000
15 0 +9.491059535e+000 +1.823610595e+002 +1.823610595e+002 +4.7742e-001 -2.2216e+000 -1.9631e+000 +2.0656e+000 -1.4021e+000
40 0 +3.371328591e+000 +1.762413286e+002 +1.762413286e+002 +3.9595e+000 -1.0510e+000 +4.0880e+000 -1.7248e+000 +1.4898e+000
67 0 +3.020728822e+000 +1.758907288e+002 +1.758907288e+002 +1.0908e+000 -1.2774e+000 +1.4785e+000 +2.0235e+000 +1.0222e-001
90 0 +2.619133852e+000 +1.754891339e+002 +1.754891339e+002 +3.0831e+000 -1.0510e+000 +4.0995e+000 -1.6857e-001 -4.9946e-001
213 0 +1.050353396e+000 +1.739203534e+002 +1.739203534e+002 +3.0006e+000 -1.1245e+000 +9.5874e-001 +6.8177e-001 +2.6284e-001
247 0 +4.211499140e-002 +1.729121150e+002 +1.729121150e+002 +3.0213e+000 -9.2043e-001 +2.0780e+000 +5.5474e-001 +8.9566e-001
368 0 +3.416890264e-002 +1.729041689e+002 +1.729041689e+002 +3.1881e+000 -7.3876e-001 +2.0089e+000 +5.8986e-001 +6.8015e-001
694 0 +2.779583336e-002 +1.728977958e+002 +1.728977958e+002 +3.0138e+000 -8.5050e-001 +2.0281e+000 +5.1085e-001 +8.0507e-001
699 0 +2.407212242e-002 +1.728940721e+002 +1.728940721e+002 +2.9822e+000 -8.8264e-001 +2.0478e+000 +4.9957e-001 +8.2488e-001
737 0 +1.079118587e-002 +1.728807912e+002 +1.728807912e+002 +3.0336e+000 -7.6018e-001 +1.9983e+000 +4.9149e-001 +6.9461e-001
867 0 +9.995894515e-003 +1.728799959e+002 +1.728799959e+002 +2.9689e+000 -6.2472e-001 +1.9717e+000 +4.9821e-001 +7.7754e-001
871 0 +2.107625661e-003 +1.728721076e+002 +1.728721076e+002 +3.0079e+000 -7.8764e-001 +2.0295e+000 +5.0235e-001 +7.6572e-001
946 0 +1.603678196e-003 +1.728716037e+002 +1.728716037e+002 +3.0252e+000 -7.7958e-001 +2.0390e+000 +5.2026e-001 +8.1483e-001
951 0 +8.077794867e-004 +1.728708078e+002 +1.728708078e+002 +3.0251e+000 -7.8260e-001 +2.0351e+000 +5.1157e-001 +8.0351e-001
986 0 +2.909431592e-004 +1.728702909e+002 +1.728702909e+002 +3.0223e+000 -7.4316e-001 +2.0337e+000 +5.2928e-001 +8.1664e-001
1096 0 +1.373387158e-004 +1.728701373e+002 +1.728701373e+002 +3.0303e+000 -8.0570e-001 +2.0515e+000 +5.1929e-001 +8.3197e-001
1169 0 +1.235557165e-004 +1.728701236e+002 +1.728701236e+002 +3.0249e+000 -8.0626e-001 +2.0473e+000 +5.1248e-001 +8.2596e-001
1375 0 +2.759217188e-005 +1.728700276e+002 +1.728700276e+002 +3.0269e+000 -7.8041e-001 +2.0445e+000 +5.2306e-001 +8.3021e-001
1611 0 +1.030971919e-005 +1.728700103e+002 +1.728700103e+002 +3.0277e+000 -7.9044e-001 +2.0459e+000 +5.2057e-001 +8.2324e-001
1666 0 +9.622472788e-006 +1.728700096e+002 +1.728700096e+002 +3.0275e+000 -7.9200e-001 +2.0461e+000 +5.1965e-001 +8.2468e-001
1840 0 +7.946150930e-006 +1.728700079e+002 +1.728700079e+002 +3.0257e+000 -7.9068e-001 +2.0451e+000 +5.1837e-001 +8.2518e-001
1930 0 +5.767380003e-006 +1.728700058e+002 +1.728700058e+002 +3.0269e+000 -7.9002e-001 +2.0453e+000 +5.1980e-001 +8.2176e-001
2135 0 +4.799169034e-006 +1.728700048e+002 +1.728700048e+002 +3.0234e+000 -7.8358e-001 +2.0433e+000 +5.1903e-001 +8.2606e-001
2158 0 +2.707504223e-006 +1.728700027e+002 +1.728700027e+002 +3.0261e+000 -7.9551e-001 +2.0457e+000 +5.1694e-001 +8.2315e-001
2201 0 +4.361451431e-007 +1.728700004e+002 +1.728700004e+002 +3.0263e+000 -7.9485e-001 +2.0460e+000 +5.1741e-001 +8.2584e-001
2479 0 +1.977138027e-007 +1.728700002e+002 +1.728700002e+002 +3.0269e+000 -7.9957e-001 +2.0469e+000 +5.1614e-001 +8.2610e-001
2563 0 +1.503130136e-007 +1.728700002e+002 +1.728700002e+002 +3.0264e+000 -7.9521e-001 +2.0462e+000 +5.1741e-001 +8.2654e-001
2775 0 +1.199972814e-007 +1.728700001e+002 +1.728700001e+002 +3.0261e+000 -7.9551e-001 +2.0463e+000 +5.1699e-001 +8.2816e-001
2979 0 +8.181723388e-008 +1.728700001e+002 +1.728700001e+002 +3.0261e+000 -7.9631e-001 +2.0463e+000 +5.1668e-001 +8.2743e-001
2993 0 +1.569782171e-008 +1.728700000e+002 +1.728700000e+002 +3.0266e+000 -7.9745e-001 +2.0465e+000 +5.1670e-001 +8.2621e-001
3232 0 +1.056019983e-008 +1.728700000e+002 +1.728700000e+002 +3.0263e+000 -7.9688e-001 +2.0464e+000 +5.1672e-001 +8.2667e-001
3259 0 +5.456143981e-009 +1.728700000e+002 +1.728700000e+002 +3.0264e+000 -7.9684e-001 +2.0464e+000 +5.1677e-001 +8.2640e-001
% f evaluations | g evaluations | best noise-free fitness - Fopt (1.577200000000e+002) + sum g_i+ | measured fitness | best measured fitness or single-digit g-values | x1 | x2...
1 0 +1.322491363e+002 +2.899691363e+002 +2.899691363e+002 -3.5176e-001 +2.5449e+000 +1.0177e+000 -3.0855e+000 -4.4538e+000
5 0 +2.738509697e+001 +1.851050970e+002 +1.851050970e+002 +3.0500e+000 -3.9386e+000 +7.9161e-001 +3.1671e+000 +2.7777e+000
12 0 +9.706356250e+000 +1.674263563e+002 +1.674263563e+002 -1.3183e+000 -6.7458e-001 +5.0000e+000 +1.0165e+000 +5.0000e+000
35 0 +9.334027892e+000 +1.670540279e+002 +1.670540279e+002 +1.7067e+000 -1.3577e+000 +9.8576e-001 +9.9697e-001 +4.5025e+000
56 0 +7.299046976e+000 +1.650190470e+002 +1.650190470e+002 -1.1209e+000 -2.2696e+000 +2.0637e+000 -3.1519e+000 +3.4731e+000
62 0 +6.575196940e+000 +1.642951969e+002 +1.642951969e+002 +6.0456e-002 -1.2108e+000 +2.8732e+000 +5.0640e-001 +4.9246e+000
73 0 +4.467843232e+000 +1.621878432e+002 +1.621878432e+002 -7.4991e-001 -1.6849e+000 +2.8182e+000 +3.2877e+000 +1.4257e+000
95 0 +3.341458562e+000 +1.610614586e+002 +1.610614586e+002 -2.5463e+000 -2.1549e+000 +4.8159e+000 +1.2074e+000 +2.9521e+000
131 0 +1.916107926e+000 +1.596361079e+002 +1.596361079e+002 -3.6932e+000 -2.5301e+000 +2.4797e+000 +1.2034e+000 +1.7918e+000
163 0 +1.672404004e+000 +1.593924040e+002 +1.593924040e+002 -3.2420e+000 -1.7638e+000 +3.2536e+000 +3.1257e-001 +1.6327e+000
170 0 +1.309784798e+000 +1.590297848e+002 +1.590297848e+002 -2.9094e+000 -1.0592e+000 +4.9593e+000 +6.8353e-001 +1.5875e+000
192 0 +5.724292822e-001 +1.582924293e+002 +1.582924293e+002 -2.8769e+000 -9.9904e-001 +3.7907e+000 +1.1172e+000 +1.5547e+000
242 0 +3.542819225e-001 +1.580742819e+002 +1.580742819e+002 -2.8805e+000 -1.8351e+000 +3.5938e+000 +1.6588e+000 +1.7611e+000
367 0 +2.662822644e-001 +1.579862823e+002 +1.579862823e+002 -3.0906e+000 -1.9973e+000 +4.1139e+000 +1.8211e+000 +1.4059e+000
417 0 +1.563340203e-001 +1.578763340e+002 +1.578763340e+002 -2.8563e+000 -1.8104e+000 +3.5363e+000 +1.8791e+000 +1.2301e+000
466 0 +8.625344734e-002 +1.578062534e+002 +1.578062534e+002 -2.8410e+000 -1.5422e+000 +3.5728e+000 +1.7750e+000 +1.4528e+000
577 0 +5.294328489e-002 +1.577729433e+002 +1.577729433e+002 -2.8823e+000 -1.6868e+000 +3.9856e+000 +1.5760e+000 +1.6120e+000
584 0 +2.004949159e-002 +1.577400495e+002 +1.577400495e+002 -2.8825e+000 -1.6672e+000 +3.8959e+000 +1.6205e+000 +1.5249e+000
622 0 +1.770758333e-002 +1.577377076e+002 +1.577377076e+002 -2.8953e+000 -1.6481e+000 +3.8521e+000 +1.6334e+000 +1.5053e+000
650 0 +4.631813779e-003 +1.577246318e+002 +1.577246318e+002 -2.8764e+000 -1.6211e+000 +3.8651e+000 +1.6783e+000 +1.5186e+000
652 0 +3.323684411e-003 +1.577233237e+002 +1.577233237e+002 -2.8864e+000 -1.6262e+000 +3.8586e+000 +1.6788e+000 +1.5185e+000
758 0 +1.157899145e-003 +1.577211579e+002 +1.577211579e+002 -2.8751e+000 -1.7114e+000 +3.9693e+000 +1.6483e+000 +1.5528e+000
832 0 +5.142369205e-004 +1.577205142e+002 +1.577205142e+002 -2.8809e+000 -1.6794e+000 +3.9276e+000 +1.6556e+000 +1.5389e+000
1086 0 +4.325721123e-004 +1.577204326e+002 +1.577204326e+002 -2.8686e+000 -1.6917e+000 +3.9940e+000 +1.6331e+000 +1.5661e+000
1310 0 +3.055165598e-004 +1.577203055e+002 +1.577203055e+002 -2.8582e+000 -1.6741e+000 +3.9719e+000 +1.6382e+000 +1.5552e+000
1327 0 +1.005900948e-004 +1.577201006e+002 +1.577201006e+002 -2.8618e+000 -1.6786e+000 +3.9535e+000 +1.6445e+000 +1.5440e+000
1383 0 +1.615824755e-005 +1.577200162e+002 +1.577200162e+002 -2.8666e+000 -1.6696e+000 +3.9505e+000 +1.6494e+000 +1.5506e+000
1708 0 +7.764817866e-006 +1.577200078e+002 +1.577200078e+002 -2.8618e+000 -1.6700e+000 +3.9389e+000 +1.6513e+000 +1.5403e+000
1929 0 +6.855050685e-006 +1.577200069e+002 +1.577200069e+002 -2.8661e+000 -1.6652e+000 +3.9348e+000 +1.6548e+000 +1.5432e+000
2043 0 +5.515887068e-006 +1.577200055e+002 +1.577200055e+002 -2.8656e+000 -1.6665e+000 +3.9362e+000 +1.6540e+000 +1.5430e+000
2144 0 +4.632497905e-007 +1.577200005e+002 +1.577200005e+002 -2.8669e+000 -1.6661e+000 +3.9347e+000 +1.6547e+000 +1.5431e+000
2562 0 +3.906854431e-007 +1.577200004e+002 +1.577200004e+002 -2.8644e+000 -1.6666e+000 +3.9367e+000 +1.6532e+000 +1.5424e+000
2579 0 +2.627689639e-007 +1.577200003e+002 +1.577200003e+002 -2.8665e+000 -1.6653e+000 +3.9338e+000 +1.6549e+000 +1.5426e+000
2715 0 +1.878802323e-007 +1.577200002e+002 +1.577200002e+002 -2.8665e+000 -1.6662e+000 +3.9360e+000 +1.6541e+000 +1.5435e+000
2791 0 +1.783651555e-007 +1.577200002e+002 +1.577200002e+002 -2.8674e+000 -1.6653e+000 +3.9345e+000 +1.6550e+000 +1.5437e+000
2795 0 +4.256639841e-008 +1.577200000e+002 +1.577200000e+002 -2.8663e+000 -1.6665e+000 +3.9363e+000 +1.6540e+000 +1.5434e+000
2823 0 +1.036602271e-008 +1.577200000e+002 +1.577200000e+002 -2.8662e+000 -1.6665e+000 +3.9363e+000 +1.6540e+000 +1.5434e+000
3005 0 +1.023067853e-008 +1.577200000e+002 +1.577200000e+002 -2.8664e+000 -1.6667e+000 +3.9367e+000 +1.6539e+000 +1.5436e+000
3136 0 +6.457469226e-009 +1.577200000e+002 +1.577200000e+002 -2.8662e+000 -1.6679e+000 +3.9391e+000 +1.6530e+000 +1.5444e+000
% f evaluations | g evaluations | best noise-free fitness - Fopt (2.819000000000e+001) + sum g_i+ | measured fitness | best measured fitness or single-digit g-values | x1 | x2...
1 0 +1.073883840e+002 +1.355783840e+002 +1.355783840e+002 +4.9528e+000 -2.5990e+000 +1.6541e-001 +3.5719e+000 +4.3113e+000
2 0 +4.825626610e+001 +7.644626610e+001 +7.644626610e+001 +4.8662e+000 -3.8446e+000 +1.7255e+000 -4.0645e+000 -1.4285e+000
3 0 +1.713369432e+001 +4.532369432e+001 +4.532369432e+001 -2.5109e+000 +2.2583e+000 +3.9402e+000 +4.2855e+000 -9.5709e-001
4 0 +8.331698240e+000 +3.652169824e+001 +3.652169824e+001 +4.6477e+000 +4.6196e+000 +5.3335e-001 +2.7944e+000 -2.1425e+000
13 0 +3.555415741e+000 +3.174541574e+001 +3.174541574e+001 +1.1537e+000 +4.6507e-001 +2.0509e+000 +5.4047e-001 +5.2960e-001
53 0 +1.866550423e+000 +3.005655042e+001 +3.005655042e+001 +3.1376e+000 +4.1629e-001 -6.0797e-002 +2.6475e+000 -8.2352e-001
56 0 +1.464572920e+000 +2.965457292e+001 +2.965457292e+001 +1.6312e+000 +4.8683e-001 +9.9802e-001 +2.1193e+000 -1.3668e+000
103 0 +9.504370552e-001 +2.914043706e+001 +2.914043706e+001 +1.6209e+000 +2.4287e-001 -3.5335e-001 +2.2406e+000 -6.8315e-001
148 0 +8.004633970e-001 +2.899046340e+001 +2.899046340e+001 +1.5134e+000 -3.9077e-001 +1.0317e+000 +2.1135e+000 +2.2131e-001
197 0 +6.340720183e-001 +2.882407202e+001 +2.882407202e+001 +2.3122e+000 -2.7362e-001 +7.2326e-001 +1.9475e+000 -3.7207e-001
306 0 +2.848358682e-001 +2.847483587e+001 +2.847483587e+001 +1.2434e+000 -5.7694e-001 +1.6193e-001 +2.2618e+000 -5.6530e-001
344 0 +4.408103915e-002 +2.823408104e+001 +2.823408104e+001 +1.8560e+000 -6.7143e-001 +4.2340e-001 +2.3561e+000 -3.0779e-001
419 0 +3.646333987e-002 +2.822646334e+001 +2.822646334e+001 +1.8282e+000 -6.4379e-001 +3.2213e-001 +2.4703e+000 -4.2626e-001
444 0 +1.181584067e-002 +2.820181584e+001 +2.820181584e+001 +1.9075e+000 -7.6174e-001 +4.8348e-001 +2.3092e+000 -5.4090e-001
749 0 +6.951677059e-003 +2.819695168e+001 +2.819695168e+001 +1.8257e+000 -7.3872e-001 +4.2252e-001 +2.3180e+000 -4.6847e-001
797 0 +5.181580276e-003 +2.819518158e+001 +2.819518158e+001 +1.8450e+000 -7.1940e-001 +4.0502e-001 +2.3452e+000 -5.0679e-001
849 0 +3.787333318e-003 +2.819378733e+001 +2.819378733e+001 +1.8484e+000 -7.2351e-001 +4.2364e-001 +2.3483e+000 -5.0646e-001
955 0 +6.534188408e-004 +2.819065342e+001 +2.819065342e+001 +1.8873e+000 -7.2615e-001 +4.2929e-001 +2.3521e+000 -4.4725e-001
993 0 +6.053477824e-004 +2.819060535e+001 +2.819060535e+001 +1.8555e+000 -7.2753e-001 +4.1146e-001 +2.3367e+000 -4.6254e-001
1096 0 +4.111963424e-004 +2.819041120e+001 +2.819041120e+001 +1.8900e+000 -7.3001e-001 +4.5658e-001 +2.3586e+000 -4.6046e-001
1166 0 +1.698555360e-004 +2.819016986e+001 +2.819016986e+001 +1.8622e+000 -7.2608e-001 +4.0343e-001 +2.3336e+000 -4.4908e-001
1221 0 +1.002022191e-004 +2.819010020e+001 +2.819010020e+001 +1.8558e+000 -7.2598e-001 +4.0849e-001 +2.3399e+000 -4.7388e-001
1438 0 +2.972436816e-005 +2.819002972e+001 +2.819002972e+001 +1.8518e+000 -7.2267e-001 +4.0356e-001 +2.3484e+000 -4.8165e-001
1549 0 +2.006854343e-005 +2.819002007e+001 +2.819002007e+001 +1.8557e+000 -7.2536e-001 +4.1211e-001 +2.3453e+000 -4.7991e-001
1577 0 +1.153395593e-005 +2.819001153e+001 +2.819001153e+001 +1.8582e+000 -7.2540e-001 +4.1487e-001 +2.3470e+000 -4.7836e-001
1713 0 +9.263208550e-006 +2.819000926e+001 +2.819000926e+001 +1.8523e+000 -7.2469e-001 +4.0846e-001 +2.3453e+000 -4.8391e-001
1749 0 +7.336100726e-006 +2.819000734e+001 +2.819000734e+001 +1.8514e+000 -7.2366e-001 +4.0738e-001 +2.3480e+000 -4.8459e-001
1903 0 +7.189103272e-006 +2.819000719e+001 +2.819000719e+001 +1.8564e+000 -7.2456e-001 +4.1356e-001 +2.3492e+000 -4.8151e-001
1957 0 +3.510922298e-006 +2.819000351e+001 +2.819000351e+001 +1.8567e+000 -7.2415e-001 +4.1194e-001 +2.3491e+000 -4.7883e-001
2073 0 +2.627855196e-006 +2.819000263e+001 +2.819000263e+001 +1.8490e+000 -7.2350e-001 +4.0142e-001 +2.3440e+000 -4.8164e-001
2074 0 +2.093384193e-006 +2.819000209e+001 +2.819000209e+001 +1.8503e+000 -7.2315e-001 +4.0453e-001 +2.3478e+000 -4.8514e-001
2081 0 +1.917139322e-006 +2.819000192e+001 +2.819000192e+001 +1.8594e+000 -7.2486e-001 +4.1473e-001 +2.3484e+000 -4.7537e-001
2109 0 +1.868263244e-006 +2.819000187e+001 +2.819000187e+001 +1.8534e+000 -7.2377e-001 +4.0617e-001 +2.3463e+000 -4.7848e-001
2129 0 +5.949661883e-007 +2.819000059e+001 +2.819000059e+001 +1.8545e+000 -7.2382e-001 +4.0914e-001 +2.3484e+000 -4.8073e-001
2214 0 +1.217366901e-007 +2.819000012e+001 +2.819000012e+001 +1.8556e+000 -7.2402e-001 +4.1028e-001 +2.3485e+000 -4.7932e-001
2550 0 +7.262109847e-008 +2.819000007e+001 +2.819000007e+001 +1.8549e+000 -7.2396e-001 +4.0939e-001 +2.3481e+000 -4.7979e-001
2565 0 +6.200752267e-008 +2.819000006e+001 +2.819000006e+001 +1.8552e+000 -7.2400e-001 +4.0973e-001 +2.3481e+000 -4.7932e-001
2631 0 +1.734127153e-008 +2.819000002e+001 +2.819000002e+001 +1.8555e+000 -7.2406e-001 +4.0990e-001 +2.3480e+000 -4.7888e-001
2634 0 +1.336744404e-008 +2.819000001e+001 +2.819000001e+001 +1.8552e+000 -7.2403e-001 +4.0967e-001 +2.3479e+000 -4.7916e-001
3010 0 +4.877545479e-009 +2.819000000e+001 +2.819000000e+001 +1.8553e+000 -7.2401e-001 +4.0964e-001 +2.3480e+000 -4.7897e-001
% f evaluations | g evaluations | best noise-free fitness - Fopt (-9.925000000000e+001) + sum g_i+ | measured fitness | best measured fitness or single-digit g-values | x1 | x2...
1 0 +5.819276559e+001 -4.105723441e+001 -4.105723441e+001 -1.8469e-001 -1.7278e+000 -4.3412e+000 +4.2488e+000 +2.3216e+000
3 0 +5.408801956e+001 -4.516198044e+001 -4.516198044e+001 -4.4214e+000 -2.3087e+000 -3.6859e+000 -4.2080e+000 +4.6075e-001
7 0 +4.243387548e+001 -5.681612452e+001 -5.681612452e+001 -5.0000e+000 -5.0000e+000 -5.0000e+000 -5.0000e+000 +5.0000e+000
8 0 +4.053906861e+001 -5.871093139e+001 -5.871093139e+001 +4.0379e+000 -3.7005e+000 -3.6206e+000 +1.4537e+000 +2.6257e-001
10 0 +2.186380148e+001 -7.738619852e+001 -7.738619852e+001 +4.9132e-002 -1.2022e+000 -2.9816e+000 +3.9579e+000 +4.9986e+000
16 0 +1.132494232e+001 -8.792505768e+001 -8.792505768e+001 +1.8396e+000 -2.3488e+000 +9.8602e-001 +3.8709e+000 -4.8038e+000
23 0 +1.019108678e+001 -8.905891322e+001 -8.905891322e+001 -1.3941e+000 -2.8089e+000 -1.7216e+000 +2.1763e+000 -3.7038e-001
51 0 +5.328660690e+000 -9.392133931e+001 -9.392133931e+001 +9.5647e-001 -2.0436e+000 -1.3310e+000 +1.2019e+000 +4.0111e+000
60 0 +5.243768501e+000 -9.400623150e+001 -9.400623150e+001 +2.6395e+000 -1.2745e+000 -1.2017e+000 +3.5871e+000 +2.4376e+000
101 0 +4.045976662e+000 -9.520402334e+001 -9.520402334e+001 +2.1825e+000 -1.7052e+000 +8.3533e-001 +3.6697e+000 +4.9990e-001
103 0 +3.692151446e+000 -9.555784855e+001 -9.555784855e+001 +2.0614e+000 -1.7413e+000 +7.5608e-001 +3.4108e+000 +7.9088e-001
152 0 +2.750441790e+000 -9.649955821e+001 -9.649955821e+001 +2.2505e+000 -4.6716e+000 +1.5909e+000 +2.6641e+000 +2.0075e+000
212 0 +1.707163287e+000 -9.754283671e+001 -9.754283671e+001 +9.7646e-001 -3.9903e+000 -3.6232e-001 +2.1244e+000 +3.7941e+000
273 0 +5.664091695e-001 -9.868359083e+001 -9.868359083e+001 +2.7605e+000 -3.6320e+000 +8.4231e-001 +1.7118e+000 +4.0589e+000
281 0 +4.032792798e-001 -9.884672072e+001 -9.884672072e+001 +2.6235e+000 -3.6183e+000 +7.1617e-001 +1.9167e+000 +4.0589e+000
327 0 +3.282568357e-001 -9.892174316e+001 -9.892174316e+001 +2.6650e+000 -3.5973e+000 +3.8967e-001 +2.5123e+000 +3.6482e+000
390 0 +2.153243429e-001 -9.903467566e+001 -9.903467566e+001 +2.4236e+000 -3.6725e+000 +6.5918e-001 +2.5668e+000 +3.7728e+000
460 0 +1.170132203e-001 -9.913298678e+001 -9.913298678e+001 +1.9974e+000 -3.6505e+000 +9.3483e-001 +2.1914e+000 +3.7447e+000
485 0 +9.412701257e-002 -9.915587299e+001 -9.915587299e+001 +2.2518e+000 -3.7925e+000 +4.2631e-001 +2.2476e+000 +3.8668e+000
529 0 +5.610538528e-002 -9.919389461e+001 -9.919389461e+001 +2.1870e+000 -3.7649e+000 +6.0702e-001 +2.4861e+000 +3.8902e+000
627 0 +5.026779324e-002 -9.919973221e+001 -9.919973221e+001 +2.1414e+000 -3.4558e+000 +5.7931e-001 +2.4299e+000 +3.9960e+000
641 0 +3.104922173e-002 -9.921895078e+001 -9.921895078e+001 +2.2531e+000 -3.4966e+000 +4.6991e-001 +2.2739e+000 +3.8555e+000
727 0 +2.280317764e-002 -9.922719682e+001 -9.922719682e+001 +2.1904e+000 -3.6217e+000 +6.5842e-001 +2.3193e+000 +3.9108e+000
753 0 +1.066763024e-002 -9.923933237e+001 -9.923933237e+001 +2.2035e+000 -3.5166e+000 +7.2728e-001 +2.2653e+000 +3.8895e+000
782 0 +4.918025395e-003 -9.924508197e+001 -9.924508197e+001 +2.2218e+000 -3.5861e+000 +5.9391e-001 +2.3193e+000 +3.8867e+000
894 0 +2.032502900e-004 -9.924979675e+001 -9.924979675e+001 +2.2524e+000 -3.5349e+000 +5.7246e-001 +2.2727e+000 +3.8825e+000
1321 0 +1.408723773e-004 -9.924985913e+001 -9.924985913e+001 +2.2578e+000 -3.5365e+000 +5.6023e-001 +2.2644e+000 +3.8764e+000
1441 0 +1.366755904e-004 -9.924986332e+001 -9.924986332e+001 +2.2619e+000 -3.5400e+000 +5.4486e-001 +2.2761e+000 +3.8798e+000
1544 0 +1.288402361e-004 -9.924987116e+001 -9.924987116e+001 +2.2489e+000 -3.5387e+000 +5.7970e-001 +2.2671e+000 +3.8791e+000
1575 0 +1.227849936e-004 -9.924987722e+001 -9.924987722e+001 +2.2792e+000 -3.5367e+000 +5.0472e-001 +2.2754e+000 +3.8767e+000
1590 0 +9.803751850e-005 -9.924990196e+001 -9.924990196e+001 +2.2659e+000 -3.5499e+000 +5.2797e-001 +2.2678e+000 +3.8707e+000
1639 0 +6.148437785e-005 -9.924993852e+001 -9.924993852e+001 +2.2685e+000 -3.5400e+000 +5.3459e-001 +2.2670e+000 +3.8741e+000
1680 0 +6.771487847e-006 -9.924999323e+001 -9.924999323e+001 +2.2633e+000 -3.5488e+000 +5.3630e-001 +2.2779e+000 +3.8769e+000
1718 0 +1.951018774e-006 -9.924999805e+001 -9.924999805e+001 +2.2628e+000 -3.5506e+000 +5.3462e-001 +2.2812e+000 +3.8779e+000
1977 0 +1.123863953e-006 -9.924999888e+001 -9.924999888e+001 +2.2631e+000 -3.5488e+000 +5.3603e-001 +2.2773e+000 +3.8766e+000
2327 0 +4.496040305e-007 -9.924999955e+001 -9.924999955e+001 +2.2631e+000 -3.5489e+000 +5.3596e-001 +2.2775e+000 +3.8767e+000
2354 0 +8.459990397e-008 -9.924999992e+001 -9.924999992e+001 +2.2631e+000 -3.5495e+000 +5.3561e-001 +2.2784e+000 +3.8769e+000
2617 0 +6.015643805e-008 -9.924999994e+001 -9.924999994e+001 +2.2634e+000 -3.5490e+000 +5.3530e-001 +2.2780e+000 +3.8768e+000
2694 0 +1.785144832e-008 -9.924999998e+001 -9.924999998e+001 +2.2631e+000 -3.5486e+000 +5.3646e-001 +2.2773e+000 +3.8768e+000
2776 0 +9.494016240e-009 -9.924999999e+001 -9.924999999e+001 +2.2631e+000 -3.5488e+000 +5.3622e-001 +2.2776e+000 +3.8768e+000
