% f evaluations | g evaluations | best noise-free fitness - Fopt (-5.235000000000e+001) + sum g_i+ | measured fitness | best measured fitness or single-digit g-values | x1 | x2...
1 0 +4.386833826e+001 -8.481661740e+000 -8.481661740e+000 -2.2159e+000 +4.9396e+000 -4.2368e+000
3 0 +3.628003007e+001 -1.606996993e+001 -1.606996993e+001 +2.9146e+000 +3.5963e+000 +2.4918e+000
4 0 +7.371899199e+000 -4.497810080e+001 -4.497810080e+001 -3.1307e+000 +2.0854e+000 -1.2698e+000
11 0 +4.763537934e-001 -5.187364621e+001 -5.187364621e+001 -1.4380e+000 -1.5931e+000 +2.9383e+000
131 0 +4.566807093e-001 -5.189331929e+001 -5.189331929e+001 -1.4380e+000 -1.5931e+000 +2.5928e+000
151 0 +3.766048391e-001 -5.197339516e+001 -5.197339516e+001 -1.4020e+000 -1.3421e+000 +2.6057e+000
181 0 +2.001153333e-001 -5.214988467e+001 -5.214988467e+001 -1.2167e+000 -1.4869e+000 +2.7021e+000
182 0 +6.833550365e-002 -5.228166450e+001 -5.228166450e+001 -8.8000e-001 -1.1233e+000 +2.5221e+000
256 0 +6.602481489e-002 -5.228397519e+001 -5.228397519e+001 -8.9468e-001 -1.2015e+000 +2.4730e+000
286 0 +3.109850340e-002 -5.231890150e+001 -5.231890150e+001 -8.8178e-001 -1.2576e+000 +2.4730e+000
309 0 +1.455907854e-002 -5.233544092e+001 -5.233544092e+001 -8.7864e-001 -1.3145e+000 +2.4479e+000
333 0 +1.288570842e-002 -5.233711429e+001 -5.233711429e+001 -8.3839e-001 -1.2448e+000 +2.4497e+000
462 0 +7.538397298e-003 -5.234246160e+001 -5.234246160e+001 -8.5494e-001 -1.1887e+000 +2.5500e+000
476 0 +6.262639078e-003 -5.234373736e+001 -5.234373736e+001 -8.8614e-001 -1.2294e+000 +2.5957e+000
477 0 +8.093404303e-004 -5.234919066e+001 -5.234919066e+001 -8.7802e-001 -1.2542e+000 +2.5395e+000
583 0 +3.792719281e-004 -5.234962073e+001 -5.234962073e+001 -8.7325e-001 -1.2399e+000 +2.5464e+000
660 0 +1.386739361e-004 -5.234986133e+001 -5.234986133e+001 -8.6689e-001 -1.2573e+000 +2.5184e+000
772 0 +8.473487981e-005 -5.234991527e+001 -5.234991527e+001 -8.7262e-001 -1.2575e+000 +2.5283e+000
805 0 +4.013349513e-005 -5.234995987e+001 -5.234995987e+001 -8.7162e-001 -1.2435e+000 +2.5407e+000
829 0 +1.192298451e-005 -5.234998808e+001 -5.234998808e+001 -8.7167e-001 -1.2488e+000 +2.5353e+000
913 0 +5.379045334e-007 -5.234999946e+001 -5.234999946e+001 -8.7070e-001 -1.2469e+000 +2.5355e+000
1167 0 +2.109937256e-007 -5.234999979e+001 -5.234999979e+001 -8.7059e-001 -1.2467e+000 +2.5355e+000
1223 0 +8.601582380e-008 -5.234999991e+001 -5.234999991e+001 -8.7186e-001 -1.2451e+000 +2.5394e+000
1271 0 +8.213897473e-008 -5.234999992e+001 -5.234999992e+001 -8.7188e-001 -1.2447e+000 +2.5398e+000
1314 0 +6.560422605e-008 -5.234999993e+001 -5.234999993e+001 -8.7187e-001 -1.2448e+000 +2.5397e+000
1362 0 +4.532786591e-008 -5.234999995e+001 -5.234999995e+001 -8.7279e-001 -1.2436e+000 +2.5426e+000
1363 0 +4.808605070e-009 -5.235000000e+001 -5.235000000e+001 -8.7213e-001 -1.2446e+000 +2.5404e+000
% f evaluations | g evaluations | best noise-free fitness - Fopt (-1.795400000000e+002) + sum g_i+ | measured fitness | best measured fitness or single-digit g-values | x1 | x2...
1 0 +4.013517567e+001 -1.394048243e+002 -1.394048243e+002 -1.1697e+000 +4.6410e+000 +2.9374e+000
2 0 +3.328385269e+001 -1.462561473e+002 -1.462561473e+002 -2.5353e+000 -8.3765e-002 -3.2977e+000
4 0 +4.864062205e+000 -1.746759378e+002 -1.746759378e+002 +4.7406e-001 +7.7627e-001 -1.2440e+000
20 0 +2.963484285e+000 -1.765765157e+002 -1.765765157e+002 +1.8463e+000 +2.4449e+000 -4.7393e+000
32 0 +5.816708164e-001 -1.789583292e+002 -1.789583292e+002 +7.8243e-001 -8.3765e-002 -3.2168e+000
76 0 +3.930918461e-001 -1.791469082e+002 -1.791469082e+002 +5.7870e-001 +2.0774e-001 -2.9706e+000
165 0 +2.072326302e-001 -1.793327674e+002 -1.793327674e+002 +6.9443e-001 +3.0726e-001 -3.2947e+000
167 0 +1.983418916e-001 -1.793416581e+002 -1.793416581e+002 +9.4691e-001 +2.8963e-001 -3.3527e+000
187 0 +1.855417765e-001 -1.793544582e+002 -1.793544582e+002 +1.3000e+000 +3.3743e-001 -3.3118e+000
213 0 +2.321076538e-002 -1.795167892e+002 -1.795167892e+002 +8.9313e-001 +4.8181e-001 -3.2964e+000
270 0 +2.199769231e-002 -1.795180023e+002 -1.795180023e+002 +6.4799e-001 +5.4173e-001 -3.3484e+000
274 0 +1.751056046e-002 -1.795224894e+002 -1.795224894e+002 +7.0689e-001 +5.4350e-001 -3.4820e+000
298 0 +4.972225734e-003 -1.795350278e+002 -1.795350278e+002 +8.0186e-001 +5.0486e-001 -3.4013e+000
375 0 +2.978300474e-003 -1.795370217e+002 -1.795370217e+002 +8.8709e-001 +5.0128e-001 -3.4650e+000
453 0 +2.887410552e-003 -1.795371126e+002 -1.795371126e+002 +7.6849e-001 +5.1208e-001 -3.4262e+000
500 0 +4.120492222e-004 -1.795395880e+002 -1.795395880e+002 +7.9009e-001 +5.1486e-001 -3.4647e+000
618 0 +1.916470273e-004 -1.795398084e+002 -1.795398084e+002 +7.8425e-001 +5.1484e-001 -3.4532e+000
685 0 +1.373291987e-004 -1.795398627e+002 -1.795398627e+002 +7.4636e-001 +5.1864e-001 -3.4441e+000
709 0 +4.113014779e-005 -1.795399589e+002 -1.795399589e+002 +7.8554e-001 +5.1467e-001 -3.4496e+000
739 0 +5.041990164e-006 -1.795399950e+002 -1.795399950e+002 +7.8877e-001 +5.1413e-001 -3.4476e+000
833 0 +1.771399525e-007 -1.795399998e+002 -1.795399998e+002 +7.9860e-001 +5.1300e-001 -3.4476e+000
1001 0 +1.534125147e-007 -1.795399998e+002 -1.795399998e+002 +7.9608e-001 +5.1332e-001 -3.4480e+000
1096 0 +2.291753276e-008 -1.795400000e+002 -1.795400000e+002 +7.9601e-001 +5.1332e-001 -3.4479e+000
1316 0 +1.953225137e-008 -1.795400000e+002 -1.795400000e+002 +7.9419e-001 +5.1353e-001 -3.4480e+000
1322 0 +7.921613587e-009 -1.795400000e+002 -1.795400000e+002 +7.9412e-001 +5.1354e-001 -3.4480e+000
% f evaluations | g evaluations | best noise-free fitness - Fopt (7.731000000000e+001) + sum g_i+ | measured fitness | best measured fitness or single-digit g-values | x1 | x2...
1 0 +1.897014446e+002 +2.670114446e+002 +2.670114446e+002 +4.3824e+000 +1.1673e+000 +4.5930e+000
2 0 +5.598425571e+000 +8.290842557e+001 +8.290842557e+001 +3.4388e-001 -3.4100e+000 -1.0774e+000
11 0 +2.205797355e+000 +7.951579735e+001 +7.951579735e+001 +1.4706e+000 -2.3515e+000 -8.5053e-001
60 0 +2.104563714e+000 +7.941456371e+001 +7.941456371e+001 +2.7211e-001 +8.2810e-001 -3.6104e+000
81 0 +3.637153003e-001 +7.767371530e+001 +7.767371530e+001 +5.3563e-001 -5.7285e-001 -2.5186e+000
141 0 +6.236872397e-002 +7.737236872e+001 +7.737236872e+001 +8.7608e-001 -7.1386e-001 -2.1527e+000
201 0 +4.837059963e-002 +7.735837060e+001 +7.735837060e+001 +8.3623e-001 -6.0173e-001 -2.1677e+000
242 0 +3.954660844e-002 +7.734954661e+001 +7.734954661e+001 +7.9321e-001 -6.2635e-001 -2.1532e+000
290 0 +1.444327156e-002 +7.732444327e+001 +7.732444327e+001 +8.4860e-001 -5.9961e-001 -2.1034e+000
331 0 +4.040786499e-003 +7.731404079e+001 +7.731404079e+001 +8.1572e-001 -6.4032e-001 -2.1201e+000
358 0 +2.528754830e-003 +7.731252875e+001 +7.731252875e+001 +9.7614e-001 -5.4987e-001 -2.1044e+000
461 0 +2.349448528e-003 +7.731234945e+001 +7.731234945e+001 +9.3441e-001 -5.7269e-001 -2.1066e+000
464 0 +2.019736300e-003 +7.731201974e+001 +7.731201974e+001 +9.3117e-001 -5.8714e-001 -2.1268e+000
491 0 +1.738527613e-003 +7.731173853e+001 +7.731173853e+001 +9.3982e-001 -5.7361e-001 -2.1114e+000
500 0 +1.135181807e-003 +7.731113518e+001 +7.731113518e+001 +9.1531e-001 -5.8574e-001 -2.1094e+000
507 0 +1.113003435e-003 +7.731111300e+001 +7.731111300e+001 +8.5517e-001 -6.4324e-001 -2.1480e+000
551 0 +7.921464813e-004 +7.731079215e+001 +7.731079215e+001 +9.7112e-001 -5.6053e-001 -2.1123e+000
567 0 +3.911871104e-004 +7.731039119e+001 +7.731039119e+001 +8.8124e-001 -6.1922e-001 -2.1338e+000
582 0 +2.283516003e-004 +7.731022835e+001 +7.731022835e+001 +8.9488e-001 -6.0979e-001 -2.1286e+000
681 0 +1.224815654e-004 +7.731012248e+001 +7.731012248e+001 +9.0781e-001 -6.0438e-001 -2.1309e+000
692 0 +2.685102878e-005 +7.731002685e+001 +7.731002685e+001 +9.1690e-001 -5.9375e-001 -2.1214e+000
752 0 +2.494624864e-005 +7.731002495e+001 +7.731002495e+001 +9.1654e-001 -5.9439e-001 -2.1221e+000
769 0 +8.969572960e-006 +7.731000897e+001 +7.731000897e+001 +8.9781e-001 -6.0585e-001 -2.1251e+000
823 0 +1.124023512e-006 +7.731000112e+001 +7.731000112e+001 +8.9085e-001 -6.1185e-001 -2.1290e+000
942 0 +8.147701891e-007 +7.731000081e+001 +7.731000081e+001 +8.9924e-001 -6.0468e-001 -2.1244e+000
997 0 +3.233860895e-007 +7.731000032e+001 +7.731000032e+001 +8.9635e-001 -6.0720e-001 -2.1261e+000
1075 0 +1.159193204e-007 +7.731000012e+001 +7.731000012e+001 +8.9660e-001 -6.0704e-001 -2.1260e+000
1103 0 +1.726105836e-008 +7.731000002e+001 +7.731000002e+001 +8.9618e-001 -6.0730e-001 -2.1261e+000
1320 0 +9.603482454e-009 +7.731000001e+001 +7.731000001e+001 +8.9456e-001 -6.0855e-001 -2.1268e+000
% f evaluations | g evaluations | best noise-free fitness - Fopt (3.992000000000e+001) + sum g_i+ | measured fitness | best measured fitness or single-digit g-values | x1 | x2...
1 0 +5.357504517e+001 +9.349504517e+001 +9.349504517e+001 -1.9353e+000 +4.0372e+000 +3.2843e+000
2 0 +3.582218534e+001 +7.574218534e+001 +7.574218534e+001 +3.2540e+000 -2.2646e+000 -2.2272e+000
4 0 +1.503659627e+001 +5.495659627e+001 +5.495659627e+001 +6.6801e-001 +9.4337e-001 +4.9758e+000
7 0 +8.904561432e+000 +4.882456143e+001 +4.882456143e+001 -4.3616e+000 +1.5393e+000 +6.0314e-001
11 0 +3.493891563e+000 +4.341389156e+001 +4.341389156e+001 +9.3660e-001 +7.1499e-002 +9.9187e-001
22 0 +2.226925142e+000 +4.214692514e+001 +4.214692514e+001 +3.7169e+000 -1.7383e+000 +3.7542e+000
75 0 +1.183518213e+000 +4.110351821e+001 +4.110351821e+001 +2.8830e+000 -1.0981e+000 +1.6219e+000
82 0 +5.917020206e-001 +4.051170202e+001 +4.051170202e+001 +3.3514e+000 -1.2262e+000 +2.0220e+000
102 0 +4.712330249e-001 +4.039123302e+001 +4.039123302e+001 +4.0576e+000 -1.4087e+000 +2.9323e+000
135 0 +4.595756477e-001 +4.037957565e+001 +4.037957565e+001 +3.4521e+000 -1.2778e+000 +2.1055e+000
162 0 +1.396264116e-001 +4.005962641e+001 +4.005962641e+001 +3.6838e+000 -1.3496e+000 +2.4552e+000
239 0 +7.114364183e-002 +3.999114364e+001 +3.999114364e+001 +4.0799e+000 -1.0540e+000 +2.1945e+000
260 0 +9.987294951e-003 +3.992998729e+001 +3.992998729e+001 +4.0104e+000 -8.6682e-001 +2.4414e+000
324 0 +5.233832713e-003 +3.992523383e+001 +3.992523383e+001 +3.9490e+000 -9.6831e-001 +2.4967e+000
353 0 +4.322561060e-003 +3.992432256e+001 +3.992432256e+001 +3.9618e+000 -1.0326e+000 +2.3803e+000
425 0 +3.316538373e-003 +3.992331654e+001 +3.992331654e+001 +3.9596e+000 -1.0304e+000 +2.4147e+000
475 0 +2.241784996e-003 +3.992224178e+001 +3.992224178e+001 +3.9499e+000 -1.0094e+000 +2.4601e+000
518 0 +8.710285049e-004 +3.992087103e+001 +3.992087103e+001 +3.9580e+000 -1.0753e+000 +2.3590e+000
522 0 +6.364615665e-004 +3.992063646e+001 +3.992063646e+001 +3.9538e+000 -1.0438e+000 +2.4031e+000
558 0 +9.784689519e-005 +3.992009785e+001 +3.992009785e+001 +3.9515e+000 -1.0613e+000 +2.3917e+000
655 0 +1.058101046e-005 +3.992001058e+001 +3.992001058e+001 +3.9529e+000 -1.0580e+000 +2.3916e+000
792 0 +6.066199283e-006 +3.992000607e+001 +3.992000607e+001 +3.9504e+000 -1.0681e+000 +2.3874e+000
805 0 +4.210123620e-006 +3.992000421e+001 +3.992000421e+001 +3.9513e+000 -1.0679e+000 +2.3849e+000
899 0 +3.679408344e-006 +3.992000368e+001 +3.992000368e+001 +3.9506e+000 -1.0705e+000 +2.3840e+000
930 0 +2.867196933e-006 +3.992000287e+001 +3.992000287e+001 +3.9507e+000 -1.0683e+000 +2.3862e+000
958 0 +2.274653440e-006 +3.992000227e+001 +3.992000227e+001 +3.9530e+000 -1.0581e+000 +2.3912e+000
1006 0 +8.146230428e-007 +3.992000081e+001 +3.992000081e+001 +3.9509e+000 -1.0672e+000 +2.3868e+000
1094 0 +4.109653915e-007 +3.992000041e+001 +3.992000041e+001 +3.9505e+000 -1.0700e+000 +2.3849e+000
1117 0 +3.525583026e-007 +3.992000035e+001 +3.992000035e+001 +3.9508e+000 -1.0685e+000 +2.3857e+000
1159 0 +5.260177005e-008 +3.992000005e+001 +3.992000005e+001 +3.9507e+000 -1.0683e+000 +2.3862e+000
1200 0 +6.362760985e-009 +3.992000001e+001 +3.992000001e+001 +3.9506e+000 -1.0686e+000 +2.3860e+000
% f evaluations | g evaluations | best noise-free fitness - Fopt (-5.661000000000e+001) + sum g_i+ | measured fitness | best measured fitness or single-digit g-values | x1 | x2...
1 0 +5.808232303e+000 -5.080176770e+001 -5.080176770e+001 -3.6103e+000 +3.1373e+000 +2.2933e+000
8 0 +5.401939912e+000 -5.120806009e+001 -5.120806009e+001 +5.0000e+000 +1.0431e+000 +1.3594e+000
11 0 +1.358544403e+000 -5.525145560e+001 -5.525145560e+001 +6.4072e-001 +2.1468e+000 +3.5703e+000
52 0 +6.116230670e-001 -5.599837693e+001 -5.599837693e+001 +1.3947e+000 +2.2179e+000 +3.3618e+000
95 0 +4.985838963e-001 -5.611141610e+001 -5.611141610e+001 +1.4261e+000 +2.5613e+000 +3.1725e+000
118 0 +2.289859078e-001 -5.638101409e+001 -5.638101409e+001 +1.7098e+000 +2.5835e+000 +3.1315e+000
121 0 +1.587509949e-001 -5.645124901e+001 -5.645124901e+001 +1.9683e+000 +3.3484e+000 +3.2751e+000
206 0 +1.453540332e-001 -5.646464597e+001 -5.646464597e+001 +1.9571e+000 +2.4102e+000 +3.4496e+000
220 0 +7.206093340e-002 -5.653793907e+001 -5.653793907e+001 +1.9879e+000 +2.8008e+000 +3.0814e+000
250 0 +2.626239831e-002 -5.658373760e+001 -5.658373760e+001 +1.9187e+000 +3.0567e+000 +2.9564e+000
310 0 +2.333310905e-002 -5.658666689e+001 -5.658666689e+001 +1.9187e+000 +2.8796e+000 +3.1814e+000
312 0 +3.526177003e-003 -5.660647382e+001 -5.660647382e+001 +1.9497e+000 +2.8096e+000 +3.3035e+000
414 0 +3.638378526e-004 -5.660963616e+001 -5.660963616e+001 +1.9523e+000 +2.9238e+000 +3.2155e+000
539 0 +2.844457129e-004 -5.660971555e+001 -5.660971555e+001 +1.9506e+000 +2.9064e+000 +3.2225e+000
542 0 +2.662305848e-004 -5.660973377e+001 -5.660973377e+001 +1.9509e+000 +2.8954e+000 +3.2334e+000
641 0 +9.645481389e-005 -5.660990355e+001 -5.660990355e+001 +1.9486e+000 +2.9157e+000 +3.1978e+000
684 0 +3.469168736e-005 -5.660996531e+001 -5.660996531e+001 +1.9495e+000 +2.9281e+000 +3.1945e+000
787 0 +2.441201834e-005 -5.660997559e+001 -5.660997559e+001 +1.9515e+000 +2.9069e+000 +3.2266e+000
801 0 +2.247641136e-005 -5.660997752e+001 -5.660997752e+001 +1.9511e+000 +2.9126e+000 +3.2187e+000
808 0 +1.379634645e-005 -5.660998620e+001 -5.660998620e+001 +1.9495e+000 +2.9247e+000 +3.1974e+000
834 0 +3.018695274e-006 -5.660999698e+001 -5.660999698e+001 +1.9506e+000 +2.9178e+000 +3.2110e+000
900 0 +2.444510656e-006 -5.660999756e+001 -5.660999756e+001 +1.9504e+000 +2.9213e+000 +3.2065e+000
1012 0 +1.448658438e-007 -5.660999986e+001 -5.660999986e+001 +1.9504e+000 +2.9210e+000 +3.2070e+000
1190 0 +3.454168507e-008 -5.660999997e+001 -5.660999997e+001 +1.9505e+000 +2.9208e+000 +3.2079e+000
1308 0 +3.068350907e-008 -5.660999997e+001 -5.660999997e+001 +1.9504e+000 +2.9216e+000 +3.2063e+000
1351 0 +1.666613514e-009 -5.661000000e+001 -5.661000000e+001 +1.9504e+000 +2.9218e+000 +3.2060e+000
% f evaluations | g evaluations | best noise-free fitness - Fopt (3.270000000000e+001) + sum g_i+ | measured fitness | best measured fitness or single-digit g-values | x1 | x2...
1 0 +6.385006436e+001 +9.655006436e+001 +9.655006436e+001 +3.5139e+000 -4.3121e+000 +2.1741e+000
2 0 +4.713525887e+000 +3.741352589e+001 +3.741352589e+001 +3.5156e-001 -8.0920e-001 -1.7510e+000
34 0 +2.065043726e+000 +3.476504373e+001 +3.476504373e+001 -3.1369e+000 -1.3512e+000 -1.2188e+000
37 0 +1.150257368e+000 +3.385025737e+001 +3.385025737e+001 -1.0108e+000 -1.8184e+000 +7.0667e-001
81 0 +4.681024681e-001 +3.316810247e+001 +3.316810247e+001 -2.3061e+000 -8.7215e-001 +3.6323e-001
88 0 +7.056018957e-002 +3.277056019e+001 +3.277056019e+001 -1.8860e+000 -1.6976e+000 +2.8473e-001
98 0 +2.152669079e-002 +3.272152669e+001 +3.272152669e+001 -1.9847e+000 -1.7314e+000 +3.1104e-001
285 0 +2.106660055e-002 +3.272106660e+001 +3.272106660e+001 -2.0678e+000 -1.4567e+000 +2.1644e-001
376 0 +1.585510627e-002 +3.271585511e+001 +3.271585511e+001 -2.0113e+000 -1.7778e+000 +3.2163e-001
402 0 +6.881642055e-003 +3.270688164e+001 +3.270688164e+001 -2.0417e+000 -1.6025e+000 +2.7617e-001
428 0 +2.249979275e-003 +3.270224998e+001 +3.270224998e+001 -2.0450e+000 -1.7091e+000 +3.1104e-001
472 0 +1.912061438e-003 +3.270191206e+001 +3.270191206e+001 -2.1072e+000 -1.5065e+000 +2.3770e-001
532 0 +9.101036343e-004 +3.270091010e+001 +3.270091010e+001 -2.0863e+000 -1.6447e+000 +2.7959e-001
600 0 +6.865128858e-004 +3.270068651e+001 +3.270068651e+001 -2.0736e+000 -1.6235e+000 +2.7831e-001
609 0 +2.738627144e-004 +3.270027386e+001 +3.270027386e+001 -2.0748e+000 -1.6173e+000 +2.7683e-001
614 0 +2.195526540e-004 +3.270021955e+001 +3.270021955e+001 -2.0682e+000 -1.6235e+000 +2.8096e-001
683 0 +1.348106568e-004 +3.270013481e+001 +3.270013481e+001 -2.0748e+000 -1.6073e+000 +2.7445e-001
713 0 +5.401379302e-005 +3.270005401e+001 +3.270005401e+001 -2.0745e+000 -1.6087e+000 +2.7497e-001
719 0 +2.920583305e-005 +3.270002921e+001 +3.270002921e+001 -2.0727e+000 -1.5874e+000 +2.7021e-001
803 0 +1.304504153e-005 +3.270001305e+001 +3.270001305e+001 -2.0771e+000 -1.5985e+000 +2.7168e-001
945 0 +1.282381128e-006 +3.270000128e+001 +3.270000128e+001 -2.0760e+000 -1.6054e+000 +2.7374e-001
1094 0 +4.500150368e-007 +3.270000045e+001 +3.270000045e+001 -2.0757e+000 -1.6004e+000 +2.7257e-001
1294 0 +4.356946022e-007 +3.270000044e+001 +3.270000044e+001 -2.0762e+000 -1.6013e+000 +2.7268e-001
1322 0 +1.673901338e-007 +3.270000017e+001 +3.270000017e+001 -2.0757e+000 -1.6040e+000 +2.7348e-001
1338 0 +5.376330137e-008 +3.270000005e+001 +3.270000005e+001 -2.0759e+000 -1.6021e+000 +2.7295e-001
1405 0 +4.874036108e-008 +3.270000005e+001 +3.270000005e+001 -2.0761e+000 -1.6012e+000 +2.7268e-001
1413 0 +1.007676076e-008 +3.270000001e+001 +3.270000001e+001 -2.0761e+000 -1.6004e+000 +2.7249e-001
1603 0 +8.196352042e-009 +3.270000001e+001 +3.270000001e+001 -2.0758e+000 -1.6025e+000 +2.7309e-001
% f evaluations | g evaluations | best noise-free fitness - Fopt (-3.943000000000e+001) + sum g_i+ | measured fitness | best measured fitness or single-digit g-values | x1 | x2...
1 0 +1.666718947e+000 -3.776328105e+001 -3.776328105e+001 +3.9383e+000 +2.1943e+000 +1.7374e+000
75 0 +6.254913388e-001 -3.880450866e+001 -3.880450866e+001 +3.3295e+000 +4.1716e+000 +2.8678e+000
114 0 +5.759119770e-001 -3.885408802e+001 -3.885408802e+001 +3.9325e+000 +4.0991e+000 +2.7506e+000
127 0 +2.481433798e-001 -3.918185662e+001 -3.918185662e+001 +3.4635e+000 +3.4487e+000 +2.4880e+000
183 0 +8.729442297e-002 -3.934270558e+001 -3.934270558e+001 +3.9842e+000 +3.1177e+000 +3.2155e+000
220 0 +4.359382523e-002 -3.938640617e+001 -3.938640617e+001 +3.8739e+000 +3.4532e+000 +2.8947e+000
239 0 +3.674537551e-002 -3.939325462e+001 -3.939325462e+001 +3.8094e+000 +3.4717e+000 +2.7763e+000
252 0 +1.717156070e-002 -3.941282844e+001 -3.941282844e+001 +3.8000e+000 +3.4148e+000 +2.9018e+000
295 0 +1.033176212e-002 -3.941966824e+001 -3.941966824e+001 +3.8353e+000 +3.3654e+000 +2.9166e+000
310 0 +9.947298207e-003 -3.942005270e+001 -3.942005270e+001 +3.8374e+000 +3.4268e+000 +2.8591e+000
339 0 +7.764866532e-003 -3.942223513e+001 -3.942223513e+001 +3.9259e+000 +3.3460e+000 +2.9437e+000
340 0 +4.129431799e-003 -3.942587057e+001 -3.942587057e+001 +3.7601e+000 +3.3959e+000 +2.8920e+000
428 0 +1.498411980e-003 -3.942850159e+001 -3.942850159e+001 +3.7938e+000 +3.3718e+000 +2.9234e+000
439 0 +1.397040575e-003 -3.942860296e+001 -3.942860296e+001 +3.8319e+000 +3.3476e+000 +2.9550e+000
548 0 +8.462351779e-004 -3.942915376e+001 -3.942915376e+001 +3.7938e+000 +3.3557e+000 +2.9431e+000
559 0 +7.912407716e-004 -3.942920876e+001 -3.942920876e+001 +3.8515e+000 +3.3606e+000 +2.9382e+000
578 0 +2.467471242e-004 -3.942975325e+001 -3.942975325e+001 +3.7938e+000 +3.3697e+000 +2.9284e+000
622 0 +6.923389475e-005 -3.942993077e+001 -3.942993077e+001 +3.7780e+000 +3.3758e+000 +2.9214e+000
747 0 +4.065148657e-005 -3.942995935e+001 -3.942995935e+001 +3.7762e+000 +3.3738e+000 +2.9235e+000
755 0 +3.203779798e-005 -3.942996796e+001 -3.942996796e+001 +3.7781e+000 +3.3752e+000 +2.9219e+000
812 0 +5.211127736e-006 -3.942999479e+001 -3.942999479e+001 +3.7759e+000 +3.3737e+000 +2.9237e+000
962 0 +4.848196284e-006 -3.942999515e+001 -3.942999515e+001 +3.7501e+000 +3.3830e+000 +2.9133e+000
974 0 +8.669303284e-007 -3.942999913e+001 -3.942999913e+001 +3.7695e+000 +3.3771e+000 +2.9199e+000
1011 0 +2.433091808e-007 -3.942999976e+001 -3.942999976e+001 +3.7632e+000 +3.3792e+000 +2.9175e+000
1136 0 +1.789738135e-007 -3.942999982e+001 -3.942999982e+001 +3.7703e+000 +3.3771e+000 +2.9199e+000
1142 0 +1.475120328e-007 -3.942999985e+001 -3.942999985e+001 +3.7683e+000 +3.3776e+000 +2.9193e+000
1198 0 +1.121137885e-007 -3.942999989e+001 -3.942999989e+001 +3.7663e+000 +3.3781e+000 +2.9187e+000
1220 0 +6.619012538e-008 -3.942999993e+001 -3.942999993e+001 +3.7673e+000 +3.3779e+000 +2.9190e+000
1227 0 +5.006361192e-008 -3.942999995e+001 -3.942999995e+001 +3.7640e+000 +3.3789e+000 +2.9178e+000
1257 0 +1.713166142e-008 -3.942999998e+001 -3.942999998e+001 +3.7665e+000 +3.3782e+000 +2.9186e+000
1307 0 +1.532991689e-008 -3.942999998e+001 -3.942999998e+001 +3.7651e+000 +3.3785e+000 +2.9183e+000
1328 0 +1.200959332e-008 -3.942999999e+001 -3.942999999e+001 +3.7676e+000 +3.3778e+000 +2.9190e+000
1373 0 +3.178357133e-009 -3.943000000e+001 -3.943000000e+001 +3.7663e+000 +3.3782e+000 +2.9186e+000
% f evaluations | g evaluations | best noise-free fitness - Fopt (4.197200000000e+002) + sum g_i+ | measured fitness | best measured fitness or single-digit g-values | x1 | x2...
1 0 +1.587286766e+001 +4.355928677e+002 +4.355928677e+002 -2.2037e+000 +3.8432e-001 -6.3129e-001
2 0 +1.079007377e+001 +4.305100738e+002 +4.305100738e+002 +4.8066e-001 -5.8895e-001 -1.3359e+000
6 0 +3.610095351e+000 +4.233300954e+002 +4.233300954e+002 -1.9034e+000 +3.8108e+000 +2.1183e+000
14 0 +1.748818555e+000 +4.214688186e+002 +4.214688186e+002 -1.2050e+000 +3.4812e+000 -2.9613e+000
61 0 +1.519969398e+000 +4.212399694e+002 +4.212399694e+002 -8.0113e-001 +3.8507e+000 -1.6358e-001
63 0 +1.152924136e+000 +4.208729241e+002 +4.208729241e+002 -1.0060e+000 +3.5893e+000 -2.2854e+000
99 0 +8.226187993e-001 +4.205426188e+002 +4.205426188e+002 -8.8184e-001 +1.7969e+000 -9.5652e-001
132 0 +2.035459551e-001 +4.199235460e+002 +4.199235460e+002 -1.2728e+000 +2.9406e+000 -1.1708e+000
164 0 +7.975006572e-002 +4.197997501e+002 +4.197997501e+002 -1.0649e+000 +2.9609e+000 -1.3176e+000
187 0 +3.802868929e-002 +4.197580287e+002 +4.197580287e+002 -1.3319e+000 +2.6027e+000 -1.2767e+000
281 0 +2.144827120e-002 +4.197414483e+002 +4.197414483e+002 -1.1591e+000 +2.7934e+000 -1.3503e+000
306 0 +1.897332857e-002 +4.197389733e+002 +4.197389733e+002 -1.0163e+000 +2.7514e+000 -1.3241e+000
323 0 +1.512591756e-002 +4.197351259e+002 +4.197351259e+002 -9.6634e-001 +2.8563e+000 -1.3685e+000
332 0 +1.005631558e-002 +4.197300563e+002 +4.197300563e+002 -1.1759e+000 +2.7464e+000 -1.2938e+000
346 0 +3.882330384e-003 +4.197238823e+002 +4.197238823e+002 -1.1301e+000 +2.7710e+000 -1.3123e+000
365 0 +1.558304653e-003 +4.197215583e+002 +4.197215583e+002 -1.1904e+000 +2.7436e+000 -1.3017e+000
438 0 +3.021656703e-004 +4.197203022e+002 +4.197203022e+002 -1.1428e+000 +2.7588e+000 -1.3109e+000
592 0 +2.168535420e-004 +4.197202169e+002 +4.197202169e+002 -1.1608e+000 +2.7745e+000 -1.3177e+000
658 0 +2.918613785e-005 +4.197200292e+002 +4.197200292e+002 -1.1661e+000 +2.7597e+000 -1.3111e+000
691 0 +5.631222166e-006 +4.197200056e+002 +4.197200056e+002 -1.1566e+000 +2.7661e+000 -1.3141e+000
848 0 +1.178536650e-006 +4.197200012e+002 +4.197200012e+002 -1.1709e+000 +2.7550e+000 -1.3088e+000
942 0 +5.373020144e-007 +4.197200005e+002 +4.197200005e+002 -1.1697e+000 +2.7552e+000 -1.3089e+000
1029 0 +3.795055932e-007 +4.197200004e+002 +4.197200004e+002 -1.1662e+000 +2.7586e+000 -1.3105e+000
1043 0 +2.095480340e-007 +4.197200002e+002 +4.197200002e+002 -1.1680e+000 +2.7562e+000 -1.3094e+000
1127 0 +9.804659840e-008 +4.197200001e+002 +4.197200001e+002 -1.1642e+000 +2.7603e+000 -1.3114e+000
1159 0 +7.794614021e-008 +4.197200001e+002 +4.197200001e+002 -1.1659e+000 +2.7586e+000 -1.3105e+000
1170 0 +1.486517931e-008 +4.197200000e+002 +4.197200000e+002 -1.1658e+000 +2.7589e+000 -1.3107e+000
1311 0 +1.364554691e-008 +4.197200000e+002 +4.197200000e+002 -1.1638e+000 +2.7609e+000 -1.3116e+000
1313 0 +4.094943051e-009 +4.197200000e+002 +4.197200000e+002 -1.1657e+000 +2.7591e+000 -1.3108e+000
% f evaluations | g evaluations | best noise-free fitness - Fopt (7.640000000000e+000) + sum g_i+ | measured fitness | best measured fitness or single-digit g-values | x1 | x2...
1 0 +1.599154988e+002 +1.675554988e+002 +1.675554988e+002 -3.3765e+000 +2.7953e+000 -2.7805e+000
2 0 +1.893258886e+001 +2.657258886e+001 +2.657258886e+001 -3.3550e+000 -3.4150e+000 +4.1519e+000
5 0 +6.091442641e+000 +1.373144264e+001 +1.373144264e+001 +5.0000e+000 +5.0000e+000 +5.0000e+000
11 0 +4.234549776e+000 +1.187454978e+001 +1.187454978e+001 -5.2701e-002 +1.2534e+000 +1.6168e+000
18 0 +1.189504071e+000 +8.829504071e+000 +8.829504071e+000 +2.9577e+000 +3.5909e+000 +2.8273e+000
35 0 +1.076067965e+000 +8.716067965e+000 +8.716067965e+000 +3.4535e+000 +2.9807e+000 +3.8505e+000
93 0 +9.779976079e-001 +8.617997608e+000 +8.617997608e+000 +4.1350e+000 +3.1838e+000 +1.9847e+000
108 0 +9.645658933e-001 +8.604565893e+000 +8.604565893e+000 +3.8637e+000 +3.5907e+000 +2.9954e+000
127 0 +6.620522744e-001 +8.302052274e+000 +8.302052274e+000 +3.5734e+000 +3.4928e+000 +2.4459e+000
140 0 +6.114066382e-002 +7.701140664e+000 +7.701140664e+000 +3.4761e+000 +2.5396e+000 +3.0418e+000
224 0 +4.506732829e-002 +7.685067328e+000 +7.685067328e+000 +3.4907e+000 +2.5570e+000 +2.9688e+000
242 0 +2.067856342e-002 +7.660678563e+000 +7.660678563e+000 +3.4615e+000 +2.6405e+000 +2.8690e+000
314 0 +6.280243255e-003 +7.646280243e+000 +7.646280243e+000 +3.4776e+000 +2.6985e+000 +2.6201e+000
320 0 +4.101220432e-003 +7.644101220e+000 +7.644101220e+000 +3.5266e+000 +2.5933e+000 +2.8991e+000
389 0 +1.269622252e-003 +7.641269622e+000 +7.641269622e+000 +3.5089e+000 +2.6208e+000 +2.8704e+000
505 0 +2.462336177e-004 +7.640246234e+000 +7.640246234e+000 +3.5175e+000 +2.6381e+000 +2.7421e+000
585 0 +1.950444562e-004 +7.640195044e+000 +7.640195044e+000 +3.5304e+000 +2.6300e+000 +2.7203e+000
603 0 +1.808784364e-004 +7.640180878e+000 +7.640180878e+000 +3.5264e+000 +2.6327e+000 +2.7269e+000
648 0 +1.611706973e-004 +7.640161171e+000 +7.640161171e+000 +3.5178e+000 +2.6366e+000 +2.7512e+000
718 0 +8.044261426e-005 +7.640080443e+000 +7.640080443e+000 +3.5242e+000 +2.6275e+000 +2.7638e+000
726 0 +6.217389137e-005 +7.640062174e+000 +7.640062174e+000 +3.5168e+000 +2.6336e+000 +2.7697e+000
739 0 +4.503861741e-005 +7.640045039e+000 +7.640045039e+000 +3.5181e+000 +2.6339e+000 +2.7619e+000
743 0 +5.690874862e-006 +7.640005691e+000 +7.640005691e+000 +3.5207e+000 +2.6284e+000 +2.7763e+000
816 0 +3.515041167e-006 +7.640003515e+000 +7.640003515e+000 +3.5229e+000 +2.6275e+000 +2.7697e+000
876 0 +3.431893771e-006 +7.640003432e+000 +7.640003432e+000 +3.5228e+000 +2.6275e+000 +2.7698e+000
883 0 +1.147739144e-006 +7.640001148e+000 +7.640001148e+000 +3.5222e+000 +2.6293e+000 +2.7639e+000
986 0 +6.901509186e-007 +7.640000690e+000 +7.640000690e+000 +3.5223e+000 +2.6286e+000 +2.7669e+000
1008 0 +5.510849510e-007 +7.640000551e+000 +7.640000551e+000 +3.5219e+000 +2.6297e+000 +2.7637e+000
1073 0 +1.193435439e-007 +7.640000119e+000 +7.640000119e+000 +3.5224e+000 +2.6295e+000 +2.7624e+000
1193 0 +1.085105241e-007 +7.640000109e+000 +7.640000109e+000 +3.5224e+000 +2.6295e+000 +2.7624e+000
1201 0 +1.608833422e-008 +7.640000016e+000 +7.640000016e+000 +3.5224e+000 +2.6287e+000 +2.7658e+000
1351 0 +1.483479029e-008 +7.640000015e+000 +7.640000015e+000 +3.5223e+000 +2.6288e+000 +2.7659e+000
1352 0 +9.844248083e-009 +7.640000010e+000 +7.640000010e+000 +3.5224e+000 +2.6289e+000 +2.7653e+000
% f evaluations | g evaluations | best noise-free fitness - Fopt (-1.276800000000e+002) + sum g_i+ | measured fitness | best measured fitness or single-digit g-values | x1 | x2...
1 0 +1.860901760e+000 -1.258190982e+002 -1.258190982e+002 +2.7375e+000 +2.5706e+000 +4.0265e+000
57 0 +1.835528936e+000 -1.258444711e+002 -1.258444711e+002 +6.3472e-001 +4.3299e+000 +2.4425e+000
59 0 +1.340430132e+000 -1.263395699e+002 -1.263395699e+002 +3.5073e+000 +3.2728e+000 +3.1965e+000
63 0 +1.236350429e+000 -1.264436496e+002 -1.264436496e+002 +3.0586e+000 +3.5311e+000 +1.6746e+000
93 0 +1.004432383e+000 -1.266755676e+002 -1.266755676e+002 +3.2694e+000 +3.5361e+000 +2.2607e+000
96 0 +3.762802770e-001 -1.273037197e+002 -1.273037197e+002 +1.8844e+000 +4.1036e+000 +2.9002e+000
98 0 +3.446570956e-001 -1.273353429e+002 -1.273353429e+002 +2.7371e+000 +3.9762e+000 +2.2180e+000
102 0 +1.013435960e-001 -1.275786564e+002 -1.275786564e+002 +2.1928e+000 +3.8325e+000 +2.3528e+000
220 0 +5.880810132e-002 -1.276211919e+002 -1.276211919e+002 +2.3345e+000 +3.8324e+000 +2.7424e+000
237 0 +3.624428939e-002 -1.276437557e+002 -1.276437557e+002 +2.3648e+000 +3.8174e+000 +2.5884e+000
313 0 +2.401955887e-002 -1.276559804e+002 -1.276559804e+002 +2.1465e+000 +3.7976e+000 +2.6036e+000
329 0 +2.203441347e-002 -1.276579656e+002 -1.276579656e+002 +2.1854e+000 +3.8250e+000 +2.6668e+000
333 0 +1.918286247e-002 -1.276608171e+002 -1.276608171e+002 +2.4574e+000 +3.8862e+000 +2.5732e+000
351 0 +1.439811655e-002 -1.276656019e+002 -1.276656019e+002 +2.2383e+000 +3.7883e+000 +2.5629e+000
393 0 +7.655555257e-003 -1.276723444e+002 -1.276723444e+002 +2.2662e+000 +3.7606e+000 +2.4214e+000
399 0 +5.684198121e-003 -1.276743158e+002 -1.276743158e+002 +2.2648e+000 +3.7990e+000 +2.5375e+000
442 0 +2.313527640e-003 -1.276776865e+002 -1.276776865e+002 +2.2534e+000 +3.7915e+000 +2.5149e+000
471 0 +1.925282260e-003 -1.276780747e+002 -1.276780747e+002 +2.2688e+000 +3.8058e+000 +2.5409e+000
488 0 +9.118500820e-005 -1.276799088e+002 -1.276799088e+002 +2.2534e+000 +3.7854e+000 +2.4878e+000
675 0 +5.717190498e-005 -1.276799428e+002 -1.276799428e+002 +2.2649e+000 +3.7961e+000 +2.5083e+000
683 0 +4.443159774e-005 -1.276799556e+002 -1.276799556e+002 +2.2775e+000 +3.8122e+000 +2.5445e+000
711 0 +1.379928757e-005 -1.276799862e+002 -1.276799862e+002 +2.2650e+000 +3.7998e+000 +2.5199e+000
888 0 +1.167134823e-005 -1.276799883e+002 -1.276799883e+002 +2.2630e+000 +3.7990e+000 +2.5199e+000
921 0 +2.927026927e-006 -1.276799971e+002 -1.276799971e+002 +2.2617e+000 +3.7973e+000 +2.5160e+000
960 0 +1.192489293e-006 -1.276799988e+002 -1.276799988e+002 +2.2573e+000 +3.7934e+000 +2.5087e+000
1048 0 +2.687869483e-007 -1.276799997e+002 -1.276799997e+002 +2.2605e+000 +3.7959e+000 +2.5129e+000
1208 0 +1.553927831e-007 -1.276799998e+002 -1.276799998e+002 +2.2627e+000 +3.7980e+000 +2.5168e+000
1213 0 +5.798240466e-008 -1.276799999e+002 -1.276799999e+002 +2.2625e+000 +3.7976e+000 +2.5158e+000
1247 0 +3.752580824e-008 -1.276800000e+002 -1.276800000e+002 +2.2625e+000 +3.7977e+000 +2.5162e+000
1427 0 +2.870976346e-008 -1.276800000e+002 -1.276800000e+002 +2.2621e+000 +3.7974e+000 +2.5156e+000
1450 0 +2.168583535e-008 -1.276800000e+002 -1.276800000e+002 +2.2616e+000 +3.7969e+000 +2.5148e+000
1533 0 +1.010840833e-008 -1.276800000e+002 -1.276800000e+002 +2.2633e+000 +3.7984e+000 +2.5174e+000
1604 0 +2.852402758e-010 -1.276800000e+002 -1.276800000e+002 +2.2624e+000 +3.7976e+000 +2.5159e+000
% f evaluations | g evaluations | best noise-free fitness - Fopt (-3.650000000000e+001) + sum g_i+ | measured fitness | best measured fitness or single-digit g-values | x1 | x2...
1 0 +2.788783634e+002 +2.423783634e+002 +2.423783634e+002 -1.1541e+000 -3.9888e+000 -9.6224e-001
2 0 +1.751811837e+001 -1.898188163e+001 -1.898188163e+001 +4.9363e+000 -7.6651e-003 -2.4573e+000
4 0 +1.172972294e+001 -2.477027706e+001 -2.477027706e+001 +2.8007e+000 +2.1813e+000 -2.0104e+000
22 0 +1.174925762e+000 -3.532507424e+001 -3.532507424e+001 +2.6559e+000 -8.5124e-002 +3.7405e+000
64 0 +2.823220158e-001 -3.621767798e+001 -3.621767798e+001 +2.3694e+000 +1.0320e+000 +3.2319e+000
162 0 +2.809385727e-001 -3.621906143e+001 -3.621906143e+001 +2.6147e+000 +7.1005e-001 +3.3901e+000
205 0 +1.963796901e-001 -3.630362031e+001 -3.630362031e+001 +1.9755e+000 +3.3911e-001 +3.1283e+000
207 0 +1.779055376e-001 -3.632209446e+001 -3.632209446e+001 +2.2161e+000 +1.9762e-001 +2.7909e+000
214 0 +1.760368470e-001 -3.632396315e+001 -3.632396315e+001 +1.9086e+000 +2.1631e-001 +2.9814e+000
217 0 +1.396703073e-001 -3.636032969e+001 -3.636032969e+001 +1.9356e+000 +7.3250e-001 +3.1008e+000
227 0 +9.023290250e-002 -3.640976710e+001 -3.640976710e+001 +2.1290e+000 +4.0454e-001 +2.8789e+000
237 0 +8.081955467e-002 -3.641918045e+001 -3.641918045e+001 +1.9076e+000 +4.0460e-001 +2.6893e+000
247 0 +5.889197349e-002 -3.644110803e+001 -3.644110803e+001 +2.1146e+000 +8.1409e-001 +3.0396e+000
266 0 +3.478977794e-002 -3.646521022e+001 -3.646521022e+001 +2.0581e+000 +5.4146e-001 +3.0302e+000
284 0 +9.382447048e-003 -3.649061755e+001 -3.649061755e+001 +2.0816e+000 +5.6447e-001 +3.0244e+000
314 0 +1.846791435e-003 -3.649815321e+001 -3.649815321e+001 +2.0708e+000 +4.0871e-001 +2.9549e+000
538 0 +1.106564696e-003 -3.649889344e+001 -3.649889344e+001 +2.0575e+000 +4.4954e-001 +2.9498e+000
555 0 +9.408778546e-004 -3.649905912e+001 -3.649905912e+001 +2.0707e+000 +4.3191e-001 +2.9605e+000
623 0 +6.520906283e-004 -3.649934791e+001 -3.649934791e+001 +2.0741e+000 +4.8517e-001 +2.9793e+000
624 0 +5.544021360e-004 -3.649944560e+001 -3.649944560e+001 +2.0922e+000 +4.8598e-001 +2.9989e+000
686 0 +1.341842718e-004 -3.649986582e+001 -3.649986582e+001 +2.0913e+000 +4.9005e-001 +3.0002e+000
713 0 +9.962331872e-005 -3.649990038e+001 -3.649990038e+001 +2.0980e+000 +5.0360e-001 +3.0117e+000
807 0 +4.182305703e-005 -3.649995818e+001 -3.649995818e+001 +2.0991e+000 +4.9809e-001 +3.0113e+000
862 0 +1.796886487e-006 -3.649999820e+001 -3.649999820e+001 +2.0942e+000 +4.9605e-001 +3.0050e+000
1066 0 +5.960385678e-007 -3.649999940e+001 -3.649999940e+001 +2.0971e+000 +5.0224e-001 +3.0101e+000
1117 0 +3.826921215e-007 -3.649999962e+001 -3.649999962e+001 +2.0959e+000 +4.9827e-001 +3.0076e+000
1183 0 +1.874208309e-007 -3.649999981e+001 -3.649999981e+001 +2.0977e+000 +5.0562e-001 +3.0118e+000
1211 0 +5.154797122e-008 -3.649999995e+001 -3.649999995e+001 +2.0962e+000 +4.9947e-001 +3.0083e+000
1243 0 +4.981971813e-008 -3.649999995e+001 -3.649999995e+001 +2.0965e+000 +5.0079e-001 +3.0090e+000
1264 0 +3.421094164e-008 -3.649999997e+001 -3.649999997e+001 +2.0968e+000 +5.0142e-001 +3.0095e+000
1349 0 +2.795353282e-008 -3.649999997e+001 -3.649999997e+001 +2.0968e+000 +5.0114e-001 +3.0095e+000
1375 0 +6.780481954e-009 -3.649999999e+001 -3.649999999e+001 +2.0965e+000 +5.0067e-001 +3.0090e+000
% f evaluations | g evaluations | best noise-free fitness - Fopt (1.728700000000e+002) + sum g_i+ | measured fitness | best measured fitness or single-digit g-values | x1 | x2...
1 0 +4.292250748e+002 +6.020950748e+002 +6.020950748e+002 -4.1573e+000 -4.0114e+000 +3.5972e+000
2 0 +3.099889096e+001 +2.038688910e+002 +2.038688910e+002 -8.2353e-001 +4.3943e+000 +4.1795e+000
4 0 +8.880226085e+000 +1.817502261e+002 +1.817502261e+002 +1.9315e+000 -2.6276e+000 +2.7798e+000
9 0 +5.267248481e+000 +1.781372485e+002 +1.781372485e+002 +2.1052e+000 +2.2601e+000 +5.0000e+000
10 0 +4.350648548e+000 +1.772206485e+002 +1.772206485e+002 +2.5668e+000 +1.8788e+000 +2.6067e+000
19 0 +3.781660758e+000 +1.766516608e+002 +1.766516608e+002 +1.7349e+000 -3.3326e+000 -1.9787e-001
64 0 +3.418996011e+000 +1.762889960e+002 +1.762889960e+002 +2.3171e+000 -3.4610e+000 -1.1546e-001
70 0 +3.260681171e+000 +1.761306812e+002 +1.761306812e+002 +2.0360e+000 -1.7959e+000 -9.3776e-001
79 0 +2.726253556e+000 +1.755962536e+002 +1.755962536e+002 +2.3605e+000 -3.0168e+000 +4.2108e-001
86 0 +1.157056110e+000 +1.740270561e+002 +1.740270561e+002 +3.6677e+000 -6.1144e-001 +3.1082e+000
116 0 +9.728291432e-001 +1.738428291e+002 +1.738428291e+002 +3.2934e+000 -1.4084e+000 +3.0366e+000
127 0 +5.573135595e-001 +1.734273136e+002 +1.734273136e+002 +3.3088e+000 +2.2919e-002 +1.7103e+000
146 0 +4.229346321e-001 +1.732929346e+002 +1.732929346e+002 +2.4617e+000 -8.2351e-001 +1.7386e+000
164 0 +4.047896427e-001 +1.732747896e+002 +1.732747896e+002 +3.5533e+000 -8.0793e-001 +2.3600e+000
206 0 +3.266298528e-001 +1.731966299e+002 +1.731966299e+002 +3.0532e+000 -9.3982e-001 +1.7388e+000
222 0 +1.744061037e-001 +1.730444061e+002 +1.730444061e+002 +2.9610e+000 -4.5099e-001 +1.7228e+000
223 0 +8.281458435e-002 +1.729528146e+002 +1.729528146e+002 +2.9662e+000 -6.9444e-001 +2.0942e+000
244 0 +2.639326939e-002 +1.728963933e+002 +1.728963933e+002 +2.9783e+000 -7.8978e-001 +2.0838e+000
297 0 +1.989943171e-003 +1.728719899e+002 +1.728719899e+002 +3.0094e+000 -7.8273e-001 +2.0390e+000
446 0 +8.065244149e-004 +1.728708065e+002 +1.728708065e+002 +2.9936e+000 -7.9328e-001 +2.0505e+000
600 0 +5.905769306e-004 +1.728705906e+002 +1.728705906e+002 +2.9740e+000 -8.3910e-001 +2.0842e+000
612 0 +7.542225148e-005 +1.728700754e+002 +1.728700754e+002 +2.9968e+000 -8.1587e-001 +2.0645e+000
691 0 +6.433248089e-005 +1.728700643e+002 +1.728700643e+002 +2.9999e+000 -8.0958e-001 +2.0600e+000
822 0 +6.114139566e-005 +1.728700611e+002 +1.728700611e+002 +3.0198e+000 -7.9244e-001 +2.0451e+000
823 0 +5.541681898e-005 +1.728700554e+002 +1.728700554e+002 +3.0097e+000 -8.0278e-001 +2.0537e+000
870 0 +1.884531343e-005 +1.728700188e+002 +1.728700188e+002 +3.0280e+000 -7.9441e-001 +2.0446e+000
908 0 +7.410406027e-006 +1.728700074e+002 +1.728700074e+002 +3.0213e+000 -8.0040e-001 +2.0497e+000
944 0 +1.042682982e-006 +1.728700010e+002 +1.728700010e+002 +3.0317e+000 -7.9198e-001 +2.0423e+000
1041 0 +8.238328064e-007 +1.728700008e+002 +1.728700008e+002 +3.0327e+000 -7.9233e-001 +2.0423e+000
1143 0 +2.836895305e-007 +1.728700003e+002 +1.728700003e+002 +3.0264e+000 -7.9640e-001 +2.0461e+000
1173 0 +5.310286610e-008 +1.728700001e+002 +1.728700001e+002 +3.0250e+000 -7.9783e-001 +2.0473e+000
1311 0 +5.102498335e-008 +1.728700001e+002 +1.728700001e+002 +3.0259e+000 -7.9713e-001 +2.0467e+000
1326 0 +3.080776878e-008 +1.728700000e+002 +1.728700000e+002 +3.0263e+000 -7.9686e-001 +2.0465e+000
1381 0 +1.706160901e-008 +1.728700000e+002 +1.728700000e+002 +3.0279e+000 -7.9588e-001 +2.0455e+000
1403 0 +1.596197308e-008 +1.728700000e+002 +1.728700000e+002 +3.0251e+000 -7.9787e-001 +2.0473e+000
1449 0 +1.189022214e-009 +1.728700000e+002 +1.728700000e+002 +3.0270e+000 -7.9643e-001 +2.0461e+000
% f evaluations | g evaluations | best noise-free fitness - Fopt (1.577200000000e+002) + sum g_i+ | measured fitness | best measured fitness or single-digit g-values | x1 | x2...
1 0 +3.416251186e+001 +1.918825119e+002 +1.918825119e+002 +2.0042e+000 +3.7856e+000 +4.3912e+000
3 0 +1.567449548e+001 +1.733944955e+002 +1.733944955e+002 -2.3292e+000 -4.2259e+000 +3.1002e+000
11 0 +7.545916178e-001 +1.584745916e+002 +1.584745916e+002 -2.1382e+000 -1.5244e+000 +4.1459e+000
26 0 +4.803006552e-001 +1.582003007e+002 +1.582003007e+002 -3.5067e+000 -1.2009e+000 +4.3304e+000
87 0 +1.072663458e-001 +1.578272663e+002 +1.578272663e+002 -2.9986e+000 -1.5268e+000 +3.7962e+000
269 0 +4.380623557e-002 +1.577638062e+002 +1.577638062e+002 -2.8442e+000 -1.6459e+000 +3.7545e+000
323 0 +4.468810201e-003 +1.577244688e+002 +1.577244688e+002 -2.8251e+000 -1.7699e+000 +3.9312e+000
422 0 +2.212508967e-003 +1.577222125e+002 +1.577222125e+002 -2.8307e+000 -1.7513e+000 +3.9316e+000
517 0 +1.204169296e-003 +1.577212042e+002 +1.577212042e+002 -2.9047e+000 -1.5693e+000 +3.9283e+000
560 0 +6.435616305e-004 +1.577206436e+002 +1.577206436e+002 -2.8715e+000 -1.6589e+000 +3.9399e+000
584 0 +1.414467116e-005 +1.577200141e+002 +1.577200141e+002 -2.8712e+000 -1.6578e+000 +3.9399e+000
858 0 +1.114690059e-005 +1.577200111e+002 +1.577200111e+002 -2.8713e+000 -1.6552e+000 +3.9369e+000
873 0 +1.045425125e-005 +1.577200105e+002 +1.577200105e+002 -2.8643e+000 -1.6724e+000 +3.9381e+000
948 0 +9.052709544e-006 +1.577200091e+002 +1.577200091e+002 -2.8713e+000 -1.6554e+000 +3.9371e+000
1004 0 +4.559601081e-006 +1.577200046e+002 +1.577200046e+002 -2.8645e+000 -1.6716e+000 +3.9375e+000
1009 0 +3.145598015e-006 +1.577200031e+002 +1.577200031e+002 -2.8707e+000 -1.6566e+000 +3.9370e+000
1074 0 +3.262533141e-007 +1.577200003e+002 +1.577200003e+002 -2.8683e+000 -1.6624e+000 +3.9371e+000
1126 0 +8.391089068e-008 +1.577200001e+002 +1.577200001e+002 -2.8659e+000 -1.6681e+000 +3.9374e+000
1328 0 +1.863580223e-008 +1.577200000e+002 +1.577200000e+002 -2.8663e+000 -1.6675e+000 +3.9377e+000
1530 0 +7.819096481e-010 +1.577200000e+002 +1.577200000e+002 -2.8662e+000 -1.6677e+000 +3.9376e+000
% f evaluations | g evaluations | best noise-free fitness - Fopt (2.819000000000e+001) + sum g_i+ | measured fitness | best measured fitness or single-digit g-values | x1 | x2...
1 0 +4.939246004e+000 +3.312924600e+001 +3.312924600e+001 +3.8535e+000 +2.2397e+000 +2.4134e+000
12 0 +3.485867236e+000 +3.167586724e+001 +3.167586724e+001 +6.6181e-001 -3.1161e+000 -1.6673e+000
14 0 +2.458863349e+000 +3.064886335e+001 +3.064886335e+001 +2.3805e+000 -5.2356e-002 -6.4108e-001
38 0 +2.434283538e+000 +3.062428354e+001 +3.062428354e+001 +2.0224e+000 -2.9758e+000 -6.3266e-001
48 0 +1.153366468e+000 +2.934336647e+001 +2.934336647e+001 +2.5967e+000 -4.6709e-002 +1.1636e+000
56 0 +1.108662971e+000 +2.929866297e+001 +2.929866297e+001 +1.3159e+000 +4.7336e-001 +3.3303e-001
75 0 +8.436136628e-001 +2.903361366e+001 +2.903361366e+001 +2.3654e+000 -1.3716e+000 -7.9031e-002
78 0 +7.222835806e-001 +2.891228358e+001 +2.891228358e+001 +2.4082e+000 -2.0256e-001 +8.2916e-001
84 0 +6.119285734e-001 +2.880192857e+001 +2.880192857e+001 +2.0647e+000 -1.0774e+000 -1.3839e-001
107 0 +5.430463807e-001 +2.873304638e+001 +2.873304638e+001 +2.2840e+000 -1.3704e+000 +5.8001e-001
124 0 +4.962004337e-001 +2.868620043e+001 +2.868620043e+001 +1.7996e+000 -1.4181e+000 +8.4394e-001
135 0 +3.182098551e-001 +2.850820986e+001 +2.850820986e+001 +1.3670e+000 -7.4065e-001 +1.5987e-001
144 0 +7.110690263e-002 +2.826110690e+001 +2.826110690e+001 +1.9643e+000 -6.4319e-001 +4.2035e-001
165 0 +5.067429906e-002 +2.824067430e+001 +2.824067430e+001 +1.8309e+000 -7.1390e-001 +4.8090e-001
214 0 +2.029613021e-002 +2.821029613e+001 +2.821029613e+001 +1.9345e+000 -7.6972e-001 +4.4129e-001
309 0 +1.466474443e-002 +2.820466474e+001 +2.820466474e+001 +2.0005e+000 -6.9579e-001 +3.6401e-001
374 0 +6.385899071e-003 +2.819638590e+001 +2.819638590e+001 +1.8692e+000 -7.0254e-001 +3.9148e-001
425 0 +3.350219033e-003 +2.819335022e+001 +2.819335022e+001 +1.8580e+000 -7.2451e-001 +4.0468e-001
458 0 +1.343433488e-003 +2.819134343e+001 +2.819134343e+001 +1.8340e+000 -7.3551e-001 +4.2270e-001
496 0 +1.227086913e-003 +2.819122709e+001 +2.819122709e+001 +1.8539e+000 -7.2187e-001 +4.0877e-001
509 0 +1.781788842e-004 +2.819017818e+001 +2.819017818e+001 +1.8723e+000 -7.0583e-001 +3.8493e-001
638 0 +1.161157146e-004 +2.819011612e+001 +2.819011612e+001 +1.8510e+000 -7.2969e-001 +4.1705e-001
719 0 +6.389848218e-005 +2.819006390e+001 +2.819006390e+001 +1.8579e+000 -7.2024e-001 +4.0444e-001
729 0 +2.491908880e-005 +2.819002492e+001 +2.819002492e+001 +1.8555e+000 -7.2303e-001 +4.0833e-001
769 0 +1.840887347e-005 +2.819001841e+001 +2.819001841e+001 +1.8592e+000 -7.1589e-001 +3.9871e-001
821 0 +1.083537649e-005 +2.819001084e+001 +2.819001084e+001 +1.8476e+000 -7.3312e-001 +4.2183e-001
898 0 +3.960839301e-006 +2.819000396e+001 +2.819000396e+001 +1.8531e+000 -7.2761e-001 +4.1446e-001
920 0 +2.136881950e-006 +2.819000214e+001 +2.819000214e+001 +1.8548e+000 -7.2468e-001 +4.1051e-001
1000 0 +9.158952707e-007 +2.819000092e+001 +2.819000092e+001 +1.8549e+000 -7.2420e-001 +4.0987e-001
1084 0 +1.931422631e-007 +2.819000019e+001 +2.819000019e+001 +1.8550e+000 -7.2461e-001 +4.1042e-001
1146 0 +8.864518009e-008 +2.819000009e+001 +2.819000009e+001 +1.8555e+000 -7.2404e-001 +4.0966e-001
1189 0 +4.221717376e-008 +2.819000004e+001 +2.819000004e+001 +1.8556e+000 -7.2357e-001 +4.0903e-001
1277 0 +2.677218447e-008 +2.819000003e+001 +2.819000003e+001 +1.8555e+000 -7.2345e-001 +4.0886e-001
1326 0 +1.009811612e-008 +2.819000001e+001 +2.819000001e+001 +1.8555e+000 -7.2357e-001 +4.0903e-001
1394 0 +7.441336436e-010 +2.819000000e+001 +2.819000000e+001 +1.8553e+000 -7.2394e-001 +4.0951e-001
% f evaluations | g evaluations | best noise-free fitness - Fopt (-9.925000000000e+001) + sum g_i+ | measured fitness | best measured fitness or single-digit g-values | x1 | x2...
1 0 +1.635337371e+002 +6.428373711e+001 +6.428373711e+001 -4.4914e+000 -4.1748e+000 +4.3063e+000
2 0 +3.329516161e+001 -6.595483839e+001 -6.595483839e+001 -3.1565e+000 -2.5996e+000 +2.9724e+000
7 0 +2.609399646e+001 -7.315600354e+001 -7.315600354e+001 -2.3031e+000 -1.6081e+000 +3.4139e+000
10 0 +1.187102433e+001 -8.737897567e+001 -8.737897567e+001 +1.0317e+000 -3.0380e+000 +4.0584e+000
12 0 +4.824267042e+000 -9.442573296e+001 -9.442573296e+001 -2.1846e+000 -3.0105e+000 -1.3728e+000
24 0 +2.789481766e+000 -9.646051823e+001 -9.646051823e+001 +2.9483e+000 -2.0594e+000 +5.6486e-001
41 0 +1.038223673e+000 -9.821177633e+001 -9.821177633e+001 +1.3323e+000 -2.9804e+000 +1.8716e-001
90 0 +9.621355930e-001 -9.828786441e+001 -9.828786441e+001 +1.4382e+000 -3.6285e+000 +1.4603e-002
92 0 +8.604324267e-001 -9.838956757e+001 -9.838956757e+001 +2.6277e+000 -2.8604e+000 +1.2311e+000
99 0 +2.302146181e-001 -9.901978538e+001 -9.901978538e+001 +2.2059e+000 -3.0684e+000 +3.2896e-001
152 0 +1.131228916e-001 -9.913687711e+001 -9.913687711e+001 +2.1663e+000 -3.7096e+000 +4.5497e-001
223 0 +7.568343475e-002 -9.917431657e+001 -9.917431657e+001 +2.2569e+000 -3.1797e+000 +5.3104e-001
260 0 +6.177112124e-002 -9.918822888e+001 -9.918822888e+001 +2.0190e+000 -3.6399e+000 +7.6851e-001
273 0 +4.107383660e-002 -9.920892616e+001 -9.920892616e+001 +2.2796e+000 -3.6596e+000 +5.6672e-001
310 0 +1.075831007e-002 -9.923924169e+001 -9.923924169e+001 +2.2857e+000 -3.5486e+000 +5.2426e-001
363 0 +9.730583656e-003 -9.924026942e+001 -9.924026942e+001 +2.3654e+000 -3.4684e+000 +4.2665e-001
419 0 +6.045156330e-003 -9.924395484e+001 -9.924395484e+001 +2.3269e+000 -3.5078e+000 +4.6754e-001
437 0 +5.760152137e-003 -9.924423985e+001 -9.924423985e+001 +2.2981e+000 -3.4050e+000 +5.0497e-001
468 0 +2.206365188e-003 -9.924779363e+001 -9.924779363e+001 +2.3010e+000 -3.4401e+000 +5.0281e-001
532 0 +1.714222457e-003 -9.924828578e+001 -9.924828578e+001 +2.2677e+000 -3.5272e+000 +5.3022e-001
548 0 +2.145253314e-004 -9.924978547e+001 -9.924978547e+001 +2.2643e+000 -3.5537e+000 +5.3418e-001
579 0 +1.484228761e-004 -9.924985158e+001 -9.924985158e+001 +2.2710e+000 -3.5404e+000 +5.2665e-001
672 0 +1.320154376e-004 -9.924986798e+001 -9.924986798e+001 +2.2628e+000 -3.5465e+000 +5.3703e-001
710 0 +5.283808360e-005 -9.924994716e+001 -9.924994716e+001 +2.2730e+000 -3.5402e+000 +5.2423e-001
772 0 +4.955530957e-005 -9.924995044e+001 -9.924995044e+001 +2.2636e+000 -3.5462e+000 +5.3595e-001
798 0 +9.232145402e-006 -9.924999077e+001 -9.924999077e+001 +2.2666e+000 -3.5459e+000 +5.3187e-001
869 0 +3.194017111e-006 -9.924999681e+001 -9.924999681e+001 +2.2662e+000 -3.5449e+000 +5.3261e-001
966 0 +3.076022153e-006 -9.924999692e+001 -9.924999692e+001 +2.2576e+000 -3.5588e+000 +5.4195e-001
1026 0 +2.392604259e-006 -9.924999761e+001 -9.924999761e+001 +2.2606e+000 -3.5526e+000 +5.3887e-001
1034 0 +2.071363113e-006 -9.924999793e+001 -9.924999793e+001 +2.2642e+000 -3.5483e+000 +5.3470e-001
1059 0 +6.950516251e-008 -9.924999993e+001 -9.924999993e+001 +2.2646e+000 -3.5468e+000 +5.3441e-001
1073 0 +4.065384474e-008 -9.924999996e+001 -9.924999996e+001 +2.2620e+000 -3.5505e+000 +5.3735e-001
1436 0 +4.416506272e-009 -9.925000000e+001 -9.925000000e+001 +2.2629e+000 -3.5493e+000 +5.3637e-001
