% f evaluations | g evaluations | best noise-free fitness - Fopt (1.491500000000e+002) + sum g_i+ | measured fitness | best measured fitness or single-digit g-values | x1 | x2...
1 0 +9.834614548e+003 +9.983764548e+003 +9.983764548e+003 -3.3205e+000 +1.6228e+000 -1.6954e+000
2 0 +2.550589794e+002 +4.042089794e+002 +4.042089794e+002 +6.2217e-001 +2.8425e-001 +2.8536e+000
8 0 +1.238480083e+002 +2.729980083e+002 +2.729980083e+002 -1.8983e+000 -4.5390e-001 +9.3785e-001
29 0 +2.700422001e+001 +1.761542200e+002 +1.761542200e+002 -3.1332e-002 -1.6032e-001 +9.7771e-001
71 0 +7.815974988e+000 +1.569659750e+002 +1.569659750e+002 -1.2827e+000 -1.4222e+000 -7.7467e-001
163 0 +1.030276444e+000 +1.501802764e+002 +1.501802764e+002 -2.0724e-001 -7.4477e-001 -5.8411e-001
313 0 +2.790324119e-001 +1.494290324e+002 +1.494290324e+002 -1.7384e-001 -6.1460e-001 -3.6858e-001
680 0 +7.216457926e-002 +1.492221646e+002 +1.492221646e+002 -1.3471e-001 -5.3533e-001 -2.6706e-001
764 0 +4.159810842e-002 +1.491915981e+002 +1.491915981e+002 -1.4299e-001 -5.4410e-001 -3.0038e-001
835 0 +2.888912747e-002 +1.491788891e+002 +1.491788891e+002 -1.0588e-001 -4.6968e-001 -1.8164e-001
892 0 +6.966267289e-003 +1.491569663e+002 +1.491569663e+002 -9.3174e-002 -4.4405e-001 -1.2205e-001
988 0 +2.937349660e-003 +1.491529373e+002 +1.491529373e+002 -7.5455e-002 -4.1241e-001 -5.9917e-002
1044 0 +6.361142946e-004 +1.491506361e+002 +1.491506361e+002 -6.4879e-002 -3.8981e-001 -1.9780e-002
1075 0 +5.940393357e-004 +1.491505940e+002 +1.491505940e+002 -5.4145e-002 -3.6903e-001 +2.0337e-002
1136 0 +1.358442137e-005 +1.491500136e+002 +1.491500136e+002 -5.4376e-002 -3.6906e-001 +2.2394e-002
1142 0 +5.913311639e-006 +1.491500059e+002 +1.491500059e+002 -5.4846e-002 -3.6993e-001 +2.0785e-002
1186 0 +2.550493917e-006 +1.491500026e+002 +1.491500026e+002 -5.4822e-002 -3.7005e-001 +2.0827e-002
1246 0 +2.313089738e-006 +1.491500023e+002 +1.491500023e+002 -5.4638e-002 -3.6975e-001 +2.1349e-002
1274 0 +1.320604554e-006 +1.491500013e+002 +1.491500013e+002 -5.5099e-002 -3.7057e-001 +1.9763e-002
1317 0 +2.544401809e-007 +1.491500003e+002 +1.491500003e+002 -5.5190e-002 -3.7075e-001 +1.9345e-002
1327 0 +1.223732227e-007 +1.491500001e+002 +1.491500001e+002 -5.5154e-002 -3.7069e-001 +1.9450e-002
1377 0 +9.986979421e-008 +1.491500001e+002 +1.491500001e+002 -5.5256e-002 -3.7092e-001 +1.8979e-002
1389 0 +8.821848496e-008 +1.491500001e+002 +1.491500001e+002 -5.5233e-002 -3.7088e-001 +1.9062e-002
1419 0 +2.010693834e-008 +1.491500000e+002 +1.491500000e+002 -5.5202e-002 -3.7080e-001 +1.9213e-002
1456 0 +4.960440947e-010 +1.491500000e+002 +1.491500000e+002 -5.5205e-002 -3.7081e-001 +1.9185e-002
% f evaluations | g evaluations | best noise-free fitness - Fopt (-1.000000000000e+003) + sum g_i+ | measured fitness | best measured fitness or single-digit g-values | x1 | x2...
1 0 +7.423763439e+005 +7.413763439e+005 +7.413763439e+005 +4.9276e+000 -4.6501e+000 -3.1029e+000
2 0 +5.642346867e+002 -4.357653133e+002 -4.357653133e+002 -4.9299e+000 -9.0841e-001 +2.3866e+000
3 0 +2.288743213e+002 -7.711256787e+002 -7.711256787e+002 -2.8202e+000 +6.7160e-001 +2.1728e+000
9 0 +1.514830064e+002 -8.485169936e+002 -8.485169936e+002 -4.2793e+000 +1.5789e+000 +2.6044e+000
11 0 +1.156394407e+002 -8.843605593e+002 -8.843605593e+002 -5.0000e+000 +2.4116e+000 +5.0000e+000
42 0 +1.050178334e+002 -8.949821666e+002 -8.949821666e+002 -3.9143e+000 +1.1199e+000 +1.0174e+000
57 0 +5.998526605e+001 -9.400147340e+002 -9.400147340e+002 -3.6228e+000 +9.3408e-001 +7.9136e-001
63 0 +5.592323496e+001 -9.440767650e+002 -9.440767650e+002 -2.8063e+000 +1.6668e+000 +3.3717e+000
80 0 +1.169719864e+001 -9.883028014e+002 -9.883028014e+002 -3.1084e+000 +1.0399e+000 +1.1421e+000
240 0 +1.006833840e+001 -9.899316616e+002 -9.899316616e+002 -2.9731e+000 +6.3386e-001 +7.8243e-001
275 0 +8.934175911e+000 -9.910658241e+002 -9.910658241e+002 -3.7492e+000 -6.4607e-002 +6.3525e-001
302 0 +2.714431009e+000 -9.972855690e+002 -9.972855690e+002 -4.1916e+000 +2.7758e-001 +5.6117e-001
384 0 +4.406623795e-001 -9.995593376e+002 -9.995593376e+002 -2.9989e+000 +9.2517e-001 +1.0314e+000
410 0 +4.278702108e-001 -9.995721298e+002 -9.995721298e+002 -2.9717e+000 +9.4405e-001 +1.0531e+000
521 0 +3.437770408e-001 -9.996562230e+002 -9.996562230e+002 -3.1243e+000 +6.9013e-001 +7.7358e-001
644 0 +3.177561748e-001 -9.996822438e+002 -9.996822438e+002 -3.0362e+000 +8.5970e-001 +1.0261e+000
710 0 +1.876093983e-001 -9.998123906e+002 -9.998123906e+002 -2.9579e+000 +9.4405e-001 +1.0889e+000
715 0 +1.547441726e-001 -9.998452558e+002 -9.998452558e+002 -3.0287e+000 +8.6203e-001 +1.0003e+000
744 0 +1.323738287e-001 -9.998676262e+002 -9.998676262e+002 -2.9954e+000 +9.0658e-001 +1.0761e+000
835 0 +8.922564602e-002 -9.999107744e+002 -9.999107744e+002 -2.9293e+000 +9.9899e-001 +1.1950e+000
890 0 +4.838567788e-002 -9.999516143e+002 -9.999516143e+002 -2.9485e+000 +9.9072e-001 +1.1907e+000
895 0 +4.038044331e-002 -9.999596196e+002 -9.999596196e+002 -2.9293e+000 +1.0168e+000 +1.2380e+000
1013 0 +3.940558128e-002 -9.999605944e+002 -9.999605944e+002 -2.9380e+000 +1.0037e+000 +1.2115e+000
1092 0 +3.483837484e-002 -9.999651616e+002 -9.999651616e+002 -2.9012e+000 +1.0889e+000 +1.3580e+000
1114 0 +3.043826481e-002 -9.999695617e+002 -9.999695617e+002 -2.9185e+000 +1.0388e+000 +1.2596e+000
1127 0 +2.478238552e-002 -9.999752176e+002 -9.999752176e+002 -2.9174e+000 +1.0490e+000 +1.2847e+000
1151 0 +2.342796865e-002 -9.999765720e+002 -9.999765720e+002 -2.8941e+000 +1.0772e+000 +1.3395e+000
1184 0 +2.240501276e-002 -9.999775950e+002 -9.999775950e+002 -2.9029e+000 +1.0635e+000 +1.3060e+000
1188 0 +1.930458483e-002 -9.999806954e+002 -9.999806954e+002 -2.8952e+000 +1.0795e+000 +1.3323e+000
1230 0 +1.892764864e-002 -9.999810724e+002 -9.999810724e+002 -2.8890e+000 +1.0870e+000 +1.3521e+000
1236 0 +6.459139019e-003 -9.999935409e+002 -9.999935409e+002 -2.8847e+000 +1.1062e+000 +1.3879e+000
1261 0 +4.145840931e-003 -9.999958542e+002 -9.999958542e+002 -2.8717e+000 +1.1303e+000 +1.4374e+000
1273 0 +3.302608090e-003 -9.999966974e+002 -9.999966974e+002 -2.8605e+000 +1.1479e+000 +1.4695e+000
1318 0 +2.755929977e-003 -9.999972441e+002 -9.999972441e+002 -2.8371e+000 +1.2032e+000 +1.5776e+000
1321 0 +1.527237828e-003 -9.999984728e+002 -9.999984728e+002 -2.8426e+000 +1.1842e+000 +1.5381e+000
1324 0 +5.781991455e-004 -9.999994218e+002 -9.999994218e+002 -2.8517e+000 +1.1690e+000 +1.5067e+000
1356 0 +1.923870286e-004 -9.999998076e+002 -9.999998076e+002 -2.8428e+000 +1.1874e+000 +1.5465e+000
1483 0 +1.016175770e-005 -9.999999898e+002 -9.999999898e+002 -2.8475e+000 +1.1783e+000 +1.5272e+000
1513 0 +5.438265703e-006 -9.999999946e+002 -9.999999946e+002 -2.8490e+000 +1.1752e+000 +1.5213e+000
1619 0 +3.391862606e-006 -9.999999966e+002 -9.999999966e+002 -2.8487e+000 +1.1755e+000 +1.5218e+000
1688 0 +3.044054552e-006 -9.999999970e+002 -9.999999970e+002 -2.8483e+000 +1.1765e+000 +1.5239e+000
1740 0 +7.888403388e-007 -9.999999992e+002 -9.999999992e+002 -2.8481e+000 +1.1768e+000 +1.5245e+000
1777 0 +5.520681725e-007 -9.999999994e+002 -9.999999994e+002 -2.8480e+000 +1.1771e+000 +1.5250e+000
1870 0 +1.567281060e-007 -9.999999998e+002 -9.999999998e+002 -2.8481e+000 +1.1768e+000 +1.5244e+000
1908 0 +4.916387297e-009 -1.000000000e+003 -1.000000000e+003 -2.8482e+000 +1.1766e+000 +1.5240e+000
% f evaluations | g evaluations | best noise-free fitness - Fopt (9.862000000000e+001) + sum g_i+ | measured fitness | best measured fitness or single-digit g-values | x1 | x2...
1 0 +1.038564250e+004 +1.048426250e+004 +1.048426250e+004 -4.2358e+000 -3.8975e+000 -2.2041e+000
4 0 +4.324866015e+001 +1.418686601e+002 +1.418686601e+002 -2.0016e+000 -1.6022e+000 +1.3434e+000
122 0 +3.118659570e+001 +1.298065957e+002 +1.298065957e+002 -1.8141e+000 -1.7615e+000 +1.2079e+000
124 0 +2.657431200e+001 +1.251943120e+002 +1.251943120e+002 -1.9624e+000 -1.6373e+000 +1.8231e+000
161 0 +1.327037675e+001 +1.118903767e+002 +1.118903767e+002 -2.5427e+000 -1.3045e+000 +2.2682e+000
175 0 +1.170044775e+001 +1.103204478e+002 +1.103204478e+002 -3.0371e+000 -7.7340e-001 +3.5462e+000
196 0 +7.391597401e+000 +1.060115974e+002 +1.060115974e+002 -1.7829e+000 -2.1193e+000 +1.6779e+000
239 0 +5.249715023e+000 +1.038697150e+002 +1.038697150e+002 -2.5522e+000 -1.7254e+000 +1.6378e+000
244 0 +5.121263534e+000 +1.037412635e+002 +1.037412635e+002 -1.1924e+000 -1.9025e+000 +1.3401e+000
270 0 +3.581003698e+000 +1.022010037e+002 +1.022010037e+002 -1.1376e+000 -1.6102e+000 +1.5781e+000
299 0 +3.341654850e+000 +1.019616549e+002 +1.019616549e+002 -2.4186e+000 -1.7694e+000 +1.6469e+000
350 0 +1.695854219e+000 +1.003158542e+002 +1.003158542e+002 -9.9334e-001 -1.3833e+000 +1.9586e+000
362 0 +8.811075638e-001 +9.950110756e+001 +9.950110756e+001 -1.1415e+000 -1.6574e+000 +1.7358e+000
490 0 +3.883990387e-001 +9.900839904e+001 +9.900839904e+001 -1.0822e+000 -1.6096e+000 +1.7614e+000
590 0 +1.063186863e-001 +9.872631869e+001 +9.872631869e+001 -9.6105e-001 -1.4317e+000 +1.9586e+000
890 0 +9.152959763e-002 +9.871152960e+001 +9.871152960e+001 -9.4233e-001 -1.3941e+000 +2.0064e+000
895 0 +9.115774215e-002 +9.871115774e+001 +9.871115774e+001 -9.4541e-001 -1.4109e+000 +1.9915e+000
910 0 +7.885815889e-002 +9.869885816e+001 +9.869885816e+001 -9.1363e-001 -1.3439e+000 +2.0763e+000
919 0 +7.435006509e-002 +9.869435007e+001 +9.869435007e+001 -9.3338e-001 -1.3841e+000 +2.0250e+000
995 0 +7.187659480e-002 +9.869187659e+001 +9.869187659e+001 -9.2233e-001 -1.3728e+000 +2.0376e+000
996 0 +4.255027222e-002 +9.866255027e+001 +9.866255027e+001 -8.9423e-001 -1.3091e+000 +2.1507e+000
1006 0 +2.188420517e-002 +9.864188421e+001 +9.864188421e+001 -8.5504e-001 -1.2428e+000 +2.2534e+000
1045 0 +3.549427137e-003 +9.862354943e+001 +9.862354943e+001 -7.9211e-001 -1.1167e+000 +2.5061e+000
1091 0 +3.268956087e-003 +9.862326896e+001 +9.862326896e+001 -8.0080e-001 -1.1384e+000 +2.4689e+000
1142 0 +3.172998785e-003 +9.862317300e+001 +9.862317300e+001 -8.2360e-001 -1.1861e+000 +2.3723e+000
1156 0 +2.320291378e-003 +9.862232029e+001 +9.862232029e+001 -8.0077e-001 -1.1412e+000 +2.4535e+000
1168 0 +1.378535545e-003 +9.862137854e+001 +9.862137854e+001 -7.8896e-001 -1.1151e+000 +2.5116e+000
1197 0 +6.567421739e-004 +9.862065674e+001 +9.862065674e+001 -8.1235e-001 -1.1600e+000 +2.4207e+000
1307 0 +3.032271097e-004 +9.862030323e+001 +9.862030323e+001 -8.0035e-001 -1.1385e+000 +2.4645e+000
1325 0 +2.734113647e-004 +9.862027341e+001 +9.862027341e+001 -8.0116e-001 -1.1400e+000 +2.4615e+000
1354 0 +2.326792485e-004 +9.862023268e+001 +9.862023268e+001 -8.0199e-001 -1.1426e+000 +2.4553e+000
1360 0 +1.833750038e-004 +9.862018338e+001 +9.862018338e+001 -8.0507e-001 -1.1469e+000 +2.4474e+000
1366 0 +9.289336512e-005 +9.862009289e+001 +9.862009289e+001 -8.0226e-001 -1.1423e+000 +2.4549e+000
1388 0 +1.102339029e-005 +9.862001102e+001 +9.862001102e+001 -8.0391e-001 -1.1453e+000 +2.4493e+000
1432 0 +9.980385869e-007 +9.862000100e+001 +9.862000100e+001 -8.0543e-001 -1.1482e+000 +2.4436e+000
1454 0 +1.940375540e-007 +9.862000019e+001 +9.862000019e+001 -8.0525e-001 -1.1479e+000 +2.4443e+000
1493 0 +1.017178022e-007 +9.862000010e+001 +9.862000010e+001 -8.0516e-001 -1.1477e+000 +2.4446e+000
1585 0 +1.015104090e-008 +9.862000001e+001 +9.862000001e+001 -8.0522e-001 -1.1478e+000 +2.4443e+000
1597 0 +5.455191854e-009 +9.862000001e+001 +9.862000001e+001 -8.0521e-001 -1.1478e+000 +2.4444e+000
% f evaluations | g evaluations | best noise-free fitness - Fopt (-4.715000000000e+001) + sum g_i+ | measured fitness | best measured fitness or single-digit g-values | x1 | x2...
1 0 +3.291908805e+003 +3.244758805e+003 +3.244758805e+003 -2.9635e+000 -1.1745e+000 +3.5617e+000
2 0 +2.019937545e+003 +1.972787545e+003 +1.972787545e+003 -2.2060e+000 -3.0258e-001 -4.3716e+000
3 0 +1.321348342e+003 +1.274198342e+003 +1.274198342e+003 -2.3665e+000 -3.3485e+000 -2.2897e+000
4 0 +8.201127015e+002 +7.729627015e+002 +7.729627015e+002 -1.1725e+000 +2.3066e-001 +3.9796e+000
9 0 +7.068499523e+002 +6.596999523e+002 +6.596999523e+002 -1.9194e+000 -1.5752e+000 +5.1419e-001
25 0 +5.365702345e+002 +4.894202345e+002 +4.894202345e+002 -2.1554e+000 -3.4150e+000 +4.2823e-001
33 0 +6.889894600e+001 +2.174894600e+001 +2.174894600e+001 -1.7155e+000 -1.6383e+000 -1.3463e+000
127 0 +6.400967739e+001 +1.685967739e+001 +1.685967739e+001 -2.0866e+000 -1.7995e+000 -1.6629e+000
132 0 +5.682782856e+001 +9.677828562e+000 +9.677828562e+000 -1.6199e+000 -1.1056e+000 -2.1235e+000
151 0 +3.289931650e+001 -1.425068350e+001 -1.425068350e+001 -2.7048e+000 -2.5048e-001 -1.7682e-001
153 0 +7.881859224e+000 -3.926814078e+001 -3.926814078e+001 -1.2590e+000 -2.0043e+000 -2.0347e+000
183 0 +5.467331752e+000 -4.168266825e+001 -4.168266825e+001 -1.2590e+000 -1.9155e+000 -2.0347e+000
222 0 +2.851778212e+000 -4.429822179e+001 -4.429822179e+001 -1.4817e+000 -1.8277e+000 -2.2338e+000
378 0 +2.790911830e+000 -4.435908817e+001 -4.435908817e+001 -1.5121e+000 -1.7855e+000 -2.2494e+000
500 0 +2.678710373e+000 -4.447128963e+001 -4.447128963e+001 -1.3067e+000 -1.7328e+000 -2.1189e+000
504 0 +2.178491772e+000 -4.497150823e+001 -4.497150823e+001 -1.3812e+000 -1.7618e+000 -2.1720e+000
530 0 +1.816544659e+000 -4.533345534e+001 -4.533345534e+001 -1.2168e+000 -1.7595e+000 -2.1675e+000
566 0 +1.598452489e+000 -4.555154751e+001 -4.555154751e+001 -1.1393e+000 -1.7620e+000 -2.1710e+000
621 0 +1.571937094e+000 -4.557806291e+001 -4.557806291e+001 -1.1305e+000 -1.7378e+000 -2.1857e+000
654 0 +1.172738737e+000 -4.597726126e+001 -4.597726126e+001 -9.1399e-001 -1.6226e+000 -2.1156e+000
725 0 +1.129906840e+000 -4.602009316e+001 -4.602009316e+001 -9.4365e-001 -1.6354e+000 -2.1774e+000
731 0 +1.036876203e+000 -4.611312380e+001 -4.611312380e+001 -7.7814e-001 -1.5445e+000 -2.0993e+000
734 0 +1.014680807e+000 -4.613531919e+001 -4.613531919e+001 -8.8736e-001 -1.5984e+000 -2.1203e+000
756 0 +8.935542894e-001 -4.625644571e+001 -4.625644571e+001 -8.3937e-001 -1.5293e+000 -2.1021e+000
785 0 +8.545841850e-001 -4.629541581e+001 -4.629541581e+001 -7.3410e-001 -1.4914e+000 -2.0952e+000
789 0 +7.051835084e-001 -4.644481649e+001 -4.644481649e+001 -7.8177e-001 -1.4887e+000 -2.0765e+000
809 0 +6.642010641e-001 -4.648579894e+001 -4.648579894e+001 -7.5152e-001 -1.4437e+000 -2.0431e+000
852 0 +6.566318515e-001 -4.649336815e+001 -4.649336815e+001 -7.6672e-001 -1.4826e+000 -2.0897e+000
855 0 +6.348394540e-001 -4.651516055e+001 -4.651516055e+001 -6.8554e-001 -1.4128e+000 -2.0122e+000
898 0 +5.934324175e-001 -4.655656758e+001 -4.655656758e+001 -6.7126e-001 -1.3391e+000 -2.0072e+000
899 0 +4.982977135e-001 -4.665170229e+001 -4.665170229e+001 -6.5420e-001 -1.3451e+000 -2.0102e+000
946 0 +4.853813531e-001 -4.666461865e+001 -4.666461865e+001 -6.3663e-001 -1.3207e+000 -1.9910e+000
959 0 +4.569323317e-001 -4.669306767e+001 -4.669306767e+001 -6.7153e-001 -1.3712e+000 -2.0137e+000
961 0 +4.458133598e-001 -4.670418664e+001 -4.670418664e+001 -5.8119e-001 -1.2562e+000 -1.9284e+000
965 0 +4.200672546e-001 -4.672993275e+001 -4.672993275e+001 -6.5857e-001 -1.3503e+000 -1.9733e+000
986 0 +3.928127401e-001 -4.675718726e+001 -4.675718726e+001 -6.0658e-001 -1.2984e+000 -1.9492e+000
992 0 +3.820392826e-001 -4.676796072e+001 -4.676796072e+001 -6.3904e-001 -1.3294e+000 -1.9701e+000
1003 0 +3.400133415e-001 -4.680998666e+001 -4.680998666e+001 -5.6025e-001 -1.2327e+000 -1.8832e+000
1023 0 +3.160089602e-001 -4.683399104e+001 -4.683399104e+001 -5.5070e-001 -1.2050e+000 -1.8615e+000
1029 0 +2.353562582e-001 -4.691464374e+001 -4.691464374e+001 -5.5958e-001 -1.2117e+000 -1.8503e+000
1063 0 +1.692577750e-001 -4.698074223e+001 -4.698074223e+001 -5.0792e-001 -1.1316e+000 -1.7539e+000
1123 0 +9.873656943e-002 -4.705126343e+001 -4.705126343e+001 -4.3579e-001 -9.8820e-001 -1.5456e+000
1149 0 +7.611272525e-002 -4.707388727e+001 -4.707388727e+001 -4.2735e-001 -1.0008e+000 -1.5513e+000
1163 0 +3.903387895e-002 -4.711096612e+001 -4.711096612e+001 -3.7485e-001 -9.0135e-001 -1.3864e+000
1218 0 +3.748278138e-002 -4.711251722e+001 -4.711251722e+001 -3.8403e-001 -9.0176e-001 -1.3629e+000
1229 0 +3.059878327e-002 -4.711940122e+001 -4.711940122e+001 -4.0935e-001 -9.4773e-001 -1.4615e+000
1248 0 +2.250737228e-002 -4.712749263e+001 -4.712749263e+001 -3.8219e-001 -8.9789e-001 -1.3616e+000
1279 0 +1.180102849e-002 -4.713819897e+001 -4.713819897e+001 -3.2670e-001 -8.0350e-001 -1.1884e+000
1311 0 +1.168778517e-002 -4.713831221e+001 -4.713831221e+001 -3.6882e-001 -8.6902e-001 -1.3210e+000
1328 0 +8.086556953e-003 -4.714191344e+001 -4.714191344e+001 -3.4338e-001 -8.2935e-001 -1.2348e+000
1336 0 +6.454449417e-003 -4.714354555e+001 -4.714354555e+001 -3.4201e-001 -8.1691e-001 -1.2145e+000
1368 0 +4.362545271e-003 -4.714563745e+001 -4.714563745e+001 -3.1308e-001 -7.6962e-001 -1.1192e+000
1411 0 +1.518786972e-003 -4.714848121e+001 -4.714848121e+001 -3.2796e-001 -7.9950e-001 -1.1847e+000
1414 0 +1.464085257e-003 -4.714853591e+001 -4.714853591e+001 -3.3081e-001 -8.0147e-001 -1.1839e+000
1440 0 +1.071792974e-003 -4.714892821e+001 -4.714892821e+001 -3.4048e-001 -8.1865e-001 -1.2202e+000
1460 0 +8.035081769e-004 -4.714919649e+001 -4.714919649e+001 -3.4232e-001 -8.2388e-001 -1.2309e+000
1462 0 +2.824861854e-004 -4.714971751e+001 -4.714971751e+001 -3.2795e-001 -7.9556e-001 -1.1743e+000
1486 0 +1.931764940e-004 -4.714980682e+001 -4.714980682e+001 -3.3178e-001 -8.0364e-001 -1.1907e+000
1544 0 +3.336823190e-005 -4.714996663e+001 -4.714996663e+001 -3.3242e-001 -8.0469e-001 -1.1938e+000
1586 0 +1.378560576e-005 -4.714998621e+001 -4.714998621e+001 -3.3127e-001 -8.0241e-001 -1.1893e+000
1613 0 +7.014858141e-006 -4.714999299e+001 -4.714999299e+001 -3.3134e-001 -8.0230e-001 -1.1893e+000
1623 0 +4.853906461e-006 -4.714999515e+001 -4.714999515e+001 -3.3001e-001 -7.9967e-001 -1.1841e+000
1695 0 +2.897544960e-007 -4.714999971e+001 -4.714999971e+001 -3.3043e-001 -8.0062e-001 -1.1861e+000
1720 0 +2.861546022e-008 -4.714999997e+001 -4.714999997e+001 -3.3067e-001 -8.0113e-001 -1.1870e+000
1741 0 +2.121852560e-008 -4.714999998e+001 -4.714999998e+001 -3.3066e-001 -8.0113e-001 -1.1870e+000
1774 0 +1.588885823e-008 -4.714999998e+001 -4.714999998e+001 -3.3062e-001 -8.0103e-001 -1.1868e+000
1801 0 +4.273097431e-009 -4.715000000e+001 -4.715000000e+001 -3.3059e-001 -8.0098e-001 -1.1868e+000
% f evaluations | g evaluations | best noise-free fitness - Fopt (3.752000000000e+001) + sum g_i+ | measured fitness | best measured fitness or single-digit g-values | x1 | x2...
1 0 +5.802316907e+004 +5.806068907e+004 +5.806068907e+004 -2.3348e+000 +8.9998e-001 -4.6767e+000
2 0 +9.081452192e+003 +9.118972192e+003 +9.118972192e+003 +4.1315e+000 +3.2474e-001 +3.9623e+000
8 0 +4.947050067e+003 +4.984570067e+003 +4.984570067e+003 +3.6860e+000 -1.4738e+000 -2.0624e+000
10 0 +4.680995196e+002 +5.056195196e+002 +5.056195196e+002 +2.2665e+000 -2.7221e+000 -1.7480e-001
21 0 +2.447238175e+002 +2.822438175e+002 +2.822438175e+002 +1.8156e+000 -1.3640e+000 +4.0361e+000
70 0 +2.030790412e+001 +5.782790412e+001 +5.782790412e+001 +2.2665e+000 -2.7221e+000 +2.2228e+000
104 0 +4.012723136e+000 +4.153272314e+001 +4.153272314e+001 +1.1579e+000 -2.8728e+000 +2.0245e+000
256 0 +3.825532183e+000 +4.134553218e+001 +4.134553218e+001 +2.0607e+000 -2.7817e+000 +1.8284e+000
308 0 +1.771386752e+000 +3.929138675e+001 +3.929138675e+001 +1.9542e+000 -2.7086e+000 +1.8790e+000
338 0 +1.531924136e+000 +3.905192414e+001 +3.905192414e+001 +1.9496e+000 -2.7210e+000 +1.8851e+000
353 0 +1.351989810e+000 +3.887198981e+001 +3.887198981e+001 +1.8921e+000 -2.7545e+000 +1.9740e+000
383 0 +1.041895894e+000 +3.856189589e+001 +3.856189589e+001 +2.1609e+000 -2.5816e+000 +2.0061e+000
440 0 +7.903967289e-001 +3.831039673e+001 +3.831039673e+001 +2.0061e+000 -2.6843e+000 +1.9677e+000
452 0 +7.489129416e-001 +3.826891294e+001 +3.826891294e+001 +2.1553e+000 -2.5751e+000 +2.0709e+000
484 0 +6.529462780e-001 +3.817294628e+001 +3.817294628e+001 +2.0627e+000 -2.6486e+000 +2.0053e+000
490 0 +4.044612275e-001 +3.792446123e+001 +3.792446123e+001 +2.1989e+000 -2.4822e+000 +2.1159e+000
585 0 +3.957490243e-001 +3.791574902e+001 +3.791574902e+001 +2.1710e+000 -2.5097e+000 +2.1072e+000
712 0 +3.760862513e-001 +3.789608625e+001 +3.789608625e+001 +2.1924e+000 -2.4751e+000 +2.1232e+000
721 0 +2.542985840e-001 +3.777429858e+001 +3.777429858e+001 +2.2512e+000 -2.3941e+000 +2.2153e+000
772 0 +2.473019617e-001 +3.776730196e+001 +3.776730196e+001 +2.2590e+000 -2.3893e+000 +2.2397e+000
779 0 +2.202868596e-001 +3.774028686e+001 +3.774028686e+001 +2.2785e+000 -2.3503e+000 +2.2626e+000
811 0 +1.814372413e-001 +3.770143724e+001 +3.770143724e+001 +2.3081e+000 -2.2985e+000 +2.3267e+000
822 0 +1.269750973e-001 +3.764697510e+001 +3.764697510e+001 +2.3237e+000 -2.2644e+000 +2.3885e+000
838 0 +1.061109664e-001 +3.762611097e+001 +3.762611097e+001 +2.3522e+000 -2.2192e+000 +2.4451e+000
879 0 +1.032133554e-001 +3.762321336e+001 +3.762321336e+001 +2.3370e+000 -2.2493e+000 +2.4177e+000
880 0 +6.919585232e-002 +3.758919585e+001 +3.758919585e+001 +2.4016e+000 -2.1185e+000 +2.6177e+000
905 0 +4.185878815e-002 +3.756185879e+001 +3.756185879e+001 +2.4334e+000 -2.0624e+000 +2.7147e+000
914 0 +3.664284607e-002 +3.755664285e+001 +3.755664285e+001 +2.4438e+000 -2.0731e+000 +2.7067e+000
923 0 +2.060443003e-002 +3.754060443e+001 +3.754060443e+001 +2.4287e+000 -2.0829e+000 +2.6789e+000
930 0 +1.871863082e-002 +3.753871863e+001 +3.753871863e+001 +2.4498e+000 -2.0506e+000 +2.7505e+000
934 0 +1.665705476e-002 +3.753665705e+001 +3.753665705e+001 +2.4362e+000 -2.0696e+000 +2.7104e+000
935 0 +6.325655618e-003 +3.752632566e+001 +3.752632566e+001 +2.4930e+000 -1.9639e+000 +2.8996e+000
942 0 +3.331439341e-003 +3.752333144e+001 +3.752333144e+001 +2.4855e+000 -1.9817e+000 +2.8762e+000
995 0 +4.048919165e-004 +3.752040489e+001 +3.752040489e+001 +2.4810e+000 -1.9868e+000 +2.8621e+000
1104 0 +1.259523553e-004 +3.752012595e+001 +3.752012595e+001 +2.4929e+000 -1.9631e+000 +2.9082e+000
1136 0 +4.864159167e-005 +3.752004864e+001 +3.752004864e+001 +2.4925e+000 -1.9639e+000 +2.9070e+000
1149 0 +2.831957445e-005 +3.752002832e+001 +3.752002832e+001 +2.4915e+000 -1.9660e+000 +2.9029e+000
1248 0 +2.045554501e-005 +3.752002046e+001 +3.752002046e+001 +2.4906e+000 -1.9677e+000 +2.9002e+000
1284 0 +4.782279660e-006 +3.752000478e+001 +3.752000478e+001 +2.4891e+000 -1.9710e+000 +2.8933e+000
1332 0 +1.432572667e-006 +3.752000143e+001 +3.752000143e+001 +2.4895e+000 -1.9702e+000 +2.8949e+000
1370 0 +9.417011171e-008 +3.752000009e+001 +3.752000009e+001 +2.4899e+000 -1.9695e+000 +2.8963e+000
1396 0 +1.651063997e-008 +3.752000002e+001 +3.752000002e+001 +2.4900e+000 -1.9692e+000 +2.8967e+000
1418 0 +2.315154290e-009 +3.752000000e+001 +3.752000000e+001 +2.4900e+000 -1.9692e+000 +2.8968e+000
% f evaluations | g evaluations | best noise-free fitness - Fopt (6.740000000000e+000) + sum g_i+ | measured fitness | best measured fitness or single-digit g-values | x1 | x2...
1 0 +2.059982996e+002 +2.127382996e+002 +2.127382996e+002 +1.5495e-002 +1.1524e+000 -1.4666e-001
11 0 +1.086773829e+002 +1.154173829e+002 +1.154173829e+002 +1.5626e+000 +1.7826e+000 +2.0766e-001
57 0 +3.332573589e+001 +4.006573589e+001 +4.006573589e+001 -1.2776e+000 +2.3294e+000 +1.4259e+000
66 0 +3.165500990e+001 +3.839500990e+001 +3.839500990e+001 -6.1886e-001 +7.4828e-001 -1.8626e+000
71 0 +7.323019713e+000 +1.406301971e+001 +1.406301971e+001 +1.1000e+000 +1.7826e+000 -4.6220e-001
191 0 +6.152829107e+000 +1.289282911e+001 +1.289282911e+001 +1.1173e+000 +1.7827e+000 -5.2065e-001
228 0 +3.329875151e+000 +1.006987515e+001 +1.006987515e+001 +5.5066e-001 +8.9912e-001 -1.5759e+000
258 0 +2.413509977e+000 +9.153509977e+000 +9.153509977e+000 +5.0770e-001 +8.6314e-001 -1.6502e+000
292 0 +1.052203807e+000 +7.792203807e+000 +7.792203807e+000 +5.8448e-001 +8.3173e-001 -1.7334e+000
495 0 +2.065759669e-001 +6.946575967e+000 +6.946575967e+000 +1.0026e+000 +1.3731e+000 -1.2144e+000
525 0 +1.833436496e-001 +6.923343650e+000 +6.923343650e+000 +1.0313e+000 +1.3731e+000 -1.1912e+000
612 0 +8.895700158e-002 +6.828957002e+000 +6.828957002e+000 +1.0448e+000 +1.4297e+000 -1.1324e+000
1075 0 +7.358326683e-002 +6.813583267e+000 +6.813583267e+000 +1.0595e+000 +1.4358e+000 -1.1077e+000
1134 0 +2.506223630e-002 +6.765062236e+000 +6.765062236e+000 +1.1011e+000 +1.5113e+000 -1.0008e+000
1165 0 +2.210652678e-002 +6.762106527e+000 +6.762106527e+000 +1.1008e+000 +1.5160e+000 -9.8377e-001
1175 0 +2.151793431e-002 +6.761517934e+000 +6.761517934e+000 +1.1010e+000 +1.5169e+000 -9.8309e-001
1214 0 +9.183103508e-003 +6.749183104e+000 +6.749183104e+000 +1.1564e+000 +1.6122e+000 -8.1092e-001
1243 0 +8.362912862e-003 +6.748362913e+000 +6.748362913e+000 +1.1566e+000 +1.6131e+000 -8.1023e-001
1255 0 +8.191388449e-003 +6.748191388e+000 +6.748191388e+000 +1.1385e+000 +1.5810e+000 -8.7315e-001
1263 0 +5.216520598e-003 +6.745216521e+000 +6.745216521e+000 +1.1470e+000 +1.6084e+000 -8.1959e-001
1278 0 +3.815618189e-003 +6.743815618e+000 +6.743815618e+000 +1.1399e+000 +1.5884e+000 -8.5463e-001
1323 0 +3.344595075e-003 +6.743344595e+000 +6.743344595e+000 +1.1658e+000 +1.6430e+000 -7.5444e-001
1332 0 +3.171242285e-005 +6.740031712e+000 +6.740031712e+000 +1.1686e+000 +1.6456e+000 -7.4471e-001
1371 0 +2.784340663e-005 +6.740027843e+000 +6.740027843e+000 +1.1687e+000 +1.6457e+000 -7.4453e-001
1506 0 +1.712883066e-005 +6.740017129e+000 +6.740017129e+000 +1.1665e+000 +1.6415e+000 -7.5228e-001
1535 0 +1.294039304e-006 +6.740001294e+000 +6.740001294e+000 +1.1670e+000 +1.6422e+000 -7.5112e-001
1620 0 +6.875848673e-007 +6.740000688e+000 +6.740000688e+000 +1.1666e+000 +1.6415e+000 -7.5266e-001
1657 0 +6.062602749e-007 +6.740000606e+000 +6.740000606e+000 +1.1667e+000 +1.6415e+000 -7.5257e-001
1708 0 +1.765076352e-008 +6.740000018e+000 +6.740000018e+000 +1.1670e+000 +1.6421e+000 -7.5133e-001
1740 0 +4.327702641e-010 +6.740000000e+000 +6.740000000e+000 +1.1670e+000 +1.6422e+000 -7.5123e-001
% f evaluations | g evaluations | best noise-free fitness - Fopt (-1.897900000000e+002) + sum g_i+ | measured fitness | best measured fitness or single-digit g-values | x1 | x2...
1 0 +9.102965445e+004 +9.083986445e+004 +9.083986445e+004 +3.4804e+000 -1.1272e+000 +2.1653e+000
3 0 +2.364147467e+004 +2.345168467e+004 +2.345168467e+004 -1.8462e+000 -2.9110e+000 +4.6618e+000
5 0 +1.547017431e+004 +1.528038431e+004 +1.528038431e+004 -5.0000e+000 +5.0000e+000 +5.0000e+000
6 0 +1.530429762e+003 +1.340639762e+003 +1.340639762e+003 -1.0727e+000 +1.8083e+000 -1.9988e+000
9 0 +1.768439432e+002 -1.294605683e+001 -1.294605683e+001 -1.9234e+000 +1.7436e+000 +3.1114e+000
36 0 +1.217797099e+002 -6.801029009e+001 -6.801029009e+001 -4.9766e-001 +1.8083e+000 +1.5427e+000
72 0 +8.505775049e+001 -1.047322495e+002 -1.047322495e+002 -5.2060e-001 +2.6415e+000 +4.3544e+000
103 0 +4.276859163e+001 -1.470214084e+002 -1.470214084e+002 -1.7697e+000 +6.8115e-001 +2.0397e+000
126 0 +3.839130885e+001 -1.513986912e+002 -1.513986912e+002 -9.3585e-001 +2.2461e+000 +2.0002e+000
207 0 +2.190532443e+001 -1.678846756e+002 -1.678846756e+002 -1.4484e+000 +1.0873e+000 +1.3784e+000
223 0 +3.711230998e+000 -1.860787690e+002 -1.860787690e+002 -1.6979e+000 +1.2273e+000 +1.7651e+000
250 0 +2.286940569e+000 -1.875030594e+002 -1.875030594e+002 -1.4338e+000 +1.4556e+000 +1.7688e+000
280 0 +1.519187795e+000 -1.882708122e+002 -1.882708122e+002 -1.4078e+000 +1.4410e+000 +1.7284e+000
421 0 +1.488084856e+000 -1.883019151e+002 -1.883019151e+002 -1.4162e+000 +1.4036e+000 +1.7151e+000
507 0 +1.239586987e+000 -1.885504130e+002 -1.885504130e+002 -1.0057e+000 +1.9449e+000 +2.0604e+000
517 0 +1.057788993e+000 -1.887322110e+002 -1.887322110e+002 -1.1216e+000 +1.6490e+000 +1.7191e+000
544 0 +7.651134298e-001 -1.890248866e+002 -1.890248866e+002 -1.2083e+000 +1.6110e+000 +1.7451e+000
567 0 +3.080394670e-001 -1.894819605e+002 -1.894819605e+002 -9.8582e-001 +1.8982e+000 +1.9978e+000
739 0 +2.033731640e-001 -1.895866268e+002 -1.895866268e+002 -9.3803e-001 +1.9358e+000 +2.0689e+000
754 0 +1.658857215e-001 -1.896241143e+002 -1.896241143e+002 -9.2612e-001 +1.9671e+000 +2.0844e+000
777 0 +1.452814711e-001 -1.896447185e+002 -1.896447185e+002 -9.1853e-001 +1.9814e+000 +2.1078e+000
859 0 +1.412010046e-001 -1.896487990e+002 -1.896487990e+002 -8.9397e-001 +2.0055e+000 +2.1409e+000
887 0 +9.738643373e-002 -1.896926136e+002 -1.896926136e+002 -8.8121e-001 +2.0350e+000 +2.1903e+000
909 0 +8.780007804e-002 -1.897021999e+002 -1.897021999e+002 -8.7131e-001 +2.0523e+000 +2.2122e+000
938 0 +5.262080618e-002 -1.897373792e+002 -1.897373792e+002 -8.4659e-001 +2.1051e+000 +2.2983e+000
951 0 +5.246509841e-002 -1.897375349e+002 -1.897375349e+002 -8.0975e-001 +2.1870e+000 +2.4328e+000
958 0 +4.351793738e-002 -1.897464821e+002 -1.897464821e+002 -8.2933e-001 +2.1417e+000 +2.3555e+000
966 0 +2.058254975e-002 -1.897694175e+002 -1.897694175e+002 -7.6235e-001 +2.2467e+000 +2.5439e+000
967 0 +1.314235616e-002 -1.897768576e+002 -1.897768576e+002 -7.7716e-001 +2.2390e+000 +2.5290e+000
971 0 +1.141910814e-002 -1.897785809e+002 -1.897785809e+002 -7.7308e-001 +2.2324e+000 +2.5155e+000
1022 0 +1.095348781e-002 -1.897790465e+002 -1.897790465e+002 -7.8272e-001 +2.2247e+000 +2.5067e+000
1036 0 +7.554306015e-003 -1.897824457e+002 -1.897824457e+002 -7.7278e-001 +2.2386e+000 +2.5260e+000
1084 0 +4.409988087e-003 -1.897855900e+002 -1.897855900e+002 -7.5216e-001 +2.2785e+000 +2.6007e+000
1122 0 +3.083792882e-003 -1.897869162e+002 -1.897869162e+002 -7.5908e-001 +2.2632e+000 +2.5784e+000
1123 0 +2.058487509e-003 -1.897879415e+002 -1.897879415e+002 -7.5681e-001 +2.2687e+000 +2.5863e+000
1136 0 +1.066515783e-003 -1.897889335e+002 -1.897889335e+002 -7.4045e-001 +2.3059e+000 +2.6613e+000
1167 0 +7.649946552e-004 -1.897892350e+002 -1.897892350e+002 -7.5161e-001 +2.2805e+000 +2.6106e+000
1187 0 +7.431114245e-004 -1.897892569e+002 -1.897892569e+002 -7.5093e-001 +2.2819e+000 +2.6140e+000
1203 0 +5.476483861e-004 -1.897894524e+002 -1.897894524e+002 -7.4943e-001 +2.2848e+000 +2.6194e+000
1238 0 +4.828019626e-004 -1.897895172e+002 -1.897895172e+002 -7.4824e-001 +2.2881e+000 +2.6258e+000
1245 0 +3.758426891e-005 -1.897899624e+002 -1.897899624e+002 -7.4147e-001 +2.3010e+000 +2.6506e+000
1312 0 +6.291927605e-006 -1.897899937e+002 -1.897899937e+002 -7.3993e-001 +2.3036e+000 +2.6561e+000
1361 0 +1.193787853e-006 -1.897899988e+002 -1.897899988e+002 -7.3967e-001 +2.3043e+000 +2.6574e+000
1445 0 +5.870494419e-007 -1.897899994e+002 -1.897899994e+002 -7.3930e-001 +2.3050e+000 +2.6589e+000
1498 0 +1.620882131e-007 -1.897899998e+002 -1.897899998e+002 -7.3911e-001 +2.3054e+000 +2.6596e+000
1510 0 +7.500170796e-008 -1.897899999e+002 -1.897899999e+002 -7.3914e-001 +2.3053e+000 +2.6595e+000
1589 0 +4.528385489e-008 -1.897900000e+002 -1.897900000e+002 -7.3919e-001 +2.3052e+000 +2.6593e+000
1616 0 +1.040638153e-008 -1.897900000e+002 -1.897900000e+002 -7.3919e-001 +2.3052e+000 +2.6593e+000
1647 0 +1.166114316e-009 -1.897900000e+002 -1.897900000e+002 -7.3919e-001 +2.3052e+000 +2.6592e+000
% f evaluations | g evaluations | best noise-free fitness - Fopt (-2.774000000000e+001) + sum g_i+ | measured fitness | best measured fitness or single-digit g-values | x1 | x2...
1 0 +3.424810625e+005 +3.424533225e+005 +3.424533225e+005 -1.2032e+000 +4.3749e+000 -4.6482e-001
2 0 +1.490289960e+004 +1.487515960e+004 +1.487515960e+004 -3.7371e+000 -3.8789e+000 -6.5283e-001
3 0 +2.261496278e+003 +2.233756278e+003 +2.233756278e+003 +3.7078e-001 -9.5053e-001 -1.0789e+000
11 0 +2.638310008e+002 +2.360910008e+002 +2.360910008e+002 -1.6455e+000 -2.1483e+000 +3.7856e-001
45 0 +5.257542805e+001 +2.483542805e+001 +2.483542805e+001 +9.8652e-001 -1.9872e+000 -1.3691e+000
74 0 +4.913723311e+001 +2.139723311e+001 +2.139723311e+001 +1.2139e+000 -1.6902e+000 +2.0709e-001
151 0 +3.015075167e+001 +2.410751671e+000 +2.410751671e+000 -1.4635e+000 -1.9359e+000 -1.0538e+000
165 0 +2.539126091e+001 -2.348739087e+000 -2.348739087e+000 +8.5614e-001 -1.9732e+000 -1.1928e+000
235 0 +6.645067254e+000 -2.109493275e+001 -2.109493275e+001 -1.3666e+000 -2.4811e+000 -1.8356e+000
356 0 +3.906525080e+000 -2.383347492e+001 -2.383347492e+001 +2.1748e-001 -3.1476e+000 -2.4795e+000
425 0 +2.556165694e+000 -2.518383431e+001 -2.518383431e+001 +1.0029e+000 -1.5509e+000 +8.0676e-001
515 0 +2.512951797e-001 -2.748870482e+001 -2.748870482e+001 +4.8259e-001 -2.7033e+000 -2.2037e+000
799 0 +1.800064258e-001 -2.755999357e+001 -2.755999357e+001 +6.0278e-001 -2.5029e+000 -1.8756e+000
1141 0 +7.893441263e-002 -2.766106559e+001 -2.766106559e+001 +7.4050e-001 -2.2376e+000 -1.3498e+000
1268 0 +6.932661274e-002 -2.767067339e+001 -2.767067339e+001 +6.5958e-001 -2.3929e+000 -1.7302e+000
1274 0 +4.436547037e-002 -2.769563453e+001 -2.769563453e+001 +6.2119e-001 -2.4849e+000 -1.8646e+000
1355 0 +1.585281726e-002 -2.772414718e+001 -2.772414718e+001 +6.4737e-001 -2.4353e+000 -1.7801e+000
1376 0 +1.006428064e-002 -2.772993572e+001 -2.772993572e+001 +6.3185e-001 -2.4571e+000 -1.8242e+000
1502 0 +4.462679777e-003 -2.773553732e+001 -2.773553732e+001 +6.7592e-001 -2.3702e+000 -1.6546e+000
1564 0 +2.005609662e-003 -2.773799439e+001 -2.773799439e+001 +6.7765e-001 -2.3719e+000 -1.6640e+000
1577 0 +1.876900931e-003 -2.773812310e+001 -2.773812310e+001 +6.5412e-001 -2.4138e+000 -1.7513e+000
1670 0 +1.530034524e-003 -2.773846997e+001 -2.773846997e+001 +6.7706e-001 -2.3667e+000 -1.6532e+000
1679 0 +1.171508116e-003 -2.773882849e+001 -2.773882849e+001 +6.6051e-001 -2.4017e+000 -1.7209e+000
1692 0 +4.078022820e-004 -2.773959220e+001 -2.773959220e+001 +6.7411e-001 -2.3757e+000 -1.6724e+000
1707 0 +3.394255473e-004 -2.773966057e+001 -2.773966057e+001 +6.6882e-001 -2.3873e+000 -1.6942e+000
1769 0 +1.743197567e-004 -2.773982568e+001 -2.773982568e+001 +6.6352e-001 -2.3966e+000 -1.7126e+000
1781 0 +9.449235443e-005 -2.773990551e+001 -2.773990551e+001 +6.6931e-001 -2.3849e+000 -1.6908e+000
1823 0 +2.084050439e-005 -2.773997916e+001 -2.773997916e+001 +6.6725e-001 -2.3890e+000 -1.6989e+000
1856 0 +8.035458642e-006 -2.773999196e+001 -2.773999196e+001 +6.6499e-001 -2.3936e+000 -1.7077e+000
1892 0 +5.549734325e-007 -2.773999945e+001 -2.773999945e+001 +6.6557e-001 -2.3925e+000 -1.7057e+000
1926 0 +3.049177870e-007 -2.773999970e+001 -2.773999970e+001 +6.6526e-001 -2.3930e+000 -1.7069e+000
1951 0 +1.904591151e-007 -2.773999981e+001 -2.773999981e+001 +6.6551e-001 -2.3926e+000 -1.7059e+000
2017 0 +7.000268099e-008 -2.773999993e+001 -2.773999993e+001 +6.6541e-001 -2.3928e+000 -1.7063e+000
2093 0 +1.482746370e-009 -2.774000000e+001 -2.774000000e+001 +6.6539e-001 -2.3928e+000 -1.7064e+000
% f evaluations | g evaluations | best noise-free fitness - Fopt (6.930000000000e+000) + sum g_i+ | measured fitness | best measured fitness or single-digit g-values | x1 | x2...
1 0 +6.492270786e+003 +6.499200786e+003 +6.499200786e+003 +8.2816e-001 -1.1511e+000 -3.2037e+000
2 0 +1.766164295e+003 +1.773094295e+003 +1.773094295e+003 +4.0178e-001 -1.0099e-001 -2.5846e+000
11 0 +7.026182762e+002 +7.095482762e+002 +7.095482762e+002 -6.9388e-001 +8.4702e-001 +1.0245e+000
20 0 +4.250301490e+002 +4.319601490e+002 +4.319601490e+002 -2.0006e+000 +2.8172e+000 +4.0983e+000
29 0 +9.226157511e+001 +9.919157511e+001 +9.919157511e+001 -4.3639e-001 +1.7847e+000 -1.0639e+000
52 0 +2.462056106e+001 +3.155056106e+001 +3.155056106e+001 -2.1941e+000 +1.5647e+000 -5.8025e-001
114 0 +1.049766773e+001 +1.742766773e+001 +1.742766773e+001 -4.8221e-001 +1.1184e+000 -1.4136e+000
121 0 +7.610281451e+000 +1.454028145e+001 +1.454028145e+001 -2.4705e+000 +1.4185e+000 -8.9045e-001
145 0 +3.725784588e+000 +1.065578459e+001 +1.065578459e+001 -2.1693e+000 +1.0034e+000 -1.4757e+000
195 0 +2.923289921e+000 +9.853289921e+000 +9.853289921e+000 -1.5359e+000 +5.1143e-001 -1.7936e+000
239 0 +1.801877391e+000 +8.731877391e+000 +8.731877391e+000 -5.4590e-001 +1.2801e+000 -1.2774e+000
274 0 +1.640764590e+000 +8.570764590e+000 +8.570764590e+000 -1.0369e+000 +6.3944e-001 -1.7550e+000
394 0 +1.101283476e+000 +8.031283476e+000 +8.031283476e+000 -1.0146e+000 +7.4377e-001 -1.6650e+000
455 0 +6.372782194e-001 +7.567278219e+000 +7.567278219e+000 -8.1014e-001 +9.5911e-001 -1.5427e+000
543 0 +5.326645942e-001 +7.462664594e+000 +7.462664594e+000 -7.4572e-001 +1.0261e+000 -1.5058e+000
608 0 +4.607377840e-001 +7.390737784e+000 +7.390737784e+000 -6.9463e-001 +1.1072e+000 -1.4171e+000
638 0 +3.831243936e-001 +7.313124394e+000 +7.313124394e+000 -6.2215e-001 +1.1559e+000 -1.3541e+000
658 0 +3.390619309e-001 +7.269061931e+000 +7.269061931e+000 -6.6306e-001 +1.1378e+000 -1.3797e+000
686 0 +2.496841587e-001 +7.179684159e+000 +7.179684159e+000 -6.7482e-001 +1.1108e+000 -1.3651e+000
703 0 +2.290279192e-001 +7.159027919e+000 +7.159027919e+000 -6.4270e-001 +1.1477e+000 -1.3152e+000
786 0 +2.029203582e-001 +7.132920358e+000 +7.132920358e+000 -6.2458e-001 +1.1872e+000 -1.2605e+000
818 0 +1.814060257e-001 +7.111406026e+000 +7.111406026e+000 -6.4188e-001 +1.1622e+000 -1.3201e+000
821 0 +1.685149418e-001 +7.098514942e+000 +7.098514942e+000 -6.2862e-001 +1.1737e+000 -1.3050e+000
856 0 +1.304513207e-001 +7.060451321e+000 +7.060451321e+000 -5.9048e-001 +1.2292e+000 -1.2243e+000
862 0 +1.051586623e-001 +7.035158662e+000 +7.035158662e+000 -5.7297e-001 +1.2675e+000 -1.1834e+000
892 0 +1.009487802e-001 +7.030948780e+000 +7.030948780e+000 -5.5562e-001 +1.2936e+000 -1.1469e+000
899 0 +8.258446460e-002 +7.012584465e+000 +7.012584465e+000 -5.2722e-001 +1.3362e+000 -1.0741e+000
953 0 +8.064633798e-002 +7.010646338e+000 +7.010646338e+000 -5.4113e-001 +1.3139e+000 -1.1063e+000
956 0 +5.657269324e-002 +6.986572693e+000 +6.986572693e+000 -5.2875e-001 +1.3397e+000 -1.0554e+000
959 0 +4.745760306e-002 +6.977457603e+000 +6.977457603e+000 -5.2911e-001 +1.3563e+000 -1.0252e+000
991 0 +4.648199640e-002 +6.976481996e+000 +6.976481996e+000 -5.3192e-001 +1.3501e+000 -1.0461e+000
1016 0 +4.267296539e-002 +6.972672965e+000 +6.972672965e+000 -4.8243e-001 +1.4247e+000 -9.2657e-001
1020 0 +2.976610002e-002 +6.959766100e+000 +6.959766100e+000 -4.9882e-001 +1.4023e+000 -9.6280e-001
1036 0 +2.338583440e-002 +6.953385834e+000 +6.953385834e+000 -4.9720e-001 +1.4075e+000 -9.5123e-001
1053 0 +1.949793413e-002 +6.949497934e+000 +6.949497934e+000 -4.8968e-001 +1.4199e+000 -9.2865e-001
1068 0 +5.349805472e-003 +6.935349805e+000 +6.935349805e+000 -4.6776e-001 +1.4638e+000 -8.4263e-001
1091 0 +4.075733917e-003 +6.934075734e+000 +6.934075734e+000 -4.5480e-001 +1.4904e+000 -7.8710e-001
1141 0 +2.986910009e-003 +6.932986910e+000 +6.932986910e+000 -4.3417e-001 +1.5358e+000 -7.0348e-001
1143 0 +2.621765371e-003 +6.932621765e+000 +6.932621765e+000 -4.3681e-001 +1.5303e+000 -7.1387e-001
1186 0 +9.345129990e-004 +6.930934513e+000 +6.930934513e+000 -4.3159e-001 +1.5360e+000 -7.0481e-001
1203 0 +7.012065393e-004 +6.930701207e+000 +6.930701207e+000 -4.2928e-001 +1.5380e+000 -6.9872e-001
1227 0 +2.941870465e-004 +6.930294187e+000 +6.930294187e+000 -4.3662e-001 +1.5269e+000 -7.2137e-001
1235 0 +4.550234127e-005 +6.930045502e+000 +6.930045502e+000 -4.3286e-001 +1.5334e+000 -7.0740e-001
1367 0 +1.541588719e-005 +6.930015416e+000 +6.930015416e+000 -4.3515e-001 +1.5287e+000 -7.1624e-001
1382 0 +3.628468002e-006 +6.930003628e+000 +6.930003628e+000 -4.3497e-001 +1.5289e+000 -7.1598e-001
1469 0 +5.733473083e-007 +6.930000573e+000 +6.930000573e+000 -4.3469e-001 +1.5294e+000 -7.1523e-001
1507 0 +3.931717441e-008 +6.930000039e+000 +6.930000039e+000 -4.3499e-001 +1.5288e+000 -7.1635e-001
1563 0 +4.467588077e-009 +6.930000004e+000 +6.930000004e+000 -4.3500e-001 +1.5288e+000 -7.1638e-001
% f evaluations | g evaluations | best noise-free fitness - Fopt (-4.456000000000e+001) + sum g_i+ | measured fitness | best measured fitness or single-digit g-values | x1 | x2...
1 0 +1.611655056e+003 +1.567095056e+003 +1.567095056e+003 +1.0717e+000 -3.7225e-001 +2.1526e+000
4 0 +7.149118733e+002 +6.703518733e+002 +6.703518733e+002 +1.7922e+000 -4.0315e-001 +4.0238e+000
8 0 +5.429466713e+002 +4.983866713e+002 +4.983866713e+002 -1.0730e+000 -1.2290e+000 +5.0000e+000
9 0 +1.246490247e+002 +8.008902465e+001 +8.008902465e+001 -3.8854e-001 -1.5916e+000 +1.8665e+000
23 0 +8.061446798e+001 +3.605446798e+001 +3.605446798e+001 +5.6505e-001 -2.6327e+000 -9.5560e-002
96 0 +5.751325780e+001 +1.295325780e+001 +1.295325780e+001 -1.0508e+000 -2.3060e+000 +1.4591e+000
105 0 +2.716593585e+001 -1.739406415e+001 -1.739406415e+001 -7.7704e-002 -2.9961e+000 +2.6604e-001
107 0 +3.036926805e+000 -4.152307319e+001 -4.152307319e+001 -7.6490e-001 -2.4763e+000 +6.2004e-001
249 0 +1.952171082e+000 -4.260782892e+001 -4.260782892e+001 +1.8653e-001 -2.4357e+000 +6.4645e-001
372 0 +1.818115729e+000 -4.274188427e+001 -4.274188427e+001 -9.0205e-002 -2.6589e+000 +5.6931e-001
388 0 +1.292014563e+000 -4.326798544e+001 -4.326798544e+001 +1.5258e-001 -2.6029e+000 +5.8980e-001
400 0 +8.595552594e-001 -4.370044474e+001 -4.370044474e+001 +2.5108e-001 -2.4532e+000 +6.7008e-001
413 0 +7.264843407e-001 -4.383351566e+001 -4.383351566e+001 +3.4557e-001 -2.4064e+000 +6.8910e-001
473 0 +6.780352608e-001 -4.388196474e+001 -4.388196474e+001 +3.4557e-001 -2.3758e+000 +6.8124e-001
544 0 +5.933208623e-001 -4.396667914e+001 -4.396667914e+001 +4.3574e-001 -2.2763e+000 +7.4863e-001
566 0 +5.477107698e-001 -4.401228923e+001 -4.401228923e+001 +4.9135e-001 -2.2298e+000 +8.2585e-001
607 0 +5.042422011e-001 -4.405575780e+001 -4.405575780e+001 +3.8805e-001 -2.3207e+000 +7.4144e-001
629 0 +3.998338542e-001 -4.416016615e+001 -4.416016615e+001 +4.4967e-001 -2.2566e+000 +8.0244e-001
660 0 +3.819952944e-001 -4.417800471e+001 -4.417800471e+001 +4.4483e-001 -2.2534e+000 +8.1486e-001
711 0 +3.651295262e-001 -4.419487047e+001 -4.419487047e+001 +4.6213e-001 -2.2357e+000 +8.1983e-001
714 0 +3.494237619e-001 -4.421057624e+001 -4.421057624e+001 +5.1488e-001 -2.1769e+000 +8.8225e-001
716 0 +2.641942199e-001 -4.429580578e+001 -4.429580578e+001 +5.2254e-001 -2.1520e+000 +9.1997e-001
772 0 +2.025813297e-001 -4.435741867e+001 -4.435741867e+001 +5.6686e-001 -2.0853e+000 +9.9333e-001
807 0 +1.913802427e-001 -4.436861976e+001 -4.436861976e+001 +6.1839e-001 -1.9946e+000 +1.0922e+000
810 0 +1.533152557e-001 -4.440668474e+001 -4.440668474e+001 +5.7278e-001 -2.0631e+000 +1.0234e+000
828 0 +9.319355089e-002 -4.446680645e+001 -4.446680645e+001 +6.1527e-001 -1.9839e+000 +1.1430e+000
863 0 +7.788514914e-002 -4.448211485e+001 -4.448211485e+001 +6.3637e-001 -1.9582e+000 +1.1740e+000
875 0 +7.248723428e-002 -4.448751277e+001 -4.448751277e+001 +6.6138e-001 -1.9201e+000 +1.2323e+000
883 0 +6.416521225e-002 -4.449583479e+001 -4.449583479e+001 +6.4704e-001 -1.9358e+000 +1.2158e+000
895 0 +3.706100661e-002 -4.452293899e+001 -4.452293899e+001 +6.6707e-001 -1.8916e+000 +1.2810e+000
907 0 +3.370594337e-002 -4.452629406e+001 -4.452629406e+001 +7.0141e-001 -1.8210e+000 +1.3925e+000
944 0 +2.872008964e-002 -4.453127991e+001 -4.453127991e+001 +6.8071e-001 -1.8638e+000 +1.3295e+000
1023 0 +2.149625481e-002 -4.453850375e+001 -4.453850375e+001 +7.1948e-001 -1.8025e+000 +1.4272e+000
1026 0 +1.617144636e-002 -4.454382855e+001 -4.454382855e+001 +7.1616e-001 -1.8107e+000 +1.4231e+000
1047 0 +1.072542774e-002 -4.454927457e+001 -4.454927457e+001 +7.2062e-001 -1.7901e+000 +1.4541e+000
1116 0 +1.251549331e-003 -4.455874845e+001 -4.455874845e+001 +7.4301e-001 -1.7500e+000 +1.5347e+000
1143 0 +5.554454725e-004 -4.455944455e+001 -4.455944455e+001 +7.5005e-001 -1.7380e+000 +1.5600e+000
1202 0 +3.938832600e-004 -4.455960612e+001 -4.455960612e+001 +7.4786e-001 -1.7404e+000 +1.5557e+000
1236 0 +1.062057698e-004 -4.455989379e+001 -4.455989379e+001 +7.5198e-001 -1.7323e+000 +1.5714e+000
1279 0 +2.126550899e-005 -4.455997873e+001 -4.455997873e+001 +7.5862e-001 -1.7191e+000 +1.5976e+000
1339 0 +1.109967196e-005 -4.455998890e+001 -4.455998890e+001 +7.5689e-001 -1.7225e+000 +1.5911e+000
1360 0 +1.043876458e-005 -4.455998956e+001 -4.455998956e+001 +7.5622e-001 -1.7240e+000 +1.5882e+000
1364 0 +2.606763381e-006 -4.455999739e+001 -4.455999739e+001 +7.5656e-001 -1.7233e+000 +1.5893e+000
1392 0 +2.470098913e-006 -4.455999753e+001 -4.455999753e+001 +7.5635e-001 -1.7237e+000 +1.5885e+000
1435 0 +3.760743539e-007 -4.455999962e+001 -4.455999962e+001 +7.5672e-001 -1.7229e+000 +1.5900e+000
1463 0 +6.565084476e-008 -4.455999993e+001 -4.455999993e+001 +7.5654e-001 -1.7233e+000 +1.5892e+000
1491 0 +2.755945872e-008 -4.455999997e+001 -4.455999997e+001 +7.5663e-001 -1.7231e+000 +1.5895e+000
1516 0 +2.557300149e-008 -4.455999997e+001 -4.455999997e+001 +7.5653e-001 -1.7233e+000 +1.5891e+000
1590 0 +2.903135510e-009 -4.456000000e+001 -4.456000000e+001 +7.5659e-001 -1.7232e+000 +1.5893e+000
% f evaluations | g evaluations | best noise-free fitness - Fopt (1.000000000000e+003) + sum g_i+ | measured fitness | best measured fitness or single-digit g-values | x1 | x2...
1 0 +2.582502931e+004 +2.682502931e+004 +2.682502931e+004 +8.5726e-001 +1.4344e+000 +3.8121e+000
5 0 +7.940425634e+003 +8.940425634e+003 +8.940425634e+003 -5.0000e+000 -5.0000e+000 +5.0000e+000
7 0 +4.067662642e+002 +1.406766264e+003 +1.406766264e+003 -3.6363e+000 -3.1783e+000 +4.3375e+000
37 0 +8.852074388e+001 +1.088520744e+003 +1.088520744e+003 -2.4583e+000 -1.4709e+000 +1.9464e+000
50 0 +2.946232707e+001 +1.029462327e+003 +1.029462327e+003 -3.6745e+000 -1.2502e+000 +9.4598e-001
97 0 +4.524116250e+000 +1.004524116e+003 +1.004524116e+003 -3.9297e+000 -1.4041e+000 +1.2868e+000
180 0 +3.987254849e+000 +1.003987255e+003 +1.003987255e+003 -3.6094e+000 -1.7085e+000 +1.1539e+000
221 0 +2.811714636e+000 +1.002811715e+003 +1.002811715e+003 -2.4934e+000 -1.0805e+000 +1.3384e+000
286 0 +8.722575193e-001 +1.000872258e+003 +1.000872258e+003 -2.4501e+000 -1.0724e+000 +1.5750e+000
338 0 +7.485220988e-001 +1.000748522e+003 +1.000748522e+003 -2.7482e+000 -1.4265e+000 +1.1162e+000
371 0 +6.086113493e-001 +1.000608611e+003 +1.000608611e+003 -2.4934e+000 -1.1380e+000 +1.3885e+000
431 0 +3.360128418e-001 +1.000336013e+003 +1.000336013e+003 -2.5683e+000 -1.1762e+000 +1.3614e+000
589 0 +2.730068112e-001 +1.000273007e+003 +1.000273007e+003 -2.5536e+000 -1.1903e+000 +1.3485e+000
746 0 +2.106968772e-001 +1.000210697e+003 +1.000210697e+003 -2.4998e+000 -1.1033e+000 +1.4480e+000
774 0 +2.079984633e-001 +1.000207998e+003 +1.000207998e+003 -2.5047e+000 -1.0789e+000 +1.4912e+000
802 0 +1.810797178e-001 +1.000181080e+003 +1.000181080e+003 -2.4960e+000 -1.0972e+000 +1.4620e+000
808 0 +9.485947938e-002 +1.000094859e+003 +1.000094859e+003 -2.4525e+000 -1.0021e+000 +1.6095e+000
838 0 +6.478012287e-002 +1.000064780e+003 +1.000064780e+003 -2.4345e+000 -9.8712e-001 +1.6381e+000
928 0 +5.224137413e-002 +1.000052241e+003 +1.000052241e+003 -2.3930e+000 -8.9524e-001 +1.7787e+000
956 0 +3.253577889e-002 +1.000032536e+003 +1.000032536e+003 -2.3993e+000 -9.2270e-001 +1.7421e+000
957 0 +2.354173808e-002 +1.000023542e+003 +1.000023542e+003 -2.3826e+000 -8.8194e-001 +1.8115e+000
958 0 +1.473087287e-002 +1.000014731e+003 +1.000014731e+003 -2.3734e+000 -8.7131e-001 +1.8312e+000
988 0 +8.941964259e-003 +1.000008942e+003 +1.000008942e+003 -2.3552e+000 -8.3613e-001 +1.8911e+000
1036 0 +5.598298864e-003 +1.000005598e+003 +1.000005598e+003 -2.3237e+000 -7.7301e-001 +2.0238e+000
1077 0 +2.545264523e-003 +1.000002545e+003 +1.000002545e+003 -2.3377e+000 -8.0091e-001 +1.9638e+000
1106 0 +1.563410146e-003 +1.000001563e+003 +1.000001563e+003 -2.3010e+000 -7.2915e-001 +2.1062e+000
1219 0 +2.334287267e-004 +1.000000233e+003 +1.000000233e+003 -2.3131e+000 -7.5349e-001 +2.0562e+000
1274 0 +1.720981910e-004 +1.000000172e+003 +1.000000172e+003 -2.3178e+000 -7.6280e-001 +2.0382e+000
1309 0 +1.168485197e-004 +1.000000117e+003 +1.000000117e+003 -2.3189e+000 -7.6572e-001 +2.0324e+000
1321 0 +8.481842315e-005 +1.000000085e+003 +1.000000085e+003 -2.3207e+000 -7.6923e-001 +2.0250e+000
1371 0 +6.835180295e-005 +1.000000068e+003 +1.000000068e+003 -2.3150e+000 -7.5864e-001 +2.0451e+000
1373 0 +2.187369785e-005 +1.000000022e+003 +1.000000022e+003 -2.3168e+000 -7.6170e-001 +2.0398e+000
1381 0 +5.634678246e-006 +1.000000006e+003 +1.000000006e+003 -2.3173e+000 -7.6282e-001 +2.0374e+000
1417 0 +5.470033670e-006 +1.000000005e+003 +1.000000005e+003 -2.3177e+000 -7.6349e-001 +2.0360e+000
1463 0 +1.132020202e-006 +1.000000001e+003 +1.000000001e+003 -2.3177e+000 -7.6357e-001 +2.0357e+000
1494 0 +2.464303179e-007 +1.000000000e+003 +1.000000000e+003 -2.3178e+000 -7.6379e-001 +2.0353e+000
1551 0 +1.866688990e-007 +1.000000000e+003 +1.000000000e+003 -2.3179e+000 -7.6399e-001 +2.0348e+000
1622 0 +2.604485871e-008 +1.000000000e+003 +1.000000000e+003 -2.3178e+000 -7.6379e-001 +2.0352e+000
1704 0 +4.421281119e-009 +1.000000000e+003 +1.000000000e+003 -2.3178e+000 -7.6385e-001 +2.0351e+000
% f evaluations | g evaluations | best noise-free fitness - Fopt (-6.797100000000e+002) + sum g_i+ | measured fitness | best measured fitness or single-digit g-values | x1 | x2...
1 0 +5.004864426e+005 +4.998067326e+005 +4.998067326e+005 +6.0195e-001 +4.8870e+000 -2.9032e+000
2 0 +4.130909950e+005 +4.124112850e+005 +4.124112850e+005 -2.9685e+000 +4.9030e+000 +3.4046e+000
3 0 +3.620134956e+002 -3.176965044e+002 -3.176965044e+002 +1.1236e+000 -3.4091e+000 -7.1307e-001
13 0 +3.513403960e+002 -3.283696040e+002 -3.283696040e+002 -1.4810e-001 -1.4203e+000 +4.3068e+000
59 0 +3.076037743e+002 -3.721062257e+002 -3.721062257e+002 -1.3358e+000 -3.2654e+000 +4.3934e-001
63 0 +1.819409453e+002 -4.977690547e+002 -4.977690547e+002 +1.1128e+000 -3.3678e+000 +4.4952e-001
72 0 +1.327667947e+002 -5.469432053e+002 -5.469432053e+002 -6.6703e-001 -2.6560e+000 -1.7021e-001
113 0 +9.120327453e+001 -5.885067255e+002 -5.885067255e+002 +8.1240e-001 -1.6728e+000 +3.3229e+000
123 0 +3.536373237e+001 -6.443462676e+002 -6.443462676e+002 -1.7292e-001 -2.8233e+000 +3.8808e-001
134 0 +2.027264841e+001 -6.594373516e+002 -6.594373516e+002 +1.6602e-001 -2.8815e+000 +9.4084e-001
153 0 +8.371353722e+000 -6.713386463e+002 -6.713386463e+002 -4.9436e-001 -2.8233e+000 +6.9715e-001
179 0 +4.435550142e+000 -6.752744499e+002 -6.752744499e+002 -9.3647e-001 -2.5141e+000 +1.1422e+000
212 0 +2.827501320e+000 -6.768824987e+002 -6.768824987e+002 -1.9458e-001 -3.3140e+000 +5.6974e-001
370 0 +2.675431876e+000 -6.770345681e+002 -6.770345681e+002 -5.1845e-002 -3.2549e+000 +6.2519e-001
377 0 +2.284511610e+000 -6.774254884e+002 -6.774254884e+002 -5.9983e-002 -3.3212e+000 +5.5676e-001
429 0 +2.209929414e+000 -6.775000706e+002 -6.775000706e+002 -1.1655e-001 -3.2800e+000 +5.5740e-001
455 0 +2.119763575e+000 -6.775902364e+002 -6.775902364e+002 +2.8409e-001 -3.2196e+000 +4.6932e-001
479 0 +1.059732445e+000 -6.786502676e+002 -6.786502676e+002 +4.5395e-001 -3.0260e+000 +6.2427e-001
480 0 +6.403281097e-001 -6.790696719e+002 -6.790696719e+002 +5.6191e-001 -2.9539e+000 +6.5248e-001
517 0 +5.263733800e-001 -6.791836266e+002 -6.791836266e+002 +6.3441e-001 -2.8535e+000 +7.6051e-001
598 0 +5.098238639e-001 -6.792001761e+002 -6.792001761e+002 +6.4695e-001 -2.8268e+000 +7.7468e-001
606 0 +3.670763772e-001 -6.793429236e+002 -6.793429236e+002 +6.8935e-001 -2.8079e+000 +7.8579e-001
624 0 +3.292286495e-001 -6.793807714e+002 -6.793807714e+002 +7.2338e-001 -2.7488e+000 +8.2056e-001
859 0 +2.911218529e-001 -6.794188781e+002 -6.794188781e+002 +7.3105e-001 -2.7280e+000 +8.5151e-001
860 0 +2.851687528e-001 -6.794248312e+002 -6.794248312e+002 +7.2228e-001 -2.7478e+000 +8.4748e-001
881 0 +2.812538950e-001 -6.794287461e+002 -6.794287461e+002 +8.0692e-001 -2.6539e+000 +9.4468e-001
882 0 +2.275272003e-001 -6.794824728e+002 -6.794824728e+002 +7.7440e-001 -2.6881e+000 +9.1449e-001
894 0 +1.662591744e-001 -6.795437408e+002 -6.795437408e+002 +8.2546e-001 -2.5876e+000 +1.0203e+000
932 0 +1.497808958e-001 -6.795602191e+002 -6.795602191e+002 +8.3693e-001 -2.5902e+000 +1.0412e+000
952 0 +1.097542043e-001 -6.796002458e+002 -6.796002458e+002 +8.3187e-001 -2.5742e+000 +1.0589e+000
972 0 +7.914002176e-002 -6.796308600e+002 -6.796308600e+002 +8.6729e-001 -2.5093e+000 +1.1506e+000
985 0 +5.559564583e-002 -6.796544044e+002 -6.796544044e+002 +8.8788e-001 -2.4755e+000 +1.2204e+000
989 0 +1.748616029e-002 -6.796925138e+002 -6.796925138e+002 +9.4769e-001 -2.3652e+000 +1.3964e+000
1127 0 +7.679652573e-003 -6.797023203e+002 -6.797023203e+002 +9.6384e-001 -2.3347e+000 +1.4662e+000
1149 0 +2.012396633e-003 -6.797079876e+002 -6.797079876e+002 +9.8704e-001 -2.2917e+000 +1.5493e+000
1165 0 +4.452436291e-004 -6.797095548e+002 -6.797095548e+002 +9.8173e-001 -2.3054e+000 +1.5174e+000
1240 0 +4.021084442e-005 -6.797099598e+002 -6.797099598e+002 +9.8900e-001 -2.2904e+000 +1.5489e+000
1345 0 +3.154312265e-005 -6.797099685e+002 -6.797099685e+002 +9.9118e-001 -2.2858e+000 +1.5577e+000
1372 0 +2.306555643e-006 -6.797099977e+002 -6.797099977e+002 +9.8970e-001 -2.2890e+000 +1.5511e+000
1403 0 +6.848406429e-007 -6.797099993e+002 -6.797099993e+002 +9.8956e-001 -2.2893e+000 +1.5505e+000
1472 0 +2.161418706e-007 -6.797099998e+002 -6.797099998e+002 +9.8927e-001 -2.2898e+000 +1.5494e+000
1524 0 +1.252789161e-007 -6.797099999e+002 -6.797099999e+002 +9.8935e-001 -2.2897e+000 +1.5496e+000
1535 0 +1.254181825e-008 -6.797100000e+002 -6.797100000e+002 +9.8938e-001 -2.2896e+000 +1.5497e+000
1620 0 +1.690864337e-009 -6.797100000e+002 -6.797100000e+002 +9.8942e-001 -2.2896e+000 +1.5499e+000
% f evaluations | g evaluations | best noise-free fitness - Fopt (1.000000000000e+003) + sum g_i+ | measured fitness | best measured fitness or single-digit g-values | x1 | x2...
1 0 +4.386182876e+004 +4.486182876e+004 +4.486182876e+004 -1.7946e+000 +3.5783e+000 +2.3164e+000
4 0 +2.492983690e+004 +2.592983690e+004 +2.592983690e+004 +1.1036e+000 -2.8302e+000 -3.7533e+000
5 0 +1.238828728e+004 +1.338828728e+004 +1.338828728e+004 -5.0000e+000 -5.0000e+000 +5.0000e+000
9 0 +3.711392537e+003 +4.711392537e+003 +4.711392537e+003 -4.9358e+000 -9.7423e-001 +1.8086e+000
11 0 +3.432456755e+003 +4.432456755e+003 +4.432456755e+003 -7.9580e-001 -3.6558e+000 +1.4867e+000
19 0 +1.865421902e+003 +2.865421902e+003 +2.865421902e+003 -4.7053e+000 -3.0091e-001 +2.1052e+000
20 0 +9.606817094e+002 +1.960681709e+003 +1.960681709e+003 -1.1617e+000 -6.8910e-001 -4.1579e+000
21 0 +1.888755914e+002 +1.188875591e+003 +1.188875591e+003 -1.8893e+000 -3.4085e-001 -2.0630e+000
43 0 +6.954074828e+001 +1.069540748e+003 +1.069540748e+003 -2.0113e+000 -2.3203e-001 -2.9298e-001
85 0 +1.463600644e+001 +1.014636006e+003 +1.014636006e+003 -3.4660e+000 -3.4620e-001 -7.3179e-001
105 0 +6.787696053e+000 +1.006787696e+003 +1.006787696e+003 -1.4350e+000 +2.5184e-001 +8.6756e-001
225 0 +4.342361394e+000 +1.004342361e+003 +1.004342361e+003 -1.2397e+000 +3.2113e-001 +1.0843e+000
292 0 +5.171755575e-001 +1.000517176e+003 +1.000517176e+003 -1.9896e+000 -9.8463e-001 -1.7420e+000
499 0 +4.318010782e-001 +1.000431801e+003 +1.000431801e+003 -1.7247e+000 -5.6530e-001 -1.2684e+000
555 0 +3.531045847e-001 +1.000353105e+003 +1.000353105e+003 -1.8374e+000 -8.0774e-001 -1.5287e+000
629 0 +1.119447026e-001 +1.000111945e+003 +1.000111945e+003 -1.6574e+000 -4.4141e-001 -1.0099e+000
650 0 +9.513948169e-002 +1.000095139e+003 +1.000095139e+003 -1.6262e+000 -3.8090e-001 -8.8774e-001
671 0 +5.974388665e-002 +1.000059744e+003 +1.000059744e+003 -1.5856e+000 -3.0790e-001 -7.0740e-001
784 0 +4.698542569e-002 +1.000046985e+003 +1.000046985e+003 -1.7052e+000 -5.5898e-001 -1.1916e+000
813 0 +2.871355932e-002 +1.000028714e+003 +1.000028714e+003 -1.5871e+000 -3.3683e-001 -7.6897e-001
857 0 +8.949793019e-003 +1.000008950e+003 +1.000008950e+003 -1.6214e+000 -4.0440e-001 -9.1329e-001
943 0 +5.614277760e-003 +1.000005614e+003 +1.000005614e+003 -1.5994e+000 -3.6035e-001 -8.3467e-001
992 0 +4.617553941e-003 +1.000004618e+003 +1.000004618e+003 -1.6094e+000 -3.7061e-001 -8.4805e-001
1014 0 +3.198811839e-003 +1.000003199e+003 +1.000003199e+003 -1.6190e+000 -3.9771e-001 -9.0344e-001
1065 0 +2.042200220e-003 +1.000002042e+003 +1.000002042e+003 -1.6168e+000 -3.8956e-001 -8.8681e-001
1067 0 +7.813822473e-004 +1.000000781e+003 +1.000000781e+003 -1.6113e+000 -3.7870e-001 -8.6708e-001
1075 0 +7.243597414e-004 +1.000000724e+003 +1.000000724e+003 -1.6071e+000 -3.6934e-001 -8.5069e-001
1102 0 +4.688726203e-004 +1.000000469e+003 +1.000000469e+003 -1.6198e+000 -3.9405e-001 -8.9873e-001
1121 0 +1.826836782e-004 +1.000000183e+003 +1.000000183e+003 -1.6202e+000 -3.9613e-001 -9.0568e-001
1127 0 +7.959945447e-005 +1.000000080e+003 +1.000000080e+003 -1.6169e+000 -3.8924e-001 -8.9016e-001
1203 0 +1.726446351e-005 +1.000000017e+003 +1.000000017e+003 -1.6178e+000 -3.9175e-001 -8.9603e-001
1222 0 +7.693028806e-006 +1.000000008e+003 +1.000000008e+003 -1.6189e+000 -3.9387e-001 -8.9975e-001
1231 0 +4.876219009e-006 +1.000000005e+003 +1.000000005e+003 -1.6182e+000 -3.9255e-001 -8.9708e-001
1278 0 +1.083768211e-006 +1.000000001e+003 +1.000000001e+003 -1.6185e+000 -3.9299e-001 -8.9811e-001
1319 0 +8.036747658e-007 +1.000000001e+003 +1.000000001e+003 -1.6185e+000 -3.9293e-001 -8.9800e-001
1355 0 +1.700137773e-007 +1.000000000e+003 +1.000000000e+003 -1.6182e+000 -3.9245e-001 -8.9705e-001
1381 0 +8.628853720e-008 +1.000000000e+003 +1.000000000e+003 -1.6182e+000 -3.9236e-001 -8.9689e-001
1422 0 +1.667388005e-008 +1.000000000e+003 +1.000000000e+003 -1.6182e+000 -3.9239e-001 -8.9696e-001
1448 0 +6.041204870e-009 +1.000000000e+003 +1.000000000e+003 -1.6182e+000 -3.9240e-001 -8.9699e-001
% f evaluations | g evaluations | best noise-free fitness - Fopt (1.007000000000e+001) + sum g_i+ | measured fitness | best measured fitness or single-digit g-values | x1 | x2...
1 0 +1.228163375e+005 +1.228264075e+005 +1.228264075e+005 -3.8432e+000 +3.5686e+000 +9.6550e-001
2 0 +1.676516181e+004 +1.677523181e+004 +1.677523181e+004 -3.9865e+000 -1.9552e+000 -8.8411e-001
8 0 +1.905946030e+003 +1.916016030e+003 +1.916016030e+003 -7.5802e-002 -1.2173e+000 +5.0000e+000
11 0 +7.032647791e+002 +7.133347791e+002 +7.133347791e+002 -8.5738e-001 -3.6320e+000 -1.4774e+000
12 0 +2.678597741e+000 +1.274859774e+001 +1.274859774e+001 +4.9424e-001 -1.6901e+000 -4.2218e-003
230 0 +1.934146924e+000 +1.200414692e+001 +1.200414692e+001 -1.1611e-001 -2.4030e+000 -7.6673e-001
305 0 +1.321082737e+000 +1.139108274e+001 +1.139108274e+001 +5.1984e-001 -1.8079e+000 -2.2908e-001
330 0 +6.333865667e-001 +1.070338657e+001 +1.070338657e+001 +3.0345e-001 -2.0564e+000 -5.2475e-001
436 0 +2.897628494e-001 +1.035976285e+001 +1.035976285e+001 +5.2881e-001 -1.6729e+000 -1.3257e-001
458 0 +1.863024820e-001 +1.025630248e+001 +1.025630248e+001 +7.6972e-001 -1.2740e+000 +6.2914e-001
503 0 +3.542204005e-002 +1.010542204e+001 +1.010542204e+001 +6.3985e-001 -1.5280e+000 +1.3728e-001
944 0 +8.030454023e-003 +1.007803045e+001 +1.007803045e+001 +6.6834e-001 -1.4612e+000 +2.6321e-001
1006 0 +3.400018859e-003 +1.007340002e+001 +1.007340002e+001 +6.8283e-001 -1.4246e+000 +3.3027e-001
1040 0 +1.127962345e-003 +1.007112796e+001 +1.007112796e+001 +6.8045e-001 -1.4327e+000 +3.0912e-001
1132 0 +8.807025705e-004 +1.007088070e+001 +1.007088070e+001 +6.7730e-001 -1.4404e+000 +2.9919e-001
1163 0 +7.656253800e-005 +1.007007656e+001 +1.007007656e+001 +6.7815e-001 -1.4390e+000 +2.9980e-001
1216 0 +6.669007414e-005 +1.007006669e+001 +1.007006669e+001 +6.7989e-001 -1.4357e+000 +3.0602e-001
1253 0 +1.627609180e-005 +1.007001628e+001 +1.007001628e+001 +6.7710e-001 -1.4410e+000 +2.9530e-001
1268 0 +4.378427569e-006 +1.007000438e+001 +1.007000438e+001 +6.7690e-001 -1.4416e+000 +2.9396e-001
1309 0 +2.455100709e-007 +1.007000025e+001 +1.007000025e+001 +6.7670e-001 -1.4420e+000 +2.9300e-001
1431 0 +7.380799971e-009 +1.007000001e+001 +1.007000001e+001 +6.7678e-001 -1.4418e+000 +2.9333e-001
% f evaluations | g evaluations | best noise-free fitness - Fopt (-7.540000000000e+000) + sum g_i+ | measured fitness | best measured fitness or single-digit g-values | x1 | x2...
1 0 +2.286886568e+004 +2.286132568e+004 +2.286132568e+004 +4.9097e+000 -2.5655e+000 +4.8899e+000
2 0 +8.790892854e+002 +8.715492854e+002 +8.715492854e+002 +8.7990e-001 -2.2897e-001 +4.3905e+000
9 0 +1.440932397e+002 +1.365532397e+002 +1.365532397e+002 +2.2608e+000 -4.8879e-002 +7.0703e-001
11 0 +2.406787575e+001 +1.652787575e+001 +1.652787575e+001 +1.6871e+000 -6.7257e-003 +1.1865e+000
12 0 +2.382823884e+001 +1.628823884e+001 +1.628823884e+001 +1.6742e+000 -2.3493e-002 +1.2342e+000
60 0 +2.121116609e+001 +1.367116609e+001 +1.367116609e+001 +8.5518e-001 +6.7787e-001 +1.7287e+000
72 0 +1.789448627e+001 +1.035448627e+001 +1.035448627e+001 +1.2243e+000 +2.3499e-001 +1.5728e+000
123 0 +1.524853910e+001 +7.708539099e+000 +7.708539099e+000 +1.1647e+000 +4.0595e-001 +9.2843e-001
135 0 +1.442265049e+001 +6.882650486e+000 +6.882650486e+000 +1.9816e+000 +8.8419e-001 +1.7096e+000
153 0 +2.804165891e+000 -4.735834109e+000 -4.735834109e+000 +1.3545e+000 +4.8788e-001 +1.2995e+000
213 0 +2.619784349e+000 -4.920215651e+000 -4.920215651e+000 +1.3545e+000 +3.9362e-001 +1.2995e+000
301 0 +2.133373049e+000 -5.406626951e+000 -5.406626951e+000 +1.5976e+000 +4.1549e-001 +1.2159e+000
399 0 +1.982779176e+000 -5.557220824e+000 -5.557220824e+000 +1.6009e+000 +3.7723e-001 +1.2305e+000
402 0 +1.898806584e+000 -5.641193416e+000 -5.641193416e+000 +1.6723e+000 +4.0972e-001 +1.3006e+000
429 0 +1.772827077e+000 -5.767172923e+000 -5.767172923e+000 +1.8009e+000 +4.4290e-001 +1.3204e+000
434 0 +1.734718998e+000 -5.805281002e+000 -5.805281002e+000 +1.6828e+000 +3.9274e-001 +1.2681e+000
455 0 +1.465735735e+000 -6.074264265e+000 -6.074264265e+000 +1.9404e+000 +5.0321e-001 +1.2255e+000
456 0 +1.393850943e+000 -6.146149057e+000 -6.146149057e+000 +1.8780e+000 +4.6326e-001 +1.2458e+000
482 0 +1.178189558e+000 -6.361810442e+000 -6.361810442e+000 +1.9553e+000 +5.2484e-001 +1.2569e+000
525 0 +1.141142865e+000 -6.398857135e+000 -6.398857135e+000 +1.9559e+000 +5.2815e-001 +1.2628e+000
555 0 +1.074967765e+000 -6.465032235e+000 -6.465032235e+000 +1.9888e+000 +5.5263e-001 +1.2710e+000
564 0 +9.671721889e-001 -6.572827811e+000 -6.572827811e+000 +2.0033e+000 +5.7803e-001 +1.2840e+000
608 0 +9.221164808e-001 -6.617883519e+000 -6.617883519e+000 +2.0152e+000 +5.8799e-001 +1.3015e+000
614 0 +8.890195270e-001 -6.650980473e+000 -6.650980473e+000 +2.0328e+000 +6.1747e-001 +1.3353e+000
616 0 +6.835329556e-001 -6.856467044e+000 -6.856467044e+000 +2.1032e+000 +7.0470e-001 +1.3571e+000
676 0 +5.812848428e-001 -6.958715157e+000 -6.958715157e+000 +2.1579e+000 +7.6638e-001 +1.3894e+000
679 0 +5.556021092e-001 -6.984397891e+000 -6.984397891e+000 +2.2564e+000 +8.4012e-001 +1.4674e+000
695 0 +4.583960042e-001 -7.081603996e+000 -7.081603996e+000 +2.2206e+000 +8.1661e-001 +1.4404e+000
720 0 +4.288383637e-001 -7.111161636e+000 -7.111161636e+000 +2.2273e+000 +8.3212e-001 +1.4501e+000
746 0 +3.553622184e-001 -7.184637782e+000 -7.184637782e+000 +2.2592e+000 +8.8681e-001 +1.4982e+000
778 0 +3.087826599e-001 -7.231217340e+000 -7.231217340e+000 +2.2739e+000 +9.0180e-001 +1.5263e+000
780 0 +2.548267713e-001 -7.285173229e+000 -7.285173229e+000 +2.3286e+000 +9.8115e-001 +1.5998e+000
826 0 +2.052656151e-001 -7.334734385e+000 -7.334734385e+000 +2.3323e+000 +9.8837e-001 +1.6277e+000
847 0 +1.952814708e-001 -7.344718529e+000 -7.344718529e+000 +2.3384e+000 +1.0030e+000 +1.6371e+000
856 0 +1.937158885e-001 -7.346284111e+000 -7.346284111e+000 +2.3715e+000 +1.0497e+000 +1.6856e+000
895 0 +1.481471788e-001 -7.391852821e+000 -7.391852821e+000 +2.3665e+000 +1.0471e+000 +1.6976e+000
910 0 +1.112714266e-001 -7.428728573e+000 -7.428728573e+000 +2.3976e+000 +1.1038e+000 +1.7712e+000
948 0 +9.281270981e-002 -7.447187290e+000 -7.447187290e+000 +2.4075e+000 +1.1149e+000 +1.7955e+000
959 0 +8.512857773e-002 -7.454871422e+000 -7.454871422e+000 +2.4107e+000 +1.1305e+000 +1.8249e+000
982 0 +8.464532780e-002 -7.455354672e+000 -7.455354672e+000 +2.4226e+000 +1.1367e+000 +1.8266e+000
989 0 +6.934546134e-002 -7.470654539e+000 -7.470654539e+000 +2.4599e+000 +1.2108e+000 +1.9305e+000
1006 0 +5.725051797e-002 -7.482749482e+000 -7.482749482e+000 +2.4398e+000 +1.1748e+000 +1.8843e+000
1016 0 +5.028808525e-002 -7.489711915e+000 -7.489711915e+000 +2.4429e+000 +1.1819e+000 +1.9021e+000
1047 0 +4.573196371e-002 -7.494268036e+000 -7.494268036e+000 +2.4647e+000 +1.2144e+000 +1.9462e+000
1063 0 +4.328163780e-002 -7.496718362e+000 -7.496718362e+000 +2.4595e+000 +1.2207e+000 +1.9611e+000
1072 0 +3.898252692e-002 -7.501017473e+000 -7.501017473e+000 +2.4766e+000 +1.2449e+000 +1.9941e+000
1073 0 +2.833703679e-002 -7.511662963e+000 -7.511662963e+000 +2.4980e+000 +1.2855e+000 +2.0655e+000
1077 0 +2.333240240e-002 -7.516667598e+000 -7.516667598e+000 +2.4966e+000 +1.2726e+000 +2.0499e+000
1078 0 +7.619661571e-003 -7.532380338e+000 -7.532380338e+000 +2.5103e+000 +1.3067e+000 +2.1143e+000
1109 0 +3.689548238e-003 -7.536310452e+000 -7.536310452e+000 +2.5453e+000 +1.3700e+000 +2.2412e+000
1163 0 +1.134986413e-003 -7.538865014e+000 -7.538865014e+000 +2.5377e+000 +1.3579e+000 +2.2152e+000
1182 0 +7.419916830e-004 -7.539258008e+000 -7.539258008e+000 +2.5356e+000 +1.3566e+000 +2.2127e+000
1221 0 +4.025751182e-004 -7.539597425e+000 -7.539597425e+000 +2.5416e+000 +1.3680e+000 +2.2361e+000
1234 0 +9.229070795e-005 -7.539907709e+000 -7.539907709e+000 +2.5452e+000 +1.3746e+000 +2.2481e+000
1312 0 +7.548189950e-005 -7.539924518e+000 -7.539924518e+000 +2.5450e+000 +1.3748e+000 +2.2474e+000
1324 0 +6.054711654e-005 -7.539939453e+000 -7.539939453e+000 +2.5452e+000 +1.3758e+000 +2.2503e+000
1325 0 +4.439322742e-006 -7.539995561e+000 -7.539995561e+000 +2.5476e+000 +1.3798e+000 +2.2582e+000
1371 0 +2.095802145e-007 -7.539999790e+000 -7.539999790e+000 +2.5475e+000 +1.3797e+000 +2.2579e+000
1410 0 +1.664680003e-007 -7.539999834e+000 -7.539999834e+000 +2.5474e+000 +1.3797e+000 +2.2578e+000
1478 0 +2.316717307e-008 -7.539999977e+000 -7.539999977e+000 +2.5476e+000 +1.3800e+000 +2.2584e+000
1562 0 +1.756454537e-009 -7.539999998e+000 -7.539999998e+000 +2.5476e+000 +1.3800e+000 +2.2584e+000
