% f evaluations | g evaluations | best noise-free fitness - Fopt (1.491500000000e+002) + sum g_i+ | measured fitness | best measured fitness or single-digit g-values | x1 | x2...
1 0 +2.430262954e+002 +3.921762954e+002 +3.921762954e+002 -6.8562e-001 +3.2345e-001
7 0 +7.458487114e+000 +1.566084871e+002 +1.566084871e+002 +1.4229e+000 +5.0000e+000
122 0 +2.157370265e-001 +1.493657370e+002 +1.493657370e+002 +2.7058e-001 +4.1999e-001
260 0 +1.205243863e-001 +1.492705244e+002 +1.492705244e+002 +2.5014e-001 +3.4964e-001
582 0 +1.072821841e-001 +1.492572822e+002 +1.492572822e+002 +2.4003e-001 +3.2101e-001
633 0 +8.639635600e-002 +1.492363964e+002 +1.492363964e+002 +9.5491e-002 -2.1473e-002
747 0 +7.680199422e-002 +1.492268020e+002 +1.492268020e+002 -1.0758e-001 -4.4561e-001
753 0 +6.926316311e-002 +1.492192632e+002 +1.492192632e+002 +1.7878e-001 +1.3987e-001
762 0 +2.105019063e-002 +1.491710502e+002 +1.491710502e+002 +8.4055e-002 -6.8827e-002
973 0 +5.473230408e-003 +1.491554732e+002 +1.491554732e+002 -7.5704e-002 -4.0428e-001
1064 0 +4.262102858e-003 +1.491542621e+002 +1.491542621e+002 -6.4555e-002 -3.8296e-001
1168 0 +1.692403402e-003 +1.491516924e+002 +1.491516924e+002 -9.5022e-002 -4.4783e-001
1193 0 +8.457249669e-004 +1.491508457e+002 +1.491508457e+002 -2.8659e-002 -3.1820e-001
1258 0 +7.472932393e-004 +1.491507473e+002 +1.491507473e+002 -2.8559e-002 -3.1742e-001
1277 0 +3.377960995e-004 +1.491503378e+002 +1.491503378e+002 -4.3792e-002 -3.4930e-001
1290 0 +1.495599498e-004 +1.491501496e+002 +1.491501496e+002 -5.0138e-002 -3.5954e-001
1311 0 +9.206073790e-005 +1.491500921e+002 +1.491500921e+002 -5.3019e-002 -3.6550e-001
1322 0 +5.387151759e-005 +1.491500539e+002 +1.491500539e+002 -5.2499e-002 -3.6471e-001
1345 0 +1.512716227e-005 +1.491500151e+002 +1.491500151e+002 -5.5047e-002 -3.7088e-001
1360 0 +5.139572750e-007 +1.491500005e+002 +1.491500005e+002 -5.5912e-002 -3.7223e-001
1362 0 +4.355013630e-007 +1.491500004e+002 +1.491500004e+002 -5.5859e-002 -3.7212e-001
1398 0 +2.412424749e-007 +1.491500002e+002 +1.491500002e+002 -5.5626e-002 -3.7163e-001
1419 0 +2.735086468e-008 +1.491500000e+002 +1.491500000e+002 -5.5363e-002 -3.7112e-001
1436 0 +4.608011750e-010 +1.491500000e+002 +1.491500000e+002 -5.5202e-002 -3.7080e-001
% f evaluations | g evaluations | best noise-free fitness - Fopt (-1.000000000000e+003) + sum g_i+ | measured fitness | best measured fitness or single-digit g-values | x1 | x2...
1 0 +1.234032924e+001 -9.876596708e+002 -9.876596708e+002 -2.7262e+000 +1.7865e+000
14 0 +6.920367469e-001 -9.993079633e+002 -9.993079633e+002 -3.3285e+000 +3.7880e-001
34 0 +3.332234535e-001 -9.996667765e+002 -9.996667765e+002 -3.4123e+000 +3.7880e-001
69 0 +7.039336587e-002 -9.999296066e+002 -9.999296066e+002 -2.7274e+000 +1.4091e+000
217 0 +6.056959018e-002 -9.999394304e+002 -9.999394304e+002 -2.6232e+000 +1.6873e+000
232 0 +5.576609279e-003 -9.999944234e+002 -9.999944234e+002 -2.8365e+000 +1.1927e+000
356 0 +8.280083773e-004 -9.999991720e+002 -9.999991720e+002 -2.8196e+000 +1.2350e+000
366 0 +6.948695673e-004 -9.999993051e+002 -9.999993051e+002 -2.8744e+000 +1.1253e+000
439 0 +1.043255628e-004 -9.999998957e+002 -9.999998957e+002 -2.8555e+000 +1.1627e+000
506 0 +8.069297996e-005 -9.999999193e+002 -9.999999193e+002 -2.8565e+000 +1.1597e+000
582 0 +2.842611400e-005 -9.999999716e+002 -9.999999716e+002 -2.8451e+000 +1.1825e+000
594 0 +2.666477008e-005 -9.999999733e+002 -9.999999733e+002 -2.8435e+000 +1.1861e+000
616 0 +6.753324442e-007 -9.999999993e+002 -9.999999993e+002 -2.8474e+000 +1.1782e+000
629 0 +1.718260592e-007 -9.999999998e+002 -9.999999998e+002 -2.8478e+000 +1.1774e+000
645 0 +1.034713932e-007 -9.999999999e+002 -9.999999999e+002 -2.8479e+000 +1.1772e+000
671 0 +2.090109774e-008 -1.000000000e+003 -1.000000000e+003 -2.8482e+000 +1.1766e+000
688 0 +1.502939995e-010 -1.000000000e+003 -1.000000000e+003 -2.8482e+000 +1.1766e+000
% f evaluations | g evaluations | best noise-free fitness - Fopt (9.862000000000e+001) + sum g_i+ | measured fitness | best measured fitness or single-digit g-values | x1 | x2...
1 0 +7.262584428e+004 +7.272446428e+004 +7.272446428e+004 +3.8461e+000 +2.8443e+000
2 0 +2.881748021e+001 +1.274374802e+002 +1.274374802e+002 +6.7117e-001 +3.4685e+000
3 0 +2.501372205e+001 +1.236337220e+002 +1.236337220e+002 -1.3324e+000 -1.4269e+000
24 0 +1.101402381e+001 +1.096340238e+002 +1.096340238e+002 -4.0086e+000 +2.6204e+000
30 0 +3.883647125e-001 +9.900836471e+001 +9.900836471e+001 -4.2374e-001 -1.9008e-001
127 0 +1.311985816e-001 +9.875119858e+001 +9.875119858e+001 -4.4311e-001 -2.9157e-001
142 0 +5.517640953e-003 +9.862551764e+001 +9.862551764e+001 -7.7905e-001 -1.1018e+000
339 0 +3.050510461e-004 +9.862030505e+001 +9.862030505e+001 -7.9890e-001 -1.1335e+000
393 0 +9.411017740e-005 +9.862009411e+001 +9.862009411e+001 -8.1049e-001 -1.1592e+000
630 0 +8.862256745e-005 +9.862008862e+001 +9.862008862e+001 -7.9726e-001 -1.1314e+000
686 0 +8.234766912e-005 +9.862008235e+001 +9.862008235e+001 -8.1406e-001 -1.1656e+000
690 0 +3.483795984e-005 +9.862003484e+001 +9.862003484e+001 -8.0225e-001 -1.1424e+000
706 0 +2.842494139e-005 +9.862002842e+001 +9.862002842e+001 -8.0752e-001 -1.1520e+000
717 0 +6.592531690e-006 +9.862000659e+001 +9.862000659e+001 -8.0397e-001 -1.1456e+000
763 0 +6.397980329e-006 +9.862000640e+001 +9.862000640e+001 -8.0773e-001 -1.1528e+000
786 0 +2.486248704e-006 +9.862000249e+001 +9.862000249e+001 -8.0561e-001 -1.1488e+000
799 0 +1.413714415e-006 +9.862000141e+001 +9.862000141e+001 -8.0496e-001 -1.1472e+000
837 0 +3.220965255e-007 +9.862000032e+001 +9.862000032e+001 -8.0522e-001 -1.1478e+000
858 0 +2.933912526e-007 +9.862000029e+001 +9.862000029e+001 -8.0544e-001 -1.1482e+000
895 0 +9.887486385e-010 +9.862000000e+001 +9.862000000e+001 -8.0519e-001 -1.1478e+000
% f evaluations | g evaluations | best noise-free fitness - Fopt (-4.715000000000e+001) + sum g_i+ | measured fitness | best measured fitness or single-digit g-values | x1 | x2...
1 0 +8.535792606e+002 +8.064292606e+002 +8.064292606e+002 -4.5050e-001 +1.8952e+000
5 0 +2.285689962e+002 +1.814189962e+002 +1.814189962e+002 -2.5135e+000 +1.0944e+000
10 0 +6.345124298e+000 -4.080487570e+001 -4.080487570e+001 -2.1029e+000 -1.3835e+000
55 0 +5.396553062e+000 -4.175344694e+001 -4.175344694e+001 -2.3162e+000 -9.5022e-001
71 0 +5.020381033e-001 -4.664796190e+001 -4.664796190e+001 -9.8340e-001 -1.7080e+000
136 0 +3.937327109e-001 -4.675626729e+001 -4.675626729e+001 -8.4403e-001 -1.5282e+000
148 0 +3.602129193e-001 -4.678978708e+001 -4.678978708e+001 -9.1806e-001 -1.6431e+000
216 0 +2.925427546e-001 -4.685745725e+001 -4.685745725e+001 -8.4736e-001 -1.5515e+000
382 0 +2.018914895e-001 -4.694810851e+001 -4.694810851e+001 -7.1793e-001 -1.4484e+000
391 0 +1.182021346e-001 -4.703179787e+001 -4.703179787e+001 -6.7405e-001 -1.3684e+000
459 0 +7.554226681e-002 -4.707445773e+001 -4.707445773e+001 -5.7970e-001 -1.2488e+000
496 0 +6.406606402e-002 -4.708593394e+001 -4.708593394e+001 -5.8080e-001 -1.2350e+000
509 0 +5.543556215e-002 -4.709456444e+001 -4.709456444e+001 -5.5450e-001 -1.2060e+000
513 0 +3.253882252e-002 -4.711746118e+001 -4.711746118e+001 -5.1021e-001 -1.1263e+000
559 0 +3.166551067e-002 -4.711833449e+001 -4.711833449e+001 -5.0852e-001 -1.1248e+000
576 0 +2.774737392e-002 -4.712225263e+001 -4.712225263e+001 -4.9548e-001 -1.1059e+000
581 0 +2.405352372e-002 -4.712594648e+001 -4.712594648e+001 -4.8565e-001 -1.0874e+000
582 0 +1.559820016e-002 -4.713440180e+001 -4.713440180e+001 -4.4917e-001 -1.0280e+000
596 0 +1.529574025e-002 -4.713470426e+001 -4.713470426e+001 -4.3514e-001 -1.0058e+000
601 0 +1.364433365e-002 -4.713635567e+001 -4.713635567e+001 -4.4734e-001 -1.0205e+000
609 0 +1.176508134e-002 -4.713823492e+001 -4.713823492e+001 -4.3243e-001 -9.9055e-001
614 0 +3.515192429e-003 -4.714648481e+001 -4.714648481e+001 -3.7752e-001 -8.9626e-001
643 0 +2.384818671e-003 -4.714761518e+001 -4.714761518e+001 -3.7943e-001 -8.9626e-001
654 0 +8.913526738e-004 -4.714910865e+001 -4.714910865e+001 -3.6002e-001 -8.5949e-001
672 0 +3.418560828e-004 -4.714965814e+001 -4.714965814e+001 -3.4904e-001 -8.3768e-001
690 0 +1.513310151e-004 -4.714984867e+001 -4.714984867e+001 -3.4271e-001 -8.2487e-001
705 0 +2.339470882e-005 -4.714997661e+001 -4.714997661e+001 -3.2695e-001 -7.9400e-001
708 0 +1.925448309e-005 -4.714998075e+001 -4.714998075e+001 -3.3020e-001 -7.9977e-001
737 0 +5.791052615e-007 -4.714999942e+001 -4.714999942e+001 -3.3050e-001 -8.0073e-001
797 0 +4.047526261e-007 -4.714999960e+001 -4.714999960e+001 -3.3081e-001 -8.0136e-001
813 0 +2.317683823e-009 -4.715000000e+001 -4.715000000e+001 -3.3058e-001 -8.0096e-001
% f evaluations | g evaluations | best noise-free fitness - Fopt (3.752000000000e+001) + sum g_i+ | measured fitness | best measured fitness or single-digit g-values | x1 | x2...
1 0 +7.660856632e+002 +8.036056632e+002 +8.036056632e+002 +3.1065e+000 +2.4111e+000
2 0 +2.781737892e+002 +3.156937892e+002 +3.156937892e+002 -7.9592e-002 +1.1424e+000
5 0 +7.750422786e+000 +4.527042279e+001 +4.527042279e+001 +3.4065e+000 +9.6654e-001
68 0 +5.669912867e+000 +4.318991287e+001 +4.318991287e+001 +3.1040e-001 -1.6736e+000
77 0 +5.604911597e-001 +3.808049116e+001 +3.808049116e+001 +3.0917e+000 -3.5913e-001
207 0 +3.051441435e-001 +3.782514414e+001 +3.782514414e+001 +2.4052e+000 -2.1863e+000
227 0 +2.524026880e-001 +3.777240269e+001 +3.777240269e+001 +2.8997e+000 -9.5300e-001
297 0 +2.176817122e-001 +3.773768171e+001 +3.773768171e+001 +2.9509e+000 -8.4234e-001
372 0 +1.735507402e-001 +3.769355074e+001 +3.769355074e+001 +2.5246e+000 -1.8572e+000
392 0 +5.525207171e-002 +3.757525207e+001 +3.757525207e+001 +2.5370e+000 -1.8499e+000
481 0 +1.802989964e-002 +3.753802990e+001 +3.753802990e+001 +2.5516e+000 -1.8542e+000
492 0 +1.238060650e-002 +3.753238061e+001 +3.753238061e+001 +2.5898e+000 -1.7645e+000
506 0 +3.528626789e-003 +3.752352863e+001 +3.752352863e+001 +2.5105e+000 -1.9222e+000
610 0 +8.139090018e-004 +3.752081391e+001 +3.752081391e+001 +2.5058e+000 -1.9350e+000
716 0 +7.553093581e-004 +3.752075531e+001 +3.752075531e+001 +2.4706e+000 -2.0057e+000
725 0 +6.981443956e-004 +3.752069814e+001 +3.752069814e+001 +2.5164e+000 -1.9157e+000
750 0 +2.562783625e-004 +3.752025628e+001 +3.752025628e+001 +2.4742e+000 -2.0004e+000
771 0 +1.161596632e-004 +3.752011616e+001 +3.752011616e+001 +2.4869e+000 -1.9743e+000
776 0 +5.165438658e-006 +3.752000517e+001 +3.752000517e+001 +2.4917e+000 -1.9659e+000
850 0 +1.104110453e-006 +3.752000110e+001 +3.752000110e+001 +2.4901e+000 -1.9690e+000
861 0 +7.217180169e-007 +3.752000072e+001 +3.752000072e+001 +2.4900e+000 -1.9692e+000
891 0 +1.163390451e-007 +3.752000012e+001 +3.752000012e+001 +2.4903e+000 -1.9686e+000
902 0 +5.845267737e-008 +3.752000006e+001 +3.752000006e+001 +2.4902e+000 -1.9688e+000
943 0 +1.044028153e-008 +3.752000001e+001 +3.752000001e+001 +2.4899e+000 -1.9694e+000
995 0 +3.756696287e-009 +3.752000000e+001 +3.752000000e+001 +2.4901e+000 -1.9691e+000
% f evaluations | g evaluations | best noise-free fitness - Fopt (6.740000000000e+000) + sum g_i+ | measured fitness | best measured fitness or single-digit g-values | x1 | x2...
1 0 +1.235114700e+004 +1.235788700e+004 +1.235788700e+004 -3.1350e+000 +4.4029e-001
2 0 +1.137115266e+004 +1.137789266e+004 +1.137789266e+004 -2.2120e+000 -4.3565e+000
3 0 +2.993883844e+003 +3.000623844e+003 +3.000623844e+003 -6.9097e-001 -4.0902e+000
6 0 +1.537017843e+003 +1.543757843e+003 +1.543757843e+003 +2.0769e-002 +4.5824e+000
7 0 +2.116591551e+001 +2.790591551e+001 +2.790591551e+001 +2.3333e-001 +1.9611e-001
8 0 +4.615587242e+000 +1.135558724e+001 +1.135558724e+001 -4.2107e-003 +8.5162e-001
84 0 +5.306688389e-001 +7.270668839e+000 +7.270668839e+000 +1.7456e+000 +3.0899e+000
109 0 +4.412203903e-002 +6.784122039e+000 +6.784122039e+000 +1.1886e+000 +1.6649e+000
189 0 +2.612059821e-002 +6.766120598e+000 +6.766120598e+000 +1.0084e+000 +1.3533e+000
310 0 +1.835736503e-002 +6.758357365e+000 +6.758357365e+000 +1.0357e+000 +1.4003e+000
323 0 +8.196537856e-003 +6.748196538e+000 +6.748196538e+000 +1.0806e+000 +1.4796e+000
393 0 +3.212476906e-003 +6.743212477e+000 +6.743212477e+000 +1.1475e+000 +1.6088e+000
398 0 +8.018615262e-004 +6.740801862e+000 +6.740801862e+000 +1.1479e+000 +1.6064e+000
532 0 +4.767484560e-004 +6.740476748e+000 +6.740476748e+000 +1.1560e+000 +1.6223e+000
534 0 +2.339263732e-004 +6.740233926e+000 +6.740233926e+000 +1.1550e+000 +1.6192e+000
542 0 +1.614280488e-004 +6.740161428e+000 +6.740161428e+000 +1.1783e+000 +1.6655e+000
572 0 +8.506369852e-005 +6.740085064e+000 +6.740085064e+000 +1.1694e+000 +1.6478e+000
587 0 +3.723748037e-005 +6.740037237e+000 +6.740037237e+000 +1.1662e+000 +1.6412e+000
618 0 +1.043952583e-005 +6.740010440e+000 +6.740010440e+000 +1.1663e+000 +1.6412e+000
628 0 +9.588152980e-006 +6.740009588e+000 +6.740009588e+000 +1.1669e+000 +1.6423e+000
647 0 +1.074532758e-006 +6.740001075e+000 +6.740001075e+000 +1.1680e+000 +1.6443e+000
676 0 +4.351669665e-007 +6.740000435e+000 +6.740000435e+000 +1.1671e+000 +1.6424e+000
693 0 +3.737725747e-007 +6.740000374e+000 +6.740000374e+000 +1.1664e+000 +1.6410e+000
698 0 +2.634720611e-007 +6.740000263e+000 +6.740000263e+000 +1.1670e+000 +1.6422e+000
732 0 +3.843658725e-009 +6.740000004e+000 +6.740000004e+000 +1.1670e+000 +1.6422e+000
% f evaluations | g evaluations | best noise-free fitness - Fopt (-1.897900000000e+002) + sum g_i+ | measured fitness | best measured fitness or single-digit g-values | x1 | x2...
1 0 +1.983624641e+002 +8.572464064e+000 +8.572464064e+000 -8.2338e-001 +7.3555e-001
9 0 +8.080605263e+001 -1.089839474e+002 -1.089839474e+002 -2.5860e+000 +1.1425e+000
30 0 +6.560677059e+001 -1.241832294e+002 -1.241832294e+002 -1.4484e+000 +5.8287e-001
34 0 +5.323655026e+000 -1.844663450e+002 -1.844663450e+002 -5.8258e-001 +2.4128e+000
82 0 +1.279959817e+000 -1.885100402e+002 -1.885100402e+002 -1.4018e+000 +1.3273e+000
112 0 +1.085471312e+000 -1.887045287e+002 -1.887045287e+002 -1.2864e+000 +1.5989e+000
149 0 +9.070815141e-001 -1.888829185e+002 -1.888829185e+002 -1.5512e+000 +1.2908e+000
152 0 +8.407563018e-001 -1.889492437e+002 -1.889492437e+002 -1.3633e+000 +1.5137e+000
154 0 +2.140431871e-002 -1.897685957e+002 -1.897685957e+002 -8.8195e-001 +2.0433e+000
197 0 +1.611549718e-003 -1.897883885e+002 -1.897883885e+002 -7.2615e-001 +2.3277e+000
424 0 +7.580391574e-004 -1.897892420e+002 -1.897892420e+002 -7.6369e-001 +2.2556e+000
426 0 +5.529598917e-004 -1.897894470e+002 -1.897894470e+002 -7.3417e-001 +2.3130e+000
433 0 +7.848294672e-005 -1.897899215e+002 -1.897899215e+002 -7.4091e-001 +2.3026e+000
489 0 +8.578655297e-008 -1.897899999e+002 -1.897899999e+002 -7.3936e-001 +2.3049e+000
636 0 +2.763641760e-009 -1.897900000e+002 -1.897900000e+002 -7.3925e-001 +2.3051e+000
% f evaluations | g evaluations | best noise-free fitness - Fopt (-2.774000000000e+001) + sum g_i+ | measured fitness | best measured fitness or single-digit g-values | x1 | x2...
1 0 +9.213517210e+002 +8.936117210e+002 +8.936117210e+002 -2.3660e+000 +3.7539e+000
3 0 +5.176328631e+002 +4.898928631e+002 +4.898928631e+002 +1.4349e+000 +2.0123e+000
11 0 +1.593669153e+002 +1.316269153e+002 +1.316269153e+002 +1.1265e-001 -4.4540e+000
12 0 +1.317191063e+002 +1.039791063e+002 +1.039791063e+002 -5.2181e-001 -2.2162e+000
17 0 +1.848919387e+000 -2.589108061e+001 -2.589108061e+001 +3.9902e-002 -3.3733e+000
54 0 +6.234844233e-001 -2.711651558e+001 -2.711651558e+001 -1.1159e-001 -3.3571e+000
95 0 +7.814105683e-002 -2.766185894e+001 -2.766185894e+001 +4.0011e-001 -2.8618e+000
139 0 +1.254408529e-002 -2.772745591e+001 -2.772745591e+001 +6.6800e-001 -2.3988e+000
229 0 +4.221666332e-003 -2.773577833e+001 -2.773577833e+001 +6.0115e-001 -2.5162e+000
319 0 +2.730767429e-003 -2.773726923e+001 -2.773726923e+001 +6.8516e-001 -2.3481e+000
399 0 +6.730378345e-004 -2.773932696e+001 -2.773932696e+001 +6.7407e-001 -2.3778e+000
460 0 +2.198797708e-005 -2.773997801e+001 -2.773997801e+001 +6.6720e-001 -2.3888e+000
634 0 +3.095510181e-006 -2.773999690e+001 -2.773999690e+001 +6.6382e-001 -2.3959e+000
714 0 +2.736315292e-006 -2.773999726e+001 -2.773999726e+001 +6.6384e-001 -2.3960e+000
722 0 +1.154309643e-007 -2.773999988e+001 -2.773999988e+001 +6.6536e-001 -2.3929e+000
758 0 +1.459780918e-008 -2.773999999e+001 -2.773999999e+001 +6.6529e-001 -2.3930e+000
764 0 +6.720632939e-010 -2.774000000e+001 -2.774000000e+001 +6.6541e-001 -2.3928e+000
% f evaluations | g evaluations | best noise-free fitness - Fopt (6.930000000000e+000) + sum g_i+ | measured fitness | best measured fitness or single-digit g-values | x1 | x2...
1 0 +3.350262921e+004 +3.350955921e+004 +3.350955921e+004 +2.5823e+000 -1.6339e+000
3 0 +6.321129268e+002 +6.390429268e+002 +6.390429268e+002 +4.9234e-001 +1.7310e+000
6 0 +4.251709224e+002 +4.321009224e+002 +4.321009224e+002 -1.8386e+000 -1.3655e+000
7 0 +9.285282067e+001 +9.978282067e+001 +9.978282067e+001 -9.7702e-001 -2.2353e-001
27 0 +5.546382143e+000 +1.247638214e+001 +1.247638214e+001 -1.5645e+000 +3.3891e-001
28 0 +1.503170846e+000 +8.433170846e+000 +8.433170846e+000 -1.6273e+000 +5.3723e-001
69 0 +1.976476428e-001 +7.127647643e+000 +7.127647643e+000 -8.7418e-001 +8.5023e-001
103 0 +8.034181141e-002 +7.010341811e+000 +7.010341811e+000 -6.0129e-001 +1.2468e+000
282 0 +3.027074858e-002 +6.960270749e+000 +6.960270749e+000 -5.6106e-001 +1.2806e+000
359 0 +2.604449760e-002 +6.956044498e+000 +6.956044498e+000 -4.4893e-001 +1.5172e+000
362 0 +1.803857552e-002 +6.948038576e+000 +6.948038576e+000 -5.6060e-001 +1.2886e+000
365 0 +1.918116868e-003 +6.931918117e+000 +6.931918117e+000 -4.7387e-001 +1.4505e+000
387 0 +8.686805976e-004 +6.930868681e+000 +6.930868681e+000 -4.4717e-001 +1.5019e+000
425 0 +1.939126383e-004 +6.930193913e+000 +6.930193913e+000 -4.3867e-001 +1.5201e+000
476 0 +1.863425178e-004 +6.930186343e+000 +6.930186343e+000 -4.4693e-001 +1.5044e+000
516 0 +1.183212425e-004 +6.930118321e+000 +6.930118321e+000 -4.3019e-001 +1.5375e+000
517 0 +8.970365727e-005 +6.930089704e+000 +6.930089704e+000 -4.3829e-001 +1.5231e+000
537 0 +1.540387194e-005 +6.930015404e+000 +6.930015404e+000 -4.3612e-001 +1.5269e+000
548 0 +2.396842350e-006 +6.930002397e+000 +6.930002397e+000 -4.3565e-001 +1.5276e+000
570 0 +1.238425043e-007 +6.930000124e+000 +6.930000124e+000 -4.3473e-001 +1.5294e+000
601 0 +1.190021948e-007 +6.930000119e+000 +6.930000119e+000 -4.3466e-001 +1.5295e+000
635 0 +4.661360187e-008 +6.930000047e+000 +6.930000047e+000 -4.3482e-001 +1.5292e+000
640 0 +1.419007134e-009 +6.930000001e+000 +6.930000001e+000 -4.3502e-001 +1.5288e+000
% f evaluations | g evaluations | best noise-free fitness - Fopt (-4.456000000000e+001) + sum g_i+ | measured fitness | best measured fitness or single-digit g-values | x1 | x2...
1 0 +1.177623357e+003 +1.133063357e+003 +1.133063357e+003 +2.6969e+000 +2.4961e+000
9 0 +5.379661462e+002 +4.934061462e+002 +4.934061462e+002 -1.9952e+000 +2.6485e+000
10 0 +3.587474842e+001 -8.685251580e+000 -8.685251580e+000 -2.3402e+000 +2.1862e+000
23 0 +1.422070374e+000 -4.313792963e+001 -4.313792963e+001 +1.3273e+000 -1.5145e-001
139 0 +5.822399702e-001 -4.397776003e+001 -4.397776003e+001 +8.4691e-001 -1.6102e+000
191 0 +4.341672888e-001 -4.412583271e+001 -4.412583271e+001 +1.3584e+000 -1.3060e-001
237 0 +2.718108321e-001 -4.428818917e+001 -4.428818917e+001 +1.0531e+000 -1.0853e+000
345 0 +7.464346302e-002 -4.448535654e+001 -4.448535654e+001 +1.0232e+000 -1.1129e+000
364 0 +8.356916337e-003 -4.455164308e+001 -4.455164308e+001 +8.4695e-001 -1.5329e+000
466 0 +1.469969388e-003 -4.455853003e+001 -4.455853003e+001 +7.1878e-001 -1.7968e+000
620 0 +1.247682619e-003 -4.455875232e+001 -4.455875232e+001 +7.8668e-001 -1.6603e+000
644 0 +4.971110083e-005 -4.455995029e+001 -4.455995029e+001 +7.6342e-001 -1.7097e+000
704 0 +4.704163683e-005 -4.455995296e+001 -4.455995296e+001 +7.6204e-001 -1.7127e+000
711 0 +3.998761358e-006 -4.455999600e+001 -4.455999600e+001 +7.5613e-001 -1.7239e+000
760 0 +2.945123519e-006 -4.455999705e+001 -4.455999705e+001 +7.5551e-001 -1.7252e+000
787 0 +2.522532704e-006 -4.455999748e+001 -4.455999748e+001 +7.5542e-001 -1.7255e+000
817 0 +4.660161323e-008 -4.455999995e+001 -4.455999995e+001 +7.5642e-001 -1.7235e+000
825 0 +2.177171865e-008 -4.455999998e+001 -4.455999998e+001 +7.5662e-001 -1.7231e+000
845 0 +1.054579712e-008 -4.455999999e+001 -4.455999999e+001 +7.5669e-001 -1.7230e+000
863 0 +2.975255597e-010 -4.456000000e+001 -4.456000000e+001 +7.5658e-001 -1.7232e+000
% f evaluations | g evaluations | best noise-free fitness - Fopt (1.000000000000e+003) + sum g_i+ | measured fitness | best measured fitness or single-digit g-values | x1 | x2...
1 0 +3.181235501e+003 +4.181235501e+003 +4.181235501e+003 -2.3343e-001 +2.1132e+000
2 0 +3.071148277e+002 +1.307114828e+003 +1.307114828e+003 -4.5449e+000 +1.4803e+000
6 0 +5.318432983e+001 +1.053184330e+003 +1.053184330e+003 -5.0000e+000 +3.8784e-001
7 0 +6.554124631e+000 +1.006554125e+003 +1.006554125e+003 -4.7404e+000 +3.4272e-001
98 0 +5.225953646e+000 +1.005225954e+003 +1.005225954e+003 -4.6038e+000 -1.0918e-001
137 0 +3.018213439e+000 +1.003018213e+003 +1.003018213e+003 -4.0446e+000 -1.2545e+000
144 0 +2.886034905e+000 +1.002886035e+003 +1.002886035e+003 -3.6048e+000 -1.7923e+000
166 0 +2.009030652e+000 +1.002009031e+003 +1.002009031e+003 -3.7340e+000 -1.5964e+000
180 0 +1.665490999e+000 +1.001665491e+003 +1.001665491e+003 -3.5015e+000 -1.6786e+000
259 0 +1.454333288e+000 +1.001454333e+003 +1.001454333e+003 -3.5237e+000 -1.7220e+000
314 0 +1.390722372e+000 +1.001390722e+003 +1.001390722e+003 -3.4423e+000 -1.7838e+000
323 0 +1.353931808e+000 +1.001353932e+003 +1.001353932e+003 -3.4813e+000 -1.7382e+000
329 0 +1.316125667e+000 +1.001316126e+003 +1.001316126e+003 -3.4617e+000 -1.7519e+000
390 0 +1.214603722e+000 +1.001214604e+003 +1.001214604e+003 -3.2795e+000 -1.8162e+000
393 0 +1.167549589e+000 +1.001167550e+003 +1.001167550e+003 -3.3822e+000 -1.7782e+000
433 0 +1.092644247e+000 +1.001092644e+003 +1.001092644e+003 -3.3615e+000 -1.7561e+000
437 0 +3.860924763e-001 +1.000386092e+003 +1.000386092e+003 -2.8302e+000 -1.4909e+000
443 0 +3.435714741e-001 +1.000343571e+003 +1.000343571e+003 -2.8878e+000 -1.5652e+000
471 0 +3.190772495e-001 +1.000319077e+003 +1.000319077e+003 -2.8802e+000 -1.5776e+000
516 0 +3.100415450e-001 +1.000310042e+003 +1.000310042e+003 -2.8733e+000 -1.5624e+000
517 0 +2.704981340e-001 +1.000270498e+003 +1.000270498e+003 -2.7595e+000 -1.4795e+000
537 0 +2.640251505e-001 +1.000264025e+003 +1.000264025e+003 -2.8066e+000 -1.5184e+000
548 0 +2.530973910e-001 +1.000253097e+003 +1.000253097e+003 -2.7674e+000 -1.4834e+000
553 0 +2.428015180e-001 +1.000242802e+003 +1.000242802e+003 -2.8024e+000 -1.5071e+000
555 0 +1.988883011e-001 +1.000198888e+003 +1.000198888e+003 -2.7618e+000 -1.4505e+000
570 0 +1.927176112e-001 +1.000192718e+003 +1.000192718e+003 -2.7550e+000 -1.4510e+000
582 0 +1.541348726e-001 +1.000154135e+003 +1.000154135e+003 -2.6981e+000 -1.3896e+000
602 0 +1.477841339e-001 +1.000147784e+003 +1.000147784e+003 -2.6866e+000 -1.3762e+000
618 0 +1.331891497e-001 +1.000133189e+003 +1.000133189e+003 -2.6803e+000 -1.3532e+000
636 0 +1.037422615e-001 +1.000103742e+003 +1.000103742e+003 -2.6313e+000 -1.2999e+000
656 0 +1.016667755e-001 +1.000101667e+003 +1.000101667e+003 -2.5665e+000 -1.2194e+000
658 0 +8.412175464e-002 +1.000084122e+003 +1.000084122e+003 -2.5703e+000 -1.2194e+000
659 0 +7.989516926e-002 +1.000079895e+003 +1.000079895e+003 -2.6003e+000 -1.2500e+000
678 0 +6.498140671e-002 +1.000064981e+003 +1.000064981e+003 -2.5727e+000 -1.2086e+000
692 0 +4.224447324e-002 +1.000042244e+003 +1.000042244e+003 -2.4886e+000 -1.0876e+000
715 0 +2.898882955e-002 +1.000028989e+003 +1.000028989e+003 -2.4774e+000 -1.0635e+000
736 0 +2.042139613e-002 +1.000020421e+003 +1.000020421e+003 -2.4558e+000 -1.0244e+000
768 0 +1.999332181e-002 +1.000019993e+003 +1.000019993e+003 -2.4569e+000 -1.0200e+000
773 0 +1.649920374e-002 +1.000016499e+003 +1.000016499e+003 -2.4283e+000 -9.7906e-001
779 0 +1.287930383e-002 +1.000012879e+003 +1.000012879e+003 -2.4030e+000 -9.3445e-001
787 0 +1.157214775e-002 +1.000011572e+003 +1.000011572e+003 -2.4186e+000 -9.5141e-001
796 0 +9.904396483e-003 +1.000009904e+003 +1.000009904e+003 -2.4173e+000 -9.5314e-001
805 0 +4.353449687e-003 +1.000004353e+003 +1.000004353e+003 -2.3769e+000 -8.8138e-001
821 0 +1.672227942e-003 +1.000001672e+003 +1.000001672e+003 -2.3585e+000 -8.4391e-001
832 0 +3.022215062e-004 +1.000000302e+003 +1.000000302e+003 -2.3146e+000 -7.5915e-001
833 0 +1.221969774e-004 +1.000000122e+003 +1.000000122e+003 -2.3243e+000 -7.7595e-001
856 0 +6.021961849e-005 +1.000000060e+003 +1.000000060e+003 -2.3256e+000 -7.7927e-001
891 0 +4.021125801e-005 +1.000000040e+003 +1.000000040e+003 -2.3215e+000 -7.7068e-001
899 0 +3.634213647e-005 +1.000000036e+003 +1.000000036e+003 -2.3118e+000 -7.5172e-001
906 0 +2.587050744e-006 +1.000000003e+003 +1.000000003e+003 -2.3166e+000 -7.6123e-001
925 0 +1.178520961e-007 +1.000000000e+003 +1.000000000e+003 -2.3181e+000 -7.6447e-001
942 0 +5.168328698e-008 +1.000000000e+003 +1.000000000e+003 -2.3180e+000 -7.6413e-001
971 0 +7.785502021e-009 +1.000000000e+003 +1.000000000e+003 -2.3177e+000 -7.6363e-001
% f evaluations | g evaluations | best noise-free fitness - Fopt (-6.797100000000e+002) + sum g_i+ | measured fitness | best measured fitness or single-digit g-values | x1 | x2...
1 0 +2.422728579e+003 +1.743018579e+003 +1.743018579e+003 -2.3953e+000 -2.5135e+000
3 0 +1.954008366e+003 +1.274298366e+003 +1.274298366e+003 -1.8890e+000 +4.6499e+000
6 0 +1.646882741e+003 +9.671727411e+002 +9.671727411e+002 +3.2005e-001 +8.7736e-001
7 0 +1.015785837e+003 +3.360758371e+002 +3.360758371e+002 -1.0657e-001 -9.5136e-002
8 0 +9.968379504e+002 +3.171279504e+002 +3.171279504e+002 -1.0517e-001 -1.2528e-001
9 0 +3.878219476e+001 -6.409278052e+002 -6.409278052e+002 -1.1353e+000 -1.4392e+000
13 0 +1.444852172e+001 -6.652614783e+002 -6.652614783e+002 -2.3336e+000 +2.2911e+000
57 0 +6.575247708e+000 -6.731347523e+002 -6.731347523e+002 -1.3386e+000 -1.4186e+000
110 0 +3.716570055e+000 -6.759934299e+002 -6.759934299e+002 +1.8960e+000 +1.7532e-001
122 0 +9.070074233e-001 -6.788029926e+002 -6.788029926e+002 +1.4034e+000 -1.2044e+000
228 0 +3.415542258e-002 -6.796758446e+002 -6.796758446e+002 +9.3305e-001 -2.4167e+000
348 0 +2.741547387e-002 -6.796825845e+002 -6.796825845e+002 +8.2761e-001 -2.5835e+000
377 0 +2.547651996e-002 -6.796845235e+002 -6.796845235e+002 +9.6571e-001 -2.3522e+000
611 0 +1.634604475e-002 -6.796936540e+002 -6.796936540e+002 +1.0373e+000 -2.1796e+000
621 0 +2.349183021e-003 -6.797076508e+002 -6.797076508e+002 +1.0042e+000 -2.2645e+000
845 0 +1.060735379e-003 -6.797089393e+002 -6.797089393e+002 +1.0196e+000 -2.2295e+000
925 0 +4.900740463e-004 -6.797095099e+002 -6.797095099e+002 +1.0114e+000 -2.2449e+000
959 0 +2.651607305e-004 -6.797097348e+002 -6.797097348e+002 +9.7904e-001 -2.3090e+000
975 0 +1.321918099e-004 -6.797098678e+002 -6.797098678e+002 +9.9910e-001 -2.2695e+000
1012 0 +2.922089186e-005 -6.797099708e+002 -6.797099708e+002 +9.8620e-001 -2.2955e+000
1040 0 +1.579115974e-005 -6.797099842e+002 -6.797099842e+002 +9.8814e-001 -2.2918e+000
1067 0 +1.790958777e-006 -6.797099982e+002 -6.797099982e+002 +9.8993e-001 -2.2884e+000
1100 0 +2.422871148e-007 -6.797099998e+002 -6.797099998e+002 +9.8974e-001 -2.2889e+000
1105 0 +1.085174972e-007 -6.797099999e+002 -6.797099999e+002 +9.8971e-001 -2.2890e+000
1123 0 +2.556055279e-008 -6.797100000e+002 -6.797100000e+002 +9.8948e-001 -2.2894e+000
1145 0 +4.914227247e-009 -6.797100000e+002 -6.797100000e+002 +9.8934e-001 -2.2897e+000
% f evaluations | g evaluations | best noise-free fitness - Fopt (1.000000000000e+003) + sum g_i+ | measured fitness | best measured fitness or single-digit g-values | x1 | x2...
1 0 +1.476686740e+005 +1.486686740e+005 +1.486686740e+005 +4.0208e+000 +4.2600e+000
2 0 +6.132448912e+004 +6.232448912e+004 +6.232448912e+004 +2.7305e+000 +2.4565e+000
4 0 +6.319434531e+001 +1.063194345e+003 +1.063194345e+003 -5.0000e+000 +5.0000e+000
17 0 +3.459008928e+001 +1.034590089e+003 +1.034590089e+003 -2.4793e+000 -7.9131e-001
27 0 +3.793248380e+000 +1.003793248e+003 +1.003793248e+003 -2.1607e+000 -1.3701e+000
65 0 +3.738375153e-002 +1.000037384e+003 +1.000037384e+003 -1.7179e+000 -5.6532e-001
255 0 +1.044580568e-002 +1.000010446e+003 +1.000010446e+003 -1.5269e+000 -2.0596e-001
397 0 +6.236964823e-003 +1.000006237e+003 +1.000006237e+003 -1.5821e+000 -3.2590e-001
443 0 +5.513016750e-003 +1.000005513e+003 +1.000005513e+003 -1.6363e+000 -4.3555e-001
454 0 +2.070712893e-003 +1.000002071e+003 +1.000002071e+003 -1.5747e+000 -3.0491e-001
477 0 +1.334584773e-003 +1.000001335e+003 +1.000001335e+003 -1.5821e+000 -3.1951e-001
509 0 +4.261100721e-004 +1.000000426e+003 +1.000000426e+003 -1.6072e+000 -3.6849e-001
532 0 +2.310539165e-004 +1.000000231e+003 +1.000000231e+003 -1.6030e+000 -3.6187e-001
552 0 +1.851326925e-004 +1.000000185e+003 +1.000000185e+003 -1.6191e+000 -3.9559e-001
585 0 +6.381314790e-005 +1.000000064e+003 +1.000000064e+003 -1.6154e+000 -3.8606e-001
601 0 +7.478820407e-007 +1.000000001e+003 +1.000000001e+003 -1.6176e+000 -3.9118e-001
626 0 +2.756837603e-007 +1.000000000e+003 +1.000000000e+003 -1.6181e+000 -3.9210e-001
711 0 +1.625687673e-008 +1.000000000e+003 +1.000000000e+003 -1.6181e+000 -3.9225e-001
726 0 +8.922029338e-009 +1.000000000e+003 +1.000000000e+003 -1.6181e+000 -3.9228e-001
% f evaluations | g evaluations | best noise-free fitness - Fopt (1.007000000000e+001) + sum g_i+ | measured fitness | best measured fitness or single-digit g-values | x1 | x2...
1 0 +1.759687737e+003 +1.769757737e+003 +1.769757737e+003 -8.8970e-001 +2.0711e+000
3 0 +8.697006568e+002 +8.797706568e+002 +8.797706568e+002 -7.7871e-001 +7.1116e-001
5 0 +2.157370795e+002 +2.258070795e+002 +2.258070795e+002 -1.7702e-001 -9.5412e-001
7 0 +1.050188239e+001 +2.057188239e+001 +2.057188239e+001 -2.8151e-001 -2.1305e+000
9 0 +4.787929657e+000 +1.485792966e+001 +1.485792966e+001 -2.6509e-001 -2.2409e+000
16 0 +1.150305752e+000 +1.122030575e+001 +1.122030575e+001 +2.0213e-001 -2.2620e+000
74 0 +3.280143441e-001 +1.039801434e+001 +1.039801434e+001 +7.8593e-001 -1.1554e+000
184 0 +2.362282864e-001 +1.030622829e+001 +1.030622829e+001 +7.8432e-001 -1.1678e+000
188 0 +1.977996164e-001 +1.026779962e+001 +1.026779962e+001 +2.3662e-001 -2.1348e+000
240 0 +6.053631655e-002 +1.013053632e+001 +1.013053632e+001 +4.5067e-001 -1.8332e+000
397 0 +4.731364699e-002 +1.011731365e+001 +1.011731365e+001 +7.5723e-001 -1.2947e+000
477 0 +4.010697917e-002 +1.011010698e+001 +1.011010698e+001 +5.8244e-001 -1.6393e+000
485 0 +3.081574679e-002 +1.010081575e+001 +1.010081575e+001 +5.3579e-001 -1.7144e+000
517 0 +7.008394360e-003 +1.007700839e+001 +1.007700839e+001 +6.1508e-001 -1.5558e+000
519 0 +5.710376505e-003 +1.007571038e+001 +1.007571038e+001 +6.5542e-001 -1.4768e+000
590 0 +5.917690838e-004 +1.007059177e+001 +1.007059177e+001 +6.8351e-001 -1.4307e+000
604 0 +2.083980113e-004 +1.007020840e+001 +1.007020840e+001 +6.8698e-001 -1.4203e+000
702 0 +5.601788553e-005 +1.007005602e+001 +1.007005602e+001 +6.7829e-001 -1.4381e+000
768 0 +8.080898969e-006 +1.007000808e+001 +1.007000808e+001 +6.7952e-001 -1.4363e+000
799 0 +5.388207249e-006 +1.007000539e+001 +1.007000539e+001 +6.7842e-001 -1.4384e+000
819 0 +2.613456189e-007 +1.007000026e+001 +1.007000026e+001 +6.7729e-001 -1.4408e+000
833 0 +1.970540779e-007 +1.007000020e+001 +1.007000020e+001 +6.7691e-001 -1.4415e+000
849 0 +7.940831104e-008 +1.007000008e+001 +1.007000008e+001 +6.7694e-001 -1.4415e+000
864 0 +1.405656036e-009 +1.007000000e+001 +1.007000000e+001 +6.7683e-001 -1.4417e+000
% f evaluations | g evaluations | best noise-free fitness - Fopt (-7.540000000000e+000) + sum g_i+ | measured fitness | best measured fitness or single-digit g-values | x1 | x2...
1 0 +3.461979967e+003 +3.454439967e+003 +3.454439967e+003 +3.8277e+000 -3.0376e-001
2 0 +1.395945004e+003 +1.388405004e+003 +1.388405004e+003 +4.4342e-001 -2.1311e+000
7 0 +2.664688235e+000 -4.875311765e+000 -4.875311765e+000 +2.1673e+000 +9.2272e-001
47 0 +8.804941343e-001 -6.659505866e+000 -6.659505866e+000 +3.0189e+000 +2.4635e+000
101 0 +8.956482678e-002 -7.450435173e+000 -7.450435173e+000 +2.8189e+000 +1.9836e+000
241 0 +7.401615604e-002 -7.465983844e+000 -7.465983844e+000 +2.7967e+000 +1.9294e+000
305 0 +4.928689691e-002 -7.490713103e+000 -7.490713103e+000 +2.7553e+000 +1.8464e+000
308 0 +2.597409117e-002 -7.514025909e+000 -7.514025909e+000 +2.7044e+000 +1.7144e+000
312 0 +2.301921033e-002 -7.516980790e+000 -7.516980790e+000 +2.5282e+000 +1.3567e+000
324 0 +1.461668366e-002 -7.525383316e+000 -7.525383316e+000 +2.4680e+000 +1.2362e+000
336 0 +1.113600428e-002 -7.528863996e+000 -7.528863996e+000 +2.4577e+000 +1.2138e+000
355 0 +1.078425390e-002 -7.529215746e+000 -7.529215746e+000 +2.4618e+000 +1.2217e+000
382 0 +7.800552687e-003 -7.532199447e+000 -7.532199447e+000 +2.4748e+000 +1.2347e+000
432 0 +7.031759833e-003 -7.532968240e+000 -7.532968240e+000 +2.4789e+000 +1.2425e+000
492 0 +3.552142221e-003 -7.536447858e+000 -7.536447858e+000 +2.6059e+000 +1.4989e+000
521 0 +3.645027774e-004 -7.539635497e+000 -7.539635497e+000 +2.5632e+000 +1.4103e+000
581 0 +2.954401815e-005 -7.539970456e+000 -7.539970456e+000 +2.5511e+000 +1.3866e+000
649 0 +9.642533270e-007 -7.539999036e+000 -7.539999036e+000 +2.5469e+000 +1.3786e+000
750 0 +4.046865554e-007 -7.539999595e+000 -7.539999595e+000 +2.5470e+000 +1.3787e+000
773 0 +3.740842125e-008 -7.539999963e+000 -7.539999963e+000 +2.5476e+000 +1.3800e+000
789 0 +1.365379543e-008 -7.539999986e+000 -7.539999986e+000 +2.5475e+000 +1.3798e+000
805 0 +1.131354743e-008 -7.539999989e+000 -7.539999989e+000 +2.5475e+000 +1.3798e+000
839 0 +5.105622591e-010 -7.539999999e+000 -7.539999999e+000 +2.5476e+000 +1.3800e+000
