% f evaluations | g evaluations | best noise-free fitness - Fopt (-4.620900000000e+002) + sum g_i+ | measured fitness | best measured fitness or single-digit g-values | x1 | x2...
1 0 +2.474992810e+002 -2.145907190e+002 -2.145907190e+002 +3.7232e+000 +3.9223e-001
5 0 +7.187509010e+001 -3.902149099e+002 -3.902149099e+002 -4.1663e+000 +9.1928e-001
11 0 +3.236826929e+001 -4.297217307e+002 -4.297217307e+002 +7.4280e-001 +2.8147e+000
36 0 +2.318383539e+001 -4.389061646e+002 -4.389061646e+002 -4.8243e-001 +2.2484e+000
53 0 +1.197966028e+001 -4.501103397e+002 -4.501103397e+002 -6.6171e-001 +2.6381e+000
97 0 +1.146286802e+001 -4.506271320e+002 -4.506271320e+002 +2.0498e-001 +2.6613e+000
109 0 +4.878648873e+000 -4.572113511e+002 -4.572113511e+002 +2.2696e+000 +1.9551e+000
113 0 +2.005673021e+000 -4.600843270e+002 -4.600843270e+002 +1.3441e+000 +1.9877e+000
209 0 +1.407216353e+000 -4.606827836e+002 -4.606827836e+002 +2.2696e+000 +2.3180e+000
315 0 +1.082495748e+000 -4.610075043e+002 -4.610075043e+002 +2.3290e+000 +2.6112e+000
536 0 +5.087700864e-001 -4.615812299e+002 -4.615812299e+002 +2.2972e+000 +2.2932e+000
595 0 +4.040521954e-001 -4.616859478e+002 -4.616859478e+002 +2.3290e+000 +2.2864e+000
714 0 +1.028895511e-001 -4.619871104e+002 -4.619871104e+002 +2.3334e+000 +2.2926e+000
761 0 +5.792951017e-002 -4.620320705e+002 -4.620320705e+002 +2.3253e+000 +2.2979e+000
766 0 +3.530543599e-002 -4.620546946e+002 -4.620546946e+002 +2.3339e+000 +2.2965e+000
944 0 +2.306507637e-004 -4.620897693e+002 -4.620897693e+002 +2.3409e+000 +2.2998e+000
1061 0 +1.818672801e-004 -4.620898181e+002 -4.620898181e+002 +2.3399e+000 +2.3001e+000
1114 0 +2.347436055e-005 -4.620899765e+002 -4.620899765e+002 +2.3408e+000 +2.3001e+000
1150 0 +1.063246424e-005 -4.620899894e+002 -4.620899894e+002 +2.3408e+000 +2.3000e+000
1163 0 +2.289050713e-006 -4.620899977e+002 -4.620899977e+002 +2.3408e+000 +2.3000e+000
1208 0 +2.086044788e-006 -4.620899979e+002 -4.620899979e+002 +2.3407e+000 +2.3000e+000
1250 0 +3.145996743e-007 -4.620899997e+002 -4.620899997e+002 +2.3408e+000 +2.3000e+000
1313 0 +6.734467206e-008 -4.620899999e+002 -4.620899999e+002 +2.3408e+000 +2.3000e+000
1371 0 +5.497042821e-009 -4.620900000e+002 -4.620900000e+002 +2.3408e+000 +2.3000e+000
% f evaluations | g evaluations | best noise-free fitness - Fopt (7.766000000000e+001) + sum g_i+ | measured fitness | best measured fitness or single-digit g-values | x1 | x2...
1 0 +3.277879419e+002 +4.054479419e+002 +4.054479419e+002 +3.7330e-001 +4.8472e+000
2 0 +1.667859329e+001 +9.433859329e+001 +9.433859329e+001 +1.4877e+000 -4.2874e-001
48 0 +1.358027817e+001 +9.124027817e+001 +9.124027817e+001 +5.0634e-001 +1.0719e-001
66 0 +1.226184857e+001 +8.992184857e+001 +8.992184857e+001 +2.8535e-001 -4.7754e-001
102 0 +8.793883583e+000 +8.645388358e+001 +8.645388358e+001 +6.3335e-001 -1.1531e+000
130 0 +5.735948422e+000 +8.339594842e+001 +8.339594842e+001 +4.6303e-001 -1.1490e+000
169 0 +3.283829474e+000 +8.094382947e+001 +8.094382947e+001 +1.4286e+000 -5.2434e-001
244 0 +1.062911684e+000 +7.872291168e+001 +7.872291168e+001 +1.3895e+000 -8.5767e-001
444 0 +1.014520473e+000 +7.867452047e+001 +7.867452047e+001 +1.3950e+000 -8.5617e-001
491 0 +7.232452206e-001 +7.838324522e+001 +7.838324522e+001 +2.3335e+000 -8.5756e-001
511 0 +3.252958345e-001 +7.798529583e+001 +7.798529583e+001 +2.3662e+000 -8.6374e-001
528 0 +2.792012844e-001 +7.793920128e+001 +7.793920128e+001 +2.3662e+000 -8.6090e-001
597 0 +2.370803244e-001 +7.789708032e+001 +7.789708032e+001 +2.3657e+000 -8.5744e-001
619 0 +1.271975887e-001 +7.778719759e+001 +7.778719759e+001 +2.3939e+000 -8.6454e-001
679 0 +4.300516599e-002 +7.770300517e+001 +7.770300517e+001 +2.3921e+000 -8.5988e-001
779 0 +8.885690216e-003 +7.766888569e+001 +7.766888569e+001 +2.3971e+000 -8.5817e-001
946 0 +8.677586235e-003 +7.766867759e+001 +7.766867759e+001 +2.3990e+000 -8.5707e-001
995 0 +7.166511015e-003 +7.766716651e+001 +7.766716651e+001 +2.3975e+000 -8.5795e-001
1014 0 +3.255795429e-003 +7.766325580e+001 +7.766325580e+001 +2.3949e+000 -8.5553e-001
1045 0 +4.353068338e-004 +7.766043531e+001 +7.766043531e+001 +2.3973e+000 -8.5632e-001
1067 0 +8.478587071e-005 +7.766008479e+001 +7.766008479e+001 +2.3978e+000 -8.5601e-001
1083 0 +6.725307105e-005 +7.766006725e+001 +7.766006725e+001 +2.3979e+000 -8.5602e-001
1138 0 +5.093040782e-005 +7.766005093e+001 +7.766005093e+001 +2.3981e+000 -8.5613e-001
1195 0 +4.701582685e-005 +7.766004702e+001 +7.766004702e+001 +2.3980e+000 -8.5593e-001
1213 0 +3.779425538e-005 +7.766003779e+001 +7.766003779e+001 +2.3984e+000 -8.5606e-001
1216 0 +2.655090563e-005 +7.766002655e+001 +7.766002655e+001 +2.3981e+000 -8.5594e-001
1217 0 +9.406640146e-006 +7.766000941e+001 +7.766000941e+001 +2.3983e+000 -8.5594e-001
1234 0 +1.897895885e-006 +7.766000190e+001 +7.766000190e+001 +2.3983e+000 -8.5598e-001
1249 0 +1.249893629e-006 +7.766000125e+001 +7.766000125e+001 +2.3983e+000 -8.5598e-001
1270 0 +3.140208378e-007 +7.766000031e+001 +7.766000031e+001 +2.3984e+000 -8.5599e-001
1369 0 +1.790273245e-007 +7.766000018e+001 +7.766000018e+001 +2.3984e+000 -8.5599e-001
1379 0 +3.891784672e-010 +7.766000000e+001 +7.766000000e+001 +2.3984e+000 -8.5600e-001
% f evaluations | g evaluations | best noise-free fitness - Fopt (1.156800000000e+002) + sum g_i+ | measured fitness | best measured fitness or single-digit g-values | x1 | x2...
1 0 +6.508932328e+001 +1.807693233e+002 +1.807693233e+002 +1.7176e-001 -3.0055e+000
6 0 +5.324587040e+001 +1.689258704e+002 +1.689258704e+002 -1.0719e+000 -2.7942e+000
8 0 +4.849294906e+001 +1.641729491e+002 +1.641729491e+002 -1.0005e+000 -2.7959e+000
22 0 +4.112028520e+001 +1.568002852e+002 +1.568002852e+002 -1.9767e+000 +1.3752e-001
27 0 +3.810845435e+001 +1.537884544e+002 +1.537884544e+002 -1.4379e+000 -1.6167e+000
39 0 +3.298974825e+001 +1.486697483e+002 +1.486697483e+002 -1.9158e+000 +1.4740e-002
44 0 +1.496902603e+001 +1.306490260e+002 +1.306490260e+002 -9.2198e-001 -1.3362e+000
95 0 +1.159144230e+001 +1.272714423e+002 +1.272714423e+002 +3.7549e-001 -3.7926e-001
139 0 +1.146460386e+001 +1.271446039e+002 +1.271446039e+002 -8.1152e-001 -6.5809e-001
143 0 +5.468754058e+000 +1.211487541e+002 +1.211487541e+002 +2.7333e-001 -6.6599e-001
241 0 +1.601968765e+000 +1.172819688e+002 +1.172819688e+002 +1.1761e+000 -9.6501e-001
294 0 +1.108784745e+000 +1.167887847e+002 +1.167887847e+002 +1.1682e+000 -9.8719e-001
481 0 +1.083133609e+000 +1.167631336e+002 +1.167631336e+002 +1.1761e+000 -9.8942e-001
674 0 +1.000373441e+000 +1.166803734e+002 +1.166803734e+002 +1.1853e+000 -9.8253e-001
735 0 +6.756514451e-001 +1.163556514e+002 +1.163556514e+002 +2.1203e+000 -9.8791e-001
784 0 +5.540280356e-001 +1.162340280e+002 +1.162340280e+002 +2.1327e+000 -9.9072e-001
848 0 +4.778709885e-001 +1.161578710e+002 +1.161578710e+002 +2.1397e+000 -9.7508e-001
874 0 +5.413963567e-003 +1.156854140e+002 +1.156854140e+002 +2.1737e+000 -9.8284e-001
1010 0 +3.437308990e-004 +1.156803437e+002 +1.156803437e+002 +2.1780e+000 -9.8283e-001
1086 0 +1.021046345e-004 +1.156801021e+002 +1.156801021e+002 +2.1783e+000 -9.8297e-001
1089 0 +6.373361381e-005 +1.156800637e+002 +1.156800637e+002 +2.1779e+000 -9.8322e-001
1133 0 +1.218848929e-005 +1.156800122e+002 +1.156800122e+002 +2.1781e+000 -9.8321e-001
1147 0 +2.959790095e-006 +1.156800030e+002 +1.156800030e+002 +2.1783e+000 -9.8320e-001
1197 0 +2.522051517e-006 +1.156800025e+002 +1.156800025e+002 +2.1783e+000 -9.8322e-001
1203 0 +1.068972267e-006 +1.156800011e+002 +1.156800011e+002 +2.1784e+000 -9.8322e-001
1269 0 +8.064105828e-007 +1.156800008e+002 +1.156800008e+002 +2.1784e+000 -9.8319e-001
1286 0 +5.859175900e-007 +1.156800006e+002 +1.156800006e+002 +2.1783e+000 -9.8320e-001
1318 0 +6.364314231e-008 +1.156800001e+002 +1.156800001e+002 +2.1784e+000 -9.8320e-001
1320 0 +6.200195912e-009 +1.156800000e+002 +1.156800000e+002 +2.1784e+000 -9.8320e-001
% f evaluations | g evaluations | best noise-free fitness - Fopt (-3.710000000000e+000) + sum g_i+ | measured fitness | best measured fitness or single-digit g-values | x1 | x2...
1 0 +5.887184037e+001 +5.516184037e+001 +5.516184037e+001 -3.6056e+000 -2.9852e+000
2 0 +4.203274188e+001 +3.832274188e+001 +3.832274188e+001 +3.4755e+000 -1.3371e+000
6 0 +3.624361589e+001 +3.253361589e+001 +3.253361589e+001 +2.6726e-001 -2.4600e+000
7 0 +9.937586708e+000 +6.227586708e+000 +6.227586708e+000 +1.3446e+000 -1.9509e+000
47 0 +9.257288984e+000 +5.547288984e+000 +5.547288984e+000 +2.1840e+000 -2.2267e+000
89 0 +6.868992371e+000 +3.158992371e+000 +3.158992371e+000 +1.0555e+000 -2.2660e+000
105 0 +6.247968914e+000 +2.537968914e+000 +2.537968914e+000 +1.0981e+000 -2.0085e+000
135 0 +3.960349827e+000 +2.503498265e-001 +2.503498265e-001 +2.0996e+000 -1.9532e+000
174 0 +2.540676300e+000 -1.169323700e+000 -1.169323700e+000 +3.0056e+000 -2.2979e+000
206 0 +1.686879212e+000 -2.023120788e+000 -2.023120788e+000 +3.0370e+000 -2.3120e+000
239 0 +7.282115075e-001 -2.981788493e+000 -2.981788493e+000 +3.0558e+000 -2.2983e+000
396 0 +5.845565721e-001 -3.125443428e+000 -3.125443428e+000 +3.0730e+000 -2.3032e+000
476 0 +1.661342804e-001 -3.543865720e+000 -3.543865720e+000 +3.0932e+000 -2.2917e+000
492 0 +7.331535300e-002 -3.636684647e+000 -3.636684647e+000 +3.1011e+000 -2.2943e+000
537 0 +7.058817880e-002 -3.639411821e+000 -3.639411821e+000 +3.1059e+000 -2.2988e+000
568 0 +1.556546039e-002 -3.694434540e+000 -3.694434540e+000 +3.1169e+000 -2.2979e+000
597 0 +1.228994041e-002 -3.697710060e+000 -3.697710060e+000 +3.1124e+000 -2.2963e+000
629 0 +7.438555830e-003 -3.702561444e+000 -3.702561444e+000 +3.1142e+000 -2.2947e+000
650 0 +2.073433628e-003 -3.707926566e+000 -3.707926566e+000 +3.1177e+000 -2.2944e+000
683 0 +1.998561413e-004 -3.709800144e+000 -3.709800144e+000 +3.1201e+000 -2.2949e+000
706 0 +3.797466326e-005 -3.709962025e+000 -3.709962025e+000 +3.1197e+000 -2.2951e+000
756 0 +1.926732822e-005 -3.709980733e+000 -3.709980733e+000 +3.1197e+000 -2.2952e+000
808 0 +8.283787760e-006 -3.709991716e+000 -3.709991716e+000 +3.1198e+000 -2.2952e+000
835 0 +1.447772730e-006 -3.709998552e+000 -3.709998552e+000 +3.1199e+000 -2.2952e+000
936 0 +6.143080755e-007 -3.709999386e+000 -3.709999386e+000 +3.1200e+000 -2.2952e+000
1036 0 +4.936920783e-008 -3.709999951e+000 -3.709999951e+000 +3.1200e+000 -2.2952e+000
1091 0 +1.110754599e-009 -3.709999999e+000 -3.709999999e+000 +3.1200e+000 -2.2952e+000
% f evaluations | g evaluations | best noise-free fitness - Fopt (1.321800000000e+002) + sum g_i+ | measured fitness | best measured fitness or single-digit g-values | x1 | x2...
1 0 +1.016081211e+002 +2.337881211e+002 +2.337881211e+002 -4.9224e+000 +8.6676e-001
6 0 +3.158650423e+001 +1.637665042e+002 +1.637665042e+002 +1.0916e+000 +1.4185e+000
8 0 +3.062258208e+001 +1.628025821e+002 +1.628025821e+002 +1.0326e+000 +1.4099e+000
37 0 +1.678030104e+001 +1.489603010e+002 +1.489603010e+002 -2.4126e-001 +1.5005e+000
49 0 +8.512296218e+000 +1.406922962e+002 +1.406922962e+002 +1.7610e+000 +7.8030e-001
62 0 +4.946705954e+000 +1.371267060e+002 +1.371267060e+002 +1.8968e+000 +1.4926e+000
241 0 +4.699484124e+000 +1.368794841e+002 +1.368794841e+002 +1.7261e+000 +1.4867e+000
262 0 +4.336834807e+000 +1.365168348e+002 +1.365168348e+002 +1.8243e+000 +1.4952e+000
358 0 +4.264184236e+000 +1.364441842e+002 +1.364441842e+002 +1.7593e+000 +1.4868e+000
408 0 +2.053810973e+000 +1.342338110e+002 +1.342338110e+002 +2.7162e+000 +1.4834e+000
485 0 +1.089823687e+000 +1.332698237e+002 +1.332698237e+002 +2.7830e+000 +1.4817e+000
682 0 +1.035061694e+000 +1.332150617e+002 +1.332150617e+002 +3.6940e+000 +1.4932e+000
702 0 +1.076366172e-001 +1.322876366e+002 +1.322876366e+002 +3.7413e+000 +1.4843e+000
873 0 +1.226230379e-002 +1.321922623e+002 +1.321922623e+002 +3.7648e+000 +1.4833e+000
1085 0 +5.890252608e-003 +1.321858903e+002 +1.321858903e+002 +3.7590e+000 +1.4821e+000
1101 0 +8.092800430e-004 +1.321808093e+002 +1.321808093e+002 +3.7638e+000 +1.4818e+000
1236 0 +6.034930059e-004 +1.321806035e+002 +1.321806035e+002 +3.7638e+000 +1.4819e+000
1270 0 +5.239975808e-004 +1.321805240e+002 +1.321805240e+002 +3.7628e+000 +1.4821e+000
1290 0 +2.172222726e-004 +1.321802172e+002 +1.321802172e+002 +3.7629e+000 +1.4824e+000
1307 0 +2.685282493e-005 +1.321800269e+002 +1.321800269e+002 +3.7637e+000 +1.4825e+000
1349 0 +1.463310349e-005 +1.321800146e+002 +1.321800146e+002 +3.7637e+000 +1.4824e+000
1367 0 +1.387779744e-005 +1.321800139e+002 +1.321800139e+002 +3.7640e+000 +1.4825e+000
1380 0 +3.176204132e-006 +1.321800032e+002 +1.321800032e+002 +3.7639e+000 +1.4824e+000
1435 0 +2.813913596e-006 +1.321800028e+002 +1.321800028e+002 +3.7640e+000 +1.4824e+000
1436 0 +2.081011587e-006 +1.321800021e+002 +1.321800021e+002 +3.7639e+000 +1.4824e+000
1438 0 +1.085509268e-006 +1.321800011e+002 +1.321800011e+002 +3.7639e+000 +1.4824e+000
1447 0 +7.744404229e-007 +1.321800008e+002 +1.321800008e+002 +3.7640e+000 +1.4824e+000
1450 0 +1.859385748e-007 +1.321800002e+002 +1.321800002e+002 +3.7640e+000 +1.4824e+000
1555 0 +1.023639982e-007 +1.321800001e+002 +1.321800001e+002 +3.7640e+000 +1.4824e+000
1601 0 +3.270201887e-008 +1.321800000e+002 +1.321800000e+002 +3.7640e+000 +1.4824e+000
1642 0 +3.220017675e-008 +1.321800000e+002 +1.321800000e+002 +3.7640e+000 +1.4824e+000
1653 0 +1.156101348e-008 +1.321800000e+002 +1.321800000e+002 +3.7640e+000 +1.4824e+000
1666 0 +1.913775804e-009 +1.321800000e+002 +1.321800000e+002 +3.7640e+000 +1.4824e+000
% f evaluations | g evaluations | best noise-free fitness - Fopt (-3.930000000000e+001) + sum g_i+ | measured fitness | best measured fitness or single-digit g-values | x1 | x2...
1 0 +2.934158295e+002 +2.541158295e+002 +2.541158295e+002 +3.9384e+000 -4.1941e+000
5 0 +5.413580645e+001 +1.483580645e+001 +1.483580645e+001 -5.2507e-001 -2.9303e+000
6 0 +1.187012525e+001 -2.742987475e+001 -2.742987475e+001 +1.4559e+000 -1.1537e+000
51 0 +7.108595391e+000 -3.219140461e+001 -3.219140461e+001 +1.5231e+000 -1.5856e+000
151 0 +5.146868350e+000 -3.415313165e+001 -3.415313165e+001 +2.3765e+000 -1.2380e+000
174 0 +1.838235811e+000 -3.746176419e+001 -3.746176419e+001 +1.5785e+000 -1.2398e+000
448 0 +1.202143367e+000 -3.809785663e+001 -3.809785663e+001 +2.5029e+000 -1.5377e+000
517 0 +1.002166897e+000 -3.829783310e+001 -3.829783310e+001 +2.5284e+000 -1.5388e+000
625 0 +2.312032459e-001 -3.906879675e+001 -3.906879675e+001 +2.5170e+000 -1.2204e+000
705 0 +1.101185109e-001 -3.918988149e+001 -3.918988149e+001 +2.5171e+000 -1.2243e+000
790 0 +3.828944765e-002 -3.926171055e+001 -3.926171055e+001 +2.5331e+000 -1.2336e+000
850 0 +2.147031562e-002 -3.927852968e+001 -3.927852968e+001 +2.5331e+000 -1.2262e+000
887 0 +9.737012293e-003 -3.929026299e+001 -3.929026299e+001 +2.5273e+000 -1.2307e+000
954 0 +5.989858626e-003 -3.929401014e+001 -3.929401014e+001 +2.5289e+000 -1.2290e+000
1026 0 +4.008054036e-003 -3.929599195e+001 -3.929599195e+001 +2.5301e+000 -1.2288e+000
1074 0 +1.216620343e-003 -3.929878338e+001 -3.929878338e+001 +2.5320e+000 -1.2290e+000
1167 0 +8.427497771e-004 -3.929915725e+001 -3.929915725e+001 +2.5315e+000 -1.2297e+000
1174 0 +7.329216734e-004 -3.929926708e+001 -3.929926708e+001 +2.5330e+000 -1.2301e+000
1206 0 +4.813923627e-004 -3.929951861e+001 -3.929951861e+001 +2.5321e+000 -1.2297e+000
1207 0 +4.163113806e-004 -3.929958369e+001 -3.929958369e+001 +2.5331e+000 -1.2300e+000
1226 0 +3.410748165e-005 -3.929996589e+001 -3.929996589e+001 +2.5336e+000 -1.2296e+000
1256 0 +5.976627499e-006 -3.929999402e+001 -3.929999402e+001 +2.5336e+000 -1.2296e+000
1330 0 +3.216172786e-006 -3.929999678e+001 -3.929999678e+001 +2.5335e+000 -1.2296e+000
1370 0 +1.274958251e-006 -3.929999873e+001 -3.929999873e+001 +2.5335e+000 -1.2296e+000
1405 0 +1.245710052e-006 -3.929999875e+001 -3.929999875e+001 +2.5335e+000 -1.2296e+000
1413 0 +8.380344525e-007 -3.929999916e+001 -3.929999916e+001 +2.5336e+000 -1.2296e+000
1427 0 +7.824501225e-007 -3.929999922e+001 -3.929999922e+001 +2.5336e+000 -1.2296e+000
1440 0 +1.988110796e-007 -3.929999980e+001 -3.929999980e+001 +2.5336e+000 -1.2296e+000
1451 0 +1.729120953e-007 -3.929999983e+001 -3.929999983e+001 +2.5336e+000 -1.2296e+000
1473 0 +1.556620006e-007 -3.929999984e+001 -3.929999984e+001 +2.5336e+000 -1.2296e+000
1489 0 +3.948395744e-008 -3.929999996e+001 -3.929999996e+001 +2.5336e+000 -1.2296e+000
1505 0 +1.400417204e-008 -3.929999999e+001 -3.929999999e+001 +2.5336e+000 -1.2296e+000
1569 0 +6.892669546e-009 -3.929999999e+001 -3.929999999e+001 +2.5336e+000 -1.2296e+000
% f evaluations | g evaluations | best noise-free fitness - Fopt (4.296000000000e+001) + sum g_i+ | measured fitness | best measured fitness or single-digit g-values | x1 | x2...
1 0 +1.540294432e+002 +1.969894432e+002 +1.969894432e+002 +2.2171e+000 +4.7475e+000
3 0 +8.198555202e+001 +1.249455520e+002 +1.249455520e+002 -1.7488e+000 +4.1034e+000
5 0 +5.448983714e+001 +9.744983714e+001 +9.744983714e+001 -3.1467e+000 +8.2408e-001
6 0 +5.100714994e+001 +9.396714994e+001 +9.396714994e+001 -5.0000e+000 +2.3844e+000
8 0 +3.828956521e+001 +8.124956521e+001 +8.124956521e+001 -2.4321e+000 +2.5590e+000
14 0 +2.907426406e+001 +7.203426406e+001 +7.203426406e+001 +1.9457e-001 +2.3621e+000
24 0 +2.852996327e+001 +7.148996327e+001 +7.148996327e+001 -1.8919e+000 +1.7366e+000
34 0 +1.273773373e+001 +5.569773373e+001 +5.569773373e+001 -4.4637e-001 +1.1156e+000
83 0 +8.641182120e+000 +5.160118212e+001 +5.160118212e+001 +5.0341e-001 +1.8096e+000
96 0 +6.326774126e+000 +4.928677413e+001 +4.928677413e+001 +1.4145e+000 +1.7836e+000
98 0 +5.867614251e+000 +4.882761425e+001 +4.882761425e+001 +1.4207e+000 +1.6898e+000
120 0 +4.994311849e+000 +4.795431185e+001 +4.795431185e+001 -4.5255e-001 +2.0402e+000
138 0 +4.438973170e+000 +4.739897317e+001 +4.739897317e+001 +1.5099e+000 +1.6898e+000
169 0 +2.459822978e+000 +4.541982298e+001 +4.541982298e+001 +5.2651e-001 +2.0583e+000
264 0 +1.711614991e+000 +4.467161499e+001 +4.467161499e+001 +1.5137e+000 +1.7658e+000
393 0 +1.182052130e+000 +4.414205213e+001 +4.414205213e+001 +1.5183e+000 +1.7555e+000
402 0 +1.032742767e+000 +4.399274277e+001 +4.399274277e+001 +1.5183e+000 +1.7215e+000
539 0 +8.972878889e-001 +4.385728789e+001 +4.385728789e+001 +1.4459e+000 +1.7275e+000
553 0 +4.034926553e-001 +4.336349266e+001 +4.336349266e+001 +1.5169e+000 +1.7399e+000
579 0 +2.034819324e-001 +4.316348193e+001 +4.316348193e+001 +1.4965e+000 +1.7275e+000
684 0 +1.130154809e-001 +4.307301548e+001 +4.307301548e+001 +1.4944e+000 +1.7412e+000
833 0 +1.664450036e-002 +4.297664450e+001 +4.297664450e+001 +1.5110e+000 +1.7399e+000
871 0 +2.045179744e-003 +4.296204518e+001 +4.296204518e+001 +1.5097e+000 +1.7367e+000
1032 0 +1.793699698e-004 +4.296017937e+001 +4.296017937e+001 +1.5125e+000 +1.7365e+000
1267 0 +2.211355571e-005 +4.296002211e+001 +4.296002211e+001 +1.5125e+000 +1.7369e+000
1334 0 +1.825731557e-005 +4.296001826e+001 +4.296001826e+001 +1.5128e+000 +1.7369e+000
1339 0 +1.677479766e-006 +4.296000168e+001 +4.296000168e+001 +1.5127e+000 +1.7368e+000
1346 0 +2.905162404e-007 +4.296000029e+001 +4.296000029e+001 +1.5128e+000 +1.7368e+000
1452 0 +2.191062549e-007 +4.296000022e+001 +4.296000022e+001 +1.5128e+000 +1.7368e+000
1483 0 +1.948654784e-007 +4.296000019e+001 +4.296000019e+001 +1.5128e+000 +1.7368e+000
1491 0 +1.446107518e-007 +4.296000014e+001 +4.296000014e+001 +1.5128e+000 +1.7368e+000
1505 0 +1.262201152e-007 +4.296000013e+001 +4.296000013e+001 +1.5128e+000 +1.7368e+000
1521 0 +1.019845755e-007 +4.296000010e+001 +4.296000010e+001 +1.5128e+000 +1.7368e+000
1532 0 +7.347094311e-008 +4.296000007e+001 +4.296000007e+001 +1.5128e+000 +1.7368e+000
1549 0 +1.701492636e-008 +4.296000002e+001 +4.296000002e+001 +1.5128e+000 +1.7368e+000
1579 0 +2.023810453e-009 +4.296000000e+001 +4.296000000e+001 +1.5128e+000 +1.7368e+000
% f evaluations | g evaluations | best noise-free fitness - Fopt (2.842200000000e+002) + sum g_i+ | measured fitness | best measured fitness or single-digit g-values | x1 | x2...
1 0 +1.101380844e+002 +3.943580844e+002 +3.943580844e+002 +1.5528e+000 +2.3207e+000
3 0 +7.780746945e+001 +3.620274694e+002 +3.620274694e+002 -3.1171e+000 -2.5046e+000
6 0 +2.519685840e+001 +3.094168584e+002 +3.094168584e+002 -1.0752e+000 +4.6791e-001
18 0 +2.020242942e+001 +3.044224294e+002 +3.044224294e+002 +1.7631e+000 -9.2286e-001
85 0 +1.554778198e+001 +2.997677820e+002 +2.997677820e+002 +1.7829e+000 -5.2523e-001
96 0 +1.134634107e+001 +2.955663411e+002 +2.955663411e+002 +2.2004e+000 -1.1804e+000
98 0 +7.874743394e+000 +2.920947434e+002 +2.920947434e+002 +2.0210e+000 -9.4867e-001
178 0 +5.608523273e+000 +2.898285233e+002 +2.898285233e+002 +2.0486e+000 -8.7673e-001
194 0 +3.189212901e+000 +2.874092129e+002 +2.874092129e+002 +2.1998e+000 +8.4958e-002
210 0 +1.177434708e+000 +2.853974347e+002 +2.853974347e+002 +2.0728e+000 -5.2470e-001
250 0 +1.167523747e+000 +2.853875237e+002 +2.853875237e+002 +2.0728e+000 -5.2528e-001
352 0 +1.079162579e-001 +2.843279163e+002 +2.843279163e+002 +2.0838e+000 -2.1314e-001
552 0 +1.561365508e-002 +2.842356137e+002 +2.842356137e+002 +2.0943e+000 -2.1642e-001
869 0 +7.695042653e-003 +2.842276950e+002 +2.842276950e+002 +2.0939e+000 -2.1884e-001
929 0 +4.408684897e-003 +2.842244087e+002 +2.842244087e+002 +2.0979e+000 -2.1694e-001
956 0 +2.467307760e-003 +2.842224673e+002 +2.842224673e+002 +2.0972e+000 -2.1911e-001
980 0 +1.553406515e-003 +2.842215534e+002 +2.842215534e+002 +2.0977e+000 -2.1890e-001
1021 0 +1.427516332e-003 +2.842214275e+002 +2.842214275e+002 +2.0980e+000 -2.1894e-001
1029 0 +6.305148405e-004 +2.842206305e+002 +2.842206305e+002 +2.0985e+000 -2.1872e-001
1031 0 +4.870307899e-004 +2.842204870e+002 +2.842204870e+002 +2.0985e+000 -2.1850e-001
1035 0 +2.367775592e-004 +2.842202368e+002 +2.842202368e+002 +2.0989e+000 -2.1839e-001
1094 0 +2.085082444e-004 +2.842202085e+002 +2.842202085e+002 +2.0992e+000 -2.1865e-001
1106 0 +6.728690255e-005 +2.842200673e+002 +2.842200673e+002 +2.0995e+000 -2.1838e-001
1116 0 +5.510820813e-006 +2.842200055e+002 +2.842200055e+002 +2.1000e+000 -2.1835e-001
1177 0 +5.428318843e-006 +2.842200054e+002 +2.842200054e+002 +2.0998e+000 -2.1839e-001
1205 0 +4.616869489e-006 +2.842200046e+002 +2.842200046e+002 +2.0999e+000 -2.1838e-001
1245 0 +1.375256602e-006 +2.842200014e+002 +2.842200014e+002 +2.0999e+000 -2.1838e-001
1288 0 +5.104820389e-007 +2.842200005e+002 +2.842200005e+002 +2.1000e+000 -2.1839e-001
1322 0 +2.430051040e-007 +2.842200002e+002 +2.842200002e+002 +2.1000e+000 -2.1839e-001
1325 0 +8.111521765e-008 +2.842200001e+002 +2.842200001e+002 +2.1000e+000 -2.1840e-001
1371 0 +4.724535074e-008 +2.842200000e+002 +2.842200000e+002 +2.1000e+000 -2.1840e-001
1385 0 +2.108714625e-008 +2.842200000e+002 +2.842200000e+002 +2.1000e+000 -2.1840e-001
1401 0 +9.226084785e-009 +2.842200000e+002 +2.842200000e+002 +2.1000e+000 -2.1840e-001
% f evaluations | g evaluations | best noise-free fitness - Fopt (-3.217000000000e+001) + sum g_i+ | measured fitness | best measured fitness or single-digit g-values | x1 | x2...
1 0 +4.717049201e+001 +1.500049201e+001 +1.500049201e+001 -4.9942e+000 +1.6110e+000
7 0 +4.683830461e+001 +1.466830461e+001 +1.466830461e+001 -5.0000e+000 +1.6081e+000
9 0 +4.252204812e+001 +1.035204812e+001 +1.035204812e+001 -5.0000e+000 +1.5842e+000
10 0 +3.854060758e+001 +6.370607581e+000 +6.370607581e+000 +6.5292e-001 +3.5931e+000
26 0 +3.250071604e+001 +3.307160419e-001 +3.307160419e-001 -2.2257e+000 +1.8997e+000
54 0 +1.191159739e+001 -2.025840261e+001 -2.025840261e+001 -1.6583e+000 +2.1904e+000
89 0 +1.028098151e+001 -2.188901849e+001 -2.188901849e+001 -2.7979e-001 +1.8800e+000
131 0 +7.665433995e+000 -2.450456601e+001 -2.450456601e+001 -6.7304e-001 +2.1619e+000
140 0 +4.077168627e+000 -2.809283137e+001 -2.809283137e+001 -5.3829e-001 +1.8517e+000
226 0 +3.596285485e+000 -2.857371451e+001 -2.857371451e+001 +4.1053e-001 +2.1396e+000
323 0 +2.143924305e+000 -3.002607569e+001 -3.002607569e+001 +1.5386e+000 +1.5425e+000
425 0 +1.294899067e+000 -3.087510093e+001 -3.087510093e+001 +4.7757e-001 +1.8534e+000
479 0 +1.158519867e+000 -3.101148013e+001 -3.101148013e+001 +4.3615e-001 +1.8474e+000
491 0 +1.027676152e+000 -3.114232385e+001 -3.114232385e+001 +1.4366e+000 +1.5470e+000
559 0 +1.490762742e-001 -3.202092373e+001 -3.202092373e+001 +1.4326e+000 +1.8463e+000
781 0 +8.966807447e-002 -3.208033193e+001 -3.208033193e+001 +1.4482e+000 +1.8582e+000
816 0 +8.446289045e-002 -3.208553711e+001 -3.208553711e+001 +1.4261e+000 +1.8556e+000
860 0 +7.862469619e-002 -3.209137530e+001 -3.209137530e+001 +1.4367e+000 +1.8603e+000
887 0 +6.050223216e-002 -3.210949777e+001 -3.210949777e+001 +1.4375e+000 +1.8589e+000
890 0 +5.956186337e-002 -3.211043814e+001 -3.211043814e+001 +1.4315e+000 +1.8572e+000
919 0 +5.119234224e-002 -3.211880766e+001 -3.211880766e+001 +1.4441e+000 +1.8592e+000
944 0 +7.266361593e-003 -3.216273364e+001 -3.216273364e+001 +1.4404e+000 +1.8546e+000
1003 0 +4.004685707e-003 -3.216599531e+001 -3.216599531e+001 +1.4423e+000 +1.8543e+000
1011 0 +2.765980391e-003 -3.216723402e+001 -3.216723402e+001 +1.4429e+000 +1.8544e+000
1029 0 +1.028276679e-003 -3.216897172e+001 -3.216897172e+001 +1.4441e+000 +1.8543e+000
1033 0 +7.393757570e-004 -3.216926062e+001 -3.216926062e+001 +1.4466e+000 +1.8543e+000
1088 0 +1.128295713e-005 -3.216998872e+001 -3.216998872e+001 +1.4462e+000 +1.8544e+000
1172 0 +4.115162497e-006 -3.216999588e+001 -3.216999588e+001 +1.4464e+000 +1.8544e+000
1198 0 +6.989414914e-008 -3.216999993e+001 -3.216999993e+001 +1.4464e+000 +1.8544e+000
1263 0 +5.458534247e-008 -3.216999995e+001 -3.216999995e+001 +1.4464e+000 +1.8544e+000
1297 0 +9.782191057e-009 -3.216999999e+001 -3.216999999e+001 +1.4464e+000 +1.8544e+000
% f evaluations | g evaluations | best noise-free fitness - Fopt (-5.858000000000e+001) + sum g_i+ | measured fitness | best measured fitness or single-digit g-values | x1 | x2...
1 0 +5.882190078e+002 +5.296390078e+002 +5.296390078e+002 +1.3741e+000 +4.7072e+000
2 0 +1.029790886e+002 +4.439908859e+001 +4.439908859e+001 -8.3358e-001 -2.1530e-001
5 0 +9.961595392e+001 +4.103595392e+001 +4.103595392e+001 -8.9439e-001 -1.8294e-001
10 0 +6.982993198e+001 +1.124993198e+001 +1.124993198e+001 -3.9675e+000 -3.6276e+000
13 0 +4.842675025e+001 -1.015324975e+001 -1.015324975e+001 -4.3644e-001 -3.8398e+000
14 0 +4.051815346e+001 -1.806184654e+001 -1.806184654e+001 -6.1643e-001 -3.3604e+000
24 0 +3.921886048e+001 -1.936113952e+001 -1.936113952e+001 +1.0001e+000 -3.6366e+000
26 0 +3.668636319e+001 -2.189363681e+001 -2.189363681e+001 -1.5584e+000 -2.0713e+000
28 0 +3.578371234e+001 -2.279628766e+001 -2.279628766e+001 -1.3563e+000 -2.3582e+000
44 0 +2.557888000e+001 -3.300112000e+001 -3.300112000e+001 +7.8728e-001 -2.9340e+000
67 0 +2.422644255e+001 -3.435355745e+001 -3.435355745e+001 -4.7871e-001 -1.7614e+000
76 0 +2.093897249e+001 -3.764102751e+001 -3.764102751e+001 -1.5243e+000 -2.8190e+000
78 0 +1.256662380e+001 -4.601337620e+001 -4.601337620e+001 -5.2479e-001 -2.7910e+000
85 0 +1.076809049e+001 -4.781190951e+001 -4.781190951e+001 +6.8600e-001 -2.2500e+000
93 0 +1.013796647e+001 -4.844203353e+001 -4.844203353e+001 -4.4596e-001 -2.1933e+000
102 0 +9.206251691e+000 -4.937374831e+001 -4.937374831e+001 +6.4060e-001 -2.5610e+000
142 0 +8.045278816e+000 -5.053472118e+001 -5.053472118e+001 +7.9285e-001 -2.4782e+000
152 0 +5.928111448e+000 -5.265188855e+001 -5.265188855e+001 +1.5515e+000 -2.5524e+000
217 0 +4.160903079e+000 -5.441909692e+001 -5.441909692e+001 +1.5448e+000 -2.1727e+000
264 0 +3.934796274e+000 -5.464520373e+001 -5.464520373e+001 +1.6774e+000 -2.4923e+000
377 0 +3.278539609e+000 -5.530146039e+001 -5.530146039e+001 +1.6080e+000 -2.1726e+000
394 0 +2.274105718e+000 -5.630589428e+001 -5.630589428e+001 +1.5811e+000 -2.2115e+000
429 0 +2.230645047e+000 -5.634935495e+001 -5.634935495e+001 +1.5695e+000 -2.2009e+000
473 0 +2.042503222e+000 -5.653749678e+001 -5.653749678e+001 +1.6052e+000 -2.2027e+000
487 0 +1.721338946e+000 -5.685866105e+001 -5.685866105e+001 +2.5272e+000 -2.1974e+000
566 0 +1.690085976e+000 -5.688991402e+001 -5.688991402e+001 +1.6350e+000 -2.5116e+000
587 0 +1.467742137e+000 -5.711225786e+001 -5.711225786e+001 +2.5737e+000 -2.1860e+000
598 0 +1.091830337e+000 -5.748816966e+001 -5.748816966e+001 +1.5873e+000 -2.5137e+000
670 0 +4.085116928e-001 -5.817148831e+001 -5.817148831e+001 +2.5558e+000 -2.5164e+000
892 0 +2.936372575e-004 -5.857970636e+001 -5.857970636e+001 +2.5893e+000 -2.5074e+000
1340 0 +1.801747053e-005 -5.857998198e+001 -5.857998198e+001 +2.5901e+000 -2.5072e+000
1379 0 +1.542132684e-005 -5.857998458e+001 -5.857998458e+001 +2.5903e+000 -2.5073e+000
1395 0 +1.332533217e-005 -5.857998667e+001 -5.857998667e+001 +2.5902e+000 -2.5073e+000
1415 0 +1.263943083e-005 -5.857998736e+001 -5.857998736e+001 +2.5903e+000 -2.5073e+000
1443 0 +5.708779987e-006 -5.857999429e+001 -5.857999429e+001 +2.5902e+000 -2.5072e+000
1478 0 +1.876204763e-006 -5.857999812e+001 -5.857999812e+001 +2.5903e+000 -2.5072e+000
1489 0 +2.411508007e-007 -5.857999976e+001 -5.857999976e+001 +2.5904e+000 -2.5072e+000
1492 0 +1.956678162e-007 -5.857999980e+001 -5.857999980e+001 +2.5904e+000 -2.5072e+000
1552 0 +1.357883832e-007 -5.857999986e+001 -5.857999986e+001 +2.5904e+000 -2.5072e+000
1559 0 +8.763561254e-008 -5.857999991e+001 -5.857999991e+001 +2.5904e+000 -2.5072e+000
1560 0 +1.064463362e-008 -5.857999999e+001 -5.857999999e+001 +2.5904e+000 -2.5072e+000
1567 0 +4.721215419e-009 -5.858000000e+001 -5.858000000e+001 +2.5904e+000 -2.5072e+000
% f evaluations | g evaluations | best noise-free fitness - Fopt (-6.049200000000e+002) + sum g_i+ | measured fitness | best measured fitness or single-digit g-values | x1 | x2...
1 0 +1.354787122e+003 +7.498671220e+002 +7.498671220e+002 +4.6996e+000 -9.7056e-001
2 0 +1.477470112e+002 -4.571729888e+002 -4.571729888e+002 -8.8603e-001 +2.7931e+000
3 0 +1.127468136e+002 -4.921731864e+002 -4.921731864e+002 -9.4214e-001 -4.0704e+000
6 0 +3.373707568e+001 -5.711829243e+002 -5.711829243e+002 -2.5355e+000 -1.3121e+000
22 0 +1.007154236e+001 -5.948484576e+002 -5.948484576e+002 -2.0343e+000 -1.3217e+000
36 0 +9.159705132e+000 -5.957602949e+002 -5.957602949e+002 -8.3047e-002 -1.6700e+000
119 0 +7.329283651e+000 -5.975907163e+002 -5.975907163e+002 -8.6324e-001 -6.7652e-001
168 0 +7.114326289e+000 -5.978056737e+002 -5.978056737e+002 +2.1199e-002 -1.0761e+000
171 0 +2.108685780e+000 -6.028113142e+002 -6.028113142e+002 +1.8283e-002 -1.3228e+000
219 0 +1.573083802e+000 -6.033469162e+002 -6.033469162e+002 -1.3004e-002 -1.0306e+000
463 0 +1.535579192e+000 -6.033844208e+002 -6.033844208e+002 +9.4891e-001 -1.3284e+000
520 0 +1.119157615e+000 -6.038008424e+002 -6.038008424e+002 +7.0998e-003 -1.0234e+000
651 0 +1.088787303e+000 -6.038312127e+002 -6.038312127e+002 +9.7820e-001 -1.3228e+000
729 0 +1.010249902e+000 -6.039097501e+002 -6.039097501e+002 -2.0301e-004 -1.0124e+000
740 0 +1.139630525e-001 -6.048060369e+002 -6.048060369e+002 +9.8314e-001 -1.0208e+000
824 0 +4.374775828e-002 -6.048762522e+002 -6.048762522e+002 +9.9696e-001 -1.0109e+000
978 0 +2.006458177e-002 -6.048999354e+002 -6.048999354e+002 +9.9718e-001 -1.0183e+000
997 0 +1.596219864e-002 -6.049040378e+002 -6.049040378e+002 +9.9475e-001 -1.0127e+000
1007 0 +3.045903262e-003 -6.049169541e+002 -6.049169541e+002 +9.9764e-001 -1.0140e+000
1056 0 +1.760268384e-003 -6.049182397e+002 -6.049182397e+002 +9.9622e-001 -1.0159e+000
1079 0 +7.109313901e-005 -6.049199289e+002 -6.049199289e+002 +9.9786e-001 -1.0152e+000
1084 0 +6.843548658e-005 -6.049199316e+002 -6.049199316e+002 +9.9786e-001 -1.0152e+000
1143 0 +1.316410362e-006 -6.049199987e+002 -6.049199987e+002 +9.9838e-001 -1.0152e+000
1249 0 +7.771978972e-007 -6.049199992e+002 -6.049199992e+002 +9.9841e-001 -1.0152e+000
1317 0 +7.616368976e-007 -6.049199992e+002 -6.049199992e+002 +9.9838e-001 -1.0152e+000
1321 0 +1.020509899e-007 -6.049199999e+002 -6.049199999e+002 +9.9838e-001 -1.0152e+000
1369 0 +1.959926976e-008 -6.049200000e+002 -6.049200000e+002 +9.9839e-001 -1.0152e+000
1407 0 +1.487546797e-008 -6.049200000e+002 -6.049200000e+002 +9.9839e-001 -1.0152e+000
1414 0 +7.859853213e-009 -6.049200000e+002 -6.049200000e+002 +9.9840e-001 -1.0152e+000
% f evaluations | g evaluations | best noise-free fitness - Fopt (1.337000000000e+002) + sum g_i+ | measured fitness | best measured fitness or single-digit g-values | x1 | x2...
1 0 +2.171603250e+002 +3.508603250e+002 +3.508603250e+002 -3.5593e+000 -3.1730e+000
2 0 +1.675683434e+002 +3.012683434e+002 +3.012683434e+002 +3.5126e+000 +2.3939e+000
6 0 +5.874739011e+001 +1.924473901e+002 +1.924473901e+002 -5.0000e+000 +6.9401e-001
9 0 +1.836362988e+001 +1.520636299e+002 +1.520636299e+002 +2.3634e+000 +2.0987e+000
52 0 +1.802468751e+001 +1.517246875e+002 +1.517246875e+002 +2.5716e+000 -2.4242e-001
57 0 +1.308196755e+001 +1.467819675e+002 +1.467819675e+002 +1.6572e+000 +1.3025e+000
79 0 +5.143880621e+000 +1.388438806e+002 +1.388438806e+002 +2.3956e+000 +2.7730e-001
143 0 +3.355152174e+000 +1.370551522e+002 +1.370551522e+002 +1.4378e+000 +6.6102e-001
159 0 +1.134133452e+000 +1.348341335e+002 +1.348341335e+002 +2.3956e+000 +9.6194e-001
312 0 +3.519804466e-001 +1.340519804e+002 +1.340519804e+002 +2.4402e+000 +9.4781e-001
412 0 +3.397994479e-001 +1.340397994e+002 +1.340397994e+002 +2.4409e+000 +9.4781e-001
833 0 +7.913219456e-002 +1.337791322e+002 +1.337791322e+002 +2.4767e+000 +9.5858e-001
931 0 +2.805761961e-002 +1.337280576e+002 +1.337280576e+002 +2.4633e+000 +9.5398e-001
941 0 +1.898547601e-002 +1.337189855e+002 +1.337189855e+002 +2.4649e+000 +9.5445e-001
1028 0 +1.588811655e-002 +1.337158881e+002 +1.337158881e+002 +2.4675e+000 +9.5266e-001
1033 0 +8.273503237e-003 +1.337082735e+002 +1.337082735e+002 +2.4716e+000 +9.5273e-001
1061 0 +2.351191437e-003 +1.337023512e+002 +1.337023512e+002 +2.4746e+000 +9.5330e-001
1197 0 +4.990137757e-005 +1.337000499e+002 +1.337000499e+002 +2.4747e+000 +9.5441e-001
1286 0 +3.177912146e-005 +1.337000318e+002 +1.337000318e+002 +2.4749e+000 +9.5433e-001
1318 0 +2.206976637e-005 +1.337000221e+002 +1.337000221e+002 +2.4749e+000 +9.5439e-001
1322 0 +2.141929113e-005 +1.337000214e+002 +1.337000214e+002 +2.4749e+000 +9.5434e-001
1325 0 +1.670611172e-005 +1.337000167e+002 +1.337000167e+002 +2.4749e+000 +9.5435e-001
1340 0 +5.940968521e-006 +1.337000059e+002 +1.337000059e+002 +2.4750e+000 +9.5438e-001
1366 0 +1.612279902e-006 +1.337000016e+002 +1.337000016e+002 +2.4752e+000 +9.5437e-001
1381 0 +7.410157252e-007 +1.337000007e+002 +1.337000007e+002 +2.4752e+000 +9.5438e-001
1417 0 +3.612516366e-007 +1.337000004e+002 +1.337000004e+002 +2.4752e+000 +9.5441e-001
1430 0 +4.856531177e-009 +1.337000000e+002 +1.337000000e+002 +2.4752e+000 +9.5440e-001
% f evaluations | g evaluations | best noise-free fitness - Fopt (-2.098000000000e+001) + sum g_i+ | measured fitness | best measured fitness or single-digit g-values | x1 | x2...
1 0 +3.542249655e+002 +3.332449655e+002 +3.332449655e+002 -4.6923e+000 -3.7470e+000
2 0 +2.334950938e+002 +2.125150938e+002 +2.125150938e+002 -9.1082e-001 -2.6515e+000
3 0 +1.584032556e+002 +1.374232556e+002 +1.374232556e+002 +2.2478e+000 -1.7361e+000
6 0 +1.509686468e+002 +1.299886468e+002 +1.299886468e+002 -2.4838e+000 +5.0000e+000
9 0 +1.412239547e+002 +1.202439547e+002 +1.202439547e+002 -4.5218e+000 -1.0809e+000
10 0 +3.644252577e+001 +1.546252577e+001 +1.546252577e+001 -1.0134e+000 +3.6609e+000
13 0 +2.436520365e+001 +3.385203654e+000 +3.385203654e+000 -1.2238e+000 +2.2822e+000
15 0 +1.570181081e+001 -5.278189188e+000 -5.278189188e+000 -1.0934e+000 +2.2816e+000
124 0 +9.031444825e+000 -1.194855518e+001 -1.194855518e+001 +6.7110e-002 +2.2883e+000
207 0 +3.327693151e+000 -1.765230685e+001 -1.765230685e+001 +1.0801e+000 +1.8866e+000
320 0 +3.139058546e+000 -1.784094145e+001 -1.784094145e+001 +1.9977e+000 +1.9578e+000
363 0 +2.117862796e+000 -1.886213720e+001 -1.886213720e+001 +2.0274e+000 +1.9532e+000
383 0 +1.863302072e+000 -1.911669793e+001 -1.911669793e+001 +2.0274e+000 +1.5937e+000
403 0 +2.419113122e-001 -2.073808869e+001 -2.073808869e+001 +2.0470e+000 +1.9085e+000
835 0 +7.855183099e-002 -2.090144817e+001 -2.090144817e+001 +2.0401e+000 +1.9191e+000
966 0 +6.743052277e-002 -2.091256948e+001 -2.091256948e+001 +2.0510e+000 +1.9245e+000
1027 0 +2.528337467e-002 -2.095471663e+001 -2.095471663e+001 +2.0515e+000 +1.9219e+000
1030 0 +2.299814552e-002 -2.095700185e+001 -2.095700185e+001 +2.0526e+000 +1.9165e+000
1136 0 +1.863257750e-002 -2.096136742e+001 -2.096136742e+001 +2.0522e+000 +1.9211e+000
1144 0 +9.287719691e-003 -2.097071228e+001 -2.097071228e+001 +2.0554e+000 +1.9208e+000
1146 0 +8.438520545e-004 -2.097915615e+001 -2.097915615e+001 +2.0593e+000 +1.9186e+000
1193 0 +1.660017819e-004 -2.097983400e+001 -2.097983400e+001 +2.0594e+000 +1.9194e+000
1220 0 +5.906504947e-005 -2.097994093e+001 -2.097994093e+001 +2.0595e+000 +1.9192e+000
1236 0 +3.111695940e-005 -2.097996888e+001 -2.097996888e+001 +2.0597e+000 +1.9191e+000
1281 0 +1.192968960e-005 -2.097998807e+001 -2.097998807e+001 +2.0597e+000 +1.9192e+000
1351 0 +4.886179539e-006 -2.097999511e+001 -2.097999511e+001 +2.0599e+000 +1.9192e+000
1354 0 +2.872955726e-006 -2.097999713e+001 -2.097999713e+001 +2.0599e+000 +1.9192e+000
1357 0 +2.423972823e-006 -2.097999758e+001 -2.097999758e+001 +2.0599e+000 +1.9192e+000
1370 0 +1.553199212e-006 -2.097999845e+001 -2.097999845e+001 +2.0599e+000 +1.9192e+000
1379 0 +4.931827569e-007 -2.097999951e+001 -2.097999951e+001 +2.0600e+000 +1.9192e+000
1421 0 +4.012553703e-007 -2.097999960e+001 -2.097999960e+001 +2.0600e+000 +1.9192e+000
1469 0 +8.989586675e-008 -2.097999991e+001 -2.097999991e+001 +2.0600e+000 +1.9192e+000
1492 0 +3.901027057e-008 -2.097999996e+001 -2.097999996e+001 +2.0600e+000 +1.9192e+000
1573 0 +5.002334547e-009 -2.097999999e+001 -2.097999999e+001 +2.0600e+000 +1.9192e+000
% f evaluations | g evaluations | best noise-free fitness - Fopt (1.353300000000e+002) + sum g_i+ | measured fitness | best measured fitness or single-digit g-values | x1 | x2...
1 0 +8.248061451e+002 +9.601361451e+002 +9.601361451e+002 +3.3002e+000 +1.5304e+000
4 0 +3.042555565e+002 +4.395855565e+002 +4.395855565e+002 -5.0000e+000 -5.0000e+000
5 0 +2.539198971e+002 +3.892498971e+002 +3.892498971e+002 -4.8881e-001 -4.9252e+000
8 0 +1.357695492e+001 +1.489069549e+002 +1.489069549e+002 -2.5885e+000 -1.3712e-002
34 0 +1.173554768e+001 +1.470655477e+002 +1.470655477e+002 -1.3773e+000 +9.7108e-002
48 0 +1.038826435e+001 +1.457182643e+002 +1.457182643e+002 -2.5085e+000 +4.9281e-002
77 0 +7.069182974e+000 +1.423991830e+002 +1.423991830e+002 -1.5670e+000 +4.2950e-002
137 0 +5.860175220e+000 +1.411901752e+002 +1.411901752e+002 -1.3256e+000 +3.2066e-001
235 0 +5.341446695e+000 +1.406714467e+002 +1.406714467e+002 -4.5329e-001 +2.9251e-001
259 0 +3.605068427e+000 +1.389350684e+002 +1.389350684e+002 +4.4147e-001 +5.2454e-002
313 0 +1.707667786e+000 +1.370376678e+002 +1.370376678e+002 +4.6540e-001 +4.3476e-002
552 0 +9.086146051e-001 +1.362386146e+002 +1.362386146e+002 +4.7569e-001 +3.1708e-002
592 0 +7.776627965e-001 +1.361076628e+002 +1.361076628e+002 +4.8420e-001 +3.1708e-002
839 0 +6.569104253e-001 +1.359869104e+002 +1.359869104e+002 +4.8516e-001 +2.6772e-002
1096 0 +5.932092199e-001 +1.359232092e+002 +1.359232092e+002 +5.1946e-001 +3.9641e-002
1159 0 +3.294273789e-001 +1.356594274e+002 +1.356594274e+002 +5.1961e-001 +3.4150e-002
1173 0 +2.723089714e-001 +1.356023090e+002 +1.356023090e+002 +5.2978e-001 +3.4694e-002
1179 0 +1.450304532e-001 +1.354750305e+002 +1.354750305e+002 +5.1806e-001 +2.2927e-002
1256 0 +1.230236634e-001 +1.354530237e+002 +1.354530237e+002 +5.2400e-001 +1.9991e-002
1261 0 +6.849675899e-002 +1.353984968e+002 +1.353984968e+002 +5.2844e-001 +2.6724e-002
1322 0 +1.411598222e-002 +1.353441160e+002 +1.353441160e+002 +5.4209e-001 +2.6395e-002
1433 0 +9.296964196e-003 +1.353392970e+002 +1.353392970e+002 +5.3865e-001 +2.4958e-002
1439 0 +8.918798779e-003 +1.353389188e+002 +1.353389188e+002 +5.3812e-001 +2.3402e-002
1462 0 +4.533064426e-003 +1.353345331e+002 +1.353345331e+002 +5.4474e-001 +2.5623e-002
1539 0 +4.111792017e-003 +1.353341118e+002 +1.353341118e+002 +5.4113e-001 +2.4733e-002
1560 0 +2.654921217e-003 +1.353326549e+002 +1.353326549e+002 +5.4304e-001 +2.2945e-002
1573 0 +2.116319432e-003 +1.353321163e+002 +1.353321163e+002 +5.4489e-001 +2.4958e-002
1591 0 +1.991036473e-003 +1.353319910e+002 +1.353319910e+002 +5.4360e-001 +2.4918e-002
1593 0 +4.024799152e-004 +1.353304025e+002 +1.353304025e+002 +5.4438e-001 +2.4421e-002
1607 0 +3.633032935e-005 +1.353300363e+002 +1.353300363e+002 +5.4467e-001 +2.4139e-002
1686 0 +1.547728360e-005 +1.353300155e+002 +1.353300155e+002 +5.4457e-001 +2.3948e-002
1727 0 +7.625910797e-006 +1.353300076e+002 +1.353300076e+002 +5.4481e-001 +2.4061e-002
1803 0 +3.387470997e-007 +1.353300003e+002 +1.353300003e+002 +5.4477e-001 +2.4010e-002
1813 0 +4.598066994e-008 +1.353300000e+002 +1.353300000e+002 +5.4480e-001 +2.4002e-002
1966 0 +8.755733916e-009 +1.353300000e+002 +1.353300000e+002 +5.4479e-001 +2.4000e-002
% f evaluations | g evaluations | best noise-free fitness - Fopt (4.066000000000e+001) + sum g_i+ | measured fitness | best measured fitness or single-digit g-values | x1 | x2...
1 0 +2.039355850e+002 +2.445955850e+002 +2.445955850e+002 +4.4381e+000 +1.2368e+000
6 0 +4.191685959e+001 +8.257685959e+001 +8.257685959e+001 +9.7361e-001 -5.3997e-001
14 0 +2.997453215e+001 +7.063453215e+001 +7.063453215e+001 +2.2410e+000 +1.0787e+000
19 0 +2.725420785e+001 +6.791420785e+001 +6.791420785e+001 +2.4899e+000 +1.7978e+000
22 0 +2.492997172e+001 +6.558997172e+001 +6.558997172e+001 -2.2563e-001 +1.1914e+000
26 0 +1.234855544e+001 +5.300855544e+001 +5.300855544e+001 +1.2830e+000 +5.8932e-001
74 0 +8.803457256e+000 +4.946345726e+001 +4.946345726e+001 +1.0625e+000 +5.8335e-001
79 0 +6.141203394e+000 +4.680120339e+001 +4.680120339e+001 +1.2366e+000 +1.2352e+000
142 0 +5.726586441e+000 +4.638658644e+001 +4.638658644e+001 +9.8206e-001 +1.2621e+000
161 0 +5.446631024e+000 +4.610663102e+001 +4.610663102e+001 +2.1123e+000 +9.0755e-001
199 0 +4.943885573e+000 +4.560388557e+001 +4.560388557e+001 +2.0834e+000 +1.2059e+000
208 0 +3.439689520e+000 +4.409968952e+001 +4.409968952e+001 +2.9236e+000 +1.2404e+000
254 0 +3.167614695e+000 +4.382761470e+001 +4.382761470e+001 +2.0943e+000 +9.2220e-001
260 0 +2.987357949e+000 +4.364735795e+001 +4.364735795e+001 +2.9361e+000 +1.2336e+000
271 0 +2.028997077e+000 +4.268899708e+001 +4.268899708e+001 +2.0489e+000 +9.4017e-001
295 0 +1.954384087e+000 +4.261438409e+001 +4.261438409e+001 +3.0442e+000 +9.1820e-001
333 0 +1.661283679e+000 +4.232128368e+001 +4.232128368e+001 +3.0373e+000 +9.2189e-001
355 0 +8.090793817e-001 +4.146907938e+001 +4.146907938e+001 +2.9960e+000 +1.2576e+000
377 0 +6.369765971e-001 +4.129697660e+001 +4.129697660e+001 +2.9990e+000 +1.2407e+000
426 0 +3.448007988e-001 +4.100480080e+001 +4.100480080e+001 +3.0322e+000 +1.2354e+000
506 0 +3.148079792e-001 +4.097480798e+001 +4.097480798e+001 +3.0322e+000 +1.2360e+000
508 0 +8.770871148e-002 +4.074770871e+001 +4.074770871e+001 +3.0369e+000 +1.2431e+000
618 0 +2.780152831e-003 +4.066278015e+001 +4.066278015e+001 +3.0486e+000 +1.2469e+000
634 0 +1.358701135e-003 +4.066135870e+001 +4.066135870e+001 +3.0494e+000 +1.2470e+000
691 0 +3.336442185e-004 +4.066033364e+001 +4.066033364e+001 +3.0507e+000 +1.2473e+000
720 0 +1.323607495e-004 +4.066013236e+001 +4.066013236e+001 +3.0516e+000 +1.2474e+000
767 0 +4.400794307e-005 +4.066004401e+001 +4.066004401e+001 +3.0518e+000 +1.2471e+000
851 0 +1.394151349e-005 +4.066001394e+001 +4.066001394e+001 +3.0520e+000 +1.2473e+000
863 0 +2.890454240e-007 +4.066000029e+001 +4.066000029e+001 +3.0520e+000 +1.2472e+000
969 0 +3.622728428e-008 +4.066000004e+001 +4.066000004e+001 +3.0520e+000 +1.2472e+000
1071 0 +3.175944130e-008 +4.066000003e+001 +4.066000003e+001 +3.0520e+000 +1.2472e+000
1085 0 +4.590262392e-009 +4.066000000e+001 +4.066000000e+001 +3.0520e+000 +1.2472e+000
