% f evaluations | g evaluations | best noise-free fitness - Fopt (-4.620900000000e+002) + sum g_i+ | measured fitness | best measured fitness or single-digit g-values | x1 | x2...
1 0 +2.967750397e+003 +2.505660397e+003 +2.505660397e+003 -2.5517e+000 -4.8714e+000 +4.0037e+000
2 0 +2.914641046e+002 -1.706258954e+002 -1.706258954e+002 -3.8154e+000 -3.8455e+000 -1.1381e+000
6 0 +1.055128488e+002 -3.565771512e+002 -3.565771512e+002 -3.6114e+000 -9.0328e-001 +1.8459e+000
7 0 +8.608119724e+001 -3.760088028e+002 -3.760088028e+002 -1.6615e+000 -1.2717e+000 +1.8149e+000
25 0 +7.370046925e+001 -3.883895308e+002 -3.883895308e+002 -1.3661e-001 +3.1422e+000 +9.5656e-001
39 0 +4.412772758e+001 -4.179622724e+002 -4.179622724e+002 -1.1297e+000 +2.4383e+000 +1.9367e+000
50 0 +4.291379129e+001 -4.191762087e+002 -4.191762087e+002 +2.4589e-001 +2.6110e+000 +2.2337e+000
53 0 +4.128042692e+001 -4.208095731e+002 -4.208095731e+002 +9.3048e-001 +1.5261e+000 +2.1471e+000
109 0 +3.973026245e+001 -4.223597376e+002 -4.223597376e+002 -6.8562e-001 +2.9449e+000 +1.7712e+000
124 0 +2.137508111e+001 -4.407149189e+002 -4.407149189e+002 +2.5079e+000 +2.2211e+000 +2.2120e+000
216 0 +1.675931023e+001 -4.453306898e+002 -4.453306898e+002 +1.3207e+000 +1.7662e+000 +1.4473e+000
219 0 +4.226974867e+000 -4.578630251e+002 -4.578630251e+002 +2.2668e+000 +1.6654e+000 +1.9223e+000
682 0 +3.388624881e+000 -4.587013751e+002 -4.587013751e+002 +2.3350e+000 +2.8334e+000 +1.9274e+000
967 0 +2.966512280e+000 -4.591234877e+002 -4.591234877e+002 +2.3003e+000 +1.7497e+000 +1.9062e+000
973 0 +2.645909049e+000 -4.594440910e+002 -4.594440910e+002 +2.2691e+000 +2.3279e+000 +2.2450e+000
1134 0 +1.801519259e+000 -4.602884807e+002 -4.602884807e+002 +2.3018e+000 +2.3084e+000 +1.9164e+000
1251 0 +1.094768451e+000 -4.609952315e+002 -4.609952315e+002 +1.3368e+000 +2.2897e+000 +2.2106e+000
1313 0 +6.912208549e-001 -4.613987791e+002 -4.613987791e+002 +2.3004e+000 +2.3221e+000 +2.2135e+000
1866 0 +4.986210712e-002 -4.620401379e+002 -4.620401379e+002 +2.3386e+000 +2.2956e+000 +2.2098e+000
2076 0 +2.439363313e-002 -4.620656064e+002 -4.620656064e+002 +2.3386e+000 +2.2956e+000 +2.2114e+000
2509 0 +1.182822991e-002 -4.620781718e+002 -4.620781718e+002 +2.3338e+000 +2.3019e+000 +2.2129e+000
2569 0 +9.583770344e-003 -4.620804162e+002 -4.620804162e+002 +2.3341e+000 +2.3010e+000 +2.2130e+000
2587 0 +9.460590696e-003 -4.620805394e+002 -4.620805394e+002 +2.3396e+000 +2.3021e+000 +2.2118e+000
2644 0 +2.533797476e-003 -4.620874662e+002 -4.620874662e+002 +2.3387e+000 +2.2985e+000 +2.2132e+000
2665 0 +1.125941504e-003 -4.620888741e+002 -4.620888741e+002 +2.3394e+000 +2.2995e+000 +2.2131e+000
2769 0 +1.078182057e-003 -4.620889218e+002 -4.620889218e+002 +2.3388e+000 +2.2998e+000 +2.2132e+000
2777 0 +9.080306875e-004 -4.620890920e+002 -4.620890920e+002 +2.3397e+000 +2.3002e+000 +2.2131e+000
2792 0 +5.795795296e-004 -4.620894204e+002 -4.620894204e+002 +2.3396e+000 +2.2995e+000 +2.2133e+000
2852 0 +2.015729883e-004 -4.620897984e+002 -4.620897984e+002 +2.3406e+000 +2.3005e+000 +2.2135e+000
2873 0 +1.646058832e-004 -4.620898354e+002 -4.620898354e+002 +2.3408e+000 +2.2997e+000 +2.2134e+000
2903 0 +1.293906347e-004 -4.620898706e+002 -4.620898706e+002 +2.3408e+000 +2.2997e+000 +2.2134e+000
2943 0 +9.362088889e-005 -4.620899064e+002 -4.620899064e+002 +2.3406e+000 +2.2998e+000 +2.2134e+000
2971 0 +4.852919409e-005 -4.620899515e+002 -4.620899515e+002 +2.3406e+000 +2.2999e+000 +2.2135e+000
3139 0 +3.208192931e-005 -4.620899679e+002 -4.620899679e+002 +2.3407e+000 +2.2998e+000 +2.2135e+000
3153 0 +6.025478058e-006 -4.620899940e+002 -4.620899940e+002 +2.3407e+000 +2.3001e+000 +2.2136e+000
3296 0 +5.104191814e-006 -4.620899949e+002 -4.620899949e+002 +2.3407e+000 +2.3001e+000 +2.2136e+000
3303 0 +2.449154010e-006 -4.620899976e+002 -4.620899976e+002 +2.3408e+000 +2.3000e+000 +2.2136e+000
3397 0 +2.251584021e-006 -4.620899977e+002 -4.620899977e+002 +2.3408e+000 +2.2999e+000 +2.2136e+000
3425 0 +8.947895367e-007 -4.620899991e+002 -4.620899991e+002 +2.3408e+000 +2.3000e+000 +2.2136e+000
3510 0 +7.005573934e-007 -4.620899993e+002 -4.620899993e+002 +2.3408e+000 +2.3000e+000 +2.2136e+000
3513 0 +6.195789410e-007 -4.620899994e+002 -4.620899994e+002 +2.3408e+000 +2.3000e+000 +2.2136e+000
3523 0 +5.443878308e-007 -4.620899995e+002 -4.620899995e+002 +2.3408e+000 +2.3000e+000 +2.2136e+000
3536 0 +3.216805453e-007 -4.620899997e+002 -4.620899997e+002 +2.3408e+000 +2.3000e+000 +2.2136e+000
3551 0 +1.490232648e-007 -4.620899999e+002 -4.620899999e+002 +2.3408e+000 +2.3000e+000 +2.2136e+000
3594 0 +9.251704114e-008 -4.620899999e+002 -4.620899999e+002 +2.3408e+000 +2.3000e+000 +2.2136e+000
3596 0 +1.388269766e-008 -4.620900000e+002 -4.620900000e+002 +2.3408e+000 +2.3000e+000 +2.2136e+000
3681 0 +9.986194982e-009 -4.620900000e+002 -4.620900000e+002 +2.3408e+000 +2.3000e+000 +2.2136e+000
% f evaluations | g evaluations | best noise-free fitness - Fopt (7.766000000000e+001) + sum g_i+ | measured fitness | best measured fitness or single-digit g-values | x1 | x2...
1 0 +4.836256019e+002 +5.612856019e+002 +5.612856019e+002 +3.9092e+000 -4.6545e+000 -2.9922e+000
2 0 +5.078895781e+001 +1.284489578e+002 +1.284489578e+002 -1.7450e-001 +1.2396e+000 +5.8518e-001
32 0 +4.622932682e+001 +1.238893268e+002 +1.238893268e+002 -1.0672e+000 +9.7270e-001 +6.1151e-001
72 0 +3.573077038e+001 +1.133907704e+002 +1.133907704e+002 -1.5052e+000 -1.8850e+000 +2.8584e-001
153 0 +3.023488612e+001 +1.078948861e+002 +1.078948861e+002 -1.4314e+000 -2.3671e+000 +9.5752e-001
171 0 +2.901523250e+001 +1.066752325e+002 +1.066752325e+002 +3.2939e-001 -1.4619e+000 +3.8994e-001
250 0 +2.618417093e+001 +1.038441709e+002 +1.038441709e+002 -1.5682e+000 -1.3252e+000 +1.2210e+000
253 0 +1.970009024e+001 +9.736009024e+001 +9.736009024e+001 -7.5983e-001 -9.3915e-001 +9.2315e-001
259 0 +1.694511513e+001 +9.460511513e+001 +9.460511513e+001 +4.5260e-001 -2.4106e+000 +5.8488e-001
339 0 +1.441890136e+001 +9.207890136e+001 +9.207890136e+001 +3.8303e-001 -8.2898e-001 +3.2479e-001
376 0 +1.352988242e+001 +9.118988242e+001 +9.118988242e+001 +2.4819e+000 -1.4476e+000 +6.2558e-001
409 0 +6.516309597e+000 +8.417630960e+001 +8.417630960e+001 +1.3689e+000 -3.3023e-001 +5.8488e-001
466 0 +2.910977281e+000 +8.057097728e+001 +8.057097728e+001 +1.4412e+000 -8.4535e-001 +1.2466e+000
1101 0 +2.782766030e+000 +8.044276603e+001 +8.044276603e+001 +2.3313e+000 -1.3925e+000 +1.2672e+000
1576 0 +2.614345773e+000 +8.027434577e+001 +8.027434577e+001 +1.4412e+000 -8.5537e-001 +9.6559e-001
1815 0 +1.182663339e+000 +7.884266334e+001 +7.884266334e+001 +2.3476e+000 -8.7073e-001 +1.2562e+000
2352 0 +1.054257047e+000 +7.871425705e+001 +7.871425705e+001 +2.3590e+000 -8.3101e-001 +1.2605e+000
2382 0 +4.656313469e-001 +7.812563135e+001 +7.812563135e+001 +2.3840e+000 -8.7433e-001 +1.2613e+000
2568 0 +2.682751965e-001 +7.792827520e+001 +7.792827520e+001 +2.3709e+000 -8.4911e-001 +1.2649e+000
2588 0 +2.560177898e-001 +7.791601779e+001 +7.791601779e+001 +2.3788e+000 -8.6126e-001 +1.2624e+000
2689 0 +1.212606632e-001 +7.778126066e+001 +7.778126066e+001 +2.3970e+000 -8.6245e-001 +1.2727e+000
2848 0 +1.056554526e-001 +7.776565545e+001 +7.776565545e+001 +2.3765e+000 -8.5819e-001 +1.2697e+000
2850 0 +9.861451525e-002 +7.775861452e+001 +7.775861452e+001 +2.3828e+000 -8.5745e-001 +1.2676e+000
2985 0 +5.481482063e-002 +7.771481482e+001 +7.771481482e+001 +2.3900e+000 -8.6157e-001 +1.2723e+000
3003 0 +1.473595408e-002 +7.767473595e+001 +7.767473595e+001 +2.3973e+000 -8.5595e-001 +1.2693e+000
3120 0 +1.383875316e-002 +7.767383875e+001 +7.767383875e+001 +2.3907e+000 -8.5384e-001 +1.2717e+000
3186 0 +2.506133343e-003 +7.766250613e+001 +7.766250613e+001 +2.3958e+000 -8.5631e-001 +1.2712e+000
3244 0 +6.087063579e-004 +7.766060871e+001 +7.766060871e+001 +2.3975e+000 -8.5603e-001 +1.2716e+000
3370 0 +5.933943735e-004 +7.766059339e+001 +7.766059339e+001 +2.3968e+000 -8.5577e-001 +1.2720e+000
3404 0 +3.768328123e-004 +7.766037683e+001 +7.766037683e+001 +2.3978e+000 -8.5564e-001 +1.2717e+000
3475 0 +2.187769426e-004 +7.766021878e+001 +7.766021878e+001 +2.3978e+000 -8.5557e-001 +1.2719e+000
3491 0 +1.586242580e-004 +7.766015862e+001 +7.766015862e+001 +2.3976e+000 -8.5623e-001 +1.2720e+000
3565 0 +1.204288241e-004 +7.766012043e+001 +7.766012043e+001 +2.3983e+000 -8.5557e-001 +1.2720e+000
3597 0 +1.095859514e-004 +7.766010959e+001 +7.766010959e+001 +2.3977e+000 -8.5609e-001 +1.2719e+000
3601 0 +6.990892955e-005 +7.766006991e+001 +7.766006991e+001 +2.3979e+000 -8.5603e-001 +1.2719e+000
3617 0 +1.126729720e-005 +7.766001127e+001 +7.766001127e+001 +2.3984e+000 -8.5601e-001 +1.2719e+000
3635 0 +9.480261411e-007 +7.766000095e+001 +7.766000095e+001 +2.3984e+000 -8.5600e-001 +1.2720e+000
3949 0 +4.915772820e-007 +7.766000049e+001 +7.766000049e+001 +2.3984e+000 -8.5601e-001 +1.2720e+000
4076 0 +1.668028489e-007 +7.766000017e+001 +7.766000017e+001 +2.3984e+000 -8.5600e-001 +1.2720e+000
4081 0 +4.960733690e-008 +7.766000005e+001 +7.766000005e+001 +2.3984e+000 -8.5600e-001 +1.2720e+000
4129 0 +1.289281215e-008 +7.766000001e+001 +7.766000001e+001 +2.3984e+000 -8.5600e-001 +1.2720e+000
4480 0 +4.876682169e-009 +7.766000000e+001 +7.766000000e+001 +2.3984e+000 -8.5600e-001 +1.2720e+000
% f evaluations | g evaluations | best noise-free fitness - Fopt (1.156800000000e+002) + sum g_i+ | measured fitness | best measured fitness or single-digit g-values | x1 | x2...
1 0 +1.543393395e+004 +1.554961395e+004 +1.554961395e+004 -3.5688e+000 -7.3141e-001 +4.1798e+000
2 0 +1.798211993e+002 +2.955011993e+002 +2.955011993e+002 +2.8657e+000 +3.3781e+000 -1.7854e+000
4 0 +9.968774975e+001 +2.153677497e+002 +2.153677497e+002 -4.1317e+000 +2.9681e+000 +3.2196e-002
16 0 +9.632788236e+001 +2.120078824e+002 +2.120078824e+002 -1.4574e+000 -4.8982e+000 -5.3952e-001
17 0 +4.669109349e+001 +1.623710935e+002 +1.623710935e+002 +2.1651e+000 +6.4873e-001 -5.8057e-001
47 0 +4.242959180e+001 +1.581095918e+002 +1.581095918e+002 +1.2327e+000 +1.3376e+000 -4.3348e-001
76 0 +3.828158523e+001 +1.539615852e+002 +1.539615852e+002 -4.0874e-003 -6.1669e-001 -7.4539e-001
144 0 +3.626806741e+001 +1.519480674e+002 +1.519480674e+002 +1.8155e-001 +1.2256e+000 -3.4725e-001
151 0 +3.205157817e+001 +1.477315782e+002 +1.477315782e+002 +5.1134e-001 -1.2205e+000 -4.8296e-002
171 0 +2.483809890e+001 +1.405180989e+002 +1.405180989e+002 -1.7338e+000 -2.0548e+000 -4.5295e-001
186 0 +2.163184252e+001 +1.373118425e+002 +1.373118425e+002 +1.1622e-001 -1.9818e+000 +3.0765e-001
215 0 +1.430170240e+001 +1.299817024e+002 +1.299817024e+002 +1.0802e+000 -1.1046e+000 -6.8953e-002
248 0 +1.095049523e+001 +1.266304952e+002 +1.266304952e+002 +1.0748e+000 -4.9408e-001 -5.3720e-002
271 0 +6.873701780e+000 +1.225537018e+002 +1.225537018e+002 +1.8256e-001 -4.3662e-001 -5.1667e-002
274 0 +5.871117408e+000 +1.215511174e+002 +1.215511174e+002 +1.2005e+000 -9.6631e-001 +1.9672e-001
671 0 +6.784086548e-001 +1.163584087e+002 +1.163584087e+002 +2.1431e+000 -9.8712e-001 +2.3100e-001
1301 0 +6.253689600e-001 +1.163053690e+002 +1.163053690e+002 +2.1431e+000 -9.8495e-001 +2.3170e-001
1793 0 +1.583824072e-001 +1.158383824e+002 +1.158383824e+002 +2.1773e+000 -9.8735e-001 +2.3557e-001
2333 0 +5.296408548e-002 +1.157329641e+002 +1.157329641e+002 +2.1647e+000 -9.8735e-001 +2.4400e-001
2414 0 +1.627948370e-002 +1.156962795e+002 +1.156962795e+002 +2.1754e+000 -9.7911e-001 +2.4372e-001
2436 0 +8.662440504e-003 +1.156886624e+002 +1.156886624e+002 +2.1717e+000 -9.8407e-001 +2.4455e-001
2537 0 +6.875971630e-003 +1.156868760e+002 +1.156868760e+002 +2.1734e+000 -9.8182e-001 +2.4461e-001
2570 0 +5.006317844e-003 +1.156850063e+002 +1.156850063e+002 +2.1753e+000 -9.8316e-001 +2.4354e-001
2672 0 +2.866608750e-003 +1.156828666e+002 +1.156828666e+002 +2.1776e+000 -9.8526e-001 +2.4444e-001
2706 0 +4.404258077e-004 +1.156804404e+002 +1.156804404e+002 +2.1771e+000 -9.8351e-001 +2.4464e-001
2717 0 +2.338764054e-004 +1.156802339e+002 +1.156802339e+002 +2.1782e+000 -9.8278e-001 +2.4454e-001
2886 0 +2.229634665e-004 +1.156802230e+002 +1.156802230e+002 +2.1783e+000 -9.8267e-001 +2.4464e-001
2924 0 +1.208524857e-004 +1.156801209e+002 +1.156801209e+002 +2.1779e+000 -9.8338e-001 +2.4481e-001
3033 0 +1.201063562e-004 +1.156801201e+002 +1.156801201e+002 +2.1781e+000 -9.8353e-001 +2.4468e-001
3060 0 +1.034502461e-006 +1.156800010e+002 +1.156800010e+002 +2.1783e+000 -9.8321e-001 +2.4479e-001
3439 0 +5.134830303e-007 +1.156800005e+002 +1.156800005e+002 +2.1784e+000 -9.8318e-001 +2.4479e-001
3552 0 +4.765851003e-007 +1.156800005e+002 +1.156800005e+002 +2.1784e+000 -9.8321e-001 +2.4479e-001
3596 0 +8.267248575e-008 +1.156800001e+002 +1.156800001e+002 +2.1784e+000 -9.8320e-001 +2.4480e-001
3641 0 +5.610581866e-008 +1.156800001e+002 +1.156800001e+002 +2.1784e+000 -9.8320e-001 +2.4480e-001
3733 0 +4.883148108e-009 +1.156800000e+002 +1.156800000e+002 +2.1784e+000 -9.8320e-001 +2.4480e-001
% f evaluations | g evaluations | best noise-free fitness - Fopt (-3.710000000000e+000) + sum g_i+ | measured fitness | best measured fitness or single-digit g-values | x1 | x2...
1 0 +5.069248730e+003 +5.065538730e+003 +5.065538730e+003 -4.5026e+000 +2.6185e-001 +3.9306e+000
2 0 +3.622411389e+002 +3.585311389e+002 +3.585311389e+002 +4.0326e+000 +1.8808e+000 -2.4383e+000
3 0 +1.343944052e+002 +1.306844052e+002 +1.306844052e+002 +4.1057e+000 -3.3082e+000 +1.6077e+000
7 0 +9.906951401e+001 +9.535951401e+001 +9.535951401e+001 -2.5347e+000 +4.0454e-001 +7.4618e-001
9 0 +6.557148729e+001 +6.186148729e+001 +6.186148729e+001 +9.9651e-001 -1.3585e+000 +2.5548e-001
13 0 +3.688716805e+001 +3.317716805e+001 +3.317716805e+001 +3.0843e+000 -4.3971e+000 +7.9882e-001
146 0 +2.714295467e+001 +2.343295467e+001 +2.343295467e+001 +1.0559e+000 -3.4962e+000 +1.7354e+000
176 0 +2.431330007e+001 +2.060330007e+001 +2.060330007e+001 +1.0640e+000 -2.8021e+000 +1.5805e+000
225 0 +2.327670111e+001 +1.956670111e+001 +1.956670111e+001 +2.1164e+000 -3.5015e+000 +1.0936e+000
248 0 +2.207080277e+001 +1.836080277e+001 +1.836080277e+001 +2.8321e+000 -3.0028e+000 +1.1022e+000
273 0 +1.946917786e+001 +1.575917786e+001 +1.575917786e+001 +1.9708e+000 -2.3607e+000 +1.4174e+000
280 0 +1.668446486e+001 +1.297446486e+001 +1.297446486e+001 +1.2669e+000 -2.9494e+000 +8.1051e-001
283 0 +1.175043352e+001 +8.040433521e+000 +8.040433521e+000 +3.0843e+000 -2.8448e+000 +8.0771e-001
346 0 +1.141154625e+001 +7.701546247e+000 +7.701546247e+000 +1.1177e+000 -2.9278e+000 +1.5199e+000
383 0 +9.902339838e+000 +6.192339838e+000 +6.192339838e+000 +2.1856e+000 -2.8246e+000 +1.0672e+000
526 0 +6.897280595e+000 +3.187280595e+000 +3.187280595e+000 +3.0843e+000 -2.2485e+000 +1.8451e+000
616 0 +6.597182489e+000 +2.887182489e+000 +2.887182489e+000 +2.2340e+000 -2.2927e+000 +1.4868e+000
787 0 +4.411207403e+000 +7.012074027e-001 +7.012074027e-001 +3.0964e+000 -2.2906e+000 +1.4368e+000
874 0 +3.305100046e+000 -4.048999539e-001 -4.048999539e-001 +2.1009e+000 -2.8727e+000 +1.4711e+000
1101 0 +2.711708077e+000 -9.982919229e-001 -9.982919229e-001 +2.1147e+000 -2.9359e+000 +1.7837e+000
1423 0 +2.096233989e+000 -1.613766011e+000 -1.613766011e+000 +3.0600e+000 -2.2810e+000 +1.7571e+000
1603 0 +2.033084678e+000 -1.676915322e+000 -1.676915322e+000 +3.0649e+000 -2.2810e+000 +1.7571e+000
1938 0 +1.817440147e+000 -1.892559853e+000 -1.892559853e+000 +2.1445e+000 -2.3264e+000 +1.7831e+000
2153 0 +1.611449604e+000 -2.098550396e+000 -2.098550396e+000 +3.1165e+000 -2.2876e+000 +1.7551e+000
2195 0 +1.197209805e+000 -2.512790195e+000 -2.512790195e+000 +2.1431e+000 -2.3040e+000 +1.7834e+000
2561 0 +3.856531764e-001 -3.324346824e+000 -3.324346824e+000 +3.0819e+000 -2.2859e+000 +1.7826e+000
2779 0 +2.354359424e-001 -3.474564058e+000 -3.474564058e+000 +3.0956e+000 -2.3041e+000 +1.7769e+000
3191 0 +3.332132207e-002 -3.676678678e+000 -3.676678678e+000 +3.1185e+000 -2.3022e+000 +1.7815e+000
3384 0 +2.837933722e-002 -3.681620663e+000 -3.681620663e+000 +3.1109e+000 -2.2908e+000 +1.7832e+000
3422 0 +2.586698925e-002 -3.684133011e+000 -3.684133011e+000 +3.1181e+000 -2.2958e+000 +1.7835e+000
3463 0 +1.237648744e-002 -3.697623513e+000 -3.697623513e+000 +3.1164e+000 -2.2926e+000 +1.7816e+000
3538 0 +1.217961088e-002 -3.697820389e+000 -3.697820389e+000 +3.1148e+000 -2.2956e+000 +1.7814e+000
3542 0 +2.034848160e-003 -3.707965152e+000 -3.707965152e+000 +3.1177e+000 -2.2949e+000 +1.7825e+000
3615 0 +1.727099032e-003 -3.708272901e+000 -3.708272901e+000 +3.1172e+000 -2.2949e+000 +1.7830e+000
3659 0 +1.138996702e-003 -3.708861003e+000 -3.708861003e+000 +3.1185e+000 -2.2942e+000 +1.7831e+000
3765 0 +5.043405847e-004 -3.709495659e+000 -3.709495659e+000 +3.1189e+000 -2.2956e+000 +1.7829e+000
3784 0 +4.077593882e-005 -3.709959224e+000 -3.709959224e+000 +3.1200e+000 -2.2951e+000 +1.7831e+000
4022 0 +1.580680381e-005 -3.709984193e+000 -3.709984193e+000 +3.1198e+000 -2.2953e+000 +1.7831e+000
4045 0 +9.378500277e-006 -3.709990621e+000 -3.709990621e+000 +3.1198e+000 -2.2952e+000 +1.7832e+000
4083 0 +1.698890893e-006 -3.709998301e+000 -3.709998301e+000 +3.1200e+000 -2.2952e+000 +1.7832e+000
4206 0 +1.439442491e-006 -3.709998561e+000 -3.709998561e+000 +3.1200e+000 -2.2952e+000 +1.7832e+000
4236 0 +1.035462827e-006 -3.709998965e+000 -3.709998965e+000 +3.1200e+000 -2.2952e+000 +1.7832e+000
4255 0 +5.795208478e-007 -3.709999420e+000 -3.709999420e+000 +3.1200e+000 -2.2952e+000 +1.7832e+000
4306 0 +5.547939574e-007 -3.709999445e+000 -3.709999445e+000 +3.1200e+000 -2.2952e+000 +1.7832e+000
4341 0 +9.492292685e-008 -3.709999905e+000 -3.709999905e+000 +3.1200e+000 -2.2952e+000 +1.7832e+000
4374 0 +8.614744695e-008 -3.709999914e+000 -3.709999914e+000 +3.1200e+000 -2.2952e+000 +1.7832e+000
4415 0 +1.897257595e-008 -3.709999981e+000 -3.709999981e+000 +3.1200e+000 -2.2952e+000 +1.7832e+000
4497 0 +9.225362696e-009 -3.709999991e+000 -3.709999991e+000 +3.1200e+000 -2.2952e+000 +1.7832e+000
% f evaluations | g evaluations | best noise-free fitness - Fopt (1.321800000000e+002) + sum g_i+ | measured fitness | best measured fitness or single-digit g-values | x1 | x2...
1 0 +5.129612511e+002 +6.451412511e+002 +6.451412511e+002 -6.4168e-001 -3.8234e+000 -3.0298e+000
2 0 +2.519674957e+002 +3.841474957e+002 +3.841474957e+002 -5.9003e-001 -1.1472e+000 -4.8875e-001
10 0 +1.554389436e+002 +2.876189436e+002 +2.876189436e+002 +1.2304e+000 -1.2991e+000 +2.5700e-001
16 0 +1.343841570e+002 +2.665641570e+002 +2.665641570e+002 -3.8812e-001 -3.7577e+000 +2.3589e+000
24 0 +8.928765579e+001 +2.214676558e+002 +2.214676558e+002 -9.0358e-001 -1.4793e+000 +3.0156e+000
55 0 +6.214804062e+001 +1.943280406e+002 +1.943280406e+002 +2.0784e+000 -3.7824e-001 +3.0164e+000
102 0 +2.749106758e+001 +1.596710676e+002 +1.596710676e+002 +1.8530e+000 +2.0710e+000 +2.5602e+000
160 0 +2.670893221e+001 +1.588889322e+002 +1.588889322e+002 +1.7273e+000 +8.1000e-001 +3.0373e+000
162 0 +2.234612959e+001 +1.545261296e+002 +1.545261296e+002 +1.5610e+000 +2.0512e+000 +2.8469e+000
210 0 +2.133863647e+001 +1.535186365e+002 +1.535186365e+002 +2.7747e+000 +2.1056e+000 +3.3663e+000
229 0 +1.215253667e+001 +1.443325367e+002 +1.443325367e+002 +6.3027e-001 +1.5150e+000 +3.4950e+000
485 0 +8.662210827e+000 +1.408422108e+002 +1.408422108e+002 +1.8893e+000 +8.7913e-001 +3.4241e+000
514 0 +5.921457560e+000 +1.381014576e+002 +1.381014576e+002 +2.7645e+000 +1.4562e+000 +3.5323e+000
661 0 +4.650421485e+000 +1.368304215e+002 +1.368304215e+002 +2.8098e+000 +8.4549e-001 +3.4346e+000
888 0 +2.035617714e+000 +1.342156177e+002 +1.342156177e+002 +3.7375e+000 +8.5213e-001 +3.4456e+000
1301 0 +1.086840582e+000 +1.332668406e+002 +1.332668406e+002 +2.7584e+000 +1.4809e+000 +3.4566e+000
1524 0 +5.791224490e-001 +1.327591224e+002 +1.327591224e+002 +3.7501e+000 +1.5104e+000 +3.4596e+000
1569 0 +5.754389021e-001 +1.327554389e+002 +1.327554389e+002 +3.7308e+000 +1.4870e+000 +3.4489e+000
1965 0 +1.298018134e-001 +1.323098018e+002 +1.323098018e+002 +3.7453e+000 +1.4910e+000 +3.4592e+000
2394 0 +8.774026323e-002 +1.322677403e+002 +1.322677403e+002 +3.7501e+000 +1.4732e+000 +3.4617e+000
2520 0 +6.127638879e-002 +1.322412764e+002 +1.322412764e+002 +3.7578e+000 +1.4884e+000 +3.4578e+000
2523 0 +4.484540841e-002 +1.322248454e+002 +1.322248454e+002 +3.7510e+000 +1.4835e+000 +3.4592e+000
2574 0 +4.352546073e-002 +1.322235255e+002 +1.322235255e+002 +3.7508e+000 +1.4790e+000 +3.4613e+000
2630 0 +3.253802813e-002 +1.322125380e+002 +1.322125380e+002 +3.7595e+000 +1.4817e+000 +3.4581e+000
2695 0 +2.214821624e-002 +1.322021482e+002 +1.322021482e+002 +3.7558e+000 +1.4791e+000 +3.4603e+000
2707 0 +1.663889264e-002 +1.321966389e+002 +1.321966389e+002 +3.7582e+000 +1.4817e+000 +3.4593e+000
2709 0 +1.551804775e-002 +1.321955180e+002 +1.321955180e+002 +3.7567e+000 +1.4813e+000 +3.4599e+000
2729 0 +7.922461831e-003 +1.321879225e+002 +1.321879225e+002 +3.7620e+000 +1.4815e+000 +3.4597e+000
2759 0 +6.100078526e-003 +1.321861001e+002 +1.321861001e+002 +3.7604e+000 +1.4810e+000 +3.4606e+000
2837 0 +6.732650840e-004 +1.321806733e+002 +1.321806733e+002 +3.7634e+000 +1.4830e+000 +3.4612e+000
3005 0 +4.956214210e-004 +1.321804956e+002 +1.321804956e+002 +3.7637e+000 +1.4832e+000 +3.4613e+000
3048 0 +3.624138199e-004 +1.321803624e+002 +1.321803624e+002 +3.7634e+000 +1.4825e+000 +3.4612e+000
3055 0 +3.420246776e-004 +1.321803420e+002 +1.321803420e+002 +3.7628e+000 +1.4822e+000 +3.4615e+000
3063 0 +8.121746231e-005 +1.321800812e+002 +1.321800812e+002 +3.7639e+000 +1.4827e+000 +3.4615e+000
3183 0 +4.803579819e-005 +1.321800480e+002 +1.321800480e+002 +3.7638e+000 +1.4824e+000 +3.4615e+000
3267 0 +2.109472715e-005 +1.321800211e+002 +1.321800211e+002 +3.7639e+000 +1.4824e+000 +3.4615e+000
3293 0 +1.391500606e-005 +1.321800139e+002 +1.321800139e+002 +3.7639e+000 +1.4824e+000 +3.4615e+000
3296 0 +7.878510047e-006 +1.321800079e+002 +1.321800079e+002 +3.7640e+000 +1.4824e+000 +3.4616e+000
3315 0 +1.464293945e-006 +1.321800015e+002 +1.321800015e+002 +3.7640e+000 +1.4824e+000 +3.4616e+000
3342 0 +6.516178814e-007 +1.321800007e+002 +1.321800007e+002 +3.7640e+000 +1.4824e+000 +3.4616e+000
3353 0 +6.292169985e-007 +1.321800006e+002 +1.321800006e+002 +3.7640e+000 +1.4824e+000 +3.4616e+000
3378 0 +7.417852999e-008 +1.321800001e+002 +1.321800001e+002 +3.7640e+000 +1.4824e+000 +3.4616e+000
3614 0 +5.671307690e-008 +1.321800001e+002 +1.321800001e+002 +3.7640e+000 +1.4824e+000 +3.4616e+000
3631 0 +5.290951322e-008 +1.321800001e+002 +1.321800001e+002 +3.7640e+000 +1.4824e+000 +3.4616e+000
3665 0 +1.151920515e-008 +1.321800000e+002 +1.321800000e+002 +3.7640e+000 +1.4824e+000 +3.4616e+000
3723 0 +8.518838968e-009 +1.321800000e+002 +1.321800000e+002 +3.7640e+000 +1.4824e+000 +3.4616e+000
% f evaluations | g evaluations | best noise-free fitness - Fopt (-3.930000000000e+001) + sum g_i+ | measured fitness | best measured fitness or single-digit g-values | x1 | x2...
1 0 +4.947539433e+002 +4.554539433e+002 +4.554539433e+002 +2.3837e+000 +2.0004e+000 -4.6375e+000
2 0 +3.096642874e+002 +2.703642874e+002 +2.703642874e+002 +2.5444e+000 -8.3482e-001 -3.1553e+000
3 0 +1.805277609e+002 +1.412277609e+002 +1.412277609e+002 +3.2372e+000 +2.6872e+000 -5.5660e-001
11 0 +1.435060601e+002 +1.042060601e+002 +1.042060601e+002 +9.5302e-001 -3.9314e-001 -7.6944e-001
13 0 +5.647407016e+001 +1.717407016e+001 +1.717407016e+001 -2.8813e+000 -1.7262e+000 +1.7766e+000
41 0 +4.161042760e+001 +2.310427602e+000 +2.310427602e+000 +1.3200e+000 -1.1202e+000 +1.9035e+000
73 0 +3.383209441e+001 -5.467905591e+000 -5.467905591e+000 -1.5797e+000 -2.8412e+000 +2.0502e+000
78 0 +3.098655378e+001 -8.313446220e+000 -8.313446220e+000 +6.6068e-001 +6.2956e-001 +1.7424e+000
121 0 +2.818590630e+001 -1.111409370e+001 -1.111409370e+001 +2.6091e-001 -2.2392e+000 +1.6664e+000
128 0 +1.851563945e+001 -2.078436055e+001 -2.078436055e+001 -5.3761e-001 -1.8541e-001 +1.6210e+000
172 0 +1.798866269e+001 -2.131133731e+001 -2.131133731e+001 +1.6706e+000 -1.8210e+000 +1.3515e+000
274 0 +1.497894087e+001 -2.432105913e+001 -2.432105913e+001 +6.3746e-001 -1.6863e+000 +1.6266e+000
280 0 +1.373972152e+001 -2.556027848e+001 -2.556027848e+001 +1.6777e+000 -1.7064e+000 +2.0038e+000
413 0 +9.202197724e+000 -3.009780228e+001 -3.009780228e+001 +5.6603e-001 -7.2425e-001 +1.9937e+000
457 0 +7.444975358e+000 -3.185502464e+001 -3.185502464e+001 +1.6298e+000 -1.2859e+000 +2.3598e+000
592 0 +5.374587861e+000 -3.392541214e+001 -3.392541214e+001 +2.5199e+000 -1.9147e+000 +2.3598e+000
622 0 +3.797617050e+000 -3.550238295e+001 -3.550238295e+001 +2.4195e+000 -1.2231e+000 +2.3619e+000
697 0 +2.356439802e+000 -3.694356020e+001 -3.694356020e+001 +2.4748e+000 -1.2132e+000 +2.3598e+000
1030 0 +1.825787975e+000 -3.747421203e+001 -3.747421203e+001 +2.5046e+000 -1.2244e+000 +2.0364e+000
1325 0 +1.606209858e+000 -3.769379014e+001 -3.769379014e+001 +2.4937e+000 -1.2132e+000 +2.3066e+000
1385 0 +1.181225042e+000 -3.811877496e+001 -3.811877496e+001 +2.5123e+000 -1.2262e+000 +2.3066e+000
1436 0 +1.093396950e+000 -3.820660305e+001 -3.820660305e+001 +1.5421e+000 -1.2231e+000 +2.3249e+000
1448 0 +8.515407209e-001 -3.844845928e+001 -3.844845928e+001 +2.5233e+000 -1.2023e+000 +2.3178e+000
1514 0 +2.803988514e-001 -3.901960115e+001 -3.901960115e+001 +2.5055e+000 -1.2209e+000 +2.3246e+000
1629 0 +1.073491579e-001 -3.919265084e+001 -3.919265084e+001 +2.5322e+000 -1.2219e+000 +2.3246e+000
1899 0 +6.957181461e-002 -3.923042819e+001 -3.923042819e+001 +2.5322e+000 -1.2290e+000 +2.3246e+000
1962 0 +3.314422009e-002 -3.926685578e+001 -3.926685578e+001 +2.5286e+000 -1.2264e+000 +2.3272e+000
2022 0 +2.889893277e-002 -3.927110107e+001 -3.927110107e+001 +2.5286e+000 -1.2281e+000 +2.3272e+000
2111 0 +2.739837822e-002 -3.927260162e+001 -3.927260162e+001 +2.5319e+000 -1.2258e+000 +2.3275e+000
2128 0 +2.360583249e-002 -3.927639417e+001 -3.927639417e+001 +2.5317e+000 -1.2357e+000 +2.3302e+000
2144 0 +1.860733171e-002 -3.928139267e+001 -3.928139267e+001 +2.5283e+000 -1.2334e+000 +2.3294e+000
2181 0 +1.008878111e-002 -3.928991122e+001 -3.928991122e+001 +2.5259e+000 -1.2292e+000 +2.3303e+000
2198 0 +8.819848204e-003 -3.929118015e+001 -3.929118015e+001 +2.5285e+000 -1.2287e+000 +2.3305e+000
2207 0 +6.940277051e-003 -3.929305972e+001 -3.929305972e+001 +2.5287e+000 -1.2280e+000 +2.3304e+000
2225 0 +3.180045775e-003 -3.929681995e+001 -3.929681995e+001 +2.5330e+000 -1.2286e+000 +2.3293e+000
2235 0 +3.138153334e-003 -3.929686185e+001 -3.929686185e+001 +2.5317e+000 -1.2294e+000 +2.3305e+000
2263 0 +2.896649289e-003 -3.929710335e+001 -3.929710335e+001 +2.5321e+000 -1.2296e+000 +2.3305e+000
2271 0 +1.952701596e-003 -3.929804730e+001 -3.929804730e+001 +2.5311e+000 -1.2292e+000 +2.3299e+000
2302 0 +1.210274957e-003 -3.929878973e+001 -3.929878973e+001 +2.5320e+000 -1.2298e+000 +2.3299e+000
2362 0 +5.699256612e-004 -3.929943007e+001 -3.929943007e+001 +2.5320e+000 -1.2298e+000 +2.3303e+000
2456 0 +4.413995933e-004 -3.929955860e+001 -3.929955860e+001 +2.5333e+000 -1.2303e+000 +2.3301e+000
2483 0 +3.724782282e-004 -3.929962752e+001 -3.929962752e+001 +2.5327e+000 -1.2301e+000 +2.3302e+000
2491 0 +2.589594748e-004 -3.929974104e+001 -3.929974104e+001 +2.5325e+000 -1.2295e+000 +2.3304e+000
2503 0 +6.547832485e-005 -3.929993452e+001 -3.929993452e+001 +2.5332e+000 -1.2298e+000 +2.3303e+000
2636 0 +4.898734731e-005 -3.929995101e+001 -3.929995101e+001 +2.5332e+000 -1.2296e+000 +2.3304e+000
2666 0 +5.633038576e-006 -3.929999437e+001 -3.929999437e+001 +2.5336e+000 -1.2296e+000 +2.3304e+000
2830 0 +8.788136299e-007 -3.929999912e+001 -3.929999912e+001 +2.5336e+000 -1.2296e+000 +2.3304e+000
2989 0 +1.612767875e-007 -3.929999984e+001 -3.929999984e+001 +2.5336e+000 -1.2296e+000 +2.3304e+000
3175 0 +9.340447349e-008 -3.929999991e+001 -3.929999991e+001 +2.5336e+000 -1.2296e+000 +2.3304e+000
3216 0 +6.125583241e-008 -3.929999994e+001 -3.929999994e+001 +2.5336e+000 -1.2296e+000 +2.3304e+000
3234 0 +9.336503126e-009 -3.929999999e+001 -3.929999999e+001 +2.5336e+000 -1.2296e+000 +2.3304e+000
% f evaluations | g evaluations | best noise-free fitness - Fopt (4.296000000000e+001) + sum g_i+ | measured fitness | best measured fitness or single-digit g-values | x1 | x2...
1 0 +9.779192065e+001 +1.407519207e+002 +1.407519207e+002 -1.2197e+000 +1.5548e+000 +2.9708e+000
21 0 +9.189599892e+001 +1.348559989e+002 +1.348559989e+002 -2.5852e+000 -4.8928e-001 +2.9685e+000
29 0 +8.883305395e+001 +1.317930539e+002 +1.317930539e+002 -1.6356e-001 -8.7997e-001 +1.0020e+000
33 0 +4.283434359e+001 +8.579434359e+001 +8.579434359e+001 -7.9843e-001 -3.4623e-001 +2.7546e+000
63 0 +2.934520118e+001 +7.230520118e+001 +7.230520118e+001 -6.2917e-001 +3.1965e-003 +2.4571e+000
119 0 +1.672434143e+001 +5.968434143e+001 +5.968434143e+001 -5.5519e-001 +1.6318e+000 +2.8288e+000
149 0 +1.587172270e+001 +5.883172270e+001 +5.883172270e+001 -4.9951e-001 +9.9421e-001 +2.4352e+000
196 0 +1.203850112e+001 +5.499850112e+001 +5.499850112e+001 +3.9926e-001 +1.1353e+000 +2.8334e+000
280 0 +6.621933781e+000 +4.958193378e+001 +4.958193378e+001 +1.7052e+000 +1.1141e+000 +2.8033e+000
645 0 +3.006387064e+000 +4.596638706e+001 +4.596638706e+001 +5.6802e-001 +1.7735e+000 +2.7580e+000
1174 0 +2.311911432e-001 +4.319119114e+001 +4.319119114e+001 +1.5002e+000 +1.7193e+000 +2.7691e+000
2058 0 +8.744465473e-002 +4.304744465e+001 +4.304744465e+001 +1.4943e+000 +1.7421e+000 +2.7695e+000
2257 0 +4.862110577e-002 +4.300862111e+001 +4.300862111e+001 +1.5075e+000 +1.7435e+000 +2.7676e+000
2328 0 +2.442585349e-002 +4.298442585e+001 +4.298442585e+001 +1.5077e+000 +1.7421e+000 +2.7695e+000
2588 0 +2.348925722e-002 +4.298348926e+001 +4.298348926e+001 +1.5118e+000 +1.7392e+000 +2.7673e+000
2620 0 +2.313314494e-002 +4.298313314e+001 +4.298313314e+001 +1.5103e+000 +1.7430e+000 +2.7704e+000
2622 0 +1.560438556e-002 +4.297560439e+001 +4.297560439e+001 +1.5103e+000 +1.7390e+000 +2.7680e+000
2685 0 +1.297899830e-002 +4.297297900e+001 +4.297297900e+001 +1.5070e+000 +1.7383e+000 +2.7688e+000
2751 0 +1.271291584e-002 +4.297271292e+001 +4.297271292e+001 +1.5113e+000 +1.7337e+000 +2.7686e+000
2770 0 +5.490510848e-003 +4.296549051e+001 +4.296549051e+001 +1.5103e+000 +1.7391e+000 +2.7704e+000
2798 0 +4.018476623e-003 +4.296401848e+001 +4.296401848e+001 +1.5114e+000 +1.7378e+000 +2.7692e+000
2808 0 +1.533483558e-003 +4.296153348e+001 +4.296153348e+001 +1.5129e+000 +1.7370e+000 +2.7695e+000
2918 0 +2.259969734e-004 +4.296022600e+001 +4.296022600e+001 +1.5129e+000 +1.7372e+000 +2.7703e+000
3123 0 +1.692537124e-004 +4.296016925e+001 +4.296016925e+001 +1.5127e+000 +1.7364e+000 +2.7702e+000
3125 0 +1.104361758e-004 +4.296011044e+001 +4.296011044e+001 +1.5128e+000 +1.7369e+000 +2.7702e+000
3153 0 +6.869258515e-005 +4.296006869e+001 +4.296006869e+001 +1.5123e+000 +1.7366e+000 +2.7704e+000
3178 0 +5.149341974e-005 +4.296005149e+001 +4.296005149e+001 +1.5125e+000 +1.7368e+000 +2.7703e+000
3192 0 +3.201433920e-005 +4.296003201e+001 +4.296003201e+001 +1.5125e+000 +1.7368e+000 +2.7703e+000
3205 0 +2.807165038e-005 +4.296002807e+001 +4.296002807e+001 +1.5124e+000 +1.7368e+000 +2.7704e+000
3252 0 +1.058309939e-005 +4.296001058e+001 +4.296001058e+001 +1.5128e+000 +1.7369e+000 +2.7704e+000
3256 0 +1.045371902e-005 +4.296001045e+001 +4.296001045e+001 +1.5127e+000 +1.7368e+000 +2.7703e+000
3268 0 +6.405717563e-006 +4.296000641e+001 +4.296000641e+001 +1.5127e+000 +1.7367e+000 +2.7704e+000
3292 0 +6.102294066e-006 +4.296000610e+001 +4.296000610e+001 +1.5127e+000 +1.7369e+000 +2.7704e+000
3298 0 +5.813754882e-006 +4.296000581e+001 +4.296000581e+001 +1.5127e+000 +1.7368e+000 +2.7704e+000
3426 0 +1.666157658e-006 +4.296000167e+001 +4.296000167e+001 +1.5128e+000 +1.7368e+000 +2.7704e+000
3453 0 +5.434236670e-007 +4.296000054e+001 +4.296000054e+001 +1.5128e+000 +1.7368e+000 +2.7704e+000
3516 0 +4.851482629e-007 +4.296000049e+001 +4.296000049e+001 +1.5128e+000 +1.7368e+000 +2.7704e+000
3537 0 +1.272552339e-007 +4.296000013e+001 +4.296000013e+001 +1.5128e+000 +1.7368e+000 +2.7704e+000
3692 0 +5.253245661e-008 +4.296000005e+001 +4.296000005e+001 +1.5128e+000 +1.7368e+000 +2.7704e+000
3717 0 +1.103950353e-008 +4.296000001e+001 +4.296000001e+001 +1.5128e+000 +1.7368e+000 +2.7704e+000
3830 0 +1.082103296e-008 +4.296000001e+001 +4.296000001e+001 +1.5128e+000 +1.7368e+000 +2.7704e+000
3844 0 +1.794923321e-009 +4.296000000e+001 +4.296000000e+001 +1.5128e+000 +1.7368e+000 +2.7704e+000
% f evaluations | g evaluations | best noise-free fitness - Fopt (2.842200000000e+002) + sum g_i+ | measured fitness | best measured fitness or single-digit g-values | x1 | x2...
1 0 +2.579257691e+002 +5.421457691e+002 +5.421457691e+002 +1.1741e+000 -3.0025e+000 -3.5291e+000
3 0 +1.107417901e+002 +3.949617901e+002 +3.949617901e+002 +2.9288e+000 -7.6073e-001 -4.5182e-001
20 0 +9.245639685e+001 +3.766763968e+002 +3.766763968e+002 -2.2318e+000 -3.0459e+000 -2.8258e-002
32 0 +5.713960701e+001 +3.413596070e+002 +3.413596070e+002 -1.6709e+000 -1.6397e+000 +4.1874e-002
47 0 +4.034766648e+001 +3.245676665e+002 +3.245676665e+002 +1.7310e+000 +5.0310e-001 +6.9846e-002
103 0 +3.274467993e+001 +3.169646799e+002 +3.169646799e+002 -1.0739e+000 +1.6512e+000 +3.9777e-001
110 0 +2.979057930e+001 +3.140105793e+002 +3.140105793e+002 +1.0354e+000 -8.5519e-001 +1.8837e-001
120 0 +2.733954930e+001 +3.115595493e+002 +3.115595493e+002 +2.0171e+000 +3.8214e-001 +2.5546e-001
147 0 +2.556727353e+001 +3.097872735e+002 +3.097872735e+002 +2.4012e+000 -6.4740e-001 +6.9942e-001
165 0 +2.230862912e+001 +3.065286291e+002 +3.065286291e+002 +2.3853e-001 -6.9054e-001 +1.1277e+000
183 0 +1.368956810e+001 +2.979095681e+002 +2.979095681e+002 +5.0470e-002 -6.9604e-001 +3.7148e-001
297 0 +2.416757276e+000 +2.866367573e+002 +2.866367573e+002 +2.1081e+000 -7.9800e-001 +1.0499e+000
1006 0 +2.249261667e+000 +2.864692617e+002 +2.864692617e+002 +2.1072e+000 -2.1633e-001 +1.0265e+000
1025 0 +1.796338608e+000 +2.860163386e+002 +2.860163386e+002 +2.0336e+000 -2.0918e-001 +7.4350e-001
1336 0 +1.392707813e+000 +2.856127078e+002 +2.856127078e+002 +2.1025e+000 -2.1633e-001 +1.0265e+000
1487 0 +6.537958457e-001 +2.848737958e+002 +2.848737958e+002 +2.1003e+000 -2.1262e-001 +1.0343e+000
1805 0 +2.116895342e-001 +2.844316895e+002 +2.844316895e+002 +2.0948e+000 -2.0527e-001 +1.0446e+000
2176 0 +1.240320199e-001 +2.843440320e+002 +2.843440320e+002 +2.0751e+000 -2.1657e-001 +1.0516e+000
2228 0 +6.326651847e-002 +2.842832665e+002 +2.842832665e+002 +2.0914e+000 -2.2032e-001 +1.0475e+000
2255 0 +3.574979328e-002 +2.842557498e+002 +2.842557498e+002 +2.0888e+000 -2.1639e-001 +1.0498e+000
2389 0 +3.369456047e-002 +2.842536946e+002 +2.842536946e+002 +2.0932e+000 -2.1177e-001 +1.0519e+000
2421 0 +2.554638816e-002 +2.842455464e+002 +2.842455464e+002 +2.0996e+000 -2.1837e-001 +1.0486e+000
2439 0 +1.461213961e-003 +2.842214612e+002 +2.842214612e+002 +2.0994e+000 -2.1680e-001 +1.0519e+000
2607 0 +1.137288731e-003 +2.842211373e+002 +2.842211373e+002 +2.0989e+000 -2.1948e-001 +1.0517e+000
2652 0 +1.081053710e-003 +2.842210811e+002 +2.842210811e+002 +2.0986e+000 -2.1825e-001 +1.0515e+000
2696 0 +4.989166214e-004 +2.842204989e+002 +2.842204989e+002 +2.0998e+000 -2.1860e-001 +1.0516e+000
2706 0 +4.282080833e-004 +2.842204282e+002 +2.842204282e+002 +2.0998e+000 -2.1871e-001 +1.0516e+000
2749 0 +8.819509776e-005 +2.842200882e+002 +2.842200882e+002 +2.0996e+000 -2.1837e-001 +1.0518e+000
2954 0 +2.602592548e-005 +2.842200260e+002 +2.842200260e+002 +2.1000e+000 -2.1839e-001 +1.0519e+000
3050 0 +1.758622562e-005 +2.842200176e+002 +2.842200176e+002 +2.1000e+000 -2.1851e-001 +1.0519e+000
3082 0 +9.920545324e-006 +2.842200099e+002 +2.842200099e+002 +2.1000e+000 -2.1839e-001 +1.0519e+000
3086 0 +9.430489399e-006 +2.842200094e+002 +2.842200094e+002 +2.1000e+000 -2.1852e-001 +1.0520e+000
3110 0 +7.489281643e-006 +2.842200075e+002 +2.842200075e+002 +2.0998e+000 -2.1841e-001 +1.0520e+000
3126 0 +1.154790766e-006 +2.842200012e+002 +2.842200012e+002 +2.1000e+000 -2.1836e-001 +1.0520e+000
3214 0 +9.561176171e-007 +2.842200010e+002 +2.842200010e+002 +2.0999e+000 -2.1841e-001 +1.0520e+000
3267 0 +7.330666563e-007 +2.842200007e+002 +2.842200007e+002 +2.1000e+000 -2.1839e-001 +1.0520e+000
3304 0 +5.266614949e-007 +2.842200005e+002 +2.842200005e+002 +2.1000e+000 -2.1840e-001 +1.0520e+000
3311 0 +2.398269885e-007 +2.842200002e+002 +2.842200002e+002 +2.1000e+000 -2.1842e-001 +1.0520e+000
3390 0 +1.629180701e-007 +2.842200002e+002 +2.842200002e+002 +2.1000e+000 -2.1839e-001 +1.0520e+000
3446 0 +1.221476964e-007 +2.842200001e+002 +2.842200001e+002 +2.1000e+000 -2.1839e-001 +1.0520e+000
3482 0 +6.019985221e-008 +2.842200001e+002 +2.842200001e+002 +2.1000e+000 -2.1840e-001 +1.0520e+000
3487 0 +3.780712632e-008 +2.842200000e+002 +2.842200000e+002 +2.1000e+000 -2.1840e-001 +1.0520e+000
3497 0 +2.044032499e-008 +2.842200000e+002 +2.842200000e+002 +2.1000e+000 -2.1840e-001 +1.0520e+000
3528 0 +1.288827889e-008 +2.842200000e+002 +2.842200000e+002 +2.1000e+000 -2.1840e-001 +1.0520e+000
3536 0 +1.124357141e-008 +2.842200000e+002 +2.842200000e+002 +2.1000e+000 -2.1840e-001 +1.0520e+000
3566 0 +9.238419807e-009 +2.842200000e+002 +2.842200000e+002 +2.1000e+000 -2.1840e-001 +1.0520e+000
% f evaluations | g evaluations | best noise-free fitness - Fopt (-3.217000000000e+001) + sum g_i+ | measured fitness | best measured fitness or single-digit g-values | x1 | x2...
1 0 +2.952121381e+002 +2.630421381e+002 +2.630421381e+002 -1.4856e-001 +4.6541e+000 -4.7249e+000
2 0 +1.490237373e+002 +1.168537373e+002 +1.168537373e+002 -1.6695e+000 -3.8234e+000 -1.0322e+000
12 0 +1.239213470e+002 +9.175134699e+001 +9.175134699e+001 +1.5780e+000 -1.7974e+000 -1.7736e+000
22 0 +8.679454394e+001 +5.462454394e+001 +5.462454394e+001 +5.3882e-001 +4.0028e+000 -2.1839e+000
25 0 +4.585155898e+001 +1.368155898e+001 +1.368155898e+001 -5.7471e-001 +3.3984e+000 +5.5076e-002
55 0 +2.455676569e+001 -7.613234308e+000 -7.613234308e+000 -5.6682e-001 +2.6667e+000 -2.4261e-001
98 0 +2.130082476e+001 -1.086917524e+001 -1.086917524e+001 +3.2416e-001 +1.7182e+000 +4.1696e-001
295 0 +1.863854216e+001 -1.353145784e+001 -1.353145784e+001 +1.4353e+000 +2.2896e+000 -1.7729e-001
391 0 +1.678771373e+001 -1.538228627e+001 -1.538228627e+001 +4.9232e-001 +1.4522e+000 +4.1836e-001
418 0 +1.341553439e+001 -1.875446561e+001 -1.875446561e+001 +1.4567e+000 +7.1859e-001 -2.2711e-001
439 0 +1.001257269e+001 -2.215742731e+001 -2.215742731e+001 -3.0936e-001 +1.8978e+000 +1.4447e-001
510 0 +9.348504533e+000 -2.282149547e+001 -2.282149547e+001 +4.8584e-001 +7.6652e-001 +4.1816e-001
538 0 +7.269043190e+000 -2.490095681e+001 -2.490095681e+001 +1.5531e+000 +1.2856e+000 +1.4049e-001
631 0 +4.050345678e+000 -2.811965432e+001 -2.811965432e+001 +1.4064e+000 +1.7877e+000 +4.9683e-001
834 0 +2.274622980e+000 -2.989537702e+001 -2.989537702e+001 +1.3923e+000 +1.3077e+000 +4.5739e-001
1769 0 +1.741149829e+000 -3.042885017e+001 -3.042885017e+001 +4.4094e-001 +1.8337e+000 +4.4603e-001
2155 0 +1.285220633e+000 -3.088477937e+001 -3.088477937e+001 +1.3822e+000 +1.8259e+000 +4.5583e-001
2365 0 +1.189952101e+000 -3.098004790e+001 -3.098004790e+001 +1.3848e+000 +1.8275e+000 +4.5533e-001
2393 0 +1.077883981e+000 -3.109211602e+001 -3.109211602e+001 +4.5101e-001 +1.8444e+000 +4.5736e-001
2523 0 +1.043347985e+000 -3.112665201e+001 -3.112665201e+001 +1.3925e+000 +1.8283e+000 +4.5623e-001
2558 0 +6.227472369e-001 -3.154725276e+001 -3.154725276e+001 +1.4044e+000 +1.8426e+000 +4.5175e-001
2712 0 +4.238248006e-001 -3.174617520e+001 -3.174617520e+001 +1.4253e+000 +1.8650e+000 +4.4903e-001
2742 0 +3.933448186e-001 -3.177665518e+001 -3.177665518e+001 +1.4224e+000 +1.8619e+000 +4.4941e-001
2799 0 +3.563302635e-001 -3.181366974e+001 -3.181366974e+001 +1.4205e+000 +1.8636e+000 +4.5099e-001
2824 0 +3.391032430e-001 -3.183089676e+001 -3.183089676e+001 +1.4387e+000 +1.8716e+000 +4.5121e-001
2858 0 +3.118662965e-001 -3.185813370e+001 -3.185813370e+001 +1.4464e+000 +1.8724e+000 +4.5212e-001
2866 0 +2.575553427e-001 -3.191244466e+001 -3.191244466e+001 +1.4217e+000 +1.8594e+000 +4.5230e-001
2881 0 +1.609839245e-001 -3.200901608e+001 -3.200901608e+001 +1.4422e+000 +1.8660e+000 +4.5475e-001
2889 0 +1.348716211e-001 -3.203512838e+001 -3.203512838e+001 +1.4282e+000 +1.8636e+000 +4.5819e-001
3009 0 +7.834171171e-002 -3.209165829e+001 -3.209165829e+001 +1.4282e+000 +1.8532e+000 +4.5841e-001
3031 0 +5.149233089e-002 -3.211850767e+001 -3.211850767e+001 +1.4422e+000 +1.8611e+000 +4.5764e-001
3116 0 +4.840790402e-002 -3.212159210e+001 -3.212159210e+001 +1.4350e+000 +1.8572e+000 +4.5774e-001
3124 0 +2.651897923e-002 -3.214348102e+001 -3.214348102e+001 +1.4387e+000 +1.8546e+000 +4.5792e-001
3220 0 +2.057877496e-002 -3.214942123e+001 -3.214942123e+001 +1.4430e+000 +1.8524e+000 +4.5796e-001
3244 0 +1.867703896e-002 -3.215132296e+001 -3.215132296e+001 +1.4456e+000 +1.8497e+000 +4.5973e-001
3258 0 +6.046930329e-003 -3.216395307e+001 -3.216395307e+001 +1.4444e+000 +1.8516e+000 +4.6044e-001
3278 0 +3.026844293e-003 -3.216697316e+001 -3.216697316e+001 +1.4464e+000 +1.8522e+000 +4.6045e-001
3345 0 +1.724420639e-003 -3.216827558e+001 -3.216827558e+001 +1.4444e+000 +1.8555e+000 +4.6055e-001
3382 0 +4.974354131e-004 -3.216950256e+001 -3.216950256e+001 +1.4449e+000 +1.8542e+000 +4.6065e-001
3465 0 +2.650608145e-004 -3.216973494e+001 -3.216973494e+001 +1.4454e+000 +1.8543e+000 +4.6063e-001
3582 0 +2.139097846e-004 -3.216978609e+001 -3.216978609e+001 +1.4460e+000 +1.8540e+000 +4.6069e-001
3585 0 +2.076042838e-004 -3.216979240e+001 -3.216979240e+001 +1.4456e+000 +1.8543e+000 +4.6061e-001
3601 0 +1.995379238e-004 -3.216980046e+001 -3.216980046e+001 +1.4455e+000 +1.8544e+000 +4.6064e-001
3606 0 +1.218479128e-004 -3.216987815e+001 -3.216987815e+001 +1.4456e+000 +1.8545e+000 +4.6073e-001
3607 0 +2.146854248e-005 -3.216997853e+001 -3.216997853e+001 +1.4461e+000 +1.8543e+000 +4.6075e-001
3647 0 +2.004995977e-005 -3.216997995e+001 -3.216997995e+001 +1.4461e+000 +1.8544e+000 +4.6078e-001
3687 0 +3.012725557e-006 -3.216999699e+001 -3.216999699e+001 +1.4463e+000 +1.8544e+000 +4.6079e-001
3779 0 +8.709683144e-007 -3.216999913e+001 -3.216999913e+001 +1.4464e+000 +1.8544e+000 +4.6078e-001
3858 0 +8.018208106e-007 -3.216999920e+001 -3.216999920e+001 +1.4463e+000 +1.8544e+000 +4.6080e-001
3956 0 +4.916861869e-007 -3.216999951e+001 -3.216999951e+001 +1.4464e+000 +1.8544e+000 +4.6080e-001
3980 0 +1.748299496e-007 -3.216999983e+001 -3.216999983e+001 +1.4464e+000 +1.8544e+000 +4.6079e-001
3987 0 +1.588912610e-007 -3.216999984e+001 -3.216999984e+001 +1.4464e+000 +1.8544e+000 +4.6079e-001
4002 0 +1.233432485e-007 -3.216999988e+001 -3.216999988e+001 +1.4464e+000 +1.8544e+000 +4.6080e-001
4016 0 +4.420323307e-008 -3.216999996e+001 -3.216999996e+001 +1.4464e+000 +1.8544e+000 +4.6080e-001
4021 0 +2.295690393e-008 -3.216999998e+001 -3.216999998e+001 +1.4464e+000 +1.8544e+000 +4.6080e-001
4179 0 +1.327217802e-008 -3.216999999e+001 -3.216999999e+001 +1.4464e+000 +1.8544e+000 +4.6080e-001
4183 0 +1.117782489e-008 -3.216999999e+001 -3.216999999e+001 +1.4464e+000 +1.8544e+000 +4.6080e-001
4203 0 +6.523087848e-009 -3.216999999e+001 -3.216999999e+001 +1.4464e+000 +1.8544e+000 +4.6080e-001
% f evaluations | g evaluations | best noise-free fitness - Fopt (-5.858000000000e+001) + sum g_i+ | measured fitness | best measured fitness or single-digit g-values | x1 | x2...
1 0 +8.381056406e+003 +8.322476406e+003 +8.322476406e+003 +4.3325e+000 +2.1759e+000 +3.7812e+000
2 0 +1.664646998e+002 +1.078846998e+002 +1.078846998e+002 -2.2640e+000 -2.6206e-001 -2.1243e+000
3 0 +1.148773544e+002 +5.629735437e+001 +5.629735437e+001 -2.3137e+000 -3.0203e+000 -1.9716e+000
4 0 +1.084357260e+002 +4.985572601e+001 +4.985572601e+001 +3.0981e+000 +2.3395e-001 -1.2103e+000
7 0 +9.501313728e+001 +3.643313728e+001 +3.643313728e+001 -1.4194e+000 -3.2453e+000 -1.6901e+000
14 0 +5.832190189e+001 -2.580981111e-001 -2.580981111e-001 +1.2050e+000 -3.6995e+000 +4.4860e-001
15 0 +4.881417570e+001 -9.765824300e+000 -9.765824300e+000 +2.4743e+000 -4.3686e+000 +4.0708e-001
42 0 +4.022768675e+001 -1.835231325e+001 -1.835231325e+001 +4.1336e-001 -2.8904e+000 +4.2778e-001
66 0 +3.519529272e+001 -2.338470728e+001 -2.338470728e+001 +1.1342e+000 -2.9060e+000 +6.8828e-001
99 0 +3.301095669e+001 -2.556904331e+001 -2.556904331e+001 +1.8095e+000 -2.4166e+000 +5.8810e-002
107 0 +2.030156740e+001 -3.827843260e+001 -3.827843260e+001 +9.9634e-001 -3.5719e+000 +6.6371e-001
134 0 +1.732665178e+001 -4.125334822e+001 -4.125334822e+001 +1.5003e+000 -2.0061e+000 +2.2276e-001
200 0 +1.409364229e+001 -4.448635771e+001 -4.448635771e+001 +5.0431e-001 -2.0190e+000 +2.7914e-001
231 0 +1.310790630e+001 -4.547209370e+001 -4.547209370e+001 +7.6009e-001 -2.4880e+000 +3.3984e-001
238 0 +1.255955504e+001 -4.602044496e+001 -4.602044496e+001 +7.6265e-001 -3.2143e+000 +6.4807e-001
271 0 +1.166594745e+001 -4.691405255e+001 -4.691405255e+001 +4.2202e-001 -2.4907e+000 +6.3455e-001
305 0 +8.472642116e+000 -5.010735788e+001 -5.010735788e+001 +1.6468e+000 -3.0315e+000 +2.9033e-001
418 0 +7.107631519e+000 -5.147236848e+001 -5.147236848e+001 +6.0467e-001 -3.1594e+000 +6.6332e-001
627 0 +3.371892370e+000 -5.520810763e+001 -5.520810763e+001 +1.6415e+000 -2.5173e+000 +6.4962e-001
927 0 +2.279294423e+000 -5.630070558e+001 -5.630070558e+001 +1.6415e+000 -2.5173e+000 +9.7428e-001
1234 0 +1.475518412e+000 -5.710448159e+001 -5.710448159e+001 +1.5992e+000 -2.5125e+000 +9.5802e-001
1381 0 +1.337288132e+000 -5.724271187e+001 -5.724271187e+001 +1.6185e+000 -2.4950e+000 +9.7035e-001
1454 0 +9.833168713e-001 -5.759668313e+001 -5.759668313e+001 +2.5661e+000 -2.4723e+000 +9.6156e-001
1651 0 +9.639597446e-001 -5.761604026e+001 -5.761604026e+001 +2.5147e+000 -2.5001e+000 +9.7035e-001
1711 0 +4.413166833e-002 -5.853586833e+001 -5.853586833e+001 +2.5870e+000 -2.5001e+000 +9.7035e-001
1861 0 +3.614393884e-002 -5.854385606e+001 -5.854385606e+001 +2.5842e+000 -2.5017e+000 +9.7035e-001
2315 0 +2.001329987e-002 -5.855998670e+001 -5.855998670e+001 +2.5849e+000 -2.5050e+000 +9.7047e-001
2495 0 +1.672111905e-002 -5.856327888e+001 -5.856327888e+001 +2.5849e+000 -2.5065e+000 +9.7047e-001
2551 0 +1.557666541e-002 -5.856442333e+001 -5.856442333e+001 +2.5865e+000 -2.5032e+000 +9.7214e-001
2566 0 +1.488772599e-002 -5.856511227e+001 -5.856511227e+001 +2.5813e+000 -2.5069e+000 +9.7228e-001
2580 0 +9.003804941e-003 -5.857099620e+001 -5.857099620e+001 +2.5840e+000 -2.5063e+000 +9.7287e-001
2648 0 +7.217593746e-003 -5.857278241e+001 -5.857278241e+001 +2.5851e+000 -2.5063e+000 +9.7233e-001
2677 0 +4.222949022e-003 -5.857577705e+001 -5.857577705e+001 +2.5879e+000 -2.5088e+000 +9.7189e-001
2734 0 +3.949837494e-003 -5.857605016e+001 -5.857605016e+001 +2.5908e+000 -2.5073e+000 +9.7230e-001
2764 0 +2.241966907e-003 -5.857775803e+001 -5.857775803e+001 +2.5877e+000 -2.5066e+000 +9.7230e-001
2777 0 +9.430173843e-004 -5.857905698e+001 -5.857905698e+001 +2.5904e+000 -2.5072e+000 +9.7210e-001
2840 0 +6.585836537e-004 -5.857934142e+001 -5.857934142e+001 +2.5890e+000 -2.5070e+000 +9.7247e-001
2911 0 +6.290079162e-004 -5.857937099e+001 -5.857937099e+001 +2.5901e+000 -2.5082e+000 +9.7258e-001
2929 0 +4.814806588e-004 -5.857951852e+001 -5.857951852e+001 +2.5889e+000 -2.5070e+000 +9.7273e-001
2946 0 +3.419108493e-004 -5.857965809e+001 -5.857965809e+001 +2.5903e+000 -2.5068e+000 +9.7246e-001
3016 0 +2.116388575e-004 -5.857978836e+001 -5.857978836e+001 +2.5895e+000 -2.5069e+000 +9.7267e-001
3057 0 +1.194322402e-004 -5.857988057e+001 -5.857988057e+001 +2.5901e+000 -2.5070e+000 +9.7261e-001
3078 0 +9.094882003e-005 -5.857990905e+001 -5.857990905e+001 +2.5898e+000 -2.5072e+000 +9.7275e-001
3093 0 +2.220047319e-005 -5.857997780e+001 -5.857997780e+001 +2.5903e+000 -2.5072e+000 +9.7271e-001
3202 0 +6.769831373e-006 -5.857999323e+001 -5.857999323e+001 +2.5904e+000 -2.5072e+000 +9.7275e-001
3276 0 +4.390065094e-006 -5.857999561e+001 -5.857999561e+001 +2.5904e+000 -2.5071e+000 +9.7278e-001
3361 0 +2.138593970e-006 -5.857999786e+001 -5.857999786e+001 +2.5903e+000 -2.5072e+000 +9.7279e-001
3371 0 +1.340061715e-006 -5.857999866e+001 -5.857999866e+001 +2.5903e+000 -2.5072e+000 +9.7279e-001
3452 0 +1.221049018e-006 -5.857999878e+001 -5.857999878e+001 +2.5904e+000 -2.5072e+000 +9.7278e-001
3456 0 +1.149816697e-006 -5.857999885e+001 -5.857999885e+001 +2.5904e+000 -2.5072e+000 +9.7277e-001
3460 0 +8.417178776e-008 -5.857999992e+001 -5.857999992e+001 +2.5904e+000 -2.5072e+000 +9.7279e-001
3562 0 +5.382894841e-008 -5.857999995e+001 -5.857999995e+001 +2.5904e+000 -2.5072e+000 +9.7280e-001
3646 0 +8.615202773e-009 -5.857999999e+001 -5.857999999e+001 +2.5904e+000 -2.5072e+000 +9.7280e-001
% f evaluations | g evaluations | best noise-free fitness - Fopt (-6.049200000000e+002) + sum g_i+ | measured fitness | best measured fitness or single-digit g-values | x1 | x2...
1 0 +1.567019202e+003 +9.620992015e+002 +9.620992015e+002 +4.4192e+000 +5.4664e-002 -4.8218e+000
2 0 +4.734444883e+002 -1.314755117e+002 -1.314755117e+002 -2.9546e+000 +4.9235e+000 -3.7595e+000
6 0 +1.242418219e+002 -4.806781781e+002 -4.806781781e+002 -1.1241e+000 +3.4290e+000 -1.0082e-001
22 0 +1.090793983e+002 -4.958406017e+002 -4.958406017e+002 -2.8117e+000 -4.8066e+000 +5.6630e-001
47 0 +8.831409165e+001 -5.166059084e+002 -5.166059084e+002 +1.4698e+000 -3.8747e+000 +1.2605e+000
49 0 +2.999373661e+001 -5.749262634e+002 -5.749262634e+002 -1.0774e+000 +2.3003e-001 +2.0728e+000
115 0 +2.936576431e+001 -5.755542357e+002 -5.755542357e+002 -2.8416e+000 +8.1610e-001 +2.0676e+000
124 0 +1.922363647e+001 -5.856963635e+002 -5.856963635e+002 -2.1168e+000 +8.6357e-002 +1.7891e+000
234 0 +1.581482279e+001 -5.891051772e+002 -5.891051772e+002 -3.2169e-002 -1.7095e+000 +1.4619e+000
245 0 +1.464297727e+001 -5.902770227e+002 -5.902770227e+002 -9.1910e-001 +4.8495e-002 +1.4323e+000
333 0 +1.396645627e+001 -5.909535437e+002 -5.909535437e+002 -9.1133e-001 -3.9681e-001 +1.7434e+000
408 0 +1.376079281e+001 -5.911592072e+002 -5.911592072e+002 -1.0025e+000 -1.0945e+000 +1.4320e+000
473 0 +1.144716746e+001 -5.934728325e+002 -5.934728325e+002 +1.7684e-001 -9.7784e-001 +1.7693e+000
483 0 +8.755769649e+000 -5.961642304e+002 -5.961642304e+002 -9.1133e-001 -4.7359e-001 +1.7324e+000
563 0 +6.574029064e+000 -5.983459709e+002 -5.983459709e+002 -5.6634e-002 -9.9562e-001 +1.3878e+000
579 0 +6.288770633e+000 -5.986312294e+002 -5.986312294e+002 -2.2790e-002 -1.0012e+000 +1.4131e+000
936 0 +6.093130123e+000 -5.988268699e+002 -5.988268699e+002 +9.4976e-001 +3.3570e-002 +1.7557e+000
1022 0 +2.244914873e+000 -6.026750851e+002 -6.026750851e+002 -1.9695e-002 -1.0051e+000 +1.7628e+000
1598 0 +2.031223888e+000 -6.028887761e+002 -6.028887761e+002 +9.6126e-001 -1.5630e+000 +2.0675e+000
1778 0 +1.415621427e+000 -6.035043786e+002 -6.035043786e+002 +9.8558e-001 -1.5779e+000 +2.0676e+000
2390 0 +1.234609125e+000 -6.036853909e+002 -6.036853909e+002 +9.7453e-001 -1.5999e+000 +2.0664e+000
2661 0 +1.580395446e-001 -6.047619605e+002 -6.047619605e+002 +9.8931e-001 -1.0156e+000 +2.0644e+000
3439 0 +1.542842667e-001 -6.047657157e+002 -6.047657157e+002 +9.7770e-001 -1.0230e+000 +2.0696e+000
3473 0 +1.392896811e-001 -6.047807103e+002 -6.047807103e+002 +9.9495e-001 -1.0252e+000 +2.0669e+000
3499 0 +8.606968401e-002 -6.048339303e+002 -6.048339303e+002 +9.8333e-001 -1.0230e+000 +2.0718e+000
3554 0 +8.020602982e-002 -6.048397940e+002 -6.048397940e+002 +9.9644e-001 -1.0220e+000 +2.0688e+000
3569 0 +6.024204890e-002 -6.048597580e+002 -6.048597580e+002 +9.8214e-001 -1.0142e+000 +2.0720e+000
3577 0 +1.251760333e-002 -6.049074824e+002 -6.049074824e+002 +9.9038e-001 -1.0168e+000 +2.0735e+000
3597 0 +1.069961932e-002 -6.049093004e+002 -6.049093004e+002 +9.9322e-001 -1.0146e+000 +2.0721e+000
3679 0 +4.175813445e-003 -6.049158242e+002 -6.049158242e+002 +9.9543e-001 -1.0145e+000 +2.0737e+000
3766 0 +2.945617509e-003 -6.049170544e+002 -6.049170544e+002 +9.9639e-001 -1.0160e+000 +2.0726e+000
3822 0 +3.926936381e-004 -6.049196073e+002 -6.049196073e+002 +9.9701e-001 -1.0151e+000 +2.0736e+000
3939 0 +3.792306160e-004 -6.049196208e+002 -6.049196208e+002 +9.9749e-001 -1.0146e+000 +2.0735e+000
3988 0 +1.329693492e-004 -6.049198670e+002 -6.049198670e+002 +9.9766e-001 -1.0153e+000 +2.0735e+000
4006 0 +7.970981926e-005 -6.049199203e+002 -6.049199203e+002 +9.9839e-001 -1.0150e+000 +2.0734e+000
4134 0 +7.753020145e-005 -6.049199225e+002 -6.049199225e+002 +9.9787e-001 -1.0151e+000 +2.0735e+000
4159 0 +2.958722257e-005 -6.049199704e+002 -6.049199704e+002 +9.9819e-001 -1.0152e+000 +2.0735e+000
4165 0 +2.038390278e-005 -6.049199796e+002 -6.049199796e+002 +9.9832e-001 -1.0152e+000 +2.0735e+000
4195 0 +7.225068998e-006 -6.049199928e+002 -6.049199928e+002 +9.9842e-001 -1.0152e+000 +2.0736e+000
4291 0 +3.172601737e-006 -6.049199968e+002 -6.049199968e+002 +9.9835e-001 -1.0151e+000 +2.0736e+000
4339 0 +2.255489221e-006 -6.049199977e+002 -6.049199977e+002 +9.9831e-001 -1.0152e+000 +2.0736e+000
4392 0 +7.736715588e-007 -6.049199992e+002 -6.049199992e+002 +9.9836e-001 -1.0152e+000 +2.0736e+000
4483 0 +7.423104762e-007 -6.049199993e+002 -6.049199993e+002 +9.9840e-001 -1.0152e+000 +2.0736e+000
4489 0 +8.894051007e-008 -6.049199999e+002 -6.049199999e+002 +9.9838e-001 -1.0152e+000 +2.0736e+000
4675 0 +7.042785910e-009 -6.049200000e+002 -6.049200000e+002 +9.9840e-001 -1.0152e+000 +2.0736e+000
% f evaluations | g evaluations | best noise-free fitness - Fopt (1.337000000000e+002) + sum g_i+ | measured fitness | best measured fitness or single-digit g-values | x1 | x2...
1 0 +1.595807958e+002 +2.932807958e+002 +2.932807958e+002 +3.2885e+000 +1.3497e+000 -2.1500e+000
2 0 +8.530116439e+001 +2.190011644e+002 +2.190011644e+002 -2.6482e+000 -9.3352e-001 -1.0163e+000
11 0 +6.733588042e+001 +2.010358804e+002 +2.010358804e+002 -1.9593e+000 +3.6919e+000 -3.0431e-001
17 0 +6.366153272e+001 +1.973615327e+002 +1.973615327e+002 +2.9704e+000 +3.4509e+000 +9.3782e-002
20 0 +4.733567065e+001 +1.810356706e+002 +1.810356706e+002 -3.8970e-001 -1.1717e+000 +4.0202e-001
77 0 +3.571714058e+001 +1.694171406e+002 +1.694171406e+002 +2.5688e+000 +2.8648e+000 -3.8214e-001
111 0 +3.372182040e+001 +1.674218204e+002 +1.674218204e+002 +1.5603e+000 +3.7303e+000 -3.3818e-001
120 0 +2.855194528e+001 +1.622519453e+002 +1.622519453e+002 +2.5032e-001 +1.3127e+000 +3.6610e-001
134 0 +2.802829372e+001 +1.617282937e+002 +1.617282937e+002 +2.7602e+000 +1.5167e+000 -7.9997e-001
148 0 +2.553778128e+001 +1.592377813e+002 +1.592377813e+002 +6.7207e-001 +5.7382e-001 +3.1960e-001
173 0 +1.600093135e+001 +1.497009314e+002 +1.497009314e+002 +2.6895e+000 +2.0180e+000 +3.9458e-002
226 0 +1.055596188e+001 +1.442559619e+002 +1.442559619e+002 +1.3895e+000 +2.0325e+000 +4.8627e-002
438 0 +7.007587319e+000 +1.407075873e+002 +1.407075873e+002 +1.4468e+000 +1.4713e+000 -2.9895e-001
619 0 +5.330449908e+000 +1.390304499e+002 +1.390304499e+002 +2.4865e+000 +1.4867e+000 +8.7585e-002
912 0 +2.544761687e+000 +1.362447617e+002 +1.362447617e+002 +2.3786e+000 +9.9217e-001 +3.6834e-001
1305 0 +1.529823054e+000 +1.352298231e+002 +1.352298231e+002 +2.4163e+000 +9.4279e-001 +3.5793e-001
1984 0 +1.282537838e+000 +1.349825378e+002 +1.349825378e+002 +2.4778e+000 +9.4793e-001 +6.1435e-002
2156 0 +3.676535238e-001 +1.340676535e+002 +1.340676535e+002 +2.4615e+000 +9.4597e-001 +3.6619e-001
2550 0 +1.850456128e-001 +1.338850456e+002 +1.338850456e+002 +2.4567e+000 +9.4457e-001 +3.7304e-001
2551 0 +1.287468018e-001 +1.338287468e+002 +1.338287468e+002 +2.4772e+000 +9.6034e-001 +3.7543e-001
2745 0 +5.946863534e-002 +1.337594686e+002 +1.337594686e+002 +2.4582e+000 +9.5419e-001 +3.7811e-001
2860 0 +4.286206603e-002 +1.337428621e+002 +1.337428621e+002 +2.4706e+000 +9.6199e-001 +3.7778e-001
2913 0 +1.392087800e-002 +1.337139209e+002 +1.337139209e+002 +2.4672e+000 +9.5278e-001 +3.7749e-001
3061 0 +1.212258485e-002 +1.337121226e+002 +1.337121226e+002 +2.4711e+000 +9.5252e-001 +3.7661e-001
3119 0 +1.189803546e-002 +1.337118980e+002 +1.337118980e+002 +2.4722e+000 +9.5495e-001 +3.7607e-001
3138 0 +4.067975156e-003 +1.337040680e+002 +1.337040680e+002 +2.4724e+000 +9.5631e-001 +3.7822e-001
3141 0 +3.596921249e-003 +1.337035969e+002 +1.337035969e+002 +2.4744e+000 +9.5591e-001 +3.7730e-001
3171 0 +1.558040125e-003 +1.337015580e+002 +1.337015580e+002 +2.4728e+000 +9.5460e-001 +3.7795e-001
3205 0 +6.847345403e-004 +1.337006847e+002 +1.337006847e+002 +2.4742e+000 +9.5378e-001 +3.7806e-001
3294 0 +6.165653341e-004 +1.337006166e+002 +1.337006166e+002 +2.4748e+000 +9.5467e-001 +3.7845e-001
3324 0 +1.183184882e-004 +1.337001183e+002 +1.337001183e+002 +2.4748e+000 +9.5467e-001 +3.7824e-001
3389 0 +4.399074299e-005 +1.337000440e+002 +1.337000440e+002 +2.4749e+000 +9.5417e-001 +3.7840e-001
3529 0 +3.417122173e-005 +1.337000342e+002 +1.337000342e+002 +2.4751e+000 +9.5445e-001 +3.7828e-001
3544 0 +3.284212454e-006 +1.337000033e+002 +1.337000033e+002 +2.4751e+000 +9.5444e-001 +3.7837e-001
3633 0 +1.151177145e-006 +1.337000012e+002 +1.337000012e+002 +2.4752e+000 +9.5440e-001 +3.7837e-001
3695 0 +3.931002936e-007 +1.337000004e+002 +1.337000004e+002 +2.4752e+000 +9.5441e-001 +3.7839e-001
3779 0 +2.946447069e-007 +1.337000003e+002 +1.337000003e+002 +2.4752e+000 +9.5439e-001 +3.7839e-001
3788 0 +1.943842278e-007 +1.337000002e+002 +1.337000002e+002 +2.4752e+000 +9.5439e-001 +3.7840e-001
3900 0 +1.005450940e-007 +1.337000001e+002 +1.337000001e+002 +2.4752e+000 +9.5441e-001 +3.7840e-001
3909 0 +7.093768772e-008 +1.337000001e+002 +1.337000001e+002 +2.4752e+000 +9.5439e-001 +3.7840e-001
3948 0 +6.925401408e-008 +1.337000001e+002 +1.337000001e+002 +2.4752e+000 +9.5439e-001 +3.7840e-001
3998 0 +2.930934784e-008 +1.337000000e+002 +1.337000000e+002 +2.4752e+000 +9.5440e-001 +3.7840e-001
4015 0 +2.013828748e-008 +1.337000000e+002 +1.337000000e+002 +2.4752e+000 +9.5440e-001 +3.7840e-001
4019 0 +6.584997436e-009 +1.337000000e+002 +1.337000000e+002 +2.4752e+000 +9.5440e-001 +3.7840e-001
% f evaluations | g evaluations | best noise-free fitness - Fopt (-2.098000000000e+001) + sum g_i+ | measured fitness | best measured fitness or single-digit g-values | x1 | x2...
1 0 +1.082584575e+003 +1.061604575e+003 +1.061604575e+003 +4.5004e+000 +1.1526e+000 +8.4225e-001
3 0 +8.328678470e+002 +8.118878470e+002 +8.118878470e+002 +4.8511e+000 +3.6684e+000 -1.4911e-001
6 0 +9.153491477e+001 +7.055491477e+001 +7.055491477e+001 -4.5189e+000 +2.5806e+000 -1.5269e+000
11 0 +7.036475192e+001 +4.938475192e+001 +4.938475192e+001 -3.5494e-001 +4.5474e+000 -2.4053e-001
29 0 +6.482231056e+001 +4.384231056e+001 +4.384231056e+001 -3.3722e+000 -3.9431e-001 -4.9515e-001
36 0 +4.550744257e+001 +2.452744257e+001 +2.452744257e+001 -1.9414e+000 +4.0582e+000 -3.2307e-001
41 0 +4.030642891e+001 +1.932642891e+001 +1.932642891e+001 +2.4173e-001 +2.1808e+000 -6.5445e-001
59 0 +3.973190245e+001 +1.875190245e+001 +1.875190245e+001 -1.4400e+000 +1.4361e+000 +2.2529e-001
72 0 +3.280908034e+001 +1.182908034e+001 +1.182908034e+001 -6.1086e-002 +1.2320e+000 -2.2009e-001
119 0 +1.137106127e+001 -9.608938732e+000 -9.608938732e+000 +2.4977e-001 +1.3877e+000 +2.2529e-001
300 0 +1.093142505e+001 -1.004857495e+001 -1.004857495e+001 +9.9394e-001 +1.9499e+000 +9.7871e-003
412 0 +6.145743632e+000 -1.483425637e+001 -1.483425637e+001 +1.0973e+000 +1.4091e+000 -6.2374e-002
473 0 +3.393058278e+000 -1.758694172e+001 -1.758694172e+001 +1.0765e+000 +1.3929e+000 +2.6365e-001
780 0 +2.436831554e+000 -1.854316845e+001 -1.854316845e+001 +1.0410e+000 +1.3522e+000 +2.6364e-001
1314 0 +2.393139303e+000 -1.858686070e+001 -1.858686070e+001 +1.0714e+000 +1.3559e+000 +2.5798e-001
1398 0 +2.338353077e+000 -1.864164692e+001 -1.864164692e+001 +1.0512e+000 +1.3216e+000 +2.5187e-001
1484 0 +2.020647511e+000 -1.895935249e+001 -1.895935249e+001 +1.0580e+000 +1.3274e+000 +2.6135e-001
1823 0 +1.993932543e+000 -1.898606746e+001 -1.898606746e+001 +1.0633e+000 +1.3224e+000 +2.6262e-001
4788 0 +6.494458897e-001 -2.033055411e+001 -2.033055411e+001 +2.0426e+000 +1.9471e+000 +2.5904e-001
5625 0 +1.626972987e-001 -2.081730270e+001 -2.081730270e+001 +2.0426e+000 +1.9139e+000 +2.5731e-001
5797 0 +1.618125554e-001 -2.081818744e+001 -2.081818744e+001 +2.0426e+000 +1.9141e+000 +2.5731e-001
6006 0 +9.593704098e-002 -2.088406296e+001 -2.088406296e+001 +2.0569e+000 +1.9171e+000 +2.5674e-001
6083 0 +2.280916809e-002 -2.095719083e+001 -2.095719083e+001 +2.0570e+000 +1.9150e+000 +2.6199e-001
6157 0 +1.003550844e-003 -2.097899645e+001 -2.097899645e+001 +2.0582e+000 +1.9194e+000 +2.6360e-001
6554 0 +7.041106086e-004 -2.097929589e+001 -2.097929589e+001 +2.0594e+000 +1.9199e+000 +2.6362e-001
6614 0 +1.695001794e-004 -2.097983050e+001 -2.097983050e+001 +2.0597e+000 +1.9189e+000 +2.6402e-001
6776 0 +1.760128470e-006 -2.097999824e+001 -2.097999824e+001 +2.0600e+000 +1.9192e+000 +2.6397e-001
7034 0 +1.211989193e-006 -2.097999879e+001 -2.097999879e+001 +2.0600e+000 +1.9192e+000 +2.6398e-001
7067 0 +8.306624579e-007 -2.097999917e+001 -2.097999917e+001 +2.0600e+000 +1.9192e+000 +2.6400e-001
7103 0 +8.103935301e-008 -2.097999992e+001 -2.097999992e+001 +2.0600e+000 +1.9192e+000 +2.6400e-001
7351 0 +1.121865978e-008 -2.097999999e+001 -2.097999999e+001 +2.0600e+000 +1.9192e+000 +2.6400e-001
7494 0 +7.381526501e-009 -2.097999999e+001 -2.097999999e+001 +2.0600e+000 +1.9192e+000 +2.6400e-001
% f evaluations | g evaluations | best noise-free fitness - Fopt (1.353300000000e+002) + sum g_i+ | measured fitness | best measured fitness or single-digit g-values | x1 | x2...
1 0 +1.440157751e+003 +1.575487751e+003 +1.575487751e+003 +4.2122e+000 +1.4071e+000 -2.2904e+000
2 0 +2.764364546e+002 +4.117664546e+002 +4.117664546e+002 -2.6426e+000 +2.0295e+000 -3.6607e+000
3 0 +1.103087866e+002 +2.456387866e+002 +2.456387866e+002 -1.0448e+000 -2.7262e+000 -1.0619e+000
4 0 +8.781481931e+001 +2.231448193e+002 +2.231448193e+002 -1.1333e+000 +1.3258e+000 -1.2201e+000
14 0 +8.031540884e+001 +2.156454088e+002 +2.156454088e+002 -3.7208e+000 -1.6055e+000 -3.5899e-001
18 0 +5.308400702e+001 +1.884140070e+002 +1.884140070e+002 -1.0477e+000 -1.3501e+000 +1.0189e+000
33 0 +5.155336627e+001 +1.868833663e+002 +1.868833663e+002 -1.0448e+000 -2.3219e+000 -3.7764e-002
82 0 +3.961846866e+001 +1.749484687e+002 +1.749484687e+002 -1.5631e+000 -7.7826e-001 +1.9372e-001
91 0 +9.243057767e+000 +1.445730578e+002 +1.445730578e+002 +6.5487e-001 -6.0215e-001 +9.4568e-001
487 0 +7.534490302e+000 +1.428644903e+002 +1.428644903e+002 +6.4253e-001 -5.2291e-002 +9.3866e-001
544 0 +4.647578979e+000 +1.399775790e+002 +1.399775790e+002 -4.1615e-001 -5.2632e-001 +6.5193e-001
716 0 +3.490345807e+000 +1.388203458e+002 +1.388203458e+002 -4.3235e-001 +6.2698e-002 +6.8156e-001
1016 0 +3.407874246e+000 +1.387378742e+002 +1.387378742e+002 -4.4016e-001 +6.2698e-002 +6.8172e-001
1025 0 +3.318441689e+000 +1.386484417e+002 +1.386484417e+002 -3.8863e-001 +6.0244e-002 +9.7771e-001
1125 0 +3.080730266e+000 +1.384107303e+002 +1.384107303e+002 -4.4198e-001 -5.8428e-001 +6.6914e-001
1201 0 +1.543080523e+000 +1.368730805e+002 +1.368730805e+002 +5.2713e-001 -5.9902e-001 +9.6522e-001
1238 0 +5.208902321e-001 +1.358508902e+002 +1.358508902e+002 +5.2262e-001 +2.0837e-003 +9.6801e-001
1598 0 +4.211206042e-001 +1.357511206e+002 +1.357511206e+002 +5.1495e-001 +3.6786e-002 +9.6801e-001
1800 0 +2.856969572e-001 +1.356156970e+002 +1.356156970e+002 +5.1495e-001 +3.2780e-002 +9.7730e-001
1999 0 +1.272252886e-002 +1.353427225e+002 +1.353427225e+002 +5.3800e-001 +2.5983e-002 +9.7588e-001
2766 0 +1.238584236e-002 +1.353423858e+002 +1.353423858e+002 +5.3773e-001 +2.3039e-002 +9.7555e-001
2927 0 +1.190716706e-002 +1.353419072e+002 +1.353419072e+002 +5.3867e-001 +2.1860e-002 +9.7577e-001
2969 0 +3.403174734e-003 +1.353334032e+002 +1.353334032e+002 +5.4196e-001 +2.5184e-002 +9.7614e-001
3022 0 +3.299636984e-004 +1.353303300e+002 +1.353303300e+002 +5.4447e-001 +2.3309e-002 +9.7671e-001
3156 0 +1.666977005e-004 +1.353301667e+002 +1.353301667e+002 +5.4387e-001 +2.4083e-002 +9.7675e-001
3309 0 +1.232128303e-004 +1.353301232e+002 +1.353301232e+002 +5.4401e-001 +2.4132e-002 +9.7678e-001
3322 0 +2.964379473e-005 +1.353300296e+002 +1.353300296e+002 +5.4447e-001 +2.4105e-002 +9.7678e-001
3399 0 +1.791865918e-005 +1.353300179e+002 +1.353300179e+002 +5.4458e-001 +2.4132e-002 +9.7678e-001
3487 0 +1.516054931e-005 +1.353300152e+002 +1.353300152e+002 +5.4472e-001 +2.3853e-002 +9.7679e-001
3489 0 +9.123496483e-006 +1.353300091e+002 +1.353300091e+002 +5.4469e-001 +2.4022e-002 +9.7675e-001
3540 0 +7.645295710e-006 +1.353300076e+002 +1.353300076e+002 +5.4464e-001 +2.3940e-002 +9.7680e-001
3552 0 +6.973257200e-006 +1.353300070e+002 +1.353300070e+002 +5.4481e-001 +2.4063e-002 +9.7680e-001
3564 0 +4.534057979e-006 +1.353300045e+002 +1.353300045e+002 +5.4476e-001 +2.3997e-002 +9.7680e-001
3597 0 +1.378392938e-006 +1.353300014e+002 +1.353300014e+002 +5.4475e-001 +2.3991e-002 +9.7678e-001
3630 0 +1.057556005e-006 +1.353300011e+002 +1.353300011e+002 +5.4476e-001 +2.4008e-002 +9.7678e-001
3652 0 +9.321897494e-007 +1.353300009e+002 +1.353300009e+002 +5.4477e-001 +2.4003e-002 +9.7678e-001
3693 0 +6.224074127e-007 +1.353300006e+002 +1.353300006e+002 +5.4480e-001 +2.3967e-002 +9.7680e-001
3723 0 +3.063524900e-007 +1.353300003e+002 +1.353300003e+002 +5.4479e-001 +2.3997e-002 +9.7679e-001
3769 0 +1.309634285e-007 +1.353300001e+002 +1.353300001e+002 +5.4478e-001 +2.4005e-002 +9.7680e-001
3805 0 +7.430736559e-008 +1.353300001e+002 +1.353300001e+002 +5.4478e-001 +2.4000e-002 +9.7680e-001
3861 0 +1.961186058e-008 +1.353300000e+002 +1.353300000e+002 +5.4479e-001 +2.3999e-002 +9.7680e-001
3887 0 +6.498709126e-009 +1.353300000e+002 +1.353300000e+002 +5.4480e-001 +2.3999e-002 +9.7680e-001
% f evaluations | g evaluations | best noise-free fitness - Fopt (4.066000000000e+001) + sum g_i+ | measured fitness | best measured fitness or single-digit g-values | x1 | x2...
1 0 +4.385790328e+002 +4.792390328e+002 +4.792390328e+002 +3.5338e+000 +4.2910e+000 -2.2830e+000
3 0 +1.522683780e+002 +1.929283780e+002 +1.929283780e+002 -1.0073e+000 -2.8713e+000 +1.3548e+000
4 0 +1.098323227e+002 +1.504923227e+002 +1.504923227e+002 -3.0531e+000 +3.2249e+000 +2.1337e+000
33 0 +6.308834445e+001 +1.037483445e+002 +1.037483445e+002 -5.8363e-001 +1.0987e+000 +2.9029e+000
67 0 +5.554397899e+001 +9.620397899e+001 +9.620397899e+001 -3.2216e+000 -1.0025e+000 +3.6413e+000
68 0 +3.357141492e+001 +7.423141492e+001 +7.423141492e+001 -1.0544e+000 +1.6944e+000 +3.5806e+000
156 0 +2.229973380e+001 +6.295973380e+001 +6.295973380e+001 +2.1230e+000 +1.0190e+000 +3.8997e+000
181 0 +2.168827229e+001 +6.234827229e+001 +6.234827229e+001 +2.0882e+000 +1.2884e+000 +2.9086e+000
241 0 +9.160096985e+000 +4.982009699e+001 +4.982009699e+001 +1.9626e+000 +1.2514e+000 +3.2136e+000
250 0 +6.467282690e+000 +4.712728269e+001 +4.712728269e+001 +2.1619e+000 +1.2169e+000 +3.6153e+000
369 0 +5.635648227e+000 +4.629564823e+001 +4.629564823e+001 +2.0073e+000 +1.7643e+000 +3.6364e+000
371 0 +5.455260602e+000 +4.611526060e+001 +4.611526060e+001 +1.0581e+000 +6.6921e-001 +3.9127e+000
786 0 +2.579359983e+000 +4.323935998e+001 +4.323935998e+001 +1.9955e+000 +1.2559e+000 +3.9247e+000
827 0 +1.585531836e+000 +4.224553184e+001 +4.224553184e+001 +2.0337e+000 +1.2321e+000 +3.9125e+000
1805 0 +1.293356697e+000 +4.195335670e+001 +4.195335670e+001 +2.0398e+000 +1.2594e+000 +3.9161e+000
1881 0 +7.261753811e-001 +4.138617538e+001 +4.138617538e+001 +2.9889e+000 +1.2412e+000 +3.9214e+000
1914 0 +9.997744890e-002 +4.075997745e+001 +4.075997745e+001 +3.0328e+000 +1.2413e+000 +3.9225e+000
2137 0 +7.922246345e-002 +4.073922246e+001 +4.073922246e+001 +3.0535e+000 +1.2552e+000 +3.9234e+000
2351 0 +7.303386901e-002 +4.073303387e+001 +4.073303387e+001 +3.0428e+000 +1.2521e+000 +3.9198e+000
2377 0 +5.697718170e-002 +4.071697718e+001 +4.071697718e+001 +3.0439e+000 +1.2450e+000 +3.9198e+000
2398 0 +5.446157263e-002 +4.071446157e+001 +4.071446157e+001 +3.0463e+000 +1.2413e+000 +3.9206e+000
2417 0 +4.299234942e-002 +4.070299235e+001 +4.070299235e+001 +3.0463e+000 +1.2413e+000 +3.9213e+000
2627 0 +2.686494832e-002 +4.068686495e+001 +4.068686495e+001 +3.0453e+000 +1.2430e+000 +3.9223e+000
2657 0 +1.824358807e-002 +4.067824359e+001 +4.067824359e+001 +3.0455e+000 +1.2470e+000 +3.9216e+000
2729 0 +9.055647068e-003 +4.066905565e+001 +4.066905565e+001 +3.0454e+000 +1.2476e+000 +3.9233e+000
2778 0 +4.051040271e-003 +4.066405104e+001 +4.066405104e+001 +3.0484e+000 +1.2479e+000 +3.9234e+000
2798 0 +3.209318166e-003 +4.066320932e+001 +4.066320932e+001 +3.0497e+000 +1.2482e+000 +3.9231e+000
2833 0 +1.550625574e-003 +4.066155063e+001 +4.066155063e+001 +3.0510e+000 +1.2488e+000 +3.9238e+000
2878 0 +1.456160504e-003 +4.066145616e+001 +4.066145616e+001 +3.0515e+000 +1.2466e+000 +3.9232e+000
2924 0 +7.082347514e-004 +4.066070823e+001 +4.066070823e+001 +3.0503e+000 +1.2474e+000 +3.9240e+000
2925 0 +5.646755067e-004 +4.066056468e+001 +4.066056468e+001 +3.0516e+000 +1.2462e+000 +3.9240e+000
3015 0 +1.587381179e-004 +4.066015874e+001 +4.066015874e+001 +3.0513e+000 +1.2473e+000 +3.9238e+000
3045 0 +7.502252697e-005 +4.066007502e+001 +4.066007502e+001 +3.0515e+000 +1.2473e+000 +3.9240e+000
3092 0 +5.063298824e-005 +4.066005063e+001 +4.066005063e+001 +3.0520e+000 +1.2472e+000 +3.9239e+000
3095 0 +4.653619111e-005 +4.066004654e+001 +4.066004654e+001 +3.0518e+000 +1.2469e+000 +3.9240e+000
3107 0 +3.858224112e-005 +4.066003858e+001 +4.066003858e+001 +3.0517e+000 +1.2471e+000 +3.9240e+000
3176 0 +1.780390873e-005 +4.066001780e+001 +4.066001780e+001 +3.0518e+000 +1.2472e+000 +3.9239e+000
3254 0 +1.453620033e-005 +4.066001454e+001 +4.066001454e+001 +3.0520e+000 +1.2471e+000 +3.9240e+000
3269 0 +7.018068757e-007 +4.066000070e+001 +4.066000070e+001 +3.0520e+000 +1.2472e+000 +3.9240e+000
3393 0 +6.828707626e-007 +4.066000068e+001 +4.066000068e+001 +3.0520e+000 +1.2472e+000 +3.9240e+000
3411 0 +2.870529627e-007 +4.066000029e+001 +4.066000029e+001 +3.0520e+000 +1.2472e+000 +3.9240e+000
3575 0 +2.150735412e-008 +4.066000002e+001 +4.066000002e+001 +3.0520e+000 +1.2472e+000 +3.9240e+000
3725 0 +1.337639333e-008 +4.066000001e+001 +4.066000001e+001 +3.0520e+000 +1.2472e+000 +3.9240e+000
3795 0 +7.020247494e-009 +4.066000001e+001 +4.066000001e+001 +3.0520e+000 +1.2472e+000 +3.9240e+000
