% f evaluations | g evaluations | best noise-free fitness - Fopt (2.997000000000e+001) + sum g_i+ | measured fitness | best measured fitness or single-digit g-values | x1 | x2...
1 0 +9.418781934e+002 +9.718481934e+002 +9.718481934e+002 +6.9511e-001 +4.3463e+000 -1.2991e+000
2 0 +5.844820430e+001 +8.841820430e+001 +8.841820430e+001 +2.2711e+000 -3.7859e+000 -1.7182e+000
46 0 +5.085247586e+001 +8.082247586e+001 +8.082247586e+001 +1.1432e+000 -2.5146e+000 -3.3431e+000
136 0 +3.875978671e+001 +6.872978671e+001 +6.872978671e+001 +1.5138e+000 -2.7337e+000 -3.0215e+000
140 0 +4.306129680e+000 +3.427612968e+001 +3.427612968e+001 +7.6852e-001 -1.5190e+000 -3.7898e+000
287 0 +3.099633651e+000 +3.306963365e+001 +3.306963365e+001 +9.8296e-001 -1.8338e+000 -3.5360e+000
371 0 +1.968175696e+000 +3.193817570e+001 +3.193817570e+001 +7.4358e-001 -1.5022e+000 -3.8254e+000
402 0 +6.737493674e-001 +3.064374937e+001 +3.064374937e+001 +9.1919e-001 -1.7735e+000 -3.6047e+000
567 0 +4.518819419e-001 +3.042188194e+001 +3.042188194e+001 +9.5228e-001 -1.8225e+000 -3.5582e+000
587 0 +1.286741523e-001 +3.009867415e+001 +3.009867415e+001 +8.7323e-001 -1.7035e+000 -3.6622e+000
665 0 +5.878708285e-002 +3.002878708e+001 +3.002878708e+001 +8.6865e-001 -1.6961e+000 -3.6680e+000
714 0 +5.190473142e-002 +3.002190473e+001 +3.002190473e+001 +8.7654e-001 -1.7074e+000 -3.6582e+000
724 0 +4.742328997e-002 +3.001742329e+001 +3.001742329e+001 +8.6696e-001 -1.6925e+000 -3.6709e+000
761 0 +1.223995743e-002 +2.998223996e+001 +2.998223996e+001 +8.7421e-001 -1.7037e+000 -3.6611e+000
862 0 +8.987321692e-003 +2.997898732e+001 +2.997898732e+001 +8.7827e-001 -1.7097e+000 -3.6557e+000
919 0 +3.423564292e-003 +2.997342356e+001 +2.997342356e+001 +8.7661e-001 -1.7073e+000 -3.6579e+000
1063 0 +5.945589668e-004 +2.997059456e+001 +2.997059456e+001 +8.7453e-001 -1.7042e+000 -3.6606e+000
1179 0 +3.062140255e-004 +2.997030621e+001 +2.997030621e+001 +8.7213e-001 -1.7006e+000 -3.6638e+000
1233 0 +1.323907209e-004 +2.997013239e+001 +2.997013239e+001 +8.7379e-001 -1.7031e+000 -3.6616e+000
1264 0 +8.292769959e-005 +2.997008293e+001 +2.997008293e+001 +8.7339e-001 -1.7025e+000 -3.6621e+000
1294 0 +5.550721647e-005 +2.997005551e+001 +2.997005551e+001 +8.7386e-001 -1.7032e+000 -3.6615e+000
1374 0 +2.892132746e-005 +2.997002892e+001 +2.997002892e+001 +8.7377e-001 -1.7031e+000 -3.6616e+000
1447 0 +2.764060851e-005 +2.997002764e+001 +2.997002764e+001 +8.7430e-001 -1.7038e+000 -3.6609e+000
1454 0 +1.682480745e-005 +2.997001682e+001 +2.997001682e+001 +8.7391e-001 -1.7033e+000 -3.6614e+000
1580 0 +1.315322653e-006 +2.997000132e+001 +2.997000132e+001 +8.7436e-001 -1.7039e+000 -3.6609e+000
1855 0 +8.264818305e-007 +2.997000083e+001 +2.997000083e+001 +8.7444e-001 -1.7041e+000 -3.6608e+000
1934 0 +6.652526601e-007 +2.997000067e+001 +2.997000067e+001 +8.7447e-001 -1.7041e+000 -3.6607e+000
2010 0 +5.986472402e-007 +2.997000060e+001 +2.997000060e+001 +8.7455e-001 -1.7042e+000 -3.6606e+000
2078 0 +5.551816571e-007 +2.997000056e+001 +2.997000056e+001 +8.7454e-001 -1.7042e+000 -3.6606e+000
2082 0 +5.151488054e-007 +2.997000052e+001 +2.997000052e+001 +8.7439e-001 -1.7040e+000 -3.6608e+000
2118 0 +2.703346489e-007 +2.997000027e+001 +2.997000027e+001 +8.7447e-001 -1.7041e+000 -3.6607e+000
2204 0 +2.406071467e-007 +2.997000024e+001 +2.997000024e+001 +8.7442e-001 -1.7040e+000 -3.6608e+000
2217 0 +1.328434358e-007 +2.997000013e+001 +2.997000013e+001 +8.7446e-001 -1.7041e+000 -3.6607e+000
2296 0 +7.815844683e-008 +2.997000008e+001 +2.997000008e+001 +8.7446e-001 -1.7041e+000 -3.6607e+000
2334 0 +1.924403392e-008 +2.997000002e+001 +2.997000002e+001 +8.7439e-001 -1.7040e+000 -3.6608e+000
2472 0 +6.981021983e-009 +2.997000001e+001 +2.997000001e+001 +8.7441e-001 -1.7040e+000 -3.6608e+000
% f evaluations | g evaluations | best noise-free fitness - Fopt (-5.171000000000e+001) + sum g_i+ | measured fitness | best measured fitness or single-digit g-values | x1 | x2...
1 0 +1.254118445e+003 +1.202408445e+003 +1.202408445e+003 +1.5875e+000 -1.2662e+000 -3.6964e+000
8 0 +8.849496941e+002 +8.332396941e+002 +8.332396941e+002 +5.0000e+000 -1.0714e+000 +1.7960e+000
14 0 +3.561495447e+002 +3.044395447e+002 +3.044395447e+002 +1.3250e+000 +2.2430e+000 -3.3861e+000
20 0 +2.364307358e+002 +1.847207358e+002 +1.847207358e+002 +3.2050e+000 +3.8665e+000 -3.4510e+000
38 0 +2.072487315e+002 +1.555387315e+002 +1.555387315e+002 +4.1742e+000 +1.8011e+000 -2.0154e+000
50 0 +8.414460311e+001 +3.243460311e+001 +3.243460311e+001 +3.2050e+000 +2.6176e+000 -3.4510e+000
89 0 +7.056161603e+001 +1.885161603e+001 +1.885161603e+001 +1.5102e+000 +3.7078e+000 -3.8618e+000
127 0 +5.448189213e+001 +2.771892127e+000 +2.771892127e+000 -9.8140e-002 +4.2839e+000 -3.4322e+000
136 0 +2.474988062e+001 -2.696011938e+001 -2.696011938e+001 +2.9233e+000 +3.0977e+000 -3.3574e+000
172 0 +2.282984271e+001 -2.888015729e+001 -2.888015729e+001 +6.7523e-001 +4.0284e+000 -3.5159e+000
245 0 +9.486380722e+000 -4.222361928e+001 -4.222361928e+001 +1.8310e+000 +3.5165e+000 -3.4944e+000
293 0 +1.278069343e+000 -5.043193066e+001 -5.043193066e+001 +2.0759e+000 +3.3716e+000 -3.4243e+000
419 0 +7.288955488e-001 -5.098110445e+001 -5.098110445e+001 +2.2458e+000 +3.2957e+000 -3.4047e+000
569 0 +4.542111768e-001 -5.125578882e+001 -5.125578882e+001 +2.7375e+000 +3.0721e+000 -3.3445e+000
582 0 +2.284874031e-001 -5.148151260e+001 -5.148151260e+001 +2.5428e+000 +3.1612e+000 -3.3698e+000
625 0 +5.609860401e-002 -5.165390140e+001 -5.165390140e+001 +2.5871e+000 +3.1405e+000 -3.3638e+000
837 0 +5.066407389e-003 -5.170493359e+001 -5.170493359e+001 +2.5950e+000 +3.1369e+000 -3.3626e+000
877 0 +1.278123685e-003 -5.170872188e+001 -5.170872188e+001 +2.5915e+000 +3.1385e+000 -3.3630e+000
1131 0 +1.151951302e-003 -5.170884805e+001 -5.170884805e+001 +2.6084e+000 +3.1308e+000 -3.3611e+000
1147 0 +4.818201738e-004 -5.170951818e+001 -5.170951818e+001 +2.6090e+000 +3.1305e+000 -3.3610e+000
1180 0 +3.716564772e-004 -5.170962834e+001 -5.170962834e+001 +2.6139e+000 +3.1283e+000 -3.3605e+000
1189 0 +2.988205557e-004 -5.170970118e+001 -5.170970118e+001 +2.6047e+000 +3.1325e+000 -3.3615e+000
1224 0 +2.223986486e-004 -5.170977760e+001 -5.170977760e+001 +2.6058e+000 +3.1320e+000 -3.3614e+000
1283 0 +1.100630880e-004 -5.170988994e+001 -5.170988994e+001 +2.6035e+000 +3.1330e+000 -3.3617e+000
1312 0 +4.175415881e-005 -5.170995825e+001 -5.170995825e+001 +2.6051e+000 +3.1323e+000 -3.3615e+000
1377 0 +1.735052160e-005 -5.170998265e+001 -5.170998265e+001 +2.6038e+000 +3.1329e+000 -3.3616e+000
1498 0 +3.804458331e-006 -5.170999620e+001 -5.170999620e+001 +2.6031e+000 +3.1332e+000 -3.3617e+000
1612 0 +1.811357137e-006 -5.170999819e+001 -5.170999819e+001 +2.6046e+000 +3.1325e+000 -3.3615e+000
1755 0 +5.493247031e-007 -5.170999945e+001 -5.170999945e+001 +2.6042e+000 +3.1327e+000 -3.3616e+000
1988 0 +3.899806629e-007 -5.170999961e+001 -5.170999961e+001 +2.6043e+000 +3.1327e+000 -3.3616e+000
1996 0 +3.359081973e-007 -5.170999966e+001 -5.170999966e+001 +2.6042e+000 +3.1327e+000 -3.3616e+000
2010 0 +2.599749962e-007 -5.170999974e+001 -5.170999974e+001 +2.6043e+000 +3.1326e+000 -3.3616e+000
2038 0 +1.925130064e-007 -5.170999981e+001 -5.170999981e+001 +2.6040e+000 +3.1328e+000 -3.3616e+000
2111 0 +9.442522497e-008 -5.170999991e+001 -5.170999991e+001 +2.6039e+000 +3.1328e+000 -3.3616e+000
2136 0 +2.069437954e-008 -5.170999998e+001 -5.170999998e+001 +2.6040e+000 +3.1328e+000 -3.3616e+000
2372 0 +1.556806239e-008 -5.170999998e+001 -5.170999998e+001 +2.6040e+000 +3.1328e+000 -3.3616e+000
2451 0 +8.550294694e-009 -5.170999999e+001 -5.170999999e+001 +2.6040e+000 +3.1328e+000 -3.3616e+000
% f evaluations | g evaluations | best noise-free fitness - Fopt (-2.799500000000e+002) + sum g_i+ | measured fitness | best measured fitness or single-digit g-values | x1 | x2...
1 0 +8.901514299e+002 +6.102014299e+002 +6.102014299e+002 +1.3746e+000 -4.7989e+000 -1.5086e+000
5 0 +6.128464645e+002 +3.328964645e+002 +3.328964645e+002 -5.0000e+000 -5.0000e+000 +5.0000e+000
8 0 +4.681471586e+002 +1.881971586e+002 +1.881971586e+002 +2.2591e+000 -5.0000e+000 +2.7466e+000
11 0 +3.604745484e+002 +8.052454837e+001 +8.052454837e+001 -5.0000e+000 -5.0000e+000 +5.9449e-001
12 0 +3.192363982e+002 +3.928639815e+001 +3.928639815e+001 -5.0000e+000 -5.0000e+000 +8.8274e-001
39 0 +4.908053629e+001 -2.308694637e+002 -2.308694637e+002 -2.8038e+000 -4.2395e+000 +3.0415e+000
194 0 +4.841905221e+001 -2.315309478e+002 -2.315309478e+002 -4.3023e+000 -3.7993e+000 +3.5471e+000
238 0 +3.656842390e+001 -2.433815761e+002 -2.433815761e+002 -2.5881e+000 -4.8926e+000 +2.3052e+000
258 0 +3.504738118e+001 -2.449026188e+002 -2.449026188e+002 -4.8540e+000 -3.1201e+000 +4.2975e+000
279 0 +3.154410533e+001 -2.484058947e+002 -2.484058947e+002 -4.3365e+000 -3.5744e+000 +3.6526e+000
280 0 +6.667672485e+000 -2.732823275e+002 -2.732823275e+002 -3.4938e+000 -4.1333e+000 +3.0642e+000
342 0 +4.048296780e+000 -2.759017032e+002 -2.759017032e+002 -3.2829e+000 -4.2255e+000 +2.9556e+000
388 0 +2.542135397e+000 -2.774078646e+002 -2.774078646e+002 -3.6320e+000 -3.9639e+000 +3.2610e+000
431 0 +1.140098349e+000 -2.788099017e+002 -2.788099017e+002 -3.4890e+000 -4.0815e+000 +3.1270e+000
500 0 +9.345247324e-001 -2.790154753e+002 -2.790154753e+002 -3.5737e+000 -3.9928e+000 +3.2333e+000
570 0 +2.456817539e-001 -2.797043182e+002 -2.797043182e+002 -3.5963e+000 -3.9806e+000 +3.2523e+000
735 0 +1.280259461e-001 -2.798219741e+002 -2.798219741e+002 -3.7163e+000 -3.8721e+000 +3.3814e+000
783 0 +4.782453790e-002 -2.799021755e+002 -2.799021755e+002 -3.5935e+000 -3.9813e+000 +3.2502e+000
831 0 +1.397244797e-002 -2.799360276e+002 -2.799360276e+002 -3.6157e+000 -3.9616e+000 +3.2740e+000
985 0 +1.341654035e-002 -2.799365835e+002 -2.799365835e+002 -3.6091e+000 -3.9676e+000 +3.2668e+000
997 0 +3.147353277e-003 -2.799468526e+002 -2.799468526e+002 -3.6146e+000 -3.9626e+000 +3.2729e+000
1034 0 +1.704069214e-003 -2.799482959e+002 -2.799482959e+002 -3.6171e+000 -3.9605e+000 +3.2754e+000
1079 0 +6.891859326e-004 -2.799493108e+002 -2.799493108e+002 -3.6173e+000 -3.9602e+000 +3.2757e+000
1205 0 +4.823769547e-004 -2.799495176e+002 -2.799495176e+002 -3.6139e+000 -3.9633e+000 +3.2721e+000
1243 0 +2.699589660e-004 -2.799497300e+002 -2.799497300e+002 -3.6148e+000 -3.9625e+000 +3.2730e+000
1284 0 +2.156336943e-004 -2.799497844e+002 -2.799497844e+002 -3.6153e+000 -3.9620e+000 +3.2736e+000
1301 0 +1.845517662e-004 -2.799498154e+002 -2.799498154e+002 -3.6171e+000 -3.9605e+000 +3.2754e+000
1371 0 +1.148962259e-004 -2.799498851e+002 -2.799498851e+002 -3.6189e+000 -3.9589e+000 +3.2774e+000
1382 0 +4.772910978e-005 -2.799499523e+002 -2.799499523e+002 -3.6168e+000 -3.9607e+000 +3.2752e+000
1512 0 +3.525521839e-005 -2.799499647e+002 -2.799499647e+002 -3.6177e+000 -3.9599e+000 +3.2761e+000
1517 0 +1.239364309e-005 -2.799499876e+002 -2.799499876e+002 -3.6174e+000 -3.9602e+000 +3.2758e+000
1711 0 +6.031917394e-006 -2.799499940e+002 -2.799499940e+002 -3.6183e+000 -3.9594e+000 +3.2768e+000
1713 0 +2.917174072e-006 -2.799499971e+002 -2.799499971e+002 -3.6175e+000 -3.9600e+000 +3.2759e+000
1799 0 +1.031336126e-006 -2.799499990e+002 -2.799499990e+002 -3.6176e+000 -3.9600e+000 +3.2760e+000
2014 0 +9.645515888e-007 -2.799499990e+002 -2.799499990e+002 -3.6177e+000 -3.9599e+000 +3.2761e+000
2123 0 +7.999073546e-007 -2.799499992e+002 -2.799499992e+002 -3.6176e+000 -3.9600e+000 +3.2760e+000
2262 0 +5.200973874e-007 -2.799499995e+002 -2.799499995e+002 -3.6177e+000 -3.9599e+000 +3.2761e+000
2272 0 +4.845638841e-007 -2.799499995e+002 -2.799499995e+002 -3.6176e+000 -3.9600e+000 +3.2760e+000
2313 0 +4.504699405e-007 -2.799499995e+002 -2.799499995e+002 -3.6177e+000 -3.9599e+000 +3.2761e+000
2329 0 +3.855472528e-007 -2.799499996e+002 -2.799499996e+002 -3.6175e+000 -3.9601e+000 +3.2759e+000
2373 0 +2.096696221e-007 -2.799499998e+002 -2.799499998e+002 -3.6176e+000 -3.9600e+000 +3.2760e+000
2379 0 +1.873064548e-007 -2.799499998e+002 -2.799499998e+002 -3.6176e+000 -3.9600e+000 +3.2760e+000
2417 0 +1.565607022e-007 -2.799499998e+002 -2.799499998e+002 -3.6176e+000 -3.9600e+000 +3.2760e+000
2498 0 +1.222612696e-007 -2.799499999e+002 -2.799499999e+002 -3.6176e+000 -3.9600e+000 +3.2760e+000
2511 0 +7.672196034e-008 -2.799499999e+002 -2.799499999e+002 -3.6176e+000 -3.9600e+000 +3.2760e+000
2592 0 +6.387182339e-008 -2.799499999e+002 -2.799499999e+002 -3.6175e+000 -3.9601e+000 +3.2759e+000
2624 0 +4.025554290e-008 -2.799500000e+002 -2.799500000e+002 -3.6176e+000 -3.9600e+000 +3.2760e+000
2654 0 +2.361571205e-008 -2.799500000e+002 -2.799500000e+002 -3.6176e+000 -3.9600e+000 +3.2760e+000
2744 0 +4.936964615e-009 -2.799500000e+002 -2.799500000e+002 -3.6176e+000 -3.9600e+000 +3.2760e+000
% f evaluations | g evaluations | best noise-free fitness - Fopt (9.319900000000e+002) + sum g_i+ | measured fitness | best measured fitness or single-digit g-values | x1 | x2...
1 0 +9.326301198e+002 +1.864620120e+003 +1.864620120e+003 +2.9690e+000 -3.5280e+000 -4.2638e-001
3 0 +9.174262842e+002 +1.849416284e+003 +1.849416284e+003 -3.3879e+000 -4.5437e+000 -1.7299e+000
4 0 +6.023188416e+002 +1.534308842e+003 +1.534308842e+003 -1.6977e+000 -1.4241e+000 -4.4504e-002
8 0 +4.207984376e+002 +1.352788438e+003 +1.352788438e+003 -2.7166e-001 -4.6750e+000 +5.0000e+000
9 0 +2.123773281e+002 +1.144367328e+003 +1.144367328e+003 -3.6811e-001 -2.5169e+000 +5.0000e+000
13 0 +1.890592016e+002 +1.121049202e+003 +1.121049202e+003 +3.3237e+000 +4.5021e+000 +1.7185e+000
76 0 +1.633005021e+002 +1.095290502e+003 +1.095290502e+003 +1.2302e+000 +1.3933e+000 +4.3794e+000
104 0 +9.090964949e+001 +1.022899649e+003 +1.022899649e+003 +1.7477e+000 +1.1927e+000 +3.4817e+000
117 0 +7.946465746e+001 +1.011454657e+003 +1.011454657e+003 +1.7339e+000 +1.3140e+000 +2.1166e+000
134 0 +6.954218865e+001 +1.001532189e+003 +1.001532189e+003 +2.0296e+000 +2.9245e+000 +2.4496e+000
136 0 +2.178397386e+001 +9.537739739e+002 +9.537739739e+002 +1.3997e+000 +9.7146e-001 +2.6820e+000
193 0 +2.050542870e+001 +9.524954287e+002 +9.524954287e+002 +1.3677e+000 +1.0804e+000 +2.7190e+000
225 0 +9.587657015e+000 +9.415776570e+002 +9.415776570e+002 +1.3511e+000 +8.6424e-001 +2.8427e+000
263 0 +6.472043583e+000 +9.384620436e+002 +9.384620436e+002 +1.2851e+000 +8.2453e-001 +2.9754e+000
303 0 +3.444732977e+000 +9.354347330e+002 +9.354347330e+002 +1.4450e+000 +1.1637e+000 +2.8496e+000
345 0 +1.611689453e+000 +9.336016895e+002 +9.336016895e+002 +1.3178e+000 +8.3578e-001 +2.9269e+000
420 0 +5.597687012e-001 +9.325497687e+002 +9.325497687e+002 +1.3753e+000 +9.6477e-001 +2.9029e+000
505 0 +2.903205677e-001 +9.322803206e+002 +9.322803206e+002 +1.3333e+000 +8.7423e-001 +2.9314e+000
539 0 +1.338394022e-001 +9.321238394e+002 +9.321238394e+002 +1.3606e+000 +9.3576e-001 +2.9136e+000
593 0 +1.123463081e-001 +9.321023463e+002 +9.321023463e+002 +1.3462e+000 +9.0256e-001 +2.9241e+000
664 0 +1.003443934e-001 +9.320903444e+002 +9.320903444e+002 +1.3578e+000 +9.2769e-001 +2.9171e+000
689 0 +2.828661504e-002 +9.320182866e+002 +9.320182866e+002 +1.3341e+000 +8.7335e-001 +2.9324e+000
748 0 +1.371978971e-002 +9.320037198e+002 +9.320037198e+002 +1.3520e+000 +9.1500e-001 +2.9204e+000
768 0 +1.154754368e-002 +9.320015475e+002 +9.320015475e+002 +1.3381e+000 +8.8270e-001 +2.9298e+000
852 0 +6.556178895e-003 +9.319965562e+002 +9.319965562e+002 +1.3404e+000 +8.8799e-001 +2.9282e+000
931 0 +2.311900260e-003 +9.319923119e+002 +9.319923119e+002 +1.3361e+000 +8.7794e-001 +2.9311e+000
1036 0 +1.292651845e-003 +9.319912927e+002 +9.319912927e+002 +1.3389e+000 +8.8442e-001 +2.9292e+000
1053 0 +1.225344061e-003 +9.319912253e+002 +9.319912253e+002 +1.3388e+000 +8.8422e-001 +2.9293e+000
1116 0 +1.545095512e-004 +9.319901545e+002 +9.319901545e+002 +1.3388e+000 +8.8425e-001 +2.9293e+000
1286 0 +4.223812994e-005 +9.319900422e+002 +9.319900422e+002 +1.3387e+000 +8.8383e-001 +2.9294e+000
1462 0 +1.942591757e-005 +9.319900194e+002 +9.319900194e+002 +1.3383e+000 +8.8287e-001 +2.9297e+000
1517 0 +7.473394930e-006 +9.319900075e+002 +9.319900075e+002 +1.3384e+000 +8.8319e-001 +2.9296e+000
1558 0 +4.500930231e-006 +9.319900045e+002 +9.319900045e+002 +1.3384e+000 +8.8318e-001 +2.9296e+000
1573 0 +6.861160955e-007 +9.319900007e+002 +9.319900007e+002 +1.3384e+000 +8.8325e-001 +2.9296e+000
1959 0 +6.322362651e-007 +9.319900006e+002 +9.319900006e+002 +1.3384e+000 +8.8324e-001 +2.9296e+000
2018 0 +4.013837724e-007 +9.319900004e+002 +9.319900004e+002 +1.3384e+000 +8.8322e-001 +2.9296e+000
2035 0 +3.182026376e-007 +9.319900003e+002 +9.319900003e+002 +1.3384e+000 +8.8326e-001 +2.9296e+000
2133 0 +2.115448297e-007 +9.319900002e+002 +9.319900002e+002 +1.3384e+000 +8.8326e-001 +2.9296e+000
2167 0 +1.671002110e-007 +9.319900002e+002 +9.319900002e+002 +1.3384e+000 +8.8317e-001 +2.9296e+000
2251 0 +1.367797040e-007 +9.319900001e+002 +9.319900001e+002 +1.3384e+000 +8.8328e-001 +2.9296e+000
2284 0 +9.242785382e-008 +9.319900001e+002 +9.319900001e+002 +1.3384e+000 +8.8320e-001 +2.9296e+000
2286 0 +7.742744401e-008 +9.319900001e+002 +9.319900001e+002 +1.3384e+000 +8.8325e-001 +2.9296e+000
2376 0 +5.813683401e-008 +9.319900001e+002 +9.319900001e+002 +1.3384e+000 +8.8322e-001 +2.9296e+000
2377 0 +4.867672487e-008 +9.319900000e+002 +9.319900000e+002 +1.3384e+000 +8.8322e-001 +2.9296e+000
2381 0 +4.311596058e-008 +9.319900000e+002 +9.319900000e+002 +1.3384e+000 +8.8319e-001 +2.9296e+000
2424 0 +2.578008207e-008 +9.319900000e+002 +9.319900000e+002 +1.3384e+000 +8.8323e-001 +2.9296e+000
2454 0 +1.947626060e-008 +9.319900000e+002 +9.319900000e+002 +1.3384e+000 +8.8322e-001 +2.9296e+000
2551 0 +1.517230430e-008 +9.319900000e+002 +9.319900000e+002 +1.3384e+000 +8.8321e-001 +2.9296e+000
2560 0 +1.315675036e-008 +9.319900000e+002 +9.319900000e+002 +1.3384e+000 +8.8320e-001 +2.9296e+000
2565 0 +1.066223376e-008 +9.319900000e+002 +9.319900000e+002 +1.3384e+000 +8.8320e-001 +2.9296e+000
2575 0 +6.494587979e-009 +9.319900000e+002 +9.319900000e+002 +1.3384e+000 +8.8322e-001 +2.9296e+000
% f evaluations | g evaluations | best noise-free fitness - Fopt (1.133100000000e+002) + sum g_i+ | measured fitness | best measured fitness or single-digit g-values | x1 | x2...
1 0 +3.274783188e+002 +4.407883188e+002 +4.407883188e+002 +4.5128e-001 +2.5617e+000 +9.1181e-001
12 0 +3.036471005e+002 +4.169571005e+002 +4.169571005e+002 +1.1894e-002 +3.2641e+000 +2.7160e+000
22 0 +1.750568190e+002 +2.883668190e+002 +2.883668190e+002 +1.6029e+000 +2.3491e+000 +4.9938e-001
25 0 +1.665414740e+002 +2.798514740e+002 +2.798514740e+002 +1.0139e+000 +3.7441e+000 +1.0380e+000
37 0 +1.054327373e+002 +2.187427373e+002 +2.187427373e+002 +1.8825e+000 +4.5317e+000 +2.3093e-001
48 0 +3.932714067e+001 +1.526371407e+002 +1.526371407e+002 +2.3185e+000 +3.3996e+000 +4.1577e-001
142 0 +2.174663598e+000 +1.154846636e+002 +1.154846636e+002 +2.1520e+000 +3.2527e+000 +4.5182e-001
404 0 +4.956852241e-001 +1.138056852e+002 +1.138056852e+002 +2.1385e+000 +3.2127e+000 +5.2129e-001
496 0 +4.279795815e-001 +1.137379796e+002 +1.137379796e+002 +2.1328e+000 +3.1414e+000 +5.9845e-001
536 0 +2.914811258e-001 +1.136014811e+002 +1.136014811e+002 +2.1324e+000 +3.1292e+000 +6.0987e-001
582 0 +4.983986569e-002 +1.133598399e+002 +1.133598399e+002 +2.1368e+000 +3.1898e+000 +5.4184e-001
620 0 +4.753841842e-002 +1.133575384e+002 +1.133575384e+002 +2.1367e+000 +3.1889e+000 +5.4319e-001
655 0 +4.384065495e-002 +1.133538407e+002 +1.133538407e+002 +2.1348e+000 +3.1601e+000 +5.7430e-001
664 0 +3.555816982e-002 +1.133455582e+002 +1.133455582e+002 +2.1352e+000 +3.1673e+000 +5.6657e-001
776 0 +2.648856309e-002 +1.133364886e+002 +1.133364886e+002 +2.1358e+000 +3.1737e+000 +5.5915e-001
791 0 +2.599914441e-002 +1.133359991e+002 +1.133359991e+002 +2.1355e+000 +3.1679e+000 +5.6536e-001
824 0 +1.762331184e-002 +1.133276233e+002 +1.133276233e+002 +2.1337e+000 +3.1393e+000 +5.9594e-001
833 0 +1.173031440e-002 +1.133217303e+002 +1.133217303e+002 +2.1339e+000 +3.1421e+000 +5.9305e-001
872 0 +1.080499442e-002 +1.133208050e+002 +1.133208050e+002 +2.1340e+000 +3.1441e+000 +5.9093e-001
881 0 +3.996007442e-003 +1.133139960e+002 +1.133139960e+002 +2.1350e+000 +3.1624e+000 +5.7144e-001
942 0 +2.606458731e-003 +1.133126065e+002 +1.133126065e+002 +2.1352e+000 +3.1657e+000 +5.6788e-001
967 0 +7.939757064e-004 +1.133107940e+002 +1.133107940e+002 +2.1351e+000 +3.1632e+000 +5.7052e-001
1030 0 +8.435731675e-005 +1.133100844e+002 +1.133100844e+002 +2.1351e+000 +3.1644e+000 +5.6932e-001
1210 0 +6.847036087e-005 +1.133100685e+002 +1.133100685e+002 +2.1352e+000 +3.1655e+000 +5.6808e-001
1231 0 +4.198679970e-005 +1.133100420e+002 +1.133100420e+002 +2.1352e+000 +3.1658e+000 +5.6781e-001
1347 0 +2.441350891e-005 +1.133100244e+002 +1.133100244e+002 +2.1352e+000 +3.1657e+000 +5.6789e-001
1353 0 +2.042801079e-005 +1.133100204e+002 +1.133100204e+002 +2.1352e+000 +3.1657e+000 +5.6790e-001
1398 0 +1.345632505e-005 +1.133100135e+002 +1.133100135e+002 +2.1352e+000 +3.1656e+000 +5.6800e-001
1419 0 +8.665734313e-006 +1.133100087e+002 +1.133100087e+002 +2.1352e+000 +3.1654e+000 +5.6823e-001
1424 0 +3.801084162e-006 +1.133100038e+002 +1.133100038e+002 +2.1352e+000 +3.1654e+000 +5.6820e-001
1586 0 +2.918614996e-006 +1.133100029e+002 +1.133100029e+002 +2.1352e+000 +3.1657e+000 +5.6788e-001
1615 0 +1.250513563e-006 +1.133100013e+002 +1.133100013e+002 +2.1352e+000 +3.1656e+000 +5.6800e-001
1763 0 +4.703837249e-007 +1.133100005e+002 +1.133100005e+002 +2.1352e+000 +3.1656e+000 +5.6796e-001
1909 0 +4.427856624e-007 +1.133100004e+002 +1.133100004e+002 +2.1352e+000 +3.1657e+000 +5.6793e-001
1982 0 +2.904654082e-007 +1.133100003e+002 +1.133100003e+002 +2.1352e+000 +3.1656e+000 +5.6799e-001
1984 0 +1.156161602e-007 +1.133100001e+002 +1.133100001e+002 +2.1352e+000 +3.1656e+000 +5.6802e-001
1993 0 +1.006708885e-007 +1.133100001e+002 +1.133100001e+002 +2.1352e+000 +3.1656e+000 +5.6802e-001
2083 0 +3.948670724e-008 +1.133100000e+002 +1.133100000e+002 +2.1352e+000 +3.1656e+000 +5.6803e-001
2167 0 +3.234495694e-008 +1.133100000e+002 +1.133100000e+002 +2.1352e+000 +3.1656e+000 +5.6800e-001
2186 0 +2.595446347e-008 +1.133100000e+002 +1.133100000e+002 +2.1352e+000 +3.1656e+000 +5.6800e-001
2265 0 +2.479390560e-008 +1.133100000e+002 +1.133100000e+002 +2.1352e+000 +3.1656e+000 +5.6799e-001
2303 0 +1.983023878e-008 +1.133100000e+002 +1.133100000e+002 +2.1352e+000 +3.1656e+000 +5.6798e-001
2353 0 +1.739137190e-008 +1.133100000e+002 +1.133100000e+002 +2.1352e+000 +3.1656e+000 +5.6801e-001
2363 0 +1.704091801e-008 +1.133100000e+002 +1.133100000e+002 +2.1352e+000 +3.1656e+000 +5.6797e-001
2370 0 +1.482085565e-008 +1.133100000e+002 +1.133100000e+002 +2.1352e+000 +3.1656e+000 +5.6801e-001
2383 0 +1.398839800e-008 +1.133100000e+002 +1.133100000e+002 +2.1352e+000 +3.1656e+000 +5.6800e-001
2410 0 +1.190760202e-008 +1.133100000e+002 +1.133100000e+002 +2.1352e+000 +3.1656e+000 +5.6800e-001
2427 0 +8.661970696e-009 +1.133100000e+002 +1.133100000e+002 +2.1352e+000 +3.1656e+000 +5.6801e-001
% f evaluations | g evaluations | best noise-free fitness - Fopt (2.849000000000e+001) + sum g_i+ | measured fitness | best measured fitness or single-digit g-values | x1 | x2...
1 0 +1.812701034e+003 +1.841191034e+003 +1.841191034e+003 +2.7529e+000 +8.7815e-001 -4.6154e+000
2 0 +1.127566924e+003 +1.156056924e+003 +1.156056924e+003 -8.4476e-001 -3.9471e+000 -3.9469e+000
3 0 +5.444581882e+002 +5.729481882e+002 +5.729481882e+002 +4.6627e+000 +4.4125e+000 +1.7519e+000
4 0 +2.802704336e+002 +3.087604336e+002 +3.087604336e+002 +3.0274e+000 -2.7435e+000 +3.4742e-001
6 0 +2.585444831e+002 +2.870344831e+002 +2.870344831e+002 -4.1182e+000 -1.6124e+000 -7.5961e-001
11 0 +9.765889985e+001 +1.261488998e+002 +1.261488998e+002 +1.0988e+000 -2.4542e-001 +9.1646e-001
106 0 +9.464908692e+001 +1.231390869e+002 +1.231390869e+002 -2.6065e+000 -1.9885e+000 -2.1395e-001
118 0 +3.222816526e+001 +6.071816526e+001 +6.071816526e+001 -6.0774e-001 -1.9919e+000 +9.9587e-003
146 0 +2.046606568e+001 +4.895606568e+001 +4.895606568e+001 -6.6443e-001 -1.7428e+000 +2.0738e-001
185 0 +9.353389656e+000 +3.784338966e+001 +3.784338966e+001 -7.4572e-002 -1.5867e+000 +3.0050e-001
212 0 +2.796173791e+000 +3.128617379e+001 +3.128617379e+001 -4.2324e-001 -1.7380e+000 +1.8187e-001
332 0 +1.200401779e+000 +2.969040178e+001 +2.969040178e+001 -6.3819e-001 -1.8574e+000 +1.3525e-001
379 0 +7.708502889e-001 +2.926085029e+001 +2.926085029e+001 -5.4095e-001 -1.8050e+000 +1.5586e-001
454 0 +2.297796493e-001 +2.871977965e+001 +2.871977965e+001 -6.3681e-001 -1.8633e+000 +1.2989e-001
681 0 +9.079718419e-002 +2.858079718e+001 +2.858079718e+001 -6.3306e-001 -1.8594e+000 +1.3208e-001
691 0 +4.279619718e-002 +2.853279620e+001 +2.853279620e+001 -6.4097e-001 -1.8643e+000 +1.2979e-001
740 0 +2.413144249e-002 +2.851413144e+001 +2.851413144e+001 -6.1480e-001 -1.8504e+000 +1.3682e-001
779 0 +1.856672049e-002 +2.850856672e+001 +2.850856672e+001 -6.3370e-001 -1.8609e+000 +1.3164e-001
869 0 +1.732506163e-002 +2.850732506e+001 +2.850732506e+001 -6.1212e-001 -1.8489e+000 +1.3753e-001
879 0 +9.357669712e-003 +2.849935767e+001 +2.849935767e+001 -6.1890e-001 -1.8527e+000 +1.3566e-001
928 0 +4.385449846e-003 +2.849438545e+001 +2.849438545e+001 -6.2261e-001 -1.8547e+000 +1.3464e-001
938 0 +1.638519326e-003 +2.849163852e+001 +2.849163852e+001 -6.1996e-001 -1.8533e+000 +1.3534e-001
1104 0 +8.194761762e-004 +2.849081948e+001 +2.849081948e+001 -6.2463e-001 -1.8558e+000 +1.3408e-001
1151 0 +7.363294420e-004 +2.849073633e+001 +2.849073633e+001 -6.2563e-001 -1.8564e+000 +1.3380e-001
1215 0 +5.715127002e-004 +2.849057151e+001 +2.849057151e+001 -6.2891e-001 -1.8582e+000 +1.3292e-001
1250 0 +3.858382586e-004 +2.849038584e+001 +2.849038584e+001 -6.2933e-001 -1.8584e+000 +1.3281e-001
1282 0 +6.526967528e-005 +2.849006527e+001 +2.849006527e+001 -6.2712e-001 -1.8572e+000 +1.3340e-001
1378 0 +5.987353159e-005 +2.849005987e+001 +2.849005987e+001 -6.2645e-001 -1.8568e+000 +1.3359e-001
1391 0 +2.729360759e-005 +2.849002729e+001 +2.849002729e+001 -6.2675e-001 -1.8570e+000 +1.3351e-001
1451 0 +1.526248676e-005 +2.849001526e+001 +2.849001526e+001 -6.2655e-001 -1.8569e+000 +1.3356e-001
1524 0 +8.948440627e-006 +2.849000895e+001 +2.849000895e+001 -6.2648e-001 -1.8568e+000 +1.3358e-001
1630 0 +2.317074674e-006 +2.849000232e+001 +2.849000232e+001 -6.2661e-001 -1.8569e+000 +1.3354e-001
1680 0 +1.540545821e-006 +2.849000154e+001 +2.849000154e+001 -6.2634e-001 -1.8568e+000 +1.3362e-001
1686 0 +1.028530306e-006 +2.849000103e+001 +2.849000103e+001 -6.2642e-001 -1.8568e+000 +1.3359e-001
1884 0 +4.788385084e-007 +2.849000048e+001 +2.849000048e+001 -6.2638e-001 -1.8568e+000 +1.3361e-001
1902 0 +3.372647832e-007 +2.849000034e+001 +2.849000034e+001 -6.2632e-001 -1.8568e+000 +1.3362e-001
2159 0 +2.270769741e-007 +2.849000023e+001 +2.849000023e+001 -6.2646e-001 -1.8568e+000 +1.3358e-001
2183 0 +2.080902313e-007 +2.849000021e+001 +2.849000021e+001 -6.2638e-001 -1.8568e+000 +1.3360e-001
2191 0 +7.955453185e-008 +2.849000008e+001 +2.849000008e+001 -6.2643e-001 -1.8568e+000 +1.3359e-001
2306 0 +6.849294110e-008 +2.849000007e+001 +2.849000007e+001 -6.2639e-001 -1.8568e+000 +1.3360e-001
2335 0 +5.125692226e-008 +2.849000005e+001 +2.849000005e+001 -6.2637e-001 -1.8568e+000 +1.3361e-001
2418 0 +2.607751526e-008 +2.849000003e+001 +2.849000003e+001 -6.2641e-001 -1.8568e+000 +1.3360e-001
2476 0 +2.238054009e-008 +2.849000002e+001 +2.849000002e+001 -6.2641e-001 -1.8568e+000 +1.3360e-001
2529 0 +1.219645185e-008 +2.849000001e+001 +2.849000001e+001 -6.2644e-001 -1.8568e+000 +1.3359e-001
2579 0 +6.602608238e-009 +2.849000001e+001 +2.849000001e+001 -6.2642e-001 -1.8568e+000 +1.3359e-001
% f evaluations | g evaluations | best noise-free fitness - Fopt (-7.405800000000e+002) + sum g_i+ | measured fitness | best measured fitness or single-digit g-values | x1 | x2...
1 0 +1.098978039e+003 +3.583980391e+002 +3.583980391e+002 -2.3004e-001 +4.6831e+000 +1.6976e+000
2 0 +1.500286904e+002 -5.905513096e+002 -5.905513096e+002 -2.3700e+000 +5.5053e-001 -2.0592e+000
33 0 +6.444089047e+001 -6.761391095e+002 -6.761391095e+002 -8.8998e-001 -2.2095e-002 -4.0607e+000
58 0 +5.175500147e+001 -6.888249985e+002 -6.888249985e+002 +4.1258e-002 +3.2005e-001 -5.0000e+000
149 0 +4.264204194e+001 -6.979379581e+002 -6.979379581e+002 -1.6677e+000 -1.3168e-003 -3.1008e+000
172 0 +1.975130299e+001 -7.208286970e+002 -7.208286970e+002 -9.6319e-001 +1.2483e-001 -3.5591e+000
208 0 +1.715362985e+001 -7.234263702e+002 -7.234263702e+002 -7.6321e-001 +2.4329e-001 -3.7622e+000
231 0 +1.353613417e+001 -7.270438658e+002 -7.270438658e+002 -1.2618e+000 +1.3179e-001 -3.3500e+000
294 0 +6.579327696e+000 -7.340006723e+002 -7.340006723e+002 -1.2067e+000 +1.4464e-001 -3.3097e+000
351 0 +6.429404933e+000 -7.341505951e+002 -7.341505951e+002 -1.4416e+000 +7.9984e-002 -3.0302e+000
377 0 +5.862608746e+000 -7.347173913e+002 -7.347173913e+002 -1.2142e+000 +1.1331e-001 -3.3042e+000
395 0 +2.493494731e+000 -7.380865053e+002 -7.380865053e+002 -1.2940e+000 +1.0178e-001 -3.2286e+000
459 0 +1.690643044e+000 -7.388893570e+002 -7.388893570e+002 -1.6186e+000 +1.1100e-002 -2.8543e+000
489 0 +1.495615632e+000 -7.390843844e+002 -7.390843844e+002 -1.6395e+000 +1.1100e-002 -2.8308e+000
507 0 +6.235515187e-001 -7.399564485e+002 -7.399564485e+002 -1.7436e+000 -2.1517e-002 -2.7246e+000
594 0 +2.836665463e-001 -7.402963335e+002 -7.402963335e+002 -1.8498e+000 -4.8703e-002 -2.5958e+000
614 0 +2.182513266e-001 -7.403617487e+002 -7.403617487e+002 -1.8112e+000 -3.8469e-002 -2.6406e+000
677 0 +1.015357143e-001 -7.404784643e+002 -7.404784643e+002 -1.7557e+000 -2.3457e-002 -2.7059e+000
712 0 +5.684334723e-002 -7.405231567e+002 -7.405231567e+002 -1.7462e+000 -2.1176e-002 -2.7174e+000
753 0 +4.193285566e-002 -7.405380671e+002 -7.405380671e+002 -1.7711e+000 -2.7877e-002 -2.6884e+000
799 0 +9.250313569e-004 -7.405790750e+002 -7.405790750e+002 -1.7476e+000 -2.1810e-002 -2.7156e+000
1072 0 +4.004889558e-004 -7.405795995e+002 -7.405795995e+002 -1.7535e+000 -2.3380e-002 -2.7088e+000
1155 0 +3.648419167e-004 -7.405796352e+002 -7.405796352e+002 -1.7518e+000 -2.2926e-002 -2.7108e+000
1235 0 +9.789492412e-005 -7.405799021e+002 -7.405799021e+002 -1.7511e+000 -2.2733e-002 -2.7116e+000
1304 0 +8.843754699e-005 -7.405799116e+002 -7.405799116e+002 -1.7524e+000 -2.3101e-002 -2.7100e+000
1358 0 +3.617434049e-005 -7.405799638e+002 -7.405799638e+002 -1.7524e+000 -2.3091e-002 -2.7101e+000
1387 0 +1.468759467e-005 -7.405799853e+002 -7.405799853e+002 -1.7530e+000 -2.3250e-002 -2.7094e+000
1480 0 +1.295656523e-005 -7.405799870e+002 -7.405799870e+002 -1.7523e+000 -2.3060e-002 -2.7102e+000
1481 0 +1.151928416e-005 -7.405799885e+002 -7.405799885e+002 -1.7527e+000 -2.3161e-002 -2.7098e+000
1612 0 +2.056517133e-006 -7.405799979e+002 -7.405799979e+002 -1.7531e+000 -2.3276e-002 -2.7093e+000
1724 0 +1.618182523e-006 -7.405799984e+002 -7.405799984e+002 -1.7529e+000 -2.3218e-002 -2.7095e+000
1802 0 +1.266577328e-006 -7.405799987e+002 -7.405799987e+002 -1.7529e+000 -2.3229e-002 -2.7095e+000
1841 0 +7.311734862e-007 -7.405799993e+002 -7.405799993e+002 -1.7529e+000 -2.3227e-002 -2.7095e+000
1921 0 +6.447194210e-007 -7.405799994e+002 -7.405799994e+002 -1.7526e+000 -2.3142e-002 -2.7099e+000
1926 0 +3.369757451e-007 -7.405799997e+002 -7.405799997e+002 -1.7529e+000 -2.3227e-002 -2.7095e+000
2006 0 +2.974497875e-007 -7.405799997e+002 -7.405799997e+002 -1.7530e+000 -2.3242e-002 -2.7094e+000
2010 0 +1.072963869e-007 -7.405799999e+002 -7.405799999e+002 -1.7528e+000 -2.3210e-002 -2.7096e+000
2096 0 +8.649317351e-008 -7.405799999e+002 -7.405799999e+002 -1.7529e+000 -2.3218e-002 -2.7095e+000
2230 0 +6.559730537e-008 -7.405799999e+002 -7.405799999e+002 -1.7528e+000 -2.3211e-002 -2.7096e+000
2271 0 +5.999118002e-008 -7.405799999e+002 -7.405799999e+002 -1.7528e+000 -2.3210e-002 -2.7096e+000
2301 0 +5.592971775e-008 -7.405799999e+002 -7.405799999e+002 -1.7528e+000 -2.3202e-002 -2.7096e+000
2331 0 +5.354195309e-008 -7.405799999e+002 -7.405799999e+002 -1.7529e+000 -2.3216e-002 -2.7095e+000
2345 0 +3.252216629e-008 -7.405800000e+002 -7.405800000e+002 -1.7528e+000 -2.3193e-002 -2.7096e+000
2347 0 +2.308377134e-008 -7.405800000e+002 -7.405800000e+002 -1.7528e+000 -2.3208e-002 -2.7096e+000
2365 0 +1.368891844e-008 -7.405800000e+002 -7.405800000e+002 -1.7528e+000 -2.3201e-002 -2.7096e+000
2491 0 +5.818151294e-009 -7.405800000e+002 -7.405800000e+002 -1.7528e+000 -2.3203e-002 -2.7096e+000
% f evaluations | g evaluations | best noise-free fitness - Fopt (-5.177000000000e+001) + sum g_i+ | measured fitness | best measured fitness or single-digit g-values | x1 | x2...
1 0 +2.471082924e+003 +2.419312924e+003 +2.419312924e+003 +3.8526e-001 -4.9574e+000 -2.1754e+000
2 0 +1.499894887e+003 +1.448124887e+003 +1.448124887e+003 -8.9730e-001 -1.8248e+000 -9.0144e-001
4 0 +1.210323262e+003 +1.158553262e+003 +1.158553262e+003 -3.1873e+000 +4.9103e+000 +4.5263e+000
6 0 +8.573609836e+002 +8.055909836e+002 +8.055909836e+002 -3.1235e+000 +2.2807e+000 -1.4596e+000
7 0 +6.500404471e+002 +5.982704471e+002 +5.982704471e+002 -2.0136e-001 -2.6724e+000 +4.3195e+000
9 0 +2.486902182e+002 +1.969202182e+002 +1.969202182e+002 -2.3121e+000 +2.7487e+000 +8.9793e-001
13 0 +8.371201367e+001 +3.194201367e+001 +3.194201367e+001 -5.9839e-001 +1.9959e+000 +2.5743e+000
70 0 +4.814604659e+001 -3.623953412e+000 -3.623953412e+000 -2.2030e+000 +1.8527e+000 +2.3174e+000
111 0 +4.205721065e+001 -9.712789346e+000 -9.712789346e+000 -7.6492e-001 +1.4403e+000 +2.6293e+000
161 0 +2.699286534e+001 -2.477713466e+001 -2.477713466e+001 -3.0091e+000 +1.7959e+000 +1.8791e+000
199 0 +2.581499701e+001 -2.595500299e+001 -2.595500299e+001 -2.7921e+000 +1.6306e+000 +2.0572e+000
232 0 +1.128267108e+001 -4.048732892e+001 -4.048732892e+001 -2.1067e+000 +1.5968e+000 +2.2979e+000
275 0 +5.181601420e+000 -4.658839858e+001 -4.658839858e+001 -2.0786e+000 +1.6264e+000 +2.3279e+000
300 0 +3.185242389e+000 -4.858475761e+001 -4.858475761e+001 -1.9977e+000 +1.6639e+000 +2.3183e+000
303 0 +1.329941099e+000 -5.044005890e+001 -5.044005890e+001 -2.3657e+000 +1.6901e+000 +2.2066e+000
342 0 +8.464323745e-001 -5.092356763e+001 -5.092356763e+001 -2.3065e+000 +1.6957e+000 +2.2196e+000
414 0 +5.477125364e-001 -5.122228746e+001 -5.122228746e+001 -2.2955e+000 +1.6919e+000 +2.2218e+000
485 0 +5.164176775e-001 -5.125358232e+001 -5.125358232e+001 -2.3890e+000 +1.7059e+000 +2.1917e+000
511 0 +3.816039061e-001 -5.138839609e+001 -5.138839609e+001 -2.3381e+000 +1.6980e+000 +2.2083e+000
586 0 +1.369378296e-001 -5.163306217e+001 -5.163306217e+001 -2.3917e+000 +1.7044e+000 +2.1903e+000
648 0 +9.645502970e-002 -5.167354497e+001 -5.167354497e+001 -2.2420e+000 +1.6803e+000 +2.2438e+000
685 0 +4.216904626e-002 -5.172783095e+001 -5.172783095e+001 -2.3262e+000 +1.6933e+000 +2.2142e+000
693 0 +3.297395406e-002 -5.173702605e+001 -5.173702605e+001 -2.3567e+000 +1.6979e+000 +2.2033e+000
767 0 +2.370530341e-002 -5.174629470e+001 -5.174629470e+001 -2.3175e+000 +1.6921e+000 +2.2171e+000
809 0 +1.970559356e-002 -5.175029441e+001 -5.175029441e+001 -2.3457e+000 +1.6965e+000 +2.2071e+000
949 0 +1.489075783e-002 -5.175510924e+001 -5.175510924e+001 -2.3201e+000 +1.6923e+000 +2.2162e+000
973 0 +1.408947121e-002 -5.175591053e+001 -5.175591053e+001 -2.2921e+000 +1.6881e+000 +2.2259e+000
986 0 +1.042077555e-002 -5.175957922e+001 -5.175957922e+001 -2.3091e+000 +1.6908e+000 +2.2199e+000
989 0 +9.216353313e-003 -5.176078365e+001 -5.176078365e+001 -2.3237e+000 +1.6930e+000 +2.2148e+000
997 0 +3.592659781e-003 -5.176640734e+001 -5.176640734e+001 -2.3466e+000 +1.6965e+000 +2.2068e+000
1038 0 +3.465220192e-003 -5.176653478e+001 -5.176653478e+001 -2.3547e+000 +1.6978e+000 +2.2040e+000
1058 0 +4.852243071e-004 -5.176951478e+001 -5.176951478e+001 -2.3436e+000 +1.6961e+000 +2.2079e+000
1160 0 +2.185444730e-004 -5.176978146e+001 -5.176978146e+001 -2.3431e+000 +1.6960e+000 +2.2080e+000
1334 0 +1.226924144e-004 -5.176987731e+001 -5.176987731e+001 -2.3410e+000 +1.6957e+000 +2.2088e+000
1347 0 +9.044974542e-005 -5.176990955e+001 -5.176990955e+001 -2.3464e+000 +1.6965e+000 +2.2069e+000
1418 0 +8.240435084e-005 -5.176991760e+001 -5.176991760e+001 -2.3429e+000 +1.6960e+000 +2.2081e+000
1480 0 +4.544980967e-005 -5.176995455e+001 -5.176995455e+001 -2.3436e+000 +1.6961e+000 +2.2079e+000
1506 0 +1.391153553e-005 -5.176998609e+001 -5.176998609e+001 -2.3435e+000 +1.6960e+000 +2.2079e+000
1536 0 +3.263819721e-006 -5.176999674e+001 -5.176999674e+001 -2.3432e+000 +1.6960e+000 +2.2080e+000
1941 0 +2.669858695e-006 -5.176999733e+001 -5.176999733e+001 -2.3439e+000 +1.6961e+000 +2.2078e+000
1956 0 +1.137421826e-006 -5.176999886e+001 -5.176999886e+001 -2.3437e+000 +1.6961e+000 +2.2078e+000
2006 0 +6.210159711e-007 -5.176999938e+001 -5.176999938e+001 -2.3434e+000 +1.6960e+000 +2.2079e+000
2043 0 +4.123300386e-007 -5.176999959e+001 -5.176999959e+001 -2.3436e+000 +1.6961e+000 +2.2079e+000
2063 0 +3.676112357e-007 -5.176999963e+001 -5.176999963e+001 -2.3433e+000 +1.6960e+000 +2.2080e+000
2116 0 +2.555769711e-007 -5.176999974e+001 -5.176999974e+001 -2.3433e+000 +1.6960e+000 +2.2080e+000
2262 0 +1.639890428e-007 -5.176999984e+001 -5.176999984e+001 -2.3430e+000 +1.6960e+000 +2.2081e+000
2309 0 +1.388789315e-007 -5.176999986e+001 -5.176999986e+001 -2.3432e+000 +1.6960e+000 +2.2080e+000
2352 0 +5.707571660e-008 -5.176999994e+001 -5.176999994e+001 -2.3432e+000 +1.6960e+000 +2.2080e+000
2410 0 +5.259290248e-008 -5.176999995e+001 -5.176999995e+001 -2.3432e+000 +1.6960e+000 +2.2080e+000
2455 0 +4.971266776e-008 -5.176999995e+001 -5.176999995e+001 -2.3432e+000 +1.6960e+000 +2.2080e+000
2462 0 +4.816603649e-008 -5.176999995e+001 -5.176999995e+001 -2.3431e+000 +1.6960e+000 +2.2080e+000
2493 0 +3.870456311e-008 -5.176999996e+001 -5.176999996e+001 -2.3432e+000 +1.6960e+000 +2.2080e+000
2535 0 +2.731387383e-008 -5.176999997e+001 -5.176999997e+001 -2.3431e+000 +1.6960e+000 +2.2080e+000
2590 0 +2.276605926e-008 -5.176999998e+001 -5.176999998e+001 -2.3431e+000 +1.6960e+000 +2.2080e+000
2612 0 +1.912408010e-008 -5.176999998e+001 -5.176999998e+001 -2.3432e+000 +1.6960e+000 +2.2080e+000
2618 0 +1.092216451e-008 -5.176999999e+001 -5.176999999e+001 -2.3432e+000 +1.6960e+000 +2.2080e+000
2624 0 +4.922839025e-009 -5.177000000e+001 -5.177000000e+001 -2.3432e+000 +1.6960e+000 +2.2080e+000
% f evaluations | g evaluations | best noise-free fitness - Fopt (-2.229800000000e+002) + sum g_i+ | measured fitness | best measured fitness or single-digit g-values | x1 | x2...
1 0 +5.063313763e+002 +2.833513763e+002 +2.833513763e+002 -9.7582e-001 +1.7983e+000 +3.7810e+000
15 0 +1.947357234e+002 -2.824427663e+001 -2.824427663e+001 +1.3213e+000 +1.3355e+000 -2.8731e+000
48 0 +1.698801621e+002 -5.309983791e+001 -5.309983791e+001 +3.1720e+000 +7.8077e-002 -1.4548e+000
67 0 +9.132699872e+001 -1.316530013e+002 -1.316530013e+002 +1.1519e+000 +8.1433e-001 -7.4130e-001
97 0 +6.954839766e+001 -1.534316023e+002 -1.534316023e+002 +2.6309e+000 +1.8584e-001 -2.2596e+000
126 0 +6.605487264e+001 -1.569251274e+002 -1.569251274e+002 +4.3677e+000 -2.1298e-001 -3.4713e+000
144 0 +2.572401411e+001 -1.972559859e+002 -1.972559859e+002 +1.7285e+000 +8.5110e-001 -1.5810e+000
239 0 +1.653316951e+001 -2.064468305e+002 -2.064468305e+002 +2.8776e+000 +4.4336e-001 -2.5798e+000
240 0 +5.477351659e+000 -2.175026483e+002 -2.175026483e+002 +3.2695e+000 +2.3338e-001 -3.0105e+000
316 0 +4.204675505e+000 -2.187753245e+002 -2.187753245e+002 +3.8052e+000 +5.1006e-002 -3.5257e+000
413 0 +3.801591628e+000 -2.191784084e+002 -2.191784084e+002 +3.5944e+000 +1.4256e-001 -3.3114e+000
425 0 +5.351158975e-001 -2.224448841e+002 -2.224448841e+002 +3.4050e+000 +2.0595e-001 -3.1416e+000
513 0 +3.349033596e-001 -2.226450966e+002 -2.226450966e+002 +3.3184e+000 +2.3927e-001 -3.0626e+000
603 0 +3.103079981e-001 -2.226696920e+002 -2.226696920e+002 +3.4584e+000 +1.7984e-001 -3.1870e+000
626 0 +1.746168271e-001 -2.228053832e+002 -2.228053832e+002 +3.3963e+000 +2.0670e-001 -3.1343e+000
708 0 +1.534493717e-001 -2.228265506e+002 -2.228265506e+002 +3.5267e+000 +1.5364e-001 -3.2501e+000
733 0 +1.195706384e-001 -2.228604294e+002 -2.228604294e+002 +3.4335e+000 +1.9134e-001 -3.1669e+000
738 0 +1.330167552e-002 -2.229666983e+002 -2.229666983e+002 +3.4589e+000 +1.8116e-001 -3.1891e+000
906 0 +6.695701919e-003 -2.229733043e+002 -2.229733043e+002 +3.4502e+000 +1.8485e-001 -3.1813e+000
947 0 +2.270746100e-003 -2.229777293e+002 -2.229777293e+002 +3.4558e+000 +1.8248e-001 -3.1862e+000
1167 0 +8.187514686e-004 -2.229791812e+002 -2.229791812e+002 +3.4510e+000 +1.8448e-001 -3.1820e+000
1271 0 +6.933449092e-004 -2.229793067e+002 -2.229793067e+002 +3.4551e+000 +1.8276e-001 -3.1856e+000
1275 0 +3.284097907e-004 -2.229796716e+002 -2.229796716e+002 +3.4562e+000 +1.8232e-001 -3.1866e+000
1348 0 +2.795244085e-004 -2.229797205e+002 -2.229797205e+002 +3.4570e+000 +1.8201e-001 -3.1872e+000
1367 0 +9.565273189e-006 -2.229799904e+002 -2.229799904e+002 +3.4569e+000 +1.8203e-001 -3.1872e+000
1702 0 +9.323918420e-006 -2.229799907e+002 -2.229799907e+002 +3.4557e+000 +1.8251e-001 -3.1862e+000
1741 0 +7.129594565e-006 -2.229799929e+002 -2.229799929e+002 +3.4560e+000 +1.8241e-001 -3.1864e+000
1743 0 +3.116528063e-006 -2.229799969e+002 -2.229799969e+002 +3.4562e+000 +1.8233e-001 -3.1866e+000
1790 0 +2.282775370e-006 -2.229799977e+002 -2.229799977e+002 +3.4562e+000 +1.8231e-001 -3.1866e+000
1806 0 +1.599359564e-006 -2.229799984e+002 -2.229799984e+002 +3.4558e+000 +1.8248e-001 -3.1862e+000
1877 0 +9.594240282e-007 -2.229799990e+002 -2.229799990e+002 +3.4563e+000 +1.8228e-001 -3.1867e+000
2039 0 +8.990001277e-007 -2.229799991e+002 -2.229799991e+002 +3.4559e+000 +1.8243e-001 -3.1863e+000
2083 0 +6.942055677e-007 -2.229799993e+002 -2.229799993e+002 +3.4560e+000 +1.8240e-001 -3.1864e+000
2091 0 +4.554279087e-007 -2.229799995e+002 -2.229799995e+002 +3.4557e+000 +1.8251e-001 -3.1862e+000
2114 0 +1.564116019e-007 -2.229799998e+002 -2.229799998e+002 +3.4561e+000 +1.8238e-001 -3.1864e+000
2269 0 +1.270261691e-007 -2.229799999e+002 -2.229799999e+002 +3.4561e+000 +1.8238e-001 -3.1864e+000
2298 0 +9.887165220e-008 -2.229799999e+002 -2.229799999e+002 +3.4559e+000 +1.8245e-001 -3.1863e+000
2309 0 +7.967915394e-008 -2.229799999e+002 -2.229799999e+002 +3.4560e+000 +1.8239e-001 -3.1864e+000
2421 0 +7.376539202e-008 -2.229799999e+002 -2.229799999e+002 +3.4560e+000 +1.8240e-001 -3.1864e+000
2451 0 +4.023581823e-008 -2.229800000e+002 -2.229800000e+002 +3.4560e+000 +1.8242e-001 -3.1864e+000
2484 0 +1.629402391e-008 -2.229800000e+002 -2.229800000e+002 +3.4560e+000 +1.8239e-001 -3.1864e+000
2575 0 +1.435006425e-008 -2.229800000e+002 -2.229800000e+002 +3.4560e+000 +1.8239e-001 -3.1864e+000
2642 0 +1.314850806e-008 -2.229800000e+002 -2.229800000e+002 +3.4560e+000 +1.8240e-001 -3.1864e+000
2657 0 +1.145099304e-008 -2.229800000e+002 -2.229800000e+002 +3.4560e+000 +1.8238e-001 -3.1864e+000
2668 0 +9.867903827e-009 -2.229800000e+002 -2.229800000e+002 +3.4560e+000 +1.8241e-001 -3.1864e+000
% f evaluations | g evaluations | best noise-free fitness - Fopt (5.860000000000e+000) + sum g_i+ | measured fitness | best measured fitness or single-digit g-values | x1 | x2...
1 0 +8.398087409e+002 +8.456687409e+002 +8.456687409e+002 +8.1741e-001 -2.4300e+000 +5.5545e-001
6 0 +6.937125437e+002 +6.995725437e+002 +6.995725437e+002 -1.0082e+000 +3.4060e+000 +3.9110e+000
8 0 +5.884260467e+002 +5.942860467e+002 +5.942860467e+002 -5.0000e+000 +5.0000e+000 -5.0840e-002
9 0 +2.768199823e+002 +2.826799823e+002 +2.826799823e+002 -7.7717e-001 +2.1311e+000 -9.1552e-002
11 0 +1.453178112e+002 +1.511778112e+002 +1.511778112e+002 -1.5395e+000 +1.8972e+000 +3.4579e-004
12 0 +9.797265489e+001 +1.038326549e+002 +1.038326549e+002 -1.7736e+000 +1.7670e+000 -1.1675e-001
41 0 +4.084519546e+001 +4.670519546e+001 +4.670519546e+001 -2.4764e+000 +1.4891e+000 -9.1437e-001
110 0 +3.172849552e+001 +3.758849552e+001 +3.758849552e+001 -2.4787e+000 +1.6392e+000 -5.4421e-001
155 0 +2.666121936e+001 +3.252121936e+001 +3.252121936e+001 -3.3668e+000 +1.9836e+000 -1.0112e+000
175 0 +2.196961060e+001 +2.782961060e+001 +2.782961060e+001 -3.0768e+000 +1.7879e+000 -7.3540e-001
214 0 +1.614233552e+001 +2.200233552e+001 +2.200233552e+001 -3.6139e+000 +2.0417e+000 -9.8055e-001
250 0 +1.491174992e+001 +2.077174992e+001 +2.077174992e+001 -2.9706e+000 +1.8181e+000 -7.2717e-001
289 0 +9.095728871e+000 +1.495572887e+001 +1.495572887e+001 -2.8753e+000 +1.7877e+000 -7.7788e-001
338 0 +5.207482094e+000 +1.106748209e+001 +1.106748209e+001 -3.9031e+000 +2.0438e+000 -1.0204e+000
372 0 +1.092759947e+000 +6.952759947e+000 +6.952759947e+000 -3.6431e+000 +1.9841e+000 -9.6933e-001
410 0 +9.322055195e-001 +6.792205520e+000 +6.792205520e+000 -4.0208e+000 +2.0952e+000 -1.0515e+000
460 0 +8.034747379e-001 +6.663474738e+000 +6.663474738e+000 -3.8124e+000 +2.0346e+000 -1.0045e+000
482 0 +3.300044334e-001 +6.190004433e+000 +6.190004433e+000 -3.7536e+000 +2.0194e+000 -9.9286e-001
571 0 +2.321970627e-001 +6.092197063e+000 +6.092197063e+000 -3.7096e+000 +2.0061e+000 -9.8714e-001
622 0 +1.396034928e-002 +5.873960349e+000 +5.873960349e+000 -3.7710e+000 +2.0249e+000 -9.9859e-001
883 0 +8.004842260e-003 +5.868004842e+000 +5.868004842e+000 -3.7510e+000 +2.0191e+000 -9.9443e-001
941 0 +4.626298987e-003 +5.864626299e+000 +5.864626299e+000 -3.7563e+000 +2.0207e+000 -9.9546e-001
984 0 +7.740721890e-004 +5.860774072e+000 +5.860774072e+000 -3.7587e+000 +2.0214e+000 -9.9595e-001
1106 0 +5.422575368e-004 +5.860542258e+000 +5.860542258e+000 -3.7518e+000 +2.0194e+000 -9.9453e-001
1123 0 +2.168037892e-004 +5.860216804e+000 +5.860216804e+000 -3.7506e+000 +2.0190e+000 -9.9428e-001
1228 0 +7.131382250e-005 +5.860071314e+000 +5.860071314e+000 -3.7513e+000 +2.0192e+000 -9.9442e-001
1261 0 +4.763879977e-005 +5.860047639e+000 +5.860047639e+000 -3.7520e+000 +2.0194e+000 -9.9458e-001
1408 0 +2.174762701e-005 +5.860021748e+000 +5.860021748e+000 -3.7516e+000 +2.0193e+000 -9.9447e-001
1423 0 +1.817135506e-005 +5.860018171e+000 +5.860018171e+000 -3.7519e+000 +2.0194e+000 -9.9454e-001
1555 0 +6.542561366e-006 +5.860006543e+000 +5.860006543e+000 -3.7512e+000 +2.0192e+000 -9.9440e-001
1581 0 +3.531545787e-006 +5.860003532e+000 +5.860003532e+000 -3.7512e+000 +2.0192e+000 -9.9440e-001
1622 0 +3.190605137e-006 +5.860003191e+000 +5.860003191e+000 -3.7508e+000 +2.0191e+000 -9.9432e-001
1739 0 +3.023030083e-006 +5.860003023e+000 +5.860003023e+000 -3.7515e+000 +2.0193e+000 -9.9446e-001
1764 0 +2.545793397e-006 +5.860002546e+000 +5.860002546e+000 -3.7511e+000 +2.0192e+000 -9.9438e-001
1792 0 +1.953788852e-006 +5.860001954e+000 +5.860001954e+000 -3.7510e+000 +2.0191e+000 -9.9436e-001
1877 0 +1.365062975e-006 +5.860001365e+000 +5.860001365e+000 -3.7513e+000 +2.0192e+000 -9.9441e-001
1890 0 +1.181094426e-006 +5.860001181e+000 +5.860001181e+000 -3.7514e+000 +2.0193e+000 -9.9444e-001
1917 0 +2.391552592e-007 +5.860000239e+000 +5.860000239e+000 -3.7511e+000 +2.0192e+000 -9.9438e-001
2115 0 +1.851826745e-007 +5.860000185e+000 +5.860000185e+000 -3.7512e+000 +2.0192e+000 -9.9439e-001
2130 0 +1.370218028e-007 +5.860000137e+000 +5.860000137e+000 -3.7514e+000 +2.0192e+000 -9.9443e-001
2197 0 +1.036437620e-007 +5.860000104e+000 +5.860000104e+000 -3.7512e+000 +2.0192e+000 -9.9440e-001
2262 0 +4.813426813e-008 +5.860000048e+000 +5.860000048e+000 -3.7511e+000 +2.0192e+000 -9.9439e-001
2325 0 +4.649969920e-008 +5.860000046e+000 +5.860000046e+000 -3.7512e+000 +2.0192e+000 -9.9441e-001
2460 0 +1.357362134e-008 +5.860000014e+000 +5.860000014e+000 -3.7512e+000 +2.0192e+000 -9.9440e-001
2563 0 +1.281557349e-008 +5.860000013e+000 +5.860000013e+000 -3.7512e+000 +2.0192e+000 -9.9440e-001
2655 0 +2.127606535e-009 +5.860000002e+000 +5.860000002e+000 -3.7512e+000 +2.0192e+000 -9.9440e-001
% f evaluations | g evaluations | best noise-free fitness - Fopt (2.048600000000e+002) + sum g_i+ | measured fitness | best measured fitness or single-digit g-values | x1 | x2...
1 0 +5.472472138e+002 +7.521072138e+002 +7.521072138e+002 -3.1722e+000 +4.6422e+000 +3.2412e+000
2 0 +2.995237957e+002 +5.043837957e+002 +5.043837957e+002 -2.7050e+000 -1.0547e+000 +8.2469e-001
15 0 +2.947655284e+002 +4.996255284e+002 +4.996255284e+002 -1.5553e+000 +1.0344e+000 +9.5501e-001
29 0 +2.346574810e+002 +4.395174810e+002 +4.395174810e+002 -5.0608e-001 -2.0604e+000 +5.5280e-002
30 0 +1.198798681e+002 +3.247398681e+002 +3.247398681e+002 -1.6281e+000 -1.8060e+000 -1.1362e+000
58 0 +4.843100080e+001 +2.532910008e+002 +2.532910008e+002 -1.6569e+000 -5.7570e-001 -1.7073e-001
148 0 +3.596501891e+001 +2.408250189e+002 +2.408250189e+002 -1.8812e+000 -6.1278e-001 -1.4768e-001
176 0 +3.340479257e+001 +2.382647926e+002 +2.382647926e+002 -2.2896e+000 +3.8700e-001 +1.9781e+000
221 0 +2.648919290e+001 +2.313491929e+002 +2.313491929e+002 -2.0010e+000 -4.0373e-001 +5.4965e-001
228 0 +2.156076909e+001 +2.264207691e+002 +2.264207691e+002 -1.7336e+000 -8.2101e-001 -3.5074e-001
230 0 +1.040002887e+001 +2.152600289e+002 +2.152600289e+002 -1.7949e+000 -6.3056e-001 +2.4363e-001
269 0 +8.483577081e+000 +2.133435771e+002 +2.133435771e+002 -2.0093e+000 -1.3053e-001 +9.2218e-001
337 0 +4.911325251e+000 +2.097713253e+002 +2.097713253e+002 -1.8367e+000 -4.8003e-001 +3.6423e-001
339 0 +4.568083538e+000 +2.094280835e+002 +2.094280835e+002 -1.5622e+000 -1.0638e+000 -5.7722e-001
342 0 +1.562240351e+000 +2.064222404e+002 +2.064222404e+002 -1.7842e+000 -6.2999e-001 +1.4433e-001
375 0 +1.306084894e+000 +2.061660849e+002 +2.061660849e+002 -1.7489e+000 -6.9295e-001 +4.7780e-002
392 0 +6.407250854e-001 +2.055007251e+002 +2.055007251e+002 -1.7934e+000 -6.0752e-001 +1.6799e-001
448 0 +1.347305049e-001 +2.049947305e+002 +2.049947305e+002 -1.7672e+000 -6.5311e-001 +9.4284e-002
467 0 +9.949765029e-002 +2.049594977e+002 +2.049594977e+002 -1.7741e+000 -6.4029e-001 +1.1470e-001
490 0 +3.868256785e-002 +2.048986826e+002 +2.048986826e+002 -1.7621e+000 -6.6362e-001 +7.9120e-002
745 0 +2.781168537e-002 +2.048878117e+002 +2.048878117e+002 -1.7651e+000 -6.5772e-001 +8.8284e-002
750 0 +1.720877026e-002 +2.048772088e+002 +2.048772088e+002 -1.7657e+000 -6.5625e-001 +9.0818e-002
762 0 +1.210519545e-002 +2.048721052e+002 +2.048721052e+002 -1.7677e+000 -6.5247e-001 +9.6632e-002
790 0 +1.106458364e-002 +2.048710646e+002 +2.048710646e+002 -1.7682e+000 -6.5156e-001 +9.8065e-002
865 0 +6.140723212e-003 +2.048661407e+002 +2.048661407e+002 -1.7697e+000 -6.4865e-001 +1.0272e-001
967 0 +2.132586008e-003 +2.048621326e+002 +2.048621326e+002 -1.7721e+000 -6.4394e-001 +1.1007e-001
1053 0 +1.780957301e-003 +2.048617810e+002 +2.048617810e+002 -1.7682e+000 -6.5161e-001 +9.8131e-002
1091 0 +8.535548835e-004 +2.048608536e+002 +2.048608536e+002 -1.7689e+000 -6.5012e-001 +1.0045e-001
1165 0 +6.907423757e-004 +2.048606907e+002 +2.048606907e+002 -1.7701e+000 -6.4791e-001 +1.0389e-001
1216 0 +1.897388716e-004 +2.048601897e+002 +2.048601897e+002 -1.7685e+000 -6.5107e-001 +9.8963e-002
1249 0 +1.806352742e-005 +2.048600181e+002 +2.048600181e+002 -1.7686e+000 -6.5073e-001 +9.9489e-002
1488 0 +1.619743122e-005 +2.048600162e+002 +2.048600162e+002 -1.7685e+000 -6.5094e-001 +9.9164e-002
1506 0 +1.294668093e-005 +2.048600129e+002 +2.048600129e+002 -1.7687e+000 -6.5050e-001 +9.9846e-002
1524 0 +1.003450419e-005 +2.048600100e+002 +2.048600100e+002 -1.7688e+000 -6.5031e-001 +1.0014e-001
1535 0 +3.197265784e-006 +2.048600032e+002 +2.048600032e+002 -1.7688e+000 -6.5042e-001 +9.9976e-002
1597 0 +1.822454294e-006 +2.048600018e+002 +2.048600018e+002 -1.7687e+000 -6.5056e-001 +9.9751e-002
1726 0 +6.999347875e-007 +2.048600007e+002 +2.048600007e+002 -1.7688e+000 -6.5043e-001 +9.9958e-002
1762 0 +5.818948239e-007 +2.048600006e+002 +2.048600006e+002 -1.7688e+000 -6.5036e-001 +1.0006e-001
1783 0 +4.759462797e-007 +2.048600005e+002 +2.048600005e+002 -1.7688e+000 -6.5031e-001 +1.0014e-001
1813 0 +3.207430552e-007 +2.048600003e+002 +2.048600003e+002 -1.7688e+000 -6.5032e-001 +1.0013e-001
1966 0 +2.486576136e-007 +2.048600002e+002 +2.048600002e+002 -1.7688e+000 -6.5047e-001 +9.9891e-002
1986 0 +1.974755719e-007 +2.048600002e+002 +2.048600002e+002 -1.7688e+000 -6.5032e-001 +1.0013e-001
1989 0 +1.347014802e-007 +2.048600001e+002 +2.048600001e+002 -1.7687e+000 -6.5052e-001 +9.9815e-002
1990 0 +9.818947433e-008 +2.048600001e+002 +2.048600001e+002 -1.7688e+000 -6.5039e-001 +1.0001e-001
2106 0 +7.600544905e-008 +2.048600001e+002 +2.048600001e+002 -1.7688e+000 -6.5037e-001 +1.0004e-001
2142 0 +5.858933605e-008 +2.048600001e+002 +2.048600001e+002 -1.7688e+000 -6.5037e-001 +1.0004e-001
2226 0 +5.495047617e-008 +2.048600001e+002 +2.048600001e+002 -1.7688e+000 -6.5039e-001 +1.0001e-001
2235 0 +4.342194870e-008 +2.048600000e+002 +2.048600000e+002 -1.7688e+000 -6.5041e-001 +9.9978e-002
2250 0 +3.666585258e-008 +2.048600000e+002 +2.048600000e+002 -1.7688e+000 -6.5044e-001 +9.9935e-002
2274 0 +1.893096169e-008 +2.048600000e+002 +2.048600000e+002 -1.7688e+000 -6.5043e-001 +9.9954e-002
2325 0 +4.649621133e-009 +2.048600000e+002 +2.048600000e+002 -1.7688e+000 -6.5039e-001 +1.0001e-001
% f evaluations | g evaluations | best noise-free fitness - Fopt (1.154900000000e+002) + sum g_i+ | measured fitness | best measured fitness or single-digit g-values | x1 | x2...
1 0 +7.899842007e+002 +9.054742007e+002 +9.054742007e+002 +3.4644e+000 -1.2193e+000 +1.9276e+000
4 0 +5.485744968e+002 +6.640644968e+002 +6.640644968e+002 +1.0180e+000 +6.0841e-001 +4.4383e+000
8 0 +4.237697927e+002 +5.392597927e+002 +5.392597927e+002 -5.0000e+000 +1.1925e+000 +5.0000e+000
13 0 +2.253080070e+002 +3.407980070e+002 +3.407980070e+002 -7.5515e-001 -2.1746e+000 +4.3505e+000
19 0 +2.133226316e+002 +3.288126316e+002 +3.288126316e+002 -2.5404e-001 -1.3727e+000 +4.4779e+000
48 0 +6.424220058e+001 +1.797322006e+002 +1.797322006e+002 -3.6794e+000 -8.4712e-001 +2.7860e+000
77 0 +1.884993685e+001 +1.343399369e+002 +1.343399369e+002 -2.0294e+000 -1.9644e+000 +2.9745e+000
190 0 +1.036708068e+001 +1.258570807e+002 +1.258570807e+002 -2.3960e+000 -1.6430e+000 +2.9602e+000
250 0 +6.865338159e+000 +1.223553382e+002 +1.223553382e+002 -3.3513e+000 -1.2680e+000 +2.8699e+000
252 0 +6.668681690e+000 +1.221586817e+002 +1.221586817e+002 -2.3581e+000 -1.7388e+000 +2.9740e+000
313 0 +3.596033300e+000 +1.190860333e+002 +1.190860333e+002 -2.8561e+000 -1.4587e+000 +2.9378e+000
415 0 +2.480456654e+000 +1.179704567e+002 +1.179704567e+002 -2.5939e+000 -1.5896e+000 +2.9575e+000
433 0 +1.253880832e+000 +1.167438808e+002 +1.167438808e+002 -2.5284e+000 -1.6139e+000 +2.9726e+000
463 0 +6.157147274e-001 +1.161057147e+002 +1.161057147e+002 -2.4397e+000 -1.6558e+000 +2.9838e+000
540 0 +3.636222688e-001 +1.158536223e+002 +1.158536223e+002 -2.3542e+000 -1.6924e+000 +2.9982e+000
566 0 +2.430170288e-001 +1.157330170e+002 +1.157330170e+002 -2.4105e+000 -1.6656e+000 +2.9915e+000
626 0 +1.175244531e-001 +1.156075245e+002 +1.156075245e+002 -2.4305e+000 -1.6589e+000 +2.9888e+000
687 0 +5.125464402e-002 +1.155412546e+002 +1.155412546e+002 -2.4326e+000 -1.6580e+000 +2.9880e+000
697 0 +3.250224637e-002 +1.155225022e+002 +1.155225022e+002 -2.4297e+000 -1.6591e+000 +2.9883e+000
741 0 +3.154698681e-002 +1.155215470e+002 +1.155215470e+002 -2.4191e+000 -1.6636e+000 +2.9898e+000
804 0 +3.053306247e-002 +1.155205331e+002 +1.155205331e+002 -2.4038e+000 -1.6703e+000 +2.9915e+000
820 0 +2.277127623e-002 +1.155127713e+002 +1.155127713e+002 -2.3846e+000 -1.6788e+000 +2.9933e+000
823 0 +1.717854149e-002 +1.155071785e+002 +1.155071785e+002 -2.4000e+000 -1.6721e+000 +2.9916e+000
837 0 +4.326630755e-003 +1.154943266e+002 +1.154943266e+002 -2.4229e+000 -1.6619e+000 +2.9893e+000
913 0 +1.992969700e-003 +1.154919930e+002 +1.154919930e+002 -2.4198e+000 -1.6633e+000 +2.9896e+000
932 0 +1.448856599e-003 +1.154914489e+002 +1.154914489e+002 -2.4287e+000 -1.6593e+000 +2.9886e+000
1068 0 +9.481965513e-004 +1.154909482e+002 +1.154909482e+002 -2.4285e+000 -1.6594e+000 +2.9887e+000
1161 0 +8.184389663e-004 +1.154908184e+002 +1.154908184e+002 -2.4209e+000 -1.6628e+000 +2.9895e+000
1169 0 +8.062982039e-005 +1.154900806e+002 +1.154900806e+002 -2.4260e+000 -1.6605e+000 +2.9889e+000
1299 0 +9.539180397e-006 +1.154900095e+002 +1.154900095e+002 -2.4264e+000 -1.6603e+000 +2.9889e+000
1529 0 +6.332076339e-007 +1.154900006e+002 +1.154900006e+002 -2.4272e+000 -1.6600e+000 +2.9888e+000
1812 0 +3.918578670e-007 +1.154900004e+002 +1.154900004e+002 -2.4274e+000 -1.6599e+000 +2.9888e+000
1929 0 +2.472590950e-007 +1.154900002e+002 +1.154900002e+002 -2.4272e+000 -1.6600e+000 +2.9888e+000
1992 0 +1.583189118e-007 +1.154900002e+002 +1.154900002e+002 -2.4273e+000 -1.6599e+000 +2.9888e+000
2052 0 +1.457396763e-007 +1.154900001e+002 +1.154900001e+002 -2.4272e+000 -1.6600e+000 +2.9888e+000
2102 0 +8.944324748e-008 +1.154900001e+002 +1.154900001e+002 -2.4272e+000 -1.6600e+000 +2.9888e+000
2127 0 +5.438162987e-008 +1.154900001e+002 +1.154900001e+002 -2.4272e+000 -1.6600e+000 +2.9888e+000
2166 0 +4.276832044e-008 +1.154900000e+002 +1.154900000e+002 -2.4272e+000 -1.6600e+000 +2.9888e+000
2193 0 +3.251244607e-008 +1.154900000e+002 +1.154900000e+002 -2.4272e+000 -1.6600e+000 +2.9888e+000
2266 0 +5.700471206e-009 +1.154900000e+002 +1.154900000e+002 -2.4272e+000 -1.6600e+000 +2.9888e+000
% f evaluations | g evaluations | best noise-free fitness - Fopt (1.950500000000e+002) + sum g_i+ | measured fitness | best measured fitness or single-digit g-values | x1 | x2...
1 0 +1.232034612e+003 +1.427084612e+003 +1.427084612e+003 -7.5649e-003 -4.5571e+000 +6.0549e-001
4 0 +1.671825988e+002 +3.622325988e+002 +3.622325988e+002 -2.2063e+000 -4.8748e-001 +6.5862e-001
44 0 +6.472164268e+001 +2.597716427e+002 +2.597716427e+002 -1.0759e+000 -5.4132e-001 -1.3457e+000
104 0 +6.063875220e+001 +2.556887522e+002 +2.556887522e+002 -1.0759e+000 -3.8341e-001 -8.1361e-001
158 0 +1.697003972e+001 +2.120200397e+002 +2.120200397e+002 -1.0388e+000 -6.4500e-001 -1.1741e+000
291 0 +1.319704237e+001 +2.082470424e+002 +2.082470424e+002 -6.0323e-001 -4.7878e-001 -1.5098e+000
347 0 +6.186495027e+000 +2.012364950e+002 +2.012364950e+002 -1.7805e-001 -3.6634e-001 -1.7960e+000
463 0 +5.499232542e+000 +2.005492325e+002 +2.005492325e+002 +8.0259e-001 -1.0460e-001 -2.5903e+000
506 0 +1.573030294e+000 +1.966230303e+002 +1.966230303e+002 +6.2253e-001 -1.6107e-001 -2.4363e+000
528 0 +1.238926361e+000 +1.962889264e+002 +1.962889264e+002 +8.2993e-001 -1.0588e-001 -2.5954e+000
568 0 +7.931566178e-002 +1.951293157e+002 +1.951293157e+002 +7.9896e-001 -1.1476e-001 -2.5650e+000
846 0 +5.124411247e-002 +1.951012441e+002 +1.951012441e+002 +8.1788e-001 -1.0932e-001 -2.5796e+000
958 0 +3.928626759e-002 +1.950892863e+002 +1.950892863e+002 +7.8692e-001 -1.1805e-001 -2.5561e+000
969 0 +2.527964259e-002 +1.950752796e+002 +1.950752796e+002 +8.6107e-001 -9.7857e-002 -2.6132e+000
1001 0 +8.926228742e-003 +1.950589262e+002 +1.950589262e+002 +8.4945e-001 -1.0104e-001 -2.6042e+000
1049 0 +1.917043347e-003 +1.950519170e+002 +1.950519170e+002 +8.4686e-001 -1.0169e-001 -2.6021e+000
1241 0 +1.000685596e-003 +1.950510007e+002 +1.950510007e+002 +8.4861e-001 -1.0121e-001 -2.6035e+000
1278 0 +4.981714459e-004 +1.950504982e+002 +1.950504982e+002 +8.4908e-001 -1.0109e-001 -2.6038e+000
1364 0 +1.152866106e-004 +1.950501153e+002 +1.950501153e+002 +8.5212e-001 -1.0027e-001 -2.6062e+000
1434 0 +8.529742456e-005 +1.950500853e+002 +1.950500853e+002 +8.4890e-001 -1.0114e-001 -2.6037e+000
1571 0 +5.675128116e-005 +1.950500568e+002 +1.950500568e+002 +8.4741e-001 -1.0154e-001 -2.6026e+000
1594 0 +5.331708164e-005 +1.950500533e+002 +1.950500533e+002 +8.5022e-001 -1.0078e-001 -2.6047e+000
1600 0 +3.349188009e-005 +1.950500335e+002 +1.950500335e+002 +8.4872e-001 -1.0119e-001 -2.6036e+000
1606 0 +1.692265556e-005 +1.950500169e+002 +1.950500169e+002 +8.4764e-001 -1.0148e-001 -2.6027e+000
1652 0 +6.939741212e-006 +1.950500069e+002 +1.950500069e+002 +8.4715e-001 -1.0161e-001 -2.6024e+000
1690 0 +6.260431633e-006 +1.950500063e+002 +1.950500063e+002 +8.4696e-001 -1.0167e-001 -2.6022e+000
1744 0 +5.334541385e-006 +1.950500053e+002 +1.950500053e+002 +8.4704e-001 -1.0164e-001 -2.6023e+000
1763 0 +3.383916294e-006 +1.950500034e+002 +1.950500034e+002 +8.4676e-001 -1.0172e-001 -2.6021e+000
1830 0 +1.508410151e-006 +1.950500015e+002 +1.950500015e+002 +8.4730e-001 -1.0157e-001 -2.6025e+000
1840 0 +1.025183963e-006 +1.950500010e+002 +1.950500010e+002 +8.4712e-001 -1.0162e-001 -2.6023e+000
1934 0 +9.816828594e-007 +1.950500010e+002 +1.950500010e+002 +8.4760e-001 -1.0149e-001 -2.6027e+000
1954 0 +7.091530279e-007 +1.950500007e+002 +1.950500007e+002 +8.4732e-001 -1.0157e-001 -2.6025e+000
1957 0 +6.082361494e-007 +1.950500006e+002 +1.950500006e+002 +8.4728e-001 -1.0158e-001 -2.6025e+000
2079 0 +6.005127204e-007 +1.950500006e+002 +1.950500006e+002 +8.4700e-001 -1.0165e-001 -2.6022e+000
2127 0 +2.551012130e-007 +1.950500003e+002 +1.950500003e+002 +8.4715e-001 -1.0161e-001 -2.6024e+000
2185 0 +2.047638361e-007 +1.950500002e+002 +1.950500002e+002 +8.4696e-001 -1.0167e-001 -2.6022e+000
2201 0 +1.039782944e-007 +1.950500001e+002 +1.950500001e+002 +8.4709e-001 -1.0163e-001 -2.6023e+000
2298 0 +1.014797704e-007 +1.950500001e+002 +1.950500001e+002 +8.4714e-001 -1.0162e-001 -2.6024e+000
2333 0 +5.703151373e-008 +1.950500001e+002 +1.950500001e+002 +8.4720e-001 -1.0160e-001 -2.6024e+000
2363 0 +5.591610375e-008 +1.950500001e+002 +1.950500001e+002 +8.4718e-001 -1.0160e-001 -2.6024e+000
2517 0 +3.333315135e-008 +1.950500000e+002 +1.950500000e+002 +8.4711e-001 -1.0162e-001 -2.6023e+000
2543 0 +3.053432351e-008 +1.950500000e+002 +1.950500000e+002 +8.4718e-001 -1.0161e-001 -2.6024e+000
2608 0 +1.591692467e-008 +1.950500000e+002 +1.950500000e+002 +8.4716e-001 -1.0161e-001 -2.6024e+000
2682 0 +5.633381761e-009 +1.950500000e+002 +1.950500000e+002 +8.4717e-001 -1.0161e-001 -2.6024e+000
% f evaluations | g evaluations | best noise-free fitness - Fopt (-2.144800000000e+002) + sum g_i+ | measured fitness | best measured fitness or single-digit g-values | x1 | x2...
1 0 +4.839207136e+002 +2.694407136e+002 +2.694407136e+002 -3.6754e+000 +9.2512e-002 -4.7510e+000
6 0 +2.280261210e+002 +1.354612099e+001 +1.354612099e+001 -1.5465e+000 +2.3225e+000 +1.1867e+000
65 0 +1.991008205e+002 -1.537917954e+001 -1.537917954e+001 -1.9939e+000 +3.0692e+000 +1.5272e+000
81 0 +1.130160042e+002 -1.014639958e+002 -1.014639958e+002 -4.6656e+000 +1.6700e+000 -3.1900e+000
130 0 +5.866603858e+001 -1.558139614e+002 -1.558139614e+002 -3.7711e+000 +2.1387e+000 -1.6462e+000
196 0 +5.338358357e+001 -1.610964164e+002 -1.610964164e+002 -2.9236e+000 +2.3114e+000 -7.8004e-001
200 0 +3.068480031e+001 -1.837951997e+002 -1.837951997e+002 -2.7797e+000 +2.6663e+000 -4.1081e-001
275 0 +7.105094491e+000 -2.073749055e+002 -2.073749055e+002 -1.7559e+000 +3.3979e+000 +9.4577e-001
381 0 +5.752896899e+000 -2.087271031e+002 -2.087271031e+002 -1.5902e+000 +3.4728e+000 +1.1249e+000
392 0 +3.884266378e+000 -2.105957336e+002 -2.105957336e+002 -1.5304e+000 +3.5326e+000 +1.2206e+000
395 0 +3.157878238e+000 -2.113221218e+002 -2.113221218e+002 -1.1890e+000 +3.7995e+000 +1.6994e+000
425 0 +2.727894428e+000 -2.117521056e+002 -2.117521056e+002 -1.6821e+000 +3.4423e+000 +1.0201e+000
443 0 +2.369029762e+000 -2.121109702e+002 -2.121109702e+002 -1.5323e+000 +3.5389e+000 +1.2173e+000
485 0 +1.557960478e+000 -2.129220395e+002 -2.129220395e+002 -1.4436e+000 +3.6153e+000 +1.3392e+000
538 0 +1.001923248e-001 -2.143798077e+002 -2.143798077e+002 -1.6545e+000 +3.4659e+000 +1.0480e+000
594 0 +4.853859371e-002 -2.144314614e+002 -2.144314614e+002 -1.6891e+000 +3.4412e+000 +9.9872e-001
720 0 +4.608715724e-002 -2.144339128e+002 -2.144339128e+002 -1.6920e+000 +3.4392e+000 +9.9417e-001
835 0 +4.528248739e-002 -2.144347175e+002 -2.144347175e+002 -1.7094e+000 +3.4263e+000 +9.6936e-001
856 0 +3.679918271e-002 -2.144432008e+002 -2.144432008e+002 -1.7321e+000 +3.4105e+000 +9.3738e-001
863 0 +1.507565601e-002 -2.144649243e+002 -2.144649243e+002 -1.7075e+000 +3.4280e+000 +9.7231e-001
907 0 +8.157881318e-003 -2.144718421e+002 -2.144718421e+002 -1.6470e+000 +3.4713e+000 +1.0582e+000
927 0 +3.397828838e-003 -2.144766022e+002 -2.144766022e+002 -1.6809e+000 +3.4470e+000 +1.0100e+000
1020 0 +2.827189939e-004 -2.144797173e+002 -2.144797173e+002 -1.6775e+000 +3.4495e+000 +1.0149e+000
1224 0 +5.882297467e-005 -2.144799412e+002 -2.144799412e+002 -1.6788e+000 +3.4485e+000 +1.0130e+000
1309 0 +3.239586468e-005 -2.144799676e+002 -2.144799676e+002 -1.6780e+000 +3.4491e+000 +1.0142e+000
1499 0 +2.590563579e-005 -2.144799741e+002 -2.144799741e+002 -1.6779e+000 +3.4492e+000 +1.0144e+000
1506 0 +2.537944124e-005 -2.144799746e+002 -2.144799746e+002 -1.6780e+000 +3.4491e+000 +1.0141e+000
1524 0 +1.721066181e-005 -2.144799828e+002 -2.144799828e+002 -1.6787e+000 +3.4486e+000 +1.0132e+000
1536 0 +1.175142108e-005 -2.144799882e+002 -2.144799882e+002 -1.6786e+000 +3.4486e+000 +1.0133e+000
1545 0 +1.132100167e-005 -2.144799887e+002 -2.144799887e+002 -1.6771e+000 +3.4497e+000 +1.0154e+000
1559 0 +1.103231813e-005 -2.144799890e+002 -2.144799890e+002 -1.6783e+000 +3.4489e+000 +1.0137e+000
1567 0 +6.960072341e-006 -2.144799930e+002 -2.144799930e+002 -1.6781e+000 +3.4490e+000 +1.0140e+000
1614 0 +2.042528166e-006 -2.144799980e+002 -2.144799980e+002 -1.6784e+000 +3.4488e+000 +1.0137e+000
1627 0 +3.131274582e-007 -2.144799997e+002 -2.144799997e+002 -1.6783e+000 +3.4488e+000 +1.0137e+000
1804 0 +3.028307276e-007 -2.144799997e+002 -2.144799997e+002 -1.6784e+000 +3.4488e+000 +1.0136e+000
2039 0 +1.873245310e-007 -2.144799998e+002 -2.144799998e+002 -1.6782e+000 +3.4489e+000 +1.0138e+000
2100 0 +1.858678047e-007 -2.144799998e+002 -2.144799998e+002 -1.6783e+000 +3.4489e+000 +1.0138e+000
2189 0 +1.536918148e-007 -2.144799998e+002 -2.144799998e+002 -1.6783e+000 +3.4489e+000 +1.0138e+000
2206 0 +1.393134426e-007 -2.144799999e+002 -2.144799999e+002 -1.6783e+000 +3.4489e+000 +1.0138e+000
2252 0 +1.082757421e-007 -2.144799999e+002 -2.144799999e+002 -1.6784e+000 +3.4488e+000 +1.0136e+000
2310 0 +6.596863500e-008 -2.144799999e+002 -2.144799999e+002 -1.6784e+000 +3.4488e+000 +1.0136e+000
2354 0 +4.464931180e-008 -2.144800000e+002 -2.144800000e+002 -1.6783e+000 +3.4488e+000 +1.0137e+000
2405 0 +3.802310289e-008 -2.144800000e+002 -2.144800000e+002 -1.6784e+000 +3.4488e+000 +1.0136e+000
2423 0 +3.421689598e-008 -2.144800000e+002 -2.144800000e+002 -1.6784e+000 +3.4488e+000 +1.0136e+000
2503 0 +2.507877639e-008 -2.144800000e+002 -2.144800000e+002 -1.6784e+000 +3.4488e+000 +1.0136e+000
2535 0 +2.034272484e-008 -2.144800000e+002 -2.144800000e+002 -1.6784e+000 +3.4488e+000 +1.0137e+000
2555 0 +1.046285547e-008 -2.144800000e+002 -2.144800000e+002 -1.6784e+000 +3.4488e+000 +1.0136e+000
2689 0 +8.351179304e-009 -2.144800000e+002 -2.144800000e+002 -1.6784e+000 +3.4488e+000 +1.0136e+000
% f evaluations | g evaluations | best noise-free fitness - Fopt (-4.590000000000e+001) + sum g_i+ | measured fitness | best measured fitness or single-digit g-values | x1 | x2...
1 0 +8.601734828e+002 +8.142734828e+002 +8.142734828e+002 -2.1807e+000 -1.0287e+000 -4.1721e+000
2 0 +2.352382917e+002 +1.893382917e+002 +1.893382917e+002 -3.9740e+000 -9.1821e-001 +1.4871e+000
8 0 +1.973120883e+002 +1.514120883e+002 +1.514120883e+002 -1.8992e+000 -6.6894e-001 +2.3285e-001
52 0 +1.674738404e+002 +1.215738404e+002 +1.215738404e+002 -4.1197e+000 -2.0366e+000 +3.4683e-001
54 0 +1.338123847e+002 +8.791238471e+001 +8.791238471e+001 +4.8306e-001 -8.5475e-001 -1.1782e-001
65 0 +1.130829204e+002 +6.718292042e+001 +6.718292042e+001 -4.0966e-001 -1.5053e+000 +7.4849e-001
67 0 +1.033346111e+002 +5.743461108e+001 +5.743461108e+001 -1.9030e+000 -1.5691e+000 +9.5464e-001
77 0 +2.964387026e+001 -1.625612974e+001 -1.625612974e+001 -4.6018e-001 -1.5147e+000 +6.8170e-002
128 0 +1.139409736e+001 -3.450590264e+001 -3.450590264e+001 -2.7605e-001 -1.6077e+000 +1.0367e-001
155 0 +8.670952847e+000 -3.722904715e+001 -3.722904715e+001 -3.1037e-001 -1.6664e+000 +1.2699e-001
249 0 +3.838135876e+000 -4.206186412e+001 -4.206186412e+001 -3.0935e-001 -1.6768e+000 +5.8292e-002
298 0 +2.747602074e+000 -4.315239793e+001 -4.315239793e+001 +4.3891e-002 -1.6857e+000 -1.5233e-002
387 0 +4.049296905e-001 -4.549507031e+001 -4.549507031e+001 -1.4326e-001 -1.6712e+000 +3.5254e-002
435 0 +2.443451528e-001 -4.565565485e+001 -4.565565485e+001 +1.2991e-001 -1.6693e+000 -3.4654e-002
575 0 +2.006879872e-001 -4.569931201e+001 -4.569931201e+001 +1.7292e-002 -1.6680e+000 -5.1289e-003
608 0 +1.673625759e-001 -4.573263742e+001 -4.573263742e+001 +5.2208e-002 -1.6695e+000 -1.5994e-002
672 0 +1.630723164e-001 -4.573692768e+001 -4.573692768e+001 -1.2370e-002 -1.6682e+000 +2.1046e-003
721 0 +1.480620454e-001 -4.575193795e+001 -4.575193795e+001 +8.8687e-002 -1.6690e+000 -2.3988e-002
729 0 +8.059677303e-002 -4.581940323e+001 -4.581940323e+001 +5.8063e-003 -1.6692e+000 -2.7847e-003
731 0 +3.652110167e-002 -4.586347890e+001 -4.586347890e+001 +2.3114e-002 -1.6690e+000 -7.4765e-003
791 0 +5.814938312e-003 -4.589418506e+001 -4.589418506e+001 +4.6713e-002 -1.6688e+000 -1.3709e-002
922 0 +4.668047536e-003 -4.589533195e+001 -4.589533195e+001 +4.3749e-002 -1.6688e+000 -1.2987e-002
945 0 +1.341531802e-003 -4.589865847e+001 -4.589865847e+001 +4.0969e-002 -1.6688e+000 -1.2249e-002
976 0 +1.266229725e-003 -4.589873377e+001 -4.589873377e+001 +3.9311e-002 -1.6688e+000 -1.1829e-002
1044 0 +1.177975122e-003 -4.589882202e+001 -4.589882202e+001 +4.0608e-002 -1.6688e+000 -1.2151e-002
1083 0 +5.315949893e-004 -4.589946841e+001 -4.589946841e+001 +3.9179e-002 -1.6688e+000 -1.1785e-002
1092 0 +5.239491416e-004 -4.589947605e+001 -4.589947605e+001 +4.3200e-002 -1.6688e+000 -1.2828e-002
1180 0 +1.366774775e-004 -4.589986332e+001 -4.589986332e+001 +3.9211e-002 -1.6688e+000 -1.1795e-002
1258 0 +6.145530465e-005 -4.589993854e+001 -4.589993854e+001 +3.8975e-002 -1.6688e+000 -1.1734e-002
1343 0 +2.801928362e-005 -4.589997198e+001 -4.589997198e+001 +3.9888e-002 -1.6688e+000 -1.1971e-002
1366 0 +2.365722512e-005 -4.589997634e+001 -4.589997634e+001 +4.0410e-002 -1.6688e+000 -1.2106e-002
1461 0 +9.138219809e-006 -4.589999086e+001 -4.589999086e+001 +4.0131e-002 -1.6688e+000 -1.2034e-002
1524 0 +2.714198985e-006 -4.589999729e+001 -4.589999729e+001 +4.0054e-002 -1.6688e+000 -1.2014e-002
1544 0 +2.312478202e-006 -4.589999769e+001 -4.589999769e+001 +4.0040e-002 -1.6688e+000 -1.2010e-002
1645 0 +3.308645518e-007 -4.589999967e+001 -4.589999967e+001 +3.9977e-002 -1.6688e+000 -1.1994e-002
1903 0 +2.397719072e-007 -4.589999976e+001 -4.589999976e+001 +4.0018e-002 -1.6688e+000 -1.2005e-002
2007 0 +1.762581263e-007 -4.589999982e+001 -4.589999982e+001 +3.9985e-002 -1.6688e+000 -1.1996e-002
2028 0 +1.044861193e-007 -4.589999990e+001 -4.589999990e+001 +4.0045e-002 -1.6688e+000 -1.2012e-002
2037 0 +4.930315356e-008 -4.589999995e+001 -4.589999995e+001 +3.9944e-002 -1.6688e+000 -1.1985e-002
2111 0 +3.110601909e-008 -4.589999997e+001 -4.589999997e+001 +3.9960e-002 -1.6688e+000 -1.1990e-002
2292 0 +2.013712930e-008 -4.589999998e+001 -4.589999998e+001 +3.9994e-002 -1.6688e+000 -1.1998e-002
2332 0 +1.375872216e-008 -4.589999999e+001 -4.589999999e+001 +3.9981e-002 -1.6688e+000 -1.1995e-002
2419 0 +9.380052290e-009 -4.589999999e+001 -4.589999999e+001 +3.9997e-002 -1.6688e+000 -1.1999e-002
