% f evaluations | g evaluations | best noise-free fitness - Fopt (1.000000000000e+003) + sum g_i+ | measured fitness | best measured fitness or single-digit g-values | x1 | x2...
1 0 +1.177700675e+002 +1.117770067e+003 +1.117770067e+003 +4.9227e+000 -6.2775e-001
6 0 +5.177511090e+001 +1.051775111e+003 +1.051775111e+003 +8.4060e-001 +1.9572e+000
9 0 +1.433507987e+001 +1.014335080e+003 +1.014335080e+003 -1.4928e+000 +1.0367e+000
12 0 +7.420432504e+000 +1.007420433e+003 +1.007420433e+003 -1.4330e+000 +2.5963e+000
101 0 +3.590572062e+000 +1.003590572e+003 +1.003590572e+003 -2.0446e+000 +2.5845e+000
141 0 +2.907399604e+000 +1.002907400e+003 +1.002907400e+003 -2.0445e+000 +2.5451e+000
196 0 +2.380241384e+000 +1.002380241e+003 +1.002380241e+003 -3.0131e+000 +3.0154e+000
222 0 +1.566162381e+000 +1.001566162e+003 +1.001566162e+003 -3.4719e+000 +2.8663e+000
276 0 +1.001715664e+000 +1.001001716e+003 +1.001001716e+003 -3.0810e+000 +2.9877e+000
277 0 +6.191776473e-001 +1.000619178e+003 +1.000619178e+003 -3.0238e+000 +2.9670e+000
417 0 +5.099888196e-002 +1.000050999e+003 +1.000050999e+003 -3.0567e+000 +3.0072e+000
530 0 +1.651753592e-002 +1.000016518e+003 +1.000016518e+003 -3.0552e+000 +3.0040e+000
596 0 +5.827090471e-003 +1.000005827e+003 +1.000005827e+003 -3.0523e+000 +2.9986e+000
718 0 +2.836716983e-003 +1.000002837e+003 +1.000002837e+003 -3.0577e+000 +3.0034e+000
782 0 +1.690735185e-003 +1.000001691e+003 +1.000001691e+003 -3.0565e+000 +3.0026e+000
811 0 +1.318532095e-003 +1.000001319e+003 +1.000001319e+003 -3.0569e+000 +3.0026e+000
830 0 +4.596874686e-004 +1.000000460e+003 +1.000000460e+003 -3.0565e+000 +3.0019e+000
856 0 +1.833552745e-004 +1.000000183e+003 +1.000000183e+003 -3.0562e+000 +3.0010e+000
871 0 +1.338705445e-004 +1.000000134e+003 +1.000000134e+003 -3.0571e+000 +3.0020e+000
873 0 +4.040612748e-005 +1.000000040e+003 +1.000000040e+003 -3.0568e+000 +3.0014e+000
879 0 +3.412379829e-005 +1.000000034e+003 +1.000000034e+003 -3.0565e+000 +3.0014e+000
885 0 +5.345863201e-007 +1.000000001e+003 +1.000000001e+003 -3.0568e+000 +3.0016e+000
936 0 +8.830977549e-008 +1.000000000e+003 +1.000000000e+003 -3.0568e+000 +3.0016e+000
997 0 +6.079233117e-008 +1.000000000e+003 +1.000000000e+003 -3.0568e+000 +3.0016e+000
1017 0 +7.315065886e-009 +1.000000000e+003 +1.000000000e+003 -3.0568e+000 +3.0016e+000
% f evaluations | g evaluations | best noise-free fitness - Fopt (7.003000000000e+001) + sum g_i+ | measured fitness | best measured fitness or single-digit g-values | x1 | x2...
1 0 +2.517185564e+002 +3.217485564e+002 +3.217485564e+002 -4.7278e+000 +4.2372e+000
2 0 +7.882127177e+001 +1.488512718e+002 +1.488512718e+002 -2.9903e+000 +7.8813e-001
5 0 +4.272659771e+001 +1.127565977e+002 +1.127565977e+002 -4.2074e+000 -1.1190e+000
7 0 +2.579969209e+001 +9.582969209e+001 +9.582969209e+001 -3.7900e+000 -1.0755e+000
9 0 +1.867072059e+001 +8.870072059e+001 +8.870072059e+001 -1.8348e+000 -2.8374e+000
10 0 +1.574556940e+001 +8.577556940e+001 +8.577556940e+001 -1.3754e+000 -3.3862e+000
30 0 +1.180821356e+001 +8.183821356e+001 +8.183821356e+001 +1.1499e+000 -3.5581e+000
32 0 +4.052635853e+000 +7.408263585e+001 +7.408263585e+001 -6.5882e-001 -2.9397e+000
41 0 +2.424016918e+000 +7.245401692e+001 +7.245401692e+001 -1.7354e+000 -2.5772e+000
174 0 +1.266345718e+000 +7.129634572e+001 +7.129634572e+001 -7.9832e-001 -2.4945e+000
368 0 +3.759357438e-001 +7.040593574e+001 +7.040593574e+001 -8.6995e-001 -2.5016e+000
400 0 +2.120194515e-001 +7.024201945e+001 +7.024201945e+001 -8.4838e-001 -2.4851e+000
600 0 +1.641702408e-001 +7.019417024e+001 +7.019417024e+001 -8.4838e-001 -2.5066e+000
663 0 +8.183284804e-002 +7.011183285e+001 +7.011183285e+001 -8.6870e-001 -2.4897e+000
689 0 +1.375102230e-002 +7.004375102e+001 +7.004375102e+001 -8.5720e-001 -2.4924e+000
743 0 +5.010080704e-003 +7.003501008e+001 +7.003501008e+001 -8.4659e-001 -2.4985e+000
789 0 +5.150697044e-004 +7.003051507e+001 +7.003051507e+001 -8.5162e-001 -2.4959e+000
835 0 +1.359238472e-004 +7.003013592e+001 +7.003013592e+001 -8.5046e-001 -2.4957e+000
857 0 +4.720698215e-006 +7.003000472e+001 +7.003000472e+001 -8.5025e-001 -2.4961e+000
908 0 +2.302985706e-006 +7.003000230e+001 +7.003000230e+001 -8.5036e-001 -2.4961e+000
925 0 +1.658273064e-006 +7.003000166e+001 +7.003000166e+001 -8.5039e-001 -2.4960e+000
959 0 +4.721736957e-008 +7.003000005e+001 +7.003000005e+001 -8.5041e-001 -2.4960e+000
1034 0 +8.257288187e-009 +7.003000001e+001 +7.003000001e+001 -8.5040e-001 -2.4960e+000
% f evaluations | g evaluations | best noise-free fitness - Fopt (-4.822000000000e+001) + sum g_i+ | measured fitness | best measured fitness or single-digit g-values | x1 | x2...
1 0 +3.914040582e+003 +3.865820582e+003 +3.865820582e+003 +3.1171e+000 +4.8629e+000
2 0 +4.153607736e+002 +3.671407736e+002 +3.671407736e+002 +3.8818e+000 -1.8736e+000
3 0 +2.712455344e+002 +2.230255344e+002 +2.230255344e+002 +4.0576e+000 -4.4965e+000
5 0 +3.839423476e+001 -9.825765242e+000 -9.825765242e+000 -6.5479e-001 -3.2115e+000
7 0 +3.443035628e+001 -1.378964372e+001 -1.378964372e+001 -1.5764e+000 +4.8479e-002
9 0 +2.837778133e+001 -1.984221867e+001 -1.984221867e+001 -1.1748e+000 -4.3437e+000
26 0 +1.369140657e+001 -3.452859343e+001 -3.452859343e+001 -1.7058e+000 -3.8351e+000
30 0 +6.133242294e+000 -4.208675771e+001 -4.208675771e+001 -2.2664e+000 +1.0806e+000
110 0 +5.516747511e+000 -4.270325249e+001 -4.270325249e+001 -2.2904e+000 +1.0806e+000
136 0 +4.871629799e+000 -4.334837020e+001 -4.334837020e+001 -1.8306e+000 -1.1597e+000
233 0 +4.121902826e+000 -4.409809717e+001 -4.409809717e+001 -1.8026e+000 -1.1406e+000
258 0 +2.495885117e+000 -4.572411488e+001 -4.572411488e+001 -1.8314e+000 -2.5707e-001
321 0 +6.323270166e-001 -4.758767298e+001 -4.758767298e+001 -1.8650e+000 -9.7890e-001
421 0 +5.937718317e-001 -4.762622817e+001 -4.762622817e+001 -1.8638e+000 -9.8059e-001
710 0 +8.262968696e-003 -4.821173703e+001 -4.821173703e+001 -1.8409e+000 -1.0127e+000
1259 0 +3.729800950e-005 -4.821996270e+001 -4.821996270e+001 -1.8424e+000 -1.0068e+000
1373 0 +1.307877271e-005 -4.821998692e+001 -4.821998692e+001 -1.8424e+000 -1.0070e+000
1388 0 +5.429570194e-006 -4.821999457e+001 -4.821999457e+001 -1.8423e+000 -1.0073e+000
1406 0 +2.882126751e-007 -4.821999971e+001 -4.821999971e+001 -1.8424e+000 -1.0072e+000
1438 0 +1.106711238e-007 -4.821999989e+001 -4.821999989e+001 -1.8424e+000 -1.0072e+000
1459 0 +1.077908820e-007 -4.821999989e+001 -4.821999989e+001 -1.8424e+000 -1.0072e+000
1469 0 +8.005117991e-008 -4.821999992e+001 -4.821999992e+001 -1.8424e+000 -1.0072e+000
1498 0 +3.229173018e-008 -4.821999997e+001 -4.821999997e+001 -1.8424e+000 -1.0072e+000
1511 0 +8.293859821e-009 -4.821999999e+001 -4.821999999e+001 -1.8424e+000 -1.0072e+000
% f evaluations | g evaluations | best noise-free fitness - Fopt (2.547000000000e+001) + sum g_i+ | measured fitness | best measured fitness or single-digit g-values | x1 | x2...
1 0 +8.530786775e+001 +1.107778678e+002 +1.107778678e+002 -4.5343e+000 +3.3986e+000
8 0 +9.314070274e+000 +3.478407027e+001 +3.478407027e+001 -5.0000e+000 +6.1512e-002
65 0 +4.725896261e+000 +3.019589626e+001 +3.019589626e+001 -4.4134e+000 -7.3369e-001
89 0 +5.863108303e-001 +2.605631083e+001 +2.605631083e+001 -3.8231e+000 -1.8727e+000
353 0 +3.943183133e-001 +2.586431831e+001 +2.586431831e+001 -3.8067e+000 -1.9066e+000
525 0 +4.217644742e-002 +2.551217645e+001 +2.551217645e+001 -3.7861e+000 -1.9171e+000
745 0 +2.362110146e-002 +2.549362110e+001 +2.549362110e+001 -3.7774e+000 -1.9171e+000
930 0 +1.591136847e-003 +2.547159114e+001 +2.547159114e+001 -3.7867e+000 -1.9104e+000
955 0 +5.153407398e-004 +2.547051534e+001 +2.547051534e+001 -3.7858e+000 -1.9113e+000
974 0 +1.469552965e-004 +2.547014696e+001 +2.547014696e+001 -3.7842e+000 -1.9126e+000
1029 0 +1.313494643e-004 +2.547013135e+001 +2.547013135e+001 -3.7852e+000 -1.9119e+000
1057 0 +1.244821147e-004 +2.547012448e+001 +2.547012448e+001 -3.7854e+000 -1.9114e+000
1074 0 +7.775802366e-006 +2.547000778e+001 +2.547000778e+001 -3.7849e+000 -1.9119e+000
1084 0 +5.479981628e-006 +2.547000548e+001 +2.547000548e+001 -3.7849e+000 -1.9119e+000
1104 0 +2.795273701e-006 +2.547000280e+001 +2.547000280e+001 -3.7849e+000 -1.9119e+000
1128 0 +2.101810267e-006 +2.547000210e+001 +2.547000210e+001 -3.7848e+000 -1.9120e+000
1144 0 +3.368142778e-007 +2.547000034e+001 +2.547000034e+001 -3.7848e+000 -1.9120e+000
1175 0 +1.293557048e-007 +2.547000013e+001 +2.547000013e+001 -3.7848e+000 -1.9120e+000
1187 0 +1.125647344e-007 +2.547000011e+001 +2.547000011e+001 -3.7848e+000 -1.9120e+000
1224 0 +8.705059784e-008 +2.547000009e+001 +2.547000009e+001 -3.7848e+000 -1.9120e+000
1250 0 +9.077957941e-009 +2.547000001e+001 +2.547000001e+001 -3.7848e+000 -1.9120e+000
% f evaluations | g evaluations | best noise-free fitness - Fopt (-1.008100000000e+002) + sum g_i+ | measured fitness | best measured fitness or single-digit g-values | x1 | x2...
1 0 +2.645115853e+002 +1.637015853e+002 +1.637015853e+002 -4.5471e+000 +1.7720e+000
2 0 +5.033577454e+001 -5.047422546e+001 -5.047422546e+001 +3.7628e+000 +8.5091e-001
3 0 +4.206506278e+001 -5.874493722e+001 -5.874493722e+001 +4.0030e+000 +6.8012e-001
9 0 +2.122148205e+001 -7.958851795e+001 -7.958851795e+001 +2.6786e+000 +5.4875e-001
14 0 +6.613583784e+000 -9.419641622e+001 -9.419641622e+001 +1.3322e+000 +1.1514e+000
127 0 +6.292025031e+000 -9.451797497e+001 -9.451797497e+001 +9.7999e-001 +1.3596e+000
137 0 +2.504436791e+000 -9.830556321e+001 -9.830556321e+001 +1.7671e+000 +1.0171e+000
142 0 +8.427082338e-001 -9.996729177e+001 -9.996729177e+001 +1.0401e+000 +4.9770e-001
222 0 +1.076694252e-001 -1.007023306e+002 -1.007023306e+002 +9.9414e-001 +4.9770e-001
264 0 +7.919252520e-002 -1.007308075e+002 -1.007308075e+002 +1.0065e+000 +4.9919e-001
593 0 +6.690135803e-002 -1.007430986e+002 -1.007430986e+002 +9.9169e-001 +4.8119e-001
597 0 +3.348088462e-003 -1.008066519e+002 -1.008066519e+002 +9.8857e-001 +4.8711e-001
673 0 +1.514168555e-003 -1.008084858e+002 -1.008084858e+002 +9.9416e-001 +4.8952e-001
690 0 +1.287782214e-003 -1.008087122e+002 -1.008087122e+002 +9.9437e-001 +4.8908e-001
762 0 +7.140674691e-004 -1.008092859e+002 -1.008092859e+002 +9.9360e-001 +4.8846e-001
827 0 +5.012835397e-004 -1.008094987e+002 -1.008094987e+002 +9.9312e-001 +4.8812e-001
850 0 +2.741414276e-005 -1.008099726e+002 -1.008099726e+002 +9.9212e-001 +4.8793e-001
862 0 +1.277359678e-005 -1.008099872e+002 -1.008099872e+002 +9.9184e-001 +4.8799e-001
882 0 +8.119004065e-007 -1.008099992e+002 -1.008099992e+002 +9.9200e-001 +4.8802e-001
953 0 +6.194828757e-007 -1.008099994e+002 -1.008099994e+002 +9.9195e-001 +4.8798e-001
964 0 +4.336721275e-007 -1.008099996e+002 -1.008099996e+002 +9.9204e-001 +4.8802e-001
981 0 +3.676583589e-007 -1.008099996e+002 -1.008099996e+002 +9.9202e-001 +4.8802e-001
1031 0 +1.072612150e-007 -1.008099999e+002 -1.008099999e+002 +9.9199e-001 +4.8799e-001
1060 0 +2.010715150e-008 -1.008100000e+002 -1.008100000e+002 +9.9201e-001 +4.8801e-001
1098 0 +9.708358562e-009 -1.008100000e+002 -1.008100000e+002 +9.9200e-001 +4.8800e-001
% f evaluations | g evaluations | best noise-free fitness - Fopt (-3.531300000000e+002) + sum g_i+ | measured fitness | best measured fitness or single-digit g-values | x1 | x2...
1 0 +5.563603581e+002 +2.032303581e+002 +2.032303581e+002 -4.0615e+000 -3.5379e+000
2 0 +2.860695356e+001 -3.245230464e+002 -3.245230464e+002 -2.9969e+000 +1.3065e+000
35 0 +1.525821780e+001 -3.378717822e+002 -3.378717822e+002 -6.5874e-001 +3.0565e-001
56 0 +1.273876862e+001 -3.403912314e+002 -3.403912314e+002 -3.1109e+000 +8.7687e-001
62 0 +1.244808917e+001 -3.406819108e+002 -3.406819108e+002 -2.0003e+000 +1.3877e+000
75 0 +1.228285090e+001 -3.408471491e+002 -3.408471491e+002 -1.9330e+000 +4.9222e-001
80 0 +3.776710650e+000 -3.493532893e+002 -3.493532893e+002 -2.2766e+000 +3.0473e-002
110 0 +1.252181055e+000 -3.518778189e+002 -3.518778189e+002 -1.4361e+000 +6.6327e-001
190 0 +1.230109926e+000 -3.518998901e+002 -3.518998901e+002 -1.4361e+000 +6.6055e-001
258 0 +4.828292248e-001 -3.526471708e+002 -3.526471708e+002 -2.1413e+000 +4.8566e-001
457 0 +2.290322137e-001 -3.529009678e+002 -3.529009678e+002 -2.2104e+000 +4.9448e-001
512 0 +3.061660240e-002 -3.530993834e+002 -3.530993834e+002 -2.1754e+000 +5.0048e-001
749 0 +2.524478663e-002 -3.531047552e+002 -3.531047552e+002 -2.1809e+000 +4.9379e-001
751 0 +4.819317812e-004 -3.531295181e+002 -3.531295181e+002 -2.1794e+000 +4.9705e-001
871 0 +3.454766283e-004 -3.531296545e+002 -3.531296545e+002 -2.1788e+000 +4.9729e-001
965 0 +2.593683502e-004 -3.531297406e+002 -3.531297406e+002 -2.1799e+000 +4.9721e-001
970 0 +2.371650493e-004 -3.531297628e+002 -3.531297628e+002 -2.1810e+000 +4.9755e-001
972 0 +6.207030714e-005 -3.531299379e+002 -3.531299379e+002 -2.1803e+000 +4.9745e-001
1012 0 +2.547088428e-005 -3.531299745e+002 -3.531299745e+002 -2.1802e+000 +4.9752e-001
1054 0 +1.417438699e-005 -3.531299858e+002 -3.531299858e+002 -2.1797e+000 +4.9755e-001
1059 0 +4.418502044e-007 -3.531299996e+002 -3.531299996e+002 -2.1800e+000 +4.9761e-001
1072 0 +1.000645966e-007 -3.531299999e+002 -3.531299999e+002 -2.1800e+000 +4.9760e-001
1082 0 +9.582436178e-009 -3.531300000e+002 -3.531300000e+002 -2.1800e+000 +4.9760e-001
% f evaluations | g evaluations | best noise-free fitness - Fopt (8.716000000000e+001) + sum g_i+ | measured fitness | best measured fitness or single-digit g-values | x1 | x2...
1 0 +1.124083331e+002 +1.995683331e+002 +1.995683331e+002 +4.5315e+000 +2.3173e+000
2 0 +4.005092959e+001 +1.272109296e+002 +1.272109296e+002 -1.1195e+000 +2.5749e+000
7 0 +2.358688984e+001 +1.107468898e+002 +1.107468898e+002 -4.7260e-001 +1.1804e+000
22 0 +1.775742386e+001 +1.049174239e+002 +1.049174239e+002 +7.1326e-001 +2.7130e+000
25 0 +1.668854546e+001 +1.038485455e+002 +1.038485455e+002 +3.9866e+000 +6.2473e-001
33 0 +1.529322918e+001 +1.024532292e+002 +1.024532292e+002 +9.8475e-001 +8.7799e-001
50 0 +1.433751668e+001 +1.014975167e+002 +1.014975167e+002 -6.8212e-001 +2.7348e+000
87 0 +1.336582228e+001 +1.005258223e+002 +1.005258223e+002 +2.2232e-001 +1.5488e+000
122 0 +1.247445227e+001 +9.963445227e+001 +9.963445227e+001 -5.7266e-001 +2.7130e+000
141 0 +7.234292520e+000 +9.439429252e+001 +9.439429252e+001 +1.4574e+000 +1.7858e+000
145 0 +4.413329375e+000 +9.157332938e+001 +9.157332938e+001 +1.9698e+000 +1.0481e+000
194 0 +2.032181975e+000 +8.919218198e+001 +8.919218198e+001 +1.2618e+000 +1.8759e+000
236 0 +1.827138839e+000 +8.898713884e+001 +8.898713884e+001 +2.1623e+000 +1.2140e+000
419 0 +1.158500164e+000 +8.831850016e+001 +8.831850016e+001 +2.0209e+000 +9.6105e-001
524 0 +1.017715640e+000 +8.817771564e+001 +8.817771564e+001 +2.0020e+000 +9.9264e-001
606 0 +8.106640416e-001 +8.797066404e+001 +8.797066404e+001 +1.9585e+000 +9.6784e-001
612 0 +4.605640868e-001 +8.762056409e+001 +8.762056409e+001 +1.9330e+000 +1.0194e+000
682 0 +2.550779297e-001 +8.741507793e+001 +8.741507793e+001 +1.9805e+000 +9.9278e-001
726 0 +6.643946308e-002 +8.722643946e+001 +8.722643946e+001 +1.9515e+000 +9.9970e-001
792 0 +2.527246510e-002 +8.718527247e+001 +8.718527247e+001 +1.9595e+000 +9.9735e-001
891 0 +2.773705383e-003 +8.716277371e+001 +8.716277371e+001 +1.9634e+000 +9.9182e-001
985 0 +4.960223657e-004 +8.716049602e+001 +8.716049602e+001 +1.9673e+000 +9.8860e-001
1067 0 +4.744075949e-004 +8.716047441e+001 +8.716047441e+001 +1.9676e+000 +9.8887e-001
1085 0 +3.330064719e-004 +8.716033301e+001 +8.716033301e+001 +1.9673e+000 +9.8921e-001
1160 0 +2.450578582e-005 +8.716002451e+001 +8.716002451e+001 +1.9667e+000 +9.8940e-001
1171 0 +2.176313210e-005 +8.716002176e+001 +8.716002176e+001 +1.9666e+000 +9.8938e-001
1195 0 +3.134990266e-006 +8.716000313e+001 +8.716000313e+001 +1.9665e+000 +9.8960e-001
1239 0 +4.592445606e-007 +8.716000046e+001 +8.716000046e+001 +1.9664e+000 +9.8957e-001
1241 0 +4.356637504e-007 +8.716000044e+001 +8.716000044e+001 +1.9664e+000 +9.8957e-001
1296 0 +3.556343131e-008 +8.716000004e+001 +8.716000004e+001 +1.9664e+000 +9.8960e-001
1324 0 +2.524053855e-008 +8.716000003e+001 +8.716000003e+001 +1.9664e+000 +9.8961e-001
1354 0 +8.661942275e-010 +8.716000000e+001 +8.716000000e+001 +1.9664e+000 +9.8960e-001
% f evaluations | g evaluations | best noise-free fitness - Fopt (-3.475000000000e+001) + sum g_i+ | measured fitness | best measured fitness or single-digit g-values | x1 | x2...
1 0 +5.238782898e+002 +4.891282898e+002 +4.891282898e+002 -4.7535e+000 +3.2547e+000
2 0 +1.055311295e+002 +7.078112945e+001 +7.078112945e+001 +2.3891e+000 -9.9224e-001
3 0 +9.303717058e+001 +5.828717058e+001 +5.828717058e+001 +4.1020e+000 +2.3151e-001
6 0 +2.899887687e+001 -5.751123126e+000 -5.751123126e+000 +1.8887e+000 +3.1291e+000
7 0 +2.543224121e+001 -9.317758789e+000 -9.317758789e+000 +1.8873e+000 +1.8661e+000
8 0 +2.071862833e+001 -1.403137167e+001 -1.403137167e+001 +2.2956e+000 +2.0951e+000
9 0 +1.068377100e+001 -2.406622900e+001 -2.406622900e+001 +1.9607e+000 +1.8604e+000
39 0 +7.724275042e+000 -2.702572496e+001 -2.702572496e+001 +2.7966e+000 +1.8481e+000
52 0 +5.897611149e+000 -2.885238885e+001 -2.885238885e+001 +2.7232e+000 +1.8538e+000
76 0 +3.185377480e+000 -3.156462252e+001 -3.156462252e+001 +2.8983e+000 +2.2670e+000
192 0 +2.722206096e+000 -3.202779390e+001 -3.202779390e+001 +2.1442e+000 +1.9171e+000
236 0 +2.485047386e+000 -3.226495261e+001 -3.226495261e+001 +2.8894e+000 +2.2318e+000
315 0 +2.253011558e-001 -3.452469884e+001 -3.452469884e+001 +2.3117e+000 +2.3432e+000
616 0 +8.219895943e-002 -3.466780104e+001 -3.466780104e+001 +2.3362e+000 +2.3593e+000
625 0 +6.398906607e-002 -3.468601093e+001 -3.468601093e+001 +2.3315e+000 +2.3709e+000
645 0 +2.015965062e-002 -3.472984035e+001 -3.472984035e+001 +2.3314e+000 +2.3677e+000
722 0 +1.423514857e-002 -3.473576485e+001 -3.473576485e+001 +2.3235e+000 +2.3596e+000
735 0 +6.925851904e-003 -3.474307415e+001 -3.474307415e+001 +2.3357e+000 +2.3660e+000
762 0 +3.263030602e-003 -3.474673697e+001 -3.474673697e+001 +2.3318e+000 +2.3658e+000
766 0 +2.586222669e-003 -3.474741378e+001 -3.474741378e+001 +2.3280e+000 +2.3626e+000
787 0 +2.479624795e-005 -3.474997520e+001 -3.474997520e+001 +2.3313e+000 +2.3642e+000
828 0 +2.124172692e-005 -3.474997876e+001 -3.474997876e+001 +2.3311e+000 +2.3638e+000
853 0 +4.062770955e-006 -3.474999594e+001 -3.474999594e+001 +2.3311e+000 +2.3639e+000
917 0 +3.170961016e-006 -3.474999683e+001 -3.474999683e+001 +2.3311e+000 +2.3639e+000
928 0 +7.352106906e-007 -3.474999926e+001 -3.474999926e+001 +2.3312e+000 +2.3640e+000
947 0 +5.477538423e-009 -3.474999999e+001 -3.474999999e+001 +2.3312e+000 +2.3640e+000
% f evaluations | g evaluations | best noise-free fitness - Fopt (-1.000000000000e+003) + sum g_i+ | measured fitness | best measured fitness or single-digit g-values | x1 | x2...
1 0 +5.213527471e+001 -9.478647253e+002 -9.478647253e+002 -2.4283e+000 -1.4957e+000
2 0 +3.560246038e+001 -9.643975396e+002 -9.643975396e+002 -4.9319e+000 -3.3288e+000
11 0 +3.464016697e+001 -9.653598330e+002 -9.653598330e+002 -1.8640e+000 -4.6559e+000
15 0 +2.046990849e+001 -9.795300915e+002 -9.795300915e+002 -2.7497e+000 -4.7493e+000
26 0 +1.483830417e+001 -9.851616958e+002 -9.851616958e+002 -5.0000e+000 -2.3403e+000
42 0 +1.012066840e+001 -9.898793316e+002 -9.898793316e+002 -4.0965e+000 -4.4557e+000
59 0 +6.430968586e+000 -9.935690314e+002 -9.935690314e+002 -3.1304e+000 -3.3134e+000
77 0 +5.788321916e+000 -9.942116781e+002 -9.942116781e+002 -4.6001e+000 -2.2150e+000
97 0 +5.017147133e+000 -9.949828529e+002 -9.949828529e+002 -4.2112e+000 -3.7991e+000
117 0 +3.653768177e+000 -9.963462318e+002 -9.963462318e+002 -3.7191e+000 -3.7473e+000
156 0 +2.525103546e+000 -9.974748965e+002 -9.974748965e+002 -4.6227e+000 -2.2434e+000
227 0 +2.230766836e+000 -9.977692332e+002 -9.977692332e+002 -2.9345e+000 -4.2135e+000
373 0 +4.022350975e-001 -9.995977649e+002 -9.995977649e+002 -3.7329e+000 -3.2438e+000
639 0 +2.907128354e-001 -9.997092872e+002 -9.997092872e+002 -3.7321e+000 -3.2548e+000
723 0 +2.821423900e-001 -9.997178576e+002 -9.997178576e+002 -3.7412e+000 -3.2593e+000
759 0 +7.091228998e-002 -9.999290877e+002 -9.999290877e+002 -3.7479e+000 -3.2427e+000
831 0 +4.142557261e-002 -9.999585744e+002 -9.999585744e+002 -3.7590e+000 -3.2371e+000
868 0 +3.444490285e-002 -9.999655551e+002 -9.999655551e+002 -3.7716e+000 -3.2231e+000
873 0 +1.532459639e-002 -9.999846754e+002 -9.999846754e+002 -3.7633e+000 -3.2316e+000
885 0 +8.457494425e-003 -9.999915425e+002 -9.999915425e+002 -3.7566e+000 -3.2327e+000
953 0 +6.903205176e-003 -9.999930968e+002 -9.999930968e+002 -3.7613e+000 -3.2316e+000
964 0 +5.661840806e-003 -9.999943382e+002 -9.999943382e+002 -3.7611e+000 -3.2269e+000
1004 0 +5.472844817e-003 -9.999945272e+002 -9.999945272e+002 -3.7611e+000 -3.2270e+000
1006 0 +4.141596413e-003 -9.999958584e+002 -9.999958584e+002 -3.7648e+000 -3.2261e+000
1034 0 +2.295477775e-003 -9.999977045e+002 -9.999977045e+002 -3.7615e+000 -3.2274e+000
1035 0 +1.493431097e-003 -9.999985066e+002 -9.999985066e+002 -3.7619e+000 -3.2274e+000
1038 0 +2.115874396e-004 -9.999997884e+002 -9.999997884e+002 -3.7618e+000 -3.2282e+000
1073 0 +1.159795144e-004 -9.999998840e+002 -9.999998840e+002 -3.7610e+000 -3.2293e+000
1078 0 +1.923434047e-005 -9.999999808e+002 -9.999999808e+002 -3.7614e+000 -3.2289e+000
1115 0 +1.426163419e-005 -9.999999857e+002 -9.999999857e+002 -3.7616e+000 -3.2289e+000
1185 0 +6.277831972e-006 -9.999999937e+002 -9.999999937e+002 -3.7617e+000 -3.2287e+000
1201 0 +4.515584465e-006 -9.999999955e+002 -9.999999955e+002 -3.7615e+000 -3.2289e+000
1223 0 +2.200697168e-006 -9.999999978e+002 -9.999999978e+002 -3.7616e+000 -3.2287e+000
1245 0 +1.349719582e-006 -9.999999987e+002 -9.999999987e+002 -3.7616e+000 -3.2288e+000
1260 0 +6.930702057e-008 -9.999999999e+002 -9.999999999e+002 -3.7616e+000 -3.2288e+000
1309 0 +3.401385129e-008 -1.000000000e+003 -1.000000000e+003 -3.7616e+000 -3.2288e+000
1333 0 +6.076561476e-009 -1.000000000e+003 -1.000000000e+003 -3.7616e+000 -3.2288e+000
% f evaluations | g evaluations | best noise-free fitness - Fopt (-9.247000000000e+001) + sum g_i+ | measured fitness | best measured fitness or single-digit g-values | x1 | x2...
1 0 +2.784186557e+002 +1.859486557e+002 +1.859486557e+002 -3.6778e+000 +3.9828e+000
2 0 +1.159919274e+002 +2.352192741e+001 +2.352192741e+001 +3.3473e+000 +2.6168e+000
6 0 +4.283919503e+001 -4.963080497e+001 -4.963080497e+001 +4.9642e-001 -6.7291e-001
7 0 +1.088299002e+001 -8.158700998e+001 -8.158700998e+001 +2.0132e+000 -3.7205e-001
8 0 +5.489586120e+000 -8.698041388e+001 -8.698041388e+001 +1.9592e+000 -3.9732e-001
114 0 +3.157795054e+000 -8.931220495e+001 -8.931220495e+001 +2.7198e+000 -6.2267e-001
123 0 +2.413982373e+000 -9.005601763e+001 -9.005601763e+001 +1.9912e+000 -4.7395e-001
127 0 +1.163049109e+000 -9.130695089e+001 -9.130695089e+001 +2.0770e+000 -4.6039e-001
182 0 +9.568531302e-001 -9.151314687e+001 -9.151314687e+001 +2.9533e+000 -2.0502e-001
420 0 +8.123858226e-001 -9.165761418e+001 -9.165761418e+001 +2.9529e+000 -1.9798e-001
483 0 +7.764634031e-001 -9.169353660e+001 -9.169353660e+001 +2.9461e+000 -1.9538e-001
524 0 +4.978719152e-001 -9.197212808e+001 -9.197212808e+001 +2.8894e+000 -1.9108e-001
544 0 +1.775130146e-001 -9.229248699e+001 -9.229248699e+001 +2.8660e+000 -2.0057e-001
674 0 +1.727378240e-001 -9.229726218e+001 -9.229726218e+001 +2.8994e+000 -1.9800e-001
765 0 +5.445997429e-002 -9.241554003e+001 -9.241554003e+001 +2.8662e+000 -2.0751e-001
768 0 +2.758767254e-002 -9.244241233e+001 -9.244241233e+001 +2.8748e+000 -2.0508e-001
868 0 +1.018894149e-002 -9.245981106e+001 -9.245981106e+001 +2.8794e+000 -2.0592e-001
906 0 +3.990947031e-003 -9.246600905e+001 -9.246600905e+001 +2.8793e+000 -2.0701e-001
946 0 +2.615501158e-003 -9.246738450e+001 -9.246738450e+001 +2.8843e+000 -2.0701e-001
964 0 +2.742107684e-004 -9.246972579e+001 -9.246972579e+001 +2.8831e+000 -2.0764e-001
986 0 +6.675398311e-006 -9.246999332e+001 -9.246999332e+001 +2.8825e+000 -2.0795e-001
1004 0 +3.137575789e-006 -9.246999686e+001 -9.246999686e+001 +2.8825e+000 -2.0798e-001
1034 0 +2.887379736e-006 -9.246999711e+001 -9.246999711e+001 +2.8825e+000 -2.0803e-001
1048 0 +1.007566325e-006 -9.246999899e+001 -9.246999899e+001 +2.8825e+000 -2.0800e-001
1077 0 +1.476069116e-007 -9.246999985e+001 -9.246999985e+001 +2.8824e+000 -2.0801e-001
1105 0 +1.304570674e-008 -9.246999999e+001 -9.246999999e+001 +2.8824e+000 -2.0800e-001
1197 0 +7.858588447e-009 -9.246999999e+001 -9.246999999e+001 +2.8824e+000 -2.0800e-001
% f evaluations | g evaluations | best noise-free fitness - Fopt (-2.153000000000e+002) + sum g_i+ | measured fitness | best measured fitness or single-digit g-values | x1 | x2...
1 0 +1.811936298e+002 -3.410637021e+001 -3.410637021e+001 +1.5611e+000 -1.4127e+000
3 0 +3.772845459e+001 -1.775715454e+002 -1.775715454e+002 -1.9347e+000 +3.6474e+000
9 0 +2.950273334e+001 -1.857972667e+002 -1.857972667e+002 -1.9270e+000 +1.0421e+000
24 0 +2.847708731e+001 -1.868229127e+002 -1.868229127e+002 -2.8091e+000 +7.4940e-001
27 0 +2.629820839e+001 -1.890017916e+002 -1.890017916e+002 -1.3130e+000 -4.5676e-002
32 0 +5.789770527e+000 -2.095102295e+002 -2.095102295e+002 -2.8334e+000 +2.4828e+000
85 0 +4.958590021e+000 -2.103414100e+002 -2.103414100e+002 -2.8099e+000 +4.4586e+000
127 0 +1.279900840e+000 -2.140200992e+002 -2.140200992e+002 -3.3097e+000 +3.6817e+000
150 0 +1.026169267e+000 -2.142738307e+002 -2.142738307e+002 -2.8698e+000 +2.5046e+000
207 0 +9.217792120e-002 -2.152078221e+002 -2.152078221e+002 -2.9846e+000 +3.5049e+000
610 0 +7.137832322e-003 -2.152928622e+002 -2.152928622e+002 -2.9806e+000 +3.4889e+000
779 0 +2.039313986e-003 -2.152979607e+002 -2.152979607e+002 -2.9798e+000 +3.4794e+000
846 0 +9.872086679e-006 -2.152999901e+002 -2.152999901e+002 -2.9801e+000 +3.4825e+000
915 0 +1.498926821e-006 -2.152999985e+002 -2.152999985e+002 -2.9800e+000 +3.4825e+000
933 0 +5.789758006e-008 -2.152999999e+002 -2.152999999e+002 -2.9800e+000 +3.4824e+000
1063 0 +2.965725798e-008 -2.153000000e+002 -2.153000000e+002 -2.9800e+000 +3.4824e+000
1093 0 +7.120632972e-009 -2.153000000e+002 -2.153000000e+002 -2.9800e+000 +3.4824e+000
% f evaluations | g evaluations | best noise-free fitness - Fopt (-5.449000000000e+001) + sum g_i+ | measured fitness | best measured fitness or single-digit g-values | x1 | x2...
1 0 +3.287422419e+002 +2.742522419e+002 +2.742522419e+002 +3.9334e+000 +4.4255e+000
2 0 +1.107691407e+001 -4.341308593e+001 -4.341308593e+001 +1.3182e+000 +2.2845e-003
26 0 +1.048574850e+001 -4.400425150e+001 -4.400425150e+001 +1.4379e+000 -5.5963e-001
69 0 +6.519074390e+000 -4.797092561e+001 -4.797092561e+001 +1.2036e+000 -5.3213e-001
84 0 +4.651746923e+000 -4.983825308e+001 -4.983825308e+001 +2.8451e+000 -1.3210e+000
119 0 +3.775660187e+000 -5.071433981e+001 -5.071433981e+001 +3.2596e+000 -6.9221e-001
205 0 +2.469042074e+000 -5.202095793e+001 -5.202095793e+001 +2.5811e+000 -7.3822e-001
278 0 +2.218543949e+000 -5.227145605e+001 -5.227145605e+001 +2.7043e+000 -7.7643e-001
317 0 +2.140193830e+000 -5.234980617e+001 -5.234980617e+001 +3.3465e+000 -7.3092e-001
357 0 +2.095215906e+000 -5.239478409e+001 -5.239478409e+001 +3.3465e+000 -7.2901e-001
358 0 +1.933620607e+000 -5.255637939e+001 -5.255637939e+001 +2.6968e+000 -7.7643e-001
458 0 +1.253486181e+000 -5.323651382e+001 -5.323651382e+001 +2.6691e+000 -7.7107e-001
753 0 +1.626017815e-001 -5.432739822e+001 -5.432739822e+001 +3.3824e+000 -1.1728e+000
913 0 +1.209374482e-001 -5.436906255e+001 -5.436906255e+001 +3.3693e+000 -1.1840e+000
1033 0 +8.498715223e-002 -5.440501285e+001 -5.440501285e+001 +3.4016e+000 -1.1817e+000
1092 0 +2.047590108e-002 -5.446952410e+001 -5.446952410e+001 +3.3845e+000 -1.1795e+000
1212 0 +1.055912528e-002 -5.447944087e+001 -5.447944087e+001 +3.3810e+000 -1.1806e+000
1321 0 +6.926922893e-003 -5.448307308e+001 -5.448307308e+001 +3.3902e+000 -1.1857e+000
1340 0 +4.832227538e-003 -5.448516777e+001 -5.448516777e+001 +3.3856e+000 -1.1813e+000
1451 0 +8.480621889e-004 -5.448915194e+001 -5.448915194e+001 +3.3878e+000 -1.1825e+000
1509 0 +6.559361957e-005 -5.448993441e+001 -5.448993441e+001 +3.3885e+000 -1.1834e+000
1564 0 +1.549307660e-005 -5.448998451e+001 -5.448998451e+001 +3.3882e+000 -1.1832e+000
1599 0 +9.304427159e-006 -5.448999070e+001 -5.448999070e+001 +3.3882e+000 -1.1833e+000
1629 0 +4.559625374e-006 -5.448999544e+001 -5.448999544e+001 +3.3881e+000 -1.1833e+000
1656 0 +2.344540412e-006 -5.448999766e+001 -5.448999766e+001 +3.3880e+000 -1.1832e+000
1678 0 +6.412603426e-008 -5.448999994e+001 -5.448999994e+001 +3.3880e+000 -1.1832e+000
1732 0 +1.788963999e-008 -5.448999998e+001 -5.448999998e+001 +3.3880e+000 -1.1832e+000
1767 0 +1.609840439e-008 -5.448999998e+001 -5.448999998e+001 +3.3880e+000 -1.1832e+000
1818 0 +1.421488349e-008 -5.448999999e+001 -5.448999999e+001 +3.3880e+000 -1.1832e+000
1856 0 +1.759531187e-009 -5.449000000e+001 -5.449000000e+001 +3.3880e+000 -1.1832e+000
% f evaluations | g evaluations | best noise-free fitness - Fopt (5.049000000000e+001) + sum g_i+ | measured fitness | best measured fitness or single-digit g-values | x1 | x2...
1 0 +3.113013749e+002 +3.617913749e+002 +3.617913749e+002 +1.1719e+000 +4.1659e+000
2 0 +5.382320244e+001 +1.043132024e+002 +1.043132024e+002 +3.7563e+000 -2.4299e+000
8 0 +7.791554835e+000 +5.828155483e+001 +5.828155483e+001 +3.4673e+000 -2.4900e-001
42 0 +3.869979706e+000 +5.435997971e+001 +5.435997971e+001 +3.8364e+000 -3.9358e-001
108 0 +2.630997037e+000 +5.312099704e+001 +5.312099704e+001 +3.4331e+000 +1.0319e-001
127 0 +2.549639943e+000 +5.303963994e+001 +5.303963994e+001 +2.6687e+000 -7.6892e-001
131 0 +8.143522422e-001 +5.130435224e+001 +5.130435224e+001 +3.6414e+000 -1.4836e-001
265 0 +7.368480297e-001 +5.122684803e+001 +5.122684803e+001 +3.6140e+000 -1.4493e-001
320 0 +1.543540203e-002 +5.050543540e+001 +5.050543540e+001 +3.5785e+000 -1.6463e-001
580 0 +5.143841609e-003 +5.049514384e+001 +5.049514384e+001 +3.5785e+000 -1.6616e-001
651 0 +2.246184211e-003 +5.049224618e+001 +5.049224618e+001 +3.5834e+000 -1.6506e-001
680 0 +1.292593991e-004 +5.049012926e+001 +5.049012926e+001 +3.5817e+000 -1.6642e-001
851 0 +1.250303182e-004 +5.049012503e+001 +5.049012503e+001 +3.5824e+000 -1.6614e-001
951 0 +1.002411057e-004 +5.049010024e+001 +5.049010024e+001 +3.5824e+000 -1.6619e-001
969 0 +2.366013518e-005 +5.049002366e+001 +5.049002366e+001 +3.5822e+000 -1.6636e-001
994 0 +1.142415798e-005 +5.049001142e+001 +5.049001142e+001 +3.5822e+000 -1.6646e-001
1013 0 +1.553959095e-006 +5.049000155e+001 +5.049000155e+001 +3.5823e+000 -1.6643e-001
1037 0 +1.104885420e-006 +5.049000110e+001 +5.049000110e+001 +3.5824e+000 -1.6638e-001
1061 0 +2.364583835e-007 +5.049000024e+001 +5.049000024e+001 +3.5824e+000 -1.6639e-001
1097 0 +2.533057142e-008 +5.049000003e+001 +5.049000003e+001 +3.5824e+000 -1.6640e-001
1149 0 +2.121121412e-008 +5.049000002e+001 +5.049000002e+001 +3.5824e+000 -1.6640e-001
1179 0 +8.314898992e-009 +5.049000001e+001 +5.049000001e+001 +3.5824e+000 -1.6640e-001
% f evaluations | g evaluations | best noise-free fitness - Fopt (-3.641300000000e+002) + sum g_i+ | measured fitness | best measured fitness or single-digit g-values | x1 | x2...
1 0 +1.096123742e+002 -2.545176258e+002 -2.545176258e+002 +4.6202e-001 -2.7184e+000
6 0 +9.782928632e+001 -2.663007137e+002 -2.663007137e+002 +5.0000e+000 +2.6853e-001
7 0 +2.816965513e+001 -3.359603449e+002 -3.359603449e+002 -1.5788e+000 -1.4892e-001
13 0 +2.263435691e+001 -3.414956431e+002 -3.414956431e+002 -3.8054e+000 -7.3419e-001
47 0 +2.205786154e+001 -3.420721385e+002 -3.420721385e+002 -1.4007e+000 -1.4368e+000
55 0 +2.030677981e+001 -3.438232202e+002 -3.438232202e+002 -4.2792e+000 -6.8491e-001
64 0 +7.677284072e+000 -3.564527159e+002 -3.564527159e+002 -2.8859e+000 -1.1707e+000
86 0 +2.279465755e+000 -3.618505342e+002 -3.618505342e+002 -2.7829e+000 -4.4424e-001
243 0 +1.792152847e+000 -3.623378472e+002 -3.623378472e+002 -4.1147e+000 -2.9113e-001
310 0 +4.578803540e-001 -3.636721196e+002 -3.636721196e+002 -3.7315e+000 -6.0865e-001
370 0 +5.495866728e-002 -3.640750413e+002 -3.640750413e+002 -3.7459e+000 -5.9973e-001
430 0 +4.288345946e-002 -3.640871165e+002 -3.640871165e+002 -3.7773e+000 -5.9993e-001
743 0 +1.066513035e-003 -3.641289335e+002 -3.641289335e+002 -3.7624e+000 -5.9799e-001
913 0 +7.517326883e-004 -3.641292483e+002 -3.641292483e+002 -3.7595e+000 -5.9786e-001
920 0 +1.147520124e-004 -3.641298852e+002 -3.641298852e+002 -3.7615e+000 -5.9857e-001
950 0 +8.840212149e-005 -3.641299116e+002 -3.641299116e+002 -3.7612e+000 -5.9859e-001
977 0 +2.609491412e-005 -3.641299739e+002 -3.641299739e+002 -3.7612e+000 -5.9839e-001
978 0 +4.721255607e-006 -3.641299953e+002 -3.641299953e+002 -3.7608e+000 -5.9845e-001
1007 0 +3.809061866e-006 -3.641299962e+002 -3.641299962e+002 -3.7609e+000 -5.9845e-001
1038 0 +3.207487282e-006 -3.641299968e+002 -3.641299968e+002 -3.7609e+000 -5.9842e-001
1051 0 +9.821356457e-007 -3.641299990e+002 -3.641299990e+002 -3.7609e+000 -5.9842e-001
1072 0 +9.055076475e-007 -3.641299991e+002 -3.641299991e+002 -3.7608e+000 -5.9842e-001
1082 0 +1.140390395e-007 -3.641299999e+002 -3.641299999e+002 -3.7608e+000 -5.9840e-001
1105 0 +3.718696462e-010 -3.641300000e+002 -3.641300000e+002 -3.7608e+000 -5.9840e-001
% f evaluations | g evaluations | best noise-free fitness - Fopt (1.592700000000e+002) + sum g_i+ | measured fitness | best measured fitness or single-digit g-values | x1 | x2...
1 0 +3.835403985e+001 +1.976240398e+002 +1.976240398e+002 -4.5838e+000 -2.8135e+000
6 0 +2.701282593e+001 +1.862828259e+002 +1.862828259e+002 -1.1159e+000 -2.1927e+000
7 0 +2.030512161e+001 +1.795751216e+002 +1.795751216e+002 -2.2607e+000 -2.1968e+000
46 0 +1.418093065e+001 +1.734509306e+002 +1.734509306e+002 -1.9937e+000 -2.3814e+000
77 0 +4.302800649e+000 +1.635728006e+002 +1.635728006e+002 -1.5265e+000 -9.0738e-001
91 0 +1.493615592e+000 +1.607636156e+002 +1.607636156e+002 -8.3431e-001 -8.9823e-001
204 0 +2.470245584e-003 +1.592724702e+002 +1.592724702e+002 -1.6648e+000 -1.4483e+000
709 0 +2.402702040e-003 +1.592724027e+002 +1.592724027e+002 -1.6642e+000 -1.4479e+000
715 0 +1.500052041e-003 +1.592715001e+002 +1.592715001e+002 -1.6620e+000 -1.4444e+000
746 0 +3.507474714e-004 +1.592703507e+002 +1.592703507e+002 -1.6629e+000 -1.4457e+000
771 0 +3.977792488e-006 +1.592700040e+002 +1.592700040e+002 -1.6641e+000 -1.4464e+000
835 0 +3.047764721e-006 +1.592700030e+002 +1.592700030e+002 -1.6639e+000 -1.4463e+000
852 0 +2.060793065e-007 +1.592700002e+002 +1.592700002e+002 -1.6640e+000 -1.4464e+000
909 0 +6.058692748e-008 +1.592700001e+002 +1.592700001e+002 -1.6640e+000 -1.4464e+000
960 0 +1.446940701e-008 +1.592700000e+002 +1.592700000e+002 -1.6640e+000 -1.4464e+000
1005 0 +6.993730040e-009 +1.592700000e+002 +1.592700000e+002 -1.6640e+000 -1.4464e+000
