% f evaluations | g evaluations | best noise-free fitness - Fopt (1.000000000000e+003) + sum g_i+ | measured fitness | best measured fitness or single-digit g-values | x1 | x2...
1 0 +2.978433007e+003 +3.978433007e+003 +3.978433007e+003 +4.1709e+000 -3.2742e+000 -3.4944e+000
2 0 +8.476881356e+002 +1.847688136e+003 +1.847688136e+003 -2.3394e+000 -4.5864e+000 -3.1449e+000
4 0 +2.269403636e+002 +1.226940364e+003 +1.226940364e+003 +1.8008e+000 -3.8140e+000 +4.7054e+000
7 0 +8.333585973e+001 +1.083335860e+003 +1.083335860e+003 +7.7378e-001 -1.0896e+000 +4.9076e+000
19 0 +4.337016406e+001 +1.043370164e+003 +1.043370164e+003 -4.0535e+000 +2.6659e+000 +3.5391e+000
26 0 +3.254003227e+001 +1.032540032e+003 +1.032540032e+003 -2.7131e+000 +2.2942e+000 +3.4354e+000
75 0 +2.767917345e+001 +1.027679173e+003 +1.027679173e+003 -2.1605e+000 +4.0845e+000 +3.7133e+000
99 0 +2.327789662e+001 +1.023277897e+003 +1.023277897e+003 -2.9214e+000 +3.8648e+000 +2.6587e+000
104 0 +2.264362067e+001 +1.022643621e+003 +1.022643621e+003 -3.0095e+000 +4.1617e+000 +3.4087e+000
111 0 +1.624943227e+001 +1.016249432e+003 +1.016249432e+003 -1.6539e+000 +2.2580e+000 +4.3401e+000
120 0 +1.196069635e+001 +1.011960696e+003 +1.011960696e+003 -1.9875e+000 +3.1727e+000 +3.9726e+000
155 0 +6.758842419e+000 +1.006758842e+003 +1.006758842e+003 -2.4949e+000 +3.5156e+000 +4.1186e+000
229 0 +5.724985148e+000 +1.005724985e+003 +1.005724985e+003 -3.1094e+000 +2.6489e+000 +4.1319e+000
238 0 +2.854413564e+000 +1.002854414e+003 +1.002854414e+003 -2.6492e+000 +3.0256e+000 +4.2294e+000
838 0 +2.269499289e+000 +1.002269499e+003 +1.002269499e+003 -2.7245e+000 +3.0697e+000 +4.1723e+000
950 0 +1.543832171e+000 +1.001543832e+003 +1.001543832e+003 -3.3327e+000 +2.5464e+000 +3.6301e+000
1284 0 +1.405650583e+000 +1.001405651e+003 +1.001405651e+003 -3.3792e+000 +2.5358e+000 +3.6114e+000
1365 0 +1.163650074e+000 +1.001163650e+003 +1.001163650e+003 -3.0880e+000 +3.0437e+000 +3.6168e+000
1576 0 +5.294375087e-001 +1.000529438e+003 +1.000529438e+003 -3.0602e+000 +3.0146e+000 +3.6549e+000
1936 0 +1.238189463e-001 +1.000123819e+003 +1.000123819e+003 -3.0398e+000 +2.9988e+000 +3.6554e+000
2308 0 +1.205152460e-001 +1.000120515e+003 +1.000120515e+003 -3.0714e+000 +3.0011e+000 +3.6358e+000
2354 0 +6.600759722e-002 +1.000066008e+003 +1.000066008e+003 -3.0593e+000 +3.0129e+000 +3.6378e+000
2554 0 +5.779294971e-002 +1.000057793e+003 +1.000057793e+003 -3.0452e+000 +3.0056e+000 +3.6467e+000
2561 0 +1.205216467e-002 +1.000012052e+003 +1.000012052e+003 -3.0529e+000 +3.0024e+000 +3.6439e+000
2590 0 +9.710687056e-003 +1.000009711e+003 +1.000009711e+003 -3.0525e+000 +3.0010e+000 +3.6404e+000
2698 0 +1.029743398e-003 +1.000001030e+003 +1.000001030e+003 -3.0576e+000 +3.0017e+000 +3.6379e+000
2950 0 +9.423658473e-004 +1.000000942e+003 +1.000000942e+003 -3.0558e+000 +3.0007e+000 +3.6404e+000
3013 0 +8.555932257e-004 +1.000000856e+003 +1.000000856e+003 -3.0572e+000 +3.0016e+000 +3.6381e+000
3031 0 +6.066382136e-004 +1.000000607e+003 +1.000000607e+003 -3.0568e+000 +3.0019e+000 +3.6385e+000
3043 0 +5.049080236e-004 +1.000000505e+003 +1.000000505e+003 -3.0579e+000 +3.0017e+000 +3.6381e+000
3091 0 +3.335327128e-004 +1.000000334e+003 +1.000000334e+003 -3.0571e+000 +3.0019e+000 +3.6385e+000
3130 0 +2.865641743e-004 +1.000000287e+003 +1.000000287e+003 -3.0576e+000 +3.0020e+000 +3.6388e+000
3181 0 +4.393154313e-006 +1.000000004e+003 +1.000000004e+003 -3.0568e+000 +3.0016e+000 +3.6392e+000
3257 0 +5.450953040e-007 +1.000000001e+003 +1.000000001e+003 -3.0568e+000 +3.0016e+000 +3.6392e+000
3287 0 +4.171317869e-007 +1.000000000e+003 +1.000000000e+003 -3.0568e+000 +3.0016e+000 +3.6392e+000
3344 0 +3.379734608e-007 +1.000000000e+003 +1.000000000e+003 -3.0568e+000 +3.0016e+000 +3.6392e+000
3441 0 +1.856391236e-007 +1.000000000e+003 +1.000000000e+003 -3.0568e+000 +3.0016e+000 +3.6392e+000
3452 0 +1.278023092e-007 +1.000000000e+003 +1.000000000e+003 -3.0568e+000 +3.0016e+000 +3.6392e+000
3473 0 +5.602873898e-008 +1.000000000e+003 +1.000000000e+003 -3.0568e+000 +3.0016e+000 +3.6392e+000
3522 0 +1.934461125e-008 +1.000000000e+003 +1.000000000e+003 -3.0568e+000 +3.0016e+000 +3.6392e+000
3574 0 +5.344872989e-009 +1.000000000e+003 +1.000000000e+003 -3.0568e+000 +3.0016e+000 +3.6392e+000
% f evaluations | g evaluations | best noise-free fitness - Fopt (7.003000000000e+001) + sum g_i+ | measured fitness | best measured fitness or single-digit g-values | x1 | x2...
1 0 +8.686374807e+001 +1.568937481e+002 +1.568937481e+002 +1.7729e+000 -2.4121e+000 -4.6084e+000
3 0 +8.672261645e+001 +1.567526165e+002 +1.567526165e+002 -2.5355e-001 -4.6290e+000 -2.8867e+000
11 0 +5.370079784e+001 +1.237307978e+002 +1.237307978e+002 +7.6509e-001 -1.7811e+000 -2.7122e+000
14 0 +4.154711763e+001 +1.115771176e+002 +1.115771176e+002 -1.1181e+000 -2.2196e+000 -3.8965e+000
20 0 +2.827467290e+001 +9.830467290e+001 +9.830467290e+001 -9.8719e-001 -3.8560e+000 -1.8682e+000
53 0 +2.780640307e+001 +9.783640307e+001 +9.783640307e+001 -1.1160e-001 -3.2543e+000 -4.3626e+000
62 0 +1.937621402e+001 +8.940621402e+001 +8.940621402e+001 -3.9243e-001 -8.5304e-001 -4.8228e+000
96 0 +1.185731663e+001 +8.188731663e+001 +8.188731663e+001 -2.3380e-001 -8.8407e-001 -3.3802e+000
185 0 +1.164377270e+001 +8.167377270e+001 +8.167377270e+001 -5.1819e-001 -1.6842e+000 -4.4893e+000
229 0 +7.480315693e+000 +7.751031569e+001 +7.751031569e+001 +2.2679e-001 -1.5726e+000 -3.2125e+000
390 0 +6.053447405e+000 +7.608344740e+001 +7.608344740e+001 -5.9159e-001 -2.4951e+000 -4.5224e+000
391 0 +5.707593267e+000 +7.573759327e+001 +7.573759327e+001 -1.5635e+000 -3.0384e+000 -3.3103e+000
496 0 +4.958296026e+000 +7.498829603e+001 +7.498829603e+001 -1.3483e+000 -3.4621e+000 -4.9539e+000
880 0 +4.213211436e+000 +7.424321144e+001 +7.424321144e+001 -1.3803e+000 -3.1177e+000 -3.7776e+000
910 0 +2.483087284e+000 +7.251308728e+001 +7.251308728e+001 -8.6717e-001 -2.5705e+000 -4.0016e+000
1385 0 +1.394818550e+000 +7.142481855e+001 +7.142481855e+001 -6.5248e-001 -1.9553e+000 -3.4727e+000
1611 0 +8.299814339e-001 +7.085998143e+001 +7.085998143e+001 -8.6910e-001 -2.4850e+000 -4.0142e+000
2047 0 +4.427048194e-001 +7.047270482e+001 +7.047270482e+001 -8.2590e-001 -2.4811e+000 -3.9722e+000
2239 0 +1.310300546e-001 +7.016103005e+001 +7.016103005e+001 -8.5113e-001 -2.4873e+000 -3.9706e+000
2751 0 +4.542197883e-002 +7.007542198e+001 +7.007542198e+001 -8.4206e-001 -2.4856e+000 -3.9755e+000
2837 0 +1.452500541e-002 +7.004452501e+001 +7.004452501e+001 -8.5120e-001 -2.4936e+000 -3.9863e+000
3101 0 +2.496661078e-003 +7.003249666e+001 +7.003249666e+001 -8.5247e-001 -2.4978e+000 -3.9839e+000
3122 0 +1.190823100e-004 +7.003011908e+001 +7.003011908e+001 -8.5037e-001 -2.4956e+000 -3.9822e+000
3194 0 +1.020099324e-004 +7.003010201e+001 +7.003010201e+001 -8.5029e-001 -2.4956e+000 -3.9822e+000
3239 0 +3.563916518e-005 +7.003003564e+001 +7.003003564e+001 -8.5059e-001 -2.4961e+000 -3.9825e+000
3266 0 +1.745025961e-005 +7.003001745e+001 +7.003001745e+001 -8.5051e-001 -2.4961e+000 -3.9823e+000
3328 0 +4.593734047e-006 +7.003000459e+001 +7.003000459e+001 -8.5049e-001 -2.4961e+000 -3.9824e+000
3359 0 +4.394104536e-006 +7.003000439e+001 +7.003000439e+001 -8.5037e-001 -2.4960e+000 -3.9823e+000
3388 0 +1.366161911e-006 +7.003000137e+001 +7.003000137e+001 -8.5045e-001 -2.4961e+000 -3.9824e+000
3400 0 +1.497365503e-007 +7.003000015e+001 +7.003000015e+001 -8.5041e-001 -2.4960e+000 -3.9824e+000
3598 0 +6.928544849e-008 +7.003000007e+001 +7.003000007e+001 -8.5040e-001 -2.4960e+000 -3.9824e+000
3642 0 +4.823361621e-008 +7.003000005e+001 +7.003000005e+001 -8.5040e-001 -2.4960e+000 -3.9824e+000
3674 0 +8.254659178e-010 +7.003000000e+001 +7.003000000e+001 -8.5040e-001 -2.4960e+000 -3.9824e+000
% f evaluations | g evaluations | best noise-free fitness - Fopt (-4.822000000000e+001) + sum g_i+ | measured fitness | best measured fitness or single-digit g-values | x1 | x2...
1 0 +2.904603705e+001 -1.917396295e+001 -1.917396295e+001 -1.2858e+000 -5.0103e-001 -2.3824e+000
6 0 +2.024592099e+001 -2.797407901e+001 -2.797407901e+001 -1.1403e+000 -1.2210e-001 -4.0582e+000
59 0 +1.884838405e+001 -2.937161595e+001 -2.937161595e+001 -3.6432e+000 +3.3257e-001 -1.1403e+000
69 0 +1.639735888e+001 -3.182264112e+001 -3.182264112e+001 -2.9275e+000 -1.3789e+000 -5.6544e-001
73 0 +2.177466010e+000 -4.604253399e+001 -4.604253399e+001 -1.2581e+000 -1.4717e+000 -2.7158e+000
1316 0 +8.000919213e-001 -4.741990808e+001 -4.741990808e+001 -1.8783e+000 -9.8721e-001 -2.2005e+000
1824 0 +3.311123939e-002 -4.818688876e+001 -4.818688876e+001 -1.8473e+000 -1.0002e+000 -2.2330e+000
2270 0 +2.419215747e-002 -4.819580784e+001 -4.819580784e+001 -1.8457e+000 -1.0013e+000 -2.2343e+000
2505 0 +1.423435420e-003 -4.821857656e+001 -4.821857656e+001 -1.8442e+000 -1.0067e+000 -2.2334e+000
2571 0 +6.871376191e-004 -4.821931286e+001 -4.821931286e+001 -1.8436e+000 -1.0072e+000 -2.2338e+000
2609 0 +1.611975683e-004 -4.821983880e+001 -4.821983880e+001 -1.8428e+000 -1.0071e+000 -2.2345e+000
2624 0 +1.540533300e-004 -4.821984595e+001 -4.821984595e+001 -1.8428e+000 -1.0071e+000 -2.2345e+000
2641 0 +7.564643833e-005 -4.821992435e+001 -4.821992435e+001 -1.8423e+000 -1.0069e+000 -2.2354e+000
2672 0 +5.441658601e-005 -4.821994558e+001 -4.821994558e+001 -1.8424e+000 -1.0070e+000 -2.2352e+000
2777 0 +3.790517233e-005 -4.821996209e+001 -4.821996209e+001 -1.8425e+000 -1.0070e+000 -2.2351e+000
2829 0 +1.490810757e-005 -4.821998509e+001 -4.821998509e+001 -1.8424e+000 -1.0071e+000 -2.2352e+000
2852 0 +7.890206810e-006 -4.821999211e+001 -4.821999211e+001 -1.8423e+000 -1.0073e+000 -2.2352e+000
2885 0 +2.265330941e-006 -4.821999773e+001 -4.821999773e+001 -1.8424e+000 -1.0071e+000 -2.2352e+000
2926 0 +5.257306412e-007 -4.821999947e+001 -4.821999947e+001 -1.8424e+000 -1.0072e+000 -2.2352e+000
2950 0 +2.018298133e-007 -4.821999980e+001 -4.821999980e+001 -1.8424e+000 -1.0072e+000 -2.2352e+000
2997 0 +5.485209442e-008 -4.821999995e+001 -4.821999995e+001 -1.8424e+000 -1.0072e+000 -2.2352e+000
3080 0 +4.740736159e-008 -4.821999995e+001 -4.821999995e+001 -1.8424e+000 -1.0072e+000 -2.2352e+000
3145 0 +1.073205169e-008 -4.821999999e+001 -4.821999999e+001 -1.8424e+000 -1.0072e+000 -2.2352e+000
3174 0 +3.103366453e-009 -4.822000000e+001 -4.822000000e+001 -1.8424e+000 -1.0072e+000 -2.2352e+000
% f evaluations | g evaluations | best noise-free fitness - Fopt (2.547000000000e+001) + sum g_i+ | measured fitness | best measured fitness or single-digit g-values | x1 | x2...
1 0 +2.486285519e+002 +2.740985519e+002 +2.740985519e+002 +2.2137e+000 -3.5563e+000 +2.2065e+000
5 0 +2.019582503e+002 +2.274282503e+002 +2.274282503e+002 -5.0000e+000 -5.0000e+000 -5.0000e+000
7 0 +9.344722010e+001 +1.189172201e+002 +1.189172201e+002 -4.8048e+000 +1.6493e+000 -3.3149e+000
9 0 +4.926636398e+001 +7.473636398e+001 +7.473636398e+001 -5.0000e+000 -3.2581e+000 +2.9386e-001
11 0 +4.639148053e+001 +7.186148053e+001 +7.186148053e+001 -4.7498e+000 -7.2113e-001 -1.2806e+000
52 0 +4.005450170e+001 +6.552450170e+001 +6.552450170e+001 -1.6183e+000 -2.0143e+000 -1.6847e+000
74 0 +3.062026890e+001 +5.609026890e+001 +5.609026890e+001 -3.5525e+000 -3.5634e+000 -2.7143e-001
86 0 +1.214767220e+001 +3.761767220e+001 +3.761767220e+001 -3.7557e+000 -1.3195e+000 -2.0415e+000
151 0 +2.529365565e+000 +2.799936556e+001 +2.799936556e+001 -3.4117e+000 -2.1325e+000 -6.6512e-001
451 0 +2.407827200e+000 +2.787782720e+001 +2.787782720e+001 -3.4117e+000 -2.1325e+000 -5.9634e-001
944 0 +1.960558245e+000 +2.743055824e+001 +2.743055824e+001 -3.3846e+000 -2.1590e+000 -6.4661e-001
1126 0 +1.449980762e+000 +2.691998076e+001 +2.691998076e+001 -3.7543e+000 -1.9508e+000 -1.1634e+000
1461 0 +1.179338510e+000 +2.664933851e+001 +2.664933851e+001 -3.4776e+000 -2.1834e+000 -1.5679e+000
1516 0 +1.020326349e+000 +2.649032635e+001 +2.649032635e+001 -3.7518e+000 -1.9338e+000 -1.1552e+000
2307 0 +5.247367844e-001 +2.599473678e+001 +2.599473678e+001 -3.7754e+000 -1.8894e+000 -1.2075e+000
2418 0 +4.972013943e-001 +2.596720139e+001 +2.596720139e+001 -3.8049e+000 -1.9105e+000 -1.1709e+000
2532 0 +1.335370942e-001 +2.560353709e+001 +2.560353709e+001 -3.7775e+000 -1.9071e+000 -1.1626e+000
2569 0 +1.168334255e-001 +2.558683343e+001 +2.558683343e+001 -3.7897e+000 -1.9071e+000 -1.1827e+000
2577 0 +8.024256439e-002 +2.555024256e+001 +2.555024256e+001 -3.7886e+000 -1.9054e+000 -1.1816e+000
2639 0 +5.958389055e-002 +2.552958389e+001 +2.552958389e+001 -3.7926e+000 -1.9073e+000 -1.1652e+000
2788 0 +4.122334569e-002 +2.551122335e+001 +2.551122335e+001 -3.7874e+000 -1.9037e+000 -1.1690e+000
2838 0 +3.408950922e-002 +2.550408951e+001 +2.550408951e+001 -3.7836e+000 -1.9188e+000 -1.1587e+000
2939 0 +2.347067864e-002 +2.549347068e+001 +2.549347068e+001 -3.7838e+000 -1.9175e+000 -1.1543e+000
2940 0 +1.207754151e-002 +2.548207754e+001 +2.548207754e+001 -3.7851e+000 -1.9080e+000 -1.1674e+000
3006 0 +1.712863605e-005 +2.547001713e+001 +2.547001713e+001 -3.7848e+000 -1.9121e+000 -1.1641e+000
3218 0 +4.424310948e-006 +2.547000442e+001 +2.547000442e+001 -3.7848e+000 -1.9119e+000 -1.1641e+000
3264 0 +3.049404313e-006 +2.547000305e+001 +2.547000305e+001 -3.7848e+000 -1.9120e+000 -1.1639e+000
3291 0 +6.872817551e-007 +2.547000069e+001 +2.547000069e+001 -3.7848e+000 -1.9120e+000 -1.1640e+000
3318 0 +6.149977487e-007 +2.547000061e+001 +2.547000061e+001 -3.7848e+000 -1.9120e+000 -1.1640e+000
3342 0 +4.617828111e-007 +2.547000046e+001 +2.547000046e+001 -3.7848e+000 -1.9120e+000 -1.1640e+000
3429 0 +1.149082678e-007 +2.547000011e+001 +2.547000011e+001 -3.7848e+000 -1.9120e+000 -1.1640e+000
3479 0 +1.003821701e-007 +2.547000010e+001 +2.547000010e+001 -3.7848e+000 -1.9120e+000 -1.1640e+000
3532 0 +1.074543832e-008 +2.547000001e+001 +2.547000001e+001 -3.7848e+000 -1.9120e+000 -1.1640e+000
3560 0 +8.109793725e-009 +2.547000001e+001 +2.547000001e+001 -3.7848e+000 -1.9120e+000 -1.1640e+000
% f evaluations | g evaluations | best noise-free fitness - Fopt (-1.008100000000e+002) + sum g_i+ | measured fitness | best measured fitness or single-digit g-values | x1 | x2...
1 0 +2.341804321e+002 +1.333704321e+002 +1.333704321e+002 +9.1635e-001 +2.9157e+000 -4.4696e+000
2 0 +2.318749399e+002 +1.310649399e+002 +1.310649399e+002 -3.2280e+000 +6.2309e-002 -3.2989e+000
4 0 +1.055010953e+002 +4.691095292e+000 +4.691095292e+000 +4.5064e+000 -3.5673e+000 +1.2641e+000
8 0 +8.639540802e+001 -1.441459198e+001 -1.441459198e+001 +5.0000e+000 +7.4173e-001 +5.0000e+000
11 0 +3.408151722e+001 -6.672848278e+001 -6.672848278e+001 -1.5930e+000 +2.9283e+000 -1.2516e-001
12 0 +2.780741317e+001 -7.300258683e+001 -7.300258683e+001 -8.7226e-002 +1.4983e+000 +8.3358e-001
42 0 +2.702993124e+001 -7.378006876e+001 -7.378006876e+001 +1.3879e+000 -5.3874e-001 +1.0635e+000
84 0 +2.448315144e+001 -7.632684856e+001 -7.632684856e+001 +2.9566e+000 -1.2538e+000 +7.2045e-001
102 0 +1.474572133e+001 -8.606427867e+001 -8.606427867e+001 +1.2716e+000 -1.9438e-001 +1.1398e+000
214 0 +3.743837035e+000 -9.706616297e+001 -9.706616297e+001 +5.9436e-001 +5.5231e-001 +1.6260e+000
766 0 +1.357432192e+000 -9.945256781e+001 -9.945256781e+001 +6.5313e-001 +5.7259e-001 +1.6890e+000
958 0 +1.301181743e+000 -9.950881826e+001 -9.950881826e+001 +3.0562e-001 +1.0534e+000 +1.1360e+000
1663 0 +2.676537283e-001 -1.005423463e+002 -1.005423463e+002 +1.0106e+000 +4.8790e-001 +1.3399e+000
1844 0 +1.459829565e-001 -1.006640170e+002 -1.006640170e+002 +9.7968e-001 +4.9115e-001 +1.3405e+000
2048 0 +6.685521441e-002 -1.007431448e+002 -1.007431448e+002 +9.7894e-001 +4.9793e-001 +1.3365e+000
2288 0 +6.225564004e-002 -1.007477444e+002 -1.007477444e+002 +9.9734e-001 +4.7742e-001 +1.3365e+000
2420 0 +3.836178122e-002 -1.007716382e+002 -1.007716382e+002 +9.9100e-001 +4.8288e-001 +1.3330e+000
2451 0 +1.757321469e-002 -1.007924268e+002 -1.007924268e+002 +9.8774e-001 +4.9316e-001 +1.3308e+000
2486 0 +3.125265059e-003 -1.008068747e+002 -1.008068747e+002 +9.8958e-001 +4.8863e-001 +1.3331e+000
2504 0 +1.763119403e-003 -1.008082369e+002 -1.008082369e+002 +9.9416e-001 +4.8713e-001 +1.3336e+000
2514 0 +3.853479662e-004 -1.008096147e+002 -1.008096147e+002 +9.9095e-001 +4.8843e-001 +1.3334e+000
2522 0 +2.945912119e-004 -1.008097054e+002 -1.008097054e+002 +9.9118e-001 +4.8876e-001 +1.3336e+000
2558 0 +2.159122450e-005 -1.008099784e+002 -1.008099784e+002 +9.9184e-001 +4.8815e-001 +1.3334e+000
2695 0 +7.315965703e-006 -1.008099927e+002 -1.008099927e+002 +9.9185e-001 +4.8811e-001 +1.3335e+000
2706 0 +4.931237882e-006 -1.008099951e+002 -1.008099951e+002 +9.9191e-001 +4.8809e-001 +1.3336e+000
2754 0 +3.521005553e-006 -1.008099965e+002 -1.008099965e+002 +9.9206e-001 +4.8791e-001 +1.3336e+000
2812 0 +7.755538434e-007 -1.008099992e+002 -1.008099992e+002 +9.9197e-001 +4.8801e-001 +1.3336e+000
2836 0 +6.499491860e-007 -1.008099994e+002 -1.008099994e+002 +9.9198e-001 +4.8800e-001 +1.3336e+000
2869 0 +6.274607358e-007 -1.008099994e+002 -1.008099994e+002 +9.9201e-001 +4.8797e-001 +1.3336e+000
2881 0 +2.578408527e-007 -1.008099997e+002 -1.008099997e+002 +9.9200e-001 +4.8799e-001 +1.3336e+000
2952 0 +1.798144496e-007 -1.008099998e+002 -1.008099998e+002 +9.9198e-001 +4.8801e-001 +1.3336e+000
2982 0 +9.017871605e-008 -1.008099999e+002 -1.008099999e+002 +9.9201e-001 +4.8799e-001 +1.3336e+000
3029 0 +8.729070089e-008 -1.008099999e+002 -1.008099999e+002 +9.9201e-001 +4.8799e-001 +1.3336e+000
3049 0 +2.719762904e-008 -1.008100000e+002 -1.008100000e+002 +9.9200e-001 +4.8800e-001 +1.3336e+000
3087 0 +1.186327836e-008 -1.008100000e+002 -1.008100000e+002 +9.9199e-001 +4.8800e-001 +1.3336e+000
3136 0 +3.875513244e-009 -1.008100000e+002 -1.008100000e+002 +9.9200e-001 +4.8800e-001 +1.3336e+000
% f evaluations | g evaluations | best noise-free fitness - Fopt (-3.531300000000e+002) + sum g_i+ | measured fitness | best measured fitness or single-digit g-values | x1 | x2...
1 0 +2.437978404e+002 -1.093321596e+002 -1.093321596e+002 +4.1730e+000 +1.4157e+000 +3.7127e+000
2 0 +1.181963516e+002 -2.349336484e+002 -2.349336484e+002 +1.4402e-001 -3.1038e+000 -2.1476e+000
7 0 +1.156537126e+002 -2.374762874e+002 -2.374762874e+002 -4.7785e-001 +6.5371e-001 +2.6046e+000
10 0 +3.994150947e+001 -3.131884905e+002 -3.131884905e+002 -4.4259e+000 +1.0948e+000 -4.0068e+000
40 0 +3.056605995e+001 -3.225639401e+002 -3.225639401e+002 -3.3154e+000 +1.1908e+000 -9.6469e-001
80 0 +8.492525908e+000 -3.446374741e+002 -3.446374741e+002 -2.8249e+000 +7.2246e-001 -2.3686e+000
192 0 +6.649111538e+000 -3.464808885e+002 -3.464808885e+002 -2.1477e+000 +5.3163e-001 -2.0265e+000
494 0 +6.475040854e+000 -3.466549591e+002 -3.466549591e+002 -2.1214e+000 +4.8325e-001 -1.3719e+000
522 0 +5.923981582e+000 -3.472060184e+002 -3.472060184e+002 -2.1477e+000 +4.7560e-001 -1.3940e+000
543 0 +3.698939708e+000 -3.494310603e+002 -3.494310603e+002 -1.9730e+000 +1.0342e+000 -1.4721e+000
586 0 +2.125150709e+000 -3.510048493e+002 -3.510048493e+002 -2.2468e+000 +5.5089e-001 -2.5572e+000
775 0 +1.905566215e+000 -3.512244338e+002 -3.512244338e+002 -1.6301e+000 +3.3502e-001 -1.5800e+000
1066 0 +1.315916951e+000 -3.518140830e+002 -3.518140830e+002 -2.3110e+000 +5.6257e-001 -2.6299e+000
1096 0 +1.122444538e+000 -3.520075555e+002 -3.520075555e+002 -2.3015e+000 +5.5536e-001 -2.6253e+000
1516 0 +1.110515451e+000 -3.520194845e+002 -3.520194845e+002 -2.3015e+000 +5.4019e-001 -2.6253e+000
1761 0 +5.152729837e-001 -3.526147270e+002 -3.526147270e+002 -2.1642e+000 +5.0393e-001 -1.9458e+000
1922 0 +2.448584430e-001 -3.528851416e+002 -3.528851416e+002 -2.1726e+000 +5.1230e-001 -1.9850e+000
2239 0 +8.496087967e-002 -3.530450391e+002 -3.530450391e+002 -2.1812e+000 +5.0889e-001 -1.9846e+000
2312 0 +6.758247895e-002 -3.530624175e+002 -3.530624175e+002 -2.1767e+000 +4.9911e-001 -1.9973e+000
2357 0 +4.727187326e-002 -3.530827281e+002 -3.530827281e+002 -2.1744e+000 +5.0404e-001 -1.9859e+000
2556 0 +1.672720785e-002 -3.531132728e+002 -3.531132728e+002 -2.1777e+000 +4.9999e-001 -1.9920e+000
2576 0 +1.708598205e-003 -3.531282914e+002 -3.531282914e+002 -2.1796e+000 +4.9660e-001 -1.9907e+000
2590 0 +4.819336374e-004 -3.531295181e+002 -3.531295181e+002 -2.1796e+000 +4.9766e-001 -1.9907e+000
2633 0 +2.495255326e-004 -3.531297505e+002 -3.531297505e+002 -2.1800e+000 +4.9803e-001 -1.9913e+000
2653 0 +1.304552695e-004 -3.531298695e+002 -3.531298695e+002 -2.1797e+000 +4.9751e-001 -1.9914e+000
2673 0 +1.038668704e-004 -3.531298961e+002 -3.531298961e+002 -2.1802e+000 +4.9726e-001 -1.9925e+000
2713 0 +1.303135326e-005 -3.531299870e+002 -3.531299870e+002 -2.1801e+000 +4.9760e-001 -1.9921e+000
2881 0 +5.784829341e-006 -3.531299942e+002 -3.531299942e+002 -2.1800e+000 +4.9757e-001 -1.9921e+000
2933 0 +3.167718546e-006 -3.531299968e+002 -3.531299968e+002 -2.1799e+000 +4.9759e-001 -1.9919e+000
2954 0 +2.776218423e-006 -3.531299972e+002 -3.531299972e+002 -2.1799e+000 +4.9757e-001 -1.9920e+000
2985 0 +2.153008722e-007 -3.531299998e+002 -3.531299998e+002 -2.1800e+000 +4.9760e-001 -1.9920e+000
3006 0 +1.426575409e-007 -3.531299999e+002 -3.531299999e+002 -2.1800e+000 +4.9760e-001 -1.9920e+000
3044 0 +2.648647524e-008 -3.531300000e+002 -3.531300000e+002 -2.1800e+000 +4.9760e-001 -1.9920e+000
3110 0 +7.771404853e-009 -3.531300000e+002 -3.531300000e+002 -2.1800e+000 +4.9760e-001 -1.9920e+000
% f evaluations | g evaluations | best noise-free fitness - Fopt (8.716000000000e+001) + sum g_i+ | measured fitness | best measured fitness or single-digit g-values | x1 | x2...
1 0 +3.780443157e+001 +1.249644316e+002 +1.249644316e+002 +1.2925e+000 +3.1025e+000 -2.9570e+000
17 0 +3.222776623e+001 +1.193877662e+002 +1.193877662e+002 +2.0175e+000 -3.7727e+000 -2.5353e+000
68 0 +3.041466868e+001 +1.175746687e+002 +1.175746687e+002 +1.7950e+000 -3.3444e+000 -3.0721e+000
71 0 +2.159114808e+001 +1.087511481e+002 +1.087511481e+002 +1.8218e+000 -9.9466e-001 -3.5629e+000
103 0 +1.126369646e+001 +9.842369646e+001 +9.842369646e+001 +1.7267e+000 +7.7858e-002 -1.2860e+000
187 0 +1.014933032e+001 +9.730933032e+001 +9.730933032e+001 +1.4199e+000 -1.3197e-001 -2.5103e+000
251 0 +8.760682822e+000 +9.592068282e+001 +9.592068282e+001 +1.4637e+000 +2.1572e+000 -1.8669e+000
372 0 +6.854167383e+000 +9.401416738e+001 +9.401416738e+001 +2.2250e+000 -6.0318e-001 -2.6809e+000
530 0 +1.831561284e+000 +8.899156128e+001 +8.899156128e+001 +1.8088e+000 +4.1233e-001 -2.4759e+000
1250 0 +1.818326319e+000 +8.897832632e+001 +8.897832632e+001 +1.8267e+000 +4.1233e-001 -2.4726e+000
1369 0 +1.590169994e+000 +8.875016999e+001 +8.875016999e+001 +1.9907e+000 +1.0362e+000 -2.7038e+000
1514 0 +1.430700004e+000 +8.859070000e+001 +8.859070000e+001 +1.9791e+000 +1.0677e+000 -2.6850e+000
1779 0 +1.123397891e+000 +8.828339789e+001 +8.828339789e+001 +1.8108e+000 +4.3123e-001 -2.4244e+000
2054 0 +8.463373481e-001 +8.800633735e+001 +8.800633735e+001 +1.9796e+000 +1.0585e+000 -2.6601e+000
2371 0 +7.927134859e-001 +8.795271349e+001 +8.795271349e+001 +1.9765e+000 +1.0480e+000 -2.6509e+000
2614 0 +7.954822630e-002 +8.723954823e+001 +8.723954823e+001 +1.9665e+000 +9.7352e-001 -2.6996e+000
2841 0 +6.081180698e-002 +8.722081181e+001 +8.722081181e+001 +1.9632e+000 +9.7571e-001 -2.6903e+000
2871 0 +2.866704969e-002 +8.718866705e+001 +8.718866705e+001 +1.9696e+000 +9.8551e-001 -2.6903e+000
3012 0 +1.178953751e-002 +8.717178954e+001 +8.717178954e+001 +1.9659e+000 +9.8925e-001 -2.6943e+000
3064 0 +3.893731232e-003 +8.716389373e+001 +8.716389373e+001 +1.9662e+000 +9.8770e-001 -2.6877e+000
3288 0 +5.958329038e-004 +8.716059583e+001 +8.716059583e+001 +1.9669e+000 +9.8982e-001 -2.6896e+000
3318 0 +1.956089540e-004 +8.716019561e+001 +8.716019561e+001 +1.9667e+000 +9.9005e-001 -2.6895e+000
3380 0 +1.046753095e-004 +8.716010468e+001 +8.716010468e+001 +1.9665e+000 +9.9027e-001 -2.6895e+000
3394 0 +6.375986094e-005 +8.716006376e+001 +8.716006376e+001 +1.9664e+000 +9.9009e-001 -2.6896e+000
3440 0 +2.966696313e-005 +8.716002967e+001 +8.716002967e+001 +1.9664e+000 +9.8993e-001 -2.6895e+000
3468 0 +2.896313565e-005 +8.716002896e+001 +8.716002896e+001 +1.9665e+000 +9.8973e-001 -2.6894e+000
3501 0 +1.421915002e-005 +8.716001422e+001 +8.716001422e+001 +1.9664e+000 +9.8984e-001 -2.6895e+000
3524 0 +2.835301672e-006 +8.716000284e+001 +8.716000284e+001 +1.9664e+000 +9.8965e-001 -2.6896e+000
3567 0 +1.822639518e-006 +8.716000182e+001 +8.716000182e+001 +1.9664e+000 +9.8957e-001 -2.6897e+000
3590 0 +7.243093023e-007 +8.716000072e+001 +8.716000072e+001 +1.9664e+000 +9.8963e-001 -2.6896e+000
3657 0 +4.115979522e-007 +8.716000041e+001 +8.716000041e+001 +1.9664e+000 +9.8964e-001 -2.6896e+000
3690 0 +3.304604803e-007 +8.716000033e+001 +8.716000033e+001 +1.9664e+000 +9.8964e-001 -2.6896e+000
3718 0 +1.030002181e-007 +8.716000010e+001 +8.716000010e+001 +1.9664e+000 +9.8962e-001 -2.6896e+000
3792 0 +6.424356513e-008 +8.716000006e+001 +8.716000006e+001 +1.9664e+000 +9.8961e-001 -2.6896e+000
3848 0 +3.594539066e-008 +8.716000004e+001 +8.716000004e+001 +1.9664e+000 +9.8960e-001 -2.6896e+000
3911 0 +2.018201428e-008 +8.716000002e+001 +8.716000002e+001 +1.9664e+000 +9.8960e-001 -2.6896e+000
3923 0 +1.106315040e-010 +8.716000000e+001 +8.716000000e+001 +1.9664e+000 +9.8960e-001 -2.6896e+000
% f evaluations | g evaluations | best noise-free fitness - Fopt (-3.475000000000e+001) + sum g_i+ | measured fitness | best measured fitness or single-digit g-values | x1 | x2...
1 0 +1.317215432e+002 +9.697154315e+001 +9.697154315e+001 -1.9918e+000 +3.0053e+000 -1.9205e+000
7 0 +7.403572978e+001 +3.928572978e+001 +3.928572978e+001 +2.5887e+000 +2.3551e-003 -1.4362e+000
9 0 +7.145162479e+001 +3.670162479e+001 +3.670162479e+001 +3.6434e+000 -1.4697e+000 +9.1225e-001
12 0 +4.995705718e+001 +1.520705718e+001 +1.520705718e+001 +5.0000e+000 +5.0000e+000 -7.5111e-001
37 0 +1.958024660e+001 -1.516975340e+001 -1.516975340e+001 +4.1106e+000 +2.8062e+000 +8.8033e-001
107 0 +6.213411714e+000 -2.853658829e+001 -2.853658829e+001 +2.2416e+000 +1.4440e+000 -6.3660e-001
162 0 +3.127619313e+000 -3.162238069e+001 -3.162238069e+001 +2.2479e+000 +1.4021e+000 -6.9953e-001
358 0 +3.001286797e+000 -3.174871320e+001 -3.174871320e+001 +2.0702e+000 +1.4715e+000 -2.5650e-001
701 0 +2.315315002e+000 -3.243468500e+001 -3.243468500e+001 +1.9173e+000 +2.3429e+000 -4.1775e-001
892 0 +2.223628214e+000 -3.252637179e+001 -3.252637179e+001 +2.0018e+000 +1.3604e+000 -2.4930e-001
1191 0 +1.852493012e+000 -3.289750699e+001 -3.289750699e+001 +2.3040e+000 +2.3847e+000 -4.7677e-001
1447 0 +1.240803692e+000 -3.350919631e+001 -3.350919631e+001 +1.9593e+000 +2.4087e+000 -4.4827e-001
1691 0 +1.108112870e+000 -3.364188713e+001 -3.364188713e+001 +2.3239e+000 +2.4322e+000 -4.4855e-001
1905 0 +4.311394522e-001 -3.431886055e+001 -3.431886055e+001 +2.3220e+000 +2.3326e+000 -4.0290e-001
2364 0 +2.923139472e-001 -3.445768605e+001 -3.445768605e+001 +2.3233e+000 +2.3484e+000 -4.3765e-001
2374 0 +1.309754596e-001 -3.461902454e+001 -3.461902454e+001 +2.3198e+000 +2.3630e+000 -4.2723e-001
2523 0 +3.796343873e-002 -3.471203656e+001 -3.471203656e+001 +2.3249e+000 +2.3533e+000 -4.2211e-001
2524 0 +3.225825172e-002 -3.471774175e+001 -3.471774175e+001 +2.3326e+000 +2.3572e+000 -4.1626e-001
2566 0 +1.891647756e-002 -3.473108352e+001 -3.473108352e+001 +2.3333e+000 +2.3612e+000 -4.1850e-001
2601 0 +1.242037198e-002 -3.473757963e+001 -3.473757963e+001 +2.3283e+000 +2.3572e+000 -4.2166e-001
2799 0 +9.786454501e-003 -3.474021355e+001 -3.474021355e+001 +2.3345e+000 +2.3657e+000 -4.2179e-001
2868 0 +7.039255041e-003 -3.474296074e+001 -3.474296074e+001 +2.3292e+000 +2.3600e+000 -4.2464e-001
2883 0 +5.678728381e-003 -3.474432127e+001 -3.474432127e+001 +2.3304e+000 +2.3659e+000 -4.2251e-001
2911 0 +3.476283679e-003 -3.474652372e+001 -3.474652372e+001 +2.3310e+000 +2.3655e+000 -4.2562e-001
2938 0 +2.810092710e-003 -3.474718991e+001 -3.474718991e+001 +2.3305e+000 +2.3620e+000 -4.2153e-001
2940 0 +1.227924216e-003 -3.474877208e+001 -3.474877208e+001 +2.3322e+000 +2.3649e+000 -4.2361e-001
2957 0 +7.459014802e-004 -3.474925410e+001 -3.474925410e+001 +2.3303e+000 +2.3627e+000 -4.2339e-001
2965 0 +2.548488896e-004 -3.474974515e+001 -3.474974515e+001 +2.3313e+000 +2.3644e+000 -4.2378e-001
2997 0 +2.293084468e-005 -3.474997707e+001 -3.474997707e+001 +2.3313e+000 +2.3640e+000 -4.2303e-001
3162 0 +9.103412424e-007 -3.474999909e+001 -3.474999909e+001 +2.3312e+000 +2.3640e+000 -4.2318e-001
3199 0 +2.106526296e-007 -3.474999979e+001 -3.474999979e+001 +2.3312e+000 +2.3640e+000 -4.2321e-001
3318 0 +1.921210000e-007 -3.474999981e+001 -3.474999981e+001 +2.3312e+000 +2.3640e+000 -4.2320e-001
3381 0 +1.763765312e-008 -3.474999998e+001 -3.474999998e+001 +2.3312e+000 +2.3640e+000 -4.2320e-001
3482 0 +1.019576246e-008 -3.474999999e+001 -3.474999999e+001 +2.3312e+000 +2.3640e+000 -4.2320e-001
3501 0 +2.888995709e-009 -3.475000000e+001 -3.475000000e+001 +2.3312e+000 +2.3640e+000 -4.2320e-001
% f evaluations | g evaluations | best noise-free fitness - Fopt (-1.000000000000e+003) + sum g_i+ | measured fitness | best measured fitness or single-digit g-values | x1 | x2...
1 0 +3.724372169e+002 -6.275627831e+002 -6.275627831e+002 +4.4421e+000 +6.9196e-001 +4.1887e+000
2 0 +1.888511989e+002 -8.111488011e+002 -8.111488011e+002 -2.5018e+000 +3.7419e-001 +1.7319e+000
3 0 +4.312239601e+001 -9.568776040e+002 -9.568776040e+002 -9.3385e-001 -2.3361e+000 +2.9962e-001
12 0 +2.075843439e+001 -9.792415656e+002 -9.792415656e+002 -2.8001e+000 -2.3531e+000 -1.8192e+000
85 0 +1.086818465e+001 -9.891318154e+002 -9.891318154e+002 -4.2216e+000 -3.4243e+000 -7.7437e-001
103 0 +8.450017054e+000 -9.915499829e+002 -9.915499829e+002 -3.6910e+000 -3.4599e+000 +7.1675e-001
163 0 +4.636184409e+000 -9.953638156e+002 -9.953638156e+002 -3.4554e+000 -3.4599e+000 +1.4729e-001
256 0 +3.031022780e+000 -9.969689772e+002 -9.969689772e+002 -3.7009e+000 -2.5227e+000 -6.0941e-001
546 0 +5.097931267e-001 -9.994902069e+002 -9.994902069e+002 -3.7400e+000 -3.2357e+000 -1.3950e-001
1169 0 +4.151078672e-001 -9.995848921e+002 -9.995848921e+002 -3.7820e+000 -3.2166e+000 -1.8281e-001
1853 0 +3.832220559e-001 -9.996167779e+002 -9.996167779e+002 -3.7430e+000 -3.2349e+000 -1.4272e-001
1859 0 +1.737726528e-001 -9.998262273e+002 -9.998262273e+002 -3.7499e+000 -3.2290e+000 -1.3744e-001
2241 0 +1.642821298e-001 -9.998357179e+002 -9.998357179e+002 -3.7768e+000 -3.2317e+000 -1.6271e-001
2271 0 +1.595576496e-001 -9.998404424e+002 -9.998404424e+002 -3.7768e+000 -3.2316e+000 -1.6189e-001
2290 0 +9.954244375e-002 -9.999004576e+002 -9.999004576e+002 -3.7639e+000 -3.2366e+000 -1.5473e-001
2321 0 +3.688103915e-002 -9.999631190e+002 -9.999631190e+002 -3.7571e+000 -3.2219e+000 -1.5850e-001
2380 0 +7.784411514e-003 -9.999922156e+002 -9.999922156e+002 -3.7604e+000 -3.2266e+000 -1.5242e-001
2458 0 +4.140399295e-003 -9.999958596e+002 -9.999958596e+002 -3.7592e+000 -3.2276e+000 -1.5383e-001
2488 0 +2.642896216e-004 -9.999997357e+002 -9.999997357e+002 -3.7618e+000 -3.2283e+000 -1.5373e-001
2547 0 +1.546834392e-004 -9.999998453e+002 -9.999998453e+002 -3.7620e+000 -3.2287e+000 -1.5308e-001
2615 0 +5.219096226e-005 -9.999999478e+002 -9.999999478e+002 -3.7616e+000 -3.2286e+000 -1.5290e-001
2746 0 +3.080435818e-005 -9.999999692e+002 -9.999999692e+002 -3.7615e+000 -3.2286e+000 -1.5315e-001
2814 0 +4.996826874e-006 -9.999999950e+002 -9.999999950e+002 -3.7616e+000 -3.2288e+000 -1.5286e-001
2863 0 +2.283295771e-006 -9.999999977e+002 -9.999999977e+002 -3.7616e+000 -3.2288e+000 -1.5287e-001
2883 0 +3.545831078e-007 -9.999999996e+002 -9.999999996e+002 -3.7616e+000 -3.2288e+000 -1.5284e-001
2929 0 +1.233801186e-007 -9.999999999e+002 -9.999999999e+002 -3.7616e+000 -3.2288e+000 -1.5281e-001
2956 0 +8.617780622e-008 -9.999999999e+002 -9.999999999e+002 -3.7616e+000 -3.2288e+000 -1.5282e-001
3016 0 +1.242813141e-008 -1.000000000e+003 -1.000000000e+003 -3.7616e+000 -3.2288e+000 -1.5280e-001
3044 0 +3.809532245e-009 -1.000000000e+003 -1.000000000e+003 -3.7616e+000 -3.2288e+000 -1.5280e-001
% f evaluations | g evaluations | best noise-free fitness - Fopt (-9.247000000000e+001) + sum g_i+ | measured fitness | best measured fitness or single-digit g-values | x1 | x2...
1 0 +8.063603850e+002 +7.138903850e+002 +7.138903850e+002 +4.8175e+000 +3.8490e+000 -1.7856e+000
2 0 +1.879960781e+002 +9.552607812e+001 +9.552607812e+001 -1.4807e+000 +2.0427e+000 -7.6078e-001
3 0 +1.644374915e+002 +7.196749155e+001 +7.196749155e+001 -2.7301e-001 -4.3711e+000 +1.4111e+000
7 0 +5.643064561e+001 -3.603935439e+001 -3.603935439e+001 +1.7771e+000 +1.3538e+000 +8.0197e-001
9 0 +5.045055049e+001 -4.201944951e+001 -4.201944951e+001 +1.8377e+000 -2.8144e+000 +3.6568e+000
11 0 +4.885643336e+001 -4.361356664e+001 -4.361356664e+001 +3.8662e+000 -1.9060e+000 +3.9605e+000
25 0 +4.675468568e+001 -4.571531432e+001 -4.571531432e+001 +3.0976e+000 +1.9073e+000 +4.5695e+000
26 0 +2.962545373e+001 -6.284454627e+001 -6.284454627e+001 +3.2381e+000 -2.0993e+000 +3.8457e+000
90 0 +2.699995202e+001 -6.547004798e+001 -6.547004798e+001 +2.4780e+000 -9.0175e-001 +2.0560e+000
108 0 +7.089129524e+000 -8.538087048e+001 -8.538087048e+001 +2.2296e+000 +6.5639e-001 +2.2093e+000
120 0 +6.842630351e+000 -8.562736965e+001 -8.562736965e+001 +2.1346e+000 -5.2664e-001 +2.2344e+000
328 0 +6.275159302e+000 -8.619484070e+001 -8.619484070e+001 +2.4849e+000 -5.7825e-001 +3.5514e+000
388 0 +3.538964725e+000 -8.893103528e+001 -8.893103528e+001 +2.4849e+000 -7.0495e-001 +3.5514e+000
727 0 +2.627505629e+000 -8.984249437e+001 -8.984249437e+001 +2.8575e+000 -2.6604e-001 +3.0280e+000
807 0 +2.336644667e+000 -9.013335533e+001 -9.013335533e+001 +2.6092e+000 -5.7289e-001 +2.8667e+000
887 0 +2.191353295e+000 -9.027864671e+001 -9.027864671e+001 +2.7329e+000 -6.7218e-001 +2.2147e+000
1117 0 +2.013604107e+000 -9.045639589e+001 -9.045639589e+001 +2.8619e+000 -2.5589e-001 +3.0276e+000
1697 0 +1.602558988e+000 -9.086744101e+001 -9.086744101e+001 +2.6212e+000 -6.0406e-001 +2.8818e+000
2019 0 +1.402728662e+000 -9.106727134e+001 -9.106727134e+001 +2.8037e+000 -1.4780e-001 +3.5846e+000
2493 0 +1.155283881e+000 -9.131471612e+001 -9.131471612e+001 +2.6134e+000 -6.2992e-001 +2.8845e+000
2855 0 +1.127940253e+000 -9.134205975e+001 -9.134205975e+001 +2.7935e+000 -1.5096e-001 +3.5647e+000
3032 0 +1.075600788e+000 -9.139439921e+001 -9.139439921e+001 +2.6119e+000 -6.2565e-001 +2.8856e+000
3112 0 +1.065058048e+000 -9.140494195e+001 -9.140494195e+001 +2.8005e+000 -1.6285e-001 +3.5507e+000
3244 0 +1.030888081e+000 -9.143911192e+001 -9.143911192e+001 +2.6071e+000 -6.2128e-001 +2.8779e+000
3270 0 +9.994009169e-001 -9.147059908e+001 -9.147059908e+001 +2.6033e+000 -6.2197e-001 +2.8799e+000
7241 0 +8.538944998e-001 -9.161610550e+001 -9.161610550e+001 +2.8934e+000 -2.0194e-001 +3.0005e+000
7284 0 +8.165678695e-001 -9.165343213e+001 -9.165343213e+001 +2.8866e+000 -1.9964e-001 +2.9060e+000
7295 0 +3.688526127e-001 -9.210114739e+001 -9.210114739e+001 +2.8930e+000 -2.0366e-001 +2.9366e+000
7667 0 +1.864967313e-002 -9.245135033e+001 -9.245135033e+001 +2.8832e+000 -2.1363e-001 +2.9591e+000
8865 0 +1.315893375e-002 -9.245684107e+001 -9.245684107e+001 +2.8812e+000 -2.0335e-001 +2.9545e+000
9015 0 +1.120037940e-002 -9.245879962e+001 -9.245879962e+001 +2.8814e+000 -2.0335e-001 +2.9545e+000
9060 0 +1.842627911e-003 -9.246815737e+001 -9.246815737e+001 +2.8835e+000 -2.0756e-001 +2.9586e+000
9090 0 +1.764986887e-003 -9.246823501e+001 -9.246823501e+001 +2.8835e+000 -2.0768e-001 +2.9586e+000
9139 0 +3.731682646e-004 -9.246962683e+001 -9.246962683e+001 +2.8828e+000 -2.0780e-001 +2.9573e+000
9185 0 +9.802117248e-006 -9.246999020e+001 -9.246999020e+001 +2.8823e+000 -2.0790e-001 +2.9575e+000
9440 0 +1.483330621e-006 -9.246999852e+001 -9.246999852e+001 +2.8824e+000 -2.0798e-001 +2.9576e+000
9480 0 +8.356053058e-007 -9.246999916e+001 -9.246999916e+001 +2.8824e+000 -2.0799e-001 +2.9576e+000
9548 0 +3.746740731e-007 -9.246999963e+001 -9.246999963e+001 +2.8824e+000 -2.0800e-001 +2.9576e+000
9616 0 +1.081192096e-007 -9.246999989e+001 -9.246999989e+001 +2.8824e+000 -2.0800e-001 +2.9576e+000
9647 0 +1.006330166e-007 -9.246999990e+001 -9.246999990e+001 +2.8824e+000 -2.0799e-001 +2.9576e+000
9686 0 +5.507637013e-008 -9.246999994e+001 -9.246999994e+001 +2.8824e+000 -2.0799e-001 +2.9576e+000
9707 0 +5.180055496e-009 -9.246999999e+001 -9.246999999e+001 +2.8824e+000 -2.0800e-001 +2.9576e+000
% f evaluations | g evaluations | best noise-free fitness - Fopt (-2.153000000000e+002) + sum g_i+ | measured fitness | best measured fitness or single-digit g-values | x1 | x2...
1 0 +5.775678668e+001 -1.575432133e+002 -1.575432133e+002 -3.9992e+000 +4.8101e+000 +2.9864e-001
19 0 +4.800929340e+001 -1.672907066e+002 -1.672907066e+002 -3.3646e+000 +4.1468e+000 -3.0601e+000
28 0 +4.623218998e+001 -1.690678100e+002 -1.690678100e+002 -1.5016e+000 +4.4875e+000 -1.7329e+000
36 0 +3.954714675e+001 -1.757528532e+002 -1.757528532e+002 -4.2086e+000 +2.6785e+000 -1.1788e+000
49 0 +1.593465998e+001 -1.993653400e+002 -1.993653400e+002 -4.3689e+000 +3.8523e+000 -2.1158e+000
118 0 +1.202403674e+001 -2.032759633e+002 -2.032759633e+002 -4.0697e+000 +4.6482e+000 -2.3772e+000
159 0 +9.542355870e+000 -2.057576441e+002 -2.057576441e+002 -4.0041e+000 +4.2898e+000 -2.2217e+000
246 0 +5.340878671e+000 -2.099591213e+002 -2.099591213e+002 -3.8829e+000 +3.3285e+000 -9.0906e-001
364 0 +4.349857225e+000 -2.109501428e+002 -2.109501428e+002 -3.3189e+000 +3.1011e+000 -1.4610e+000
378 0 +3.909412132e+000 -2.113905879e+002 -2.113905879e+002 -2.7141e+000 +3.4989e+000 -8.6662e-001
494 0 +1.936132199e+000 -2.133638678e+002 -2.133638678e+002 -3.0175e+000 +3.5046e+000 -1.3147e+000
637 0 +1.436516462e+000 -2.138634835e+002 -2.138634835e+002 -2.7353e+000 +3.4505e+000 -8.5615e-001
765 0 +1.244906850e+000 -2.140550932e+002 -2.140550932e+002 -2.6956e+000 +3.4448e+000 -8.4170e-001
1088 0 +2.399708815e-001 -2.150600291e+002 -2.150600291e+002 -3.0050e+000 +3.4961e+000 -1.3463e+000
1546 0 +2.005791424e-001 -2.150994209e+002 -2.150994209e+002 -2.9533e+000 +3.4767e+000 -1.3469e+000
1700 0 +1.176159721e-001 -2.151823840e+002 -2.151823840e+002 -2.9928e+000 +3.4933e+000 -1.3496e+000
1714 0 +4.366644178e-002 -2.152563336e+002 -2.152563336e+002 -2.9797e+000 +3.4859e+000 -1.3574e+000
1726 0 +9.247262146e-003 -2.152907527e+002 -2.152907527e+002 -2.9831e+000 +3.4840e+000 -1.3468e+000
1842 0 +4.841679454e-003 -2.152951583e+002 -2.152951583e+002 -2.9802e+000 +3.4804e+000 -1.3466e+000
1857 0 +6.677570032e-004 -2.152993322e+002 -2.152993322e+002 -2.9789e+000 +3.4815e+000 -1.3479e+000
1896 0 +4.252592730e-004 -2.152995747e+002 -2.152995747e+002 -2.9800e+000 +3.4818e+000 -1.3484e+000
1978 0 +6.536724044e-005 -2.152999346e+002 -2.152999346e+002 -2.9802e+000 +3.4823e+000 -1.3486e+000
2005 0 +3.825548029e-005 -2.152999617e+002 -2.152999617e+002 -2.9800e+000 +3.4823e+000 -1.3485e+000
2061 0 +2.610644776e-005 -2.152999739e+002 -2.152999739e+002 -2.9801e+000 +3.4823e+000 -1.3488e+000
2120 0 +7.999772208e-006 -2.152999920e+002 -2.152999920e+002 -2.9801e+000 +3.4823e+000 -1.3487e+000
2246 0 +1.198676500e-006 -2.152999988e+002 -2.152999988e+002 -2.9800e+000 +3.4824e+000 -1.3488e+000
2264 0 +2.407832085e-007 -2.152999998e+002 -2.152999998e+002 -2.9800e+000 +3.4824e+000 -1.3488e+000
2302 0 +1.879537308e-007 -2.152999998e+002 -2.152999998e+002 -2.9800e+000 +3.4824e+000 -1.3488e+000
2340 0 +7.197044738e-008 -2.152999999e+002 -2.152999999e+002 -2.9800e+000 +3.4824e+000 -1.3488e+000
2348 0 +6.897676030e-008 -2.152999999e+002 -2.152999999e+002 -2.9800e+000 +3.4824e+000 -1.3488e+000
2380 0 +3.549965299e-008 -2.153000000e+002 -2.153000000e+002 -2.9800e+000 +3.4824e+000 -1.3488e+000
2419 0 +5.610274911e-009 -2.153000000e+002 -2.153000000e+002 -2.9800e+000 +3.4824e+000 -1.3488e+000
% f evaluations | g evaluations | best noise-free fitness - Fopt (-5.449000000000e+001) + sum g_i+ | measured fitness | best measured fitness or single-digit g-values | x1 | x2...
1 0 +5.688588580e+001 +2.395885796e+000 +2.395885796e+000 +2.6566e+000 -1.6172e-001 +1.4027e+000
14 0 +4.814879190e+001 -6.341208096e+000 -6.341208096e+000 +3.9656e+000 -4.5024e-001 +4.7775e-002
16 0 +3.652281798e+001 -1.796718202e+001 -1.796718202e+001 +3.2667e+000 +1.1799e+000 +7.1617e-002
50 0 +2.074246914e+001 -3.374753086e+001 -3.374753086e+001 +2.0070e+000 -3.8084e-001 +2.5832e+000
96 0 +1.409115173e+001 -4.039884827e+001 -4.039884827e+001 +4.1933e+000 -1.3256e+000 +3.7825e+000
169 0 +1.243751877e+001 -4.205248123e+001 -4.205248123e+001 +3.5047e+000 -1.3635e+000 +1.9778e-001
205 0 +1.077591125e+001 -4.371408875e+001 -4.371408875e+001 +3.4758e+000 -1.2391e+000 +2.1000e+000
217 0 +7.190791820e+000 -4.729920818e+001 -4.729920818e+001 +3.7862e+000 -1.0866e+000 +2.2031e+000
414 0 +6.707031835e+000 -4.778296817e+001 -4.778296817e+001 +3.0722e+000 -4.1316e-001 +3.1042e+000
451 0 +4.576664529e+000 -4.991333547e+001 -4.991333547e+001 +3.8574e+000 -8.6132e-001 +3.1333e+000
568 0 +3.736511676e+000 -5.075348832e+001 -5.075348832e+001 +3.5250e+000 -2.1546e+000 +1.6899e+000
1202 0 +3.310147067e+000 -5.117985293e+001 -5.117985293e+001 +3.5392e+000 -2.1583e+000 +1.6633e+000
1329 0 +3.053427289e+000 -5.143657271e+001 -5.143657271e+001 +3.8368e+000 -1.1201e+000 +2.1760e+000
1332 0 +1.123467348e+000 -5.336653265e+001 -5.336653265e+001 +3.3905e+000 -1.1947e+000 +2.0330e+000
1486 0 +9.927878317e-001 -5.349721217e+001 -5.349721217e+001 +3.3954e+000 -1.2077e+000 +1.9999e+000
1756 0 +9.310942356e-001 -5.355890576e+001 -5.355890576e+001 +3.3912e+000 -1.1833e+000 +2.0224e+000
1782 0 +4.615970347e-001 -5.402840297e+001 -5.402840297e+001 +3.3931e+000 -1.2076e+000 +1.9798e+000
2162 0 +4.295828015e-001 -5.406041720e+001 -5.406041720e+001 +3.3988e+000 -1.2056e+000 +1.9564e+000
2169 0 +3.021804536e-001 -5.418781955e+001 -5.418781955e+001 +3.3961e+000 -1.1963e+000 +1.9893e+000
2260 0 +2.961208684e-001 -5.419387913e+001 -5.419387913e+001 +3.3807e+000 -1.2010e+000 +1.9466e+000
2280 0 +4.670121594e-002 -5.444329878e+001 -5.444329878e+001 +3.3898e+000 -1.1918e+000 +1.9522e+000
2302 0 +1.751107334e-002 -5.447248893e+001 -5.447248893e+001 +3.3850e+000 -1.1812e+000 +1.9503e+000
2437 0 +1.503945158e-002 -5.447496055e+001 -5.447496055e+001 +3.3850e+000 -1.1820e+000 +1.9565e+000
2460 0 +1.591446665e-003 -5.448840855e+001 -5.448840855e+001 +3.3876e+000 -1.1845e+000 +1.9567e+000
2516 0 +3.102619673e-004 -5.448968974e+001 -5.448968974e+001 +3.3884e+000 -1.1835e+000 +1.9583e+000
2595 0 +1.589693687e-004 -5.448984103e+001 -5.448984103e+001 +3.3878e+000 -1.1835e+000 +1.9574e+000
2636 0 +5.406786741e-005 -5.448994593e+001 -5.448994593e+001 +3.3879e+000 -1.1834e+000 +1.9574e+000
2661 0 +4.354520465e-005 -5.448995645e+001 -5.448995645e+001 +3.3880e+000 -1.1831e+000 +1.9572e+000
2770 0 +2.140275227e-005 -5.448997860e+001 -5.448997860e+001 +3.3881e+000 -1.1832e+000 +1.9579e+000
2797 0 +1.634077137e-006 -5.448999837e+001 -5.448999837e+001 +3.3880e+000 -1.1832e+000 +1.9576e+000
2909 0 +7.361305379e-007 -5.448999926e+001 -5.448999926e+001 +3.3880e+000 -1.1832e+000 +1.9576e+000
2979 0 +2.121041476e-007 -5.448999979e+001 -5.448999979e+001 +3.3880e+000 -1.1832e+000 +1.9576e+000
3059 0 +1.029953225e-007 -5.448999990e+001 -5.448999990e+001 +3.3880e+000 -1.1832e+000 +1.9576e+000
3089 0 +7.022686788e-008 -5.448999993e+001 -5.448999993e+001 +3.3880e+000 -1.1832e+000 +1.9576e+000
3145 0 +3.278523764e-008 -5.448999997e+001 -5.448999997e+001 +3.3880e+000 -1.1832e+000 +1.9576e+000
3152 0 +4.155296551e-009 -5.449000000e+001 -5.449000000e+001 +3.3880e+000 -1.1832e+000 +1.9576e+000
% f evaluations | g evaluations | best noise-free fitness - Fopt (5.049000000000e+001) + sum g_i+ | measured fitness | best measured fitness or single-digit g-values | x1 | x2...
1 0 +1.559723913e+002 +2.064623913e+002 +2.064623913e+002 -4.9785e-001 -1.5903e+000 +4.9499e+000
2 0 +1.013146969e+002 +1.518046969e+002 +1.518046969e+002 -1.2970e-001 -1.1112e+000 +3.7969e+000
8 0 +3.038505546e+001 +8.087505546e+001 +8.087505546e+001 +2.7489e+000 +1.2140e+000 +5.0000e+000
95 0 +2.888461211e+001 +7.937461211e+001 +7.937461211e+001 +2.1640e+000 -1.4876e-001 +2.9672e+000
98 0 +1.309841405e+001 +6.358841405e+001 +6.358841405e+001 +3.2444e+000 +7.8475e-001 +4.5822e+000
141 0 +4.061293129e+000 +5.455129313e+001 +5.455129313e+001 +3.2481e+000 -6.3722e-001 +3.0490e+000
574 0 +2.761877760e+000 +5.325187776e+001 +5.325187776e+001 +3.5743e+000 -1.2620e-001 +2.9556e+000
1028 0 +1.854578113e+000 +5.234457811e+001 +5.234457811e+001 +3.2996e+000 +2.2042e-001 +3.4641e+000
1488 0 +6.601784038e-001 +5.115017840e+001 +5.115017840e+001 +3.5789e+000 -1.8350e-001 +2.9547e+000
1776 0 +5.550100264e-001 +5.104501003e+001 +5.104501003e+001 +3.5764e+000 -1.8091e-001 +2.9021e+000
2002 0 +5.063819397e-002 +5.054063819e+001 +5.054063819e+001 +3.5792e+000 -1.7052e-001 +2.9425e+000
2362 0 +9.706205338e-003 +5.049970621e+001 +5.049970621e+001 +3.5791e+000 -1.6633e-001 +2.9358e+000
2500 0 +3.607074638e-004 +5.049036071e+001 +5.049036071e+001 +3.5823e+000 -1.6632e-001 +2.9355e+000
2532 0 +2.326679622e-004 +5.049023267e+001 +5.049023267e+001 +3.5823e+000 -1.6672e-001 +2.9365e+000
2562 0 +1.736763853e-004 +5.049017368e+001 +5.049017368e+001 +3.5826e+000 -1.6669e-001 +2.9361e+000
2601 0 +1.199030143e-004 +5.049011990e+001 +5.049011990e+001 +3.5827e+000 -1.6669e-001 +2.9368e+000
2639 0 +3.817890789e-005 +5.049003818e+001 +5.049003818e+001 +3.5823e+000 -1.6632e-001 +2.9372e+000
2695 0 +9.766496774e-006 +5.049000977e+001 +5.049000977e+001 +3.5825e+000 -1.6647e-001 +2.9366e+000
2702 0 +3.636442280e-006 +5.049000364e+001 +5.049000364e+001 +3.5824e+000 -1.6645e-001 +2.9368e+000
2759 0 +1.501245201e-006 +5.049000150e+001 +5.049000150e+001 +3.5824e+000 -1.6640e-001 +2.9368e+000
2815 0 +2.224615514e-007 +5.049000022e+001 +5.049000022e+001 +3.5824e+000 -1.6640e-001 +2.9368e+000
2873 0 +1.274287129e-007 +5.049000013e+001 +5.049000013e+001 +3.5824e+000 -1.6640e-001 +2.9368e+000
2902 0 +1.046834868e-007 +5.049000010e+001 +5.049000010e+001 +3.5824e+000 -1.6640e-001 +2.9368e+000
2925 0 +9.674697310e-008 +5.049000010e+001 +5.049000010e+001 +3.5824e+000 -1.6641e-001 +2.9368e+000
3015 0 +4.231134909e-008 +5.049000004e+001 +5.049000004e+001 +3.5824e+000 -1.6640e-001 +2.9368e+000
3090 0 +7.864237261e-009 +5.049000001e+001 +5.049000001e+001 +3.5824e+000 -1.6640e-001 +2.9368e+000
% f evaluations | g evaluations | best noise-free fitness - Fopt (-3.641300000000e+002) + sum g_i+ | measured fitness | best measured fitness or single-digit g-values | x1 | x2...
1 0 +1.152105823e+002 -2.489194177e+002 -2.489194177e+002 -4.2646e-001 +3.2364e-001 +1.5314e+000
9 0 +9.204964415e+001 -2.720803559e+002 -2.720803559e+002 -1.3134e+000 +5.0000e+000 +2.5448e-001
11 0 +7.451746307e+001 -2.896125369e+002 -2.896125369e+002 -3.0941e+000 +1.5196e+000 -1.7538e+000
15 0 +6.780302073e+001 -2.963269793e+002 -2.963269793e+002 -2.7986e+000 +2.9580e+000 +8.3430e-001
17 0 +5.008320787e+001 -3.140467921e+002 -3.140467921e+002 -4.3984e+000 -2.0419e+000 +4.1390e-001
31 0 +4.350386884e+001 -3.206261312e+002 -3.206261312e+002 -1.9177e+000 -6.9481e-001 +7.8306e-001
47 0 +2.587185317e+001 -3.382581468e+002 -3.382581468e+002 -3.7873e+000 -2.0419e+000 +9.9136e-001
55 0 +2.111515485e+001 -3.430148451e+002 -3.430148451e+002 -4.2224e+000 -1.4736e+000 +9.8784e-001
62 0 +1.510501781e+001 -3.490249822e+002 -3.490249822e+002 -3.9119e+000 +8.3013e-001 +1.9819e+000
122 0 +9.332902431e+000 -3.547970976e+002 -3.547970976e+002 -4.0258e+000 -8.8714e-001 +1.9262e+000
182 0 +3.843386240e+000 -3.602866138e+002 -3.602866138e+002 -4.0258e+000 -8.8714e-001 +1.7985e+000
516 0 +3.429928451e+000 -3.607000715e+002 -3.607000715e+002 -3.4027e+000 -3.4022e-001 +4.5128e-001
902 0 +2.840517522e+000 -3.612894825e+002 -3.612894825e+002 -4.0258e+000 -7.1140e-001 +6.0538e-001
1010 0 +2.021186462e+000 -3.621088135e+002 -3.621088135e+002 -3.1958e+000 -2.0626e-001 +1.0619e+000
1126 0 +1.728501109e+000 -3.624014989e+002 -3.624014989e+002 -3.7990e+000 -6.7379e-001 +1.1262e+000
1336 0 +1.195827751e+000 -3.629341722e+002 -3.629341722e+002 -3.7857e+000 -6.5244e-001 +1.1279e+000
1542 0 +8.403891333e-001 -3.632896109e+002 -3.632896109e+002 -3.7144e+000 -5.5746e-001 +1.1541e+000
1845 0 +5.911470429e-001 -3.635388530e+002 -3.635388530e+002 -3.7237e+000 -5.6645e-001 +1.1497e+000
1923 0 +1.358232442e-001 -3.639941768e+002 -3.639941768e+002 -3.7671e+000 -5.9104e-001 +1.1400e+000
2216 0 +9.583604192e-002 -3.640341640e+002 -3.640341640e+002 -3.7687e+000 -5.9873e-001 +1.1483e+000
2254 0 +9.537642039e-002 -3.640346236e+002 -3.640346236e+002 -3.7580e+000 -5.8509e-001 +1.1437e+000
2273 0 +7.332913137e-002 -3.640566709e+002 -3.640566709e+002 -3.7617e+000 -6.0126e-001 +1.1347e+000
2276 0 +4.690390444e-002 -3.640830961e+002 -3.640830961e+002 -3.7584e+000 -6.0274e-001 +1.1435e+000
2280 0 +4.786887714e-003 -3.641252131e+002 -3.641252131e+002 -3.7626e+000 -6.0051e-001 +1.1466e+000
2303 0 +2.402085199e-003 -3.641275979e+002 -3.641275979e+002 -3.7606e+000 -5.9970e-001 +1.1465e+000
2340 0 +1.827181013e-004 -3.641298173e+002 -3.641298173e+002 -3.7613e+000 -5.9885e-001 +1.1451e+000
2350 0 +1.582684752e-004 -3.641298417e+002 -3.641298417e+002 -3.7612e+000 -5.9872e-001 +1.1451e+000
2396 0 +5.299502266e-005 -3.641299470e+002 -3.641299470e+002 -3.7608e+000 -5.9860e-001 +1.1450e+000
2459 0 +2.835263621e-005 -3.641299716e+002 -3.641299716e+002 -3.7608e+000 -5.9827e-001 +1.1450e+000
2576 0 +1.814921643e-005 -3.641299819e+002 -3.641299819e+002 -3.7607e+000 -5.9827e-001 +1.1447e+000
2609 0 +6.463067109e-006 -3.641299935e+002 -3.641299935e+002 -3.7608e+000 -5.9843e-001 +1.1447e+000
2659 0 +3.139588785e-007 -3.641299997e+002 -3.641299997e+002 -3.7608e+000 -5.9842e-001 +1.1448e+000
2758 0 +2.066980187e-007 -3.641299998e+002 -3.641299998e+002 -3.7608e+000 -5.9838e-001 +1.1448e+000
2788 0 +6.420725640e-008 -3.641299999e+002 -3.641299999e+002 -3.7608e+000 -5.9840e-001 +1.1448e+000
2831 0 +6.256431107e-008 -3.641299999e+002 -3.641299999e+002 -3.7608e+000 -5.9840e-001 +1.1448e+000
2935 0 +5.393735591e-008 -3.641299999e+002 -3.641299999e+002 -3.7608e+000 -5.9840e-001 +1.1448e+000
2959 0 +5.002220860e-010 -3.641300000e+002 -3.641300000e+002 -3.7608e+000 -5.9840e-001 +1.1448e+000
% f evaluations | g evaluations | best noise-free fitness - Fopt (1.592700000000e+002) + sum g_i+ | measured fitness | best measured fitness or single-digit g-values | x1 | x2...
1 0 +1.356668937e+003 +1.515938937e+003 +1.515938937e+003 -8.4232e-001 -3.9528e+000 -1.2070e+000
2 0 +1.154055928e+002 +2.746755928e+002 +2.746755928e+002 +8.5292e-001 -4.5553e+000 +4.9981e+000
3 0 +4.076906691e+001 +2.000390669e+002 +2.000390669e+002 -3.4106e+000 +6.3046e-001 +4.6268e+000
21 0 +3.593719335e+001 +1.952071933e+002 +1.952071933e+002 -1.5380e+000 -2.1983e+000 +4.6653e+000
49 0 +3.470071889e+001 +1.939707189e+002 +1.939707189e+002 +3.4851e-001 -1.3682e+000 +3.9606e+000
61 0 +3.096656638e+001 +1.902365664e+002 +1.902365664e+002 -1.4271e+000 -2.8601e-001 +3.9732e+000
67 0 +2.299265255e+001 +1.822626526e+002 +1.822626526e+002 +5.9881e-001 -2.5661e+000 +3.8153e+000
127 0 +1.948011173e+001 +1.787501117e+002 +1.787501117e+002 -2.7884e+000 -8.7044e-001 +3.5711e+000
128 0 +1.700518697e+001 +1.762751870e+002 +1.762751870e+002 -1.2096e+000 -7.0606e-001 +3.5363e+000
179 0 +1.305255560e+001 +1.723225556e+002 +1.723225556e+002 -1.1646e-001 -1.0562e+000 +3.5606e+000
298 0 +1.062996760e+001 +1.698999676e+002 +1.698999676e+002 -1.1396e+000 -1.5763e+000 +3.6214e+000
386 0 +9.864431312e+000 +1.691344313e+002 +1.691344313e+002 -3.9375e-001 -8.5912e-001 +4.2509e+000
411 0 +8.346209672e+000 +1.676162097e+002 +1.676162097e+002 -2.4199e+000 -2.2800e+000 +4.2644e+000
446 0 +7.358245974e+000 +1.666282460e+002 +1.666282460e+002 -1.0392e+000 -7.0369e-001 +4.2509e+000
482 0 +7.037436617e+000 +1.663074366e+002 +1.663074366e+002 -1.7269e+000 -1.5400e+000 +3.5813e+000
545 0 +4.998033154e+000 +1.642680332e+002 +1.642680332e+002 -2.2607e+000 -2.2136e+000 +4.5905e+000
587 0 +4.529289365e+000 +1.637992894e+002 +1.637992894e+002 -2.3668e+000 -2.2643e+000 +4.2600e+000
677 0 +2.566833619e+000 +1.618368336e+002 +1.618368336e+002 -2.3348e+000 -2.2313e+000 +4.2600e+000
858 0 +1.174158691e+000 +1.604441587e+002 +1.604441587e+002 -1.1227e+000 -1.7516e+000 +3.9182e+000
1515 0 +1.031918814e+000 +1.603019188e+002 +1.603019188e+002 -2.3555e+000 -2.1892e+000 +3.9438e+000
2365 0 +6.680028659e-001 +1.599380029e+002 +1.599380029e+002 -1.6619e+000 -1.4147e+000 +3.9576e+000
2501 0 +1.458156621e-001 +1.594158157e+002 +1.594158157e+002 -1.6533e+000 -1.4484e+000 +3.9398e+000
2889 0 +9.396484817e-002 +1.593639648e+002 +1.593639648e+002 -1.6483e+000 -1.4389e+000 +3.9435e+000
3137 0 +9.112869185e-002 +1.593611287e+002 +1.593611287e+002 -1.6822e+000 -1.4539e+000 +3.9488e+000
3193 0 +3.851426453e-002 +1.593085143e+002 +1.593085143e+002 -1.6736e+000 -1.4461e+000 +3.9483e+000
3261 0 +1.782040158e-002 +1.592878204e+002 +1.592878204e+002 -1.6708e+000 -1.4519e+000 +3.9486e+000
3264 0 +1.714900473e-003 +1.592717149e+002 +1.592717149e+002 -1.6643e+000 -1.4451e+000 +3.9478e+000
3287 0 +6.709887024e-004 +1.592706710e+002 +1.592706710e+002 -1.6637e+000 -1.4451e+000 +3.9470e+000
3302 0 +5.880524421e-004 +1.592705881e+002 +1.592705881e+002 -1.6634e+000 -1.4450e+000 +3.9470e+000
3332 0 +5.023268564e-004 +1.592705023e+002 +1.592705023e+002 -1.6633e+000 -1.4452e+000 +3.9470e+000
3369 0 +1.087077621e-004 +1.592701087e+002 +1.592701087e+002 -1.6638e+000 -1.4463e+000 +3.9470e+000
3471 0 +7.450514136e-005 +1.592700745e+002 +1.592700745e+002 -1.6642e+000 -1.4467e+000 +3.9471e+000
3504 0 +4.466594504e-005 +1.592700447e+002 +1.592700447e+002 -1.6643e+000 -1.4467e+000 +3.9471e+000
3533 0 +1.557176779e-005 +1.592700156e+002 +1.592700156e+002 -1.6641e+000 -1.4466e+000 +3.9473e+000
3597 0 +2.531454214e-006 +1.592700025e+002 +1.592700025e+002 -1.6641e+000 -1.4464e+000 +3.9472e+000
3686 0 +1.697522976e-007 +1.592700002e+002 +1.592700002e+002 -1.6640e+000 -1.4464e+000 +3.9472e+000
3732 0 +3.937560678e-008 +1.592700000e+002 +1.592700000e+002 -1.6640e+000 -1.4464e+000 +3.9472e+000
3868 0 +3.067705734e-008 +1.592700000e+002 +1.592700000e+002 -1.6640e+000 -1.4464e+000 +3.9472e+000
3882 0 +2.765006002e-008 +1.592700000e+002 +1.592700000e+002 -1.6640e+000 -1.4464e+000 +3.9472e+000
3897 0 +1.478480272e-008 +1.592700000e+002 +1.592700000e+002 -1.6640e+000 -1.4464e+000 +3.9472e+000
3904 0 +4.478039273e-009 +1.592700000e+002 +1.592700000e+002 -1.6640e+000 -1.4464e+000 +3.9472e+000
