% f evaluations | g evaluations | best noise-free fitness - Fopt (2.997000000000e+001) + sum g_i+ | measured fitness | best measured fitness or single-digit g-values | x1 | x2...
1 0 +7.060728031e+002 +7.360428031e+002 +7.360428031e+002 +5.8653e-002 +3.5306e+000
3 0 +5.803806639e+002 +6.103506639e+002 +6.103506639e+002 +4.7454e+000 +3.7336e+000
4 0 +5.632875401e+002 +5.932575401e+002 +5.932575401e+002 +5.0000e+000 +5.0000e+000
8 0 +1.848231583e+002 +2.147931583e+002 +2.147931583e+002 -8.1888e-001 -5.0000e+000
16 0 +1.115852765e+002 +1.415552765e+002 +1.415552765e+002 +5.2806e-002 -2.9725e+000
20 0 +2.974837985e+001 +5.971837985e+001 +5.971837985e+001 +9.2474e-001 -1.1701e+000
22 0 +2.113156503e+001 +5.110156503e+001 +5.110156503e+001 +3.0137e-001 -3.3477e+000
28 0 +2.979655547e+000 +3.294965555e+001 +3.294965555e+001 +9.2474e-001 -1.5779e+000
66 0 +4.046789842e-001 +3.037467898e+001 +3.037467898e+001 +8.7557e-001 -1.6951e+000
96 0 +2.968807804e-001 +3.026688078e+001 +3.026688078e+001 +9.0001e-001 -1.6171e+000
107 0 +1.156919838e-001 +3.008569198e+001 +3.008569198e+001 +8.5627e-001 -1.7644e+000
115 0 +6.550855348e-002 +3.003550855e+001 +3.003550855e+001 +8.6784e-001 -1.7262e+000
120 0 +1.369355773e-002 +2.998369356e+001 +2.998369356e+001 +9.0048e-001 -1.6191e+000
150 0 +5.117553175e-003 +2.997511755e+001 +2.997511755e+001 +8.8424e-001 -1.6719e+000
171 0 +1.297575408e-003 +2.997129758e+001 +2.997129758e+001 +8.7748e-001 -1.6940e+000
180 0 +4.540611403e-004 +2.997045406e+001 +2.997045406e+001 +8.7867e-001 -1.6901e+000
187 0 +1.336859289e-004 +2.997013369e+001 +2.997013369e+001 +8.7426e-001 -1.7044e+000
212 0 +4.309054651e-005 +2.997004309e+001 +2.997004309e+001 +8.7463e-001 -1.7032e+000
257 0 +5.882318931e-006 +2.997000588e+001 +2.997000588e+001 +8.7484e-001 -1.7026e+000
283 0 +4.731953783e-006 +2.997000473e+001 +2.997000473e+001 +8.7477e-001 -1.7028e+000
297 0 +4.297132897e-006 +2.997000430e+001 +2.997000430e+001 +8.7484e-001 -1.7026e+000
304 0 +3.891985596e-006 +2.997000389e+001 +2.997000389e+001 +8.7477e-001 -1.7028e+000
312 0 +3.212867163e-006 +2.997000321e+001 +2.997000321e+001 +8.7477e-001 -1.7028e+000
315 0 +2.391012934e-006 +2.997000239e+001 +2.997000239e+001 +8.7466e-001 -1.7031e+000
322 0 +7.263156299e-007 +2.997000073e+001 +2.997000073e+001 +8.7439e-001 -1.7040e+000
323 0 +4.504720721e-007 +2.997000045e+001 +2.997000045e+001 +8.7449e-001 -1.7037e+000
336 0 +1.630899789e-007 +2.997000016e+001 +2.997000016e+001 +8.7435e-001 -1.7042e+000
345 0 +8.644686744e-009 +2.997000001e+001 +2.997000001e+001 +8.7439e-001 -1.7040e+000
% f evaluations | g evaluations | best noise-free fitness - Fopt (-5.171000000000e+001) + sum g_i+ | measured fitness | best measured fitness or single-digit g-values | x1 | x2...
1 0 +2.460002260e+001 -2.710997740e+001 -2.710997740e+001 +3.5446e+000 +4.3324e+000
40 0 +5.526861808e+000 -4.618313819e+001 -4.618313819e+001 +2.8580e+000 +3.3720e+000
57 0 +3.318718378e+000 -4.839128162e+001 -4.839128162e+001 +3.0367e+000 +3.6052e+000
70 0 +2.812230257e+000 -4.889776974e+001 -4.889776974e+001 +2.6898e+000 +3.2551e+000
74 0 +2.354096462e+000 -4.935590354e+001 -4.935590354e+001 +2.4160e+000 +2.9017e+000
86 0 +1.006463063e+000 -5.070353694e+001 -5.070353694e+001 +2.3479e+000 +2.8474e+000
99 0 +6.446745579e-001 -5.106532544e+001 -5.106532544e+001 +2.8384e+000 +3.3962e+000
110 0 +1.886486594e-002 -5.169113513e+001 -5.169113513e+001 +2.6073e+000 +3.1364e+000
130 0 +3.262171332e-003 -5.170673783e+001 -5.170673783e+001 +2.5966e+000 +3.1245e+000
187 0 +1.046255228e-003 -5.170895374e+001 -5.170895374e+001 +2.6109e+000 +3.1406e+000
215 0 +5.618492755e-004 -5.170943815e+001 -5.170943815e+001 +2.6040e+000 +3.1329e+000
217 0 +4.018512022e-004 -5.170959815e+001 -5.170959815e+001 +2.6031e+000 +3.1318e+000
221 0 +8.399367159e-005 -5.170991601e+001 -5.170991601e+001 +2.6010e+000 +3.1294e+000
281 0 +6.534217539e-005 -5.170993466e+001 -5.170993466e+001 +2.6032e+000 +3.1319e+000
292 0 +6.007909633e-006 -5.170999399e+001 -5.170999399e+001 +2.6037e+000 +3.1325e+000
370 0 +3.439445209e-006 -5.170999656e+001 -5.170999656e+001 +2.6039e+000 +3.1327e+000
381 0 +4.280876169e-007 -5.170999957e+001 -5.170999957e+001 +2.6039e+000 +3.1326e+000
469 0 +2.430970412e-007 -5.170999976e+001 -5.170999976e+001 +2.6038e+000 +3.1326e+000
470 0 +1.732630253e-007 -5.170999983e+001 -5.170999983e+001 +2.6039e+000 +3.1327e+000
491 0 +1.478954772e-007 -5.170999985e+001 -5.170999985e+001 +2.6041e+000 +3.1329e+000
504 0 +8.123912920e-008 -5.170999992e+001 -5.170999992e+001 +2.6039e+000 +3.1327e+000
505 0 +2.606543603e-008 -5.170999997e+001 -5.170999997e+001 +2.6040e+000 +3.1328e+000
525 0 +1.047766318e-008 -5.170999999e+001 -5.170999999e+001 +2.6040e+000 +3.1328e+000
546 0 +9.228358522e-009 -5.170999999e+001 -5.170999999e+001 +2.6040e+000 +3.1328e+000
% f evaluations | g evaluations | best noise-free fitness - Fopt (-2.799500000000e+002) + sum g_i+ | measured fitness | best measured fitness or single-digit g-values | x1 | x2...
1 0 +1.314617059e+003 +1.034667059e+003 +1.034667059e+003 -3.7778e+000 +2.1288e+000
2 0 +4.196397574e+002 +1.396897574e+002 +1.396897574e+002 +4.6804e+000 -2.0503e+000
5 0 +1.335492915e+002 -1.464007085e+002 -1.464007085e+002 -1.2883e+000 -2.5057e+000
8 0 +3.599800075e+001 -2.439519992e+002 -2.439519992e+002 -3.1906e+000 -3.9842e+000
46 0 +2.515694013e+001 -2.547930599e+002 -2.547930599e+002 -3.3367e+000 -3.9842e+000
49 0 +1.390177196e+001 -2.660482280e+002 -2.660482280e+002 -1.5355e+000 -3.2059e+000
53 0 +5.288240918e+000 -2.746617591e+002 -2.746617591e+002 -2.2287e+000 -3.4653e+000
57 0 +2.012330814e+000 -2.779376692e+002 -2.779376692e+002 -3.1836e+000 -3.7984e+000
99 0 +3.901521852e-001 -2.795598478e+002 -2.795598478e+002 -3.5340e+000 -3.9322e+000
148 0 +3.561177071e-001 -2.795938823e+002 -2.795938823e+002 -3.7900e+000 -4.0225e+000
151 0 +2.166712605e-001 -2.797333287e+002 -2.797333287e+002 -3.6944e+000 -3.9882e+000
162 0 +1.202831397e-001 -2.798297169e+002 -2.798297169e+002 -3.6653e+000 -3.9775e+000
167 0 +2.258335043e-002 -2.799274166e+002 -2.799274166e+002 -3.5582e+000 -3.9390e+000
175 0 +1.570368239e-002 -2.799342963e+002 -2.799342963e+002 -3.5590e+000 -3.9393e+000
188 0 +1.480896205e-002 -2.799351910e+002 -2.799351910e+002 -3.6740e+000 -3.9800e+000
191 0 +7.332501614e-003 -2.799426675e+002 -2.799426675e+002 -3.5649e+000 -3.9413e+000
194 0 +3.243690668e-003 -2.799467563e+002 -2.799467563e+002 -3.5968e+000 -3.9526e+000
200 0 +8.637499279e-004 -2.799491363e+002 -2.799491363e+002 -3.5992e+000 -3.9535e+000
231 0 +3.160652287e-004 -2.799496839e+002 -2.799496839e+002 -3.6149e+000 -3.9590e+000
238 0 +1.845690442e-004 -2.799498154e+002 -2.799498154e+002 -3.6138e+000 -3.9587e+000
257 0 +1.294138854e-004 -2.799498706e+002 -2.799498706e+002 -3.6114e+000 -3.9578e+000
272 0 +2.004898192e-006 -2.799499980e+002 -2.799499980e+002 -3.6170e+000 -3.9598e+000
355 0 +1.325587391e-007 -2.799499999e+002 -2.799499999e+002 -3.6176e+000 -3.9600e+000
398 0 +5.875995157e-008 -2.799499999e+002 -2.799499999e+002 -3.6177e+000 -3.9601e+000
436 0 +5.144880788e-008 -2.799499999e+002 -2.799499999e+002 -3.6176e+000 -3.9600e+000
442 0 +3.570215767e-008 -2.799500000e+002 -2.799500000e+002 -3.6176e+000 -3.9600e+000
457 0 +3.271981086e-008 -2.799500000e+002 -2.799500000e+002 -3.6176e+000 -3.9600e+000
458 0 +2.882569561e-008 -2.799500000e+002 -2.799500000e+002 -3.6176e+000 -3.9600e+000
459 0 +1.251584081e-008 -2.799500000e+002 -2.799500000e+002 -3.6176e+000 -3.9600e+000
484 0 +1.008879735e-008 -2.799500000e+002 -2.799500000e+002 -3.6176e+000 -3.9600e+000
488 0 +6.139373454e-009 -2.799500000e+002 -2.799500000e+002 -3.6176e+000 -3.9600e+000
% f evaluations | g evaluations | best noise-free fitness - Fopt (9.319900000000e+002) + sum g_i+ | measured fitness | best measured fitness or single-digit g-values | x1 | x2...
1 0 +4.424575710e+002 +1.374447571e+003 +1.374447571e+003 +4.1793e+000 +2.4444e+000
2 0 +3.236956863e+002 +1.255685686e+003 +1.255685686e+003 +1.1339e+000 -1.5236e+000
7 0 +8.961643869e+000 +9.409516439e+002 +9.409516439e+002 +8.2239e-001 +1.0453e+000
57 0 +4.758810384e+000 +9.367488104e+002 +9.367488104e+002 +7.9701e-001 +1.0899e+000
63 0 +4.239327998e+000 +9.362293280e+002 +9.362293280e+002 +9.6792e-001 +1.0138e+000
65 0 +3.146508555e+000 +9.351365086e+002 +9.351365086e+002 +1.1120e+000 +1.0016e+000
69 0 +7.528206321e-001 +9.327428206e+002 +9.327428206e+002 +1.0026e+000 +1.0251e+000
102 0 +4.938059495e-001 +9.324838059e+002 +9.324838059e+002 +1.1872e+000 +9.4451e-001
111 0 +2.998933833e-001 +9.322898934e+002 +9.322898934e+002 +1.2114e+000 +9.3860e-001
115 0 +1.219399213e-001 +9.321119399e+002 +9.321119399e+002 +1.2490e+000 +9.2164e-001
124 0 +9.074261492e-002 +9.320807426e+002 +9.320807426e+002 +1.3656e+000 +8.7235e-001
136 0 +7.566368112e-002 +9.320656637e+002 +9.320656637e+002 +1.3570e+000 +8.7474e-001
137 0 +3.248116569e-003 +9.319932481e+002 +9.319932481e+002 +1.3238e+000 +8.8939e-001
154 0 +1.505822299e-003 +9.319915058e+002 +9.319915058e+002 +1.3337e+000 +8.8519e-001
195 0 +1.430775758e-003 +9.319914308e+002 +9.319914308e+002 +1.3333e+000 +8.8538e-001
197 0 +1.299471534e-003 +9.319912995e+002 +9.319912995e+002 +1.3397e+000 +8.8265e-001
200 0 +1.254734654e-003 +9.319912547e+002 +9.319912547e+002 +1.3273e+000 +8.8791e-001
204 0 +1.015183676e-003 +9.319910152e+002 +9.319910152e+002 +1.3338e+000 +8.8514e-001
206 0 +8.566520290e-004 +9.319908567e+002 +9.319908567e+002 +1.3400e+000 +8.8252e-001
209 0 +6.115736790e-005 +9.319900612e+002 +9.319900612e+002 +1.3375e+000 +8.8358e-001
211 0 +5.866030062e-005 +9.319900587e+002 +9.319900587e+002 +1.3366e+000 +8.8396e-001
236 0 +1.407982279e-005 +9.319900141e+002 +9.319900141e+002 +1.3377e+000 +8.8351e-001
245 0 +1.120767331e-005 +9.319900112e+002 +9.319900112e+002 +1.3383e+000 +8.8323e-001
255 0 +6.437393381e-006 +9.319900064e+002 +9.319900064e+002 +1.3387e+000 +8.8306e-001
287 0 +1.872214284e-006 +9.319900019e+002 +9.319900019e+002 +1.3383e+000 +8.8323e-001
310 0 +8.535562301e-008 +9.319900001e+002 +9.319900001e+002 +1.3384e+000 +8.8318e-001
353 0 +4.867172265e-008 +9.319900000e+002 +9.319900000e+002 +1.3383e+000 +8.8323e-001
387 0 +3.584739261e-008 +9.319900000e+002 +9.319900000e+002 +1.3384e+000 +8.8321e-001
396 0 +2.515469077e-008 +9.319900000e+002 +9.319900000e+002 +1.3384e+000 +8.8322e-001
402 0 +1.532100669e-008 +9.319900000e+002 +9.319900000e+002 +1.3384e+000 +8.8321e-001
410 0 +1.377543413e-008 +9.319900000e+002 +9.319900000e+002 +1.3384e+000 +8.8321e-001
418 0 +1.280261586e-008 +9.319900000e+002 +9.319900000e+002 +1.3384e+000 +8.8321e-001
420 0 +5.340098141e-009 +9.319900000e+002 +9.319900000e+002 +1.3384e+000 +8.8319e-001
% f evaluations | g evaluations | best noise-free fitness - Fopt (1.133100000000e+002) + sum g_i+ | measured fitness | best measured fitness or single-digit g-values | x1 | x2...
1 0 +6.478326503e+002 +7.611426503e+002 +7.611426503e+002 -3.9889e-001 -2.5893e-001
2 0 +8.117364361e+001 +1.944836436e+002 +1.944836436e+002 +1.7526e+000 +2.7157e+000
7 0 +6.403508863e+001 +1.773450886e+002 +1.773450886e+002 +7.2322e-001 +2.4643e+000
8 0 +5.699150912e+000 +1.190091509e+002 +1.190091509e+002 +1.7268e+000 +3.0566e+000
36 0 +2.484008739e+000 +1.157940087e+002 +1.157940087e+002 +2.1063e+000 +3.1463e+000
49 0 +2.072165419e+000 +1.153821654e+002 +1.153821654e+002 +1.9497e+000 +3.0981e+000
58 0 +1.068114737e+000 +1.143781147e+002 +1.143781147e+002 +2.5087e+000 +3.2818e+000
71 0 +6.741261045e-001 +1.139841261e+002 +1.139841261e+002 +2.6689e+000 +3.3373e+000
94 0 +5.489729937e-001 +1.138589730e+002 +1.138589730e+002 +2.5234e+000 +3.2911e+000
105 0 +3.819846268e-001 +1.136919846e+002 +1.136919846e+002 +2.3523e+000 +3.2363e+000
110 0 +9.945446599e-002 +1.134094545e+002 +1.134094545e+002 +2.2181e+000 +3.1925e+000
139 0 +3.511552567e-003 +1.133135116e+002 +1.133135116e+002 +2.1352e+000 +3.1656e+000
171 0 +1.687032441e-003 +1.133116870e+002 +1.133116870e+002 +2.1299e+000 +3.1639e+000
182 0 +1.131692963e-003 +1.133111317e+002 +1.133111317e+002 +2.1209e+000 +3.1610e+000
185 0 +9.591018208e-004 +1.133109591e+002 +1.133109591e+002 +2.1225e+000 +3.1615e+000
194 0 +7.489522177e-004 +1.133107490e+002 +1.133107490e+002 +2.1219e+000 +3.1614e+000
218 0 +6.825681149e-004 +1.133106826e+002 +1.133106826e+002 +2.1214e+000 +3.1612e+000
221 0 +6.482439258e-004 +1.133106482e+002 +1.133106482e+002 +2.1274e+000 +3.1631e+000
228 0 +4.215395613e-004 +1.133104215e+002 +1.133104215e+002 +2.1271e+000 +3.1630e+000
234 0 +3.070194266e-004 +1.133103070e+002 +1.133103070e+002 +2.1264e+000 +3.1628e+000
236 0 +2.438965365e-004 +1.133102439e+002 +1.133102439e+002 +2.1244e+000 +3.1622e+000
255 0 +1.851462712e-004 +1.133101851e+002 +1.133101851e+002 +2.1246e+000 +3.1622e+000
259 0 +5.010834103e-005 +1.133100501e+002 +1.133100501e+002 +2.1307e+000 +3.1642e+000
283 0 +2.828730196e-005 +1.133100283e+002 +1.133100283e+002 +2.1337e+000 +3.1651e+000
287 0 +2.403023228e-005 +1.133100240e+002 +1.133100240e+002 +2.1339e+000 +3.1652e+000
289 0 +5.357864950e-006 +1.133100054e+002 +1.133100054e+002 +2.1343e+000 +3.1653e+000
297 0 +4.915180995e-006 +1.133100049e+002 +1.133100049e+002 +2.1338e+000 +3.1652e+000
313 0 +3.085028382e-006 +1.133100031e+002 +1.133100031e+002 +2.1344e+000 +3.1654e+000
317 0 +2.739105739e-006 +1.133100027e+002 +1.133100027e+002 +2.1365e+000 +3.1660e+000
319 0 +1.649870654e-006 +1.133100016e+002 +1.133100016e+002 +2.1346e+000 +3.1654e+000
325 0 +7.533222544e-007 +1.133100008e+002 +1.133100008e+002 +2.1357e+000 +3.1657e+000
327 0 +2.943593955e-007 +1.133100003e+002 +1.133100003e+002 +2.1353e+000 +3.1656e+000
345 0 +2.608721417e-007 +1.133100003e+002 +1.133100003e+002 +2.1355e+000 +3.1657e+000
350 0 +1.865593475e-007 +1.133100002e+002 +1.133100002e+002 +2.1353e+000 +3.1656e+000
356 0 +1.695082545e-007 +1.133100002e+002 +1.133100002e+002 +2.1354e+000 +3.1657e+000
359 0 +3.954178851e-008 +1.133100000e+002 +1.133100000e+002 +2.1352e+000 +3.1656e+000
388 0 +3.385490288e-008 +1.133100000e+002 +1.133100000e+002 +2.1351e+000 +3.1656e+000
389 0 +2.181542413e-008 +1.133100000e+002 +1.133100000e+002 +2.1351e+000 +3.1656e+000
401 0 +7.053230888e-009 +1.133100000e+002 +1.133100000e+002 +2.1352e+000 +3.1656e+000
% f evaluations | g evaluations | best noise-free fitness - Fopt (2.849000000000e+001) + sum g_i+ | measured fitness | best measured fitness or single-digit g-values | x1 | x2...
1 0 +6.332769992e+002 +6.617669992e+002 +6.617669992e+002 +2.2943e-001 +2.3401e+000
2 0 +2.635425139e+002 +2.920325139e+002 +2.920325139e+002 -1.6629e+000 -1.6891e+000
15 0 +2.335674509e+001 +5.184674509e+001 +5.184674509e+001 -3.8169e-001 -2.3579e+000
29 0 +1.622109866e+001 +4.471109866e+001 +4.471109866e+001 -9.2568e-001 -1.0931e+000
57 0 +1.216084040e+001 +4.065084040e+001 +4.065084040e+001 -7.7149e-001 -1.2602e+000
58 0 +3.916459346e+000 +3.240645935e+001 +3.240645935e+001 -1.0979e+000 -3.5541e-001
65 0 +2.012059071e+000 +3.050205907e+001 +3.050205907e+001 -9.5250e-001 -8.1874e-001
97 0 +1.713596721e+000 +3.020359672e+001 +3.020359672e+001 -6.4082e-001 -1.7910e+000
98 0 +9.711255090e-001 +2.946112551e+001 +2.946112551e+001 -4.9623e-001 -2.2600e+000
106 0 +3.614425178e-001 +2.885144252e+001 +2.885144252e+001 -6.2982e-001 -1.8417e+000
121 0 +3.250294128e-001 +2.881502941e+001 +2.881502941e+001 -5.9148e-001 -1.9637e+000
125 0 +1.352042490e-001 +2.862520425e+001 +2.862520425e+001 -6.4740e-001 -1.7888e+000
126 0 +7.104647197e-002 +2.856104647e+001 +2.856104647e+001 -6.3300e-001 -1.8351e+000
142 0 +4.598743922e-002 +2.853598744e+001 +2.853598744e+001 -5.9067e-001 -1.9696e+000
164 0 +1.031723263e-002 +2.850031723e+001 +2.850031723e+001 -6.0881e-001 -1.9125e+000
167 0 +6.959132348e-003 +2.849695913e+001 +2.849695913e+001 -6.0977e-001 -1.9094e+000
173 0 +5.254695230e-003 +2.849525470e+001 +2.849525470e+001 -6.1206e-001 -1.9022e+000
195 0 +4.025988370e-003 +2.849402599e+001 +2.849402599e+001 -6.1191e-001 -1.9027e+000
197 0 +3.083913274e-003 +2.849308391e+001 +2.849308391e+001 -6.1195e-001 -1.9025e+000
200 0 +1.366196624e-003 +2.849136620e+001 +2.849136620e+001 -6.1964e-001 -1.8782e+000
232 0 +8.329473244e-004 +2.849083295e+001 +2.849083295e+001 -6.2026e-001 -1.8762e+000
237 0 +7.720994250e-004 +2.849077210e+001 +2.849077210e+001 -6.2473e-001 -1.8621e+000
238 0 +6.077416077e-004 +2.849060774e+001 +2.849060774e+001 -6.2372e-001 -1.8653e+000
239 0 +2.702862312e-004 +2.849027029e+001 +2.849027029e+001 -6.2364e-001 -1.8655e+000
262 0 +2.643795640e-004 +2.849026438e+001 +2.849026438e+001 -6.2558e-001 -1.8594e+000
269 0 +4.757257889e-005 +2.849004757e+001 +2.849004757e+001 -6.2569e-001 -1.8590e+000
287 0 +3.692531257e-005 +2.849003693e+001 +2.849003693e+001 -6.2658e-001 -1.8562e+000
302 0 +2.257771741e-005 +2.849002258e+001 +2.849002258e+001 -6.2627e-001 -1.8572e+000
310 0 +6.687313565e-006 +2.849000669e+001 +2.849000669e+001 -6.2622e-001 -1.8574e+000
330 0 +4.275404521e-006 +2.849000428e+001 +2.849000428e+001 -6.2651e-001 -1.8565e+000
337 0 +1.352872125e-006 +2.849000135e+001 +2.849000135e+001 -6.2631e-001 -1.8571e+000
341 0 +5.361389697e-007 +2.849000054e+001 +2.849000054e+001 -6.2658e-001 -1.8562e+000
367 0 +3.659250893e-007 +2.849000037e+001 +2.849000037e+001 -6.2644e-001 -1.8567e+000
387 0 +1.217104675e-007 +2.849000012e+001 +2.849000012e+001 -6.2636e-001 -1.8569e+000
407 0 +1.086506671e-007 +2.849000011e+001 +2.849000011e+001 -6.2642e-001 -1.8567e+000
428 0 +7.391640366e-008 +2.849000007e+001 +2.849000007e+001 -6.2640e-001 -1.8568e+000
430 0 +3.315753361e-008 +2.849000003e+001 +2.849000003e+001 -6.2637e-001 -1.8569e+000
448 0 +2.124192378e-008 +2.849000002e+001 +2.849000002e+001 -6.2640e-001 -1.8568e+000
463 0 +1.677117467e-008 +2.849000002e+001 +2.849000002e+001 -6.2638e-001 -1.8569e+000
471 0 +1.211066092e-008 +2.849000001e+001 +2.849000001e+001 -6.2640e-001 -1.8568e+000
473 0 +1.130203842e-008 +2.849000001e+001 +2.849000001e+001 -6.2640e-001 -1.8568e+000
476 0 +5.194380037e-009 +2.849000001e+001 +2.849000001e+001 -6.2639e-001 -1.8568e+000
% f evaluations | g evaluations | best noise-free fitness - Fopt (-7.405800000000e+002) + sum g_i+ | measured fitness | best measured fitness or single-digit g-values | x1 | x2...
1 0 +7.373620949e+002 -3.217905079e+000 -3.217905079e+000 -3.2592e+000 -2.0248e+000
2 0 +4.651754979e+002 -2.754045021e+002 -2.754045021e+002 -3.0308e+000 +2.9381e+000
6 0 +9.719161312e+001 -6.433883869e+002 -6.433883869e+002 -3.9897e+000 +2.0462e+000
7 0 +3.044777676e+001 -7.101322232e+002 -7.101322232e+002 -4.2381e+000 +1.7713e+000
38 0 +2.985520518e+001 -7.107247948e+002 -7.107247948e+002 -4.2053e+000 +1.7478e+000
41 0 +1.476536630e+001 -7.258146337e+002 -7.258146337e+002 -4.3133e+000 +1.8981e+000
43 0 +1.299312761e+001 -7.275868724e+002 -7.275868724e+002 -4.2053e+000 +1.8357e+000
57 0 +1.203588041e+001 -7.285441196e+002 -7.285441196e+002 -4.1943e+000 +1.8152e+000
59 0 +1.140041585e+001 -7.291795842e+002 -7.291795842e+002 -4.0893e+000 +1.7347e+000
76 0 +9.534500099e+000 -7.310454999e+002 -7.310454999e+002 -3.9108e+000 +1.6094e+000
79 0 +8.878110692e+000 -7.317018893e+002 -7.317018893e+002 -3.8999e+000 +1.5987e+000
83 0 +7.728826720e+000 -7.328511733e+002 -7.328511733e+002 -3.6670e+000 +1.4255e+000
84 0 +6.965427778e+000 -7.336145722e+002 -7.336145722e+002 -3.3257e+000 +1.1741e+000
90 0 +5.009472939e+000 -7.355705271e+002 -7.355705271e+002 -2.6651e+000 +6.8028e-001
91 0 +4.529375681e+000 -7.360506243e+002 -7.360506243e+002 -2.6072e+000 +6.3530e-001
93 0 +4.337559788e+000 -7.362424402e+002 -7.362424402e+002 -1.9466e+000 +1.4143e-001
107 0 +3.815375022e+000 -7.367646250e+002 -7.367646250e+002 -2.3711e+000 +4.5687e-001
123 0 +3.762589530e+000 -7.368174105e+002 -7.368174105e+002 -1.8875e+000 +9.4540e-002
128 0 +3.516243206e+000 -7.370637568e+002 -7.370637568e+002 -2.1033e+000 +2.5551e-001
132 0 +3.088675534e+000 -7.374913245e+002 -7.374913245e+002 -1.9850e+000 +1.3919e-001
133 0 +5.683394392e-001 -7.400116606e+002 -7.400116606e+002 -1.7110e+000 -5.2292e-002
139 0 +4.583101944e-001 -7.401216898e+002 -7.401216898e+002 -1.6700e+000 -8.3763e-002
151 0 +4.346079172e-001 -7.401453921e+002 -7.401453921e+002 -1.6622e+000 -9.3396e-002
152 0 +1.899583868e-001 -7.403900416e+002 -7.403900416e+002 -1.7021e+000 -6.2257e-002
158 0 +3.838261043e-002 -7.405416174e+002 -7.405416174e+002 -1.7008e+000 -6.2301e-002
174 0 +1.969826846e-002 -7.405603017e+002 -7.405603017e+002 -1.6984e+000 -6.4207e-002
182 0 +1.311729348e-002 -7.405668827e+002 -7.405668827e+002 -1.7241e+000 -4.4778e-002
197 0 +3.288335413e-003 -7.405767117e+002 -7.405767117e+002 -1.7203e+000 -4.7756e-002
220 0 +2.390275085e-003 -7.405776097e+002 -7.405776097e+002 -1.7170e+000 -5.0194e-002
231 0 +2.033986895e-003 -7.405779660e+002 -7.405779660e+002 -1.7313e+000 -3.9468e-002
239 0 +1.832021383e-003 -7.405781680e+002 -7.405781680e+002 -1.7228e+000 -4.5868e-002
254 0 +1.809119566e-003 -7.405781909e+002 -7.405781909e+002 -1.7390e+000 -3.3645e-002
256 0 +1.566571766e-003 -7.405784334e+002 -7.405784334e+002 -1.7384e+000 -3.4046e-002
276 0 +1.465342247e-003 -7.405785347e+002 -7.405785347e+002 -1.7264e+000 -4.3105e-002
283 0 +1.395444079e-003 -7.405786046e+002 -7.405786046e+002 -1.7303e+000 -4.0197e-002
292 0 +1.365837346e-003 -7.405786342e+002 -7.405786342e+002 -1.7338e+000 -3.7569e-002
297 0 +1.323074145e-003 -7.405786769e+002 -7.405786769e+002 -1.7331e+000 -3.8096e-002
301 0 +1.286166921e-003 -7.405787138e+002 -7.405787138e+002 -1.7350e+000 -3.6646e-002
302 0 +1.247238976e-003 -7.405787528e+002 -7.405787528e+002 -1.7350e+000 -3.6663e-002
305 0 +1.202195603e-003 -7.405787978e+002 -7.405787978e+002 -1.7323e+000 -3.8671e-002
325 0 +1.146680317e-003 -7.405788533e+002 -7.405788533e+002 -1.7320e+000 -3.8872e-002
333 0 +1.052326689e-003 -7.405789477e+002 -7.405789477e+002 -1.7311e+000 -3.9599e-002
335 0 +1.019178939e-003 -7.405789808e+002 -7.405789808e+002 -1.7311e+000 -3.9559e-002
339 0 +9.494710521e-004 -7.405790505e+002 -7.405790505e+002 -1.7320e+000 -3.8885e-002
343 0 +9.001654137e-004 -7.405790998e+002 -7.405790998e+002 -1.7309e+000 -3.9713e-002
344 0 +8.688486870e-004 -7.405791312e+002 -7.405791312e+002 -1.7321e+000 -3.8793e-002
350 0 +8.385286527e-004 -7.405791615e+002 -7.405791615e+002 -1.7321e+000 -3.8796e-002
357 0 +7.328916138e-004 -7.405792671e+002 -7.405792671e+002 -1.7333e+000 -3.7879e-002
358 0 +7.224435129e-004 -7.405792776e+002 -7.405792776e+002 -1.7332e+000 -3.7956e-002
362 0 +7.068355940e-004 -7.405792932e+002 -7.405792932e+002 -1.7346e+000 -3.6972e-002
365 0 +6.848416543e-004 -7.405793152e+002 -7.405793152e+002 -1.7342e+000 -3.7237e-002
367 0 +6.172238320e-004 -7.405793828e+002 -7.405793828e+002 -1.7350e+000 -3.6622e-002
373 0 +5.744055491e-004 -7.405794256e+002 -7.405794256e+002 -1.7353e+000 -3.6442e-002
388 0 +5.138843208e-004 -7.405794861e+002 -7.405794861e+002 -1.7365e+000 -3.5514e-002
390 0 +4.962988816e-004 -7.405795037e+002 -7.405795037e+002 -1.7365e+000 -3.5491e-002
396 0 +4.832125311e-004 -7.405795168e+002 -7.405795168e+002 -1.7367e+000 -3.5361e-002
418 0 +4.770880635e-004 -7.405795229e+002 -7.405795229e+002 -1.7368e+000 -3.5272e-002
429 0 +4.571883912e-004 -7.405795428e+002 -7.405795428e+002 -1.7371e+000 -3.5031e-002
430 0 +4.538569895e-004 -7.405795461e+002 -7.405795461e+002 -1.7373e+000 -3.4925e-002
446 0 +4.450276235e-004 -7.405795550e+002 -7.405795550e+002 -1.7374e+000 -3.4859e-002
452 0 +4.306572885e-004 -7.405795693e+002 -7.405795693e+002 -1.7376e+000 -3.4685e-002
454 0 +4.248947720e-004 -7.405795751e+002 -7.405795751e+002 -1.7379e+000 -3.4442e-002
462 0 +4.065524614e-004 -7.405795934e+002 -7.405795934e+002 -1.7383e+000 -3.4173e-002
469 0 +3.973383585e-004 -7.405796027e+002 -7.405796027e+002 -1.7388e+000 -3.3765e-002
473 0 +3.821819575e-004 -7.405796178e+002 -7.405796178e+002 -1.7388e+000 -3.3792e-002
475 0 +3.772178667e-004 -7.405796228e+002 -7.405796228e+002 -1.7392e+000 -3.3443e-002
476 0 +3.631368148e-004 -7.405796369e+002 -7.405796369e+002 -1.7391e+000 -3.3523e-002
477 0 +3.519717143e-004 -7.405796480e+002 -7.405796480e+002 -1.7397e+000 -3.3109e-002
482 0 +3.383677260e-004 -7.405796616e+002 -7.405796616e+002 -1.7397e+000 -3.3077e-002
484 0 +3.276045176e-004 -7.405796724e+002 -7.405796724e+002 -1.7399e+000 -3.2939e-002
485 0 +3.080130292e-004 -7.405796920e+002 -7.405796920e+002 -1.7404e+000 -3.2539e-002
488 0 +2.527440461e-004 -7.405797473e+002 -7.405797473e+002 -1.7416e+000 -3.1619e-002
489 0 +2.432852579e-004 -7.405797567e+002 -7.405797567e+002 -1.7418e+000 -3.1481e-002
490 0 +1.602826901e-004 -7.405798397e+002 -7.405798397e+002 -1.7438e+000 -3.0001e-002
491 0 +1.346809986e-004 -7.405798653e+002 -7.405798653e+002 -1.7446e+000 -2.9374e-002
492 0 +1.020551642e-004 -7.405798979e+002 -7.405798979e+002 -1.7458e+000 -2.8503e-002
493 0 +8.256401384e-005 -7.405799174e+002 -7.405799174e+002 -1.7466e+000 -2.7876e-002
496 0 +6.857311519e-007 -7.405799993e+002 -7.405799993e+002 -1.7527e+000 -2.3262e-002
540 0 +4.314083526e-007 -7.405799996e+002 -7.405799996e+002 -1.7527e+000 -2.3245e-002
551 0 +2.592958026e-008 -7.405800000e+002 -7.405800000e+002 -1.7528e+000 -2.3232e-002
609 0 +1.049761522e-008 -7.405800000e+002 -7.405800000e+002 -1.7528e+000 -2.3199e-002
622 0 +5.779838830e-009 -7.405800000e+002 -7.405800000e+002 -1.7528e+000 -2.3173e-002
% f evaluations | g evaluations | best noise-free fitness - Fopt (-5.177000000000e+001) + sum g_i+ | measured fitness | best measured fitness or single-digit g-values | x1 | x2...
1 0 +2.478714399e+002 +1.961014399e+002 +1.961014399e+002 -1.3686e+000 +4.5593e-001
6 0 +1.355171315e+002 +8.374713153e+001 +8.374713153e+001 -5.0000e+000 +7.8160e-001
10 0 +2.512794865e+001 -2.664205135e+001 -2.664205135e+001 -9.1230e-001 +1.9873e+000
14 0 +2.080363480e+001 -3.096636520e+001 -3.096636520e+001 -2.6647e+000 +1.7683e+000
39 0 +1.853282435e+000 -4.991671757e+001 -4.991671757e+001 -1.8667e+000 +1.7667e+000
41 0 +8.912690679e-001 -5.087873093e+001 -5.087873093e+001 -1.9605e+000 +1.7501e+000
76 0 +7.977370934e-001 -5.097226291e+001 -5.097226291e+001 -2.2977e+000 +1.7066e+000
84 0 +2.170773686e-001 -5.155292263e+001 -5.155292263e+001 -2.5930e+000 +1.6621e+000
85 0 +1.701341915e-001 -5.159986581e+001 -5.159986581e+001 -2.1257e+000 +1.7255e+000
103 0 +4.854480028e-002 -5.172145520e+001 -5.172145520e+001 -2.3828e+000 +1.6909e+000
156 0 +2.393042057e-002 -5.174606958e+001 -5.174606958e+001 -2.3764e+000 +1.6914e+000
176 0 +2.307710717e-003 -5.176769229e+001 -5.176769229e+001 -2.3693e+000 +1.6925e+000
197 0 +2.100899230e-003 -5.176789910e+001 -5.176789910e+001 -2.3249e+000 +1.6985e+000
203 0 +5.000062757e-004 -5.176949999e+001 -5.176949999e+001 -2.3483e+000 +1.6953e+000
252 0 +1.765799713e-004 -5.176982342e+001 -5.176982342e+001 -2.3418e+000 +1.6962e+000
261 0 +1.876452860e-005 -5.176998124e+001 -5.176998124e+001 -2.3454e+000 +1.6957e+000
281 0 +1.740621852e-005 -5.176998259e+001 -5.176998259e+001 -2.3421e+000 +1.6962e+000
289 0 +1.652182277e-006 -5.176999835e+001 -5.176999835e+001 -2.3429e+000 +1.6960e+000
309 0 +5.733871404e-007 -5.176999943e+001 -5.176999943e+001 -2.3431e+000 +1.6960e+000
333 0 +3.794192835e-007 -5.176999962e+001 -5.176999962e+001 -2.3429e+000 +1.6960e+000
370 0 +3.363081120e-007 -5.176999966e+001 -5.176999966e+001 -2.3432e+000 +1.6960e+000
378 0 +3.090307885e-007 -5.176999969e+001 -5.176999969e+001 -2.3432e+000 +1.6960e+000
394 0 +2.186442885e-007 -5.176999978e+001 -5.176999978e+001 -2.3431e+000 +1.6960e+000
400 0 +1.253298407e-007 -5.176999987e+001 -5.176999987e+001 -2.3431e+000 +1.6960e+000
405 0 +6.781131390e-008 -5.176999993e+001 -5.176999993e+001 -2.3433e+000 +1.6960e+000
428 0 +5.884161425e-008 -5.176999994e+001 -5.176999994e+001 -2.3431e+000 +1.6960e+000
431 0 +4.620856942e-008 -5.176999995e+001 -5.176999995e+001 -2.3432e+000 +1.6960e+000
434 0 +2.796328857e-008 -5.176999997e+001 -5.176999997e+001 -2.3432e+000 +1.6960e+000
439 0 +1.229501123e-008 -5.176999999e+001 -5.176999999e+001 -2.3432e+000 +1.6960e+000
441 0 +2.545149869e-009 -5.177000000e+001 -5.177000000e+001 -2.3432e+000 +1.6960e+000
% f evaluations | g evaluations | best noise-free fitness - Fopt (-2.229800000000e+002) + sum g_i+ | measured fitness | best measured fitness or single-digit g-values | x1 | x2...
1 0 +3.984369234e+002 +1.754569234e+002 +1.754569234e+002 +3.0921e+000 +3.2231e+000
2 0 +2.284625082e+002 +5.482508245e+000 +5.482508245e+000 -1.5147e+000 -1.5954e+000
6 0 +1.203263445e+002 -1.026536555e+002 -1.026536555e+002 +5.0000e+000 -2.6012e-001
7 0 +8.336581169e+001 -1.396141883e+002 -1.396141883e+002 +5.0000e+000 +1.1275e+000
22 0 +5.174637464e+001 -1.712336254e+002 -1.712336254e+002 +2.2906e+000 -4.5227e-001
32 0 +4.641120222e+001 -1.765687978e+002 -1.765687978e+002 +4.3596e+000 +6.5686e-002
36 0 +4.548724333e+001 -1.774927567e+002 -1.774927567e+002 +4.1461e+000 +6.9824e-001
43 0 +1.236121576e+001 -2.106187842e+002 -2.106187842e+002 +4.2017e+000 +4.2509e-001
47 0 +1.172897226e+001 -2.112510277e+002 -2.112510277e+002 +3.9694e+000 +3.8295e-001
72 0 +9.782620590e+000 -2.131973794e+002 -2.131973794e+002 +2.3146e+000 -8.4815e-002
75 0 +9.883701205e-001 -2.219916299e+002 -2.219916299e+002 +3.2924e+000 +1.3854e-001
100 0 +6.765508131e-001 -2.223034492e+002 -2.223034492e+002 +3.4501e+000 +1.7547e-001
106 0 +3.991225526e-001 -2.225808774e+002 -2.225808774e+002 +3.4720e+000 +1.8275e-001
128 0 +2.737117276e-001 -2.227062883e+002 -2.227062883e+002 +3.2929e+000 +1.4458e-001
145 0 +1.725144382e-001 -2.228074856e+002 -2.228074856e+002 +3.3927e+000 +1.6921e-001
155 0 +1.615750018e-001 -2.228184250e+002 -2.228184250e+002 +3.3679e+000 +1.6150e-001
156 0 +8.697973149e-002 -2.228930203e+002 -2.228930203e+002 +3.3660e+000 +1.6171e-001
157 0 +6.788800538e-002 -2.229121120e+002 -2.229121120e+002 +3.3783e+000 +1.6453e-001
165 0 +5.885616765e-002 -2.229211438e+002 -2.229211438e+002 +3.4009e+000 +1.7020e-001
172 0 +1.682851389e-002 -2.229631715e+002 -2.229631715e+002 +3.4112e+000 +1.7226e-001
196 0 +9.524225034e-003 -2.229704758e+002 -2.229704758e+002 +3.4323e+000 +1.7698e-001
208 0 +4.593732013e-003 -2.229754063e+002 -2.229754063e+002 +3.4360e+000 +1.7786e-001
239 0 +4.498105173e-003 -2.229755019e+002 -2.229755019e+002 +3.4514e+000 +1.8139e-001
240 0 +4.413508968e-003 -2.229755865e+002 -2.229755865e+002 +3.4404e+000 +1.7889e-001
241 0 +4.236778701e-003 -2.229757632e+002 -2.229757632e+002 +3.4389e+000 +1.7855e-001
244 0 +1.761607660e-003 -2.229782384e+002 -2.229782384e+002 +3.4462e+000 +1.8019e-001
260 0 +1.483825559e-003 -2.229785162e+002 -2.229785162e+002 +3.4426e+000 +1.7937e-001
267 0 +1.019415354e-003 -2.229789806e+002 -2.229789806e+002 +3.4540e+000 +1.8194e-001
270 0 +9.538438396e-004 -2.229790462e+002 -2.229790462e+002 +3.4583e+000 +1.8293e-001
271 0 +4.786325118e-004 -2.229795214e+002 -2.229795214e+002 +3.4555e+000 +1.8229e-001
272 0 +1.306679841e-004 -2.229798693e+002 -2.229798693e+002 +3.4536e+000 +1.8186e-001
279 0 +2.156619976e-005 -2.229799784e+002 -2.229799784e+002 +3.4542e+000 +1.8200e-001
333 0 +1.989349087e-005 -2.229799801e+002 -2.229799801e+002 +3.4544e+000 +1.8204e-001
349 0 +1.653426352e-005 -2.229799835e+002 -2.229799835e+002 +3.4544e+000 +1.8205e-001
357 0 +1.482481883e-005 -2.229799852e+002 -2.229799852e+002 +3.4547e+000 +1.8210e-001
366 0 +1.279494685e-005 -2.229799872e+002 -2.229799872e+002 +3.4549e+000 +1.8215e-001
372 0 +8.949285927e-006 -2.229799911e+002 -2.229799911e+002 +3.4552e+000 +1.8223e-001
376 0 +8.268982640e-006 -2.229799917e+002 -2.229799917e+002 +3.4553e+000 +1.8225e-001
383 0 +6.708864703e-006 -2.229799933e+002 -2.229799933e+002 +3.4555e+000 +1.8230e-001
391 0 +6.336576263e-006 -2.229799937e+002 -2.229799937e+002 +3.4558e+000 +1.8234e-001
402 0 +6.272138705e-006 -2.229799937e+002 -2.229799937e+002 +3.4556e+000 +1.8231e-001
413 0 +6.158785538e-006 -2.229799938e+002 -2.229799938e+002 +3.4558e+000 +1.8236e-001
432 0 +5.977472711e-006 -2.229799940e+002 -2.229799940e+002 +3.4556e+000 +1.8232e-001
437 0 +5.733168280e-006 -2.229799943e+002 -2.229799943e+002 +3.4556e+000 +1.8232e-001
443 0 +5.502271932e-006 -2.229799945e+002 -2.229799945e+002 +3.4556e+000 +1.8232e-001
444 0 +5.490295791e-006 -2.229799945e+002 -2.229799945e+002 +3.4555e+000 +1.8229e-001
448 0 +4.898506518e-006 -2.229799951e+002 -2.229799951e+002 +3.4556e+000 +1.8232e-001
461 0 +4.832801039e-006 -2.229799952e+002 -2.229799952e+002 +3.4557e+000 +1.8233e-001
466 0 +4.744755756e-006 -2.229799953e+002 -2.229799953e+002 +3.4558e+000 +1.8236e-001
467 0 +4.559193286e-006 -2.229799954e+002 -2.229799954e+002 +3.4559e+000 +1.8239e-001
476 0 +4.225700081e-006 -2.229799958e+002 -2.229799958e+002 +3.4559e+000 +1.8237e-001
483 0 +4.135299747e-006 -2.229799959e+002 -2.229799959e+002 +3.4558e+000 +1.8235e-001
489 0 +3.806314197e-006 -2.229799962e+002 -2.229799962e+002 +3.4558e+000 +1.8236e-001
491 0 +3.606048494e-006 -2.229799964e+002 -2.229799964e+002 +3.4558e+000 +1.8235e-001
494 0 +3.188728328e-006 -2.229799968e+002 -2.229799968e+002 +3.4557e+000 +1.8232e-001
495 0 +2.984747169e-006 -2.229799970e+002 -2.229799970e+002 +3.4557e+000 +1.8233e-001
497 0 +2.787206540e-006 -2.229799972e+002 -2.229799972e+002 +3.4557e+000 +1.8233e-001
514 0 +2.734846646e-006 -2.229799973e+002 -2.229799973e+002 +3.4555e+000 +1.8230e-001
523 0 +2.573727983e-006 -2.229799974e+002 -2.229799974e+002 +3.4555e+000 +1.8230e-001
530 0 +2.467168201e-006 -2.229799975e+002 -2.229799975e+002 +3.4555e+000 +1.8230e-001
541 0 +2.176937500e-006 -2.229799978e+002 -2.229799978e+002 +3.4555e+000 +1.8228e-001
553 0 +2.020567734e-006 -2.229799980e+002 -2.229799980e+002 +3.4555e+000 +1.8228e-001
556 0 +1.974175262e-006 -2.229799980e+002 -2.229799980e+002 +3.4556e+000 +1.8231e-001
565 0 +1.880755462e-006 -2.229799981e+002 -2.229799981e+002 +3.4556e+000 +1.8232e-001
566 0 +1.681246204e-006 -2.229799983e+002 -2.229799983e+002 +3.4556e+000 +1.8232e-001
568 0 +1.469431254e-006 -2.229799985e+002 -2.229799985e+002 +3.4556e+000 +1.8232e-001
576 0 +1.293913442e-006 -2.229799987e+002 -2.229799987e+002 +3.4556e+000 +1.8231e-001
578 0 +1.197034379e-006 -2.229799988e+002 -2.229799988e+002 +3.4556e+000 +1.8231e-001
586 0 +8.293553151e-007 -2.229799992e+002 -2.229799992e+002 +3.4557e+000 +1.8232e-001
587 0 +7.346002633e-007 -2.229799993e+002 -2.229799993e+002 +3.4557e+000 +1.8233e-001
602 0 +2.406789008e-007 -2.229799998e+002 -2.229799998e+002 +3.4558e+000 +1.8236e-001
605 0 +1.903569569e-007 -2.229799998e+002 -2.229799998e+002 +3.4560e+000 +1.8241e-001
611 0 +1.593957393e-007 -2.229799998e+002 -2.229799998e+002 +3.4560e+000 +1.8239e-001
613 0 +6.747501402e-008 -2.229799999e+002 -2.229799999e+002 +3.4560e+000 +1.8239e-001
648 0 +2.202347105e-008 -2.229800000e+002 -2.229800000e+002 +3.4560e+000 +1.8240e-001
658 0 +3.306155349e-009 -2.229800000e+002 -2.229800000e+002 +3.4560e+000 +1.8240e-001
% f evaluations | g evaluations | best noise-free fitness - Fopt (5.860000000000e+000) + sum g_i+ | measured fitness | best measured fitness or single-digit g-values | x1 | x2...
1 0 +8.435624413e+002 +8.494224413e+002 +8.494224413e+002 +8.1016e-001 +1.9394e+000
3 0 +1.958557875e+002 +2.017157875e+002 +2.017157875e+002 -3.3660e+000 +4.8870e+000
7 0 +1.448290275e+002 +1.506890275e+002 +1.506890275e+002 -5.0000e+000 +5.0000e+000
9 0 +5.250472105e+001 +5.836472105e+001 +5.836472105e+001 -4.2137e+000 +2.9958e+000
25 0 +1.059361033e+001 +1.645361033e+001 +1.645361033e+001 -3.9342e+000 +3.2772e+000
27 0 +9.512014114e+000 +1.537201411e+001 +1.537201411e+001 -3.7660e+000 +2.4138e+000
54 0 +6.620804244e+000 +1.248080424e+001 +1.248080424e+001 -3.8609e+000 +2.4601e+000
59 0 +2.151732850e+000 +8.011732850e+000 +8.011732850e+000 -3.7879e+000 +2.3015e+000
68 0 +7.167669702e-001 +6.576766970e+000 +6.576766970e+000 -3.7021e+000 +1.7435e+000
78 0 +6.882331500e-001 +6.548233150e+000 +6.548233150e+000 -3.6906e+000 +1.6688e+000
108 0 +2.061055635e-001 +6.066105563e+000 +6.066105563e+000 -3.7572e+000 +2.0475e+000
115 0 +3.232413051e-002 +5.892324131e+000 +5.892324131e+000 -3.7499e+000 +2.0126e+000
139 0 +1.194457206e-002 +5.871944572e+000 +5.871944572e+000 -3.7526e+000 +2.0280e+000
155 0 +7.932955046e-003 +5.867932955e+000 +5.867932955e+000 -3.7543e+000 +2.0376e+000
177 0 +1.845593234e-003 +5.861845593e+000 +5.861845593e+000 -3.7530e+000 +2.0300e+000
208 0 +6.699454980e-004 +5.860669945e+000 +5.860669945e+000 -3.7518e+000 +2.0229e+000
213 0 +2.182413310e-004 +5.860218241e+000 +5.860218241e+000 -3.7514e+000 +2.0206e+000
245 0 +3.171530514e-005 +5.860031715e+000 +5.860031715e+000 -3.7511e+000 +2.0185e+000
261 0 +2.357850553e-005 +5.860023579e+000 +5.860023579e+000 -3.7509e+000 +2.0173e+000
290 0 +1.458816923e-005 +5.860014588e+000 +5.860014588e+000 -3.7514e+000 +2.0202e+000
322 0 +5.865950630e-006 +5.860005866e+000 +5.860005866e+000 -3.7511e+000 +2.0188e+000
330 0 +1.880326535e-006 +5.860001880e+000 +5.860001880e+000 -3.7512e+000 +2.0189e+000
349 0 +8.312810476e-007 +5.860000831e+000 +5.860000831e+000 -3.7512e+000 +2.0193e+000
352 0 +5.328454913e-007 +5.860000533e+000 +5.860000533e+000 -3.7513e+000 +2.0196e+000
380 0 +3.138747795e-007 +5.860000314e+000 +5.860000314e+000 -3.7512e+000 +2.0193e+000
388 0 +1.937359739e-007 +5.860000194e+000 +5.860000194e+000 -3.7512e+000 +2.0192e+000
389 0 +1.704043431e-007 +5.860000170e+000 +5.860000170e+000 -3.7512e+000 +2.0190e+000
403 0 +3.267136250e-008 +5.860000033e+000 +5.860000033e+000 -3.7512e+000 +2.0192e+000
440 0 +1.543851269e-008 +5.860000015e+000 +5.860000015e+000 -3.7512e+000 +2.0192e+000
466 0 +1.458876042e-008 +5.860000015e+000 +5.860000015e+000 -3.7512e+000 +2.0192e+000
470 0 +1.009810990e-008 +5.860000010e+000 +5.860000010e+000 -3.7512e+000 +2.0192e+000
481 0 +4.284148147e-009 +5.860000004e+000 +5.860000004e+000 -3.7512e+000 +2.0192e+000
% f evaluations | g evaluations | best noise-free fitness - Fopt (2.048600000000e+002) + sum g_i+ | measured fitness | best measured fitness or single-digit g-values | x1 | x2...
1 0 +2.527553252e+002 +4.576153252e+002 +4.576153252e+002 -5.9833e-001 +2.1601e+000
5 0 +1.522377215e+002 +3.570977215e+002 +3.570977215e+002 -2.4709e+000 -2.1795e+000
8 0 +4.525127761e+001 +2.501112776e+002 +2.501112776e+002 -1.5282e+000 +4.0022e-002
10 0 +2.868692418e+001 +2.335469242e+002 +2.335469242e+002 -1.6178e+000 -2.3208e-001
24 0 +3.706867938e+000 +2.085668679e+002 +2.085668679e+002 -1.7859e+000 -8.9026e-001
52 0 +2.674651394e+000 +2.075346514e+002 +2.075346514e+002 -1.9395e+000 -2.0329e+000
58 0 +1.050162167e+000 +2.059101622e+002 +2.059101622e+002 -1.7668e+000 -6.6416e-001
62 0 +3.045977833e-001 +2.051645978e+002 +2.051645978e+002 -1.8091e+000 -9.6947e-001
74 0 +4.991518526e-002 +2.049099152e+002 +2.049099152e+002 -1.7569e+000 -5.5327e-001
125 0 +4.313206241e-002 +2.049031321e+002 +2.049031321e+002 -1.7529e+000 -5.2308e-001
136 0 +3.284241735e-002 +2.048928424e+002 +2.048928424e+002 -1.7600e+000 -5.7920e-001
139 0 +5.399206901e-003 +2.048653992e+002 +2.048653992e+002 -1.7639e+000 -6.1120e-001
151 0 +4.365124404e-003 +2.048643651e+002 +2.048643651e+002 -1.7633e+000 -6.0658e-001
153 0 +3.243379706e-003 +2.048632434e+002 +2.048632434e+002 -1.7639e+000 -6.1078e-001
154 0 +2.530267806e-003 +2.048625303e+002 +2.048625303e+002 -1.7666e+000 -6.3261e-001
170 0 +1.960927060e-003 +2.048619609e+002 +2.048619609e+002 -1.7666e+000 -6.3293e-001
173 0 +1.241791846e-003 +2.048612418e+002 +2.048612418e+002 -1.7662e+000 -6.2949e-001
188 0 +8.455963860e-004 +2.048608456e+002 +2.048608456e+002 -1.7669e+000 -6.3482e-001
189 0 +5.043861087e-004 +2.048605044e+002 +2.048605044e+002 -1.7663e+000 -6.3049e-001
195 0 +3.732490315e-004 +2.048603732e+002 +2.048603732e+002 -1.7668e+000 -6.3397e-001
203 0 +3.649953777e-004 +2.048603650e+002 +2.048603650e+002 -1.7667e+000 -6.3376e-001
208 0 +2.923868317e-004 +2.048602924e+002 +2.048602924e+002 -1.7669e+000 -6.3533e-001
227 0 +2.540534852e-004 +2.048602541e+002 +2.048602541e+002 -1.7670e+000 -6.3630e-001
231 0 +1.916640856e-004 +2.048601917e+002 +2.048601917e+002 -1.7673e+000 -6.3840e-001
251 0 +1.875439072e-004 +2.048601875e+002 +2.048601875e+002 -1.7673e+000 -6.3832e-001
259 0 +1.643119870e-004 +2.048601643e+002 +2.048601643e+002 -1.7675e+000 -6.3971e-001
262 0 +1.537420212e-004 +2.048601537e+002 +2.048601537e+002 -1.7679e+000 -6.4289e-001
263 0 +1.414269537e-004 +2.048601414e+002 +2.048601414e+002 -1.7677e+000 -6.4159e-001
266 0 +1.035477206e-004 +2.048601035e+002 +2.048601035e+002 -1.7678e+000 -6.4200e-001
271 0 +9.002757798e-005 +2.048600900e+002 +2.048600900e+002 -1.7682e+000 -6.4520e-001
293 0 +8.896547831e-005 +2.048600890e+002 +2.048600890e+002 -1.7683e+000 -6.4610e-001
380 0 +8.695919431e-005 +2.048600870e+002 +2.048600870e+002 -1.7682e+000 -6.4577e-001
403 0 +8.491073348e-005 +2.048600849e+002 +2.048600849e+002 -1.7683e+000 -6.4639e-001
473 0 +8.314501966e-005 +2.048600831e+002 +2.048600831e+002 -1.7684e+000 -6.4728e-001
549 0 +8.123371063e-005 +2.048600812e+002 +2.048600812e+002 -1.7684e+000 -6.4750e-001
571 0 +7.886334501e-005 +2.048600789e+002 +2.048600789e+002 -1.7685e+000 -6.4809e-001
579 0 +7.729317190e-005 +2.048600773e+002 +2.048600773e+002 -1.7686e+000 -6.4861e-001
596 0 +7.569912881e-005 +2.048600757e+002 +2.048600757e+002 -1.7687e+000 -6.4939e-001
783 0 +7.412316918e-005 +2.048600741e+002 +2.048600741e+002 -1.7687e+000 -6.4921e-001
822 0 +7.222773624e-005 +2.048600722e+002 +2.048600722e+002 -1.7688e+000 -6.5012e-001
856 0 +7.075684525e-005 +2.048600708e+002 +2.048600708e+002 -1.7687e+000 -6.4958e-001
867 0 +6.876728105e-005 +2.048600688e+002 +2.048600688e+002 -1.7688e+000 -6.5049e-001
871 0 +6.725466577e-005 +2.048600673e+002 +2.048600673e+002 -1.7687e+000 -6.4949e-001
873 0 +6.526813621e-005 +2.048600653e+002 +2.048600653e+002 -1.7688e+000 -6.5015e-001
875 0 +6.299307162e-005 +2.048600630e+002 +2.048600630e+002 -1.7687e+000 -6.4983e-001
890 0 +6.033794131e-005 +2.048600603e+002 +2.048600603e+002 -1.7687e+000 -6.4976e-001
891 0 +5.888234185e-005 +2.048600589e+002 +2.048600589e+002 -1.7687e+000 -6.4992e-001
898 0 +5.657024002e-005 +2.048600566e+002 +2.048600566e+002 -1.7687e+000 -6.4921e-001
901 0 +5.599133527e-005 +2.048600560e+002 +2.048600560e+002 -1.7687e+000 -6.4936e-001
903 0 +5.375135450e-005 +2.048600538e+002 +2.048600538e+002 -1.7687e+000 -6.4938e-001
906 0 +4.751312909e-005 +2.048600475e+002 +2.048600475e+002 -1.7687e+000 -6.4935e-001
908 0 +3.906048960e-005 +2.048600391e+002 +2.048600391e+002 -1.7687e+000 -6.4934e-001
915 0 +3.663053863e-005 +2.048600366e+002 +2.048600366e+002 -1.7687e+000 -6.4992e-001
918 0 +3.224460443e-005 +2.048600322e+002 +2.048600322e+002 -1.7687e+000 -6.4954e-001
922 0 +1.211003763e-005 +2.048600121e+002 +2.048600121e+002 -1.7686e+000 -6.4890e-001
929 0 +1.054081707e-005 +2.048600105e+002 +2.048600105e+002 -1.7686e+000 -6.4910e-001
931 0 +9.996360006e-006 +2.048600100e+002 +2.048600100e+002 -1.7686e+000 -6.4897e-001
932 0 +5.083583346e-006 +2.048600051e+002 +2.048600051e+002 -1.7686e+000 -6.4915e-001
945 0 +2.977114121e-006 +2.048600030e+002 +2.048600030e+002 -1.7687e+000 -6.4957e-001
948 0 +2.821430854e-006 +2.048600028e+002 +2.048600028e+002 -1.7687e+000 -6.4955e-001
968 0 +1.824435543e-006 +2.048600018e+002 +2.048600018e+002 -1.7687e+000 -6.4928e-001
969 0 +1.497815532e-006 +2.048600015e+002 +2.048600015e+002 -1.7687e+000 -6.4933e-001
986 0 +8.406885854e-007 +2.048600008e+002 +2.048600008e+002 -1.7687e+000 -6.4974e-001
996 0 +5.202168154e-007 +2.048600005e+002 +2.048600005e+002 -1.7687e+000 -6.4977e-001
999 0 +3.755930891e-007 +2.048600004e+002 +2.048600004e+002 -1.7688e+000 -6.5005e-001
1000 0 +2.565479349e-007 +2.048600003e+002 +2.048600003e+002 -1.7688e+000 -6.5004e-001
1001 0 +1.780824448e-007 +2.048600002e+002 +2.048600002e+002 -1.7688e+000 -6.5029e-001
1008 0 +4.495379358e-008 +2.048600000e+002 +2.048600000e+002 -1.7688e+000 -6.5040e-001
1019 0 +5.987516261e-009 +2.048600000e+002 +2.048600000e+002 -1.7688e+000 -6.5042e-001
% f evaluations | g evaluations | best noise-free fitness - Fopt (1.154900000000e+002) + sum g_i+ | measured fitness | best measured fitness or single-digit g-values | x1 | x2...
1 0 +7.474179683e+001 +1.902317968e+002 +1.902317968e+002 -2.4795e+000 -4.5193e+000
15 0 +4.091606978e+001 +1.564060698e+002 +1.564060698e+002 -2.1616e+000 -3.1965e+000
22 0 +1.835945433e+001 +1.338494543e+002 +1.338494543e+002 -2.4544e+000 -2.7869e+000
30 0 +1.108105215e+001 +1.265710521e+002 +1.265710521e+002 -2.3299e+000 -1.8391e+000
46 0 +6.896924369e+000 +1.223869244e+002 +1.223869244e+002 -2.3807e+000 -1.4913e+000
62 0 +1.364275791e+000 +1.168542758e+002 +1.168542758e+002 -2.4110e+000 -1.7667e+000
66 0 +1.095291332e+000 +1.165852913e+002 +1.165852913e+002 -2.4185e+000 -1.6557e+000
87 0 +2.668405403e-001 +1.157568405e+002 +1.157568405e+002 -2.4212e+000 -1.7937e+000
104 0 +9.856054038e-002 +1.155885605e+002 +1.155885605e+002 -2.4235e+000 -1.7372e+000
107 0 +4.194625509e-002 +1.155319463e+002 +1.155319463e+002 -2.4239e+000 -1.7185e+000
126 0 +2.997471714e-002 +1.155199747e+002 +1.155199747e+002 -2.4263e+000 -1.6719e+000
133 0 +6.986912941e-003 +1.154969869e+002 +1.154969869e+002 -2.4258e+000 -1.6868e+000
146 0 +1.120262741e-003 +1.154911203e+002 +1.154911203e+002 -2.4270e+000 -1.6632e+000
195 0 +1.043916774e-003 +1.154910439e+002 +1.154910439e+002 -2.4269e+000 -1.6648e+000
207 0 +1.662803487e-004 +1.154901663e+002 +1.154901663e+002 -2.4271e+000 -1.6626e+000
214 0 +3.124552556e-005 +1.154900312e+002 +1.154900312e+002 -2.4271e+000 -1.6616e+000
280 0 +7.928718119e-006 +1.154900079e+002 +1.154900079e+002 -2.4272e+000 -1.6609e+000
295 0 +5.814101371e-006 +1.154900058e+002 +1.154900058e+002 -2.4272e+000 -1.6607e+000
301 0 +4.017578235e-006 +1.154900040e+002 +1.154900040e+002 -2.4272e+000 -1.6605e+000
333 0 +2.596109539e-006 +1.154900026e+002 +1.154900026e+002 -2.4272e+000 -1.6604e+000
351 0 +1.986096805e-006 +1.154900020e+002 +1.154900020e+002 -2.4272e+000 -1.6598e+000
354 0 +3.268131223e-007 +1.154900003e+002 +1.154900003e+002 -2.4272e+000 -1.6602e+000
375 0 +1.338329554e-007 +1.154900001e+002 +1.154900001e+002 -2.4272e+000 -1.6599e+000
391 0 +5.199238728e-008 +1.154900001e+002 +1.154900001e+002 -2.4272e+000 -1.6600e+000
422 0 +2.672226174e-008 +1.154900000e+002 +1.154900000e+002 -2.4272e+000 -1.6600e+000
426 0 +9.192788752e-009 +1.154900000e+002 +1.154900000e+002 -2.4272e+000 -1.6600e+000
% f evaluations | g evaluations | best noise-free fitness - Fopt (1.950500000000e+002) + sum g_i+ | measured fitness | best measured fitness or single-digit g-values | x1 | x2...
1 0 +6.143740132e+001 +2.564874013e+002 +2.564874013e+002 +4.3385e-001 -1.9554e+000
7 0 +3.685224176e+001 +2.319022418e+002 +2.319022418e+002 +7.2098e-001 -2.6376e+000
16 0 +2.547297245e+001 +2.205229725e+002 +2.205229725e+002 +5.8925e-001 -3.1204e+000
19 0 +1.581618392e+001 +2.108661839e+002 +2.108661839e+002 +7.2958e-001 -1.8220e+000
47 0 +3.854509100e+000 +1.989045091e+002 +1.989045091e+002 +8.4192e-001 -3.4078e-001
63 0 +1.325280844e+000 +1.963752808e+002 +1.963752808e+002 +8.4192e-001 -9.2280e-002
69 0 +2.406751598e-001 +1.952906752e+002 +1.952906752e+002 +8.2110e-001 -3.7954e-001
99 0 +1.851959736e-001 +1.952351960e+002 +1.952351960e+002 +8.2949e-001 -2.9295e-001
110 0 +8.148172639e-002 +1.951314817e+002 +1.951314817e+002 +8.4446e-001 -1.2652e-001
123 0 +6.659387569e-002 +1.951165939e+002 +1.951165939e+002 +8.3135e-001 -2.6785e-001
144 0 +6.461182633e-002 +1.951146118e+002 +1.951146118e+002 +8.3719e-001 -2.0480e-001
147 0 +3.466985483e-002 +1.950846699e+002 +1.950846699e+002 +8.5128e-001 -5.7256e-002
168 0 +3.330731974e-002 +1.950833073e+002 +1.950833073e+002 +8.4153e-001 -1.5995e-001
171 0 +1.944010325e-003 +1.950519440e+002 +1.950519440e+002 +8.4519e-001 -1.2281e-001
225 0 +1.028229054e-003 +1.950510282e+002 +1.950510282e+002 +8.4570e-001 -1.1736e-001
240 0 +6.039991847e-004 +1.950506040e+002 +1.950506040e+002 +8.4646e-001 -1.0943e-001
248 0 +4.140049186e-004 +1.950504140e+002 +1.950504140e+002 +8.4608e-001 -1.1341e-001
252 0 +1.915800098e-004 +1.950501916e+002 +1.950501916e+002 +8.4660e-001 -1.0787e-001
265 0 +7.333140459e-005 +1.950500733e+002 +1.950500733e+002 +8.4675e-001 -1.0636e-001
270 0 +5.365481439e-005 +1.950500537e+002 +1.950500537e+002 +8.4704e-001 -1.0328e-001
272 0 +2.698553436e-005 +1.950500270e+002 +1.950500270e+002 +8.4703e-001 -1.0336e-001
281 0 +2.306354227e-005 +1.950500231e+002 +1.950500231e+002 +8.4692e-001 -1.0452e-001
289 0 +2.064977738e-005 +1.950500206e+002 +1.950500206e+002 +8.4698e-001 -1.0393e-001
294 0 +1.479297839e-005 +1.950500148e+002 +1.950500148e+002 +8.4708e-001 -1.0287e-001
301 0 +1.305914310e-006 +1.950500013e+002 +1.950500013e+002 +8.4725e-001 -1.0108e-001
310 0 +8.965867551e-007 +1.950500009e+002 +1.950500009e+002 +8.4720e-001 -1.0159e-001
333 0 +2.905778445e-007 +1.950500003e+002 +1.950500003e+002 +8.4721e-001 -1.0149e-001
402 0 +2.357647304e-007 +1.950500002e+002 +1.950500002e+002 +8.4717e-001 -1.0190e-001
406 0 +1.207014009e-007 +1.950500001e+002 +1.950500001e+002 +8.4722e-001 -1.0141e-001
407 0 +3.584773367e-008 +1.950500000e+002 +1.950500000e+002 +8.4720e-001 -1.0162e-001
410 0 +3.193349585e-008 +1.950500000e+002 +1.950500000e+002 +8.4720e-001 -1.0164e-001
433 0 +2.504447139e-008 +1.950500000e+002 +1.950500000e+002 +8.4720e-001 -1.0155e-001
442 0 +1.876483680e-008 +1.950500000e+002 +1.950500000e+002 +8.4721e-001 -1.0153e-001
467 0 +8.318068012e-009 +1.950500000e+002 +1.950500000e+002 +8.4720e-001 -1.0155e-001
% f evaluations | g evaluations | best noise-free fitness - Fopt (-2.144800000000e+002) + sum g_i+ | measured fitness | best measured fitness or single-digit g-values | x1 | x2...
1 0 +5.971676551e+002 +3.826876551e+002 +3.826876551e+002 -2.6168e+000 +1.6270e+000
3 0 +3.656293531e+001 -1.779170647e+002 -1.779170647e+002 -9.4437e-001 +2.4969e+000
33 0 +1.857682394e+000 -2.126223176e+002 -2.126223176e+002 -9.5435e-001 +2.6705e+000
70 0 +6.213309434e-001 -2.138586691e+002 -2.138586691e+002 -1.4186e+000 +3.1729e+000
104 0 +5.343705328e-001 -2.139456295e+002 -2.139456295e+002 -1.3590e+000 +3.1083e+000
114 0 +5.141204867e-001 -2.139658795e+002 -2.139658795e+002 -1.4021e+000 +3.1546e+000
116 0 +2.330054514e-001 -2.142469945e+002 -2.142469945e+002 -1.4244e+000 +3.1765e+000
147 0 +1.855179603e-001 -2.142944820e+002 -2.142944820e+002 -1.4867e+000 +3.2441e+000
148 0 +1.409597538e-001 -2.143390402e+002 -2.143390402e+002 -1.4466e+000 +3.2006e+000
156 0 +1.154606665e-001 -2.143645393e+002 -2.143645393e+002 -1.4531e+000 +3.2076e+000
170 0 +1.130229316e-001 -2.143669771e+002 -2.143669771e+002 -1.4711e+000 +3.2270e+000
183 0 +1.033043984e-001 -2.143766956e+002 -2.143766956e+002 -1.4694e+000 +3.2251e+000
191 0 +9.752736056e-002 -2.143824726e+002 -2.143824726e+002 -1.4826e+000 +3.2391e+000
201 0 +7.719730709e-002 -2.144028027e+002 -2.144028027e+002 -1.5291e+000 +3.2891e+000
207 0 +6.626937332e-002 -2.144137306e+002 -2.144137306e+002 -1.5789e+000 +3.3425e+000
215 0 +5.729463686e-002 -2.144227054e+002 -2.144227054e+002 -1.5963e+000 +3.3611e+000
220 0 +4.418368500e-002 -2.144358163e+002 -2.144358163e+002 -1.5709e+000 +3.3338e+000
225 0 +3.995288628e-002 -2.144400471e+002 -2.144400471e+002 -1.6327e+000 +3.4001e+000
226 0 +2.549615662e-002 -2.144545038e+002 -2.144545038e+002 -1.5882e+000 +3.3523e+000
228 0 +7.678218501e-003 -2.144723218e+002 -2.144723218e+002 -1.6708e+000 +3.4407e+000
256 0 +1.310107815e-003 -2.144786899e+002 -2.144786899e+002 -1.6598e+000 +3.4289e+000
266 0 +7.490250586e-004 -2.144792510e+002 -2.144792510e+002 -1.6904e+000 +3.4616e+000
279 0 +5.417373421e-004 -2.144794583e+002 -2.144794583e+002 -1.6854e+000 +3.4563e+000
285 0 +3.408013050e-004 -2.144796592e+002 -2.144796592e+002 -1.6715e+000 +3.4414e+000
291 0 +2.431323268e-004 -2.144797569e+002 -2.144797569e+002 -1.6763e+000 +3.4465e+000
293 0 +1.844244775e-004 -2.144798156e+002 -2.144798156e+002 -1.6748e+000 +3.4449e+000
294 0 +9.389913060e-005 -2.144799061e+002 -2.144799061e+002 -1.6768e+000 +3.4471e+000
303 0 +8.907066123e-005 -2.144799109e+002 -2.144799109e+002 -1.6795e+000 +3.4499e+000
309 0 +5.218194852e-005 -2.144799478e+002 -2.144799478e+002 -1.6742e+000 +3.4443e+000
310 0 +2.619237927e-005 -2.144799738e+002 -2.144799738e+002 -1.6754e+000 +3.4456e+000
341 0 +1.850441018e-005 -2.144799815e+002 -2.144799815e+002 -1.6773e+000 +3.4476e+000
343 0 +1.640451651e-005 -2.144799836e+002 -2.144799836e+002 -1.6779e+000 +3.4483e+000
348 0 +4.703253467e-006 -2.144799953e+002 -2.144799953e+002 -1.6792e+000 +3.4496e+000
352 0 +4.765436188e-007 -2.144799995e+002 -2.144799995e+002 -1.6787e+000 +3.4492e+000
358 0 +2.515639039e-007 -2.144799997e+002 -2.144799997e+002 -1.6781e+000 +3.4485e+000
361 0 +1.407598234e-007 -2.144799999e+002 -2.144799999e+002 -1.6786e+000 +3.4491e+000
395 0 +2.624977924e-008 -2.144800000e+002 -2.144800000e+002 -1.6785e+000 +3.4489e+000
432 0 +2.402441623e-008 -2.144800000e+002 -2.144800000e+002 -1.6785e+000 +3.4489e+000
441 0 +1.885985057e-008 -2.144800000e+002 -2.144800000e+002 -1.6784e+000 +3.4487e+000
448 0 +6.401421615e-009 -2.144800000e+002 -2.144800000e+002 -1.6784e+000 +3.4488e+000
% f evaluations | g evaluations | best noise-free fitness - Fopt (-4.590000000000e+001) + sum g_i+ | measured fitness | best measured fitness or single-digit g-values | x1 | x2...
1 0 +9.210299974e+001 +4.620299974e+001 +4.620299974e+001 -2.4383e+000 -1.1415e+000
6 0 +6.564552438e+001 +1.974552438e+001 +1.974552438e+001 -2.2335e+000 -1.2846e+000
14 0 +5.412356310e+001 +8.223563104e+000 +8.223563104e+000 -2.7109e+000 -1.7124e+000
18 0 +3.171569596e+001 -1.418430404e+001 -1.418430404e+001 -2.4743e+000 -1.4786e+000
39 0 +2.076336085e+001 -2.513663915e+001 -2.513663915e+001 -2.2521e+000 -1.5340e+000
50 0 +1.695143423e+001 -2.894856577e+001 -2.894856577e+001 -2.1274e+000 -1.5524e+000
55 0 +1.602639118e+001 -2.987360882e+001 -2.987360882e+001 -2.1278e+000 -1.5576e+000
75 0 +1.461857751e+001 -3.128142249e+001 -3.128142249e+001 -2.2928e+000 -1.5694e+000
77 0 +1.177909188e+001 -3.412090812e+001 -3.412090812e+001 -1.8974e+000 -1.5771e+000
95 0 +9.679981683e+000 -3.622001832e+001 -3.622001832e+001 -1.7569e+000 -1.5869e+000
112 0 +9.471922182e+000 -3.642807782e+001 -3.642807782e+001 -1.6042e+000 -1.5869e+000
116 0 +8.574484247e+000 -3.732551575e+001 -3.732551575e+001 -1.4627e+000 -1.5914e+000
121 0 +7.634565469e+000 -3.826543453e+001 -3.826543453e+001 -1.4627e+000 -1.5965e+000
123 0 +6.543355505e+000 -3.935664449e+001 -3.935664449e+001 -1.2551e+000 -1.6029e+000
125 0 +6.172675092e+000 -3.972732491e+001 -3.972732491e+001 -1.4697e+000 -1.6045e+000
129 0 +6.046410248e+000 -3.985358975e+001 -3.985358975e+001 -1.4627e+000 -1.6058e+000
144 0 +5.894128378e+000 -4.000587162e+001 -4.000587162e+001 -1.1656e+000 -1.6070e+000
147 0 +5.871200079e+000 -4.002879992e+001 -4.002879992e+001 -1.1816e+000 -1.6070e+000
150 0 +5.500661940e+000 -4.039933806e+001 -4.039933806e+001 -9.6749e-001 -1.6114e+000
159 0 +5.398633927e+000 -4.050136607e+001 -4.050136607e+001 -1.0356e+000 -1.6110e+000
163 0 +5.328274317e+000 -4.057172568e+001 -4.057172568e+001 -5.6552e-001 -1.6204e+000
174 0 +5.243530820e+000 -4.065646918e+001 -4.065646918e+001 -9.9461e-001 -1.6124e+000
184 0 +4.715755962e+000 -4.118424404e+001 -4.118424404e+001 -1.0324e+000 -1.6147e+000
192 0 +4.580450310e+000 -4.131954969e+001 -4.131954969e+001 -7.8456e-001 -1.6193e+000
194 0 +4.561149194e+000 -4.133885081e+001 -4.133885081e+001 -1.0300e+000 -1.6155e+000
200 0 +4.139776546e+000 -4.176022345e+001 -4.176022345e+001 -9.1862e-001 -1.6193e+000
206 0 +2.764826182e+000 -4.313517382e+001 -4.313517382e+001 -8.8659e-001 -1.6272e+000
214 0 +2.152011430e+000 -4.374798857e+001 -4.374798857e+001 -5.2310e-001 -1.6382e+000
216 0 +1.046055474e+000 -4.485394453e+001 -4.485394453e+001 -2.6455e-001 -1.6518e+000
227 0 +5.893941056e-001 -4.531060589e+001 -4.531060589e+001 -4.0609e-001 -1.6497e+000
232 0 +5.186683745e-001 -4.538133163e+001 -4.538133163e+001 +1.6452e-001 -1.6716e+000
243 0 +3.239714263e-001 -4.557602857e+001 -4.557602857e+001 -1.1877e-002 -1.6650e+000
250 0 +1.587596776e-001 -4.574124032e+001 -4.574124032e+001 -6.1609e-002 -1.6638e+000
255 0 +7.117551723e-002 -4.582882448e+001 -4.582882448e+001 +1.7541e-001 -1.6744e+000
269 0 +4.815031869e-002 -4.585184968e+001 -4.585184968e+001 +4.8477e-002 -1.6689e+000
274 0 +3.398523127e-002 -4.586601477e+001 -4.586601477e+001 +7.4471e-002 -1.6701e+000
278 0 +2.609732413e-002 -4.587390268e+001 -4.587390268e+001 +1.2355e-001 -1.6723e+000
281 0 +8.179643569e-003 -4.589182036e+001 -4.589182036e+001 +9.3848e-002 -1.6711e+000
294 0 +5.137766747e-003 -4.589486223e+001 -4.589486223e+001 +8.1078e-002 -1.6705e+000
301 0 +9.269753419e-004 -4.589907302e+001 -4.589907302e+001 +4.8161e-002 -1.6691e+000
310 0 +7.250998769e-004 -4.589927490e+001 -4.589927490e+001 +4.0458e-002 -1.6688e+000
318 0 +4.801682265e-004 -4.589951983e+001 -4.589951983e+001 +2.9527e-002 -1.6684e+000
333 0 +4.127182005e-004 -4.589958728e+001 -4.589958728e+001 +4.3340e-002 -1.6689e+000
343 0 +1.465995726e-004 -4.589985340e+001 -4.589985340e+001 +4.4964e-002 -1.6690e+000
358 0 +1.139123224e-004 -4.589988609e+001 -4.589988609e+001 +3.9288e-002 -1.6688e+000
376 0 +5.058360653e-005 -4.589994942e+001 -4.589994942e+001 +3.7121e-002 -1.6687e+000
378 0 +3.349813201e-005 -4.589996650e+001 -4.589996650e+001 +3.8945e-002 -1.6688e+000
386 0 +3.008197481e-005 -4.589996992e+001 -4.589996992e+001 +4.3291e-002 -1.6689e+000
389 0 +2.076568295e-005 -4.589997923e+001 -4.589997923e+001 +3.9537e-002 -1.6688e+000
400 0 +6.289081824e-007 -4.589999937e+001 -4.589999937e+001 +4.0111e-002 -1.6688e+000
421 0 +2.595969661e-007 -4.589999974e+001 -4.589999974e+001 +4.0157e-002 -1.6688e+000
461 0 +1.002571537e-007 -4.589999990e+001 -4.589999990e+001 +4.0163e-002 -1.6688e+000
482 0 +8.216797909e-008 -4.589999992e+001 -4.589999992e+001 +4.0039e-002 -1.6688e+000
505 0 +6.798253338e-008 -4.589999993e+001 -4.589999993e+001 +3.9883e-002 -1.6688e+000
512 0 +1.732023946e-008 -4.589999998e+001 -4.589999998e+001 +3.9965e-002 -1.6688e+000
536 0 +9.107040455e-009 -4.589999999e+001 -4.589999999e+001 +3.9968e-002 -1.6688e+000
