% f evaluations | g evaluations | best noise-free fitness - Fopt (2.997000000000e+001) + sum g_i+ | measured fitness | best measured fitness or single-digit g-values | x1 | x2...
1 0 +1.608330177e+003 +1.638300177e+003 +1.638300177e+003 -4.7781e+000 -6.9487e-001 +3.2324e+000
2 0 +7.820516071e+002 +8.120216071e+002 +8.120216071e+002 +3.6330e+000 -6.1237e-001 +2.4891e-002
3 0 +5.473295145e+002 +5.772995145e+002 +5.772995145e+002 +6.4831e-001 -1.2195e+000 -3.3400e-001
7 0 +4.950439232e+002 +5.250139232e+002 +5.250139232e+002 -2.0261e+000 -4.6580e-001 -2.9576e+000
8 0 +1.480186688e+002 +1.779886688e+002 +1.779886688e+002 +8.1035e-001 -1.0047e+000 -5.0000e+000
9 0 +1.468016557e+002 +1.767716557e+002 +1.767716557e+002 +7.7497e-001 -1.0937e+000 -5.0000e+000
37 0 +2.961147577e+001 +5.958147577e+001 +5.958147577e+001 +1.1371e+000 -2.3553e+000 -3.2934e+000
78 0 +2.840434574e+001 +5.837434574e+001 +5.837434574e+001 +1.5011e+000 -2.5425e+000 -2.7561e+000
79 0 +2.389656387e+001 +5.386656387e+001 +5.386656387e+001 +1.1294e+000 -1.8449e+000 -3.3967e+000
84 0 +8.491829731e+000 +3.846182973e+001 +3.846182973e+001 +6.8997e-001 -1.3713e+000 -3.8901e+000
108 0 +6.648543257e+000 +3.661854326e+001 +3.661854326e+001 +6.8997e-001 -1.3735e+000 -3.9113e+000
132 0 +6.551885738e+000 +3.652188574e+001 +3.652188574e+001 +7.1355e-001 -1.4270e+000 -3.8540e+000
137 0 +5.273478956e+000 +3.524347896e+001 +3.524347896e+001 +5.4416e-001 -1.2069e+000 -4.0751e+000
152 0 +3.884650431e+000 +3.385465043e+001 +3.385465043e+001 +6.5345e-001 -1.3659e+000 -3.9352e+000
183 0 +3.773915737e+000 +3.374391574e+001 +3.374391574e+001 +7.1997e-001 -1.4409e+000 -3.8751e+000
185 0 +3.620171878e+000 +3.359017188e+001 +3.359017188e+001 +5.8581e-001 -1.2803e+000 -4.0229e+000
188 0 +2.492259824e+000 +3.246225982e+001 +3.246225982e+001 +5.7180e-001 -1.2613e+000 -4.0562e+000
191 0 +1.700861872e+000 +3.167086187e+001 +3.167086187e+001 +7.8252e-001 -1.5614e+000 -3.7738e+000
216 0 +1.069782485e+000 +3.103978248e+001 +3.103978248e+001 +8.3908e-001 -1.6419e+000 -3.7080e+000
244 0 +2.894834542e-001 +3.025948345e+001 +3.025948345e+001 +7.8682e-001 -1.5745e+000 -3.7765e+000
311 0 +1.972888005e-001 +3.016728880e+001 +3.016728880e+001 +7.9594e-001 -1.5874e+000 -3.7634e+000
319 0 +1.538187932e-001 +3.012381879e+001 +3.012381879e+001 +8.5559e-001 -1.6776e+000 -3.6844e+000
321 0 +1.343397628e-001 +3.010433976e+001 +3.010433976e+001 +8.1921e-001 -1.6224e+000 -3.7336e+000
334 0 +2.999766665e-002 +2.999999767e+001 +2.999999767e+001 +9.0743e-001 -1.7529e+000 -3.6175e+000
344 0 +2.657449477e-002 +2.999657449e+001 +2.999657449e+001 +8.6766e-001 -1.6939e+000 -3.6695e+000
394 0 +1.250430111e-002 +2.998250430e+001 +2.998250430e+001 +8.9391e-001 -1.7329e+000 -3.6352e+000
418 0 +1.114423999e-002 +2.998114424e+001 +2.998114424e+001 +8.9293e-001 -1.7314e+000 -3.6365e+000
425 0 +8.601576849e-003 +2.997860158e+001 +2.997860158e+001 +8.7994e-001 -1.7121e+000 -3.6536e+000
444 0 +3.556203076e-003 +2.997355620e+001 +2.997355620e+001 +8.7531e-001 -1.7054e+000 -3.6596e+000
470 0 +2.469247083e-003 +2.997246925e+001 +2.997246925e+001 +8.8011e-001 -1.7125e+000 -3.6533e+000
495 0 +1.956614597e-003 +2.997195661e+001 +2.997195661e+001 +8.7585e-001 -1.7062e+000 -3.6589e+000
540 0 +1.368327053e-003 +2.997136833e+001 +2.997136833e+001 +8.7219e-001 -1.7007e+000 -3.6637e+000
555 0 +2.321582879e-004 +2.997023216e+001 +2.997023216e+001 +8.7435e-001 -1.7039e+000 -3.6609e+000
569 0 +1.330651394e-004 +2.997013307e+001 +2.997013307e+001 +8.7574e-001 -1.7060e+000 -3.6590e+000
614 0 +4.252572344e-005 +2.997004253e+001 +2.997004253e+001 +8.7494e-001 -1.7048e+000 -3.6601e+000
629 0 +4.130733101e-005 +2.997004131e+001 +2.997004131e+001 +8.7523e-001 -1.7052e+000 -3.6597e+000
686 0 +3.333268094e-005 +2.997003333e+001 +2.997003333e+001 +8.7502e-001 -1.7049e+000 -3.6600e+000
718 0 +3.284009166e-005 +2.997003284e+001 +2.997003284e+001 +8.7530e-001 -1.7053e+000 -3.6596e+000
723 0 +6.081277327e-006 +2.997000608e+001 +2.997000608e+001 +8.7472e-001 -1.7045e+000 -3.6604e+000
787 0 +5.550439376e-006 +2.997000555e+001 +2.997000555e+001 +8.7477e-001 -1.7045e+000 -3.6603e+000
811 0 +4.553016023e-006 +2.997000455e+001 +2.997000455e+001 +8.7480e-001 -1.7046e+000 -3.6603e+000
813 0 +1.448031515e-006 +2.997000145e+001 +2.997000145e+001 +8.7454e-001 -1.7042e+000 -3.6606e+000
834 0 +1.311355785e-006 +2.997000131e+001 +2.997000131e+001 +8.7461e-001 -1.7043e+000 -3.6605e+000
844 0 +2.809157031e-007 +2.997000028e+001 +2.997000028e+001 +8.7443e-001 -1.7041e+000 -3.6608e+000
926 0 +2.267923804e-007 +2.997000023e+001 +2.997000023e+001 +8.7447e-001 -1.7041e+000 -3.6607e+000
929 0 +2.176306388e-007 +2.997000022e+001 +2.997000022e+001 +8.7448e-001 -1.7041e+000 -3.6607e+000
930 0 +8.409944741e-008 +2.997000008e+001 +2.997000008e+001 +8.7443e-001 -1.7040e+000 -3.6608e+000
942 0 +5.983142159e-008 +2.997000006e+001 +2.997000006e+001 +8.7442e-001 -1.7040e+000 -3.6608e+000
965 0 +4.697143652e-008 +2.997000005e+001 +2.997000005e+001 +8.7440e-001 -1.7040e+000 -3.6608e+000
978 0 +2.425227663e-008 +2.997000002e+001 +2.997000002e+001 +8.7438e-001 -1.7040e+000 -3.6608e+000
1022 0 +2.245793596e-008 +2.997000002e+001 +2.997000002e+001 +8.7440e-001 -1.7040e+000 -3.6608e+000
1026 0 +1.602275290e-008 +2.997000002e+001 +2.997000002e+001 +8.7438e-001 -1.7040e+000 -3.6608e+000
1063 0 +1.581293319e-008 +2.997000002e+001 +2.997000002e+001 +8.7440e-001 -1.7040e+000 -3.6608e+000
1072 0 +7.816478131e-009 +2.997000001e+001 +2.997000001e+001 +8.7439e-001 -1.7040e+000 -3.6608e+000
% f evaluations | g evaluations | best noise-free fitness - Fopt (-5.171000000000e+001) + sum g_i+ | measured fitness | best measured fitness or single-digit g-values | x1 | x2...
1 0 +1.429207238e+003 +1.377497238e+003 +1.377497238e+003 -4.2046e+000 +3.8888e+000 +3.0148e+000
3 0 +1.327163279e+003 +1.275453279e+003 +1.275453279e+003 -1.3973e+000 -3.6500e-001 -3.7638e+000
4 0 +1.308618288e+003 +1.256908288e+003 +1.256908288e+003 -4.4237e+000 +6.6861e-001 +1.0649e+000
8 0 +7.549872498e+002 +7.032772498e+002 +7.032772498e+002 -1.6912e+000 +2.0410e+000 -2.8565e-001
32 0 +6.344616928e+002 +5.827516928e+002 +5.827516928e+002 -1.6615e+000 +3.4067e+000 -4.8408e-001
39 0 +5.353784519e+002 +4.836684519e+002 +4.836684519e+002 +1.1479e+000 +1.3109e+000 -1.4328e+000
42 0 +4.357875639e+002 +3.840775639e+002 +3.840775639e+002 +4.4409e+000 +2.7711e-001 -1.8112e+000
54 0 +3.729436580e+002 +3.212336580e+002 +3.212336580e+002 +4.9618e+000 +3.5955e-001 -1.8112e+000
59 0 +8.482225342e+001 +3.311225342e+001 +3.311225342e+001 +4.7847e+000 +2.1463e+000 -2.7371e+000
75 0 +3.384449431e+001 -1.786550569e+001 -1.786550569e+001 +2.9483e+000 +3.0627e+000 -3.2416e+000
113 0 +1.513576475e+001 -3.657423525e+001 -3.657423525e+001 +3.4690e+000 +2.7511e+000 -3.3370e+000
122 0 +1.014260820e+001 -4.156739180e+001 -4.156739180e+001 +2.0604e+000 +3.3968e+000 -3.4777e+000
139 0 +8.773628152e+000 -4.293637185e+001 -4.293637185e+001 +2.7917e+000 +3.0501e+000 -3.3841e+000
164 0 +8.614012177e+000 -4.309598782e+001 -4.309598782e+001 +3.0477e+000 +2.9473e+000 -3.2851e+000
169 0 +4.698235402e+000 -4.701176460e+001 -4.701176460e+001 +3.3565e+000 +2.7962e+000 -3.2973e+000
170 0 +1.558280405e+000 -5.015171959e+001 -5.015171959e+001 +2.5140e+000 +3.1810e+000 -3.3766e+000
243 0 +4.442128020e-001 -5.126578720e+001 -5.126578720e+001 +2.7202e+000 +3.0820e+000 -3.3503e+000
304 0 +1.393920359e-001 -5.157060796e+001 -5.157060796e+001 +2.7539e+000 +3.0646e+000 -3.3451e+000
341 0 +5.112522423e-002 -5.165887478e+001 -5.165887478e+001 +2.7283e+000 +3.0762e+000 -3.3475e+000
344 0 +3.381100928e-002 -5.167618899e+001 -5.167618899e+001 +2.6680e+000 +3.1037e+000 -3.3545e+000
385 0 +2.846634843e-002 -5.168153365e+001 -5.168153365e+001 +2.6315e+000 +3.1203e+000 -3.3584e+000
403 0 +2.326044965e-002 -5.168673955e+001 -5.168673955e+001 +2.6870e+000 +3.0950e+000 -3.3522e+000
430 0 +2.285237650e-002 -5.168714762e+001 -5.168714762e+001 +2.6011e+000 +3.1342e+000 -3.3619e+000
431 0 +1.863939428e-002 -5.169136061e+001 -5.169136061e+001 +2.6641e+000 +3.1056e+000 -3.3549e+000
432 0 +9.953572052e-003 -5.170004643e+001 -5.170004643e+001 +2.6574e+000 +3.1086e+000 -3.3556e+000
442 0 +7.267686407e-003 -5.170273231e+001 -5.170273231e+001 +2.6375e+000 +3.1176e+000 -3.3578e+000
491 0 +6.315433384e-003 -5.170368457e+001 -5.170368457e+001 +2.6218e+000 +3.1247e+000 -3.3596e+000
492 0 +6.027382391e-003 -5.170397262e+001 -5.170397262e+001 +2.6188e+000 +3.1261e+000 -3.3599e+000
560 0 +5.987783238e-003 -5.170401222e+001 -5.170401222e+001 +2.6166e+000 +3.1271e+000 -3.3602e+000
562 0 +5.887513213e-003 -5.170411249e+001 -5.170411249e+001 +2.6195e+000 +3.1258e+000 -3.3598e+000
563 0 +5.118013456e-003 -5.170488199e+001 -5.170488199e+001 +2.6211e+000 +3.1250e+000 -3.3597e+000
572 0 +2.266582244e-003 -5.170773342e+001 -5.170773342e+001 +2.6159e+000 +3.1274e+000 -3.3603e+000
575 0 +1.327590454e-003 -5.170867241e+001 -5.170867241e+001 +2.6179e+000 +3.1265e+000 -3.3600e+000
578 0 +1.239568548e-003 -5.170876043e+001 -5.170876043e+001 +2.6017e+000 +3.1338e+000 -3.3619e+000
587 0 +1.148231952e-003 -5.170885177e+001 -5.170885177e+001 +2.6053e+000 +3.1322e+000 -3.3614e+000
588 0 +2.727774085e-004 -5.170972722e+001 -5.170972722e+001 +2.5954e+000 +3.1367e+000 -3.3626e+000
623 0 +2.337715997e-004 -5.170976623e+001 -5.170976623e+001 +2.6060e+000 +3.1319e+000 -3.3614e+000
648 0 +1.492304453e-004 -5.170985077e+001 -5.170985077e+001 +2.6010e+000 +3.1342e+000 -3.3619e+000
666 0 +6.919282988e-005 -5.170993081e+001 -5.170993081e+001 +2.6044e+000 +3.1326e+000 -3.3615e+000
683 0 +1.774874529e-005 -5.170998225e+001 -5.170998225e+001 +2.6047e+000 +3.1325e+000 -3.3615e+000
719 0 +1.097558397e-005 -5.170998902e+001 -5.170998902e+001 +2.6048e+000 +3.1325e+000 -3.3615e+000
734 0 +5.791198312e-006 -5.170999421e+001 -5.170999421e+001 +2.6039e+000 +3.1328e+000 -3.3616e+000
800 0 +1.893826585e-006 -5.170999811e+001 -5.170999811e+001 +2.6039e+000 +3.1329e+000 -3.3616e+000
889 0 +9.741384801e-007 -5.170999903e+001 -5.170999903e+001 +2.6042e+000 +3.1327e+000 -3.3616e+000
898 0 +8.486733449e-007 -5.170999915e+001 -5.170999915e+001 +2.6045e+000 +3.1326e+000 -3.3615e+000
934 0 +4.247753864e-007 -5.170999958e+001 -5.170999958e+001 +2.6043e+000 +3.1327e+000 -3.3616e+000
984 0 +3.156757131e-007 -5.170999968e+001 -5.170999968e+001 +2.6039e+000 +3.1329e+000 -3.3616e+000
1000 0 +1.030816961e-007 -5.170999990e+001 -5.170999990e+001 +2.6040e+000 +3.1328e+000 -3.3616e+000
1088 0 +9.061847095e-008 -5.170999991e+001 -5.170999991e+001 +2.6039e+000 +3.1328e+000 -3.3616e+000
1104 0 +8.749997704e-008 -5.170999991e+001 -5.170999991e+001 +2.6039e+000 +3.1328e+000 -3.3616e+000
1105 0 +9.909243204e-009 -5.170999999e+001 -5.170999999e+001 +2.6040e+000 +3.1328e+000 -3.3616e+000
% f evaluations | g evaluations | best noise-free fitness - Fopt (-2.799500000000e+002) + sum g_i+ | measured fitness | best measured fitness or single-digit g-values | x1 | x2...
1 0 +2.719216737e+003 +2.439266737e+003 +2.439266737e+003 -2.8277e+000 +2.5893e+000 -2.5556e+000
2 0 +2.005288971e+003 +1.725338971e+003 +1.725338971e+003 -2.3451e-001 +2.1946e+000 +1.5247e+000
4 0 +3.381485558e+002 +5.819855577e+001 +5.819855577e+001 -1.3846e+000 -3.2369e+000 +3.1133e+000
9 0 +5.284712724e+001 -2.271028728e+002 -2.271028728e+002 -2.1163e+000 -5.0000e+000 +2.1813e+000
24 0 +4.782926818e+001 -2.321207318e+002 -2.321207318e+002 -5.0000e+000 -3.0040e+000 +4.5389e+000
36 0 +3.606325312e+001 -2.438867469e+002 -2.438867469e+002 -4.5869e+000 -3.0965e+000 +4.1593e+000
62 0 +1.911909592e+001 -2.608309041e+002 -2.608309041e+002 -3.2374e+000 -4.2082e+000 +2.8964e+000
107 0 +1.826438583e+001 -2.616856142e+002 -2.616856142e+002 -3.3533e+000 -4.3589e+000 +2.7797e+000
121 0 +1.639199497e+001 -2.635580050e+002 -2.635580050e+002 -2.6538e+000 -4.7702e+000 +2.2671e+000
122 0 +1.040315672e+001 -2.695468433e+002 -2.695468433e+002 -3.1239e+000 -4.3219e+000 +2.8211e+000
127 0 +9.610121559e+000 -2.703398784e+002 -2.703398784e+002 -3.1030e+000 -4.4837e+000 +2.6473e+000
146 0 +6.521430042e+000 -2.734285700e+002 -2.734285700e+002 -2.8983e+000 -4.5843e+000 +2.5370e+000
151 0 +2.159261944e+000 -2.777907381e+002 -2.777907381e+002 -3.3478e+000 -4.2016e+000 +2.9946e+000
176 0 +2.102138944e+000 -2.778478611e+002 -2.778478611e+002 -3.4457e+000 -4.1242e+000 +3.0719e+000
191 0 +8.967061779e-001 -2.790532938e+002 -2.790532938e+002 -3.3949e+000 -4.1540e+000 +3.0452e+000
213 0 +4.618716491e-001 -2.794881284e+002 -2.794881284e+002 -3.4738e+000 -4.0880e+000 +3.1212e+000
247 0 +9.370675994e-002 -2.798562932e+002 -2.798562932e+002 -3.5576e+000 -4.0127e+000 +3.2127e+000
283 0 +6.296688102e-002 -2.798870331e+002 -2.798870331e+002 -3.5467e+000 -4.0230e+000 +3.2006e+000
292 0 +6.083227252e-002 -2.798891677e+002 -2.798891677e+002 -3.6423e+000 -3.9386e+000 +3.3016e+000
295 0 +3.303970874e-002 -2.799169603e+002 -2.799169603e+002 -3.6458e+000 -3.9347e+000 +3.3064e+000
309 0 +1.768103802e-002 -2.799323190e+002 -2.799323190e+002 -3.6287e+000 -3.9501e+000 +3.2877e+000
345 0 +1.118157834e-002 -2.799388184e+002 -2.799388184e+002 -3.6306e+000 -3.9484e+000 +3.2899e+000
378 0 +1.083016068e-002 -2.799391698e+002 -2.799391698e+002 -3.6030e+000 -3.9729e+000 +3.2605e+000
381 0 +6.745365212e-003 -2.799432546e+002 -2.799432546e+002 -3.6322e+000 -3.9470e+000 +3.2915e+000
382 0 +5.680338219e-003 -2.799443197e+002 -2.799443197e+002 -3.6279e+000 -3.9509e+000 +3.2869e+000
405 0 +1.737711761e-003 -2.799482623e+002 -2.799482623e+002 -3.6058e+000 -3.9705e+000 +3.2635e+000
414 0 +1.692813934e-003 -2.799483072e+002 -2.799483072e+002 -3.6188e+000 -3.9590e+000 +3.2773e+000
439 0 +1.149526899e-003 -2.799488505e+002 -2.799488505e+002 -3.6169e+000 -3.9606e+000 +3.2753e+000
482 0 +3.134459903e-004 -2.799496866e+002 -2.799496866e+002 -3.6217e+000 -3.9564e+000 +3.2803e+000
501 0 +2.991430724e-004 -2.799497009e+002 -2.799497009e+002 -3.6183e+000 -3.9593e+000 +3.2768e+000
522 0 +2.505999390e-004 -2.799497494e+002 -2.799497494e+002 -3.6167e+000 -3.9608e+000 +3.2751e+000
527 0 +1.309171379e-004 -2.799498691e+002 -2.799498691e+002 -3.6164e+000 -3.9611e+000 +3.2747e+000
559 0 +2.535735439e-005 -2.799499746e+002 -2.799499746e+002 -3.6183e+000 -3.9594e+000 +3.2768e+000
615 0 +4.954086535e-006 -2.799499950e+002 -2.799499950e+002 -3.6178e+000 -3.9599e+000 +3.2762e+000
639 0 +2.136240312e-006 -2.799499979e+002 -2.799499979e+002 -3.6176e+000 -3.9600e+000 +3.2760e+000
658 0 +1.685770428e-006 -2.799499983e+002 -2.799499983e+002 -3.6176e+000 -3.9600e+000 +3.2760e+000
686 0 +1.533655450e-006 -2.799499985e+002 -2.799499985e+002 -3.6175e+000 -3.9601e+000 +3.2759e+000
736 0 +1.267909568e-006 -2.799499987e+002 -2.799499987e+002 -3.6176e+000 -3.9600e+000 +3.2760e+000
748 0 +1.051193919e-006 -2.799499989e+002 -2.799499989e+002 -3.6176e+000 -3.9600e+000 +3.2760e+000
751 0 +1.127885980e-007 -2.799499999e+002 -2.799499999e+002 -3.6176e+000 -3.9600e+000 +3.2760e+000
806 0 +8.586988542e-008 -2.799499999e+002 -2.799499999e+002 -3.6177e+000 -3.9599e+000 +3.2761e+000
849 0 +8.438433952e-008 -2.799499999e+002 -2.799499999e+002 -3.6176e+000 -3.9600e+000 +3.2760e+000
860 0 +2.531510290e-008 -2.799500000e+002 -2.799500000e+002 -3.6176e+000 -3.9600e+000 +3.2760e+000
984 0 +8.765709936e-009 -2.799500000e+002 -2.799500000e+002 -3.6176e+000 -3.9600e+000 +3.2760e+000
% f evaluations | g evaluations | best noise-free fitness - Fopt (9.319900000000e+002) + sum g_i+ | measured fitness | best measured fitness or single-digit g-values | x1 | x2...
1 0 +1.357481625e+003 +2.289471625e+003 +2.289471625e+003 -4.2531e+000 +2.1332e+000 +2.4879e+000
3 0 +1.070299630e+003 +2.002289630e+003 +2.002289630e+003 +2.6269e+000 -4.3418e+000 -2.7101e+000
6 0 +6.882810689e+002 +1.620271069e+003 +1.620271069e+003 -1.4478e+000 -3.0243e+000 -2.0027e+000
7 0 +4.823796126e+002 +1.414369613e+003 +1.414369613e+003 -1.6565e+000 -1.3502e+000 +4.7811e+000
8 0 +3.602948468e+002 +1.292284847e+003 +1.292284847e+003 -7.8996e-001 -5.0000e+000 +5.0000e+000
9 0 +2.836925172e+002 +1.215682517e+003 +1.215682517e+003 -6.8337e-001 -4.3002e+000 +5.0000e+000
21 0 +2.582875024e+002 +1.190277502e+003 +1.190277502e+003 -1.1972e+000 -4.6543e+000 +4.5631e+000
34 0 +2.529497658e+002 +1.184939766e+003 +1.184939766e+003 -2.6057e-001 -1.7833e-001 +3.3432e+000
40 0 +2.349688553e+002 +1.166958855e+003 +1.166958855e+003 -3.7980e-001 -1.3386e+000 +2.3812e+000
46 0 +2.192805344e+002 +1.151270534e+003 +1.151270534e+003 +2.3048e-001 +6.2324e-001 +3.6895e+000
49 0 +2.163638378e+002 +1.148353838e+003 +1.148353838e+003 -8.9935e-001 -3.4522e+000 +4.0615e+000
54 0 +1.430371891e+002 +1.075027189e+003 +1.075027189e+003 +1.5318e+000 +1.6089e+000 +4.1917e+000
65 0 +7.053125967e+001 +1.002521260e+003 +1.002521260e+003 +7.0756e-001 +2.6164e-002 +3.5484e+000
89 0 +4.222651122e+001 +9.742165112e+002 +9.742165112e+002 +9.5327e-001 +2.6164e-002 +2.7893e+000
98 0 +2.031326368e+001 +9.523032637e+002 +9.523032637e+002 +1.1329e+000 +6.1302e-001 +3.0699e+000
124 0 +1.210989301e+001 +9.440998930e+002 +9.440998930e+002 +8.8075e-001 -2.1621e-001 +3.2624e+000
129 0 +6.067716813e+000 +9.380577168e+002 +9.380577168e+002 +1.2804e+000 +8.0920e-001 +2.9785e+000
191 0 +5.209827992e+000 +9.371998280e+002 +9.371998280e+002 +1.1215e+000 +3.8097e-001 +3.0395e+000
201 0 +4.792228677e+000 +9.367822287e+002 +9.367822287e+002 +1.2849e+000 +8.0920e-001 +2.9488e+000
219 0 +3.012330825e+000 +9.350023308e+002 +9.350023308e+002 +1.4413e+000 +1.1148e+000 +2.8879e+000
220 0 +1.944021844e+000 +9.339340218e+002 +9.339340218e+002 +1.1686e+000 +4.9182e-001 +3.0491e+000
228 0 +1.296893393e+000 +9.332868934e+002 +9.332868934e+002 +1.4413e+000 +1.1148e+000 +2.8586e+000
249 0 +9.838799208e-001 +9.329738799e+002 +9.329738799e+002 +1.3175e+000 +8.2562e-001 +2.9508e+000
283 0 +8.916217172e-001 +9.328816217e+002 +9.328816217e+002 +1.2791e+000 +7.3803e-001 +2.9752e+000
287 0 +6.379207432e-001 +9.326279207e+002 +9.326279207e+002 +1.2833e+000 +7.5451e-001 +2.9720e+000
296 0 +5.258660874e-001 +9.325158661e+002 +9.325158661e+002 +1.3390e+000 +8.8170e-001 +2.9250e+000
298 0 +3.746022370e-001 +9.323646022e+002 +9.323646022e+002 +1.2972e+000 +7.8358e-001 +2.9571e+000
309 0 +1.904139657e-001 +9.321804140e+002 +9.321804140e+002 +1.3197e+000 +8.3847e-001 +2.9408e+000
329 0 +9.107232904e-002 +9.320810723e+002 +9.320810723e+002 +1.3279e+000 +8.5779e-001 +2.9373e+000
358 0 +7.802778814e-002 +9.320680278e+002 +9.320680278e+002 +1.3253e+000 +8.5185e-001 +2.9389e+000
362 0 +6.938189260e-002 +9.320593819e+002 +9.320593819e+002 +1.3606e+000 +9.3539e-001 +2.9151e+000
364 0 +6.693011163e-002 +9.320569301e+002 +9.320569301e+002 +1.3617e+000 +9.3720e-001 +2.9143e+000
371 0 +5.195846329e-002 +9.320419585e+002 +9.320419585e+002 +1.3388e+000 +8.8466e-001 +2.9290e+000
376 0 +4.083530251e-002 +9.320308353e+002 +9.320308353e+002 +1.3220e+000 +8.4460e-001 +2.9406e+000
378 0 +2.326434769e-002 +9.320132643e+002 +9.320132643e+002 +1.3243e+000 +8.5001e-001 +2.9390e+000
399 0 +1.901877436e-002 +9.320090188e+002 +9.320090188e+002 +1.3495e+000 +9.0917e-001 +2.9222e+000
403 0 +1.815453909e-002 +9.320081545e+002 +9.320081545e+002 +1.3558e+000 +9.2392e-001 +2.9178e+000
409 0 +8.001060209e-003 +9.319980011e+002 +9.319980011e+002 +1.3427e+000 +8.9311e-001 +2.9267e+000
431 0 +3.171527016e-003 +9.319931715e+002 +9.319931715e+002 +1.3394e+000 +8.8567e-001 +2.9289e+000
484 0 +2.062041647e-003 +9.319920620e+002 +9.319920620e+002 +1.3377e+000 +8.8165e-001 +2.9301e+000
493 0 +6.975648530e-004 +9.319906976e+002 +9.319906976e+002 +1.3396e+000 +8.8592e-001 +2.9288e+000
529 0 +5.169550667e-004 +9.319905170e+002 +9.319905170e+002 +1.3395e+000 +8.8589e-001 +2.9288e+000
551 0 +4.378949902e-004 +9.319904379e+002 +9.319904379e+002 +1.3378e+000 +8.8190e-001 +2.9300e+000
559 0 +5.922064554e-005 +9.319900592e+002 +9.319900592e+002 +1.3387e+000 +8.8401e-001 +2.9294e+000
595 0 +2.648784118e-005 +9.319900265e+002 +9.319900265e+002 +1.3387e+000 +8.8401e-001 +2.9294e+000
642 0 +1.912414996e-005 +9.319900191e+002 +9.319900191e+002 +1.3384e+000 +8.8317e-001 +2.9296e+000
669 0 +2.597180469e-006 +9.319900026e+002 +9.319900026e+002 +1.3382e+000 +8.8273e-001 +2.9297e+000
714 0 +1.881486014e-006 +9.319900019e+002 +9.319900019e+002 +1.3383e+000 +8.8290e-001 +2.9297e+000
734 0 +1.310996140e-006 +9.319900013e+002 +9.319900013e+002 +1.3383e+000 +8.8308e-001 +2.9296e+000
739 0 +7.653420653e-007 +9.319900008e+002 +9.319900008e+002 +1.3383e+000 +8.8292e-001 +2.9297e+000
775 0 +3.921011285e-007 +9.319900004e+002 +9.319900004e+002 +1.3383e+000 +8.8307e-001 +2.9296e+000
796 0 +3.675329481e-007 +9.319900004e+002 +9.319900004e+002 +1.3383e+000 +8.8305e-001 +2.9296e+000
804 0 +1.589399972e-007 +9.319900002e+002 +9.319900002e+002 +1.3383e+000 +8.8308e-001 +2.9296e+000
845 0 +1.098617304e-007 +9.319900001e+002 +9.319900001e+002 +1.3384e+000 +8.8317e-001 +2.9296e+000
857 0 +6.067466529e-008 +9.319900001e+002 +9.319900001e+002 +1.3384e+000 +8.8314e-001 +2.9296e+000
908 0 +3.259924597e-008 +9.319900000e+002 +9.319900000e+002 +1.3384e+000 +8.8315e-001 +2.9296e+000
919 0 +1.608077582e-008 +9.319900000e+002 +9.319900000e+002 +1.3384e+000 +8.8316e-001 +2.9296e+000
966 0 +7.689891390e-009 +9.319900000e+002 +9.319900000e+002 +1.3384e+000 +8.8318e-001 +2.9296e+000
% f evaluations | g evaluations | best noise-free fitness - Fopt (1.133100000000e+002) + sum g_i+ | measured fitness | best measured fitness or single-digit g-values | x1 | x2...
1 0 +1.288510468e+003 +1.401820468e+003 +1.401820468e+003 -3.2092e+000 +2.8313e+000 -1.4579e+000
2 0 +8.243155411e+002 +9.376255411e+002 +9.376255411e+002 -3.0798e-001 +1.2208e+000 -1.5021e+000
4 0 +5.943925222e+002 +7.077025222e+002 +7.077025222e+002 +2.3670e+000 +4.5004e+000 +4.1061e+000
5 0 +5.028391594e+002 +6.161491594e+002 +6.161491594e+002 +5.0000e+000 +5.0000e+000 -5.0000e+000
9 0 +4.267617559e+002 +5.400717559e+002 +5.400717559e+002 +4.0952e+000 +5.0000e+000 -3.8119e-001
11 0 +3.809005033e+002 +4.942105033e+002 +4.942105033e+002 +3.4075e+000 +2.7986e+000 +2.2564e+000
12 0 +3.595190356e+002 +4.728290356e+002 +4.728290356e+002 +3.5630e+000 +3.8016e+000 +1.0791e+000
21 0 +2.590970774e+002 +3.724070774e+002 +3.724070774e+002 +2.2550e+000 +4.7900e+000 +1.1548e+000
23 0 +2.220875987e+002 +3.353975987e+002 +3.353975987e+002 +1.8494e+000 -5.3664e-001 +3.8912e+000
31 0 +1.128450953e+002 +2.261550953e+002 +2.261550953e+002 +2.6125e+000 +1.8169e+000 +1.7488e+000
44 0 +4.598308055e+001 +1.592930806e+002 +1.592930806e+002 +2.2750e+000 +2.2839e+000 +1.0340e+000
51 0 +3.260788843e+001 +1.459178884e+002 +1.459178884e+002 +2.0149e+000 +2.1315e+000 +1.5654e+000
111 0 +2.621346769e+001 +1.395234677e+002 +1.395234677e+002 +2.1833e+000 +2.2022e+000 +1.4975e+000
125 0 +2.082102593e+001 +1.341310259e+002 +1.341310259e+002 +2.0750e+000 +2.3176e+000 +1.5759e+000
143 0 +1.628998168e+001 +1.295999817e+002 +1.295999817e+002 +2.0876e+000 +2.1924e+000 +1.6279e+000
147 0 +1.246286339e+001 +1.257728634e+002 +1.257728634e+002 +2.0967e+000 +2.3397e+000 +1.4037e+000
171 0 +1.209181252e+001 +1.254018125e+002 +1.254018125e+002 +2.0618e+000 +2.4081e+000 +1.3966e+000
188 0 +1.077358016e+001 +1.240835802e+002 +1.240835802e+002 +2.1152e+000 +2.4016e+000 +1.3470e+000
196 0 +8.980618028e+000 +1.222906180e+002 +1.222906180e+002 +2.0912e+000 +2.4140e+000 +1.3834e+000
222 0 +7.900945125e+000 +1.212109451e+002 +1.212109451e+002 +2.0963e+000 +2.4887e+000 +1.2707e+000
225 0 +7.516672476e+000 +1.208266725e+002 +1.208266725e+002 +2.0965e+000 +2.6185e+000 +1.1260e+000
227 0 +6.818615315e+000 +1.201286153e+002 +1.201286153e+002 +2.1013e+000 +2.6185e+000 +1.1260e+000
232 0 +4.683023201e+000 +1.179930232e+002 +1.179930232e+002 +2.1040e+000 +2.6342e+000 +1.1260e+000
252 0 +4.107950376e+000 +1.174179504e+002 +1.174179504e+002 +2.1090e+000 +2.7640e+000 +9.8122e-001
260 0 +3.691054625e+000 +1.170010546e+002 +1.170010546e+002 +2.1052e+000 +2.6714e+000 +1.0997e+000
268 0 +3.546335161e+000 +1.168563352e+002 +1.168563352e+002 +2.1075e+000 +2.7971e+000 +9.5407e-001
271 0 +3.231168903e+000 +1.165411689e+002 +1.165411689e+002 +2.1102e+000 +2.9300e+000 +8.1433e-001
277 0 +3.127946522e+000 +1.164379465e+002 +1.164379465e+002 +2.1112e+000 +2.9015e+000 +8.4227e-001
288 0 +1.693989111e+000 +1.150039891e+002 +1.150039891e+002 +2.1179e+000 +2.8295e+000 +9.2491e-001
317 0 +1.400516566e+000 +1.147105166e+002 +1.147105166e+002 +2.1221e+000 +2.8876e+000 +8.6300e-001
318 0 +1.212709917e+000 +1.145227099e+002 +1.145227099e+002 +2.1224e+000 +2.9028e+000 +8.4412e-001
325 0 +1.132658331e+000 +1.144426583e+002 +1.144426583e+002 +2.1199e+000 +2.9488e+000 +7.9986e-001
341 0 +8.657195442e-001 +1.141757195e+002 +1.141757195e+002 +2.1235e+000 +2.9447e+000 +8.0432e-001
358 0 +5.627178899e-001 +1.138727179e+002 +1.138727179e+002 +2.1237e+000 +2.9605e+000 +7.8640e-001
396 0 +5.552247619e-001 +1.138652248e+002 +1.138652248e+002 +2.1245e+000 +2.9726e+000 +7.7402e-001
418 0 +5.428364315e-001 +1.138528364e+002 +1.138528364e+002 +2.1239e+000 +2.9624e+000 +7.8425e-001
419 0 +5.138001534e-001 +1.138238002e+002 +1.138238002e+002 +2.1242e+000 +2.9704e+000 +7.7593e-001
422 0 +4.912614255e-001 +1.138012614e+002 +1.138012614e+002 +2.1245e+000 +2.9752e+000 +7.7078e-001
425 0 +4.544798116e-001 +1.137644798e+002 +1.137644798e+002 +2.1250e+000 +2.9832e+000 +7.6238e-001
438 0 +4.421514459e-001 +1.137521514e+002 +1.137521514e+002 +2.1259e+000 +3.0003e+000 +7.4477e-001
447 0 +3.784725522e-001 +1.136884726e+002 +1.136884726e+002 +2.1279e+000 +3.0338e+000 +7.0965e-001
450 0 +3.246928387e-001 +1.136346928e+002 +1.136346928e+002 +2.1292e+000 +3.0516e+000 +6.9029e-001
474 0 +3.035116095e-001 +1.136135116e+002 +1.136135116e+002 +2.1301e+000 +3.0669e+000 +6.7408e-001
486 0 +2.902268208e-001 +1.136002268e+002 +1.136002268e+002 +2.1304e+000 +3.0690e+000 +6.7142e-001
489 0 +2.841580078e-001 +1.135941580e+002 +1.135941580e+002 +2.1324e+000 +3.1001e+000 +6.3865e-001
504 0 +2.627232933e-001 +1.135727233e+002 +1.135727233e+002 +2.1328e+000 +3.1059e+000 +6.3200e-001
505 0 +2.516145879e-001 +1.135616146e+002 +1.135616146e+002 +2.1327e+000 +3.1043e+000 +6.3356e-001
506 0 +2.508953225e-001 +1.135608953e+002 +1.135608953e+002 +2.1307e+000 +3.0715e+000 +6.6820e-001
511 0 +2.393382296e-001 +1.135493382e+002 +1.135493382e+002 +2.1336e+000 +3.1202e+000 +6.1689e-001
514 0 +1.397833437e-001 +1.134497833e+002 +1.134497833e+002 +2.1320e+000 +3.0981e+000 +6.3902e-001
523 0 +2.415851250e-002 +1.133341585e+002 +1.133341585e+002 +2.1334e+000 +3.1316e+000 +6.0403e-001
541 0 +1.123889217e-002 +1.133212389e+002 +1.133212389e+002 +2.1361e+000 +3.1827e+000 +5.4972e-001
572 0 +9.748428471e-003 +1.133197484e+002 +1.133197484e+002 +2.1356e+000 +3.1732e+000 +5.5990e-001
609 0 +8.795438236e-003 +1.133187954e+002 +1.133187954e+002 +2.1349e+000 +3.1598e+000 +5.7410e-001
620 0 +7.058624714e-003 +1.133170586e+002 +1.133170586e+002 +2.1348e+000 +3.1587e+000 +5.7530e-001
628 0 +6.984717392e-004 +1.133106985e+002 +1.133106985e+002 +2.1353e+000 +3.1670e+000 +5.6649e-001
678 0 +2.452891747e-004 +1.133102453e+002 +1.133102453e+002 +2.1353e+000 +3.1666e+000 +5.6695e-001
726 0 +1.322962811e-004 +1.133101323e+002 +1.133101323e+002 +2.1352e+000 +3.1663e+000 +5.6724e-001
769 0 +1.088768580e-004 +1.133101089e+002 +1.133101089e+002 +2.1352e+000 +3.1660e+000 +5.6757e-001
787 0 +1.053566118e-005 +1.133100105e+002 +1.133100105e+002 +2.1352e+000 +3.1659e+000 +5.6769e-001
795 0 +3.016744259e-006 +1.133100030e+002 +1.133100030e+002 +2.1352e+000 +3.1656e+000 +5.6804e-001
875 0 +8.351070022e-007 +1.133100008e+002 +1.133100008e+002 +2.1352e+000 +3.1656e+000 +5.6799e-001
1005 0 +5.213840382e-007 +1.133100005e+002 +1.133100005e+002 +2.1352e+000 +3.1657e+000 +5.6793e-001
1086 0 +2.612671040e-007 +1.133100003e+002 +1.133100003e+002 +2.1352e+000 +3.1657e+000 +5.6791e-001
1109 0 +2.446605549e-007 +1.133100002e+002 +1.133100002e+002 +2.1352e+000 +3.1656e+000 +5.6795e-001
1148 0 +1.760902535e-007 +1.133100002e+002 +1.133100002e+002 +2.1352e+000 +3.1657e+000 +5.6789e-001
1174 0 +1.092504789e-007 +1.133100001e+002 +1.133100001e+002 +2.1352e+000 +3.1656e+000 +5.6797e-001
1246 0 +7.878209374e-008 +1.133100001e+002 +1.133100001e+002 +2.1352e+000 +3.1656e+000 +5.6796e-001
1250 0 +6.670745734e-008 +1.133100001e+002 +1.133100001e+002 +2.1352e+000 +3.1656e+000 +5.6797e-001
1265 0 +3.963789652e-008 +1.133100000e+002 +1.133100000e+002 +2.1352e+000 +3.1656e+000 +5.6797e-001
1292 0 +3.161969175e-008 +1.133100000e+002 +1.133100000e+002 +2.1352e+000 +3.1656e+000 +5.6798e-001
1323 0 +1.068640643e-008 +1.133100000e+002 +1.133100000e+002 +2.1352e+000 +3.1656e+000 +5.6799e-001
1350 0 +6.553364074e-009 +1.133100000e+002 +1.133100000e+002 +2.1352e+000 +3.1656e+000 +5.6798e-001
% f evaluations | g evaluations | best noise-free fitness - Fopt (2.849000000000e+001) + sum g_i+ | measured fitness | best measured fitness or single-digit g-values | x1 | x2...
1 0 +1.233612857e+003 +1.262102857e+003 +1.262102857e+003 -4.3361e+000 +1.3747e+000 -3.3905e+000
3 0 +6.486644776e+002 +6.771544776e+002 +6.771544776e+002 +1.9625e+000 -4.7394e+000 +1.5927e+000
8 0 +5.841182829e+001 +8.690182829e+001 +8.690182829e+001 -1.5156e+000 -2.5701e+000 +9.2673e-003
20 0 +5.164945477e+001 +8.013945477e+001 +8.013945477e+001 -1.7140e+000 -2.5406e+000 -2.9567e-002
54 0 +1.320887757e+001 +4.169887757e+001 +4.169887757e+001 -1.4007e+000 -2.2670e+000 -3.7709e-002
104 0 +1.269011134e+001 +4.118011134e+001 +4.118011134e+001 -1.2346e+000 -2.0620e+000 +1.7468e-003
144 0 +1.083646399e+001 +3.932646399e+001 +3.932646399e+001 -8.6458e-001 -1.9128e+000 +1.1309e-001
151 0 +4.038353321e+000 +3.252835332e+001 +3.252835332e+001 -1.3383e+000 -2.2324e+000 -5.1003e-002
155 0 +1.581843206e+000 +3.007184321e+001 +3.007184321e+001 -8.1808e-001 -1.9647e+000 +7.6580e-002
229 0 +7.789004050e-001 +2.926890041e+001 +2.926890041e+001 -8.3359e-001 -1.9727e+000 +7.5264e-002
242 0 +3.924435192e-001 +2.888244352e+001 +2.888244352e+001 -7.0798e-001 -1.9054e+000 +1.1042e-001
249 0 +6.863377567e-002 +2.855863378e+001 +2.855863378e+001 -6.7616e-001 -1.8836e+000 +1.2039e-001
354 0 +6.041557020e-002 +2.855041557e+001 +2.855041557e+001 -6.6999e-001 -1.8802e+000 +1.2185e-001
364 0 +2.818392812e-002 +2.851818393e+001 +2.851818393e+001 -6.1408e-001 -1.8500e+000 +1.3704e-001
398 0 +7.803458732e-003 +2.849780346e+001 +2.849780346e+001 -6.2684e-001 -1.8571e+000 +1.3350e-001
426 0 +4.121690262e-003 +2.849412169e+001 +2.849412169e+001 -6.2694e-001 -1.8570e+000 +1.3346e-001
460 0 +1.081828695e-004 +2.849010818e+001 +2.849010818e+001 -6.2227e-001 -1.8545e+000 +1.3472e-001
567 0 +9.756809200e-005 +2.849009757e+001 +2.849009757e+001 -6.2514e-001 -1.8561e+000 +1.3394e-001
623 0 +2.608870502e-005 +2.849002609e+001 +2.849002609e+001 -6.2656e-001 -1.8569e+000 +1.3356e-001
658 0 +2.304306468e-005 +2.849002304e+001 +2.849002304e+001 -6.2613e-001 -1.8567e+000 +1.3367e-001
668 0 +1.594800856e-005 +2.849001595e+001 +2.849001595e+001 -6.2638e-001 -1.8568e+000 +1.3361e-001
688 0 +1.375053221e-005 +2.849001375e+001 +2.849001375e+001 -6.2670e-001 -1.8570e+000 +1.3352e-001
695 0 +9.583688609e-006 +2.849000958e+001 +2.849000958e+001 -6.2639e-001 -1.8568e+000 +1.3360e-001
699 0 +9.358168619e-006 +2.849000936e+001 +2.849000936e+001 -6.2677e-001 -1.8570e+000 +1.3350e-001
702 0 +2.298878218e-006 +2.849000230e+001 +2.849000230e+001 -6.2626e-001 -1.8567e+000 +1.3364e-001
734 0 +1.823999384e-006 +2.849000182e+001 +2.849000182e+001 -6.2611e-001 -1.8566e+000 +1.3368e-001
767 0 +4.405241896e-007 +2.849000044e+001 +2.849000044e+001 -6.2654e-001 -1.8569e+000 +1.3356e-001
797 0 +4.158775901e-007 +2.849000042e+001 +2.849000042e+001 -6.2653e-001 -1.8569e+000 +1.3356e-001
818 0 +1.860004666e-007 +2.849000019e+001 +2.849000019e+001 -6.2640e-001 -1.8568e+000 +1.3360e-001
842 0 +1.759275001e-007 +2.849000018e+001 +2.849000018e+001 -6.2640e-001 -1.8568e+000 +1.3360e-001
890 0 +1.625241133e-007 +2.849000016e+001 +2.849000016e+001 -6.2637e-001 -1.8568e+000 +1.3361e-001
913 0 +8.941289664e-008 +2.849000009e+001 +2.849000009e+001 -6.2642e-001 -1.8568e+000 +1.3360e-001
915 0 +8.039139132e-008 +2.849000008e+001 +2.849000008e+001 -6.2644e-001 -1.8568e+000 +1.3359e-001
932 0 +7.495863485e-008 +2.849000007e+001 +2.849000007e+001 -6.2638e-001 -1.8568e+000 +1.3360e-001
960 0 +4.334338399e-008 +2.849000004e+001 +2.849000004e+001 -6.2645e-001 -1.8568e+000 +1.3359e-001
1007 0 +1.780258074e-008 +2.849000002e+001 +2.849000002e+001 -6.2643e-001 -1.8568e+000 +1.3359e-001
1019 0 +1.354142753e-008 +2.849000001e+001 +2.849000001e+001 -6.2640e-001 -1.8568e+000 +1.3360e-001
1040 0 +1.102663916e-008 +2.849000001e+001 +2.849000001e+001 -6.2638e-001 -1.8568e+000 +1.3360e-001
1052 0 +1.061559374e-008 +2.849000001e+001 +2.849000001e+001 -6.2637e-001 -1.8568e+000 +1.3361e-001
1059 0 +8.293699949e-009 +2.849000001e+001 +2.849000001e+001 -6.2639e-001 -1.8568e+000 +1.3360e-001
% f evaluations | g evaluations | best noise-free fitness - Fopt (-7.405800000000e+002) + sum g_i+ | measured fitness | best measured fitness or single-digit g-values | x1 | x2...
1 0 +1.115200298e+003 +3.746202976e+002 +3.746202976e+002 -3.5051e+000 +4.5800e+000 +2.4964e+000
3 0 +1.004454728e+003 +2.638747281e+002 +2.638747281e+002 +3.5527e+000 -1.0593e+000 -4.5247e+000
8 0 +3.099904250e+002 -4.305895750e+002 -4.305895750e+002 -5.0000e+000 -2.6099e-001 -3.9256e-001
9 0 +1.209624899e+002 -6.196175101e+002 -6.196175101e+002 -2.4209e+000 -6.2851e-001 -2.6951e+000
24 0 +7.890773002e+001 -6.616722700e+002 -6.616722700e+002 -2.9521e+000 -7.4239e-001 -1.5113e+000
26 0 +4.110930886e+001 -6.994706911e+002 -6.994706911e+002 -1.9423e+000 +1.1979e-001 -2.5550e+000
51 0 +2.630250886e+001 -7.142774911e+002 -7.142774911e+002 -1.7780e+000 -1.2195e-001 -2.8461e+000
68 0 +7.184151213e-001 -7.398615849e+002 -7.398615849e+002 -1.8230e+000 -4.5147e-002 -2.6270e+000
149 0 +4.814206760e-001 -7.400985793e+002 -7.400985793e+002 -1.7018e+000 -1.1956e-002 -2.7703e+000
178 0 +3.579669139e-001 -7.402220331e+002 -7.402220331e+002 -1.8458e+000 -4.6384e-002 -2.6012e+000
188 0 +2.735865257e-001 -7.403064135e+002 -7.403064135e+002 -1.7483e+000 -2.2613e-002 -2.7133e+000
206 0 +1.540951080e-001 -7.404259049e+002 -7.404259049e+002 -1.7797e+000 -2.9600e-002 -2.6781e+000
210 0 +1.184375259e-001 -7.404615625e+002 -7.404615625e+002 -1.7528e+000 -2.2613e-002 -2.7091e+000
221 0 +6.192465241e-002 -7.405180753e+002 -7.405180753e+002 -1.7454e+000 -2.1333e-002 -2.7186e+000
234 0 +5.444901996e-002 -7.405255510e+002 -7.405255510e+002 -1.8185e+000 -4.0656e-002 -2.6338e+000
244 0 +5.269384610e-002 -7.405273062e+002 -7.405273062e+002 -1.7461e+000 -2.1221e-002 -2.7175e+000
250 0 +3.298915911e-002 -7.405470108e+002 -7.405470108e+002 -1.7349e+000 -1.8502e-002 -2.7305e+000
267 0 +2.025069930e-002 -7.405597493e+002 -7.405597493e+002 -1.7586e+000 -2.4858e-002 -2.7028e+000
311 0 +4.186279944e-003 -7.405758137e+002 -7.405758137e+002 -1.7506e+000 -2.2624e-002 -2.7122e+000
348 0 +3.094341215e-003 -7.405769057e+002 -7.405769057e+002 -1.7564e+000 -2.4176e-002 -2.7054e+000
360 0 +1.893275702e-003 -7.405781067e+002 -7.405781067e+002 -1.7577e+000 -2.4506e-002 -2.7039e+000
372 0 +1.324185102e-003 -7.405786758e+002 -7.405786758e+002 -1.7530e+000 -2.3255e-002 -2.7094e+000
397 0 +1.058963182e-003 -7.405789410e+002 -7.405789410e+002 -1.7533e+000 -2.3328e-002 -2.7091e+000
400 0 +7.089583931e-004 -7.405792910e+002 -7.405792910e+002 -1.7520e+000 -2.2996e-002 -2.7105e+000
407 0 +6.011533741e-004 -7.405793988e+002 -7.405793988e+002 -1.7542e+000 -2.3579e-002 -2.7080e+000
416 0 +4.900660679e-004 -7.405795099e+002 -7.405795099e+002 -1.7535e+000 -2.3392e-002 -2.7088e+000
425 0 +1.990521232e-004 -7.405798009e+002 -7.405798009e+002 -1.7526e+000 -2.3151e-002 -2.7098e+000
435 0 +1.057846827e-004 -7.405798942e+002 -7.405798942e+002 -1.7528e+000 -2.3190e-002 -2.7096e+000
436 0 +9.611133123e-005 -7.405799039e+002 -7.405799039e+002 -1.7521e+000 -2.3001e-002 -2.7105e+000
449 0 +8.623272606e-005 -7.405799138e+002 -7.405799138e+002 -1.7530e+000 -2.3256e-002 -2.7094e+000
457 0 +8.096791885e-005 -7.405799190e+002 -7.405799190e+002 -1.7526e+000 -2.3152e-002 -2.7098e+000
473 0 +6.094405398e-005 -7.405799391e+002 -7.405799391e+002 -1.7530e+000 -2.3244e-002 -2.7094e+000
474 0 +2.635960357e-005 -7.405799736e+002 -7.405799736e+002 -1.7530e+000 -2.3246e-002 -2.7094e+000
489 0 +1.748940599e-005 -7.405799825e+002 -7.405799825e+002 -1.7527e+000 -2.3166e-002 -2.7097e+000
503 0 +1.377549165e-005 -7.405799862e+002 -7.405799862e+002 -1.7523e+000 -2.3061e-002 -2.7102e+000
510 0 +1.080645222e-005 -7.405799892e+002 -7.405799892e+002 -1.7526e+000 -2.3143e-002 -2.7098e+000
527 0 +9.023300663e-006 -7.405799910e+002 -7.405799910e+002 -1.7528e+000 -2.3209e-002 -2.7096e+000
533 0 +6.227272820e-006 -7.405799938e+002 -7.405799938e+002 -1.7529e+000 -2.3239e-002 -2.7094e+000
549 0 +4.585994930e-006 -7.405799954e+002 -7.405799954e+002 -1.7528e+000 -2.3212e-002 -2.7095e+000
561 0 +2.389177780e-006 -7.405799976e+002 -7.405799976e+002 -1.7529e+000 -2.3223e-002 -2.7095e+000
566 0 +2.040429422e-006 -7.405799980e+002 -7.405799980e+002 -1.7530e+000 -2.3248e-002 -2.7094e+000
574 0 +1.946584007e-006 -7.405799981e+002 -7.405799981e+002 -1.7529e+000 -2.3228e-002 -2.7095e+000
596 0 +6.530927976e-007 -7.405799993e+002 -7.405799993e+002 -1.7529e+000 -2.3235e-002 -2.7094e+000
620 0 +4.994142273e-007 -7.405799995e+002 -7.405799995e+002 -1.7529e+000 -2.3236e-002 -2.7094e+000
623 0 +4.570185865e-007 -7.405799995e+002 -7.405799995e+002 -1.7529e+000 -2.3227e-002 -2.7095e+000
645 0 +2.611973287e-007 -7.405799997e+002 -7.405799997e+002 -1.7529e+000 -2.3234e-002 -2.7095e+000
666 0 +2.128261940e-007 -7.405799998e+002 -7.405799998e+002 -1.7529e+000 -2.3235e-002 -2.7095e+000
691 0 +1.086830252e-007 -7.405799999e+002 -7.405799999e+002 -1.7529e+000 -2.3230e-002 -2.7095e+000
708 0 +9.222753761e-008 -7.405799999e+002 -7.405799999e+002 -1.7529e+000 -2.3232e-002 -2.7095e+000
723 0 +8.914935279e-008 -7.405799999e+002 -7.405799999e+002 -1.7529e+000 -2.3234e-002 -2.7095e+000
755 0 +8.835991139e-008 -7.405799999e+002 -7.405799999e+002 -1.7529e+000 -2.3234e-002 -2.7095e+000
761 0 +8.028132470e-008 -7.405799999e+002 -7.405799999e+002 -1.7529e+000 -2.3231e-002 -2.7095e+000
772 0 +7.822370662e-008 -7.405799999e+002 -7.405799999e+002 -1.7529e+000 -2.3230e-002 -2.7095e+000
774 0 +7.458777418e-008 -7.405799999e+002 -7.405799999e+002 -1.7529e+000 -2.3230e-002 -2.7095e+000
780 0 +6.851132639e-008 -7.405799999e+002 -7.405799999e+002 -1.7529e+000 -2.3230e-002 -2.7095e+000
804 0 +6.510538242e-008 -7.405799999e+002 -7.405799999e+002 -1.7529e+000 -2.3231e-002 -2.7095e+000
827 0 +6.136247066e-008 -7.405799999e+002 -7.405799999e+002 -1.7529e+000 -2.3230e-002 -2.7095e+000
853 0 +5.901847544e-008 -7.405799999e+002 -7.405799999e+002 -1.7529e+000 -2.3231e-002 -2.7095e+000
858 0 +5.845390660e-008 -7.405799999e+002 -7.405799999e+002 -1.7529e+000 -2.3231e-002 -2.7095e+000
883 0 +5.607762432e-008 -7.405799999e+002 -7.405799999e+002 -1.7529e+000 -2.3230e-002 -2.7095e+000
927 0 +5.482900178e-008 -7.405799999e+002 -7.405799999e+002 -1.7529e+000 -2.3227e-002 -2.7095e+000
969 0 +5.326876362e-008 -7.405799999e+002 -7.405799999e+002 -1.7529e+000 -2.3226e-002 -2.7095e+000
1019 0 +5.243282430e-008 -7.405799999e+002 -7.405799999e+002 -1.7529e+000 -2.3223e-002 -2.7095e+000
1057 0 +5.128447356e-008 -7.405799999e+002 -7.405799999e+002 -1.7529e+000 -2.3222e-002 -2.7095e+000
1083 0 +5.000322290e-008 -7.405799999e+002 -7.405799999e+002 -1.7529e+000 -2.3225e-002 -2.7095e+000
1130 0 +4.873879789e-008 -7.405800000e+002 -7.405800000e+002 -1.7529e+000 -2.3224e-002 -2.7095e+000
1135 0 +4.773289675e-008 -7.405800000e+002 -7.405800000e+002 -1.7529e+000 -2.3223e-002 -2.7095e+000
1152 0 +4.644959972e-008 -7.405800000e+002 -7.405800000e+002 -1.7529e+000 -2.3220e-002 -2.7095e+000
2467 0 +3.501429546e-008 -7.405800000e+002 -7.405800000e+002 -1.7528e+000 -2.3202e-002 -2.7096e+000
2478 0 +3.064849352e-008 -7.405800000e+002 -7.405800000e+002 -1.7528e+000 -2.3210e-002 -2.7096e+000
2487 0 +2.779813713e-008 -7.405800000e+002 -7.405800000e+002 -1.7528e+000 -2.3197e-002 -2.7096e+000
2494 0 +1.425360097e-008 -7.405800000e+002 -7.405800000e+002 -1.7528e+000 -2.3196e-002 -2.7096e+000
2522 0 +6.072696124e-009 -7.405800000e+002 -7.405800000e+002 -1.7528e+000 -2.3199e-002 -2.7096e+000
% f evaluations | g evaluations | best noise-free fitness - Fopt (-5.177000000000e+001) + sum g_i+ | measured fitness | best measured fitness or single-digit g-values | x1 | x2...
1 0 +2.711385535e+003 +2.659615535e+003 +2.659615535e+003 +3.7724e+000 -4.9834e+000 -2.1341e+000
2 0 +5.702736553e+002 +5.185036553e+002 +5.185036553e+002 +1.8931e+000 +4.4568e+000 +3.0081e+000
4 0 +3.717385714e+002 +3.199685714e+002 +3.199685714e+002 -4.9063e+000 +2.6798e+000 +2.3173e+000
6 0 +3.134200968e+002 +2.616500968e+002 +2.616500968e+002 +1.3789e+000 +2.8605e+000 +3.2343e+000
9 0 +2.681626415e+002 +2.163926415e+002 +2.163926415e+002 -1.2094e+000 +3.2879e+000 +1.2069e+000
11 0 +2.050376406e+002 +1.532676406e+002 +1.532676406e+002 +1.2573e+000 +1.9232e+000 +2.4575e+000
16 0 +2.515991989e+001 -2.661008011e+001 -2.661008011e+001 -3.6220e-001 +1.4054e+000 +2.8335e+000
97 0 +2.192827487e+001 -2.984172513e+001 -2.984172513e+001 -1.8170e+000 +1.4662e+000 +2.4928e+000
108 0 +2.151979671e+001 -3.025020329e+001 -3.025020329e+001 -1.3525e+000 +1.6869e+000 +2.4774e+000
115 0 +1.496636014e+001 -3.680363986e+001 -3.680363986e+001 -1.2672e+000 +1.5429e+000 +2.5317e+000
117 0 +7.557110176e+000 -4.421288982e+001 -4.421288982e+001 -1.1851e+000 +1.4925e+000 +2.6171e+000
142 0 +1.611511489e+000 -5.015848851e+001 -5.015848851e+001 -1.8959e+000 +1.6340e+000 +2.3629e+000
196 0 +6.512794311e-001 -5.111872057e+001 -5.111872057e+001 -2.1135e+000 +1.6567e+000 +2.2910e+000
218 0 +4.300251458e-001 -5.133997485e+001 -5.133997485e+001 -2.0634e+000 +1.6544e+000 +2.3053e+000
241 0 +1.800838684e-001 -5.158991613e+001 -5.158991613e+001 -2.4082e+000 +1.7052e+000 +2.1862e+000
261 0 +1.601563452e-001 -5.160984365e+001 -5.160984365e+001 -2.2992e+000 +1.6903e+000 +2.2227e+000
267 0 +6.783664026e-002 -5.170216336e+001 -5.170216336e+001 -2.2941e+000 +1.6888e+000 +2.2249e+000
325 0 +3.718425839e-002 -5.173281574e+001 -5.173281574e+001 -2.3306e+000 +1.6943e+000 +2.2122e+000
358 0 +8.987772748e-003 -5.176101223e+001 -5.176101223e+001 -2.3358e+000 +1.6949e+000 +2.2106e+000
421 0 +5.012990186e-003 -5.176498701e+001 -5.176498701e+001 -2.3416e+000 +1.6958e+000 +2.2086e+000
438 0 +2.994408556e-003 -5.176700559e+001 -5.176700559e+001 -2.3479e+000 +1.6967e+000 +2.2064e+000
492 0 +4.078118771e-004 -5.176959219e+001 -5.176959219e+001 -2.3503e+000 +1.6971e+000 +2.2055e+000
501 0 +3.539509925e-004 -5.176964605e+001 -5.176964605e+001 -2.3436e+000 +1.6961e+000 +2.2078e+000
537 0 +1.501498162e-004 -5.176984985e+001 -5.176984985e+001 -2.3480e+000 +1.6968e+000 +2.2063e+000
603 0 +1.563652552e-005 -5.176998436e+001 -5.176998436e+001 -2.3447e+000 +1.6962e+000 +2.2075e+000
703 0 +1.222291777e-005 -5.176998778e+001 -5.176998778e+001 -2.3445e+000 +1.6962e+000 +2.2075e+000
739 0 +2.967101835e-006 -5.176999703e+001 -5.176999703e+001 -2.3439e+000 +1.6961e+000 +2.2078e+000
845 0 +1.923779749e-006 -5.176999808e+001 -5.176999808e+001 -2.3430e+000 +1.6960e+000 +2.2081e+000
851 0 +1.765673836e-006 -5.176999823e+001 -5.176999823e+001 -2.3430e+000 +1.6960e+000 +2.2081e+000
859 0 +1.581401662e-006 -5.176999842e+001 -5.176999842e+001 -2.3427e+000 +1.6959e+000 +2.2082e+000
872 0 +3.765362564e-007 -5.176999962e+001 -5.176999962e+001 -2.3434e+000 +1.6960e+000 +2.2079e+000
883 0 +2.965733188e-007 -5.176999970e+001 -5.176999970e+001 -2.3431e+000 +1.6960e+000 +2.2080e+000
942 0 +2.490244739e-007 -5.176999975e+001 -5.176999975e+001 -2.3431e+000 +1.6960e+000 +2.2080e+000
982 0 +1.841685986e-007 -5.176999982e+001 -5.176999982e+001 -2.3434e+000 +1.6960e+000 +2.2079e+000
992 0 +5.924002977e-008 -5.176999994e+001 -5.176999994e+001 -2.3432e+000 +1.6960e+000 +2.2080e+000
1012 0 +5.077833976e-008 -5.176999995e+001 -5.176999995e+001 -2.3432e+000 +1.6960e+000 +2.2080e+000
1041 0 +3.434876561e-008 -5.176999997e+001 -5.176999997e+001 -2.3433e+000 +1.6960e+000 +2.2080e+000
1058 0 +2.045585035e-008 -5.176999998e+001 -5.176999998e+001 -2.3432e+000 +1.6960e+000 +2.2080e+000
1094 0 +1.563675056e-008 -5.176999998e+001 -5.176999998e+001 -2.3432e+000 +1.6960e+000 +2.2080e+000
1196 0 +1.153008355e-008 -5.176999999e+001 -5.176999999e+001 -2.3432e+000 +1.6960e+000 +2.2080e+000
1213 0 +8.985423960e-009 -5.176999999e+001 -5.176999999e+001 -2.3432e+000 +1.6960e+000 +2.2080e+000
% f evaluations | g evaluations | best noise-free fitness - Fopt (-2.229800000000e+002) + sum g_i+ | measured fitness | best measured fitness or single-digit g-values | x1 | x2...
1 0 +1.306652657e+003 +1.083672657e+003 +1.083672657e+003 +1.4841e+000 +4.6873e+000 +2.2782e+000
2 0 +7.592281080e+002 +5.362481080e+002 +5.362481080e+002 +4.0633e-002 -1.2030e+000 -2.1338e+000
9 0 +1.824882014e+002 -4.049179855e+001 -4.049179855e+001 +2.6130e+000 +1.1223e+000 -1.9051e+000
21 0 +1.505347448e+002 -7.244525515e+001 -7.244525515e+001 +3.6934e+000 +6.1126e-001 -2.9439e+000
43 0 +7.072407642e+001 -1.522559236e+002 -1.522559236e+002 +2.3464e+000 +6.8954e-001 -1.7491e+000
73 0 +2.177876830e+001 -2.012012317e+002 -2.012012317e+002 +3.0604e+000 +3.2339e-001 -2.6548e+000
91 0 +8.705657362e+000 -2.142743426e+002 -2.142743426e+002 +2.7460e+000 +4.4814e-001 -2.5147e+000
162 0 +2.946451714e+000 -2.200335483e+002 -2.200335483e+002 +2.9648e+000 +3.9379e-001 -2.7550e+000
194 0 +2.656176587e+000 -2.203238234e+002 -2.203238234e+002 +2.9157e+000 +4.0228e-001 -2.7122e+000
195 0 +2.611604557e+000 -2.203683954e+002 -2.203683954e+002 +2.9749e+000 +3.7649e-001 -2.7483e+000
208 0 +2.280606300e+000 -2.206993937e+002 -2.206993937e+002 +3.0612e+000 +3.4604e-001 -2.8489e+000
213 0 +1.857060490e+000 -2.211229395e+002 -2.211229395e+002 +3.0044e+000 +3.6798e-001 -2.7917e+000
218 0 +1.551327240e+000 -2.214286728e+002 -2.214286728e+002 +3.0174e+000 +3.6255e-001 -2.8009e+000
247 0 +1.157462835e+000 -2.218225372e+002 -2.218225372e+002 +3.0019e+000 +3.7043e-001 -2.7837e+000
296 0 +1.134931333e+000 -2.218450687e+002 -2.218450687e+002 +3.0076e+000 +3.6794e-001 -2.7886e+000
299 0 +1.074795997e+000 -2.219052040e+002 -2.219052040e+002 +3.0269e+000 +3.6040e-001 -2.8072e+000
301 0 +1.049875073e+000 -2.219301249e+002 -2.219301249e+002 +3.0333e+000 +3.5722e-001 -2.8128e+000
302 0 +1.027910090e+000 -2.219520899e+002 -2.219520899e+002 +3.0307e+000 +3.5810e-001 -2.8101e+000
311 0 +9.958982911e-001 -2.219841017e+002 -2.219841017e+002 +3.0596e+000 +3.4692e-001 -2.8368e+000
313 0 +9.583150905e-001 -2.220216849e+002 -2.220216849e+002 +3.0983e+000 +3.3041e-001 -2.8720e+000
314 0 +8.866289077e-001 -2.220933711e+002 -2.220933711e+002 +3.0862e+000 +3.3589e-001 -2.8604e+000
318 0 +8.406786897e-001 -2.221393213e+002 -2.221393213e+002 +3.1150e+000 +3.2424e-001 -2.8864e+000
319 0 +7.583566993e-001 -2.222216433e+002 -2.222216433e+002 +3.1152e+000 +3.2392e-001 -2.8858e+000
332 0 +7.135020709e-001 -2.222664979e+002 -2.222664979e+002 +3.1860e+000 +2.9493e-001 -2.9502e+000
334 0 +6.599292565e-001 -2.223200707e+002 -2.223200707e+002 +3.1578e+000 +3.0636e-001 -2.9240e+000
343 0 +6.363024201e-001 -2.223436976e+002 -2.223436976e+002 +3.1801e+000 +2.9712e-001 -2.9442e+000
355 0 +5.624830139e-001 -2.224175170e+002 -2.224175170e+002 +3.2991e+000 +2.4804e-001 -3.0513e+000
363 0 +5.434348121e-001 -2.224365652e+002 -2.224365652e+002 +3.3073e+000 +2.4455e-001 -3.0585e+000
380 0 +5.250244729e-001 -2.224549755e+002 -2.224549755e+002 +3.2210e+000 +2.8005e-001 -2.9804e+000
382 0 +4.373025235e-001 -2.225426975e+002 -2.225426975e+002 +3.2511e+000 +2.6738e-001 -3.0068e+000
391 0 +4.100937480e-001 -2.225699063e+002 -2.225699063e+002 +3.2297e+000 +2.7608e-001 -2.9872e+000
392 0 +3.748773526e-001 -2.226051226e+002 -2.226051226e+002 +3.2969e+000 +2.4849e-001 -3.0477e+000
398 0 +3.679744337e-001 -2.226120256e+002 -2.226120256e+002 +3.2257e+000 +2.7794e-001 -2.9832e+000
399 0 +2.714738202e-001 -2.227085262e+002 -2.227085262e+002 +3.2433e+000 +2.7055e-001 -2.9983e+000
419 0 +2.628137467e-001 -2.227171863e+002 -2.227171863e+002 +3.2768e+000 +2.5669e-001 -3.0286e+000
420 0 +1.935210837e-001 -2.227864789e+002 -2.227864789e+002 +3.2719e+000 +2.5863e-001 -3.0233e+000
435 0 +1.760911529e-001 -2.228039088e+002 -2.228039088e+002 +3.3555e+000 +2.2409e-001 -3.0985e+000
442 0 +1.374236378e-001 -2.228425764e+002 -2.228425764e+002 +3.4123e+000 +2.0056e-001 -3.1488e+000
457 0 +8.743756378e-002 -2.228925624e+002 -2.228925624e+002 +3.3411e+000 +2.2996e-001 -3.0848e+000
467 0 +7.132589535e-002 -2.229086741e+002 -2.229086741e+002 +3.3608e+000 +2.2175e-001 -3.1019e+000
481 0 +6.849782932e-002 -2.229115022e+002 -2.229115022e+002 +3.3615e+000 +2.2140e-001 -3.1026e+000
488 0 +6.221866327e-002 -2.229177813e+002 -2.229177813e+002 +3.3675e+000 +2.1893e-001 -3.1079e+000
493 0 +6.031836218e-002 -2.229196816e+002 -2.229196816e+002 +3.4305e+000 +1.9283e-001 -3.1633e+000
497 0 +5.893292976e-002 -2.229210671e+002 -2.229210671e+002 +3.3750e+000 +2.1584e-001 -3.1147e+000
507 0 +3.535154095e-002 -2.229446485e+002 -2.229446485e+002 +3.4874e+000 +1.6936e-001 -3.2144e+000
512 0 +1.379528771e-002 -2.229662047e+002 -2.229662047e+002 +3.4490e+000 +1.8524e-001 -3.1802e+000
532 0 +8.986232527e-003 -2.229710138e+002 -2.229710138e+002 +3.4496e+000 +1.8506e-001 -3.1808e+000
545 0 +8.310138984e-003 -2.229716899e+002 -2.229716899e+002 +3.4375e+000 +1.9005e-001 -3.1700e+000
547 0 +7.773721441e-003 -2.229722263e+002 -2.229722263e+002 +3.4602e+000 +1.8066e-001 -3.1902e+000
553 0 +4.547382020e-003 -2.229754526e+002 -2.229754526e+002 +3.4537e+000 +1.8334e-001 -3.1844e+000
558 0 +2.969263384e-003 -2.229770307e+002 -2.229770307e+002 +3.4495e+000 +1.8507e-001 -3.1806e+000
588 0 +1.177710160e-003 -2.229788223e+002 -2.229788223e+002 +3.4535e+000 +1.8342e-001 -3.1842e+000
594 0 +8.169154336e-004 -2.229791831e+002 -2.229791831e+002 +3.4534e+000 +1.8347e-001 -3.1841e+000
615 0 +4.149569307e-004 -2.229795850e+002 -2.229795850e+002 +3.4582e+000 +1.8151e-001 -3.1883e+000
681 0 +1.705503120e-004 -2.229798294e+002 -2.229798294e+002 +3.4555e+000 +1.8262e-001 -3.1859e+000
683 0 +1.635659096e-004 -2.229798364e+002 -2.229798364e+002 +3.4551e+000 +1.8277e-001 -3.1856e+000
694 0 +7.167506573e-005 -2.229799283e+002 -2.229799283e+002 +3.4553e+000 +1.8268e-001 -3.1858e+000
717 0 +3.836917571e-005 -2.229799616e+002 -2.229799616e+002 +3.4560e+000 +1.8238e-001 -3.1864e+000
738 0 +3.296216892e-005 -2.229799670e+002 -2.229799670e+002 +3.4556e+000 +1.8256e-001 -3.1861e+000
770 0 +2.346084068e-005 -2.229799765e+002 -2.229799765e+002 +3.4551e+000 +1.8279e-001 -3.1856e+000
785 0 +1.913941048e-005 -2.229799809e+002 -2.229799809e+002 +3.4554e+000 +1.8266e-001 -3.1859e+000
786 0 +1.109841881e-005 -2.229799889e+002 -2.229799889e+002 +3.4555e+000 +1.8259e-001 -3.1860e+000
798 0 +2.092713743e-006 -2.229799979e+002 -2.229799979e+002 +3.4557e+000 +1.8253e-001 -3.1861e+000
837 0 +1.324267288e-006 -2.229799987e+002 -2.229799987e+002 +3.4557e+000 +1.8254e-001 -3.1861e+000
845 0 +6.581609000e-007 -2.229799993e+002 -2.229799993e+002 +3.4558e+000 +1.8249e-001 -3.1862e+000
868 0 +6.061445674e-007 -2.229799994e+002 -2.229799994e+002 +3.4557e+000 +1.8252e-001 -3.1862e+000
945 0 +6.022625314e-007 -2.229799994e+002 -2.229799994e+002 +3.4558e+000 +1.8250e-001 -3.1862e+000
948 0 +4.779805067e-007 -2.229799995e+002 -2.229799995e+002 +3.4558e+000 +1.8250e-001 -3.1862e+000
953 0 +4.586585192e-007 -2.229799995e+002 -2.229799995e+002 +3.4558e+000 +1.8250e-001 -3.1862e+000
956 0 +4.520459811e-007 -2.229799995e+002 -2.229799995e+002 +3.4557e+000 +1.8250e-001 -3.1862e+000
966 0 +4.250967720e-007 -2.229799996e+002 -2.229799996e+002 +3.4557e+000 +1.8250e-001 -3.1862e+000
992 0 +3.967376188e-007 -2.229799996e+002 -2.229799996e+002 +3.4557e+000 +1.8251e-001 -3.1862e+000
996 0 +3.547865504e-007 -2.229799996e+002 -2.229799996e+002 +3.4558e+000 +1.8250e-001 -3.1862e+000
1016 0 +3.360307517e-007 -2.229799997e+002 -2.229799997e+002 +3.4558e+000 +1.8250e-001 -3.1862e+000
1064 0 +3.195935960e-007 -2.229799997e+002 -2.229799997e+002 +3.4558e+000 +1.8250e-001 -3.1862e+000
1123 0 +3.141656180e-007 -2.229799997e+002 -2.229799997e+002 +3.4558e+000 +1.8250e-001 -3.1862e+000
1142 0 +3.066933516e-007 -2.229799997e+002 -2.229799997e+002 +3.4558e+000 +1.8250e-001 -3.1862e+000
1165 0 +2.984464800e-007 -2.229799997e+002 -2.229799997e+002 +3.4558e+000 +1.8249e-001 -3.1862e+000
1166 0 +2.855196044e-007 -2.229799997e+002 -2.229799997e+002 +3.4558e+000 +1.8249e-001 -3.1862e+000
1171 0 +2.783009165e-007 -2.229799997e+002 -2.229799997e+002 +3.4558e+000 +1.8249e-001 -3.1862e+000
1180 0 +2.510324748e-007 -2.229799997e+002 -2.229799997e+002 +3.4558e+000 +1.8248e-001 -3.1862e+000
1197 0 +2.394815226e-007 -2.229799998e+002 -2.229799998e+002 +3.4558e+000 +1.8248e-001 -3.1862e+000
1214 0 +2.314889684e-007 -2.229799998e+002 -2.229799998e+002 +3.4558e+000 +1.8248e-001 -3.1862e+000
1219 0 +2.262942758e-007 -2.229799998e+002 -2.229799998e+002 +3.4558e+000 +1.8248e-001 -3.1862e+000
1221 0 +2.235788372e-007 -2.229799998e+002 -2.229799998e+002 +3.4558e+000 +1.8248e-001 -3.1862e+000
1247 0 +2.166036950e-007 -2.229799998e+002 -2.229799998e+002 +3.4558e+000 +1.8247e-001 -3.1862e+000
1260 0 +2.017023064e-007 -2.229799998e+002 -2.229799998e+002 +3.4558e+000 +1.8247e-001 -3.1863e+000
1271 0 +1.916219503e-007 -2.229799998e+002 -2.229799998e+002 +3.4559e+000 +1.8246e-001 -3.1863e+000
1273 0 +1.838722881e-007 -2.229799998e+002 -2.229799998e+002 +3.4559e+000 +1.8246e-001 -3.1863e+000
1280 0 +1.699094980e-007 -2.229799998e+002 -2.229799998e+002 +3.4559e+000 +1.8245e-001 -3.1863e+000
1281 0 +1.673741394e-007 -2.229799998e+002 -2.229799998e+002 +3.4559e+000 +1.8245e-001 -3.1863e+000
1288 0 +1.622769616e-007 -2.229799998e+002 -2.229799998e+002 +3.4559e+000 +1.8245e-001 -3.1863e+000
1290 0 +1.509681056e-007 -2.229799998e+002 -2.229799998e+002 +3.4559e+000 +1.8244e-001 -3.1863e+000
1303 0 +1.456786549e-007 -2.229799999e+002 -2.229799999e+002 +3.4559e+000 +1.8243e-001 -3.1863e+000
1311 0 +1.419828379e-007 -2.229799999e+002 -2.229799999e+002 +3.4559e+000 +1.8243e-001 -3.1863e+000
1312 0 +1.396568337e-007 -2.229799999e+002 -2.229799999e+002 +3.4559e+000 +1.8244e-001 -3.1863e+000
1323 0 +1.291249419e-007 -2.229799999e+002 -2.229799999e+002 +3.4559e+000 +1.8244e-001 -3.1863e+000
1331 0 +1.218238594e-007 -2.229799999e+002 -2.229799999e+002 +3.4559e+000 +1.8245e-001 -3.1863e+000
1338 0 +1.143162081e-007 -2.229799999e+002 -2.229799999e+002 +3.4559e+000 +1.8244e-001 -3.1863e+000
1339 0 +1.120390323e-007 -2.229799999e+002 -2.229799999e+002 +3.4559e+000 +1.8244e-001 -3.1863e+000
1345 0 +1.056746157e-007 -2.229799999e+002 -2.229799999e+002 +3.4559e+000 +1.8244e-001 -3.1863e+000
1347 0 +9.460342199e-008 -2.229799999e+002 -2.229799999e+002 +3.4559e+000 +1.8244e-001 -3.1863e+000
1367 0 +9.331895967e-008 -2.229799999e+002 -2.229799999e+002 +3.4559e+000 +1.8245e-001 -3.1863e+000
1387 0 +9.036764936e-008 -2.229799999e+002 -2.229799999e+002 +3.4559e+000 +1.8245e-001 -3.1863e+000
1397 0 +8.866985013e-008 -2.229799999e+002 -2.229799999e+002 +3.4559e+000 +1.8244e-001 -3.1863e+000
1406 0 +7.857451578e-008 -2.229799999e+002 -2.229799999e+002 +3.4559e+000 +1.8244e-001 -3.1863e+000
1414 0 +7.226671528e-008 -2.229799999e+002 -2.229799999e+002 +3.4559e+000 +1.8244e-001 -3.1863e+000
1416 0 +6.654261142e-008 -2.229799999e+002 -2.229799999e+002 +3.4559e+000 +1.8243e-001 -3.1863e+000
1434 0 +6.567609034e-008 -2.229799999e+002 -2.229799999e+002 +3.4559e+000 +1.8242e-001 -3.1864e+000
1453 0 +6.156582799e-008 -2.229799999e+002 -2.229799999e+002 +3.4559e+000 +1.8243e-001 -3.1863e+000
1455 0 +5.846806062e-008 -2.229799999e+002 -2.229799999e+002 +3.4559e+000 +1.8242e-001 -3.1863e+000
1463 0 +5.751141430e-008 -2.229799999e+002 -2.229799999e+002 +3.4559e+000 +1.8242e-001 -3.1863e+000
1466 0 +5.530515068e-008 -2.229799999e+002 -2.229799999e+002 +3.4560e+000 +1.8242e-001 -3.1864e+000
1468 0 +5.162885941e-008 -2.229799999e+002 -2.229799999e+002 +3.4559e+000 +1.8243e-001 -3.1863e+000
1469 0 +4.688487820e-008 -2.229800000e+002 -2.229800000e+002 +3.4559e+000 +1.8242e-001 -3.1864e+000
1473 0 +4.505938023e-008 -2.229800000e+002 -2.229800000e+002 +3.4559e+000 +1.8242e-001 -3.1864e+000
1477 0 +4.022376743e-008 -2.229800000e+002 -2.229800000e+002 +3.4559e+000 +1.8242e-001 -3.1864e+000
1479 0 +3.657990533e-008 -2.229800000e+002 -2.229800000e+002 +3.4560e+000 +1.8242e-001 -3.1864e+000
1487 0 +2.306674673e-008 -2.229800000e+002 -2.229800000e+002 +3.4560e+000 +1.8241e-001 -3.1864e+000
1489 0 +1.842462893e-008 -2.229800000e+002 -2.229800000e+002 +3.4560e+000 +1.8241e-001 -3.1864e+000
1497 0 +1.740488642e-008 -2.229800000e+002 -2.229800000e+002 +3.4560e+000 +1.8240e-001 -3.1864e+000
1501 0 +1.259027727e-008 -2.229800000e+002 -2.229800000e+002 +3.4560e+000 +1.8241e-001 -3.1864e+000
1506 0 +7.867498653e-009 -2.229800000e+002 -2.229800000e+002 +3.4560e+000 +1.8241e-001 -3.1864e+000
% f evaluations | g evaluations | best noise-free fitness - Fopt (5.860000000000e+000) + sum g_i+ | measured fitness | best measured fitness or single-digit g-values | x1 | x2...
1 0 +3.927870559e+002 +3.986470559e+002 +3.986470559e+002 -4.8954e+000 +4.1357e+000 +2.6943e-001
11 0 +3.653858784e+002 +3.712458784e+002 +3.712458784e+002 -2.1239e+000 +3.0388e+000 -1.0051e-001
18 0 +1.997129277e+002 +2.055729277e+002 +2.055729277e+002 +1.3835e+000 +8.3024e-001 +5.7028e-001
22 0 +1.545760629e+002 +1.604360629e+002 +1.604360629e+002 -1.7008e-001 +1.0770e+000 +5.3300e-001
45 0 +1.070605652e+002 +1.129205652e+002 +1.129205652e+002 -1.4049e+000 +1.6734e+000 -4.7550e-001
56 0 +5.382871608e+001 +5.968871608e+001 +5.968871608e+001 -3.4685e+000 +2.1697e+000 -8.5429e-001
73 0 +3.202273832e+001 +3.788273832e+001 +3.788273832e+001 -4.3446e+000 +2.3082e+000 -1.1601e+000
75 0 +1.423964173e+001 +2.009964173e+001 +2.009964173e+001 -4.4597e+000 +2.1744e+000 -1.1537e+000
88 0 +1.257651600e+001 +1.843651600e+001 +1.843651600e+001 -3.8745e+000 +2.0668e+000 -1.1083e+000
130 0 +9.444513552e+000 +1.530451355e+001 +1.530451355e+001 -4.5273e+000 +2.2153e+000 -1.1726e+000
136 0 +5.752299841e+000 +1.161229984e+001 +1.161229984e+001 -4.4204e+000 +2.2091e+000 -1.1075e+000
172 0 +3.502163512e+000 +9.362163512e+000 +9.362163512e+000 -4.4419e+000 +2.2149e+000 -1.1370e+000
176 0 +3.426764086e+000 +9.286764086e+000 +9.286764086e+000 -4.4385e+000 +2.2148e+000 -1.1338e+000
190 0 +1.913978678e+000 +7.773978678e+000 +7.773978678e+000 -4.3679e+000 +2.1980e+000 -1.1239e+000
231 0 +1.785964274e+000 +7.645964274e+000 +7.645964274e+000 -4.3176e+000 +2.1828e+000 -1.1119e+000
234 0 +1.422452615e+000 +7.282452615e+000 +7.282452615e+000 -4.3072e+000 +2.1812e+000 -1.1089e+000
271 0 +1.159466810e+000 +7.019466810e+000 +7.019466810e+000 -4.2483e+000 +2.1649e+000 -1.0962e+000
281 0 +1.028372398e+000 +6.888372398e+000 +6.888372398e+000 -4.2406e+000 +2.1622e+000 -1.0954e+000
298 0 +1.007211278e+000 +6.867211278e+000 +6.867211278e+000 -4.2021e+000 +2.1516e+000 -1.0867e+000
311 0 +9.610277441e-001 +6.821027744e+000 +6.821027744e+000 -4.1197e+000 +2.1280e+000 -1.0672e+000
315 0 +7.901200556e-001 +6.650120056e+000 +6.650120056e+000 -4.1102e+000 +2.1243e+000 -1.0665e+000
330 0 +7.269939405e-001 +6.586993941e+000 +6.586993941e+000 -4.0925e+000 +2.1192e+000 -1.0629e+000
343 0 +7.124006443e-001 +6.572400644e+000 +6.572400644e+000 -4.0928e+000 +2.1192e+000 -1.0631e+000
351 0 +7.077926486e-001 +6.567792649e+000 +6.567792649e+000 -4.0985e+000 +2.1205e+000 -1.0647e+000
355 0 +6.434514916e-001 +6.503451492e+000 +6.503451492e+000 -4.0829e+000 +2.1168e+000 -1.0616e+000
357 0 +6.239201652e-001 +6.483920165e+000 +6.483920165e+000 -4.1050e+000 +2.1223e+000 -1.0670e+000
361 0 +5.643232236e-001 +6.424323224e+000 +6.424323224e+000 -4.0678e+000 +2.1118e+000 -1.0586e+000
367 0 +5.474265237e-001 +6.407426524e+000 +6.407426524e+000 -4.0855e+000 +2.1165e+000 -1.0640e+000
379 0 +4.148380438e-001 +6.274838044e+000 +6.274838044e+000 -4.0553e+000 +2.1080e+000 -1.0575e+000
383 0 +3.773708732e-001 +6.237370873e+000 +6.237370873e+000 -4.0223e+000 +2.0987e+000 -1.0503e+000
409 0 +3.646536097e-001 +6.224653610e+000 +6.224653610e+000 -4.0157e+000 +2.0961e+000 -1.0495e+000
414 0 +3.464784778e-001 +6.206478478e+000 +6.206478478e+000 -4.0325e+000 +2.1014e+000 -1.0525e+000
444 0 +3.310970833e-001 +6.191097083e+000 +6.191097083e+000 -4.0296e+000 +2.1006e+000 -1.0519e+000
494 0 +3.235834472e-001 +6.183583447e+000 +6.183583447e+000 -4.0264e+000 +2.0996e+000 -1.0513e+000
518 0 +3.160603425e-001 +6.176060342e+000 +6.176060342e+000 -4.0229e+000 +2.0986e+000 -1.0506e+000
529 0 +3.089804114e-001 +6.168980411e+000 +6.168980411e+000 -4.0083e+000 +2.0944e+000 -1.0475e+000
533 0 +2.962272484e-001 +6.156227248e+000 +6.156227248e+000 -3.9939e+000 +2.0903e+000 -1.0443e+000
537 0 +2.888210216e-001 +6.148821022e+000 +6.148821022e+000 -3.9805e+000 +2.0865e+000 -1.0415e+000
540 0 +2.710756245e-001 +6.131075625e+000 +6.131075625e+000 -3.9508e+000 +2.0780e+000 -1.0352e+000
548 0 +2.660283402e-001 +6.126028340e+000 +6.126028340e+000 -3.8749e+000 +2.0563e+000 -1.0190e+000
549 0 +2.592506210e-001 +6.119250621e+000 +6.119250621e+000 -3.8976e+000 +2.0627e+000 -1.0239e+000
575 0 +2.537980102e-001 +6.113798010e+000 +6.113798010e+000 -3.8718e+000 +2.0553e+000 -1.0186e+000
577 0 +2.498573910e-001 +6.109857391e+000 +6.109857391e+000 -3.8635e+000 +2.0529e+000 -1.0170e+000
583 0 +2.434773457e-001 +6.103477346e+000 +6.103477346e+000 -3.9018e+000 +2.0638e+000 -1.0253e+000
599 0 +2.296769798e-001 +6.089676980e+000 +6.089676980e+000 -3.8968e+000 +2.0623e+000 -1.0244e+000
606 0 +1.771296287e-001 +6.037129629e+000 +6.037129629e+000 -3.8977e+000 +2.0623e+000 -1.0249e+000
618 0 +1.613362198e-001 +6.021336220e+000 +6.021336220e+000 -3.8896e+000 +2.0600e+000 -1.0231e+000
625 0 +1.393304031e-001 +5.999330403e+000 +5.999330403e+000 -3.8733e+000 +2.0552e+000 -1.0198e+000
627 0 +1.285397740e-001 +5.988539774e+000 +5.988539774e+000 -3.8622e+000 +2.0519e+000 -1.0175e+000
637 0 +1.229517244e-001 +5.982951724e+000 +5.982951724e+000 -3.8452e+000 +2.0470e+000 -1.0139e+000
639 0 +1.175844864e-001 +5.977584486e+000 +5.977584486e+000 -3.8081e+000 +2.0363e+000 -1.0061e+000
646 0 +7.712482426e-002 +5.937124824e+000 +5.937124824e+000 -3.8117e+000 +2.0371e+000 -1.0069e+000
650 0 +6.747437371e-002 +5.927474374e+000 +5.927474374e+000 -3.8226e+000 +2.0403e+000 -1.0091e+000
654 0 +3.694511974e-002 +5.896945120e+000 +5.896945120e+000 -3.7891e+000 +2.0304e+000 -1.0020e+000
657 0 +2.098530109e-002 +5.880985301e+000 +5.880985301e+000 -3.7964e+000 +2.0324e+000 -1.0036e+000
673 0 +1.966242856e-002 +5.879662429e+000 +5.879662429e+000 -3.7917e+000 +2.0310e+000 -1.0029e+000
677 0 +1.833005907e-002 +5.878330059e+000 +5.878330059e+000 -3.7756e+000 +2.0264e+000 -9.9935e-001
679 0 +7.386325752e-003 +5.867386326e+000 +5.867386326e+000 -3.7778e+000 +2.0270e+000 -9.9989e-001
722 0 +1.530401192e-003 +5.861530401e+000 +5.861530401e+000 -3.7647e+000 +2.0231e+000 -9.9720e-001
779 0 +7.715320277e-004 +5.860771532e+000 +5.860771532e+000 -3.7559e+000 +2.0206e+000 -9.9538e-001
808 0 +6.504065713e-004 +5.860650407e+000 +5.860650407e+000 -3.7546e+000 +2.0202e+000 -9.9511e-001
809 0 +5.789626916e-004 +5.860578963e+000 +5.860578963e+000 -3.7562e+000 +2.0207e+000 -9.9544e-001
813 0 +2.709460835e-004 +5.860270946e+000 +5.860270946e+000 -3.7493e+000 +2.0186e+000 -9.9400e-001
817 0 +1.994909352e-004 +5.860199491e+000 +5.860199491e+000 -3.7499e+000 +2.0188e+000 -9.9414e-001
829 0 +7.059065870e-005 +5.860070591e+000 +5.860070591e+000 -3.7525e+000 +2.0196e+000 -9.9466e-001
872 0 +6.909525662e-005 +5.860069095e+000 +5.860069095e+000 -3.7526e+000 +2.0196e+000 -9.9469e-001
884 0 +1.370130417e-005 +5.860013701e+000 +5.860013701e+000 -3.7514e+000 +2.0193e+000 -9.9444e-001
936 0 +7.988099886e-006 +5.860007988e+000 +5.860007988e+000 -3.7510e+000 +2.0191e+000 -9.9436e-001
960 0 +7.767046510e-006 +5.860007767e+000 +5.860007767e+000 -3.7519e+000 +2.0194e+000 -9.9455e-001
966 0 +6.817305532e-006 +5.860006817e+000 +5.860006817e+000 -3.7517e+000 +2.0193e+000 -9.9449e-001
967 0 +4.326399062e-006 +5.860004326e+000 +5.860004326e+000 -3.7515e+000 +2.0193e+000 -9.9446e-001
1005 0 +3.947577989e-006 +5.860003948e+000 +5.860003948e+000 -3.7516e+000 +2.0193e+000 -9.9449e-001
1014 0 +1.373535278e-006 +5.860001374e+000 +5.860001374e+000 -3.7512e+000 +2.0192e+000 -9.9441e-001
1157 0 +1.321262307e-006 +5.860001321e+000 +5.860001321e+000 -3.7511e+000 +2.0192e+000 -9.9439e-001
1167 0 +7.813340988e-007 +5.860000781e+000 +5.860000781e+000 -3.7511e+000 +2.0192e+000 -9.9438e-001
1179 0 +6.848927470e-007 +5.860000685e+000 +5.860000685e+000 -3.7509e+000 +2.0191e+000 -9.9434e-001
1189 0 +6.723225532e-007 +5.860000672e+000 +5.860000672e+000 -3.7515e+000 +2.0193e+000 -9.9446e-001
1202 0 +5.920151329e-007 +5.860000592e+000 +5.860000592e+000 -3.7510e+000 +2.0191e+000 -9.9436e-001
1209 0 +3.786645424e-007 +5.860000379e+000 +5.860000379e+000 -3.7512e+000 +2.0192e+000 -9.9440e-001
1221 0 +2.576744951e-007 +5.860000258e+000 +5.860000258e+000 -3.7511e+000 +2.0192e+000 -9.9438e-001
1269 0 +1.163641308e-007 +5.860000116e+000 +5.860000116e+000 -3.7511e+000 +2.0192e+000 -9.9438e-001
1306 0 +1.125106532e-007 +5.860000113e+000 +5.860000113e+000 -3.7511e+000 +2.0192e+000 -9.9438e-001
1322 0 +1.055341068e-007 +5.860000106e+000 +5.860000106e+000 -3.7511e+000 +2.0192e+000 -9.9438e-001
1327 0 +5.913536061e-008 +5.860000059e+000 +5.860000059e+000 -3.7512e+000 +2.0192e+000 -9.9439e-001
1339 0 +2.819921896e-008 +5.860000028e+000 +5.860000028e+000 -3.7512e+000 +2.0192e+000 -9.9439e-001
1363 0 +2.343836503e-008 +5.860000023e+000 +5.860000023e+000 -3.7512e+000 +2.0192e+000 -9.9440e-001
1379 0 +1.620326806e-008 +5.860000016e+000 +5.860000016e+000 -3.7512e+000 +2.0192e+000 -9.9440e-001
1380 0 +1.450436304e-008 +5.860000015e+000 +5.860000015e+000 -3.7512e+000 +2.0192e+000 -9.9439e-001
1381 0 +9.916385935e-009 +5.860000010e+000 +5.860000010e+000 -3.7512e+000 +2.0192e+000 -9.9439e-001
% f evaluations | g evaluations | best noise-free fitness - Fopt (2.048600000000e+002) + sum g_i+ | measured fitness | best measured fitness or single-digit g-values | x1 | x2...
1 0 +1.314312956e+003 +1.519172956e+003 +1.519172956e+003 +4.3226e+000 -2.4062e+000 -2.6195e-001
2 0 +7.289177864e+002 +9.337777864e+002 +9.337777864e+002 -2.3742e+000 -4.6064e+000 -1.5318e+000
5 0 +4.298191000e+002 +6.346791000e+002 +6.346791000e+002 -5.0000e+000 +5.0000e+000 +5.0000e+000
12 0 +2.349513202e+002 +4.398113202e+002 +4.398113202e+002 -4.7877e-001 -2.1642e+000 -5.5383e-002
26 0 +7.248002396e+001 +2.773400240e+002 +2.773400240e+002 -2.5216e+000 +7.4621e-001 +2.8463e+000
62 0 +5.769695711e+001 +2.625569571e+002 +2.625569571e+002 -2.7150e+000 +1.1349e+000 +3.2090e+000
70 0 +4.283766027e+001 +2.476976603e+002 +2.476976603e+002 -2.7129e+000 +1.0824e+000 +2.5755e+000
87 0 +1.800312570e+001 +2.228631257e+002 +2.228631257e+002 -2.0180e+000 -3.9659e-002 +1.0472e+000
107 0 +7.914768155e+000 +2.127747682e+002 +2.127747682e+002 -1.5190e+000 -1.1838e+000 -7.3775e-001
129 0 +7.334522784e+000 +2.121945228e+002 +2.121945228e+002 -1.7194e+000 -7.0913e-001 +7.0663e-002
133 0 +6.056787331e+000 +2.109167873e+002 +2.109167873e+002 -1.4845e+000 -1.2043e+000 -7.1697e-001
152 0 +9.482614056e-001 +2.058082614e+002 +2.058082614e+002 -1.6888e+000 -8.0651e-001 -1.3447e-001
189 0 +6.350752128e-001 +2.054950752e+002 +2.054950752e+002 -1.7283e+000 -7.2452e-001 -1.4090e-002
229 0 +6.261660155e-001 +2.054861660e+002 +2.054861660e+002 -1.7279e+000 -7.3442e-001 -2.8413e-002
261 0 +4.184857729e-001 +2.052784858e+002 +2.052784858e+002 -1.7224e+000 -7.3769e-001 -3.5940e-002
285 0 +1.787942353e-001 +2.050387942e+002 +2.050387942e+002 -1.7577e+000 -6.7202e-001 +6.4262e-002
332 0 +1.223991388e-001 +2.049823991e+002 +2.049823991e+002 -1.7448e+000 -6.9775e-001 +2.6992e-002
344 0 +6.153820947e-002 +2.049215382e+002 +2.049215382e+002 -1.7513e+000 -6.8437e-001 +4.7606e-002
374 0 +2.806121350e-002 +2.048880612e+002 +2.048880612e+002 -1.7690e+000 -6.5009e-001 +1.0077e-001
403 0 +1.093676955e-002 +2.048709368e+002 +2.048709368e+002 -1.7718e+000 -6.4474e-001 +1.0885e-001
454 0 +7.902358916e-003 +2.048679024e+002 +2.048679024e+002 -1.7771e+000 -6.3423e-001 +1.2528e-001
470 0 +2.466496783e-003 +2.048624665e+002 +2.048624665e+002 -1.7745e+000 -6.3933e-001 +1.1726e-001
472 0 +8.705192668e-004 +2.048608705e+002 +2.048608705e+002 -1.7709e+000 -6.4634e-001 +1.0633e-001
495 0 +6.691636245e-004 +2.048606692e+002 +2.048606692e+002 -1.7699e+000 -6.4819e-001 +1.0344e-001
511 0 +6.047939862e-004 +2.048606048e+002 +2.048606048e+002 -1.7689e+000 -6.5013e-001 +1.0043e-001
513 0 +3.354914001e-004 +2.048603355e+002 +2.048603355e+002 -1.7699e+000 -6.4820e-001 +1.0343e-001
527 0 +1.980672268e-004 +2.048601981e+002 +2.048601981e+002 -1.7689e+000 -6.5014e-001 +1.0041e-001
533 0 +4.309028614e-005 +2.048600431e+002 +2.048600431e+002 -1.7692e+000 -6.4956e-001 +1.0131e-001
579 0 +8.555006872e-006 +2.048600086e+002 +2.048600086e+002 -1.7691e+000 -6.4976e-001 +1.0099e-001
626 0 +3.159601022e-006 +2.048600032e+002 +2.048600032e+002 -1.7688e+000 -6.5034e-001 +1.0009e-001
648 0 +1.064303035e-006 +2.048600011e+002 +2.048600011e+002 -1.7688e+000 -6.5046e-001 +9.9911e-002
675 0 +1.042219026e-006 +2.048600010e+002 +2.048600010e+002 -1.7687e+000 -6.5055e-001 +9.9766e-002
729 0 +9.020470486e-007 +2.048600009e+002 +2.048600009e+002 -1.7688e+000 -6.5034e-001 +1.0010e-001
734 0 +8.134403515e-007 +2.048600008e+002 +2.048600008e+002 -1.7688e+000 -6.5041e-001 +9.9980e-002
756 0 +2.858282073e-007 +2.048600003e+002 +2.048600003e+002 -1.7688e+000 -6.5043e-001 +9.9951e-002
762 0 +2.804495978e-007 +2.048600003e+002 +2.048600003e+002 -1.7688e+000 -6.5046e-001 +9.9913e-002
781 0 +2.662631289e-007 +2.048600003e+002 +2.048600003e+002 -1.7688e+000 -6.5037e-001 +1.0004e-001
804 0 +2.502282825e-007 +2.048600003e+002 +2.048600003e+002 -1.7688e+000 -6.5043e-001 +9.9957e-002
812 0 +1.347072782e-007 +2.048600001e+002 +2.048600001e+002 -1.7688e+000 -6.5049e-001 +9.9861e-002
852 0 +2.971830781e-008 +2.048600000e+002 +2.048600000e+002 -1.7688e+000 -6.5037e-001 +1.0005e-001
950 0 +1.019768092e-008 +2.048600000e+002 +2.048600000e+002 -1.7688e+000 -6.5041e-001 +9.9984e-002
973 0 +8.903867865e-009 +2.048600000e+002 +2.048600000e+002 -1.7688e+000 -6.5040e-001 +9.9999e-002
% f evaluations | g evaluations | best noise-free fitness - Fopt (1.154900000000e+002) + sum g_i+ | measured fitness | best measured fitness or single-digit g-values | x1 | x2...
1 0 +4.640924994e+002 +5.795824994e+002 +5.795824994e+002 +4.3212e+000 -3.0150e+000 +3.1116e+000
11 0 +3.922327664e+002 +5.077227664e+002 +5.077227664e+002 +5.0000e+000 -4.0496e+000 +5.0000e+000
12 0 +3.682443103e+002 +4.837343103e+002 +4.837343103e+002 +2.4750e+000 -1.3661e+000 +5.0000e+000
14 0 +1.119090911e+002 +2.273990911e+002 +2.273990911e+002 -1.6719e+000 -2.4603e+000 +2.3891e+000
20 0 +6.482610997e+001 +1.803161100e+002 +1.803161100e+002 -1.6992e+000 -2.1439e+000 +3.2690e+000
71 0 +5.636307692e+001 +1.718530769e+002 +1.718530769e+002 +3.9469e-002 -2.5012e+000 +3.3489e+000
94 0 +4.803215289e+001 +1.635221529e+002 +1.635221529e+002 -1.1310e+000 -1.9947e+000 +3.3923e+000
99 0 +3.283931411e+001 +1.483293141e+002 +1.483293141e+002 -1.9372e+000 -1.8601e+000 +2.8876e+000
105 0 +2.375700447e+001 +1.392470045e+002 +1.392470045e+002 -8.7144e-001 -2.4121e+000 +3.0756e+000
117 0 +1.042706005e+001 +1.259170600e+002 +1.259170600e+002 -1.9556e+000 -1.8028e+000 +3.0919e+000
127 0 +6.049590756e+000 +1.215395908e+002 +1.215395908e+002 -2.5383e+000 -1.6099e+000 +3.0079e+000
181 0 +2.923065088e+000 +1.184130651e+002 +1.184130651e+002 -2.4837e+000 -1.6520e+000 +2.9828e+000
212 0 +2.566753528e+000 +1.180567535e+002 +1.180567535e+002 -2.4692e+000 -1.6602e+000 +2.9752e+000
230 0 +1.883043553e+000 +1.173730436e+002 +1.173730436e+002 -2.6216e+000 -1.5824e+000 +2.9571e+000
246 0 +1.083136375e+000 +1.165731364e+002 +1.165731364e+002 -2.6835e+000 -1.5416e+000 +2.9622e+000
265 0 +5.420377266e-001 +1.160320377e+002 +1.160320377e+002 -2.4249e+000 -1.6595e+000 +2.9873e+000
277 0 +4.134898982e-001 +1.159034899e+002 +1.159034899e+002 -2.4694e+000 -1.6399e+000 +2.9833e+000
282 0 +1.631703269e-001 +1.156531703e+002 +1.156531703e+002 -2.4403e+000 -1.6550e+000 +2.9876e+000
304 0 +3.645718816e-002 +1.155264572e+002 +1.155264572e+002 -2.4332e+000 -1.6572e+000 +2.9884e+000
359 0 +1.495109328e-002 +1.155049511e+002 +1.155049511e+002 -2.4378e+000 -1.6553e+000 +2.9876e+000
401 0 +1.275497749e-002 +1.155027550e+002 +1.155027550e+002 -2.4416e+000 -1.6535e+000 +2.9873e+000
413 0 +1.018030007e-002 +1.155001803e+002 +1.155001803e+002 -2.4333e+000 -1.6573e+000 +2.9881e+000
418 0 +8.395802711e-003 +1.154983958e+002 +1.154983958e+002 -2.4426e+000 -1.6531e+000 +2.9872e+000
425 0 +7.471409371e-003 +1.154974714e+002 +1.154974714e+002 -2.4356e+000 -1.6563e+000 +2.9879e+000
428 0 +7.003253450e-003 +1.154970033e+002 +1.154970033e+002 -2.4291e+000 -1.6591e+000 +2.9886e+000
430 0 +6.312944241e-003 +1.154963129e+002 +1.154963129e+002 -2.4262e+000 -1.6604e+000 +2.9889e+000
446 0 +3.130114769e-003 +1.154931301e+002 +1.154931301e+002 -2.4352e+000 -1.6564e+000 +2.9879e+000
454 0 +3.075596740e-003 +1.154930756e+002 +1.154930756e+002 -2.4369e+000 -1.6557e+000 +2.9878e+000
466 0 +2.704280515e-003 +1.154927043e+002 +1.154927043e+002 -2.4305e+000 -1.6586e+000 +2.9884e+000
467 0 +8.901042937e-004 +1.154908901e+002 +1.154908901e+002 -2.4336e+000 -1.6572e+000 +2.9881e+000
481 0 +4.639453139e-004 +1.154904639e+002 +1.154904639e+002 -2.4315e+000 -1.6581e+000 +2.9883e+000
535 0 +2.466843494e-004 +1.154902467e+002 +1.154902467e+002 -2.4306e+000 -1.6585e+000 +2.9884e+000
575 0 +4.449604963e-005 +1.154900445e+002 +1.154900445e+002 -2.4274e+000 -1.6599e+000 +2.9888e+000
638 0 +3.293812139e-005 +1.154900329e+002 +1.154900329e+002 -2.4273e+000 -1.6600e+000 +2.9888e+000
658 0 +2.601845497e-005 +1.154900260e+002 +1.154900260e+002 -2.4286e+000 -1.6594e+000 +2.9887e+000
679 0 +2.528679251e-005 +1.154900253e+002 +1.154900253e+002 -2.4285e+000 -1.6594e+000 +2.9887e+000
682 0 +2.460892206e-005 +1.154900246e+002 +1.154900246e+002 -2.4285e+000 -1.6594e+000 +2.9887e+000
695 0 +7.202103092e-006 +1.154900072e+002 +1.154900072e+002 -2.4274e+000 -1.6599e+000 +2.9888e+000
738 0 +3.176206405e-006 +1.154900032e+002 +1.154900032e+002 -2.4277e+000 -1.6598e+000 +2.9887e+000
753 0 +2.464600271e-006 +1.154900025e+002 +1.154900025e+002 -2.4274e+000 -1.6599e+000 +2.9888e+000
769 0 +2.389402866e-006 +1.154900024e+002 +1.154900024e+002 -2.4272e+000 -1.6600e+000 +2.9888e+000
781 0 +1.060074752e-006 +1.154900011e+002 +1.154900011e+002 -2.4277e+000 -1.6598e+000 +2.9888e+000
910 0 +1.015828161e-006 +1.154900010e+002 +1.154900010e+002 -2.4275e+000 -1.6598e+000 +2.9888e+000
912 0 +9.779746932e-007 +1.154900010e+002 +1.154900010e+002 -2.4276e+000 -1.6598e+000 +2.9888e+000
919 0 +9.127259801e-007 +1.154900009e+002 +1.154900009e+002 -2.4276e+000 -1.6598e+000 +2.9888e+000
921 0 +8.415450594e-007 +1.154900008e+002 +1.154900008e+002 -2.4276e+000 -1.6598e+000 +2.9888e+000
938 0 +7.974483509e-007 +1.154900008e+002 +1.154900008e+002 -2.4276e+000 -1.6598e+000 +2.9888e+000
943 0 +7.916765981e-007 +1.154900008e+002 +1.154900008e+002 -2.4276e+000 -1.6598e+000 +2.9888e+000
955 0 +7.374643758e-007 +1.154900007e+002 +1.154900007e+002 -2.4275e+000 -1.6599e+000 +2.9888e+000
963 0 +6.648123332e-007 +1.154900007e+002 +1.154900007e+002 -2.4275e+000 -1.6599e+000 +2.9888e+000
998 0 +6.279612563e-007 +1.154900006e+002 +1.154900006e+002 -2.4275e+000 -1.6599e+000 +2.9888e+000
1003 0 +5.823182789e-007 +1.154900006e+002 +1.154900006e+002 -2.4275e+000 -1.6599e+000 +2.9888e+000
1017 0 +5.727549990e-007 +1.154900006e+002 +1.154900006e+002 -2.4275e+000 -1.6599e+000 +2.9888e+000
1024 0 +5.516106825e-007 +1.154900006e+002 +1.154900006e+002 -2.4274e+000 -1.6599e+000 +2.9888e+000
1026 0 +5.487306822e-007 +1.154900005e+002 +1.154900005e+002 -2.4274e+000 -1.6599e+000 +2.9888e+000
1028 0 +5.141750421e-007 +1.154900005e+002 +1.154900005e+002 -2.4274e+000 -1.6599e+000 +2.9888e+000
1038 0 +4.759996273e-007 +1.154900005e+002 +1.154900005e+002 -2.4274e+000 -1.6599e+000 +2.9888e+000
1052 0 +4.607833688e-007 +1.154900005e+002 +1.154900005e+002 -2.4274e+000 -1.6599e+000 +2.9888e+000
1055 0 +3.953298062e-007 +1.154900004e+002 +1.154900004e+002 -2.4274e+000 -1.6599e+000 +2.9888e+000
1062 0 +3.703515148e-007 +1.154900004e+002 +1.154900004e+002 -2.4274e+000 -1.6599e+000 +2.9888e+000
1071 0 +3.255545522e-007 +1.154900003e+002 +1.154900003e+002 -2.4274e+000 -1.6599e+000 +2.9888e+000
1079 0 +2.755481319e-007 +1.154900003e+002 +1.154900003e+002 -2.4274e+000 -1.6599e+000 +2.9888e+000
1080 0 +2.700459447e-007 +1.154900003e+002 +1.154900003e+002 -2.4274e+000 -1.6599e+000 +2.9888e+000
1082 0 +2.317794383e-007 +1.154900002e+002 +1.154900002e+002 -2.4274e+000 -1.6599e+000 +2.9888e+000
1084 0 +1.689254390e-007 +1.154900002e+002 +1.154900002e+002 -2.4274e+000 -1.6599e+000 +2.9888e+000
1098 0 +1.608900249e-007 +1.154900002e+002 +1.154900002e+002 -2.4273e+000 -1.6599e+000 +2.9888e+000
1101 0 +6.412183495e-008 +1.154900001e+002 +1.154900001e+002 -2.4273e+000 -1.6600e+000 +2.9888e+000
1113 0 +6.176429679e-008 +1.154900001e+002 +1.154900001e+002 -2.4272e+000 -1.6600e+000 +2.9888e+000
1118 0 +5.401565772e-008 +1.154900001e+002 +1.154900001e+002 -2.4273e+000 -1.6600e+000 +2.9888e+000
1124 0 +4.845854562e-008 +1.154900000e+002 +1.154900000e+002 -2.4272e+000 -1.6600e+000 +2.9888e+000
1135 0 +4.719468905e-008 +1.154900000e+002 +1.154900000e+002 -2.4273e+000 -1.6600e+000 +2.9888e+000
1139 0 +3.585806496e-008 +1.154900000e+002 +1.154900000e+002 -2.4272e+000 -1.6600e+000 +2.9888e+000
1143 0 +2.712910430e-008 +1.154900000e+002 +1.154900000e+002 -2.4272e+000 -1.6600e+000 +2.9888e+000
1151 0 +1.676265526e-008 +1.154900000e+002 +1.154900000e+002 -2.4272e+000 -1.6600e+000 +2.9888e+000
1228 0 +1.284237783e-008 +1.154900000e+002 +1.154900000e+002 -2.4272e+000 -1.6600e+000 +2.9888e+000
1239 0 +6.402061103e-009 +1.154900000e+002 +1.154900000e+002 -2.4272e+000 -1.6600e+000 +2.9888e+000
% f evaluations | g evaluations | best noise-free fitness - Fopt (1.950500000000e+002) + sum g_i+ | measured fitness | best measured fitness or single-digit g-values | x1 | x2...
1 0 +1.709476798e+003 +1.904526798e+003 +1.904526798e+003 +3.2505e+000 -4.3241e-001 +3.8635e+000
2 0 +9.700522753e+002 +1.165102275e+003 +1.165102275e+003 -3.4660e+000 -4.9328e+000 +1.6861e+000
3 0 +2.817882014e+002 +4.768382014e+002 +4.768382014e+002 +3.3323e+000 +1.3153e+000 -2.8360e+000
11 0 +2.202091064e+002 +4.152591064e+002 +4.152591064e+002 -8.6443e-002 +9.1423e-001 -7.7383e-001
12 0 +2.180179097e+002 +4.130679097e+002 +4.130679097e+002 -9.1591e-002 +8.9581e-001 -7.7034e-001
20 0 +1.351354092e+002 +3.301854092e+002 +3.301854092e+002 +2.5966e-002 +4.7773e-001 -1.4215e+000
44 0 +9.729141795e+001 +2.923414180e+002 +2.923414180e+002 -1.0291e+000 -7.4544e-001 -8.1021e-001
49 0 +6.880750574e+001 +2.638575057e+002 +2.638575057e+002 -1.5988e-001 -2.0406e-001 -2.0346e+000
56 0 +5.780322297e+001 +2.528532230e+002 +2.528532230e+002 -1.2327e+000 -5.9425e-001 -7.3224e-001
65 0 +2.178706741e+001 +2.168370674e+002 +2.168370674e+002 -4.4159e-001 -3.7814e-001 -1.6267e+000
92 0 +1.236019896e+001 +2.074101990e+002 +2.074101990e+002 -4.0620e-001 -3.9615e-001 -1.6076e+000
95 0 +4.058354162e+000 +1.991083542e+002 +1.991083542e+002 +9.3506e-001 -6.8497e-002 -2.6837e+000
144 0 +1.404212570e+000 +1.964542126e+002 +1.964542126e+002 +8.3235e-001 -1.1329e-001 -2.5929e+000
180 0 +1.031085304e+000 +1.960810853e+002 +1.960810853e+002 +7.8843e-001 -1.1157e-001 -2.5547e+000
189 0 +3.155397493e-001 +1.953655397e+002 +1.953655397e+002 +7.2281e-001 -1.3379e-001 -2.5053e+000
203 0 +1.878909605e-001 +1.952378910e+002 +1.952378910e+002 +7.8728e-001 -1.1773e-001 -2.5572e+000
248 0 +7.388414519e-002 +1.951238841e+002 +1.951238841e+002 +7.6015e-001 -1.2502e-001 -2.5352e+000
286 0 +5.251782476e-002 +1.951025178e+002 +1.951025178e+002 +7.9805e-001 -1.1466e-001 -2.5644e+000
306 0 +5.046608912e-002 +1.951004661e+002 +1.951004661e+002 +8.2911e-001 -1.0627e-001 -2.5885e+000
318 0 +5.803241082e-003 +1.950558032e+002 +1.950558032e+002 +8.6141e-001 -9.7729e-002 -2.6133e+000
351 0 +4.521688680e-003 +1.950545217e+002 +1.950545217e+002 +8.7501e-001 -9.4085e-002 -2.6238e+000
396 0 +3.013311410e-003 +1.950530133e+002 +1.950530133e+002 +8.5877e-001 -9.8479e-002 -2.6113e+000
401 0 +1.118606661e-003 +1.950511186e+002 +1.950511186e+002 +8.5123e-001 -1.0050e-001 -2.6055e+000
436 0 +3.894004952e-004 +1.950503894e+002 +1.950503894e+002 +8.4730e-001 -1.0157e-001 -2.6025e+000
469 0 +2.698279908e-005 +1.950500270e+002 +1.950500270e+002 +8.4693e-001 -1.0167e-001 -2.6022e+000
577 0 +8.939491266e-006 +1.950500089e+002 +1.950500089e+002 +8.4731e-001 -1.0157e-001 -2.6025e+000
594 0 +2.684165054e-006 +1.950500027e+002 +1.950500027e+002 +8.4699e-001 -1.0166e-001 -2.6022e+000
619 0 +1.585758923e-006 +1.950500016e+002 +1.950500016e+002 +8.4685e-001 -1.0169e-001 -2.6021e+000
664 0 +4.706384971e-007 +1.950500005e+002 +1.950500005e+002 +8.4694e-001 -1.0167e-001 -2.6022e+000
690 0 +3.468903742e-007 +1.950500003e+002 +1.950500003e+002 +8.4693e-001 -1.0167e-001 -2.6022e+000
692 0 +2.571148912e-007 +1.950500003e+002 +1.950500003e+002 +8.4701e-001 -1.0165e-001 -2.6023e+000
695 0 +1.290864589e-007 +1.950500001e+002 +1.950500001e+002 +8.4710e-001 -1.0163e-001 -2.6023e+000
745 0 +1.150851574e-007 +1.950500001e+002 +1.950500001e+002 +8.4719e-001 -1.0160e-001 -2.6024e+000
750 0 +6.496264859e-008 +1.950500001e+002 +1.950500001e+002 +8.4719e-001 -1.0160e-001 -2.6024e+000
766 0 +4.929776765e-008 +1.950500000e+002 +1.950500000e+002 +8.4724e-001 -1.0159e-001 -2.6024e+000
783 0 +4.397236353e-008 +1.950500000e+002 +1.950500000e+002 +8.4720e-001 -1.0160e-001 -2.6024e+000
802 0 +3.347554411e-008 +1.950500000e+002 +1.950500000e+002 +8.4729e-001 -1.0158e-001 -2.6025e+000
828 0 +2.394705234e-008 +1.950500000e+002 +1.950500000e+002 +8.4726e-001 -1.0158e-001 -2.6024e+000
830 0 +1.849886644e-008 +1.950500000e+002 +1.950500000e+002 +8.4720e-001 -1.0160e-001 -2.6024e+000
850 0 +1.734488819e-008 +1.950500000e+002 +1.950500000e+002 +8.4720e-001 -1.0160e-001 -2.6024e+000
871 0 +1.201362920e-008 +1.950500000e+002 +1.950500000e+002 +8.4718e-001 -1.0160e-001 -2.6024e+000
877 0 +1.034553065e-008 +1.950500000e+002 +1.950500000e+002 +8.4718e-001 -1.0160e-001 -2.6024e+000
891 0 +1.004491423e-008 +1.950500000e+002 +1.950500000e+002 +8.4722e-001 -1.0159e-001 -2.6024e+000
892 0 +6.856964774e-009 +1.950500000e+002 +1.950500000e+002 +8.4720e-001 -1.0160e-001 -2.6024e+000
% f evaluations | g evaluations | best noise-free fitness - Fopt (-2.144800000000e+002) + sum g_i+ | measured fitness | best measured fitness or single-digit g-values | x1 | x2...
1 0 +1.164741864e+003 +9.502618637e+002 +9.502618637e+002 +2.1099e+000 -2.6805e+000 -5.1455e-001
4 0 +7.558641217e+002 +5.413841217e+002 +5.413841217e+002 -8.5096e-001 +1.3674e-001 -3.2346e+000
5 0 +7.053162351e+002 +4.908362351e+002 +4.908362351e+002 +5.0000e+000 +5.0000e+000 +5.0000e+000
6 0 +1.420961185e+002 -7.238388149e+001 -7.238388149e+001 +5.8588e-001 +4.7205e+000 +4.4968e+000
62 0 +1.077958771e+002 -1.066841229e+002 -1.066841229e+002 +7.3124e-001 +4.6986e+000 +3.7091e+000
65 0 +1.024449636e+002 -1.120350364e+002 -1.120350364e+002 -7.3115e-001 +4.5501e+000 +2.2388e+000
76 0 +9.087924883e+001 -1.236007512e+002 -1.236007512e+002 -8.4648e-002 +4.0834e+000 +2.5761e+000
88 0 +3.560879479e+001 -1.788712052e+002 -1.788712052e+002 -3.3799e-001 +4.5741e+000 +3.0852e+000
94 0 +2.710120991e+001 -1.873787901e+002 -1.873787901e+002 -6.4557e-001 +4.2419e+000 +2.6200e+000
104 0 +2.117358952e+001 -1.933064105e+002 -1.933064105e+002 -6.4792e-001 +4.2461e+000 +2.4529e+000
130 0 +1.451113925e+001 -1.999688607e+002 -1.999688607e+002 -8.1690e-001 +4.1404e+000 +2.2895e+000
162 0 +1.424196321e+001 -2.002380368e+002 -2.002380368e+002 -8.6573e-001 +4.0544e+000 +2.2366e+000
165 0 +9.985863503e+000 -2.044941365e+002 -2.044941365e+002 -1.0839e+000 +3.8151e+000 +1.7924e+000
167 0 +7.662536425e+000 -2.068174636e+002 -2.068174636e+002 -7.5876e-001 +4.1249e+000 +2.3280e+000
185 0 +5.873152922e+000 -2.086068471e+002 -2.086068471e+002 -1.1931e+000 +3.7945e+000 +1.7254e+000
186 0 +4.009065452e+000 -2.104709345e+002 -2.104709345e+002 -1.1965e+000 +3.8077e+000 +1.6984e+000
210 0 +3.102161513e+000 -2.113778385e+002 -2.113778385e+002 -1.2671e+000 +3.7476e+000 +1.5901e+000
231 0 +1.447740926e+000 -2.130322591e+002 -2.130322591e+002 -1.9145e+000 +3.2884e+000 +6.8303e-001
246 0 +1.085887605e+000 -2.133941124e+002 -2.133941124e+002 -1.6559e+000 +3.4572e+000 +1.0369e+000
248 0 +7.550148089e-001 -2.137249852e+002 -2.137249852e+002 -1.6674e+000 +3.4627e+000 +1.0337e+000
267 0 +5.992517328e-001 -2.138807483e+002 -2.138807483e+002 -1.7164e+000 +3.4223e+000 +9.5693e-001
291 0 +5.071340100e-001 -2.139728660e+002 -2.139728660e+002 -1.6884e+000 +3.4409e+000 +9.9609e-001
301 0 +3.646155801e-001 -2.141153844e+002 -2.141153844e+002 -1.7656e+000 +3.3870e+000 +8.9191e-001
306 0 +1.230625655e-001 -2.143569374e+002 -2.143569374e+002 -1.6611e+000 +3.4605e+000 +1.0381e+000
338 0 +2.297681363e-002 -2.144570232e+002 -2.144570232e+002 -1.6880e+000 +3.4421e+000 +1.0002e+000
357 0 +5.185047018e-003 -2.144748150e+002 -2.144748150e+002 -1.6742e+000 +3.4518e+000 +1.0196e+000
442 0 +5.038602438e-003 -2.144749614e+002 -2.144749614e+002 -1.6812e+000 +3.4468e+000 +1.0097e+000
444 0 +4.932821943e-003 -2.144750672e+002 -2.144750672e+002 -1.6754e+000 +3.4509e+000 +1.0178e+000
446 0 +4.806255643e-003 -2.144751937e+002 -2.144751937e+002 -1.6744e+000 +3.4517e+000 +1.0193e+000
451 0 +1.237081596e-003 -2.144787629e+002 -2.144787629e+002 -1.6743e+000 +3.4517e+000 +1.0194e+000
470 0 +1.041762467e-003 -2.144789582e+002 -2.144789582e+002 -1.6769e+000 +3.4499e+000 +1.0158e+000
485 0 +6.254776382e-004 -2.144793745e+002 -2.144793745e+002 -1.6751e+000 +3.4512e+000 +1.0183e+000
498 0 +3.309638856e-004 -2.144796690e+002 -2.144796690e+002 -1.6779e+000 +3.4492e+000 +1.0144e+000
511 0 +2.760608863e-004 -2.144797239e+002 -2.144797239e+002 -1.6785e+000 +3.4487e+000 +1.0135e+000
541 0 +2.740828397e-004 -2.144797259e+002 -2.144797259e+002 -1.6783e+000 +3.4489e+000 +1.0137e+000
553 0 +1.742178223e-004 -2.144798258e+002 -2.144798258e+002 -1.6809e+000 +3.4470e+000 +1.0100e+000
554 0 +1.456231956e-004 -2.144798544e+002 -2.144798544e+002 -1.6770e+000 +3.4498e+000 +1.0157e+000
566 0 +1.279699324e-004 -2.144798720e+002 -2.144798720e+002 -1.6792e+000 +3.4482e+000 +1.0125e+000
575 0 +7.770472317e-005 -2.144799223e+002 -2.144799223e+002 -1.6788e+000 +3.4485e+000 +1.0130e+000
584 0 +4.679831704e-006 -2.144799953e+002 -2.144799953e+002 -1.6783e+000 +3.4489e+000 +1.0138e+000
647 0 +4.229815204e-006 -2.144799958e+002 -2.144799958e+002 -1.6786e+000 +3.4487e+000 +1.0133e+000
704 0 +2.352928846e-006 -2.144799976e+002 -2.144799976e+002 -1.6784e+000 +3.4488e+000 +1.0136e+000
708 0 +1.657182338e-006 -2.144799983e+002 -2.144799983e+002 -1.6783e+000 +3.4489e+000 +1.0138e+000
731 0 +8.077765585e-007 -2.144799992e+002 -2.144799992e+002 -1.6783e+000 +3.4489e+000 +1.0138e+000
738 0 +5.937885987e-007 -2.144799994e+002 -2.144799994e+002 -1.6783e+000 +3.4489e+000 +1.0137e+000
788 0 +3.995349971e-007 -2.144799996e+002 -2.144799996e+002 -1.6783e+000 +3.4488e+000 +1.0137e+000
813 0 +3.947368157e-007 -2.144799996e+002 -2.144799996e+002 -1.6783e+000 +3.4488e+000 +1.0137e+000
825 0 +3.038923637e-007 -2.144799997e+002 -2.144799997e+002 -1.6783e+000 +3.4489e+000 +1.0137e+000
846 0 +2.035060049e-007 -2.144799998e+002 -2.144799998e+002 -1.6785e+000 +3.4487e+000 +1.0135e+000
893 0 +1.401091083e-007 -2.144799999e+002 -2.144799999e+002 -1.6783e+000 +3.4489e+000 +1.0138e+000
906 0 +1.160901206e-007 -2.144799999e+002 -2.144799999e+002 -1.6784e+000 +3.4488e+000 +1.0136e+000
911 0 +6.997981927e-008 -2.144799999e+002 -2.144799999e+002 -1.6784e+000 +3.4488e+000 +1.0136e+000
938 0 +4.760312322e-008 -2.144800000e+002 -2.144800000e+002 -1.6784e+000 +3.4488e+000 +1.0136e+000
944 0 +3.169211027e-008 -2.144800000e+002 -2.144800000e+002 -1.6784e+000 +3.4488e+000 +1.0136e+000
950 0 +2.556038226e-008 -2.144800000e+002 -2.144800000e+002 -1.6784e+000 +3.4488e+000 +1.0136e+000
958 0 +2.108174613e-008 -2.144800000e+002 -2.144800000e+002 -1.6784e+000 +3.4488e+000 +1.0136e+000
1001 0 +2.013479161e-008 -2.144800000e+002 -2.144800000e+002 -1.6784e+000 +3.4488e+000 +1.0136e+000
1019 0 +1.313864573e-008 -2.144800000e+002 -2.144800000e+002 -1.6784e+000 +3.4488e+000 +1.0136e+000
1040 0 +8.389207551e-009 -2.144800000e+002 -2.144800000e+002 -1.6784e+000 +3.4488e+000 +1.0136e+000
% f evaluations | g evaluations | best noise-free fitness - Fopt (-4.590000000000e+001) + sum g_i+ | measured fitness | best measured fitness or single-digit g-values | x1 | x2...
1 0 +9.962817851e+002 +9.503817851e+002 +9.503817851e+002 +3.1522e+000 +2.8538e+000 +3.5300e+000
4 0 +6.612699083e+002 +6.153699083e+002 +6.153699083e+002 -3.6525e+000 +2.6374e-001 -2.1314e+000
8 0 +1.210081058e+002 +7.510810580e+001 +7.510810580e+001 +1.0531e+000 -1.0927e+000 +2.9354e-001
18 0 +3.065000111e+001 -1.524999889e+001 -1.524999889e+001 +3.3179e-001 -1.8524e+000 -1.1927e-001
58 0 +9.036166850e+000 -3.686383315e+001 -3.686383315e+001 +4.5220e-001 -1.6995e+000 -1.6154e-001
77 0 +8.057593667e+000 -3.784240633e+001 -3.784240633e+001 +1.1206e+000 -1.6450e+000 -2.9202e-001
101 0 +7.496750349e+000 -3.840324965e+001 -3.840324965e+001 +5.6092e-001 -1.6295e+000 -1.5306e-001
111 0 +5.886873121e+000 -4.001312688e+001 -4.001312688e+001 -1.7446e-001 -1.6896e+000 +1.1547e-002
117 0 +2.345238560e+000 -4.355476144e+001 -4.355476144e+001 -7.9872e-002 -1.6773e+000 +2.8782e-002
127 0 +2.129302099e+000 -4.377069790e+001 -4.377069790e+001 +2.2242e-001 -1.6557e+000 -5.7807e-002
154 0 +1.684500169e+000 -4.421549983e+001 -4.421549983e+001 -1.1499e-001 -1.6601e+000 +2.7569e-002
163 0 +1.387699999e+000 -4.451230000e+001 -4.451230000e+001 +5.3496e-001 -1.6687e+000 -1.4034e-001
166 0 +2.632025061e-001 -4.563679749e+001 -4.563679749e+001 -5.1730e-002 -1.6688e+000 +1.3185e-002
202 0 +2.491376523e-001 -4.565086235e+001 -4.565086235e+001 -6.2147e-002 -1.6688e+000 +1.5728e-002
224 0 +1.213990648e-001 -4.577860094e+001 -4.577860094e+001 +6.3931e-002 -1.6683e+000 -1.7533e-002
240 0 +7.259282214e-002 -4.582740718e+001 -4.582740718e+001 +2.7895e-002 -1.6692e+000 -8.6650e-003
253 0 +2.500634999e-002 -4.587499365e+001 -4.587499365e+001 +3.2885e-002 -1.6690e+000 -1.0126e-002
301 0 +8.214117822e-003 -4.589178588e+001 -4.589178588e+001 +3.3654e-002 -1.6689e+000 -1.0353e-002
324 0 +5.488657454e-003 -4.589451134e+001 -4.589451134e+001 +2.0424e-002 -1.6689e+000 -6.9116e-003
325 0 +5.115203592e-003 -4.589488480e+001 -4.589488480e+001 +1.9807e-002 -1.6689e+000 -6.7502e-003
364 0 +1.917906160e-003 -4.589808209e+001 -4.589808209e+001 +2.2904e-002 -1.6689e+000 -7.5606e-003
450 0 +1.322056883e-003 -4.589867794e+001 -4.589867794e+001 +2.2986e-002 -1.6689e+000 -7.5827e-003
537 0 +1.271125565e-003 -4.589872887e+001 -4.589872887e+001 +2.4996e-002 -1.6689e+000 -8.1060e-003
549 0 +1.033840109e-003 -4.589896616e+001 -4.589896616e+001 +2.5738e-002 -1.6689e+000 -8.2970e-003
565 0 +1.007183542e-003 -4.589899282e+001 -4.589899282e+001 +2.6990e-002 -1.6689e+000 -8.6224e-003
569 0 +9.470185065e-004 -4.589905298e+001 -4.589905298e+001 +2.7549e-002 -1.6689e+000 -8.7682e-003
573 0 +9.295584994e-004 -4.589907044e+001 -4.589907044e+001 +2.9272e-002 -1.6688e+000 -9.2160e-003
574 0 +8.418988106e-004 -4.589915810e+001 -4.589915810e+001 +2.9143e-002 -1.6688e+000 -9.1823e-003
576 0 +7.579579163e-004 -4.589924204e+001 -4.589924204e+001 +3.3230e-002 -1.6688e+000 -1.0244e-002
581 0 +5.481679956e-004 -4.589945183e+001 -4.589945183e+001 +3.1234e-002 -1.6688e+000 -9.7227e-003
588 0 +4.714535634e-004 -4.589952855e+001 -4.589952855e+001 +3.2795e-002 -1.6688e+000 -1.0128e-002
591 0 +4.559032620e-004 -4.589954410e+001 -4.589954410e+001 +3.8476e-002 -1.6688e+000 -1.1604e-002
600 0 +2.346240512e-004 -4.589976538e+001 -4.589976538e+001 +3.7453e-002 -1.6688e+000 -1.1338e-002
623 0 +1.184373273e-004 -4.589988156e+001 -4.589988156e+001 +3.6502e-002 -1.6688e+000 -1.1092e-002
666 0 +1.095301993e-004 -4.589989047e+001 -4.589989047e+001 +3.8412e-002 -1.6688e+000 -1.1587e-002
668 0 +5.693652792e-005 -4.589994306e+001 -4.589994306e+001 +3.7790e-002 -1.6688e+000 -1.1426e-002
676 0 +1.587924289e-005 -4.589998412e+001 -4.589998412e+001 +3.8738e-002 -1.6688e+000 -1.1672e-002
724 0 +4.834786843e-006 -4.589999517e+001 -4.589999517e+001 +3.9833e-002 -1.6688e+000 -1.1957e-002
786 0 +9.716358633e-007 -4.589999903e+001 -4.589999903e+001 +4.0043e-002 -1.6688e+000 -1.2011e-002
793 0 +9.260532536e-007 -4.589999907e+001 -4.589999907e+001 +4.0098e-002 -1.6688e+000 -1.2025e-002
844 0 +4.476571078e-007 -4.589999955e+001 -4.589999955e+001 +4.0121e-002 -1.6688e+000 -1.2031e-002
855 0 +2.218480759e-007 -4.589999978e+001 -4.589999978e+001 +4.0081e-002 -1.6688e+000 -1.2021e-002
902 0 +1.941713563e-007 -4.589999981e+001 -4.589999981e+001 +4.0113e-002 -1.6688e+000 -1.2029e-002
918 0 +1.713112923e-007 -4.589999983e+001 -4.589999983e+001 +4.0118e-002 -1.6688e+000 -1.2031e-002
938 0 +5.337236786e-008 -4.589999995e+001 -4.589999995e+001 +3.9977e-002 -1.6688e+000 -1.1994e-002
971 0 +3.637162393e-008 -4.589999996e+001 -4.589999996e+001 +3.9954e-002 -1.6688e+000 -1.1988e-002
985 0 +1.334384336e-008 -4.589999999e+001 -4.589999999e+001 +3.9974e-002 -1.6688e+000 -1.1993e-002
1032 0 +6.844388167e-009 -4.589999999e+001 -4.589999999e+001 +3.9987e-002 -1.6688e+000 -1.1997e-002
