% f evaluations | g evaluations | best noise-free fitness - Fopt (9.294000000000e+001) + sum g_i+ | measured fitness | best measured fitness or single-digit g-values | x1 | x2...
1 0 +1.731797522e+003 +1.824737522e+003 +1.824737522e+003 -2.5559e+000 +1.8013e+000 -4.4525e+000 +3.1724e+000 -4.6817e+000
2 0 +2.735460474e+002 +3.664860474e+002 +3.664860474e+002 -4.2500e+000 +4.7718e+000 +1.5670e+000 -1.2404e+000 -2.6641e+000
6 0 +1.212228908e+002 +2.141628908e+002 +2.141628908e+002 +4.7059e+000 -2.6705e+000 +1.8690e+000 +2.8668e-001 -2.1200e+000
10 0 +7.328049277e+001 +1.662204928e+002 +1.662204928e+002 -2.8459e+000 +2.5816e+000 -2.0865e+000 -7.5728e-001 -6.8862e-001
15 0 +2.516854248e+001 +1.181085425e+002 +1.181085425e+002 -9.3381e-001 +1.8507e+000 -9.1893e-001 +3.1330e+000 +2.2813e+000
52 0 +2.473947616e+001 +1.176794762e+002 +1.176794762e+002 +2.5075e+000 -1.8129e+000 +1.5038e+000 +4.9065e+000 +1.8824e+000
92 0 +2.142387879e+001 +1.143638788e+002 +1.143638788e+002 +5.7268e-001 -2.7005e+000 +8.6398e-001 +4.4507e+000 +4.6167e+000
96 0 +1.226912005e+001 +1.052091200e+002 +1.052091200e+002 +2.7653e-001 -4.1208e-001 +7.6958e-001 +3.2730e+000 +1.8595e+000
104 0 +5.649570518e+000 +9.858957052e+001 +9.858957052e+001 +3.4180e-001 -2.3182e-001 -1.4187e-003 +4.0917e+000 +3.3567e+000
133 0 +3.864079775e+000 +9.680407977e+001 +9.680407977e+001 -1.3866e+000 +1.7762e+000 -4.2014e-001 +1.9191e+000 +2.2827e+000
167 0 +1.357531508e+000 +9.429753151e+001 +9.429753151e+001 +3.8023e-002 +5.9356e-001 +2.4827e-001 +3.4631e+000 +2.6226e+000
212 0 +1.054887586e+000 +9.399488759e+001 +9.399488759e+001 -1.7612e-001 +9.7335e-002 +4.2103e-001 +3.4521e+000 +3.1767e+000
236 0 +7.861462971e-001 +9.372614630e+001 +9.372614630e+001 +2.5687e-001 +8.0042e-001 -8.1748e-002 +2.3666e+000 +1.4906e+000
259 0 +5.874823821e-001 +9.352748238e+001 +9.352748238e+001 -4.3977e-001 +9.5633e-001 +1.6485e-001 +2.6335e+000 +2.0023e+000
305 0 +3.186973432e-001 +9.325869734e+001 +9.325869734e+001 +3.1616e-002 +7.3154e-001 +4.0565e-001 +3.5198e+000 +2.4178e+000
310 0 +2.045925779e-001 +9.314459258e+001 +9.314459258e+001 -1.0643e-001 +9.2126e-001 +4.1677e-001 +3.2987e+000 +2.3006e+000
413 0 +8.398581698e-002 +9.302398582e+001 +9.302398582e+001 -1.8893e-001 +7.0973e-001 +1.7412e-001 +2.8409e+000 +2.1080e+000
521 0 +7.631268384e-002 +9.301631268e+001 +9.301631268e+001 -2.9586e-001 +9.0099e-001 +2.6795e-001 +3.0223e+000 +2.2989e+000
568 0 +6.414268369e-002 +9.300414268e+001 +9.300414268e+001 -1.0544e-001 +8.1722e-001 +3.3071e-001 +3.1653e+000 +2.3397e+000
583 0 +4.424348202e-002 +9.298424348e+001 +9.298424348e+001 -1.6186e-001 +7.8732e-001 +3.1573e-001 +3.1683e+000 +2.3011e+000
641 0 +1.789455112e-002 +9.295789455e+001 +9.295789455e+001 -3.0836e-001 +8.0698e-001 +2.4429e-001 +2.9788e+000 +2.2996e+000
794 0 +1.386219575e-002 +9.295386220e+001 +9.295386220e+001 -2.2702e-001 +7.3735e-001 +2.9322e-001 +3.0587e+000 +2.3074e+000
814 0 +7.299341378e-003 +9.294729934e+001 +9.294729934e+001 -2.4456e-001 +7.5753e-001 +2.7477e-001 +3.0372e+000 +2.3247e+000
2295 0 +7.732303686e-008 +9.294000008e+001 +9.294000008e+001 -2.3369e-001 +7.1949e-001 +2.9737e-001 +3.1088e+000 +2.4068e+000
2527 0 +5.506333878e-008 +9.294000006e+001 +9.294000006e+001 -2.2063e-001 +7.4395e-001 +2.7143e-001 +3.1018e+000 +2.3909e+000
2531 0 +1.364594482e-008 +9.294000001e+001 +9.294000001e+001 -2.4256e-001 +7.3036e-001 +2.9003e-001 +3.1122e+000 +2.4218e+000
2596 0 +3.170157470e-010 +9.294000000e+001 +9.294000000e+001 -2.2431e-001 +7.4044e-001 +2.7318e-001 +3.1093e+000 +2.4029e+000
% f evaluations | g evaluations | best noise-free fitness - Fopt (3.535000000000e+001) + sum g_i+ | measured fitness | best measured fitness or single-digit g-values | x1 | x2...
1 0 +1.934840770e+003 +1.970190770e+003 +1.970190770e+003 -4.3594e+000 +4.1047e+000 +1.4623e-001 -2.1573e+000 +4.3502e+000
2 0 +1.506993666e+003 +1.542343666e+003 +1.542343666e+003 -2.5419e+000 +3.0151e+000 -2.5048e+000 +1.5689e+000 +4.6071e+000
3 0 +1.423420585e+003 +1.458770585e+003 +1.458770585e+003 +2.5684e+000 +6.3861e-001 -2.1124e+000 -2.2942e+000 +4.7116e+000
4 0 +1.509320802e+002 +1.862820802e+002 +1.862820802e+002 -1.4431e+000 +3.3104e+000 +8.1839e-001 +4.5592e+000 -9.0982e-001
9 0 +1.281405918e+002 +1.634905918e+002 +1.634905918e+002 -2.3999e+000 +7.1175e-001 +3.2181e+000 +2.9432e+000 -2.1902e+000
20 0 +1.163397319e+002 +1.516897319e+002 +1.516897319e+002 +2.7352e+000 -2.8075e+000 +2.6683e+000 -2.4611e+000 -2.7905e+000
24 0 +8.240232431e+001 +1.177523243e+002 +1.177523243e+002 -5.4807e-001 +2.3160e+000 +2.2951e+000 +3.3459e+000 -2.9454e+000
30 0 +8.722733527e+000 +4.407273353e+001 +4.407273353e+001 +2.0648e+000 +5.7313e-001 +4.8003e+000 +9.6275e-001 -1.2841e+000
90 0 +4.985198805e+000 +4.033519880e+001 +4.033519880e+001 +1.9092e+000 +2.5365e+000 +4.0987e+000 +1.7247e+000 -1.6826e+000
138 0 +2.321394310e+000 +3.767139431e+001 +3.767139431e+001 +1.4033e+000 +8.7131e-001 +4.4016e+000 +1.1429e+000 -1.8346e+000
150 0 +2.194685984e+000 +3.754468598e+001 +3.754468598e+001 +2.4163e+000 +1.7183e+000 +3.9259e+000 +1.7247e+000 -1.6496e+000
170 0 +2.119003251e+000 +3.746900325e+001 +3.746900325e+001 +2.4815e+000 +1.6619e+000 +3.9766e+000 +1.5939e+000 -1.6177e+000
185 0 +1.826168460e+000 +3.717616846e+001 +3.717616846e+001 +1.5596e+000 +2.2961e+000 +3.7624e+000 +2.2451e+000 -1.7833e+000
240 0 +9.470929936e-001 +3.629709299e+001 +3.629709299e+001 +2.4459e+000 +7.9780e-001 +4.1971e+000 +1.3007e+000 -1.7641e+000
258 0 +4.256172389e-001 +3.577561724e+001 +3.577561724e+001 +2.0026e+000 +1.0388e+000 +4.0918e+000 +1.5903e+000 -1.6717e+000
282 0 +3.358356783e-001 +3.568583568e+001 +3.568583568e+001 +1.6436e+000 +1.7200e+000 +3.8681e+000 +1.6896e+000 -1.7115e+000
285 0 +2.103291564e-001 +3.556032916e+001 +3.556032916e+001 +1.7104e+000 +1.5399e+000 +3.9895e+000 +1.6946e+000 -1.7576e+000
378 0 +1.007937804e-001 +3.545079378e+001 +3.545079378e+001 +1.5611e+000 +1.7485e+000 +3.8918e+000 +1.6759e+000 -1.8668e+000
395 0 +8.267221449e-002 +3.543267221e+001 +3.543267221e+001 +1.7638e+000 +1.5713e+000 +3.9432e+000 +1.6254e+000 -1.7661e+000
437 0 +7.716076430e-002 +3.542716076e+001 +3.542716076e+001 +1.7356e+000 +1.6312e+000 +3.9502e+000 +1.6128e+000 -1.8214e+000
441 0 +3.065638841e-002 +3.538065639e+001 +3.538065639e+001 +1.6312e+000 +1.7339e+000 +3.8716e+000 +1.6079e+000 -1.8951e+000
539 0 +2.935682198e-002 +3.537935682e+001 +3.537935682e+001 +1.5279e+000 +1.8425e+000 +3.8466e+000 +1.5386e+000 -1.9495e+000
661 0 +1.606000443e-002 +3.536606000e+001 +3.536606000e+001 +1.7179e+000 +1.6641e+000 +3.8838e+000 +1.5505e+000 -1.8829e+000
713 0 +9.953710724e-003 +3.535995371e+001 +3.535995371e+001 +1.6998e+000 +1.6345e+000 +3.8921e+000 +1.5259e+000 -1.8525e+000
1908 0 +9.570523254e-003 +3.535957052e+001 +3.535957052e+001 +1.6857e+000 +1.5851e+000 +3.9332e+000 +1.4658e+000 -1.9060e+000
2083 0 +4.946781230e-003 +3.535494678e+001 +3.535494678e+001 +1.7899e+000 +1.5050e+000 +3.9731e+000 +1.4880e+000 -1.8618e+000
2095 0 +3.933379844e-008 +3.535000004e+001 +3.535000004e+001 +1.7668e+000 +1.5003e+000 +3.9750e+000 +1.4439e+000 -1.8440e+000
2270 0 +3.631997458e-008 +3.535000004e+001 +3.535000004e+001 +1.7659e+000 +1.4899e+000 +3.9788e+000 +1.4542e+000 -1.8625e+000
2275 0 +4.495113615e-009 +3.535000000e+001 +3.535000000e+001 +1.7640e+000 +1.5030e+000 +3.9840e+000 +1.4560e+000 -1.8518e+000
% f evaluations | g evaluations | best noise-free fitness - Fopt (3.820000000000e+000) + sum g_i+ | measured fitness | best measured fitness or single-digit g-values | x1 | x2...
1 0 +1.366569107e+002 +1.404769107e+002 +1.404769107e+002 +4.3369e+000 -3.0097e+000 +3.1410e+000 -2.7361e+000 +1.5489e+000
16 0 +7.239258240e+001 +7.621258240e+001 +7.621258240e+001 +4.4597e+000 +3.0810e+000 +9.7531e-001 +1.8577e+000 +2.2914e+000
21 0 +1.044851032e+001 +1.426851032e+001 +1.426851032e+001 +4.7352e+000 -7.6336e-001 +2.5836e+000 -2.2369e+000 +1.2582e+000
64 0 +3.249292669e+000 +7.069292669e+000 +7.069292669e+000 +4.2945e+000 +1.1616e+000 +2.1294e+000 -3.8755e+000 +1.7606e+000
143 0 +1.955685431e+000 +5.775685431e+000 +5.775685431e+000 +3.7026e+000 +1.2781e+000 +2.0699e+000 -2.7971e+000 +1.3826e+000
203 0 +1.442555010e-001 +3.964255501e+000 +3.964255501e+000 +3.9272e+000 +1.1423e+000 +1.9481e+000 -2.0988e+000 +8.4693e-001
223 0 +7.610676584e-002 +3.896106766e+000 +3.896106766e+000 +3.9106e+000 +1.1208e+000 +2.0481e+000 -2.3769e+000 +9.2339e-001
404 0 +6.483305480e-002 +3.884833055e+000 +3.884833055e+000 +4.0472e+000 +1.2239e+000 +1.8047e+000 -2.5157e+000 +8.7286e-001
411 0 +3.532829647e-002 +3.855328296e+000 +3.855328296e+000 +4.0297e+000 +1.2065e+000 +1.8652e+000 -2.4469e+000 +8.4204e-001
459 0 +3.135945941e-002 +3.851359459e+000 +3.851359459e+000 +3.9961e+000 +1.2565e+000 +1.8315e+000 -2.5966e+000 +8.7372e-001
471 0 +2.843764888e-002 +3.848437649e+000 +3.848437649e+000 +4.0239e+000 +1.2587e+000 +1.8100e+000 -2.5857e+000 +8.3793e-001
481 0 +1.226091691e-002 +3.832260917e+000 +3.832260917e+000 +3.9908e+000 +1.1159e+000 +1.9765e+000 -2.4671e+000 +9.0025e-001
519 0 +5.898380549e-003 +3.825898381e+000 +3.825898381e+000 +4.0183e+000 +1.2402e+000 +1.8186e+000 -2.6723e+000 +8.8079e-001
556 0 +9.652423749e-008 +3.820000097e+000 +3.820000097e+000 +3.9956e+000 +1.1571e+000 +1.8978e+000 -2.5852e+000 +8.5852e-001
585 0 +1.579993958e-008 +3.820000016e+000 +3.820000016e+000 +4.0037e+000 +1.1697e+000 +1.8970e+000 -2.5822e+000 +8.7208e-001
716 0 +7.471516295e-009 +3.820000007e+000 +3.820000007e+000 +4.0054e+000 +1.1738e+000 +1.8854e+000 -2.5756e+000 +8.6558e-001
% f evaluations | g evaluations | best noise-free fitness - Fopt (2.175000000000e+001) + sum g_i+ | measured fitness | best measured fitness or single-digit g-values | x1 | x2...
1 0 +2.569027081e+002 +2.786527081e+002 +2.786527081e+002 +8.2412e-001 +4.3650e+000 +3.3706e+000 -1.9251e+000 -1.2666e+000
10 0 +2.377441055e+002 +2.594941055e+002 +2.594941055e+002 +5.7235e-001 +3.5859e+000 +3.8622e+000 +4.5197e+000 -1.0863e+000
15 0 +2.041280953e+002 +2.258780953e+002 +2.258780953e+002 +4.3559e+000 -3.6889e+000 -1.3312e+000 +2.7851e+000 -1.7700e+000
30 0 +9.152645772e+001 +1.132764577e+002 +1.132764577e+002 +1.3680e+000 +1.3867e+000 +2.1432e+000 +4.8679e+000 -8.3857e-001
50 0 +7.089048242e+001 +9.264048242e+001 +9.264048242e+001 +1.3680e+000 -1.0725e+000 -1.4183e+000 +2.4467e+000 -1.7882e+000
63 0 +2.771838549e+001 +4.946838549e+001 +4.946838549e+001 +3.3667e+000 +3.9369e-001 -1.0415e+000 +2.4359e+000 -3.0619e+000
74 0 +5.711287304e+000 +2.746128730e+001 +2.746128730e+001 +1.7194e+000 +1.7205e+000 +2.5917e-001 +3.7382e+000 -3.1054e+000
103 0 +5.103006114e+000 +2.685300611e+001 +2.685300611e+001 +2.4416e+000 +2.2390e+000 +1.4061e-001 +3.3229e+000 -3.0619e+000
161 0 +3.386403149e+000 +2.513640315e+001 +2.513640315e+001 +1.2948e+000 +1.2594e+000 +1.3519e-001 +4.6916e+000 -2.9143e+000
213 0 +1.340093795e+000 +2.309009379e+001 +2.309009379e+001 +3.2577e+000 +1.9829e+000 -8.3471e-001 +2.9044e+000 -2.5126e+000
221 0 +4.401327553e-001 +2.219013276e+001 +2.219013276e+001 +2.9968e+000 +8.8215e-001 -7.2667e-001 +3.5649e+000 -1.8320e+000
367 0 +2.284019318e-001 +2.197840193e+001 +2.197840193e+001 +3.1865e+000 +9.7529e-001 -9.0285e-001 +3.6241e+000 -2.0150e+000
429 0 +2.163731336e-001 +2.196637313e+001 +2.196637313e+001 +3.6272e+000 +1.2403e+000 -9.8371e-001 +3.0094e+000 -1.9237e+000
489 0 +1.714788319e-001 +2.192147883e+001 +2.192147883e+001 +3.6272e+000 +1.0348e+000 -9.9342e-001 +3.0094e+000 -1.9237e+000
503 0 +8.591142350e-002 +2.183591142e+001 +2.183591142e+001 +3.9676e+000 +7.3897e-001 -1.2039e+000 +2.9614e+000 -1.4797e+000
508 0 +8.409243503e-002 +2.183409244e+001 +2.183409244e+001 +3.6164e+000 +9.8563e-001 -1.0322e+000 +3.0151e+000 -1.7572e+000
539 0 +7.267420228e-002 +2.182267420e+001 +2.182267420e+001 +3.8845e+000 +7.9652e-001 -1.1854e+000 +3.0540e+000 -1.5000e+000
543 0 +7.044354203e-002 +2.182044354e+001 +2.182044354e+001 +3.6399e+000 +7.5417e-001 -1.0782e+000 +3.2899e+000 -1.6940e+000
546 0 +2.497844996e-002 +2.177497845e+001 +2.177497845e+001 +3.7292e+000 +8.0842e-001 -1.1312e+000 +3.1946e+000 -1.5994e+000
617 0 +2.364981263e-002 +2.177364981e+001 +2.177364981e+001 +3.6019e+000 +8.8639e-001 -9.8039e-001 +3.1779e+000 -1.7764e+000
643 0 +2.296642983e-002 +2.177296643e+001 +2.177296643e+001 +3.7198e+000 +9.4393e-001 -1.0470e+000 +3.1289e+000 -1.7509e+000
669 0 +1.691325144e-002 +2.176691325e+001 +2.176691325e+001 +3.7721e+000 +8.7773e-001 -1.0810e+000 +3.0837e+000 -1.7026e+000
752 0 +1.457476349e-002 +2.176457476e+001 +2.176457476e+001 +3.8948e+000 +8.0623e-001 -1.1771e+000 +3.0430e+000 -1.5507e+000
758 0 +3.287162904e-003 +2.175328716e+001 +2.175328716e+001 +3.7206e+000 +9.0813e-001 -1.0493e+000 +3.1318e+000 -1.6983e+000
888 0 +1.628636639e-007 +2.175000016e+001 +2.175000016e+001 +3.7670e+000 +8.7539e-001 -1.1124e+000 +3.1023e+000 -1.6701e+000
905 0 +8.326415823e-008 +2.175000008e+001 +2.175000008e+001 +3.7868e+000 +8.8845e-001 -1.1126e+000 +3.1033e+000 -1.6669e+000
963 0 +4.894303984e-008 +2.175000005e+001 +2.175000005e+001 +3.8005e+000 +9.0022e-001 -1.1240e+000 +3.0721e+000 -1.6741e+000
1027 0 +1.694155216e-008 +2.175000002e+001 +2.175000002e+001 +3.7658e+000 +8.9009e-001 -1.1086e+000 +3.0986e+000 -1.6817e+000
1126 0 +1.275168060e-008 +2.175000001e+001 +2.175000001e+001 +3.7989e+000 +8.9679e-001 -1.1162e+000 +3.0887e+000 -1.6672e+000
1128 0 +1.813258876e-009 +2.175000000e+001 +2.175000000e+001 +3.7669e+000 +8.9288e-001 -1.1050e+000 +3.1126e+000 -1.6712e+000
% f evaluations | g evaluations | best noise-free fitness - Fopt (6.479000000000e+001) + sum g_i+ | measured fitness | best measured fitness or single-digit g-values | x1 | x2...
1 0 +2.253438708e+001 +8.732438708e+001 +8.732438708e+001 -9.3129e-001 +1.0809e+000 +1.6494e+000 +2.5276e+000 -3.1360e+000
103 0 +1.594570992e+001 +8.073570992e+001 +8.073570992e+001 -6.0463e-001 -3.5229e-002 +4.0443e-001 +2.2978e+000 -1.3208e+000
108 0 +1.111804702e+001 +7.590804702e+001 +7.590804702e+001 -1.3189e+000 -1.0248e+000 -1.6728e-001 +7.7404e-001 -4.4599e-001
141 0 +9.772779655e+000 +7.456277966e+001 +7.456277966e+001 -6.4754e-001 +1.0325e-001 +9.7322e-001 +2.5932e+000 -2.3169e+000
143 0 +5.665890118e+000 +7.045589012e+001 +7.045589012e+001 -1.3790e+000 -1.0417e+000 +4.0443e-001 +1.9366e+000 -1.6563e+000
159 0 +1.931343308e+000 +6.672134331e+001 +6.672134331e+001 -2.1616e+000 -2.2583e+000 +2.6458e-001 +1.5002e+000 -6.7361e-001
187 0 +1.852355832e+000 +6.664235583e+001 +6.664235583e+001 -1.4650e+000 -1.4687e+000 +3.4646e-001 +1.3870e+000 -3.0188e-001
218 0 +1.288000558e+000 +6.607800056e+001 +6.607800056e+001 -1.6539e+000 -2.1352e+000 -2.3014e-001 +1.1658e+000 -4.1158e-002
242 0 +1.236413898e+000 +6.602641390e+001 +6.602641390e+001 -7.5534e-001 -1.1122e+000 -1.2908e-001 +1.3694e+000 -1.9763e-001
259 0 +7.337055460e-001 +6.552370555e+001 +6.552370555e+001 -1.4978e+000 -1.8898e+000 -1.0265e-001 +1.5663e+000 -5.3745e-001
300 0 +6.290764301e-001 +6.541907643e+001 +6.541907643e+001 -1.2740e+000 -1.4612e+000 +1.7160e-001 +1.4497e+000 -4.2982e-001
322 0 +5.053350653e-001 +6.529533507e+001 +6.529533507e+001 -6.0678e-001 -9.4183e-001 -4.2968e-003 +1.5321e+000 -3.8628e-001
424 0 +4.012809643e-001 +6.519128096e+001 +6.519128096e+001 -1.1824e+000 -1.9020e+000 -1.7705e-001 +1.1993e+000 +1.4270e-001
434 0 +1.611304054e-001 +6.495113041e+001 +6.495113041e+001 -1.6937e+000 -1.9747e+000 -1.4535e-002 +1.4121e+000 -2.9316e-001
458 0 +1.573458349e-001 +6.494734583e+001 +6.494734583e+001 -2.2293e+000 -2.3636e+000 -5.2161e-002 +1.2620e+000 -3.6877e-001
474 0 +1.071899943e-001 +6.489718999e+001 +6.489718999e+001 -1.8004e+000 -2.0973e+000 -7.2594e-002 +1.3487e+000 -2.1956e-001
505 0 +2.655604558e-002 +6.481655605e+001 +6.481655605e+001 -1.8068e+000 -2.0666e+000 -1.0486e-001 +1.3637e+000 -2.3479e-001
614 0 +1.578691734e-002 +6.480578692e+001 +6.480578692e+001 -1.9560e+000 -2.1422e+000 -7.7008e-002 +1.3971e+000 -3.5274e-001
685 0 +1.340316473e-002 +6.480340316e+001 +6.480340316e+001 -1.8649e+000 -2.1060e+000 -1.0486e-001 +1.3889e+000 -2.3479e-001
696 0 +3.529944994e-003 +6.479352994e+001 +6.479352994e+001 -1.9156e+000 -2.0973e+000 -6.4311e-002 +1.3855e+000 -3.1808e-001
716 0 +5.028780947e-009 +6.479000001e+001 +6.479000001e+001 -1.8568e+000 -2.0776e+000 -8.9010e-002 +1.3855e+000 -2.7861e-001
% f evaluations | g evaluations | best noise-free fitness - Fopt (-1.000000000000e+003) + sum g_i+ | measured fitness | best measured fitness or single-digit g-values | x1 | x2...
1 0 +9.573192316e+002 -4.268076837e+001 -4.268076837e+001 +3.1464e+000 -3.3834e+000 -1.9496e+000 +1.8086e+000 +1.4133e+000
2 0 +5.901068246e+002 -4.098931754e+002 -4.098931754e+002 +4.0102e+000 -4.0225e-001 +2.4895e+000 +2.7019e+000 +3.4826e+000
5 0 +6.392487539e+001 -9.360751246e+002 -9.360751246e+002 -2.8141e+000 -1.0118e+000 -2.4780e+000 +7.9396e-001 -4.6494e+000
32 0 +3.224337885e+001 -9.677566212e+002 -9.677566212e+002 -4.5663e+000 +3.8422e+000 -2.4004e+000 -1.1503e-002 -1.5462e+000
68 0 +1.473990066e+001 -9.852600993e+002 -9.852600993e+002 -2.7174e+000 +2.0254e+000 -1.2657e+000 -1.1378e+000 -4.8252e+000
89 0 +1.039932473e+001 -9.896006753e+002 -9.896006753e+002 -2.3007e+000 +3.2070e+000 -1.8023e+000 -7.3830e-001 -1.7097e+000
130 0 +7.812981272e+000 -9.921870187e+002 -9.921870187e+002 -2.1890e+000 +2.1325e+000 -7.9694e-001 -6.9352e-001 -2.5043e+000
145 0 +5.216789701e+000 -9.947832103e+002 -9.947832103e+002 -1.7948e+000 +8.6270e-001 -1.0793e+000 -9.5693e-001 -4.7320e+000
162 0 +3.697642383e+000 -9.963023576e+002 -9.963023576e+002 -2.3168e+000 +1.7789e+000 -1.4532e+000 -9.0719e-001 -2.7828e+000
185 0 +2.328234398e+000 -9.976717656e+002 -9.976717656e+002 -1.7273e+000 +8.6927e-001 -5.7014e-001 -8.7348e-001 -3.7719e+000
205 0 +2.148947482e+000 -9.978510525e+002 -9.978510525e+002 -1.8552e+000 +2.8914e-001 -7.9876e-001 -7.2997e-001 -3.8916e+000
206 0 +1.598864945e+000 -9.984011351e+002 -9.984011351e+002 -2.2579e+000 -3.9929e-002 -1.2325e+000 -4.8309e-001 -3.8607e+000
226 0 +8.448311207e-001 -9.991551689e+002 -9.991551689e+002 -2.9443e+000 -3.9929e-002 -1.7159e+000 -4.8309e-001 -3.4153e+000
363 0 +3.742009741e-001 -9.996257990e+002 -9.996257990e+002 -3.1277e+000 -3.2282e-001 -1.6917e+000 -4.3504e-001 -3.0612e+000
384 0 +3.265709242e-001 -9.996734291e+002 -9.996734291e+002 -3.8042e+000 -7.4483e-001 -2.1480e+000 -3.5708e-001 -2.8854e+000
401 0 +3.173716984e-001 -9.996826283e+002 -9.996826283e+002 -3.3947e+000 -1.4798e-001 -1.8678e+000 -4.9612e-001 -2.9834e+000
417 0 +1.489053234e-001 -9.998510947e+002 -9.998510947e+002 -4.2211e+000 -1.5255e+000 -2.3673e+000 -2.7416e-001 -2.9298e+000
440 0 +3.253168791e-002 -9.999674683e+002 -9.999674683e+002 -3.8533e+000 -1.2494e+000 -2.1678e+000 -3.2815e-001 -3.0276e+000
554 0 +3.234438433e-002 -9.999676556e+002 -9.999676556e+002 -3.7781e+000 -1.1480e+000 -2.1025e+000 -3.3401e-001 -3.0499e+000
558 0 +1.284275507e-002 -9.999871572e+002 -9.999871572e+002 -3.9211e+000 -1.3646e+000 -2.1718e+000 -2.7179e-001 -2.9488e+000
814 0 +1.187202830e-002 -9.999881280e+002 -9.999881280e+002 -4.0455e+000 -1.3793e+000 -2.2486e+000 -2.7116e-001 -2.9441e+000
867 0 +7.616430105e-003 -9.999923836e+002 -9.999923836e+002 -3.7964e+000 -1.1871e+000 -2.1059e+000 -3.1205e-001 -3.0369e+000
945 0 +3.304365919e-007 -9.999999997e+002 -9.999999997e+002 -3.8659e+000 -1.2771e+000 -2.1436e+000 -2.9433e-001 -3.0125e+000
1017 0 +2.505764769e-007 -9.999999997e+002 -9.999999997e+002 -3.8918e+000 -1.2517e+000 -2.1438e+000 -2.9739e-001 -3.0438e+000
1083 0 +4.315131719e-008 -1.000000000e+003 -1.000000000e+003 -3.8927e+000 -1.2739e+000 -2.1636e+000 -2.9688e-001 -3.0158e+000
1178 0 +1.107218850e-008 -1.000000000e+003 -1.000000000e+003 -3.8911e+000 -1.3015e+000 -2.1580e+000 -2.8707e-001 -3.0428e+000
1275 0 +7.311086847e-009 -1.000000000e+003 -1.000000000e+003 -3.8919e+000 -1.2940e+000 -2.1602e+000 -2.9204e-001 -3.0499e+000
% f evaluations | g evaluations | best noise-free fitness - Fopt (1.640700000000e+002) + sum g_i+ | measured fitness | best measured fitness or single-digit g-values | x1 | x2...
1 0 +7.641533548e+002 +9.282233548e+002 +9.282233548e+002 -8.2677e-001 +3.5581e+000 -1.2408e+000 +4.9994e+000 +1.4310e+000
3 0 +1.149753019e+002 +2.790453019e+002 +2.790453019e+002 +3.3305e+000 -1.8404e+000 +1.4619e+000 +3.5134e+000 +3.2421e+000
4 0 +8.869033811e+001 +2.527603381e+002 +2.527603381e+002 +1.7687e+000 -7.6146e-001 +2.2501e+000 -1.5518e+000 -6.3168e-001
18 0 +2.498235457e+001 +1.890523546e+002 +1.890523546e+002 -2.1872e+000 -1.2015e+000 -4.8422e-001 -3.1181e+000 -1.4740e+000
61 0 +2.144162824e+001 +1.855116282e+002 +1.855116282e+002 -4.8742e-001 +2.7975e+000 -9.3699e-001 -1.3589e+000 -1.2573e+000
81 0 +5.107438939e+000 +1.691774389e+002 +1.691774389e+002 -2.8385e+000 +3.0975e+000 -1.1297e+000 -4.2444e+000 -1.7258e+000
184 0 +4.657424598e+000 +1.687274246e+002 +1.687274246e+002 -2.8845e+000 +3.6817e+000 -1.7445e+000 -4.2079e+000 -1.9369e+000
202 0 +3.724369484e+000 +1.677943695e+002 +1.677943695e+002 -3.0100e+000 +1.2627e+000 -1.1485e+000 -4.5614e+000 -1.6422e+000
270 0 +1.859735468e+000 +1.659297355e+002 +1.659297355e+002 -3.3157e+000 +3.1666e+000 -1.9147e+000 -3.8794e+000 -1.8985e+000
298 0 +9.976373968e-001 +1.650676374e+002 +1.650676374e+002 -2.3117e+000 +3.7587e+000 -2.2227e+000 -3.5746e+000 -2.4862e+000
429 0 +6.530155456e-001 +1.647230155e+002 +1.647230155e+002 -2.2999e+000 +3.5011e+000 -2.3925e+000 -3.4763e+000 -2.4992e+000
477 0 +1.021796263e-001 +1.641721796e+002 +1.641721796e+002 -2.1122e+000 +3.9616e+000 -2.6241e+000 -3.1975e+000 -2.4414e+000
620 0 +9.443371364e-002 +1.641644337e+002 +1.641644337e+002 -2.1343e+000 +3.6665e+000 -2.4747e+000 -3.2226e+000 -2.4824e+000
713 0 +8.053331228e-002 +1.641505333e+002 +1.641505333e+002 -1.9337e+000 +4.0658e+000 -2.7710e+000 -2.8779e+000 -2.4478e+000
746 0 +4.306120250e-002 +1.641130612e+002 +1.641130612e+002 -2.1551e+000 +3.7698e+000 -2.5565e+000 -3.0651e+000 -2.3088e+000
747 0 +3.958711967e-002 +1.641095871e+002 +1.641095871e+002 -2.0000e+000 +3.9952e+000 -2.6766e+000 -2.9545e+000 -2.3756e+000
775 0 +3.013979114e-002 +1.641001398e+002 +1.641001398e+002 -2.2393e+000 +3.7955e+000 -2.5469e+000 -3.2456e+000 -2.3613e+000
785 0 +1.443637281e-002 +1.640844364e+002 +1.640844364e+002 -2.0598e+000 +3.8908e+000 -2.6389e+000 -3.0169e+000 -2.3999e+000
942 0 +1.380970443e-002 +1.640838097e+002 +1.640838097e+002 -2.0599e+000 +3.9591e+000 -2.6977e+000 -3.0020e+000 -2.4085e+000
990 0 +1.347419492e-002 +1.640834742e+002 +1.640834742e+002 -2.0463e+000 +3.9921e+000 -2.7177e+000 -2.9993e+000 -2.4409e+000
1130 0 +6.578618660e-003 +1.640765786e+002 +1.640765786e+002 -2.1539e+000 +3.8594e+000 -2.6072e+000 -3.1208e+000 -2.4074e+000
1160 0 +6.982807577e-008 +1.640700001e+002 +1.640700001e+002 -2.1535e+000 +3.9155e+000 -2.6477e+000 -3.1066e+000 -2.4003e+000
1200 0 +4.707897006e-008 +1.640700000e+002 +1.640700000e+002 -2.1576e+000 +3.9352e+000 -2.6642e+000 -3.1038e+000 -2.4050e+000
1242 0 +1.786736448e-008 +1.640700000e+002 +1.640700000e+002 -2.1668e+000 +3.9487e+000 -2.6790e+000 -3.1244e+000 -2.4286e+000
1278 0 +8.119172890e-009 +1.640700000e+002 +1.640700000e+002 -2.1593e+000 +3.9367e+000 -2.6754e+000 -3.1295e+000 -2.4174e+000
% f evaluations | g evaluations | best noise-free fitness - Fopt (-1.656800000000e+002) + sum g_i+ | measured fitness | best measured fitness or single-digit g-values | x1 | x2...
1 0 +2.139125318e+002 +4.823253183e+001 +4.823253183e+001 -3.4805e+000 +4.0069e+000 -3.8512e+000 -3.2076e+000 +3.3138e+000
5 0 +6.257928745e+001 -1.031007126e+002 -1.031007126e+002 +2.7769e+000 +2.9634e+000 +1.9631e+000 +2.7928e+000 +2.1272e-001
10 0 +4.700248541e+001 -1.186775146e+002 -1.186775146e+002 -2.3245e+000 +2.8158e-002 -6.7991e-001 +6.0199e-001 +2.5286e+000
28 0 +1.470106774e+001 -1.509789323e+002 -1.509789323e+002 +2.7147e-002 -5.7226e-001 +4.1326e+000 +1.0127e+000 +4.8598e-001
65 0 +1.383887739e+001 -1.518411226e+002 -1.518411226e+002 -3.4036e-001 +2.3434e+000 +3.9680e+000 +9.5377e-001 +2.1272e-001
70 0 +9.893785390e+000 -1.557862146e+002 -1.557862146e+002 -1.4742e+000 +3.6248e-002 +2.4921e-001 +9.3857e-001 +2.4225e+000
90 0 +8.793293804e+000 -1.568867062e+002 -1.568867062e+002 -2.3853e+000 +8.0468e-001 +1.4126e-001 +1.9794e+000 +2.7899e+000
148 0 +4.273715701e+000 -1.614062843e+002 -1.614062843e+002 -9.1256e-001 -5.7226e-001 +2.7286e+000 +1.4955e+000 +1.3935e+000
160 0 +3.179270329e+000 -1.625007297e+002 -1.625007297e+002 -1.4661e+000 +3.4326e-001 +4.5133e-001 +2.4145e+000 +2.7242e+000
206 0 +5.641711259e-001 -1.651158289e+002 -1.651158289e+002 -7.5638e-001 +3.7947e-001 +1.4455e+000 +1.9126e+000 +1.9623e+000
306 0 +4.992443920e-001 -1.651807556e+002 -1.651807556e+002 -6.6800e-001 +2.2634e-001 +1.4455e+000 +2.1100e+000 +1.9794e+000
358 0 +1.197630102e-001 -1.655602370e+002 -1.655602370e+002 -8.6310e-001 -1.1630e-001 +1.7288e+000 +1.8520e+000 +1.8188e+000
461 0 +7.320032738e-002 -1.656067997e+002 -1.656067997e+002 -1.0080e+000 -4.4757e-001 +1.5965e+000 +1.7130e+000 +1.9613e+000
495 0 +6.519204874e-002 -1.656148080e+002 -1.656148080e+002 -9.5372e-001 -3.9163e-001 +1.5448e+000 +1.7939e+000 +1.9987e+000
500 0 +5.748388220e-002 -1.656225161e+002 -1.656225161e+002 -9.2567e-001 -8.9733e-002 +1.6362e+000 +1.8108e+000 +1.8892e+000
518 0 +4.209392113e-002 -1.656379061e+002 -1.656379061e+002 -9.0331e-001 -1.7923e-001 +1.6793e+000 +1.8423e+000 +1.8703e+000
541 0 +1.016438640e-002 -1.656698356e+002 -1.656698356e+002 -9.9833e-001 -3.0883e-001 +1.5816e+000 +1.8445e+000 +1.9600e+000
648 0 +5.054401325e-003 -1.656749456e+002 -1.656749456e+002 -9.7100e-001 -3.9092e-001 +1.6053e+000 +1.8595e+000 +1.9639e+000
670 0 +1.094404070e-007 -1.656799999e+002 -1.656799999e+002 -1.0748e+000 -4.5401e-001 +1.5793e+000 +1.8467e+000 +1.9857e+000
717 0 +2.008800948e-008 -1.656800000e+002 -1.656800000e+002 -1.0399e+000 -4.3709e-001 +1.5703e+000 +1.8543e+000 +1.9911e+000
818 0 +1.883884693e-008 -1.656800000e+002 -1.656800000e+002 -1.0618e+000 -4.5627e-001 +1.5767e+000 +1.8565e+000 +1.9814e+000
870 0 +6.811205822e-009 -1.656800000e+002 -1.656800000e+002 -1.0578e+000 -4.6660e-001 +1.5692e+000 +1.8537e+000 +2.0010e+000
% f evaluations | g evaluations | best noise-free fitness - Fopt (9.284000000000e+001) + sum g_i+ | measured fitness | best measured fitness or single-digit g-values | x1 | x2...
1 0 +8.020137471e+002 +8.948537471e+002 +8.948537471e+002 -2.6412e+000 +2.6828e+000 +9.0911e-001 +2.4268e+000 +4.0952e+000
2 0 +1.041342208e+002 +1.969742208e+002 +1.969742208e+002 +2.8124e+000 -3.7022e+000 -3.6669e+000 -4.1102e-001 -2.7238e-001
19 0 +6.627258282e+001 +1.591125828e+002 +1.591125828e+002 -1.1082e+000 -3.4494e+000 -4.4103e+000 +2.8750e+000 +4.6057e+000
20 0 +5.779438755e+001 +1.506343875e+002 +1.506343875e+002 +9.2056e-001 -3.3248e+000 +5.9309e-001 +9.6026e-003 +1.2488e+000
37 0 +2.895102684e+001 +1.217910268e+002 +1.217910268e+002 +2.2899e+000 -2.6068e+000 -4.3023e+000 +6.6297e-001 -1.6015e+000
56 0 +1.892603139e+001 +1.117660314e+002 +1.117660314e+002 +2.0442e+000 -3.3520e+000 -4.8421e+000 +1.6182e+000 +1.3204e+000
77 0 +1.758875759e+001 +1.104287576e+002 +1.104287576e+002 +2.9688e+000 -2.7389e+000 -4.2807e+000 +2.4034e-001 -1.2194e+000
78 0 +8.572248712e+000 +1.014122487e+002 +1.014122487e+002 +1.2449e+000 -1.6979e+000 -2.5142e+000 +6.8576e-001 +4.6074e-001
137 0 +6.354077593e+000 +9.919407759e+001 +9.919407759e+001 +1.7998e+000 -3.0597e+000 -1.7819e+000 +1.2682e-001 -7.8585e-001
144 0 +4.468251741e+000 +9.730825174e+001 +9.730825174e+001 +1.9654e+000 -2.9275e+000 -2.3075e+000 +7.6477e-001 +4.4815e-001
176 0 +2.773284644e+000 +9.561328464e+001 +9.561328464e+001 +1.4208e+000 -2.2616e+000 -3.2982e+000 +1.9497e+000 +1.7288e+000
198 0 +2.529015865e+000 +9.536901586e+001 +9.536901586e+001 +1.4683e+000 -2.1725e+000 -2.8270e+000 +1.2276e+000 +9.4910e-001
239 0 +1.086910917e+000 +9.392691092e+001 +9.392691092e+001 +1.5008e+000 -2.2550e+000 -3.4984e+000 +1.4941e+000 +1.1929e+000
298 0 +3.613515317e-001 +9.320135153e+001 +9.320135153e+001 +1.9865e+000 -1.8217e+000 -3.8525e+000 +9.0098e-001 +4.4480e-001
384 0 +3.072751787e-001 +9.314727518e+001 +9.314727518e+001 +2.0333e+000 -2.1162e+000 -3.3824e+000 +9.0950e-001 +2.3156e-001
454 0 +1.405322149e-001 +9.298053221e+001 +9.298053221e+001 +1.8817e+000 -1.7982e+000 -3.8973e+000 +7.9251e-001 +5.3773e-001
494 0 +1.097200677e-001 +9.294972007e+001 +9.294972007e+001 +2.1692e+000 -2.1170e+000 -3.4170e+000 +8.3352e-001 +4.3745e-002
513 0 +5.895519533e-002 +9.289895520e+001 +9.289895520e+001 +2.1173e+000 -2.0704e+000 -3.6073e+000 +7.9414e-001 +1.0319e-001
605 0 +5.456208394e-002 +9.289456208e+001 +9.289456208e+001 +2.0501e+000 -2.0076e+000 -3.5912e+000 +7.1931e-001 +1.7548e-001
625 0 +5.180676214e-002 +9.289180676e+001 +9.289180676e+001 +2.0501e+000 -1.9572e+000 -3.6806e+000 +6.9614e-001 +1.7548e-001
653 0 +3.002263539e-002 +9.287002264e+001 +9.287002264e+001 +2.0604e+000 -2.0801e+000 -3.6729e+000 +8.2440e-001 +2.6685e-001
685 0 +2.741622303e-002 +9.286741622e+001 +9.286741622e+001 +2.0013e+000 -2.0274e+000 -3.5898e+000 +7.6951e-001 +2.8756e-001
690 0 +2.106001494e-002 +9.286106001e+001 +9.286106001e+001 +2.0164e+000 -2.0610e+000 -3.5801e+000 +8.6875e-001 +3.4018e-001
761 0 +1.652353133e-002 +9.285652353e+001 +9.285652353e+001 +2.0198e+000 -2.0792e+000 -3.5082e+000 +8.4786e-001 +3.3464e-001
825 0 +9.014649533e-003 +9.284901465e+001 +9.284901465e+001 +2.0101e+000 -2.0795e+000 -3.4847e+000 +8.2074e-001 +2.9854e-001
833 0 +1.760121648e-007 +9.284000018e+001 +9.284000018e+001 +1.9840e+000 -2.0533e+000 -3.5550e+000 +8.0655e-001 +3.2807e-001
913 0 +1.522495836e-007 +9.284000015e+001 +9.284000015e+001 +1.9703e+000 -2.0384e+000 -3.5870e+000 +8.1520e-001 +3.2807e-001
942 0 +9.541456336e-008 +9.284000010e+001 +9.284000010e+001 +1.9774e+000 -2.0669e+000 -3.5736e+000 +7.8905e-001 +3.3336e-001
954 0 +3.670071180e-008 +9.284000004e+001 +9.284000004e+001 +1.9829e+000 -2.0608e+000 -3.5740e+000 +8.1706e-001 +3.4956e-001
1024 0 +2.217578299e-008 +9.284000002e+001 +9.284000002e+001 +1.9860e+000 -2.0619e+000 -3.5840e+000 +8.3681e-001 +3.5061e-001
1069 0 +1.743481448e-008 +9.284000002e+001 +9.284000002e+001 +1.9727e+000 -2.0730e+000 -3.5896e+000 +8.3167e-001 +3.5822e-001
1106 0 +1.228150381e-008 +9.284000001e+001 +9.284000001e+001 +1.9749e+000 -2.0757e+000 -3.5853e+000 +8.2908e-001 +3.6574e-001
1114 0 +1.081424728e-008 +9.284000001e+001 +9.284000001e+001 +1.9785e+000 -2.0681e+000 -3.5834e+000 +8.3597e-001 +3.6376e-001
1213 0 +8.514675187e-009 +9.284000001e+001 +9.284000001e+001 +1.9690e+000 -2.0658e+000 -3.5757e+000 +8.1984e-001 +3.6982e-001
% f evaluations | g evaluations | best noise-free fitness - Fopt (-3.679200000000e+002) + sum g_i+ | measured fitness | best measured fitness or single-digit g-values | x1 | x2...
1 0 +5.086553700e+002 +1.407353700e+002 +1.407353700e+002 +4.2267e+000 -1.5579e-001 -2.5631e+000 +2.0879e+000 -4.1399e+000
5 0 +3.157537261e+002 -5.216627394e+001 -5.216627394e+001 +7.0957e-001 -1.2478e+000 -1.1251e+000 +4.7438e+000 +1.0789e-001
8 0 +1.046392172e+002 -2.632807828e+002 -2.632807828e+002 +2.4072e+000 +2.6337e-001 -3.4318e+000 -1.2816e+000 +6.1169e-002
10 0 +7.147375261e+001 -2.964462474e+002 -2.964462474e+002 -1.7353e+000 -3.4084e+000 +3.0545e+000 +3.8500e+000 -7.0896e-001
11 0 +4.231404921e+001 -3.256059508e+002 -3.256059508e+002 -3.6250e+000 -2.4037e+000 +3.5045e-001 +3.0226e+000 +2.7056e+000
38 0 +3.135283948e+001 -3.365671605e+002 -3.365671605e+002 +7.8166e-001 -1.4582e+000 +3.3021e-001 +1.4314e-002 -5.4514e-001
43 0 +2.286564645e+001 -3.450543536e+002 -3.450543536e+002 -8.6600e-001 -1.4508e+000 +2.2351e+000 +8.8980e-001 -1.8304e+000
72 0 +1.099624934e+001 -3.569237507e+002 -3.569237507e+002 +1.0837e+000 -3.0020e-001 +4.8177e+000 +8.5772e-001 -9.8812e-001
83 0 +1.015606903e+001 -3.577639310e+002 -3.577639310e+002 -1.7045e+000 -1.4508e+000 +2.8239e+000 +1.9044e+000 -1.8304e+000
92 0 +8.835159761e+000 -3.590848402e+002 -3.590848402e+002 +4.0662e-002 -4.4829e-001 +3.1882e+000 +1.8238e-001 -2.3901e-001
150 0 +5.814621882e+000 -3.621053781e+002 -3.621053781e+002 -1.5605e+000 -1.4897e+000 +3.5050e+000 +1.7200e+000 +4.2904e-002
180 0 +4.033486769e+000 -3.638865132e+002 -3.638865132e+002 -3.5884e-001 -1.3336e+000 +3.2569e+000 +1.3454e+000 -4.1420e-002
187 0 +2.423120970e+000 -3.654968790e+002 -3.654968790e+002 -6.1246e-001 -1.4176e+000 +3.9178e+000 +1.4324e+000 -8.9142e-001
209 0 +1.274900761e+000 -3.666450992e+002 -3.666450992e+002 +1.6430e-001 -7.4087e-001 +3.2540e+000 +9.4108e-001 -1.6838e-001
237 0 +1.055529560e+000 -3.668644704e+002 -3.668644704e+002 -1.9902e-002 -1.0303e+000 +2.5521e+000 +1.1570e+000 +6.3282e-001
285 0 +8.147372297e-001 -3.671052628e+002 -3.671052628e+002 +1.6263e+000 -5.2332e-001 +2.2895e+000 +3.5509e-001 +8.3395e-001
299 0 +5.840881534e-001 -3.673359118e+002 -3.673359118e+002 +7.5267e-003 -9.4841e-001 +2.5390e+000 +1.1877e+000 +4.8271e-001
308 0 +5.362386689e-001 -3.673837613e+002 -3.673837613e+002 +6.4931e-001 -8.3071e-001 +2.1267e+000 +7.9463e-001 +1.0052e+000
364 0 +1.227105825e-001 -3.677972894e+002 -3.677972894e+002 +7.3304e-001 -7.7319e-001 +2.1261e+000 +8.2523e-001 +9.3279e-001
424 0 +7.386514018e-002 -3.678461349e+002 -3.678461349e+002 +9.1609e-001 -7.3529e-001 +2.0692e+000 +7.8244e-001 +1.0575e+000
444 0 +6.423002322e-002 -3.678557700e+002 -3.678557700e+002 +8.8112e-001 -7.8154e-001 +2.3844e+000 +7.9813e-001 +8.8463e-001
502 0 +5.869950065e-002 -3.678613005e+002 -3.678613005e+002 +6.5999e-001 -7.9900e-001 +2.3581e+000 +8.1208e-001 +7.0983e-001
521 0 +2.745681079e-002 -3.678925432e+002 -3.678925432e+002 +8.5491e-001 -7.9029e-001 +2.3932e+000 +8.2457e-001 +6.8582e-001
536 0 +2.194508912e-002 -3.678980549e+002 -3.678980549e+002 +8.9182e-001 -7.8126e-001 +2.4632e+000 +7.6781e-001 +6.2857e-001
595 0 +1.046485982e-002 -3.679095351e+002 -3.679095351e+002 +8.0163e-001 -7.9188e-001 +2.4782e+000 +8.3109e-001 +6.6630e-001
614 0 +9.535972367e-008 -3.679199999e+002 -3.679199999e+002 +8.7409e-001 -7.7515e-001 +2.3702e+000 +8.0427e-001 +7.4159e-001
754 0 +1.216812962e-008 -3.679200000e+002 -3.679200000e+002 +8.4465e-001 -7.8718e-001 +2.3938e+000 +8.1992e-001 +7.4217e-001
990 0 +3.136449322e-009 -3.679200000e+002 -3.679200000e+002 +8.4492e-001 -7.8347e-001 +2.3876e+000 +8.1600e-001 +7.3661e-001
% f evaluations | g evaluations | best noise-free fitness - Fopt (4.950000000000e+001) + sum g_i+ | measured fitness | best measured fitness or single-digit g-values | x1 | x2...
1 0 +1.029510207e+003 +1.079010207e+003 +1.079010207e+003 +4.9839e+000 +2.4865e+000 +4.6872e+000 +5.9786e-001 -3.0116e+000
2 0 +7.528423998e+001 +1.247842400e+002 +1.247842400e+002 +1.5768e+000 -2.5208e+000 +2.0525e+000 -3.5417e+000 -3.9976e+000
43 0 +5.866905820e+001 +1.081690582e+002 +1.081690582e+002 -2.4441e+000 -3.5905e+000 -2.0490e+000 +1.4534e+000 +3.2165e+000
46 0 +4.304545767e+001 +9.254545767e+001 +9.254545767e+001 -1.7939e+000 -9.8059e-001 -6.0188e-001 -2.5188e+000 -1.1523e+000
58 0 +2.365007289e+001 +7.315007289e+001 +7.315007289e+001 +1.0699e-001 -5.0000e+000 +1.3269e-002 -1.2084e+000 -2.5149e+000
72 0 +1.363309056e+001 +6.313309056e+001 +6.313309056e+001 -2.8680e+000 -3.1844e+000 -1.8803e+000 +5.2164e-001 +2.5088e-001
103 0 +7.905641295e+000 +5.740564129e+001 +5.740564129e+001 -3.7690e+000 -2.4552e-001 -2.7229e+000 +1.1249e+000 +1.8552e-001
143 0 +4.230552695e+000 +5.373055269e+001 +5.373055269e+001 -3.6334e+000 -3.0549e-001 -3.0265e+000 +9.5544e-001 -3.0371e-001
155 0 +2.847748357e+000 +5.234774836e+001 +5.234774836e+001 -3.2640e+000 -6.7177e-001 -2.3346e+000 -8.8101e-003 -7.8017e-001
202 0 +1.539346260e+000 +5.103934626e+001 +5.103934626e+001 -3.4332e+000 -1.1742e+000 -2.7541e+000 -9.4417e-002 +1.6320e-001
233 0 +1.219286492e+000 +5.071928649e+001 +5.071928649e+001 -3.1073e+000 -1.8599e+000 -2.1772e+000 +1.4662e-001 -2.5145e-001
266 0 +1.027173942e+000 +5.052717394e+001 +5.052717394e+001 -3.1571e+000 -9.5138e-001 -2.4821e+000 +1.0117e-003 -2.4007e-001
268 0 +7.055917317e-001 +5.020559173e+001 +5.020559173e+001 -3.5443e+000 -8.9253e-001 -2.8841e+000 -6.3205e-001 -2.0876e-001
376 0 +6.133432395e-001 +5.011334324e+001 +5.011334324e+001 -3.0991e+000 -1.3623e+000 -2.4168e+000 -1.9593e-001 -5.7962e-001
408 0 +5.320974955e-001 +5.003209750e+001 +5.003209750e+001 -3.3799e+000 -8.9518e-001 -2.6130e+000 -5.3290e-001 -6.9378e-001
438 0 +1.299203859e-001 +4.962992039e+001 +4.962992039e+001 -3.0283e+000 -1.4577e+000 -2.4229e+000 -6.7167e-001 -4.7606e-001
560 0 +6.694110679e-002 +4.956694111e+001 +4.956694111e+001 -3.0023e+000 -1.3876e+000 -2.4488e+000 -1.0363e+000 -5.7653e-001
598 0 +2.734334262e-002 +4.952734334e+001 +4.952734334e+001 -2.9960e+000 -1.3886e+000 -2.4261e+000 -9.0996e-001 -5.1490e-001
683 0 +2.321834607e-002 +4.952321835e+001 +4.952321835e+001 -2.8319e+000 -1.6211e+000 -2.3401e+000 -9.7844e-001 -6.0718e-001
756 0 +1.667257006e-002 +4.951667257e+001 +4.951667257e+001 -2.9051e+000 -1.4563e+000 -2.4100e+000 -9.9178e-001 -5.3737e-001
760 0 +1.042214284e-002 +4.951042214e+001 +4.951042214e+001 -2.7775e+000 -1.6169e+000 -2.3162e+000 -1.0934e+000 -6.2784e-001
773 0 +7.414764854e-003 +4.950741476e+001 +4.950741476e+001 -2.7770e+000 -1.6075e+000 -2.3476e+000 -1.1676e+000 -6.0758e-001
832 0 +2.294337733e-007 +4.950000023e+001 +4.950000023e+001 -2.8426e+000 -1.5326e+000 -2.3688e+000 -1.0656e+000 -6.2165e-001
892 0 +1.253968875e-007 +4.950000013e+001 +4.950000013e+001 -2.8211e+000 -1.5552e+000 -2.3633e+000 -1.1010e+000 -6.2288e-001
899 0 +1.072051106e-007 +4.950000011e+001 +4.950000011e+001 -2.8379e+000 -1.5538e+000 -2.3756e+000 -1.1185e+000 -5.9236e-001
912 0 +9.875845564e-008 +4.950000010e+001 +4.950000010e+001 -2.8478e+000 -1.5498e+000 -2.3862e+000 -1.0980e+000 -5.8723e-001
943 0 +5.789925694e-008 +4.950000006e+001 +4.950000006e+001 -2.8403e+000 -1.5384e+000 -2.3772e+000 -1.1116e+000 -5.9856e-001
966 0 +1.833709007e-008 +4.950000002e+001 +4.950000002e+001 -2.8550e+000 -1.5465e+000 -2.3820e+000 -1.1032e+000 -5.9759e-001
1139 0 +4.727368719e-009 +4.950000000e+001 +4.950000000e+001 -2.8459e+000 -1.5483e+000 -2.3843e+000 -1.1113e+000 -5.8583e-001
% f evaluations | g evaluations | best noise-free fitness - Fopt (-1.277000000000e+001) + sum g_i+ | measured fitness | best measured fitness or single-digit g-values | x1 | x2...
1 0 +1.701010501e+002 +1.573310501e+002 +1.573310501e+002 +2.9919e+000 +4.1902e+000 +1.2508e+000 +1.3463e+000 -3.1200e+000
14 0 +5.153120447e+001 +3.876120447e+001 +3.876120447e+001 +3.2571e+000 +2.9861e+000 -3.0061e+000 +4.0700e+000 +1.4116e+000
31 0 +3.141932569e+001 +1.864932569e+001 +1.864932569e+001 +3.0564e+000 +4.4448e+000 -7.3185e-001 -8.2747e-001 +5.2546e-001
54 0 +1.958779051e+001 +6.817790513e+000 +6.817790513e+000 +3.9545e+000 +2.9861e+000 -4.3340e-002 +4.0700e+000 +5.9232e-001
76 0 +7.698609292e+000 -5.071390708e+000 -5.071390708e+000 +2.1697e+000 +2.2259e+000 +1.2459e+000 -4.6359e-001 +1.4403e+000
120 0 +6.680298115e+000 -6.089701885e+000 -6.089701885e+000 +1.1328e+000 +2.2896e+000 +2.3462e-001 -7.0473e-001 +2.8018e+000
211 0 +2.944941225e+000 -9.825058775e+000 -9.825058775e+000 +2.0758e+000 +2.4817e+000 +9.1036e-001 +4.3638e-001 +2.4082e+000
280 0 +1.808647146e+000 -1.096135285e+001 -1.096135285e+001 +2.3914e+000 +2.8916e+000 +3.4300e-001 +1.0975e+000 +1.6903e+000
353 0 +1.555797145e+000 -1.121420286e+001 -1.121420286e+001 +1.0865e+000 +1.6443e+000 +1.5146e+000 +3.0274e-001 +2.7933e+000
359 0 +1.058646105e+000 -1.171135389e+001 -1.171135389e+001 +1.1942e+000 +1.6968e+000 +2.1504e+000 +1.6187e+000 +2.6167e+000
435 0 +8.810032517e-001 -1.188899675e+001 -1.188899675e+001 +1.4096e+000 +2.0730e+000 +9.9324e-001 +6.7341e-001 +2.3210e+000
470 0 +6.028192826e-001 -1.216718072e+001 -1.216718072e+001 +1.1324e+000 +1.7825e+000 +1.8346e+000 +6.1006e-001 +2.4950e+000
500 0 +1.087108078e-001 -1.266128919e+001 -1.266128919e+001 +1.2438e+000 +1.7846e+000 +1.6746e+000 +3.2999e-001 +2.4761e+000
621 0 +6.724670566e-002 -1.270275329e+001 -1.270275329e+001 +1.3973e+000 +1.9380e+000 +1.6815e+000 +6.9309e-001 +2.4054e+000
630 0 +6.460804707e-002 -1.270539195e+001 -1.270539195e+001 +1.3741e+000 +1.9164e+000 +1.7325e+000 +5.5254e-001 +2.3709e+000
645 0 +2.975277396e-002 -1.274024723e+001 -1.274024723e+001 +1.3349e+000 +1.9198e+000 +1.7785e+000 +4.4643e-001 +2.3438e+000
784 0 +2.015259520e-002 -1.274984740e+001 -1.274984740e+001 +1.3586e+000 +1.8949e+000 +1.7902e+000 +6.7482e-001 +2.3912e+000
810 0 +1.476990829e-002 -1.275523009e+001 -1.275523009e+001 +1.2485e+000 +1.8288e+000 +1.8626e+000 +5.3116e-001 +2.4545e+000
843 0 +1.083328841e-002 -1.275916671e+001 -1.275916671e+001 +1.3304e+000 +1.9121e+000 +1.7609e+000 +4.8083e-001 +2.3448e+000
996 0 +1.626881811e-007 -1.276999984e+001 -1.276999984e+001 +1.3129e+000 +1.8804e+000 +1.7831e+000 +5.1521e-001 +2.3685e+000
1065 0 +6.651731077e-008 -1.276999993e+001 -1.276999993e+001 +1.3431e+000 +1.9001e+000 +1.7576e+000 +5.1720e-001 +2.3671e+000
1196 0 +3.665255122e-008 -1.276999996e+001 -1.276999996e+001 +1.3318e+000 +1.8915e+000 +1.7739e+000 +5.3466e-001 +2.3715e+000
1435 0 +5.264038094e-010 -1.277000000e+001 -1.277000000e+001 +1.3149e+000 +1.8857e+000 +1.8159e+000 +5.5588e-001 +2.3647e+000
% f evaluations | g evaluations | best noise-free fitness - Fopt (6.365000000000e+001) + sum g_i+ | measured fitness | best measured fitness or single-digit g-values | x1 | x2...
1 0 +4.742174179e+002 +5.378674179e+002 +5.378674179e+002 +2.0349e+000 -8.8659e-001 +4.7435e+000 -4.0061e+000 -2.5119e+000
2 0 +2.493269658e+002 +3.129769658e+002 +3.129769658e+002 +2.2562e+000 +1.1427e+000 -6.1358e-001 +4.3232e+000 -3.9048e+000
4 0 +2.292029202e+002 +2.928529202e+002 +2.928529202e+002 -5.8985e-001 -3.4102e+000 -4.8048e+000 -9.8011e-001 +3.5932e+000
9 0 +1.083088694e+002 +1.719588694e+002 +1.719588694e+002 +1.7253e+000 +1.5335e+000 +4.1050e+000 +3.0435e+000 -4.7944e-001
10 0 +2.021899161e+001 +8.386899161e+001 +8.386899161e+001 -9.1103e-001 +1.7136e+000 +1.3777e+000 -6.3118e-001 +2.0581e+000
71 0 +3.826184691e+000 +6.747618469e+001 +6.747618469e+001 -2.3611e+000 +1.1474e+000 -1.8707e+000 -1.5139e+000 +2.2052e+000
191 0 +3.292216559e+000 +6.694221656e+001 +6.694221656e+001 -5.4273e-001 -3.9677e-001 -2.0272e+000 -1.1558e+000 +6.7665e-001
214 0 +1.760103344e+000 +6.541010334e+001 +6.541010334e+001 -9.5596e-001 +3.1163e-001 -8.1729e-001 -7.5009e-001 +1.4360e+000
300 0 +1.681594427e+000 +6.533159443e+001 +6.533159443e+001 -1.0584e+000 +1.2803e-001 -1.9415e+000 -9.8179e-001 +1.2119e+000
303 0 +1.299919423e+000 +6.494991942e+001 +6.494991942e+001 -1.3097e+000 -1.2634e-001 -1.9515e+000 -1.5246e+000 +1.2362e+000
358 0 +1.229499123e+000 +6.487949912e+001 +6.487949912e+001 -2.0334e+000 +1.1580e+000 -5.7525e-001 -1.4396e+000 +2.2697e+000
376 0 +9.349466176e-001 +6.458494662e+001 +6.458494662e+001 -1.7870e+000 +5.0042e-001 -1.5013e-001 -1.7136e+000 +1.8361e+000
399 0 +6.081192154e-001 +6.425811922e+001 +6.425811922e+001 -1.7817e+000 +4.9604e-001 -1.3572e+000 -1.8062e+000 +1.7762e+000
616 0 +4.119393450e-001 +6.406193935e+001 +6.406193935e+001 -1.7769e+000 +5.8235e-001 -1.1091e+000 -1.7146e+000 +1.8265e+000
638 0 +2.859487895e-001 +6.393594879e+001 +6.393594879e+001 -2.0334e+000 +1.0675e+000 -5.1494e-001 -1.7912e+000 +2.2372e+000
686 0 +2.611311772e-001 +6.391113118e+001 +6.391113118e+001 -2.1816e+000 +1.3802e+000 -6.2857e-001 -1.8078e+000 +2.3564e+000
706 0 +7.387543980e-002 +6.372387544e+001 +6.372387544e+001 -2.1172e+000 +1.0681e+000 -7.2081e-001 -1.8925e+000 +2.2450e+000
781 0 +4.616608413e-002 +6.369616608e+001 +6.369616608e+001 -2.4293e+000 +1.3599e+000 -5.5666e-001 -2.0453e+000 +2.6175e+000
790 0 +4.007398043e-002 +6.369007398e+001 +6.369007398e+001 -2.3174e+000 +1.3578e+000 -5.9930e-001 -1.9838e+000 +2.5085e+000
855 0 +2.364071828e-002 +6.367364072e+001 +6.367364072e+001 -2.2555e+000 +1.2944e+000 -6.4018e-001 -1.9152e+000 +2.5219e+000
990 0 +1.092629252e-002 +6.366092629e+001 +6.366092629e+001 -2.2572e+000 +1.2495e+000 -7.3847e-001 -1.9621e+000 +2.4271e+000
1013 0 +7.443322422e-003 +6.365744332e+001 +6.365744332e+001 -2.2093e+000 +1.1671e+000 -7.9785e-001 -1.8884e+000 +2.3580e+000
1109 0 +2.438650171e-008 +6.365000002e+001 +6.365000002e+001 -2.2542e+000 +1.2375e+000 -7.0771e-001 -1.9213e+000 +2.4439e+000
1393 0 +2.175026026e-008 +6.365000002e+001 +6.365000002e+001 -2.2779e+000 +1.2148e+000 -6.8712e-001 -1.9561e+000 +2.4583e+000
1398 0 +7.383903267e-009 +6.365000001e+001 +6.365000001e+001 -2.2833e+000 +1.2311e+000 -7.0162e-001 -1.9528e+000 +2.4542e+000
% f evaluations | g evaluations | best noise-free fitness - Fopt (6.991900000000e+002) + sum g_i+ | measured fitness | best measured fitness or single-digit g-values | x1 | x2...
1 0 +4.405456708e+002 +1.139735671e+003 +1.139735671e+003 +5.9601e-001 +2.6415e+000 +3.4516e+000 -2.6223e+000 +4.9509e+000
2 0 +3.463277912e+002 +1.045517791e+003 +1.045517791e+003 +4.3227e+000 -5.6257e-002 -2.5924e+000 -2.5091e+000 +3.0811e+000
3 0 +1.147083621e+002 +8.138983621e+002 +8.138983621e+002 +4.8660e+000 +1.2220e+000 -2.0369e+000 +4.9181e+000 -2.0820e+000
22 0 +1.076884625e+002 +8.068784625e+002 +8.068784625e+002 +2.7903e+000 -2.8352e-001 -1.7298e+000 -1.4679e+000 +6.8926e-001
23 0 +5.599208835e+001 +7.551820884e+002 +7.551820884e+002 +3.8639e+000 +2.2397e+000 -2.0369e+000 +2.6227e+000 -4.2322e+000
42 0 +4.090888458e+001 +7.400988846e+002 +7.400988846e+002 +2.4253e+000 +4.8322e-001 -1.8148e+000 -2.6437e+000 -4.4019e+000
43 0 +1.676222459e+001 +7.159522246e+002 +7.159522246e+002 +3.3209e+000 +1.4452e+000 -2.2775e+000 +1.8612e+000 -4.9748e+000
63 0 +1.642773661e+001 +7.156177366e+002 +7.156177366e+002 +3.3209e+000 +1.4174e+000 -2.2816e+000 +1.7840e+000 -4.9927e+000
75 0 +1.211108008e+001 +7.113010801e+002 +7.113010801e+002 +2.3180e+000 +9.4337e-001 -1.9877e-001 +3.1450e+000 -2.9505e+000
95 0 +6.651781786e+000 +7.058417818e+002 +7.058417818e+002 +2.5604e+000 +1.1597e+000 -7.2164e-001 +2.3538e+000 -2.9505e+000
158 0 +2.084369436e+000 +7.012743694e+002 +7.012743694e+002 +3.6940e+000 +3.9033e-001 -2.5604e+000 +2.1937e+000 -4.0523e+000
182 0 +9.048076798e-001 +7.000948077e+002 +7.000948077e+002 +3.2128e+000 -3.6933e-001 -2.2010e+000 +6.3167e-001 -4.0639e+000
213 0 +7.991743399e-001 +6.999891743e+002 +6.999891743e+002 +3.1288e+000 -3.2734e-002 -2.1450e+000 +1.0487e+000 -3.8874e+000
237 0 +6.331860987e-001 +6.998231861e+002 +6.998231861e+002 +3.1962e+000 +6.7752e-001 -1.9546e+000 +2.1602e+000 -3.7759e+000
293 0 +4.762139059e-001 +6.996662139e+002 +6.996662139e+002 +3.2192e+000 +3.5782e-001 -2.1584e+000 +1.5592e+000 -3.8592e+000
295 0 +3.005913436e-001 +6.994905913e+002 +6.994905913e+002 +3.1939e+000 +4.4283e-001 -2.0227e+000 +1.8298e+000 -3.8574e+000
309 0 +2.217067171e-001 +6.994117067e+002 +6.994117067e+002 +3.1537e+000 +5.5696e-001 -1.8761e+000 +1.9907e+000 -3.5784e+000
321 0 +1.946864204e-001 +6.993846864e+002 +6.993846864e+002 +3.2286e+000 +9.8822e-002 -2.1104e+000 +1.3073e+000 -3.8087e+000
361 0 +1.434044715e-001 +6.993334045e+002 +6.993334045e+002 +3.2699e+000 +2.9018e-001 -2.0544e+000 +1.9459e+000 -3.6296e+000
412 0 +1.157580854e-001 +6.993057581e+002 +6.993057581e+002 +3.2060e+000 +3.5240e-001 -2.0004e+000 +1.9939e+000 -3.6837e+000
429 0 +6.348196130e-002 +6.992534820e+002 +6.992534820e+002 +3.1695e+000 +5.9461e-001 -1.8296e+000 +2.3424e+000 -3.4370e+000
449 0 +5.728337086e-002 +6.992472834e+002 +6.992472834e+002 +3.1824e+000 +5.4223e-001 -1.9339e+000 +2.2561e+000 -3.4166e+000
475 0 +2.984188134e-002 +6.992198419e+002 +6.992198419e+002 +3.2175e+000 +4.3985e-001 -2.0302e+000 +2.1957e+000 -3.5291e+000
502 0 +2.343329927e-002 +6.992134333e+002 +6.992134333e+002 +3.1083e+000 +6.8864e-001 -1.8461e+000 +2.4443e+000 -3.4874e+000
592 0 +1.662071686e-002 +6.992066207e+002 +6.992066207e+002 +3.1602e+000 +6.0131e-001 -1.9059e+000 +2.3008e+000 -3.4957e+000
600 0 +1.082313706e-002 +6.992008231e+002 +6.992008231e+002 +3.1761e+000 +5.2186e-001 -1.9892e+000 +2.1918e+000 -3.4789e+000
607 0 +3.171559573e-003 +6.991931716e+002 +6.991931716e+002 +3.1815e+000 +5.3233e-001 -2.0018e+000 +2.2455e+000 -3.4773e+000
609 0 +4.830352509e-007 +6.991900005e+002 +6.991900005e+002 +3.1632e+000 +5.6489e-001 -1.9798e+000 +2.3408e+000 -3.4624e+000
692 0 +1.491732746e-007 +6.991900001e+002 +6.991900001e+002 +3.1736e+000 +5.3748e-001 -1.9880e+000 +2.2859e+000 -3.4768e+000
697 0 +1.452631295e-007 +6.991900001e+002 +6.991900001e+002 +3.1589e+000 +5.5946e-001 -1.9811e+000 +2.3089e+000 -3.5013e+000
749 0 +3.459388154e-008 +6.991900000e+002 +6.991900000e+002 +3.1874e+000 +5.4302e-001 -1.9798e+000 +2.2947e+000 -3.4679e+000
769 0 +3.216496225e-008 +6.991900000e+002 +6.991900000e+002 +3.1915e+000 +5.4423e-001 -1.9877e+000 +2.2992e+000 -3.4774e+000
772 0 +1.786929715e-008 +6.991900000e+002 +6.991900000e+002 +3.1821e+000 +5.4015e-001 -1.9853e+000 +2.3043e+000 -3.4907e+000
806 0 +4.157186595e-009 +6.991900000e+002 +6.991900000e+002 +3.1675e+000 +5.5640e-001 -1.9850e+000 +2.2895e+000 -3.4770e+000
% f evaluations | g evaluations | best noise-free fitness - Fopt (1.000000000000e+003) + sum g_i+ | measured fitness | best measured fitness or single-digit g-values | x1 | x2...
1 0 +2.133438475e+002 +1.213343848e+003 +1.213343848e+003 +1.3617e+000 +1.1413e+000 -3.9284e+000 +1.5644e+000 +1.7897e-001
4 0 +1.608689560e+002 +1.160868956e+003 +1.160868956e+003 +1.8522e+000 +3.7357e+000 -1.0488e+000 -2.1178e+000 -4.4162e-001
7 0 +9.971096580e+001 +1.099710966e+003 +1.099710966e+003 +5.0000e+000 -5.0000e+000 -5.0000e+000 -5.0000e+000 +5.0000e+000
13 0 +7.608074893e+001 +1.076080749e+003 +1.076080749e+003 -1.4708e+000 +3.5524e+000 -2.4746e+000 -3.4691e+000 -6.8989e-002
17 0 +1.951485626e+001 +1.019514856e+003 +1.019514856e+003 +2.4577e+000 -4.0021e+000 -2.1507e+000 -4.6715e+000 +9.4385e-001
37 0 +1.708497552e+001 +1.017084976e+003 +1.017084976e+003 +2.5862e+000 -4.0744e+000 -2.3074e+000 -4.8921e+000 +1.5041e+000
65 0 +1.049601418e+001 +1.010496014e+003 +1.010496014e+003 +2.7475e-001 -1.0883e+000 -1.4399e+000 -3.9010e+000 +9.6487e-001
102 0 +4.408830604e+000 +1.004408831e+003 +1.004408831e+003 +1.7566e-001 -4.1715e-001 -1.6856e+000 -3.6375e+000 +5.9944e-001
145 0 +4.303062228e+000 +1.004303062e+003 +1.004303062e+003 +7.3962e-002 -8.8943e-001 -1.2041e+000 -3.8954e+000 +6.3738e-001
193 0 +3.001048190e+000 +1.003001048e+003 +1.003001048e+003 +3.9934e-001 -1.1210e+000 -6.0913e-001 -3.6037e+000 -1.0248e+000
197 0 +1.887597974e+000 +1.001887598e+003 +1.001887598e+003 +2.5828e-001 -1.1859e+000 -6.3041e-001 -3.7522e+000 -1.0444e+000
213 0 +1.317556177e+000 +1.001317556e+003 +1.001317556e+003 +3.9934e-001 -5.9514e-001 -1.2253e+000 -3.4451e+000 -1.0248e+000
251 0 +9.749803064e-001 +1.000974980e+003 +1.000974980e+003 +9.7947e-002 -9.7093e-003 -9.1477e-001 -3.4842e+000 -9.2750e-001
257 0 +6.527621702e-001 +1.000652762e+003 +1.000652762e+003 +1.4990e-001 -4.9692e-001 -3.9636e-001 -3.7707e+000 -1.0197e+000
347 0 +3.576089289e-001 +1.000357609e+003 +1.000357609e+003 +2.0228e-001 -5.4687e-001 -6.6674e-001 -3.7315e+000 -1.0637e+000
1737 0 +2.805546114e-001 +1.000280555e+003 +1.000280555e+003 -5.6786e-001 +5.9835e-001 -1.6032e-001 -3.1819e+000 -1.8512e+000
1771 0 +4.462360906e-002 +1.000044624e+003 +1.000044624e+003 -4.7046e-001 +4.2240e-001 -5.3125e-001 -3.1529e+000 -1.6224e+000
1894 0 +2.969654881e-002 +1.000029697e+003 +1.000029697e+003 -5.7350e-001 +6.3186e-001 -5.3260e-001 -3.0509e+000 -1.7279e+000
2108 0 +2.561024530e-007 +1.000000000e+003 +1.000000000e+003 -5.1309e-001 +4.8381e-001 -5.2071e-001 -3.1552e+000 -1.7714e+000
2156 0 +1.860721568e-007 +1.000000000e+003 +1.000000000e+003 -5.3770e-001 +4.5233e-001 -5.0315e-001 -3.1249e+000 -1.7257e+000
2279 0 +1.213538781e-008 +1.000000000e+003 +1.000000000e+003 -5.2098e-001 +4.5916e-001 -5.1894e-001 -3.1439e+000 -1.7098e+000
2608 0 +3.431182449e-009 +1.000000000e+003 +1.000000000e+003 -5.2789e-001 +4.5936e-001 -5.2288e-001 -3.1459e+000 -1.7050e+000
