% f evaluations | g evaluations | best noise-free fitness - Fopt (-1.694000000000e+001) + sum g_i+ | measured fitness | best measured fitness or single-digit g-values | x1 | x2...
1 0 +3.121354060e+002 +2.951954060e+002 +2.951954060e+002 -3.1051e+000 +6.9429e-001 -1.4514e+000
2 0 +1.588653260e+002 +1.419253260e+002 +1.419253260e+002 +3.4296e+000 +3.9918e-001 -4.9882e+000
3 0 +4.810867328e+001 +3.116867328e+001 +3.116867328e+001 +4.4088e+000 +7.6237e-001 -1.8576e+000
18 0 +4.281062153e+001 +2.587062153e+001 +2.587062153e+001 +3.3845e+000 +4.6420e+000 -3.7559e-004
33 0 +3.917999229e+001 +2.223999229e+001 +2.223999229e+001 +1.8655e+000 -5.5931e-001 -1.3662e+000
48 0 +3.399069229e+001 +1.705069229e+001 +1.705069229e+001 +3.4463e+000 +3.8356e+000 +1.2070e-003
57 0 +1.320838862e+001 -3.731611381e+000 -3.731611381e+000 +3.9572e+000 +2.4984e+000 -2.1424e+000
85 0 +1.186323896e+001 -5.076761041e+000 -5.076761041e+000 +3.5320e+000 +1.5755e+000 -1.4831e+000
98 0 +1.042630414e+001 -6.513695858e+000 -6.513695858e+000 +3.1252e+000 +2.7146e+000 -2.2904e+000
137 0 +7.692529392e+000 -9.247470608e+000 -9.247470608e+000 +3.8157e+000 +3.0288e+000 -1.5395e+000
144 0 +6.401112342e+000 -1.053888766e+001 -1.053888766e+001 +2.7650e+000 +1.9133e+000 -2.9343e-001
153 0 +5.783499808e+000 -1.115650019e+001 -1.115650019e+001 +3.6811e+000 +2.1070e+000 -1.1320e+000
167 0 +5.680107373e+000 -1.125989263e+001 -1.125989263e+001 +4.5850e+000 +3.4557e+000 -2.0098e+000
174 0 +5.464748391e+000 -1.147525161e+001 -1.147525161e+001 +3.8437e+000 +1.7552e+000 -1.5861e+000
189 0 +1.410310045e+000 -1.552968996e+001 -1.552968996e+001 +3.9024e+000 +2.7483e+000 -1.6578e+000
402 0 +1.197317789e+000 -1.574268221e+001 -1.574268221e+001 +3.8689e+000 +2.8134e+000 -1.7671e+000
424 0 +3.470229179e-001 -1.659297708e+001 -1.659297708e+001 +3.6103e+000 +2.4699e+000 -1.4718e+000
459 0 +2.844598932e-001 -1.665554011e+001 -1.665554011e+001 +3.7501e+000 +2.6234e+000 -1.6273e+000
579 0 +2.018347650e-001 -1.673816524e+001 -1.673816524e+001 +3.5534e+000 +2.3834e+000 -1.4330e+000
602 0 +1.631891611e-001 -1.677681084e+001 -1.677681084e+001 +3.6243e+000 +2.4992e+000 -1.4887e+000
662 0 +5.548951288e-002 -1.688451049e+001 -1.688451049e+001 +3.7043e+000 +2.6093e+000 -1.5760e+000
923 0 +1.243767737e-002 -1.692756232e+001 -1.692756232e+001 +3.6502e+000 +2.5423e+000 -1.5243e+000
1161 0 +1.198003433e-002 -1.692801997e+001 -1.692801997e+001 +3.6543e+000 +2.5469e+000 -1.5273e+000
1201 0 +1.065572409e-002 -1.692934428e+001 -1.692934428e+001 +3.6522e+000 +2.5467e+000 -1.5264e+000
1202 0 +8.939240391e-003 -1.693106076e+001 -1.693106076e+001 +3.6536e+000 +2.5450e+000 -1.5275e+000
1225 0 +4.290504598e-003 -1.693570950e+001 -1.693570950e+001 +3.6548e+000 +2.5479e+000 -1.5283e+000
1270 0 +3.754069231e-003 -1.693624593e+001 -1.693624593e+001 +3.6557e+000 +2.5493e+000 -1.5292e+000
1327 0 +2.572349500e-003 -1.693742765e+001 -1.693742765e+001 +3.6576e+000 +2.5516e+000 -1.5311e+000
1435 0 +9.950133055e-004 -1.693900499e+001 -1.693900499e+001 +3.6564e+000 +2.5498e+000 -1.5299e+000
1470 0 +5.599474174e-004 -1.693944005e+001 -1.693944005e+001 +3.6561e+000 +2.5498e+000 -1.5297e+000
1720 0 +1.701112236e-004 -1.693982989e+001 -1.693982989e+001 +3.6560e+000 +2.5496e+000 -1.5296e+000
2046 0 +1.590503219e-004 -1.693984095e+001 -1.693984095e+001 +3.6560e+000 +2.5496e+000 -1.5296e+000
2071 0 +1.480010616e-004 -1.693985200e+001 -1.693985200e+001 +3.6560e+000 +2.5497e+000 -1.5296e+000
2129 0 +1.070882155e-004 -1.693989291e+001 -1.693989291e+001 +3.6560e+000 +2.5496e+000 -1.5296e+000
2143 0 +5.316487953e-005 -1.693994684e+001 -1.693994684e+001 +3.6560e+000 +2.5496e+000 -1.5296e+000
2159 0 +3.097297786e-005 -1.693996903e+001 -1.693996903e+001 +3.6560e+000 +2.5496e+000 -1.5296e+000
2221 0 +3.039545352e-005 -1.693996960e+001 -1.693996960e+001 +3.6560e+000 +2.5496e+000 -1.5296e+000
2248 0 +2.999497488e-005 -1.693997001e+001 -1.693997001e+001 +3.6560e+000 +2.5496e+000 -1.5296e+000
2361 0 +2.230961520e-005 -1.693997769e+001 -1.693997769e+001 +3.6560e+000 +2.5496e+000 -1.5296e+000
2362 0 +1.052064316e-005 -1.693998948e+001 -1.693998948e+001 +3.6560e+000 +2.5496e+000 -1.5296e+000
2461 0 +7.978468265e-006 -1.693999202e+001 -1.693999202e+001 +3.6560e+000 +2.5496e+000 -1.5296e+000
2684 0 +6.285795479e-006 -1.693999371e+001 -1.693999371e+001 +3.6560e+000 +2.5496e+000 -1.5296e+000
2692 0 +5.024711676e-006 -1.693999498e+001 -1.693999498e+001 +3.6560e+000 +2.5496e+000 -1.5296e+000
2709 0 +1.081709861e-006 -1.693999892e+001 -1.693999892e+001 +3.6560e+000 +2.5496e+000 -1.5296e+000
2883 0 +9.304985831e-007 -1.693999907e+001 -1.693999907e+001 +3.6560e+000 +2.5496e+000 -1.5296e+000
2995 0 +4.730668870e-007 -1.693999953e+001 -1.693999953e+001 +3.6560e+000 +2.5496e+000 -1.5296e+000
3084 0 +1.381998480e-007 -1.693999986e+001 -1.693999986e+001 +3.6560e+000 +2.5496e+000 -1.5296e+000
3467 0 +1.344998104e-007 -1.693999987e+001 -1.693999987e+001 +3.6560e+000 +2.5496e+000 -1.5296e+000
3477 0 +1.136726020e-007 -1.693999989e+001 -1.693999989e+001 +3.6560e+000 +2.5496e+000 -1.5296e+000
3550 0 +2.726375570e-008 -1.693999997e+001 -1.693999997e+001 +3.6560e+000 +2.5496e+000 -1.5296e+000
3670 0 +2.541445809e-008 -1.693999997e+001 -1.693999997e+001 +3.6560e+000 +2.5496e+000 -1.5296e+000
3755 0 +2.078602535e-008 -1.693999998e+001 -1.693999998e+001 +3.6560e+000 +2.5496e+000 -1.5296e+000
3809 0 +1.490388968e-008 -1.693999999e+001 -1.693999999e+001 +3.6560e+000 +2.5496e+000 -1.5296e+000
3821 0 +8.281425323e-009 -1.693999999e+001 -1.693999999e+001 +3.6560e+000 +2.5496e+000 -1.5296e+000
% f evaluations | g evaluations | best noise-free fitness - Fopt (1.881000000000e+001) + sum g_i+ | measured fitness | best measured fitness or single-digit g-values | x1 | x2...
1 0 +6.468710161e+002 +6.656810161e+002 +6.656810161e+002 -1.9135e+000 +9.6071e-001 +3.2653e+000
2 0 +4.075434722e+002 +4.263534722e+002 +4.263534722e+002 -4.0984e+000 +4.6869e+000 +3.8987e+000
3 0 +2.542179379e+002 +2.730279379e+002 +2.730279379e+002 +2.8741e+000 -3.1788e+000 +2.1325e+000
5 0 +6.203875673e+001 +8.084875673e+001 +8.084875673e+001 +5.0000e+000 +5.0000e+000 -5.0000e+000
10 0 +4.293577559e+001 +6.174577559e+001 +6.174577559e+001 -9.7252e-001 +3.7785e+000 -4.3998e+000
14 0 +1.193105705e+001 +3.074105705e+001 +3.074105705e+001 +3.7901e+000 +3.0877e+000 -3.6855e+000
48 0 +1.154230461e+001 +3.035230461e+001 +3.035230461e+001 +1.5549e+000 +1.4562e+000 -2.1351e+000
77 0 +6.049364871e+000 +2.485936487e+001 +2.485936487e+001 +1.8536e+000 +2.5225e+000 -1.9348e+000
97 0 +5.271948821e+000 +2.408194882e+001 +2.408194882e+001 +3.9068e+000 +3.6705e+000 -3.7753e+000
161 0 +4.326526032e+000 +2.313652603e+001 +2.313652603e+001 +1.9283e+000 +3.0279e+000 -2.3829e+000
172 0 +4.107787628e+000 +2.291778763e+001 +2.291778763e+001 +1.0364e+000 +2.4677e+000 -1.7384e+000
173 0 +4.012333141e+000 +2.282233314e+001 +2.282233314e+001 +8.6863e-001 +2.5309e+000 -1.5010e+000
197 0 +2.125211096e+000 +2.093521110e+001 +2.093521110e+001 +5.2607e-002 +2.0606e+000 -1.0081e+000
326 0 +1.416962642e+000 +2.022696264e+001 +2.022696264e+001 -1.1145e-001 +1.7823e+000 -8.3466e-001
446 0 +1.287319487e+000 +2.009731949e+001 +2.009731949e+001 +7.6205e-002 +1.9949e+000 -1.0030e+000
508 0 +1.042803709e+000 +1.985280371e+001 +1.985280371e+001 -6.5585e-001 +1.6766e+000 -4.1531e-001
514 0 +5.152899310e-001 +1.932528993e+001 +1.932528993e+001 +5.7654e-001 +2.2736e+000 -1.2785e+000
736 0 +2.757927169e-001 +1.908579272e+001 +1.908579272e+001 -2.2981e-001 +1.7508e+000 -8.0273e-001
771 0 +1.846672296e-001 +1.899466723e+001 +1.899466723e+001 -2.0929e-001 +1.7555e+000 -8.0728e-001
996 0 +1.637273320e-001 +1.897372733e+001 +1.897372733e+001 -1.3046e-001 +1.8543e+000 -8.5483e-001
1027 0 +9.390017700e-002 +1.890390018e+001 +1.890390018e+001 -2.0464e-001 +1.7636e+000 -8.1264e-001
1064 0 +3.769865106e-002 +1.884769865e+001 +1.884769865e+001 -1.6696e-001 +1.7972e+000 -8.3693e-001
1307 0 +3.562183283e-002 +1.884562183e+001 +1.884562183e+001 -2.0071e-001 +1.7698e+000 -8.1608e-001
1374 0 +2.444021947e-002 +1.883444022e+001 +1.883444022e+001 -1.9846e-001 +1.7766e+000 -8.1620e-001
1450 0 +1.935472457e-002 +1.882935472e+001 +1.882935472e+001 -2.0348e-001 +1.7756e+000 -8.1251e-001
1534 0 +7.054544332e-003 +1.881705454e+001 +1.881705454e+001 -1.9086e-001 +1.7805e+000 -8.2241e-001
1806 0 +4.742945223e-003 +1.881474295e+001 +1.881474295e+001 -1.9192e-001 +1.7806e+000 -8.2184e-001
1842 0 +3.758423736e-003 +1.881375842e+001 +1.881375842e+001 -1.9036e-001 +1.7818e+000 -8.2276e-001
1959 0 +3.356149538e-003 +1.881335615e+001 +1.881335615e+001 -1.9335e-001 +1.7792e+000 -8.2081e-001
2003 0 +3.150172834e-003 +1.881315017e+001 +1.881315017e+001 -1.9162e-001 +1.7807e+000 -8.2202e-001
2061 0 +1.878515065e-003 +1.881187852e+001 +1.881187852e+001 -1.9218e-001 +1.7801e+000 -8.2176e-001
2081 0 +1.392047820e-003 +1.881139205e+001 +1.881139205e+001 -1.9043e-001 +1.7812e+000 -8.2288e-001
2088 0 +1.340663943e-003 +1.881134066e+001 +1.881134066e+001 -1.9145e-001 +1.7808e+000 -8.2224e-001
2121 0 +1.286327555e-003 +1.881128633e+001 +1.881128633e+001 -1.9182e-001 +1.7804e+000 -8.2200e-001
2125 0 +7.210588875e-004 +1.881072106e+001 +1.881072106e+001 -1.9130e-001 +1.7808e+000 -8.2232e-001
2132 0 +3.377483292e-004 +1.881033775e+001 +1.881033775e+001 -1.9101e-001 +1.7809e+000 -8.2251e-001
2287 0 +2.655323813e-004 +1.881026553e+001 +1.881026553e+001 -1.9103e-001 +1.7809e+000 -8.2251e-001
2327 0 +1.724762776e-004 +1.881017248e+001 +1.881017248e+001 -1.9121e-001 +1.7808e+000 -8.2240e-001
2347 0 +3.415872060e-005 +1.881003416e+001 +1.881003416e+001 -1.9122e-001 +1.7808e+000 -8.2239e-001
2584 0 +2.977192102e-005 +1.881002977e+001 +1.881002977e+001 -1.9121e-001 +1.7808e+000 -8.2239e-001
2668 0 +2.929451422e-005 +1.881002929e+001 +1.881002929e+001 -1.9122e-001 +1.7808e+000 -8.2239e-001
2687 0 +2.861175685e-005 +1.881002861e+001 +1.881002861e+001 -1.9120e-001 +1.7808e+000 -8.2240e-001
2709 0 +1.618454936e-005 +1.881001618e+001 +1.881001618e+001 -1.9120e-001 +1.7808e+000 -8.2240e-001
2745 0 +1.484932633e-005 +1.881001485e+001 +1.881001485e+001 -1.9120e-001 +1.7808e+000 -8.2240e-001
3058 0 +1.419082256e-005 +1.881001419e+001 +1.881001419e+001 -1.9120e-001 +1.7808e+000 -8.2240e-001
3075 0 +8.699757757e-006 +1.881000870e+001 +1.881000870e+001 -1.9120e-001 +1.7808e+000 -8.2240e-001
3123 0 +7.685962817e-006 +1.881000769e+001 +1.881000769e+001 -1.9120e-001 +1.7808e+000 -8.2240e-001
3257 0 +7.559313033e-006 +1.881000756e+001 +1.881000756e+001 -1.9120e-001 +1.7808e+000 -8.2240e-001
3318 0 +3.910417032e-006 +1.881000391e+001 +1.881000391e+001 -1.9120e-001 +1.7808e+000 -8.2240e-001
3418 0 +3.765529716e-006 +1.881000377e+001 +1.881000377e+001 -1.9120e-001 +1.7808e+000 -8.2240e-001
3422 0 +3.195613882e-006 +1.881000320e+001 +1.881000320e+001 -1.9120e-001 +1.7808e+000 -8.2240e-001
3467 0 +2.240501214e-006 +1.881000224e+001 +1.881000224e+001 -1.9120e-001 +1.7808e+000 -8.2240e-001
3510 0 +1.993641401e-006 +1.881000199e+001 +1.881000199e+001 -1.9120e-001 +1.7808e+000 -8.2240e-001
3522 0 +7.962285800e-007 +1.881000080e+001 +1.881000080e+001 -1.9120e-001 +1.7808e+000 -8.2240e-001
3578 0 +7.542417393e-007 +1.881000075e+001 +1.881000075e+001 -1.9120e-001 +1.7808e+000 -8.2240e-001
3586 0 +4.034539636e-007 +1.881000040e+001 +1.881000040e+001 -1.9120e-001 +1.7808e+000 -8.2240e-001
3654 0 +2.036808233e-007 +1.881000020e+001 +1.881000020e+001 -1.9120e-001 +1.7808e+000 -8.2240e-001
3673 0 +1.832354677e-007 +1.881000018e+001 +1.881000018e+001 -1.9120e-001 +1.7808e+000 -8.2240e-001
3771 0 +1.272551451e-007 +1.881000013e+001 +1.881000013e+001 -1.9120e-001 +1.7808e+000 -8.2240e-001
3945 0 +1.253703168e-007 +1.881000013e+001 +1.881000013e+001 -1.9120e-001 +1.7808e+000 -8.2240e-001
3948 0 +1.194297603e-007 +1.881000012e+001 +1.881000012e+001 -1.9120e-001 +1.7808e+000 -8.2240e-001
4003 0 +9.659911626e-008 +1.881000010e+001 +1.881000010e+001 -1.9120e-001 +1.7808e+000 -8.2240e-001
4044 0 +4.132636988e-008 +1.881000004e+001 +1.881000004e+001 -1.9120e-001 +1.7808e+000 -8.2240e-001
4057 0 +3.134531568e-008 +1.881000003e+001 +1.881000003e+001 -1.9120e-001 +1.7808e+000 -8.2240e-001
4157 0 +1.538958472e-008 +1.881000002e+001 +1.881000002e+001 -1.9120e-001 +1.7808e+000 -8.2240e-001
4245 0 +5.566544559e-009 +1.881000001e+001 +1.881000001e+001 -1.9120e-001 +1.7808e+000 -8.2240e-001
% f evaluations | g evaluations | best noise-free fitness - Fopt (2.731500000000e+002) + sum g_i+ | measured fitness | best measured fitness or single-digit g-values | x1 | x2...
1 0 +4.627537969e+002 +7.359037969e+002 +7.359037969e+002 -5.8960e-001 -3.9606e+000 +2.7314e+000
5 0 +9.751882397e+001 +3.706688240e+002 +3.706688240e+002 -5.0000e+000 +5.0000e+000 -5.0000e+000
8 0 +2.233832374e+001 +2.954883237e+002 +2.954883237e+002 -5.0000e+000 +5.0000e+000 +5.0214e-001
20 0 +5.884925111e+000 +2.790349251e+002 +2.790349251e+002 -4.6988e+000 +2.5046e+000 +1.2013e-001
74 0 +1.240996417e+000 +2.743909964e+002 +2.743909964e+002 -4.1801e+000 +2.5883e+000 -6.5374e-001
171 0 +7.464929410e-001 +2.738964929e+002 +2.738964929e+002 -3.8137e+000 +3.2971e+000 -5.3665e-001
231 0 +6.633119627e-001 +2.738133120e+002 +2.738133120e+002 -3.6896e+000 +3.3933e+000 -5.9269e-001
435 0 +6.323720339e-001 +2.737823720e+002 +2.737823720e+002 -3.9093e+000 +3.0852e+000 -5.6333e-001
436 0 +5.839929846e-001 +2.737339930e+002 +2.737339930e+002 -3.7566e+000 +3.4145e+000 -4.8730e-001
535 0 +5.136823644e-001 +2.736636824e+002 +2.736636824e+002 -3.5928e+000 +3.6179e+000 -5.2533e-001
547 0 +2.762219998e-001 +2.734262220e+002 +2.734262220e+002 -3.4102e+000 +4.0398e+000 -4.4055e-001
571 0 +2.717387401e-001 +2.734217387e+002 +2.734217387e+002 -3.5913e+000 +3.7603e+000 -4.6917e-001
602 0 +1.894965775e-001 +2.733394966e+002 +2.733394966e+002 -3.5661e+000 +3.7380e+000 -5.1042e-001
650 0 +1.645516926e-001 +2.733145517e+002 +2.733145517e+002 -3.5364e+000 +3.8219e+000 -4.6204e-001
682 0 +1.384274222e-001 +2.732884274e+002 +2.732884274e+002 -3.5852e+000 +3.7657e+000 -4.8110e-001
691 0 +1.056867291e-001 +2.732556867e+002 +2.732556867e+002 -3.5831e+000 +3.7614e+000 -4.7477e-001
822 0 +8.775365968e-002 +2.732377537e+002 +2.732377537e+002 -3.5962e+000 +3.7293e+000 -4.8679e-001
831 0 +3.045491409e-002 +2.731804549e+002 +2.731804549e+002 -3.5789e+000 +3.7556e+000 -4.7827e-001
923 0 +2.694011420e-002 +2.731769401e+002 +2.731769401e+002 -3.5804e+000 +3.7534e+000 -4.7792e-001
1086 0 +1.822800686e-002 +2.731682280e+002 +2.731682280e+002 -3.5947e+000 +3.7264e+000 -4.8036e-001
1197 0 +1.749942038e-002 +2.731674994e+002 +2.731674994e+002 -3.5851e+000 +3.7462e+000 -4.7712e-001
1208 0 +7.283725788e-003 +2.731572837e+002 +2.731572837e+002 -3.5778e+000 +3.7554e+000 -4.7871e-001
1362 0 +3.884011325e-003 +2.731538840e+002 +2.731538840e+002 -3.5775e+000 +3.7566e+000 -4.7809e-001
1605 0 +2.639950988e-003 +2.731526400e+002 +2.731526400e+002 -3.5791e+000 +3.7538e+000 -4.7841e-001
1629 0 +2.400197368e-003 +2.731524002e+002 +2.731524002e+002 -3.5795e+000 +3.7527e+000 -4.7858e-001
1674 0 +1.535367398e-003 +2.731515354e+002 +2.731515354e+002 -3.5786e+000 +3.7546e+000 -4.7828e-001
1750 0 +1.026032019e-003 +2.731510260e+002 +2.731510260e+002 -3.5786e+000 +3.7545e+000 -4.7835e-001
1755 0 +7.911331693e-004 +2.731507911e+002 +2.731507911e+002 -3.5791e+000 +3.7537e+000 -4.7836e-001
1819 0 +6.965350831e-004 +2.731506965e+002 +2.731506965e+002 -3.5792e+000 +3.7536e+000 -4.7843e-001
1965 0 +3.455319992e-004 +2.731503455e+002 +2.731503455e+002 -3.5793e+000 +3.7535e+000 -4.7840e-001
2028 0 +3.067288020e-004 +2.731503067e+002 +2.731503067e+002 -3.5792e+000 +3.7536e+000 -4.7841e-001
2075 0 +2.978373458e-004 +2.731502978e+002 +2.731502978e+002 -3.5793e+000 +3.7534e+000 -4.7841e-001
2126 0 +2.318031810e-004 +2.731502318e+002 +2.731502318e+002 -3.5792e+000 +3.7535e+000 -4.7840e-001
2217 0 +2.245230027e-004 +2.731502245e+002 +2.731502245e+002 -3.5792e+000 +3.7536e+000 -4.7841e-001
2342 0 +1.373499242e-004 +2.731501373e+002 +2.731501373e+002 -3.5792e+000 +3.7536e+000 -4.7840e-001
2353 0 +8.938095522e-005 +2.731500894e+002 +2.731500894e+002 -3.5792e+000 +3.7536e+000 -4.7840e-001
2381 0 +7.783484324e-005 +2.731500778e+002 +2.731500778e+002 -3.5792e+000 +3.7536e+000 -4.7841e-001
2405 0 +3.634487859e-005 +2.731500363e+002 +2.731500363e+002 -3.5792e+000 +3.7536e+000 -4.7840e-001
2434 0 +3.594858731e-005 +2.731500359e+002 +2.731500359e+002 -3.5792e+000 +3.7536e+000 -4.7841e-001
2470 0 +3.039428657e-005 +2.731500304e+002 +2.731500304e+002 -3.5792e+000 +3.7536e+000 -4.7840e-001
2474 0 +1.206331200e-005 +2.731500121e+002 +2.731500121e+002 -3.5792e+000 +3.7536e+000 -4.7840e-001
2710 0 +4.134843778e-006 +2.731500041e+002 +2.731500041e+002 -3.5792e+000 +3.7536e+000 -4.7840e-001
2814 0 +6.860057056e-007 +2.731500007e+002 +2.731500007e+002 -3.5792e+000 +3.7536e+000 -4.7840e-001
3218 0 +6.342737606e-007 +2.731500006e+002 +2.731500006e+002 -3.5792e+000 +3.7536e+000 -4.7840e-001
3266 0 +3.176466521e-007 +2.731500003e+002 +2.731500003e+002 -3.5792e+000 +3.7536e+000 -4.7840e-001
3498 0 +3.130537607e-007 +2.731500003e+002 +2.731500003e+002 -3.5792e+000 +3.7536e+000 -4.7840e-001
3566 0 +3.037597480e-007 +2.731500003e+002 +2.731500003e+002 -3.5792e+000 +3.7536e+000 -4.7840e-001
3577 0 +2.384425670e-007 +2.731500002e+002 +2.731500002e+002 -3.5792e+000 +3.7536e+000 -4.7840e-001
3592 0 +1.812973665e-007 +2.731500002e+002 +2.731500002e+002 -3.5792e+000 +3.7536e+000 -4.7840e-001
3639 0 +1.087938131e-007 +2.731500001e+002 +2.731500001e+002 -3.5792e+000 +3.7536e+000 -4.7840e-001
3652 0 +8.661220363e-008 +2.731500001e+002 +2.731500001e+002 -3.5792e+000 +3.7536e+000 -4.7840e-001
3669 0 +3.244088020e-008 +2.731500000e+002 +2.731500000e+002 -3.5792e+000 +3.7536e+000 -4.7840e-001
3821 0 +2.746691052e-008 +2.731500000e+002 +2.731500000e+002 -3.5792e+000 +3.7536e+000 -4.7840e-001
3919 0 +2.268490107e-008 +2.731500000e+002 +2.731500000e+002 -3.5792e+000 +3.7536e+000 -4.7840e-001
3979 0 +3.627292244e-009 +2.731500000e+002 +2.731500000e+002 -3.5792e+000 +3.7536e+000 -4.7840e-001
% f evaluations | g evaluations | best noise-free fitness - Fopt (3.718000000000e+001) + sum g_i+ | measured fitness | best measured fitness or single-digit g-values | x1 | x2...
1 0 +2.522058624e+002 +2.893858624e+002 +2.893858624e+002 -4.0156e+000 -2.0332e+000 -4.5833e+000
2 0 +1.591028602e+002 +1.962828602e+002 +1.962828602e+002 -1.7423e+000 +4.3262e+000 +2.7713e+000
4 0 +7.302096913e+001 +1.102009691e+002 +1.102009691e+002 +1.3108e+000 -8.7181e-001 +2.0034e+000
8 0 +3.793571070e+001 +7.511571070e+001 +7.511571070e+001 -5.0000e+000 -4.3692e-001 +8.1436e-001
32 0 +1.546250733e+001 +5.264250733e+001 +5.264250733e+001 -2.4751e+000 +3.2284e+000 +1.5279e+000
89 0 +1.504208206e+001 +5.222208206e+001 +5.222208206e+001 -2.9245e+000 +9.0426e-001 +2.4953e+000
105 0 +1.462840565e+001 +5.180840565e+001 +5.180840565e+001 -1.9363e+000 +1.3096e+000 +1.6555e+000
118 0 +9.548263808e+000 +4.672826381e+001 +4.672826381e+001 +1.7800e+000 +2.6072e+000 +2.1375e+000
131 0 +9.030394471e+000 +4.621039447e+001 +4.621039447e+001 -2.8118e+000 +2.7693e+000 +1.8167e+000
170 0 +1.622778620e+000 +3.880277862e+001 +3.880277862e+001 -4.9590e+000 +1.8848e+000 +2.1426e+000
269 0 +8.639678262e-001 +3.804396783e+001 +3.804396783e+001 -3.9320e+000 +2.0990e+000 +2.0949e+000
390 0 +3.480807097e-001 +3.752808071e+001 +3.752808071e+001 -3.8494e+000 +2.1089e+000 +2.0840e+000
495 0 +3.227918221e-001 +3.750279182e+001 +3.750279182e+001 -3.9489e+000 +2.0708e+000 +2.0614e+000
633 0 +2.820756719e-001 +3.746207567e+001 +3.746207567e+001 -3.6640e+000 +2.1360e+000 +2.0336e+000
649 0 +2.640137294e-001 +3.744401373e+001 +3.744401373e+001 -3.8702e+000 +2.0824e+000 +2.0619e+000
670 0 +2.224600335e-001 +3.740246003e+001 +3.740246003e+001 -3.8348e+000 +2.0719e+000 +2.0395e+000
712 0 +1.597847485e-001 +3.733978475e+001 +3.733978475e+001 -3.7242e+000 +2.1248e+000 +2.0519e+000
784 0 +9.125515184e-002 +3.727125515e+001 +3.727125515e+001 -3.9346e+000 +2.0501e+000 +2.0419e+000
816 0 +7.272627437e-002 +3.725272627e+001 +3.725272627e+001 -3.9290e+000 +2.0504e+000 +2.0394e+000
830 0 +2.824158537e-002 +3.720824159e+001 +3.720824159e+001 -3.9012e+000 +2.0600e+000 +2.0417e+000
1150 0 +2.759301876e-002 +3.720759302e+001 +3.720759302e+001 -3.9057e+000 +2.0581e+000 +2.0414e+000
1178 0 +1.231593026e-002 +3.719231593e+001 +3.719231593e+001 -3.8984e+000 +2.0607e+000 +2.0411e+000
1356 0 +9.831766403e-003 +3.718983177e+001 +3.718983177e+001 -3.8948e+000 +2.0615e+000 +2.0411e+000
1454 0 +4.084352268e-003 +3.718408435e+001 +3.718408435e+001 -3.9024e+000 +2.0594e+000 +2.0402e+000
1504 0 +2.455811698e-003 +3.718245581e+001 +3.718245581e+001 -3.9024e+000 +2.0593e+000 +2.0398e+000
1519 0 +1.920923728e-003 +3.718192092e+001 +3.718192092e+001 -3.8989e+000 +2.0602e+000 +2.0400e+000
1535 0 +1.882677562e-003 +3.718188268e+001 +3.718188268e+001 -3.9020e+000 +2.0593e+000 +2.0398e+000
1670 0 +1.034186715e-003 +3.718103419e+001 +3.718103419e+001 -3.8997e+000 +2.0600e+000 +2.0401e+000
1990 0 +9.572404029e-004 +3.718095724e+001 +3.718095724e+001 -3.8997e+000 +2.0599e+000 +2.0400e+000
2070 0 +6.402534486e-004 +3.718064025e+001 +3.718064025e+001 -3.8993e+000 +2.0600e+000 +2.0401e+000
2081 0 +6.160264503e-004 +3.718061603e+001 +3.718061603e+001 -3.8982e+000 +2.0602e+000 +2.0400e+000
2124 0 +5.857307334e-004 +3.718058573e+001 +3.718058573e+001 -3.8982e+000 +2.0603e+000 +2.0401e+000
2135 0 +2.413206320e-004 +3.718024132e+001 +3.718024132e+001 -3.8991e+000 +2.0600e+000 +2.0400e+000
2260 0 +2.045696704e-004 +3.718020457e+001 +3.718020457e+001 -3.8993e+000 +2.0600e+000 +2.0400e+000
2440 0 +1.109808994e-004 +3.718011098e+001 +3.718011098e+001 -3.8994e+000 +2.0600e+000 +2.0400e+000
2665 0 +8.897449312e-005 +3.718008897e+001 +3.718008897e+001 -3.8992e+000 +2.0600e+000 +2.0400e+000
2718 0 +6.546399286e-005 +3.718006546e+001 +3.718006546e+001 -3.8992e+000 +2.0600e+000 +2.0400e+000
2836 0 +5.648865366e-005 +3.718005649e+001 +3.718005649e+001 -3.8992e+000 +2.0600e+000 +2.0400e+000
2845 0 +5.201029551e-005 +3.718005201e+001 +3.718005201e+001 -3.8992e+000 +2.0600e+000 +2.0400e+000
2848 0 +3.139538666e-005 +3.718003140e+001 +3.718003140e+001 -3.8992e+000 +2.0600e+000 +2.0400e+000
2966 0 +2.901685844e-005 +3.718002902e+001 +3.718002902e+001 -3.8992e+000 +2.0600e+000 +2.0400e+000
3062 0 +1.578801665e-005 +3.718001579e+001 +3.718001579e+001 -3.8992e+000 +2.0600e+000 +2.0400e+000
3155 0 +1.070635934e-005 +3.718001071e+001 +3.718001071e+001 -3.8992e+000 +2.0600e+000 +2.0400e+000
3256 0 +8.824429855e-006 +3.718000882e+001 +3.718000882e+001 -3.8992e+000 +2.0600e+000 +2.0400e+000
3268 0 +1.812513077e-006 +3.718000181e+001 +3.718000181e+001 -3.8992e+000 +2.0600e+000 +2.0400e+000
3368 0 +7.906712582e-007 +3.718000079e+001 +3.718000079e+001 -3.8992e+000 +2.0600e+000 +2.0400e+000
3681 0 +5.650979489e-007 +3.718000057e+001 +3.718000057e+001 -3.8992e+000 +2.0600e+000 +2.0400e+000
3767 0 +5.317324607e-007 +3.718000053e+001 +3.718000053e+001 -3.8992e+000 +2.0600e+000 +2.0400e+000
3775 0 +3.312160430e-007 +3.718000033e+001 +3.718000033e+001 -3.8992e+000 +2.0600e+000 +2.0400e+000
3968 0 +2.082171093e-007 +3.718000021e+001 +3.718000021e+001 -3.8992e+000 +2.0600e+000 +2.0400e+000
4000 0 +6.292216170e-008 +3.718000006e+001 +3.718000006e+001 -3.8992e+000 +2.0600e+000 +2.0400e+000
4262 0 +4.454344094e-008 +3.718000004e+001 +3.718000004e+001 -3.8992e+000 +2.0600e+000 +2.0400e+000
4281 0 +2.878635286e-008 +3.718000003e+001 +3.718000003e+001 -3.8992e+000 +2.0600e+000 +2.0400e+000
4353 0 +1.189637544e-008 +3.718000001e+001 +3.718000001e+001 -3.8992e+000 +2.0600e+000 +2.0400e+000
4384 0 +5.974158057e-009 +3.718000001e+001 +3.718000001e+001 -3.8992e+000 +2.0600e+000 +2.0400e+000
% f evaluations | g evaluations | best noise-free fitness - Fopt (-1.479000000000e+002) + sum g_i+ | measured fitness | best measured fitness or single-digit g-values | x1 | x2...
1 0 +4.265442898e+001 -1.052455710e+002 -1.052455710e+002 -3.6753e-001 -1.0576e+000 -2.8134e+000
17 0 +3.137038874e+001 -1.165296113e+002 -1.165296113e+002 -4.4202e+000 -3.9868e+000 -2.7995e+000
31 0 +7.910655367e+000 -1.399893446e+002 -1.399893446e+002 -1.8337e+000 -2.3133e+000 -2.8306e+000
49 0 +7.066176421e+000 -1.408338236e+002 -1.408338236e+002 -2.0323e+000 +6.1520e-001 +1.9401e+000
118 0 +5.859444001e+000 -1.420405560e+002 -1.420405560e+002 -9.5104e-001 +2.5611e-001 +1.1888e+000
122 0 +5.566367499e+000 -1.423336325e+002 -1.423336325e+002 -1.5724e+000 -9.6158e-002 +1.1202e+000
130 0 +5.302092816e+000 -1.425979072e+002 -1.425979072e+002 -9.2595e-001 -3.4343e-001 -1.0710e-001
177 0 +3.776976223e+000 -1.441230238e+002 -1.441230238e+002 -1.8832e+000 -5.9030e-001 -2.6829e-001
256 0 +1.335499907e+000 -1.465645001e+002 -1.465645001e+002 -1.7572e+000 +2.6707e-001 +1.3519e+000
399 0 +9.543226271e-001 -1.469456774e+002 -1.469456774e+002 -1.6685e+000 +1.1165e-001 +1.0122e+000
590 0 +2.894373614e-001 -1.476105626e+002 -1.476105626e+002 -1.7192e+000 +2.6060e-001 +1.3471e+000
701 0 +2.727749692e-001 -1.476272250e+002 -1.476272250e+002 -1.7118e+000 +3.5957e-001 +1.4976e+000
734 0 +1.952603258e-001 -1.477047397e+002 -1.477047397e+002 -1.6611e+000 +1.2649e-001 +1.1128e+000
735 0 +1.158602986e-001 -1.477841397e+002 -1.477841397e+002 -1.6790e+000 +1.3234e-001 +1.1264e+000
754 0 +1.059981316e-001 -1.477940019e+002 -1.477940019e+002 -1.6719e+000 +1.1693e-001 +1.0884e+000
933 0 +6.180601870e-002 -1.478381940e+002 -1.478381940e+002 -1.6728e+000 +1.4569e-001 +1.1483e+000
1155 0 +6.129462116e-002 -1.478387054e+002 -1.478387054e+002 -1.6734e+000 +1.2008e-001 +1.1121e+000
1227 0 +5.873981302e-002 -1.478412602e+002 -1.478412602e+002 -1.6694e+000 +1.4103e-001 +1.1476e+000
1300 0 +3.619027421e-002 -1.478638097e+002 -1.478638097e+002 -1.6739e+000 +1.2047e-001 +1.1074e+000
1316 0 +2.967783155e-002 -1.478703222e+002 -1.478703222e+002 -1.6704e+000 +1.5307e-001 +1.1659e+000
1330 0 +1.808633527e-002 -1.478819137e+002 -1.478819137e+002 -1.6718e+000 +1.2875e-001 +1.1241e+000
1369 0 +1.645877721e-002 -1.478835412e+002 -1.478835412e+002 -1.6683e+000 +1.4127e-001 +1.1456e+000
1514 0 +8.849076539e-003 -1.478911509e+002 -1.478911509e+002 -1.6717e+000 +1.3163e-001 +1.1298e+000
1600 0 +6.367519380e-003 -1.478936325e+002 -1.478936325e+002 -1.6708e+000 +1.3311e-001 +1.1329e+000
1697 0 +3.128931887e-003 -1.478968711e+002 -1.478968711e+002 -1.6710e+000 +1.3434e-001 +1.1353e+000
1911 0 +1.751634736e-003 -1.478982484e+002 -1.478982484e+002 -1.6706e+000 +1.3487e-001 +1.1363e+000
2004 0 +1.061441978e-003 -1.478989386e+002 -1.478989386e+002 -1.6704e+000 +1.3521e-001 +1.1369e+000
2073 0 +8.590487023e-004 -1.478991410e+002 -1.478991410e+002 -1.6704e+000 +1.3518e-001 +1.1367e+000
2135 0 +7.775532028e-004 -1.478992224e+002 -1.478992224e+002 -1.6704e+000 +1.3487e-001 +1.1362e+000
2269 0 +4.597108036e-004 -1.478995403e+002 -1.478995403e+002 -1.6704e+000 +1.3535e-001 +1.1371e+000
2329 0 +1.296477320e-004 -1.478998704e+002 -1.478998704e+002 -1.6704e+000 +1.3523e-001 +1.1368e+000
2604 0 +1.101426220e-004 -1.478998899e+002 -1.478998899e+002 -1.6704e+000 +1.3531e-001 +1.1370e+000
2758 0 +3.940277722e-005 -1.478999606e+002 -1.478999606e+002 -1.6704e+000 +1.3522e-001 +1.1368e+000
2926 0 +3.038168938e-005 -1.478999696e+002 -1.478999696e+002 -1.6704e+000 +1.3520e-001 +1.1368e+000
3091 0 +2.878736822e-005 -1.478999712e+002 -1.478999712e+002 -1.6704e+000 +1.3519e-001 +1.1368e+000
3155 0 +2.417895624e-005 -1.478999758e+002 -1.478999758e+002 -1.6704e+000 +1.3520e-001 +1.1368e+000
3211 0 +2.202978575e-005 -1.478999780e+002 -1.478999780e+002 -1.6704e+000 +1.3520e-001 +1.1368e+000
3306 0 +1.276698040e-005 -1.478999872e+002 -1.478999872e+002 -1.6704e+000 +1.3520e-001 +1.1368e+000
3442 0 +9.869612370e-006 -1.478999901e+002 -1.478999901e+002 -1.6704e+000 +1.3519e-001 +1.1368e+000
3449 0 +8.208265001e-006 -1.478999918e+002 -1.478999918e+002 -1.6704e+000 +1.3520e-001 +1.1368e+000
3644 0 +5.965054982e-006 -1.478999940e+002 -1.478999940e+002 -1.6704e+000 +1.3520e-001 +1.1368e+000
3669 0 +4.068544769e-006 -1.478999959e+002 -1.478999959e+002 -1.6704e+000 +1.3520e-001 +1.1368e+000
3722 0 +2.591684478e-006 -1.478999974e+002 -1.478999974e+002 -1.6704e+000 +1.3520e-001 +1.1368e+000
3749 0 +1.165299807e-006 -1.478999988e+002 -1.478999988e+002 -1.6704e+000 +1.3520e-001 +1.1368e+000
3878 0 +9.607263678e-007 -1.478999990e+002 -1.478999990e+002 -1.6704e+000 +1.3520e-001 +1.1368e+000
3899 0 +9.420827496e-007 -1.478999991e+002 -1.478999991e+002 -1.6704e+000 +1.3520e-001 +1.1368e+000
3911 0 +8.242514014e-007 -1.478999992e+002 -1.478999992e+002 -1.6704e+000 +1.3520e-001 +1.1368e+000
3954 0 +6.673054713e-007 -1.478999993e+002 -1.478999993e+002 -1.6704e+000 +1.3520e-001 +1.1368e+000
3961 0 +4.589598461e-007 -1.478999995e+002 -1.478999995e+002 -1.6704e+000 +1.3520e-001 +1.1368e+000
4006 0 +1.740862103e-007 -1.478999998e+002 -1.478999998e+002 -1.6704e+000 +1.3520e-001 +1.1368e+000
4042 0 +5.989900842e-008 -1.478999999e+002 -1.478999999e+002 -1.6704e+000 +1.3520e-001 +1.1368e+000
4407 0 +5.307620654e-008 -1.478999999e+002 -1.478999999e+002 -1.6704e+000 +1.3520e-001 +1.1368e+000
4493 0 +2.808502586e-008 -1.479000000e+002 -1.479000000e+002 -1.6704e+000 +1.3520e-001 +1.1368e+000
4527 0 +1.079817480e-008 -1.479000000e+002 -1.479000000e+002 -1.6704e+000 +1.3520e-001 +1.1368e+000
4726 0 +5.376108447e-009 -1.479000000e+002 -1.479000000e+002 -1.6704e+000 +1.3520e-001 +1.1368e+000
% f evaluations | g evaluations | best noise-free fitness - Fopt (4.817100000000e+002) + sum g_i+ | measured fitness | best measured fitness or single-digit g-values | x1 | x2...
1 0 +1.376525200e+002 +6.193625200e+002 +6.193625200e+002 -4.5760e+000 -2.7872e+000 -3.2709e+000
2 0 +9.177324711e+001 +5.734832471e+002 +5.734832471e+002 -2.7636e+000 +5.0699e-001 -1.7159e+000
3 0 +4.351175595e+001 +5.252217559e+002 +5.252217559e+002 +4.8870e+000 -1.1186e+000 -3.2603e+000
6 0 +3.531381551e+001 +5.170238155e+002 +5.170238155e+002 +1.4662e+000 -1.6384e+000 -4.0338e+000
9 0 +1.825467566e+001 +4.999646757e+002 +4.999646757e+002 +2.6523e+000 -8.0338e-001 -3.5940e+000
36 0 +1.759550028e+001 +4.993055003e+002 +4.993055003e+002 +3.3155e+000 -2.3389e+000 -3.5544e+000
53 0 +1.678205808e+001 +4.984920581e+002 +4.984920581e+002 +1.7838e+000 +3.4195e+000 -2.1286e+000
60 0 +6.524323572e+000 +4.882343236e+002 +4.882343236e+002 +1.2473e+000 -2.4170e+000 -3.5038e+000
97 0 +5.190889921e+000 +4.869008899e+002 +4.869008899e+002 +1.9468e+000 -1.3986e+000 -3.5349e+000
102 0 +4.871415214e+000 +4.865814152e+002 +4.865814152e+002 +1.1560e+000 -2.4761e+000 -2.8936e+000
182 0 +4.663191450e+000 +4.863731915e+002 +4.863731915e+002 +1.6834e+000 -2.9783e+000 -3.4462e+000
193 0 +3.184316670e+000 +4.848943167e+002 +4.848943167e+002 +1.2089e+000 -3.2871e+000 -3.0528e+000
221 0 +2.683668718e+000 +4.843936687e+002 +4.843936687e+002 +1.1080e+000 -2.1600e+000 -3.1403e+000
230 0 +2.330990452e+000 +4.840409905e+002 +4.840409905e+002 +1.0256e+000 -2.3553e+000 -3.0910e+000
260 0 +1.625757911e+000 +4.833357579e+002 +4.833357579e+002 +1.0799e+000 -2.9871e+000 -2.7708e+000
384 0 +1.218178578e+000 +4.829281786e+002 +4.829281786e+002 +8.7296e-001 -3.6199e+000 -2.7095e+000
397 0 +6.076140907e-001 +4.823176141e+002 +4.823176141e+002 +1.0455e+000 -3.2802e+000 -2.8411e+000
536 0 +5.231278103e-001 +4.822331278e+002 +4.822331278e+002 +9.9239e-001 -3.5309e+000 -2.7928e+000
547 0 +4.939597954e-001 +4.822039598e+002 +4.822039598e+002 +1.0384e+000 -3.3310e+000 -2.8310e+000
663 0 +4.437834879e-001 +4.821537835e+002 +4.821537835e+002 +9.9568e-001 -3.5222e+000 -2.8135e+000
667 0 +1.628456955e-001 +4.818728457e+002 +4.818728457e+002 +1.0384e+000 -2.9443e+000 -2.9128e+000
757 0 +8.969887096e-002 +4.817996989e+002 +4.817996989e+002 +1.0160e+000 -3.1503e+000 -2.8590e+000
1087 0 +4.519826974e-002 +4.817551983e+002 +4.817551983e+002 +1.0426e+000 -2.9720e+000 -2.9072e+000
1226 0 +1.794457058e-002 +4.817279446e+002 +4.817279446e+002 +1.0402e+000 -3.0043e+000 -2.8963e+000
1338 0 +1.325156817e-002 +4.817232516e+002 +4.817232516e+002 +1.0406e+000 -3.0064e+000 -2.8955e+000
1397 0 +1.136297490e-002 +4.817213630e+002 +4.817213630e+002 +1.0405e+000 -3.0069e+000 -2.8945e+000
1461 0 +1.080919592e-002 +4.817208092e+002 +4.817208092e+002 +1.0403e+000 -3.0013e+000 -2.8968e+000
1462 0 +3.298793046e-003 +4.817132988e+002 +4.817132988e+002 +1.0409e+000 -3.0013e+000 -2.8959e+000
1560 0 +2.609235336e-003 +4.817126092e+002 +4.817126092e+002 +1.0411e+000 -2.9980e+000 -2.8970e+000
1678 0 +2.032962138e-003 +4.817120330e+002 +4.817120330e+002 +1.0407e+000 -3.0017e+000 -2.8957e+000
1785 0 +1.453013244e-003 +4.817114530e+002 +4.817114530e+002 +1.0409e+000 -3.0001e+000 -2.8962e+000
1829 0 +1.070845437e-003 +4.817110708e+002 +4.817110708e+002 +1.0409e+000 -3.0003e+000 -2.8962e+000
1859 0 +1.042779478e-003 +4.817110428e+002 +4.817110428e+002 +1.0409e+000 -3.0003e+000 -2.8962e+000
1973 0 +6.337238983e-004 +4.817106337e+002 +4.817106337e+002 +1.0408e+000 -3.0007e+000 -2.8961e+000
1980 0 +4.697512910e-004 +4.817104698e+002 +4.817104698e+002 +1.0408e+000 -3.0010e+000 -2.8960e+000
2022 0 +3.044311810e-004 +4.817103044e+002 +4.817103044e+002 +1.0408e+000 -3.0007e+000 -2.8960e+000
2062 0 +2.948440533e-004 +4.817102948e+002 +4.817102948e+002 +1.0408e+000 -3.0008e+000 -2.8960e+000
2123 0 +2.357483497e-004 +4.817102357e+002 +4.817102357e+002 +1.0409e+000 -3.0007e+000 -2.8961e+000
2149 0 +2.218368596e-004 +4.817102218e+002 +4.817102218e+002 +1.0408e+000 -3.0007e+000 -2.8960e+000
2196 0 +1.114989407e-004 +4.817101115e+002 +4.817101115e+002 +1.0408e+000 -3.0008e+000 -2.8960e+000
2233 0 +1.095243231e-004 +4.817101095e+002 +4.817101095e+002 +1.0408e+000 -3.0008e+000 -2.8960e+000
2263 0 +7.261835987e-005 +4.817100726e+002 +4.817100726e+002 +1.0408e+000 -3.0008e+000 -2.8960e+000
2297 0 +5.150570854e-005 +4.817100515e+002 +4.817100515e+002 +1.0408e+000 -3.0008e+000 -2.8960e+000
2315 0 +3.748116444e-005 +4.817100375e+002 +4.817100375e+002 +1.0408e+000 -3.0008e+000 -2.8960e+000
2375 0 +3.348851851e-005 +4.817100335e+002 +4.817100335e+002 +1.0408e+000 -3.0008e+000 -2.8960e+000
2591 0 +3.283313004e-005 +4.817100328e+002 +4.817100328e+002 +1.0408e+000 -3.0008e+000 -2.8960e+000
2629 0 +3.140902589e-005 +4.817100314e+002 +4.817100314e+002 +1.0408e+000 -3.0008e+000 -2.8960e+000
2706 0 +2.908119961e-005 +4.817100291e+002 +4.817100291e+002 +1.0408e+000 -3.0008e+000 -2.8960e+000
2731 0 +2.521513585e-005 +4.817100252e+002 +4.817100252e+002 +1.0408e+000 -3.0008e+000 -2.8960e+000
2733 0 +1.888229014e-005 +4.817100189e+002 +4.817100189e+002 +1.0408e+000 -3.0008e+000 -2.8960e+000
2736 0 +1.214902431e-005 +4.817100121e+002 +4.817100121e+002 +1.0408e+000 -3.0008e+000 -2.8960e+000
2754 0 +8.626666158e-006 +4.817100086e+002 +4.817100086e+002 +1.0408e+000 -3.0008e+000 -2.8960e+000
2759 0 +3.952737870e-006 +4.817100040e+002 +4.817100040e+002 +1.0408e+000 -3.0008e+000 -2.8960e+000
3004 0 +3.258441211e-006 +4.817100033e+002 +4.817100033e+002 +1.0408e+000 -3.0008e+000 -2.8960e+000
3053 0 +2.286362474e-006 +4.817100023e+002 +4.817100023e+002 +1.0408e+000 -3.0008e+000 -2.8960e+000
3077 0 +9.856221368e-007 +4.817100010e+002 +4.817100010e+002 +1.0408e+000 -3.0008e+000 -2.8960e+000
3211 0 +6.715441714e-007 +4.817100007e+002 +4.817100007e+002 +1.0408e+000 -3.0008e+000 -2.8960e+000
3223 0 +4.959779858e-007 +4.817100005e+002 +4.817100005e+002 +1.0408e+000 -3.0008e+000 -2.8960e+000
3271 0 +3.878042207e-007 +4.817100004e+002 +4.817100004e+002 +1.0408e+000 -3.0008e+000 -2.8960e+000
3301 0 +3.241265176e-007 +4.817100003e+002 +4.817100003e+002 +1.0408e+000 -3.0008e+000 -2.8960e+000
3375 0 +1.047818046e-007 +4.817100001e+002 +4.817100001e+002 +1.0408e+000 -3.0008e+000 -2.8960e+000
3680 0 +4.514538432e-008 +4.817100000e+002 +4.817100000e+002 +1.0408e+000 -3.0008e+000 -2.8960e+000
3982 0 +4.320679636e-008 +4.817100000e+002 +4.817100000e+002 +1.0408e+000 -3.0008e+000 -2.8960e+000
4019 0 +3.749073585e-008 +4.817100000e+002 +4.817100000e+002 +1.0408e+000 -3.0008e+000 -2.8960e+000
4029 0 +1.729085852e-008 +4.817100000e+002 +4.817100000e+002 +1.0408e+000 -3.0008e+000 -2.8960e+000
4106 0 +1.263219929e-008 +4.817100000e+002 +4.817100000e+002 +1.0408e+000 -3.0008e+000 -2.8960e+000
4154 0 +6.837012734e-009 +4.817100000e+002 +4.817100000e+002 +1.0408e+000 -3.0008e+000 -2.8960e+000
% f evaluations | g evaluations | best noise-free fitness - Fopt (-3.646000000000e+001) + sum g_i+ | measured fitness | best measured fitness or single-digit g-values | x1 | x2...
1 0 +1.107106515e+002 +7.425065150e+001 +7.425065150e+001 -1.0964e+000 -2.7240e+000 +3.7416e+000
2 0 +7.510704045e+001 +3.864704045e+001 +3.864704045e+001 -1.4212e+000 +8.1424e-001 +1.5917e+000
3 0 +3.200913066e+001 -4.450869338e+000 -4.450869338e+000 +5.4597e-001 +1.1664e+000 -3.1529e+000
9 0 +2.301286545e+001 -1.344713455e+001 -1.344713455e+001 +1.9542e+000 -3.2447e+000 -4.0649e+000
52 0 +2.187191875e+001 -1.458808125e+001 -1.458808125e+001 -1.1468e+000 +7.4692e-002 -1.0935e-001
53 0 +1.473907131e+001 -2.172092869e+001 -2.172092869e+001 +1.3738e+000 -5.5651e-001 -3.4273e+000
115 0 +1.388857984e+001 -2.257142016e+001 -2.257142016e+001 +2.2333e+000 -3.5597e+000 -1.3005e+000
133 0 +8.958074274e+000 -2.750192573e+001 -2.750192573e+001 +1.2770e+000 -2.1527e+000 -1.8259e+000
173 0 +5.988221606e+000 -3.047177839e+001 -3.047177839e+001 +1.4855e+000 -1.5572e+000 -2.4358e+000
220 0 +5.286090797e+000 -3.117390920e+001 -3.117390920e+001 -5.9120e-001 +1.1772e+000 -1.8884e+000
248 0 +4.304511576e+000 -3.215548842e+001 -3.215548842e+001 +1.6479e+000 -1.8013e+000 -2.3286e+000
261 0 +2.592453768e+000 -3.386754623e+001 -3.386754623e+001 +1.0233e+000 -8.7077e-001 -2.2205e+000
308 0 +1.584607132e+000 -3.487539287e+001 -3.487539287e+001 +1.6709e+000 -2.0924e+000 -2.1828e+000
410 0 +1.472585011e+000 -3.498741499e+001 -3.498741499e+001 +1.8841e+000 -2.5539e+000 -2.0843e+000
421 0 +6.245371017e-001 -3.583546290e+001 -3.583546290e+001 +2.1096e+000 -2.8572e+000 -2.2377e+000
640 0 +3.104328401e-001 -3.614956716e+001 -3.614956716e+001 +2.0568e+000 -2.7543e+000 -2.2028e+000
865 0 +1.677329314e-001 -3.629226707e+001 -3.629226707e+001 +2.2732e+000 -3.0450e+000 -2.2466e+000
996 0 +1.203741026e-001 -3.633962590e+001 -3.633962590e+001 +2.0375e+000 -2.7181e+000 -2.2055e+000
1102 0 +7.407642229e-002 -3.638592358e+001 -3.638592358e+001 +2.1048e+000 -2.8188e+000 -2.2155e+000
1250 0 +4.940495537e-002 -3.641059504e+001 -3.641059504e+001 +2.1591e+000 -2.8948e+000 -2.2262e+000
1332 0 +4.856746502e-002 -3.641143253e+001 -3.641143253e+001 +2.1161e+000 -2.8351e+000 -2.2172e+000
1382 0 +2.606625671e-002 -3.643393374e+001 -3.643393374e+001 +2.1087e+000 -2.8234e+000 -2.2200e+000
1480 0 +2.504147615e-002 -3.643495852e+001 -3.643495852e+001 +2.1244e+000 -2.8524e+000 -2.2193e+000
1486 0 +2.219520491e-002 -3.643780480e+001 -3.643780480e+001 +2.1258e+000 -2.8545e+000 -2.2167e+000
1565 0 +1.360321702e-002 -3.644639678e+001 -3.644639678e+001 +2.1204e+000 -2.8437e+000 -2.2189e+000
1708 0 +1.006817605e-002 -3.644993182e+001 -3.644993182e+001 +2.1228e+000 -2.8492e+000 -2.2181e+000
1759 0 +8.895198734e-003 -3.645110480e+001 -3.645110480e+001 +2.1261e+000 -2.8528e+000 -2.2196e+000
1780 0 +5.612261106e-003 -3.645438774e+001 -3.645438774e+001 +2.1203e+000 -2.8458e+000 -2.2180e+000
1880 0 +4.754733963e-003 -3.645524527e+001 -3.645524527e+001 +2.1224e+000 -2.8487e+000 -2.2185e+000
2005 0 +3.020936626e-003 -3.645697906e+001 -3.645697906e+001 +2.1223e+000 -2.8484e+000 -2.2183e+000
2055 0 +1.001280498e-003 -3.645899872e+001 -3.645899872e+001 +2.1221e+000 -2.8481e+000 -2.2184e+000
2217 0 +8.895489655e-004 -3.645911045e+001 -3.645911045e+001 +2.1217e+000 -2.8473e+000 -2.2184e+000
2285 0 +5.800780589e-004 -3.645941992e+001 -3.645941992e+001 +2.1216e+000 -2.8471e+000 -2.2184e+000
2410 0 +3.651988693e-004 -3.645963480e+001 -3.645963480e+001 +2.1216e+000 -2.8472e+000 -2.2184e+000
2427 0 +3.201750315e-004 -3.645967982e+001 -3.645967982e+001 +2.1215e+000 -2.8470e+000 -2.2184e+000
2438 0 +2.705579469e-004 -3.645972944e+001 -3.645972944e+001 +2.1215e+000 -2.8471e+000 -2.2184e+000
2478 0 +9.547940331e-005 -3.645990452e+001 -3.645990452e+001 +2.1216e+000 -2.8472e+000 -2.2184e+000
2687 0 +7.106744243e-005 -3.645992893e+001 -3.645992893e+001 +2.1216e+000 -2.8472e+000 -2.2184e+000
2736 0 +3.074285763e-005 -3.645996926e+001 -3.645996926e+001 +2.1216e+000 -2.8472e+000 -2.2184e+000
2845 0 +2.886731107e-005 -3.645997113e+001 -3.645997113e+001 +2.1216e+000 -2.8472e+000 -2.2184e+000
2983 0 +2.269207534e-005 -3.645997731e+001 -3.645997731e+001 +2.1216e+000 -2.8472e+000 -2.2184e+000
3187 0 +1.717740542e-005 -3.645998282e+001 -3.645998282e+001 +2.1216e+000 -2.8472e+000 -2.2184e+000
3189 0 +2.481118962e-006 -3.645999752e+001 -3.645999752e+001 +2.1216e+000 -2.8472e+000 -2.2184e+000
3511 0 +1.731143072e-006 -3.645999827e+001 -3.645999827e+001 +2.1216e+000 -2.8472e+000 -2.2184e+000
3534 0 +6.478625139e-007 -3.645999935e+001 -3.645999935e+001 +2.1216e+000 -2.8472e+000 -2.2184e+000
3661 0 +5.752642949e-007 -3.645999942e+001 -3.645999942e+001 +2.1216e+000 -2.8472e+000 -2.2184e+000
3686 0 +4.714394990e-007 -3.645999953e+001 -3.645999953e+001 +2.1216e+000 -2.8472e+000 -2.2184e+000
3695 0 +1.702247516e-007 -3.645999983e+001 -3.645999983e+001 +2.1216e+000 -2.8472e+000 -2.2184e+000
3785 0 +1.083792043e-007 -3.645999989e+001 -3.645999989e+001 +2.1216e+000 -2.8472e+000 -2.2184e+000
4174 0 +1.045723721e-007 -3.645999990e+001 -3.645999990e+001 +2.1216e+000 -2.8472e+000 -2.2184e+000
4178 0 +7.725979856e-008 -3.645999992e+001 -3.645999992e+001 +2.1216e+000 -2.8472e+000 -2.2184e+000
4251 0 +4.167550571e-008 -3.645999996e+001 -3.645999996e+001 +2.1216e+000 -2.8472e+000 -2.2184e+000
4364 0 +3.906156820e-008 -3.645999996e+001 -3.645999996e+001 +2.1216e+000 -2.8472e+000 -2.2184e+000
4388 0 +2.503023921e-008 -3.645999997e+001 -3.645999997e+001 +2.1216e+000 -2.8472e+000 -2.2184e+000
4394 0 +1.191374821e-008 -3.645999999e+001 -3.645999999e+001 +2.1216e+000 -2.8472e+000 -2.2184e+000
4539 0 +5.893618038e-009 -3.645999999e+001 -3.645999999e+001 +2.1216e+000 -2.8472e+000 -2.2184e+000
% f evaluations | g evaluations | best noise-free fitness - Fopt (3.920000000000e+001) + sum g_i+ | measured fitness | best measured fitness or single-digit g-values | x1 | x2...
1 0 +6.702028981e+001 +1.062202898e+002 +1.062202898e+002 +4.1775e+000 +1.0641e+000 -3.9009e+000
3 0 +1.224223697e+001 +5.144223697e+001 +5.144223697e+001 +3.2910e+000 +8.1043e-001 +1.3477e+000
28 0 +1.187405733e+001 +5.107405733e+001 +5.107405733e+001 +3.2421e+000 -5.1103e-001 +1.3587e+000
62 0 +5.386641528e+000 +4.458664153e+001 +4.458664153e+001 +2.1437e+000 +2.1578e-001 +1.5194e+000
231 0 +3.038580997e+000 +4.223858100e+001 +4.223858100e+001 +2.5341e+000 +1.1580e+000 +1.9581e+000
258 0 +2.085174269e+000 +4.128517427e+001 +4.128517427e+001 +3.8576e+000 +2.0566e+000 +2.6890e+000
357 0 +1.996211287e+000 +4.119621129e+001 +4.119621129e+001 +4.5931e+000 +2.2111e+000 +2.9140e+000
389 0 +6.484541837e-001 +3.984845418e+001 +3.984845418e+001 +4.4850e+000 +2.1477e+000 +2.9008e+000
689 0 +3.469318036e-001 +3.954693180e+001 +3.954693180e+001 +4.3275e+000 +2.0490e+000 +2.8218e+000
844 0 +3.262120280e-001 +3.952621203e+001 +3.952621203e+001 +3.8099e+000 +1.7541e+000 +2.5528e+000
928 0 +1.482646304e-001 +3.934826463e+001 +3.934826463e+001 +3.9304e+000 +1.7898e+000 +2.6043e+000
950 0 +8.281362726e-002 +3.928281363e+001 +3.928281363e+001 +3.7534e+000 +1.6664e+000 +2.4802e+000
1147 0 +7.767850981e-002 +3.927767851e+001 +3.927767851e+001 +3.8073e+000 +1.6916e+000 +2.5137e+000
1217 0 +7.169155906e-002 +3.927169156e+001 +3.927169156e+001 +3.6942e+000 +1.6239e+000 +2.4435e+000
1240 0 +5.475863272e-002 +3.925475863e+001 +3.925475863e+001 +3.6809e+000 +1.6102e+000 +2.4373e+000
1264 0 +3.877200584e-002 +3.923877201e+001 +3.923877201e+001 +3.6975e+000 +1.6145e+000 +2.4422e+000
1439 0 +1.779791615e-002 +3.921779792e+001 +3.921779792e+001 +3.7189e+000 +1.6249e+000 +2.4512e+000
1499 0 +1.591009015e-002 +3.921591009e+001 +3.921591009e+001 +3.7187e+000 +1.6284e+000 +2.4518e+000
1705 0 +1.027205731e-002 +3.921027206e+001 +3.921027206e+001 +3.7302e+000 +1.6348e+000 +2.4588e+000
1760 0 +8.011792013e-003 +3.920801179e+001 +3.920801179e+001 +3.7263e+000 +1.6309e+000 +2.4557e+000
1769 0 +7.338051099e-003 +3.920733805e+001 +3.920733805e+001 +3.7238e+000 +1.6303e+000 +2.4543e+000
1811 0 +5.104560219e-003 +3.920510456e+001 +3.920510456e+001 +3.7293e+000 +1.6340e+000 +2.4581e+000
1953 0 +4.222430647e-003 +3.920422243e+001 +3.920422243e+001 +3.7211e+000 +1.6291e+000 +2.4533e+000
1997 0 +4.027129007e-003 +3.920402713e+001 +3.920402713e+001 +3.7224e+000 +1.6295e+000 +2.4538e+000
2098 0 +1.625858519e-003 +3.920162586e+001 +3.920162586e+001 +3.7240e+000 +1.6308e+000 +2.4548e+000
2274 0 +1.492919893e-003 +3.920149292e+001 +3.920149292e+001 +3.7224e+000 +1.6299e+000 +2.4539e+000
2334 0 +8.570622194e-004 +3.920085706e+001 +3.920085706e+001 +3.7233e+000 +1.6304e+000 +2.4545e+000
2402 0 +6.828063862e-004 +3.920068281e+001 +3.920068281e+001 +3.7232e+000 +1.6304e+000 +2.4544e+000
2466 0 +4.410155591e-004 +3.920044102e+001 +3.920044102e+001 +3.7234e+000 +1.6306e+000 +2.4545e+000
2583 0 +3.203598502e-004 +3.920032036e+001 +3.920032036e+001 +3.7231e+000 +1.6304e+000 +2.4544e+000
2662 0 +3.025744648e-004 +3.920030257e+001 +3.920030257e+001 +3.7231e+000 +1.6303e+000 +2.4543e+000
2715 0 +2.892603929e-004 +3.920028926e+001 +3.920028926e+001 +3.7232e+000 +1.6304e+000 +2.4544e+000
2755 0 +2.821867484e-004 +3.920028219e+001 +3.920028219e+001 +3.7233e+000 +1.6305e+000 +2.4545e+000
2780 0 +2.568798519e-004 +3.920025688e+001 +3.920025688e+001 +3.7231e+000 +1.6303e+000 +2.4544e+000
2789 0 +5.289279530e-005 +3.920005289e+001 +3.920005289e+001 +3.7232e+000 +1.6304e+000 +2.4544e+000
2919 0 +2.976956549e-005 +3.920002977e+001 +3.920002977e+001 +3.7232e+000 +1.6304e+000 +2.4544e+000
3057 0 +2.430175628e-005 +3.920002430e+001 +3.920002430e+001 +3.7232e+000 +1.6304e+000 +2.4544e+000
3178 0 +2.256737311e-005 +3.920002257e+001 +3.920002257e+001 +3.7232e+000 +1.6304e+000 +2.4544e+000
3290 0 +1.400166320e-005 +3.920001400e+001 +3.920001400e+001 +3.7232e+000 +1.6304e+000 +2.4544e+000
3369 0 +9.625600534e-006 +3.920000963e+001 +3.920000963e+001 +3.7232e+000 +1.6304e+000 +2.4544e+000
3437 0 +8.867759988e-006 +3.920000887e+001 +3.920000887e+001 +3.7232e+000 +1.6304e+000 +2.4544e+000
3480 0 +7.872203710e-006 +3.920000787e+001 +3.920000787e+001 +3.7232e+000 +1.6304e+000 +2.4544e+000
3523 0 +3.550401075e-006 +3.920000355e+001 +3.920000355e+001 +3.7232e+000 +1.6304e+000 +2.4544e+000
3639 0 +3.217383451e-006 +3.920000322e+001 +3.920000322e+001 +3.7232e+000 +1.6304e+000 +2.4544e+000
3647 0 +1.427452759e-006 +3.920000143e+001 +3.920000143e+001 +3.7232e+000 +1.6304e+000 +2.4544e+000
3705 0 +1.405224630e-006 +3.920000141e+001 +3.920000141e+001 +3.7232e+000 +1.6304e+000 +2.4544e+000
3752 0 +7.582024608e-007 +3.920000076e+001 +3.920000076e+001 +3.7232e+000 +1.6304e+000 +2.4544e+000
3774 0 +3.748997486e-007 +3.920000037e+001 +3.920000037e+001 +3.7232e+000 +1.6304e+000 +2.4544e+000
3807 0 +2.279380809e-007 +3.920000023e+001 +3.920000023e+001 +3.7232e+000 +1.6304e+000 +2.4544e+000
3912 0 +2.157376144e-007 +3.920000022e+001 +3.920000022e+001 +3.7232e+000 +1.6304e+000 +2.4544e+000
4054 0 +2.038741087e-007 +3.920000020e+001 +3.920000020e+001 +3.7232e+000 +1.6304e+000 +2.4544e+000
4071 0 +1.833129062e-007 +3.920000018e+001 +3.920000018e+001 +3.7232e+000 +1.6304e+000 +2.4544e+000
4220 0 +1.656447139e-007 +3.920000017e+001 +3.920000017e+001 +3.7232e+000 +1.6304e+000 +2.4544e+000
4221 0 +1.406986740e-007 +3.920000014e+001 +3.920000014e+001 +3.7232e+000 +1.6304e+000 +2.4544e+000
4274 0 +1.189401004e-007 +3.920000012e+001 +3.920000012e+001 +3.7232e+000 +1.6304e+000 +2.4544e+000
4345 0 +8.724366296e-008 +3.920000009e+001 +3.920000009e+001 +3.7232e+000 +1.6304e+000 +2.4544e+000
4377 0 +7.745377673e-008 +3.920000008e+001 +3.920000008e+001 +3.7232e+000 +1.6304e+000 +2.4544e+000
4401 0 +6.701629474e-008 +3.920000007e+001 +3.920000007e+001 +3.7232e+000 +1.6304e+000 +2.4544e+000
4473 0 +2.563670876e-008 +3.920000003e+001 +3.920000003e+001 +3.7232e+000 +1.6304e+000 +2.4544e+000
4556 0 +2.220187412e-008 +3.920000002e+001 +3.920000002e+001 +3.7232e+000 +1.6304e+000 +2.4544e+000
4566 0 +1.871075028e-008 +3.920000002e+001 +3.920000002e+001 +3.7232e+000 +1.6304e+000 +2.4544e+000
4639 0 +1.284007567e-008 +3.920000001e+001 +3.920000001e+001 +3.7232e+000 +1.6304e+000 +2.4544e+000
4664 0 +1.140858075e-008 +3.920000001e+001 +3.920000001e+001 +3.7232e+000 +1.6304e+000 +2.4544e+000
4702 0 +9.731174089e-009 +3.920000001e+001 +3.920000001e+001 +3.7232e+000 +1.6304e+000 +2.4544e+000
% f evaluations | g evaluations | best noise-free fitness - Fopt (-3.225000000000e+001) + sum g_i+ | measured fitness | best measured fitness or single-digit g-values | x1 | x2...
1 0 +2.467945927e+001 -7.570540730e+000 -7.570540730e+000 +2.9337e+000 +4.4038e+000 -2.1859e+000
16 0 +2.113299362e+001 -1.111700638e+001 -1.111700638e+001 +5.5557e-001 +2.9694e+000 -4.1782e-003
40 0 +1.690871783e+001 -1.534128217e+001 -1.534128217e+001 -1.1160e-001 +7.3701e-001 +2.6429e+000
53 0 +8.104944511e+000 -2.414505549e+001 -2.414505549e+001 +9.8579e-002 +1.4927e+000 +9.1236e-001
150 0 +6.373279590e+000 -2.587672041e+001 -2.587672041e+001 -1.4298e+000 +5.3664e-001 +2.7143e+000
193 0 +6.007452912e+000 -2.624254709e+001 -2.624254709e+001 +8.6037e-001 +6.8037e-001 +1.5156e+000
202 0 +5.207598700e+000 -2.704240130e+001 -2.704240130e+001 -1.1136e+000 +4.1301e-001 +2.7542e+000
215 0 +5.029514715e+000 -2.722048528e+001 -2.722048528e+001 +6.0781e-001 +9.3288e-001 +1.1785e+000
237 0 +1.676939760e+000 -3.057306024e+001 -3.057306024e+001 +1.7153e+000 +8.3743e-001 +5.1345e-001
459 0 +1.593343091e+000 -3.065665691e+001 -3.065665691e+001 +1.0992e+000 +7.6899e-001 +9.8231e-001
486 0 +7.673876429e-001 -3.148261236e+001 -3.148261236e+001 +3.6700e+000 +1.0212e+000 -9.1714e-001
490 0 +5.650521946e-001 -3.168494781e+001 -3.168494781e+001 +3.5758e+000 +1.1183e+000 -8.9956e-001
501 0 +3.325492911e-001 -3.191745071e+001 -3.191745071e+001 +3.4710e+000 +1.0494e+000 -7.8871e-001
679 0 +2.545904753e-001 -3.199540952e+001 -3.199540952e+001 +3.6462e+000 +1.1057e+000 -9.2982e-001
704 0 +1.927576745e-001 -3.205724233e+001 -3.205724233e+001 +3.6545e+000 +1.0908e+000 -9.2395e-001
751 0 +1.463293174e-001 -3.210367068e+001 -3.210367068e+001 +3.5989e+000 +1.0465e+000 -8.5318e-001
819 0 +1.363012847e-001 -3.211369872e+001 -3.211369872e+001 +3.6513e+000 +1.0647e+000 -9.1050e-001
898 0 +8.999982358e-002 -3.216000018e+001 -3.216000018e+001 +3.6965e+000 +1.0588e+000 -9.2576e-001
911 0 +5.842121013e-002 -3.219157879e+001 -3.219157879e+001 +3.6033e+000 +1.0627e+000 -8.7406e-001
1019 0 +3.925923495e-002 -3.221074077e+001 -3.221074077e+001 +3.5706e+000 +1.0615e+000 -8.4668e-001
1061 0 +3.605996785e-002 -3.221394003e+001 -3.221394003e+001 +3.5896e+000 +1.0614e+000 -8.6183e-001
1128 0 +3.323712213e-002 -3.221676288e+001 -3.221676288e+001 +3.6031e+000 +1.0608e+000 -8.6742e-001
1203 0 +3.094878284e-002 -3.221905122e+001 -3.221905122e+001 +3.6316e+000 +1.0628e+000 -8.8848e-001
1207 0 +1.129192069e-002 -3.223870808e+001 -3.223870808e+001 +3.5915e+000 +1.0611e+000 -8.6035e-001
1321 0 +5.158455641e-003 -3.224484154e+001 -3.224484154e+001 +3.5993e+000 +1.0618e+000 -8.6652e-001
1336 0 +3.605667446e-003 -3.224639433e+001 -3.224639433e+001 +3.5980e+000 +1.0612e+000 -8.6519e-001
1496 0 +3.540736518e-003 -3.224645926e+001 -3.224645926e+001 +3.5989e+000 +1.0617e+000 -8.6615e-001
1555 0 +3.272608140e-003 -3.224672739e+001 -3.224672739e+001 +3.5956e+000 +1.0615e+000 -8.6398e-001
1589 0 +3.046057329e-003 -3.224695394e+001 -3.224695394e+001 +3.5982e+000 +1.0616e+000 -8.6554e-001
1683 0 +2.661535542e-003 -3.224733846e+001 -3.224733846e+001 +3.5931e+000 +1.0613e+000 -8.6195e-001
1689 0 +8.592342051e-004 -3.224914077e+001 -3.224914077e+001 +3.5952e+000 +1.0615e+000 -8.6342e-001
2035 0 +8.205225196e-004 -3.224917948e+001 -3.224917948e+001 +3.5960e+000 +1.0616e+000 -8.6406e-001
2041 0 +1.873321525e-004 -3.224981267e+001 -3.224981267e+001 +3.5960e+000 +1.0616e+000 -8.6404e-001
2438 0 +3.290656443e-005 -3.224996709e+001 -3.224996709e+001 +3.5960e+000 +1.0616e+000 -8.6398e-001
2644 0 +2.988111343e-005 -3.224997012e+001 -3.224997012e+001 +3.5960e+000 +1.0616e+000 -8.6402e-001
2795 0 +2.109962820e-005 -3.224997890e+001 -3.224997890e+001 +3.5960e+000 +1.0616e+000 -8.6400e-001
2892 0 +1.151531055e-005 -3.224998848e+001 -3.224998848e+001 +3.5960e+000 +1.0616e+000 -8.6400e-001
2930 0 +8.561022852e-006 -3.224999144e+001 -3.224999144e+001 +3.5960e+000 +1.0616e+000 -8.6400e-001
3213 0 +5.552510899e-006 -3.224999445e+001 -3.224999445e+001 +3.5960e+000 +1.0616e+000 -8.6400e-001
3377 0 +1.673999243e-006 -3.224999833e+001 -3.224999833e+001 +3.5960e+000 +1.0616e+000 -8.6400e-001
3442 0 +1.076796110e-006 -3.224999892e+001 -3.224999892e+001 +3.5960e+000 +1.0616e+000 -8.6400e-001
3475 0 +6.840365572e-007 -3.224999932e+001 -3.224999932e+001 +3.5960e+000 +1.0616e+000 -8.6400e-001
3552 0 +6.391453127e-007 -3.224999936e+001 -3.224999936e+001 +3.5960e+000 +1.0616e+000 -8.6400e-001
3590 0 +3.285125629e-007 -3.224999967e+001 -3.224999967e+001 +3.5960e+000 +1.0616e+000 -8.6400e-001
3610 0 +3.010005472e-007 -3.224999970e+001 -3.224999970e+001 +3.5960e+000 +1.0616e+000 -8.6400e-001
3764 0 +1.100887346e-007 -3.224999989e+001 -3.224999989e+001 +3.5960e+000 +1.0616e+000 -8.6400e-001
3991 0 +7.250123701e-008 -3.224999993e+001 -3.224999993e+001 +3.5960e+000 +1.0616e+000 -8.6400e-001
4021 0 +5.641249601e-008 -3.224999994e+001 -3.224999994e+001 +3.5960e+000 +1.0616e+000 -8.6400e-001
4300 0 +5.224028854e-008 -3.224999995e+001 -3.224999995e+001 +3.5960e+000 +1.0616e+000 -8.6400e-001
4311 0 +3.393720505e-008 -3.224999997e+001 -3.224999997e+001 +3.5960e+000 +1.0616e+000 -8.6400e-001
4370 0 +2.138567368e-008 -3.224999998e+001 -3.224999998e+001 +3.5960e+000 +1.0616e+000 -8.6400e-001
4377 0 +2.133950971e-008 -3.224999998e+001 -3.224999998e+001 +3.5960e+000 +1.0616e+000 -8.6400e-001
4443 0 +1.913441139e-008 -3.224999998e+001 -3.224999998e+001 +3.5960e+000 +1.0616e+000 -8.6400e-001
4447 0 +1.596263388e-008 -3.224999998e+001 -3.224999998e+001 +3.5960e+000 +1.0616e+000 -8.6400e-001
4459 0 +1.556163909e-008 -3.224999998e+001 -3.224999998e+001 +3.5960e+000 +1.0616e+000 -8.6400e-001
4488 0 +8.133426377e-009 -3.224999999e+001 -3.224999999e+001 +3.5960e+000 +1.0616e+000 -8.6400e-001
% f evaluations | g evaluations | best noise-free fitness - Fopt (3.681200000000e+002) + sum g_i+ | measured fitness | best measured fitness or single-digit g-values | x1 | x2...
1 0 +1.085936421e+002 +4.767136421e+002 +4.767136421e+002 +1.7309e+000 +4.6105e+000 -7.6772e-001
2 0 +6.712866101e+001 +4.352486610e+002 +4.352486610e+002 -4.4227e+000 -8.0942e-001 -3.6478e+000
4 0 +6.046934207e+001 +4.285893421e+002 +4.285893421e+002 +6.3737e-001 -1.6264e+000 +4.9816e+000
6 0 +2.382952371e+001 +3.919495237e+002 +3.919495237e+002 -3.4436e+000 -8.3554e-002 -1.2204e+000
24 0 +4.384708638e+000 +3.725047086e+002 +3.725047086e+002 -1.1706e+000 -8.8413e-001 +1.6368e+000
189 0 +2.776790794e+000 +3.708967908e+002 +3.708967908e+002 -3.8118e+000 -1.2133e+000 -2.4729e-001
369 0 +2.457771345e+000 +3.705777713e+002 +3.705777713e+002 -2.3652e+000 -1.2225e+000 +9.2391e-001
409 0 +2.427816211e+000 +3.705478162e+002 +3.705478162e+002 -2.4147e+000 -1.2578e+000 +6.6954e-001
412 0 +2.186548178e+000 +3.703065482e+002 +3.703065482e+002 -1.6497e+000 -1.0525e+000 +1.3498e+000
426 0 +4.127048398e-001 +3.685327048e+002 +3.685327048e+002 -2.5379e+000 -1.1146e+000 +7.0880e-001
758 0 +3.935024523e-001 +3.685135025e+002 +3.685135025e+002 -2.2327e+000 -1.1590e+000 +9.1826e-001
884 0 +3.257016554e-001 +3.684457017e+002 +3.684457017e+002 -2.3534e+000 -1.1076e+000 +8.2876e-001
909 0 +2.573674357e-001 +3.683773674e+002 +3.683773674e+002 -2.1998e+000 -1.0753e+000 +9.1200e-001
1030 0 +2.542847152e-001 +3.683742847e+002 +3.683742847e+002 -2.3398e+000 -1.0831e+000 +8.0628e-001
1066 0 +1.492660290e-001 +3.682692660e+002 +3.682692660e+002 -2.4147e+000 -1.0901e+000 +7.5985e-001
1120 0 +1.293764856e-001 +3.682493765e+002 +3.682493765e+002 -2.4744e+000 -1.0960e+000 +7.0956e-001
1257 0 +5.906666960e-002 +3.681790667e+002 +3.681790667e+002 -2.4632e+000 -1.0939e+000 +7.1696e-001
1441 0 +4.656967955e-002 +3.681665697e+002 +3.681665697e+002 -2.4556e+000 -1.0875e+000 +7.2444e-001
1512 0 +4.171932340e-002 +3.681617193e+002 +3.681617193e+002 -2.4675e+000 -1.0862e+000 +7.1411e-001
1563 0 +3.289368083e-002 +3.681528937e+002 +3.681528937e+002 -2.4657e+000 -1.0837e+000 +7.1488e-001
1570 0 +1.834956458e-002 +3.681383496e+002 +3.681383496e+002 -2.4673e+000 -1.0903e+000 +7.1288e-001
1840 0 +6.119559909e-003 +3.681261196e+002 +3.681261196e+002 -2.4634e+000 -1.0890e+000 +7.1662e-001
1986 0 +4.416619547e-003 +3.681244166e+002 +3.681244166e+002 -2.4633e+000 -1.0895e+000 +7.1643e-001
1993 0 +3.779790829e-003 +3.681237798e+002 +3.681237798e+002 -2.4625e+000 -1.0895e+000 +7.1712e-001
2089 0 +3.234759505e-003 +3.681232348e+002 +3.681232348e+002 -2.4650e+000 -1.0898e+000 +7.1567e-001
2167 0 +2.592208484e-003 +3.681225922e+002 +3.681225922e+002 -2.4626e+000 -1.0898e+000 +7.1720e-001
2279 0 +1.406291742e-003 +3.681214063e+002 +3.681214063e+002 -2.4639e+000 -1.0897e+000 +7.1637e-001
2487 0 +7.459242411e-004 +3.681207459e+002 +3.681207459e+002 -2.4630e+000 -1.0896e+000 +7.1701e-001
2520 0 +3.138942327e-004 +3.681203139e+002 +3.681203139e+002 -2.4631e+000 -1.0896e+000 +7.1691e-001
2704 0 +2.350680801e-004 +3.681202351e+002 +3.681202351e+002 -2.4634e+000 -1.0896e+000 +7.1667e-001
2837 0 +1.092353769e-004 +3.681201092e+002 +3.681201092e+002 -2.4632e+000 -1.0896e+000 +7.1678e-001
2875 0 +3.294683768e-005 +3.681200329e+002 +3.681200329e+002 -2.4632e+000 -1.0896e+000 +7.1681e-001
2994 0 +2.625473928e-005 +3.681200263e+002 +3.681200263e+002 -2.4632e+000 -1.0896e+000 +7.1678e-001
3294 0 +1.891831602e-005 +3.681200189e+002 +3.681200189e+002 -2.4632e+000 -1.0896e+000 +7.1680e-001
3357 0 +6.012967219e-006 +3.681200060e+002 +3.681200060e+002 -2.4632e+000 -1.0896e+000 +7.1680e-001
3431 0 +4.732002878e-006 +3.681200047e+002 +3.681200047e+002 -2.4632e+000 -1.0896e+000 +7.1680e-001
3451 0 +9.296591088e-007 +3.681200009e+002 +3.681200009e+002 -2.4632e+000 -1.0896e+000 +7.1680e-001
3732 0 +8.030283425e-007 +3.681200008e+002 +3.681200008e+002 -2.4632e+000 -1.0896e+000 +7.1680e-001
3738 0 +7.761006486e-007 +3.681200008e+002 +3.681200008e+002 -2.4632e+000 -1.0896e+000 +7.1680e-001
3783 0 +2.639431500e-007 +3.681200003e+002 +3.681200003e+002 -2.4632e+000 -1.0896e+000 +7.1680e-001
3811 0 +1.596476409e-007 +3.681200002e+002 +3.681200002e+002 -2.4632e+000 -1.0896e+000 +7.1680e-001
3848 0 +1.446239821e-007 +3.681200001e+002 +3.681200001e+002 -2.4632e+000 -1.0896e+000 +7.1680e-001
3921 0 +1.350638854e-007 +3.681200001e+002 +3.681200001e+002 -2.4632e+000 -1.0896e+000 +7.1680e-001
4172 0 +1.280892548e-007 +3.681200001e+002 +3.681200001e+002 -2.4632e+000 -1.0896e+000 +7.1680e-001
4240 0 +1.131983822e-007 +3.681200001e+002 +3.681200001e+002 -2.4632e+000 -1.0896e+000 +7.1680e-001
4279 0 +1.049949105e-008 +3.681200000e+002 +3.681200000e+002 -2.4632e+000 -1.0896e+000 +7.1680e-001
4639 0 +9.572033832e-009 +3.681200000e+002 +3.681200000e+002 -2.4632e+000 -1.0896e+000 +7.1680e-001
% f evaluations | g evaluations | best noise-free fitness - Fopt (4.739000000000e+001) + sum g_i+ | measured fitness | best measured fitness or single-digit g-values | x1 | x2...
1 0 +1.971855398e+002 +2.445755398e+002 +2.445755398e+002 -3.9618e+000 -2.1063e-001 -7.9761e-001
2 0 +1.011929382e+002 +1.485829382e+002 +1.485829382e+002 +1.1262e+000 +4.1342e-002 -2.9340e+000
4 0 +2.647032301e+001 +7.386032301e+001 +7.386032301e+001 +1.8032e-001 +1.2450e+000 -1.4214e+000
28 0 +5.164600700e+000 +5.255460070e+001 +5.255460070e+001 -1.4828e+000 +3.2528e+000 -1.1471e+000
80 0 +4.147856541e+000 +5.153785654e+001 +5.153785654e+001 -1.6995e+000 +4.5869e+000 -6.0107e-001
115 0 +3.884223710e+000 +5.127422371e+001 +5.127422371e+001 -8.2351e-001 +3.1643e+000 -9.8370e-001
182 0 +3.617016747e+000 +5.100701675e+001 +5.100701675e+001 -1.4568e+000 +3.1335e+000 -1.1350e+000
184 0 +1.783308272e+000 +4.917330827e+001 +4.917330827e+001 -1.2146e+000 +4.0273e+000 -7.3131e-001
242 0 +1.713729694e+000 +4.910372969e+001 +4.910372969e+001 -7.6886e-001 +3.1335e+000 -8.3048e-001
277 0 +9.482869737e-001 +4.833828697e+001 +4.833828697e+001 -5.1354e-001 +2.8324e+000 -8.4183e-001
280 0 +4.094947206e-001 +4.779949472e+001 +4.779949472e+001 -7.8076e-001 +3.0632e+000 -8.3827e-001
430 0 +2.793636502e-001 +4.766936365e+001 +4.766936365e+001 -7.8399e-001 +3.0632e+000 -8.4284e-001
621 0 +1.266764001e-001 +4.751667640e+001 +4.751667640e+001 -5.2885e-001 +2.6543e+000 -8.7764e-001
717 0 +1.211391613e-001 +4.751113916e+001 +4.751113916e+001 -4.7842e-001 +2.5793e+000 -8.7832e-001
727 0 +1.069132452e-001 +4.749691325e+001 +4.749691325e+001 -4.9428e-001 +2.5829e+000 -8.8164e-001
747 0 +4.802910939e-002 +4.743802911e+001 +4.743802911e+001 -4.9744e-001 +2.6227e+000 -8.6970e-001
956 0 +3.244455486e-002 +4.742244455e+001 +4.742244455e+001 -5.0222e-001 +2.6393e+000 -8.6416e-001
1154 0 +2.378832255e-002 +4.741378832e+001 +4.741378832e+001 -5.0360e-001 +2.6371e+000 -8.6688e-001
1233 0 +1.680122601e-002 +4.740680123e+001 +4.740680123e+001 -5.0037e-001 +2.6321e+000 -8.6631e-001
1289 0 +1.131402236e-002 +4.740131402e+001 +4.740131402e+001 -4.9344e-001 +2.6218e+000 -8.6703e-001
1386 0 +1.106961663e-002 +4.740106962e+001 +4.740106962e+001 -5.0169e-001 +2.6340e+000 -8.6682e-001
1423 0 +9.705134779e-003 +4.739970513e+001 +4.739970513e+001 -5.0117e-001 +2.6349e+000 -8.6625e-001
1455 0 +4.669151865e-003 +4.739466915e+001 +4.739466915e+001 -4.9855e-001 +2.6316e+000 -8.6611e-001
1456 0 +2.886527853e-003 +4.739288653e+001 +4.739288653e+001 -4.9760e-001 +2.6294e+000 -8.6635e-001
1625 0 +2.139959378e-003 +4.739213996e+001 +4.739213996e+001 -4.9746e-001 +2.6290e+000 -8.6642e-001
1663 0 +1.797001348e-003 +4.739179700e+001 +4.739179700e+001 -4.9728e-001 +2.6293e+000 -8.6636e-001
1669 0 +1.482327390e-003 +4.739148233e+001 +4.739148233e+001 -4.9815e-001 +2.6302e+000 -8.6648e-001
1702 0 +1.116057235e-003 +4.739111606e+001 +4.739111606e+001 -4.9732e-001 +2.6289e+000 -8.6646e-001
1759 0 +4.367500678e-004 +4.739043675e+001 +4.739043675e+001 -4.9740e-001 +2.6293e+000 -8.6641e-001
1954 0 +3.357819573e-004 +4.739033578e+001 +4.739033578e+001 -4.9762e-001 +2.6297e+000 -8.6638e-001
2031 0 +2.619298787e-004 +4.739026193e+001 +4.739026193e+001 -4.9751e-001 +2.6294e+000 -8.6642e-001
2078 0 +2.416445319e-004 +4.739024164e+001 +4.739024164e+001 -4.9769e-001 +2.6298e+000 -8.6639e-001
2121 0 +2.324792840e-004 +4.739023248e+001 +4.739023248e+001 -4.9770e-001 +2.6297e+000 -8.6642e-001
2206 0 +1.627501975e-004 +4.739016275e+001 +4.739016275e+001 -4.9760e-001 +2.6296e+000 -8.6641e-001
2233 0 +4.238668813e-005 +4.739004239e+001 +4.739004239e+001 -4.9762e-001 +2.6296e+000 -8.6640e-001
2283 0 +3.972219820e-005 +4.739003972e+001 +4.739003972e+001 -4.9760e-001 +2.6296e+000 -8.6640e-001
2379 0 +3.007778204e-005 +4.739003008e+001 +4.739003008e+001 -4.9762e-001 +2.6296e+000 -8.6640e-001
2543 0 +2.397220130e-005 +4.739002397e+001 +4.739002397e+001 -4.9760e-001 +2.6296e+000 -8.6640e-001
2577 0 +2.309063690e-005 +4.739002309e+001 +4.739002309e+001 -4.9759e-001 +2.6296e+000 -8.6640e-001
2590 0 +1.998876476e-005 +4.739001999e+001 +4.739001999e+001 -4.9760e-001 +2.6296e+000 -8.6640e-001
2661 0 +1.438132570e-005 +4.739001438e+001 +4.739001438e+001 -4.9762e-001 +2.6296e+000 -8.6640e-001
2699 0 +1.194060991e-005 +4.739001194e+001 +4.739001194e+001 -4.9760e-001 +2.6296e+000 -8.6640e-001
2711 0 +7.286021741e-007 +4.739000073e+001 +4.739000073e+001 -4.9760e-001 +2.6296e+000 -8.6640e-001
3090 0 +5.588525767e-007 +4.739000056e+001 +4.739000056e+001 -4.9760e-001 +2.6296e+000 -8.6640e-001
3233 0 +2.077861865e-007 +4.739000021e+001 +4.739000021e+001 -4.9760e-001 +2.6296e+000 -8.6640e-001
3471 0 +1.315706726e-007 +4.739000013e+001 +4.739000013e+001 -4.9760e-001 +2.6296e+000 -8.6640e-001
3540 0 +9.223783337e-008 +4.739000009e+001 +4.739000009e+001 -4.9760e-001 +2.6296e+000 -8.6640e-001
3560 0 +6.656801332e-008 +4.739000007e+001 +4.739000007e+001 -4.9760e-001 +2.6296e+000 -8.6640e-001
3680 0 +5.684506732e-008 +4.739000006e+001 +4.739000006e+001 -4.9760e-001 +2.6296e+000 -8.6640e-001
3710 0 +3.719607378e-008 +4.739000004e+001 +4.739000004e+001 -4.9760e-001 +2.6296e+000 -8.6640e-001
3812 0 +8.086907144e-009 +4.739000001e+001 +4.739000001e+001 -4.9760e-001 +2.6296e+000 -8.6640e-001
% f evaluations | g evaluations | best noise-free fitness - Fopt (-3.428900000000e+002) + sum g_i+ | measured fitness | best measured fitness or single-digit g-values | x1 | x2...
1 0 +2.932077283e+001 -3.135692272e+002 -3.135692272e+002 +3.6074e+000 -3.6212e+000 +4.6391e-002
48 0 +1.121217423e+001 -3.316778258e+002 -3.316778258e+002 -2.8281e+000 +2.2049e+000 +3.5018e+000
82 0 +1.060067550e+001 -3.322893245e+002 -3.322893245e+002 +6.1959e-002 +2.3682e-003 +4.4156e+000
93 0 +5.873411399e+000 -3.370165886e+002 -3.370165886e+002 +1.1572e+000 -7.0976e-001 +3.7231e+000
289 0 +4.621623819e+000 -3.382683762e+002 -3.382683762e+002 +9.5081e-001 -5.2964e-001 +3.9825e+000
388 0 +2.977158812e+000 -3.399128412e+002 -3.399128412e+002 +8.3956e-001 -6.2397e-001 +4.1697e+000
504 0 +2.946321449e+000 -3.399436786e+002 -3.399436786e+002 +1.5378e+000 -1.0617e+000 +3.9394e+000
507 0 +2.829796421e+000 -3.400602036e+002 -3.400602036e+002 +2.3577e+000 -2.4363e+000 +3.4052e+000
549 0 +2.105377398e+000 -3.407846226e+002 -3.407846226e+002 +2.0673e+000 -2.3988e+000 +3.5097e+000
698 0 +1.956963265e+000 -3.409330367e+002 -3.409330367e+002 +2.0440e+000 -1.9797e+000 +3.6267e+000
704 0 +1.787673460e+000 -3.411023265e+002 -3.411023265e+002 +2.1747e+000 -2.0573e+000 +3.6120e+000
710 0 +1.589390641e+000 -3.413006094e+002 -3.413006094e+002 +2.1017e+000 -2.0820e+000 +3.7476e+000
745 0 +5.056844156e-001 -3.423843156e+002 -3.423843156e+002 +2.0606e+000 -1.9797e+000 +3.6775e+000
923 0 +3.993811083e-001 -3.424906189e+002 -3.424906189e+002 +2.2233e+000 -2.6169e+000 +3.5067e+000
960 0 +1.484706081e-001 -3.427415294e+002 -3.427415294e+002 +2.1906e+000 -2.4892e+000 +3.5580e+000
1093 0 +1.266776130e-001 -3.427633224e+002 -3.427633224e+002 +2.2656e+000 -2.8601e+000 +3.4553e+000
1127 0 +1.158252922e-001 -3.427741747e+002 -3.427741747e+002 +2.2780e+000 -2.8745e+000 +3.4509e+000
1196 0 +9.117039131e-002 -3.427988296e+002 -3.427988296e+002 +2.2247e+000 -2.6315e+000 +3.5103e+000
1250 0 +7.715198429e-002 -3.428128480e+002 -3.428128480e+002 +2.2403e+000 -2.7670e+000 +3.4763e+000
1504 0 +6.076154798e-002 -3.428292385e+002 -3.428292385e+002 +2.2341e+000 -2.7369e+000 +3.4840e+000
1570 0 +4.692074421e-002 -3.428430793e+002 -3.428430793e+002 +2.2306e+000 -2.7110e+000 +3.4926e+000
1621 0 +4.363354204e-002 -3.428463665e+002 -3.428463665e+002 +2.2553e+000 -2.7984e+000 +3.4641e+000
1824 0 +3.438602081e-002 -3.428556140e+002 -3.428556140e+002 +2.2398e+000 -2.7359e+000 +3.4789e+000
1874 0 +1.663292359e-002 -3.428733671e+002 -3.428733671e+002 +2.2443e+000 -2.7727e+000 +3.4722e+000
1951 0 +1.530489588e-002 -3.428746951e+002 -3.428746951e+002 +2.2437e+000 -2.7660e+000 +3.4725e+000
2084 0 +1.355089101e-002 -3.428764491e+002 -3.428764491e+002 +2.2422e+000 -2.7652e+000 +3.4748e+000
2168 0 +1.128318318e-002 -3.428787168e+002 -3.428787168e+002 +2.2418e+000 -2.7605e+000 +3.4754e+000
2197 0 +1.115899805e-002 -3.428788410e+002 -3.428788410e+002 +2.2420e+000 -2.7649e+000 +3.4750e+000
2296 0 +7.926371430e-003 -3.428820736e+002 -3.428820736e+002 +2.2419e+000 -2.7633e+000 +3.4751e+000
2413 0 +6.490349229e-003 -3.428835097e+002 -3.428835097e+002 +2.2462e+000 -2.7783e+000 +3.4712e+000
2415 0 +5.794457179e-003 -3.428842055e+002 -3.428842055e+002 +2.2423e+000 -2.7630e+000 +3.4751e+000
2449 0 +5.173020993e-003 -3.428848270e+002 -3.428848270e+002 +2.2445e+000 -2.7730e+000 +3.4726e+000
2547 0 +4.077697993e-003 -3.428859223e+002 -3.428859223e+002 +2.2439e+000 -2.7697e+000 +3.4731e+000
2575 0 +3.942596439e-003 -3.428860574e+002 -3.428860574e+002 +2.2440e+000 -2.7700e+000 +3.4729e+000
2610 0 +3.143031034e-003 -3.428868570e+002 -3.428868570e+002 +2.2441e+000 -2.7708e+000 +3.4728e+000
2710 0 +1.323538396e-003 -3.428886765e+002 -3.428886765e+002 +2.2438e+000 -2.7702e+000 +3.4730e+000
2753 0 +6.475245970e-004 -3.428893525e+002 -3.428893525e+002 +2.2442e+000 -2.7711e+000 +3.4726e+000
3007 0 +3.676670131e-004 -3.428896323e+002 -3.428896323e+002 +2.2439e+000 -2.7701e+000 +3.4729e+000
3093 0 +2.412948201e-004 -3.428897587e+002 -3.428897587e+002 +2.2441e+000 -2.7706e+000 +3.4727e+000
3294 0 +2.064957786e-004 -3.428897935e+002 -3.428897935e+002 +2.2440e+000 -2.7705e+000 +3.4728e+000
3357 0 +4.369805208e-005 -3.428899563e+002 -3.428899563e+002 +2.2440e+000 -2.7704e+000 +3.4728e+000
3421 0 +3.954026653e-005 -3.428899605e+002 -3.428899605e+002 +2.2440e+000 -2.7704e+000 +3.4728e+000
3478 0 +3.106095068e-005 -3.428899689e+002 -3.428899689e+002 +2.2440e+000 -2.7704e+000 +3.4728e+000
3483 0 +3.027026861e-005 -3.428899697e+002 -3.428899697e+002 +2.2440e+000 -2.7704e+000 +3.4728e+000
3550 0 +2.834484576e-005 -3.428899717e+002 -3.428899717e+002 +2.2440e+000 -2.7704e+000 +3.4728e+000
3666 0 +1.622515850e-005 -3.428899838e+002 -3.428899838e+002 +2.2440e+000 -2.7704e+000 +3.4728e+000
3791 0 +1.016843646e-005 -3.428899898e+002 -3.428899898e+002 +2.2440e+000 -2.7704e+000 +3.4728e+000
3965 0 +9.747902709e-006 -3.428899903e+002 -3.428899903e+002 +2.2440e+000 -2.7704e+000 +3.4728e+000
4017 0 +7.916769960e-006 -3.428899921e+002 -3.428899921e+002 +2.2440e+000 -2.7704e+000 +3.4728e+000
4057 0 +3.855400735e-006 -3.428899961e+002 -3.428899961e+002 +2.2440e+000 -2.7704e+000 +3.4728e+000
4165 0 +2.217292206e-006 -3.428899978e+002 -3.428899978e+002 +2.2440e+000 -2.7704e+000 +3.4728e+000
4258 0 +1.865065599e-006 -3.428899981e+002 -3.428899981e+002 +2.2440e+000 -2.7704e+000 +3.4728e+000
4351 0 +1.527708662e-006 -3.428899985e+002 -3.428899985e+002 +2.2440e+000 -2.7704e+000 +3.4728e+000
4374 0 +7.893760881e-007 -3.428899992e+002 -3.428899992e+002 +2.2440e+000 -2.7704e+000 +3.4728e+000
4397 0 +7.375873565e-007 -3.428899993e+002 -3.428899993e+002 +2.2440e+000 -2.7704e+000 +3.4728e+000
4442 0 +5.678176649e-007 -3.428899994e+002 -3.428899994e+002 +2.2440e+000 -2.7704e+000 +3.4728e+000
4530 0 +5.618640557e-007 -3.428899994e+002 -3.428899994e+002 +2.2440e+000 -2.7704e+000 +3.4728e+000
4602 0 +5.093858704e-007 -3.428899995e+002 -3.428899995e+002 +2.2440e+000 -2.7704e+000 +3.4728e+000
4610 0 +4.214550131e-007 -3.428899996e+002 -3.428899996e+002 +2.2440e+000 -2.7704e+000 +3.4728e+000
4616 0 +3.344874813e-007 -3.428899997e+002 -3.428899997e+002 +2.2440e+000 -2.7704e+000 +3.4728e+000
4624 0 +2.654291507e-007 -3.428899997e+002 -3.428899997e+002 +2.2440e+000 -2.7704e+000 +3.4728e+000
4669 0 +2.468496518e-007 -3.428899998e+002 -3.428899998e+002 +2.2440e+000 -2.7704e+000 +3.4728e+000
4678 0 +2.076297392e-007 -3.428899998e+002 -3.428899998e+002 +2.2440e+000 -2.7704e+000 +3.4728e+000
4729 0 +1.389863087e-007 -3.428899999e+002 -3.428899999e+002 +2.2440e+000 -2.7704e+000 +3.4728e+000
4807 0 +6.833010957e-008 -3.428899999e+002 -3.428899999e+002 +2.2440e+000 -2.7704e+000 +3.4728e+000
4928 0 +5.675536840e-008 -3.428899999e+002 -3.428899999e+002 +2.2440e+000 -2.7704e+000 +3.4728e+000
4936 0 +3.473871857e-008 -3.428900000e+002 -3.428900000e+002 +2.2440e+000 -2.7704e+000 +3.4728e+000
4973 0 +1.713510756e-008 -3.428900000e+002 -3.428900000e+002 +2.2440e+000 -2.7704e+000 +3.4728e+000
5101 0 +1.665881655e-008 -3.428900000e+002 -3.428900000e+002 +2.2440e+000 -2.7704e+000 +3.4728e+000
5112 0 +9.144173418e-009 -3.428900000e+002 -3.428900000e+002 +2.2440e+000 -2.7704e+000 +3.4728e+000
% f evaluations | g evaluations | best noise-free fitness - Fopt (9.102000000000e+001) + sum g_i+ | measured fitness | best measured fitness or single-digit g-values | x1 | x2...
1 0 +1.262191549e+002 +2.172391549e+002 +2.172391549e+002 -2.7316e+000 -1.5741e+000 +2.3228e+000
2 0 +3.940554855e+001 +1.304255485e+002 +1.304255485e+002 +1.8383e+000 +5.5024e-001 +1.7139e+000
3 0 +2.747902044e+001 +1.184990204e+002 +1.184990204e+002 +1.5384e+000 +1.8664e+000 +2.3152e+000
12 0 +1.977940008e+001 +1.107994001e+002 +1.107994001e+002 +2.9592e+000 +1.4927e+000 +2.6504e+000
31 0 +7.170802697e+000 +9.819080270e+001 +9.819080270e+001 +1.3980e+000 -1.8059e+000 +4.5050e+000
81 0 +6.334281892e+000 +9.735428189e+001 +9.735428189e+001 +4.0265e-001 -1.7055e+000 +4.2970e+000
82 0 +4.394300424e+000 +9.541430042e+001 +9.541430042e+001 +5.2421e-001 +1.7334e+000 +1.2651e+000
115 0 +2.197047731e+000 +9.321704773e+001 +9.321704773e+001 +2.9973e-001 +1.9878e-001 +2.4024e+000
189 0 +1.611911391e+000 +9.263191139e+001 +9.263191139e+001 +4.5117e-001 -4.6166e-001 +2.8650e+000
328 0 +8.274990119e-001 +9.184749901e+001 +9.184749901e+001 +6.2483e-001 -8.9889e-001 +3.3306e+000
405 0 +7.506233074e-001 +9.177062331e+001 +9.177062331e+001 +4.3678e-001 -7.6929e-001 +3.1259e+000
448 0 +4.492244189e-001 +9.146922442e+001 +9.146922442e+001 +5.5259e-001 -8.7478e-001 +3.2768e+000
456 0 +2.319770594e-001 +9.125197706e+001 +9.125197706e+001 +5.5383e-001 -8.5390e-001 +3.2540e+000
501 0 +1.313219103e-001 +9.115132191e+001 +9.115132191e+001 +5.7490e-001 -9.7975e-001 +3.3471e+000
736 0 +1.029632559e-001 +9.112296326e+001 +9.112296326e+001 +5.3587e-001 -8.6305e-001 +3.2344e+000
754 0 +9.493052681e-002 +9.111493053e+001 +9.111493053e+001 +5.6608e-001 -8.9329e-001 +3.2693e+000
822 0 +9.201412008e-002 +9.111201412e+001 +9.111201412e+001 +5.4278e-001 -8.4977e-001 +3.2277e+000
825 0 +8.569148788e-002 +9.110569149e+001 +9.110569149e+001 +5.5420e-001 -8.6121e-001 +3.2459e+000
846 0 +5.122241310e-002 +9.107122241e+001 +9.107122241e+001 +5.3987e-001 -8.2892e-001 +3.2102e+000
877 0 +3.331563143e-002 +9.105331563e+001 +9.105331563e+001 +5.6360e-001 -8.6903e-001 +3.2538e+000
934 0 +1.879172137e-002 +9.103879172e+001 +9.103879172e+001 +5.5655e-001 -8.6026e-001 +3.2436e+000
1122 0 +1.694347146e-002 +9.103694347e+001 +9.103694347e+001 +5.5725e-001 -8.6900e-001 +3.2507e+000
1148 0 +1.466034126e-002 +9.103466034e+001 +9.103466034e+001 +5.6386e-001 -8.8656e-001 +3.2675e+000
1312 0 +1.431699157e-002 +9.103431699e+001 +9.103431699e+001 +5.5610e-001 -8.6199e-001 +3.2449e+000
1349 0 +1.062653470e-002 +9.103062653e+001 +9.103062653e+001 +5.6049e-001 -8.6959e-001 +3.2532e+000
1386 0 +8.929948695e-003 +9.102892995e+001 +9.102892995e+001 +5.5992e-001 -8.6978e-001 +3.2526e+000
1411 0 +8.129357081e-003 +9.102812936e+001 +9.102812936e+001 +5.6259e-001 -8.7565e-001 +3.2583e+000
1430 0 +7.740214660e-003 +9.102774021e+001 +9.102774021e+001 +5.6394e-001 -8.7959e-001 +3.2622e+000
1450 0 +7.131891990e-003 +9.102713189e+001 +9.102713189e+001 +5.6104e-001 -8.6930e-001 +3.2530e+000
1508 0 +4.102624899e-003 +9.102410262e+001 +9.102410262e+001 +5.6303e-001 -8.7617e-001 +3.2592e+000
1540 0 +3.087333242e-003 +9.102308733e+001 +9.102308733e+001 +5.6194e-001 -8.7237e-001 +3.2557e+000
1641 0 +2.651924751e-003 +9.102265192e+001 +9.102265192e+001 +5.6252e-001 -8.7543e-001 +3.2584e+000
1731 0 +1.620912582e-003 +9.102162091e+001 +9.102162091e+001 +5.6218e-001 -8.7382e-001 +3.2571e+000
1868 0 +1.117900724e-003 +9.102111790e+001 +9.102111790e+001 +5.6229e-001 -8.7455e-001 +3.2577e+000
1942 0 +1.069050186e-003 +9.102106905e+001 +9.102106905e+001 +5.6261e-001 -8.7494e-001 +3.2582e+000
1977 0 +4.907110639e-004 +9.102049071e+001 +9.102049071e+001 +5.6236e-001 -8.7435e-001 +3.2575e+000
2097 0 +3.934737718e-004 +9.102039347e+001 +9.102039347e+001 +5.6238e-001 -8.7439e-001 +3.2576e+000
2143 0 +2.450213045e-004 +9.102024502e+001 +9.102024502e+001 +5.6235e-001 -8.7421e-001 +3.2574e+000
2280 0 +1.451739039e-004 +9.102014517e+001 +9.102014517e+001 +5.6235e-001 -8.7419e-001 +3.2574e+000
2546 0 +1.388490925e-004 +9.102013885e+001 +9.102013885e+001 +5.6243e-001 -8.7452e-001 +3.2577e+000
2564 0 +2.560809961e-005 +9.102002561e+001 +9.102002561e+001 +5.6241e-001 -8.7443e-001 +3.2576e+000
3021 0 +1.818892102e-005 +9.102001819e+001 +9.102001819e+001 +5.6240e-001 -8.7440e-001 +3.2576e+000
3051 0 +1.679552445e-005 +9.102001680e+001 +9.102001680e+001 +5.6240e-001 -8.7440e-001 +3.2576e+000
3068 0 +9.078267354e-006 +9.102000908e+001 +9.102000908e+001 +5.6240e-001 -8.7440e-001 +3.2576e+000
3202 0 +8.797707551e-006 +9.102000880e+001 +9.102000880e+001 +5.6240e-001 -8.7440e-001 +3.2576e+000
3437 0 +5.604589333e-006 +9.102000560e+001 +9.102000560e+001 +5.6240e-001 -8.7440e-001 +3.2576e+000
3453 0 +1.812194128e-006 +9.102000181e+001 +9.102000181e+001 +5.6240e-001 -8.7440e-001 +3.2576e+000
3468 0 +4.211618432e-007 +9.102000042e+001 +9.102000042e+001 +5.6240e-001 -8.7440e-001 +3.2576e+000
3713 0 +3.280247540e-007 +9.102000033e+001 +9.102000033e+001 +5.6240e-001 -8.7440e-001 +3.2576e+000
3736 0 +3.231318715e-007 +9.102000032e+001 +9.102000032e+001 +5.6240e-001 -8.7440e-001 +3.2576e+000
3755 0 +1.348711720e-007 +9.102000013e+001 +9.102000013e+001 +5.6240e-001 -8.7440e-001 +3.2576e+000
4182 0 +7.007024294e-008 +9.102000007e+001 +9.102000007e+001 +5.6240e-001 -8.7440e-001 +3.2576e+000
4255 0 +6.310231981e-008 +9.102000006e+001 +9.102000006e+001 +5.6240e-001 -8.7440e-001 +3.2576e+000
4352 0 +4.490870253e-008 +9.102000004e+001 +9.102000004e+001 +5.6240e-001 -8.7440e-001 +3.2576e+000
4469 0 +1.209939171e-008 +9.102000001e+001 +9.102000001e+001 +5.6240e-001 -8.7440e-001 +3.2576e+000
4617 0 +1.118630166e-008 +9.102000001e+001 +9.102000001e+001 +5.6240e-001 -8.7440e-001 +3.2576e+000
4637 0 +1.011281370e-008 +9.102000001e+001 +9.102000001e+001 +5.6240e-001 -8.7440e-001 +3.2576e+000
4647 0 +8.886061664e-009 +9.102000001e+001 +9.102000001e+001 +5.6240e-001 -8.7440e-001 +3.2576e+000
% f evaluations | g evaluations | best noise-free fitness - Fopt (7.324200000000e+002) + sum g_i+ | measured fitness | best measured fitness or single-digit g-values | x1 | x2...
1 0 +6.540541686e+001 +7.978254169e+002 +7.978254169e+002 -3.1585e+000 +2.8320e+000 +2.3667e+000
4 0 +6.488478201e+001 +7.973047820e+002 +7.973047820e+002 +3.9788e-001 -1.0053e+000 -2.8945e+000
6 0 +5.195089921e+001 +7.843708992e+002 +7.843708992e+002 +1.6557e+000 -5.5053e-002 -1.2028e+000
12 0 +1.491672645e+001 +7.473367264e+002 +7.473367264e+002 +4.6698e+000 -1.9380e+000 -3.2987e+000
96 0 +1.127866817e+001 +7.436986682e+002 +7.436986682e+002 +8.3969e-002 -1.7752e+000 +7.4371e-001
179 0 +5.743170354e+000 +7.381631704e+002 +7.381631704e+002 -4.0315e+000 -2.4327e+000 +2.5988e+000
216 0 +4.495980931e+000 +7.369159809e+002 +7.369159809e+002 -1.9012e+000 -2.6059e+000 +1.9952e+000
225 0 +3.866504391e+000 +7.362865044e+002 +7.362865044e+002 -2.4275e+000 -2.2489e+000 +2.1308e+000
254 0 +2.950292454e+000 +7.353702925e+002 +7.353702925e+002 -1.1577e+000 -2.2123e+000 +1.4833e+000
300 0 +1.158904499e+000 +7.335789045e+002 +7.335789045e+002 -2.0156e+000 -2.2513e+000 +1.9812e+000
364 0 +4.356974277e-001 +7.328556974e+002 +7.328556974e+002 -2.8988e+000 -2.3867e+000 +2.2451e+000
606 0 +3.056826774e-001 +7.327256827e+002 +7.327256827e+002 -2.4766e+000 -2.3567e+000 +2.0952e+000
653 0 +2.377479987e-001 +7.326577480e+002 +7.326577480e+002 -2.8418e+000 -2.3949e+000 +2.2079e+000
805 0 +2.196183255e-001 +7.326396183e+002 +7.326396183e+002 -2.5835e+000 -2.3636e+000 +2.1223e+000
844 0 +1.291749278e-001 +7.325491749e+002 +7.325491749e+002 -2.7762e+000 -2.3939e+000 +2.1915e+000
964 0 +1.175212023e-001 +7.325375212e+002 +7.325375212e+002 -2.7800e+000 -2.3889e+000 +2.1915e+000
1045 0 +3.977406196e-002 +7.324597741e+002 +7.324597741e+002 -2.7480e+000 -2.3814e+000 +2.1853e+000
1303 0 +1.897214705e-002 +7.324389721e+002 +7.324389721e+002 -2.7396e+000 -2.3823e+000 +2.1801e+000
1416 0 +8.573666094e-003 +7.324285737e+002 +7.324285737e+002 -2.7428e+000 -2.3826e+000 +2.1845e+000
1536 0 +3.947788999e-003 +7.324239478e+002 +7.324239478e+002 -2.7354e+000 -2.3820e+000 +2.1802e+000
1587 0 +3.346731168e-003 +7.324233467e+002 +7.324233467e+002 -2.7377e+000 -2.3822e+000 +2.1811e+000
1749 0 +2.169404046e-003 +7.324221694e+002 +7.324221694e+002 -2.7383e+000 -2.3824e+000 +2.1812e+000
1977 0 +1.344250307e-003 +7.324213443e+002 +7.324213443e+002 -2.7392e+000 -2.3824e+000 +2.1814e+000
2048 0 +1.111738892e-003 +7.324211117e+002 +7.324211117e+002 -2.7401e+000 -2.3825e+000 +2.1819e+000
2181 0 +1.019937101e-003 +7.324210199e+002 +7.324210199e+002 -2.7398e+000 -2.3825e+000 +2.1817e+000
2240 0 +7.469566716e-004 +7.324207470e+002 +7.324207470e+002 -2.7394e+000 -2.3824e+000 +2.1817e+000
2259 0 +7.372821264e-004 +7.324207373e+002 +7.324207373e+002 -2.7394e+000 -2.3824e+000 +2.1816e+000
2279 0 +6.544026272e-004 +7.324206544e+002 +7.324206544e+002 -2.7400e+000 -2.3825e+000 +2.1819e+000
2421 0 +3.163925261e-004 +7.324203164e+002 +7.324203164e+002 -2.7393e+000 -2.3824e+000 +2.1816e+000
2552 0 +3.087209118e-004 +7.324203087e+002 +7.324203087e+002 -2.7390e+000 -2.3824e+000 +2.1815e+000
2567 0 +1.423478668e-004 +7.324201423e+002 +7.324201423e+002 -2.7389e+000 -2.3824e+000 +2.1815e+000
2815 0 +1.243149234e-004 +7.324201243e+002 +7.324201243e+002 -2.7390e+000 -2.3824e+000 +2.1815e+000
2829 0 +6.233477518e-005 +7.324200623e+002 +7.324200623e+002 -2.7392e+000 -2.3824e+000 +2.1816e+000
3040 0 +4.467860128e-005 +7.324200447e+002 +7.324200447e+002 -2.7392e+000 -2.3824e+000 +2.1816e+000
3133 0 +3.594502482e-005 +7.324200359e+002 +7.324200359e+002 -2.7392e+000 -2.3824e+000 +2.1816e+000
3170 0 +3.171754338e-005 +7.324200317e+002 +7.324200317e+002 -2.7392e+000 -2.3824e+000 +2.1816e+000
3237 0 +2.918832354e-005 +7.324200292e+002 +7.324200292e+002 -2.7392e+000 -2.3824e+000 +2.1816e+000
3303 0 +2.581428146e-005 +7.324200258e+002 +7.324200258e+002 -2.7392e+000 -2.3824e+000 +2.1816e+000
3356 0 +1.886656401e-005 +7.324200189e+002 +7.324200189e+002 -2.7392e+000 -2.3824e+000 +2.1816e+000
3422 0 +1.650344484e-005 +7.324200165e+002 +7.324200165e+002 -2.7392e+000 -2.3824e+000 +2.1816e+000
3429 0 +8.391572351e-006 +7.324200084e+002 +7.324200084e+002 -2.7392e+000 -2.3824e+000 +2.1816e+000
3480 0 +7.962385325e-006 +7.324200080e+002 +7.324200080e+002 -2.7392e+000 -2.3824e+000 +2.1816e+000
3507 0 +7.071194432e-006 +7.324200071e+002 +7.324200071e+002 -2.7392e+000 -2.3824e+000 +2.1816e+000
3593 0 +4.188063599e-006 +7.324200042e+002 +7.324200042e+002 -2.7392e+000 -2.3824e+000 +2.1816e+000
3596 0 +9.815839803e-007 +7.324200010e+002 +7.324200010e+002 -2.7392e+000 -2.3824e+000 +2.1816e+000
3888 0 +6.141307267e-007 +7.324200006e+002 +7.324200006e+002 -2.7392e+000 -2.3824e+000 +2.1816e+000
3969 0 +4.754548399e-007 +7.324200005e+002 +7.324200005e+002 -2.7392e+000 -2.3824e+000 +2.1816e+000
4014 0 +1.887458438e-007 +7.324200002e+002 +7.324200002e+002 -2.7392e+000 -2.3824e+000 +2.1816e+000
4350 0 +1.740628477e-007 +7.324200002e+002 +7.324200002e+002 -2.7392e+000 -2.3824e+000 +2.1816e+000
4362 0 +1.192797754e-007 +7.324200001e+002 +7.324200001e+002 -2.7392e+000 -2.3824e+000 +2.1816e+000
4512 0 +2.697595392e-008 +7.324200000e+002 +7.324200000e+002 -2.7392e+000 -2.3824e+000 +2.1816e+000
4682 0 +1.244404757e-008 +7.324200000e+002 +7.324200000e+002 -2.7392e+000 -2.3824e+000 +2.1816e+000
4824 0 +9.645191312e-009 +7.324200000e+002 +7.324200000e+002 -2.7392e+000 -2.3824e+000 +2.1816e+000
% f evaluations | g evaluations | best noise-free fitness - Fopt (3.542000000000e+001) + sum g_i+ | measured fitness | best measured fitness or single-digit g-values | x1 | x2...
1 0 +1.379558883e+002 +1.733758883e+002 +1.733758883e+002 +1.5851e-001 -7.0075e-001 -4.7709e+000
2 0 +7.530060371e+001 +1.107206037e+002 +1.107206037e+002 -1.3158e+000 -4.6402e+000 -4.1030e+000
26 0 +6.150270606e+001 +9.692270606e+001 +9.692270606e+001 -1.1613e+000 -2.4804e+000 -1.3810e-001
28 0 +3.078825166e+001 +6.620825166e+001 +6.620825166e+001 +2.7242e+000 -2.0359e+000 -2.3575e+000
45 0 +1.953248666e+001 +5.495248666e+001 +5.495248666e+001 +3.9242e+000 -9.4938e-002 -1.9505e+000
99 0 +1.534296875e+001 +5.076296875e+001 +5.076296875e+001 +3.4787e+000 -9.2716e-001 -1.4597e+000
105 0 +7.569565707e+000 +4.298956571e+001 +4.298956571e+001 +3.2702e+000 -2.1257e+000 -1.3390e+000
165 0 +5.956880138e+000 +4.137688014e+001 +4.137688014e+001 +3.9980e+000 -1.6997e+000 -9.5162e-001
185 0 +3.804871377e+000 +3.922487138e+001 +3.922487138e+001 +4.1802e+000 -2.2065e+000 -6.3311e-001
264 0 +2.506528897e+000 +3.792652890e+001 +3.792652890e+001 +3.8706e+000 -2.0574e+000 -6.3153e-001
298 0 +1.064183720e+000 +3.648418372e+001 +3.648418372e+001 +3.7479e+000 -2.2165e+000 -7.9759e-001
466 0 +4.656927006e-001 +3.588569270e+001 +3.588569270e+001 +3.5180e+000 -2.7166e+000 -3.2674e-001
586 0 +3.995457834e-001 +3.581954578e+001 +3.581954578e+001 +3.5068e+000 -2.6270e+000 -4.2763e-001
677 0 +3.702857349e-001 +3.579028573e+001 +3.579028573e+001 +3.6808e+000 -2.3763e+000 -6.2479e-001
707 0 +3.143760729e-001 +3.573437607e+001 +3.573437607e+001 +3.7257e+000 -2.2915e+000 -6.9615e-001
770 0 +2.822259208e-001 +3.570222592e+001 +3.570222592e+001 +3.6105e+000 -2.4578e+000 -5.5638e-001
794 0 +1.084113839e-001 +3.552841138e+001 +3.552841138e+001 +3.6417e+000 -2.4109e+000 -6.0277e-001
1041 0 +5.640598289e-002 +3.547640598e+001 +3.547640598e+001 +3.6719e+000 -2.3699e+000 -6.4077e-001
1105 0 +3.562518561e-002 +3.545562519e+001 +3.545562519e+001 +3.6810e+000 -2.3609e+000 -6.4792e-001
1226 0 +2.071615868e-002 +3.544071616e+001 +3.544071616e+001 +3.6801e+000 -2.3592e+000 -6.4875e-001
1355 0 +2.035185350e-002 +3.544035185e+001 +3.544035185e+001 +3.6724e+000 -2.3732e+000 -6.3585e-001
1407 0 +1.760690481e-002 +3.543760690e+001 +3.543760690e+001 +3.6784e+000 -2.3594e+000 -6.4800e-001
1425 0 +1.586856531e-002 +3.543586857e+001 +3.543586857e+001 +3.6780e+000 -2.3614e+000 -6.4639e-001
1494 0 +1.486923703e-002 +3.543486924e+001 +3.543486924e+001 +3.6857e+000 -2.3491e+000 -6.5541e-001
1516 0 +9.313961688e-003 +3.542931396e+001 +3.542931396e+001 +3.6827e+000 -2.3518e+000 -6.5488e-001
1594 0 +7.599474913e-003 +3.542759947e+001 +3.542759947e+001 +3.6874e+000 -2.3466e+000 -6.5875e-001
1670 0 +7.416190871e-003 +3.542741619e+001 +3.542741619e+001 +3.6850e+000 -2.3499e+000 -6.5665e-001
1783 0 +3.671571087e-003 +3.542367157e+001 +3.542367157e+001 +3.6865e+000 -2.3488e+000 -6.5700e-001
1814 0 +3.461187391e-003 +3.542346119e+001 +3.542346119e+001 +3.6862e+000 -2.3483e+000 -6.5730e-001
1844 0 +2.520395368e-003 +3.542252040e+001 +3.542252040e+001 +3.6865e+000 -2.3476e+000 -6.5777e-001
1855 0 +2.196659927e-003 +3.542219666e+001 +3.542219666e+001 +3.6880e+000 -2.3456e+000 -6.5916e-001
1986 0 +1.654370383e-003 +3.542165437e+001 +3.542165437e+001 +3.6867e+000 -2.3476e+000 -6.5792e-001
2050 0 +1.580454730e-003 +3.542158045e+001 +3.542158045e+001 +3.6867e+000 -2.3477e+000 -6.5783e-001
2075 0 +1.011746861e-003 +3.542101175e+001 +3.542101175e+001 +3.6860e+000 -2.3486e+000 -6.5710e-001
2183 0 +5.707432367e-004 +3.542057074e+001 +3.542057074e+001 +3.6869e+000 -2.3474e+000 -6.5799e-001
2295 0 +7.252369772e-005 +3.542007252e+001 +3.542007252e+001 +3.6864e+000 -2.3480e+000 -6.5760e-001
2869 0 +4.881409868e-005 +3.542004881e+001 +3.542004881e+001 +3.6864e+000 -2.3480e+000 -6.5761e-001
3067 0 +3.045190723e-005 +3.542003045e+001 +3.542003045e+001 +3.6864e+000 -2.3480e+000 -6.5761e-001
3344 0 +2.386841152e-005 +3.542002387e+001 +3.542002387e+001 +3.6864e+000 -2.3480e+000 -6.5760e-001
3541 0 +1.268882434e-005 +3.542001269e+001 +3.542001269e+001 +3.6864e+000 -2.3480e+000 -6.5760e-001
3638 0 +1.206463221e-005 +3.542001206e+001 +3.542001206e+001 +3.6864e+000 -2.3480e+000 -6.5760e-001
3672 0 +9.364685930e-006 +3.542000936e+001 +3.542000936e+001 +3.6864e+000 -2.3480e+000 -6.5759e-001
3807 0 +4.714458143e-006 +3.542000471e+001 +3.542000471e+001 +3.6864e+000 -2.3480e+000 -6.5760e-001
4033 0 +4.271649900e-006 +3.542000427e+001 +3.542000427e+001 +3.6864e+000 -2.3480e+000 -6.5760e-001
4077 0 +3.167924326e-006 +3.542000317e+001 +3.542000317e+001 +3.6864e+000 -2.3480e+000 -6.5760e-001
4125 0 +8.285977984e-007 +3.542000083e+001 +3.542000083e+001 +3.6864e+000 -2.3480e+000 -6.5760e-001
4340 0 +6.856320169e-007 +3.542000069e+001 +3.542000069e+001 +3.6864e+000 -2.3480e+000 -6.5760e-001
4388 0 +5.430935985e-007 +3.542000054e+001 +3.542000054e+001 +3.6864e+000 -2.3480e+000 -6.5760e-001
4416 0 +2.095771876e-007 +3.542000021e+001 +3.542000021e+001 +3.6864e+000 -2.3480e+000 -6.5760e-001
4548 0 +1.211966918e-007 +3.542000012e+001 +3.542000012e+001 +3.6864e+000 -2.3480e+000 -6.5760e-001
4901 0 +1.068361399e-007 +3.542000011e+001 +3.542000011e+001 +3.6864e+000 -2.3480e+000 -6.5760e-001
4934 0 +7.746364616e-008 +3.542000008e+001 +3.542000008e+001 +3.6864e+000 -2.3480e+000 -6.5760e-001
5022 0 +3.766849233e-008 +3.542000004e+001 +3.542000004e+001 +3.6864e+000 -2.3480e+000 -6.5760e-001
5143 0 +2.184079051e-008 +3.542000002e+001 +3.542000002e+001 +3.6864e+000 -2.3480e+000 -6.5760e-001
5177 0 +1.917464942e-008 +3.542000002e+001 +3.542000002e+001 +3.6864e+000 -2.3480e+000 -6.5760e-001
5197 0 +1.621064882e-008 +3.542000002e+001 +3.542000002e+001 +3.6864e+000 -2.3480e+000 -6.5760e-001
5346 0 +1.060540455e-008 +3.542000001e+001 +3.542000001e+001 +3.6864e+000 -2.3480e+000 -6.5760e-001
5358 0 +3.650839631e-009 +3.542000000e+001 +3.542000000e+001 +3.6864e+000 -2.3480e+000 -6.5760e-001
