% f evaluations | g evaluations | best noise-free fitness - Fopt (-1.694000000000e+001) + sum g_i+ | measured fitness | best measured fitness or single-digit g-values | x1 | x2...
1 0 +1.375888254e+004 +1.374194254e+004 +1.374194254e+004 -4.4919e+000 -2.4177e+000
2 0 +5.064205118e+002 +4.894805118e+002 +4.894805118e+002 -8.4616e-001 -2.1190e+000
3 0 +7.989489241e+001 +6.295489241e+001 +6.295489241e+001 +3.9304e+000 -2.7548e+000
8 0 +2.414921736e+001 +7.209217363e+000 +7.209217363e+000 +4.0049e+000 -2.9041e+000
23 0 +1.870531382e+001 +1.765313824e+000 +1.765313824e+000 +4.5124e+000 -2.7008e+000
27 0 +1.795275838e+001 +1.012758384e+000 +1.012758384e+000 +4.5557e+000 -1.8891e+000
38 0 +5.124746700e+000 -1.181525330e+001 -1.181525330e+001 +4.1066e+000 -3.3681e-001
78 0 +4.663598857e+000 -1.227640114e+001 -1.227640114e+001 +3.9921e+000 +4.8421e-001
89 0 +4.186605733e+000 -1.275339427e+001 -1.275339427e+001 +3.9834e+000 +8.8467e-001
110 0 +1.945083893e+000 -1.499491611e+001 -1.499491611e+001 +3.8524e+000 +1.3478e+000
170 0 +1.595792790e+000 -1.534420721e+001 -1.534420721e+001 +3.2802e+000 +3.8889e+000
178 0 +1.496012029e+000 -1.544398797e+001 -1.544398797e+001 +3.6575e+000 +2.6803e+000
206 0 +1.093393357e+000 -1.584660664e+001 -1.584660664e+001 +3.4676e+000 +2.9965e+000
346 0 +1.028572388e+000 -1.591142761e+001 -1.591142761e+001 +3.6912e+000 +2.2193e+000
373 0 +8.240624149e-001 -1.611593759e+001 -1.611593759e+001 +3.4733e+000 +3.0199e+000
383 0 +7.552658361e-001 -1.618473416e+001 -1.618473416e+001 +3.7338e+000 +2.1113e+000
432 0 +3.568825531e-001 -1.658311745e+001 -1.658311745e+001 +3.6604e+000 +2.4878e+000
470 0 +3.479525599e-001 -1.659204744e+001 -1.659204744e+001 +3.6576e+000 +2.5142e+000
476 0 +1.605255075e-001 -1.677947449e+001 -1.677947449e+001 +3.6046e+000 +2.7038e+000
616 0 +1.356806253e-001 -1.680431937e+001 -1.680431937e+001 +3.6587e+000 +2.5266e+000
619 0 +2.306758029e-002 -1.691693242e+001 -1.691693242e+001 +3.6587e+000 +2.5372e+000
654 0 +1.750286663e-002 -1.692249713e+001 -1.692249713e+001 +3.6561e+000 +2.5517e+000
755 0 +1.271401599e-002 -1.692728598e+001 -1.692728598e+001 +3.6539e+000 +2.5575e+000
877 0 +1.218236103e-002 -1.692781764e+001 -1.692781764e+001 +3.6552e+000 +2.5519e+000
883 0 +9.840673639e-003 -1.693015933e+001 -1.693015933e+001 +3.6552e+000 +2.5537e+000
902 0 +7.656882201e-003 -1.693234312e+001 -1.693234312e+001 +3.6547e+000 +2.5555e+000
915 0 +3.239701417e-003 -1.693676030e+001 -1.693676030e+001 +3.6559e+000 +2.5505e+000
980 0 +2.162308643e-003 -1.693783769e+001 -1.693783769e+001 +3.6561e+000 +2.5492e+000
1165 0 +2.068514529e-003 -1.693793149e+001 -1.693793149e+001 +3.6561e+000 +2.5490e+000
1168 0 +1.796259237e-003 -1.693820374e+001 -1.693820374e+001 +3.6562e+000 +2.5484e+000
1190 0 +9.828873286e-004 -1.693901711e+001 -1.693901711e+001 +3.6561e+000 +2.5491e+000
1310 0 +6.396897211e-004 -1.693936031e+001 -1.693936031e+001 +3.6561e+000 +2.5493e+000
1311 0 +5.949193241e-004 -1.693940508e+001 -1.693940508e+001 +3.6561e+000 +2.5493e+000
1362 0 +2.297872045e-004 -1.693977021e+001 -1.693977021e+001 +3.6560e+000 +2.5496e+000
1473 0 +6.012199206e-005 -1.693993988e+001 -1.693993988e+001 +3.6560e+000 +2.5496e+000
1498 0 +3.597891907e-005 -1.693996402e+001 -1.693996402e+001 +3.6560e+000 +2.5496e+000
1553 0 +2.917042715e-005 -1.693997083e+001 -1.693997083e+001 +3.6560e+000 +2.5496e+000
1631 0 +2.880280973e-005 -1.693997120e+001 -1.693997120e+001 +3.6560e+000 +2.5496e+000
1703 0 +1.229640126e-005 -1.693998770e+001 -1.693998770e+001 +3.6560e+000 +2.5496e+000
1733 0 +3.285638165e-006 -1.693999671e+001 -1.693999671e+001 +3.6560e+000 +2.5496e+000
1777 0 +1.513053586e-006 -1.693999849e+001 -1.693999849e+001 +3.6560e+000 +2.5496e+000
1794 0 +1.408728231e-006 -1.693999859e+001 -1.693999859e+001 +3.6560e+000 +2.5496e+000
1831 0 +6.604230300e-007 -1.693999934e+001 -1.693999934e+001 +3.6560e+000 +2.5496e+000
1935 0 +6.116063140e-007 -1.693999939e+001 -1.693999939e+001 +3.6560e+000 +2.5496e+000
1954 0 +7.696617033e-008 -1.693999992e+001 -1.693999992e+001 +3.6560e+000 +2.5496e+000
2014 0 +1.150684170e-008 -1.693999999e+001 -1.693999999e+001 +3.6560e+000 +2.5496e+000
2230 0 +8.176915145e-009 -1.693999999e+001 -1.693999999e+001 +3.6560e+000 +2.5496e+000
% f evaluations | g evaluations | best noise-free fitness - Fopt (1.881000000000e+001) + sum g_i+ | measured fitness | best measured fitness or single-digit g-values | x1 | x2...
1 0 +4.522576916e+001 +6.403576916e+001 +6.403576916e+001 +5.5903e-001 +2.7353e+000
7 0 +2.869391861e+001 +4.750391861e+001 +4.750391861e+001 -2.5515e+000 +1.0003e+000
27 0 +1.691502349e+001 +3.572502349e+001 +3.572502349e+001 -7.3792e-001 +1.2717e+000
44 0 +1.221841531e+001 +3.102841531e+001 +3.102841531e+001 -2.4249e+000 +2.2407e+000
47 0 +5.810493213e+000 +2.462049321e+001 +2.462049321e+001 -1.0776e+000 +1.7560e+000
94 0 +1.537243413e+000 +2.034724341e+001 +2.034724341e+001 -1.1580e+000 +1.8285e+000
155 0 +1.432236087e+000 +2.024223609e+001 +2.024223609e+001 -1.1276e+000 +1.7921e+000
157 0 +1.197844904e+000 +2.000784490e+001 +2.000784490e+001 +1.5259e-001 +1.7225e+000
177 0 +1.129818952e+000 +1.993981895e+001 +1.993981895e+001 +1.3469e-001 +1.7354e+000
186 0 +1.015515935e+000 +1.982551594e+001 +1.982551594e+001 -2.4806e-001 +1.7656e+000
206 0 +8.793121136e-001 +1.968931211e+001 +1.968931211e+001 +3.2161e-001 +1.7322e+000
240 0 +5.280446522e-001 +1.933804465e+001 +1.933804465e+001 -6.0986e-001 +1.8101e+000
266 0 +4.723352563e-001 +1.928233526e+001 +1.928233526e+001 -3.8423e-001 +1.7863e+000
294 0 +3.754654931e-001 +1.918546549e+001 +1.918546549e+001 -3.6918e-001 +1.7846e+000
334 0 +3.572785126e-002 +1.884572785e+001 +1.884572785e+001 -1.8496e-001 +1.7807e+000
501 0 +1.930848948e-002 +1.882930849e+001 +1.882930849e+001 -1.8910e-001 +1.7807e+000
533 0 +1.845943088e-002 +1.882845943e+001 +1.882845943e+001 -2.0491e-001 +1.7816e+000
571 0 +1.636897101e-002 +1.882636897e+001 +1.882636897e+001 -1.8083e-001 +1.7790e+000
625 0 +1.261615320e-002 +1.882261615e+001 +1.882261615e+001 -1.8503e-001 +1.7800e+000
634 0 +8.402483997e-003 +1.881840248e+001 +1.881840248e+001 -1.8166e-001 +1.7796e+000
653 0 +7.956710007e-003 +1.881795671e+001 +1.881795671e+001 -1.8496e-001 +1.7799e+000
700 0 +1.003652091e-003 +1.881100365e+001 +1.881100365e+001 -1.9041e-001 +1.7807e+000
920 0 +9.916991157e-004 +1.881099170e+001 +1.881099170e+001 -1.9041e-001 +1.7807e+000
935 0 +8.855699320e-004 +1.881088557e+001 +1.881088557e+001 -1.9081e-001 +1.7808e+000
994 0 +8.488898043e-004 +1.881084889e+001 +1.881084889e+001 -1.9128e-001 +1.7808e+000
1022 0 +7.237795801e-004 +1.881072378e+001 +1.881072378e+001 -1.9121e-001 +1.7808e+000
1033 0 +3.140762656e-004 +1.881031408e+001 +1.881031408e+001 -1.9093e-001 +1.7808e+000
1034 0 +2.442376711e-004 +1.881024424e+001 +1.881024424e+001 -1.9132e-001 +1.7808e+000
1064 0 +2.325328801e-004 +1.881023253e+001 +1.881023253e+001 -1.9096e-001 +1.7808e+000
1191 0 +2.129548027e-004 +1.881021295e+001 +1.881021295e+001 -1.9126e-001 +1.7808e+000
1214 0 +4.233649179e-005 +1.881004234e+001 +1.881004234e+001 -1.9122e-001 +1.7808e+000
1229 0 +3.034114049e-005 +1.881003034e+001 +1.881003034e+001 -1.9118e-001 +1.7808e+000
1236 0 +2.954901302e-005 +1.881002955e+001 +1.881002955e+001 -1.9119e-001 +1.7808e+000
1273 0 +2.910772160e-005 +1.881002911e+001 +1.881002911e+001 -1.9121e-001 +1.7808e+000
1291 0 +1.759214778e-005 +1.881001759e+001 +1.881001759e+001 -1.9120e-001 +1.7808e+000
1354 0 +1.469702232e-005 +1.881001470e+001 +1.881001470e+001 -1.9120e-001 +1.7808e+000
1392 0 +1.463249625e-006 +1.881000146e+001 +1.881000146e+001 -1.9120e-001 +1.7808e+000
1468 0 +1.010561906e-006 +1.881000101e+001 +1.881000101e+001 -1.9120e-001 +1.7808e+000
1498 0 +9.438547686e-007 +1.881000094e+001 +1.881000094e+001 -1.9120e-001 +1.7808e+000
1590 0 +6.534406118e-007 +1.881000065e+001 +1.881000065e+001 -1.9120e-001 +1.7808e+000
1594 0 +5.888004040e-007 +1.881000059e+001 +1.881000059e+001 -1.9120e-001 +1.7808e+000
1610 0 +4.627876997e-007 +1.881000046e+001 +1.881000046e+001 -1.9120e-001 +1.7808e+000
1704 0 +3.039550407e-007 +1.881000030e+001 +1.881000030e+001 -1.9120e-001 +1.7808e+000
1709 0 +2.720725369e-007 +1.881000027e+001 +1.881000027e+001 -1.9120e-001 +1.7808e+000
1734 0 +1.411009407e-007 +1.881000014e+001 +1.881000014e+001 -1.9120e-001 +1.7808e+000
1806 0 +3.035360407e-008 +1.881000003e+001 +1.881000003e+001 -1.9120e-001 +1.7808e+000
1869 0 +2.581649383e-008 +1.881000003e+001 +1.881000003e+001 -1.9120e-001 +1.7808e+000
1902 0 +1.330039012e-008 +1.881000001e+001 +1.881000001e+001 -1.9120e-001 +1.7808e+000
1909 0 +9.047457894e-009 +1.881000001e+001 +1.881000001e+001 -1.9120e-001 +1.7808e+000
% f evaluations | g evaluations | best noise-free fitness - Fopt (2.731500000000e+002) + sum g_i+ | measured fitness | best measured fitness or single-digit g-values | x1 | x2...
1 0 +1.844054466e+002 +4.575554466e+002 +4.575554466e+002 -2.4101e+000 -3.5556e+000
3 0 +2.557492732e+001 +2.987249273e+002 +2.987249273e+002 -4.9561e+000 +2.5337e+000
52 0 +1.655212481e+001 +2.897021248e+002 +2.897021248e+002 -4.9097e+000 +5.2471e-002
72 0 +1.051128816e+001 +2.836612882e+002 +2.836612882e+002 -4.9705e+000 +5.2471e-002
86 0 +5.379397523e+000 +2.785293975e+002 +2.785293975e+002 -4.8228e+000 +1.0762e+000
125 0 +3.178246682e+000 +2.763282467e+002 +2.763282467e+002 -4.0318e+000 +2.5498e+000
192 0 +1.851537420e+000 +2.750015374e+002 +2.750015374e+002 -4.1592e+000 +2.4059e+000
198 0 +1.775502815e+000 +2.749255028e+002 +2.749255028e+002 -4.0327e+000 +2.7686e+000
211 0 +1.199295492e+000 +2.743492955e+002 +2.743492955e+002 -3.9722e+000 +2.8665e+000
269 0 +1.009069191e+000 +2.741590692e+002 +2.741590692e+002 -3.7979e+000 +3.3232e+000
280 0 +8.190833366e-001 +2.739690833e+002 +2.739690833e+002 -3.8532e+000 +3.1370e+000
303 0 +7.906330160e-001 +2.739406330e+002 +2.739406330e+002 -3.4681e+000 +4.0075e+000
316 0 +5.957993876e-001 +2.737457994e+002 +2.737457994e+002 -3.5832e+000 +3.7870e+000
326 0 +5.191103210e-001 +2.736691103e+002 +2.736691103e+002 -3.6964e+000 +3.4801e+000
356 0 +3.725943872e-001 +2.735225944e+002 +2.735225944e+002 -3.4521e+000 +4.0641e+000
378 0 +2.443262991e-001 +2.733943263e+002 +2.733943263e+002 -3.5692e+000 +3.7572e+000
387 0 +4.825915804e-002 +2.731982592e+002 +2.731982592e+002 -3.5655e+000 +3.7828e+000
575 0 +3.552660177e-002 +2.731855266e+002 +2.731855266e+002 -3.5690e+000 +3.7744e+000
675 0 +3.305795763e-002 +2.731830580e+002 +2.731830580e+002 -3.5655e+000 +3.7833e+000
694 0 +1.838598893e-002 +2.731683860e+002 +2.731683860e+002 -3.5701e+000 +3.7744e+000
747 0 +1.725167640e-002 +2.731672517e+002 +2.731672517e+002 -3.5720e+000 +3.7707e+000
749 0 +8.918245787e-003 +2.731589182e+002 +2.731589182e+002 -3.5813e+000 +3.7493e+000
798 0 +7.724126592e-003 +2.731577241e+002 +2.731577241e+002 -3.5780e+000 +3.7560e+000
815 0 +5.396259438e-003 +2.731553963e+002 +2.731553963e+002 -3.5797e+000 +3.7527e+000
890 0 +2.219339489e-003 +2.731522193e+002 +2.731522193e+002 -3.5794e+000 +3.7533e+000
902 0 +1.202274136e-003 +2.731512023e+002 +2.731512023e+002 -3.5794e+000 +3.7531e+000
965 0 +3.571512647e-004 +2.731503572e+002 +2.731503572e+002 -3.5792e+000 +3.7537e+000
970 0 +8.508246952e-005 +2.731500851e+002 +2.731500851e+002 -3.5792e+000 +3.7536e+000
1185 0 +7.547690319e-005 +2.731500755e+002 +2.731500755e+002 -3.5792e+000 +3.7536e+000
1208 0 +2.784936100e-005 +2.731500278e+002 +2.731500278e+002 -3.5792e+000 +3.7536e+000
1294 0 +2.274073375e-005 +2.731500227e+002 +2.731500227e+002 -3.5792e+000 +3.7536e+000
1350 0 +9.914133329e-006 +2.731500099e+002 +2.731500099e+002 -3.5792e+000 +3.7536e+000
1468 0 +5.798869608e-006 +2.731500058e+002 +2.731500058e+002 -3.5792e+000 +3.7536e+000
1473 0 +7.810220950e-007 +2.731500008e+002 +2.731500008e+002 -3.5792e+000 +3.7536e+000
1544 0 +6.852782803e-007 +2.731500007e+002 +2.731500007e+002 -3.5792e+000 +3.7536e+000
1615 0 +6.109552260e-007 +2.731500006e+002 +2.731500006e+002 -3.5792e+000 +3.7536e+000
1667 0 +5.575352588e-007 +2.731500006e+002 +2.731500006e+002 -3.5792e+000 +3.7536e+000
1678 0 +4.613987699e-007 +2.731500005e+002 +2.731500005e+002 -3.5792e+000 +3.7536e+000
1703 0 +3.606854193e-007 +2.731500004e+002 +2.731500004e+002 -3.5792e+000 +3.7536e+000
1748 0 +8.557532283e-008 +2.731500001e+002 +2.731500001e+002 -3.5792e+000 +3.7536e+000
1829 0 +2.971603408e-008 +2.731500000e+002 +2.731500000e+002 -3.5792e+000 +3.7536e+000
1898 0 +1.760020041e-008 +2.731500000e+002 +2.731500000e+002 -3.5792e+000 +3.7536e+000
1900 0 +7.201947483e-009 +2.731500000e+002 +2.731500000e+002 -3.5792e+000 +3.7536e+000
% f evaluations | g evaluations | best noise-free fitness - Fopt (3.718000000000e+001) + sum g_i+ | measured fitness | best measured fitness or single-digit g-values | x1 | x2...
1 0 +1.393527061e+002 +1.765327061e+002 +1.765327061e+002 +6.8322e-003 +2.5194e+000
3 0 +2.037503139e+001 +5.755503139e+001 +5.755503139e+001 -1.7351e+000 +1.3115e+000
27 0 +6.175389670e+000 +4.335538967e+001 +4.335538967e+001 -5.0000e+000 +2.2530e+000
33 0 +5.719123783e+000 +4.289912378e+001 +4.289912378e+001 -6.0491e-001 +1.8462e+000
62 0 +5.334872632e+000 +4.251487263e+001 +4.251487263e+001 +1.9378e-001 +1.7757e+000
107 0 +2.332197765e+000 +3.951219777e+001 +3.951219777e+001 -4.8772e+000 +2.2059e+000
159 0 +1.911965366e+000 +3.909196537e+001 +3.909196537e+001 -4.2126e+000 +2.0570e+000
161 0 +1.861353890e+000 +3.904135389e+001 +3.904135389e+001 -3.9162e+000 +2.0033e+000
209 0 +1.428441442e+000 +3.860844144e+001 +3.860844144e+001 -3.9221e+000 +2.1226e+000
213 0 +8.685080538e-001 +3.804850805e+001 +3.804850805e+001 -3.1296e+000 +2.0385e+000
218 0 +2.138159763e-001 +3.739381598e+001 +3.739381598e+001 -3.9982e+000 +2.0730e+000
292 0 +1.891100306e-001 +3.736911003e+001 +3.736911003e+001 -3.8955e+000 +2.0655e+000
394 0 +9.997744490e-002 +3.727997744e+001 +3.727997744e+001 -3.8152e+000 +2.0576e+000
469 0 +5.985718502e-002 +3.723985719e+001 +3.723985719e+001 -3.9254e+000 +2.0609e+000
529 0 +3.454174051e-002 +3.721454174e+001 +3.721454174e+001 -3.9169e+000 +2.0615e+000
556 0 +1.922665188e-002 +3.719922665e+001 +3.719922665e+001 -3.9000e+000 +2.0599e+000
632 0 +1.777687261e-002 +3.719777687e+001 +3.719777687e+001 -3.8884e+000 +2.0597e+000
679 0 +9.974264327e-003 +3.718997426e+001 +3.718997426e+001 -3.9011e+000 +2.0599e+000
713 0 +5.070348664e-003 +3.718507035e+001 +3.718507035e+001 -3.9007e+000 +2.0602e+000
783 0 +3.652074150e-003 +3.718365207e+001 +3.718365207e+001 -3.9015e+000 +2.0603e+000
791 0 +3.041707437e-003 +3.718304171e+001 +3.718304171e+001 -3.8980e+000 +2.0598e+000
868 0 +1.114272524e-003 +3.718111427e+001 +3.718111427e+001 -3.8994e+000 +2.0600e+000
881 0 +9.830549398e-004 +3.718098305e+001 +3.718098305e+001 -3.9002e+000 +2.0601e+000
990 0 +2.429143768e-004 +3.718024291e+001 +3.718024291e+001 -3.8990e+000 +2.0600e+000
1003 0 +2.363249072e-004 +3.718023632e+001 +3.718023632e+001 -3.8990e+000 +2.0600e+000
1021 0 +1.745605574e-004 +3.718017456e+001 +3.718017456e+001 -3.8993e+000 +2.0600e+000
1065 0 +1.572128889e-004 +3.718015721e+001 +3.718015721e+001 -3.8992e+000 +2.0600e+000
1095 0 +1.360397869e-004 +3.718013604e+001 +3.718013604e+001 -3.8991e+000 +2.0600e+000
1116 0 +3.823791259e-005 +3.718003824e+001 +3.718003824e+001 -3.8992e+000 +2.0600e+000
1148 0 +2.909867260e-005 +3.718002910e+001 +3.718002910e+001 -3.8992e+000 +2.0600e+000
1252 0 +2.880918870e-005 +3.718002881e+001 +3.718002881e+001 -3.8992e+000 +2.0600e+000
1299 0 +2.361200797e-005 +3.718002361e+001 +3.718002361e+001 -3.8992e+000 +2.0600e+000
1321 0 +3.901604607e-006 +3.718000390e+001 +3.718000390e+001 -3.8992e+000 +2.0600e+000
1360 0 +2.306469582e-006 +3.718000231e+001 +3.718000231e+001 -3.8992e+000 +2.0600e+000
1394 0 +1.875521640e-006 +3.718000188e+001 +3.718000188e+001 -3.8992e+000 +2.0600e+000
1410 0 +1.542552560e-006 +3.718000154e+001 +3.718000154e+001 -3.8992e+000 +2.0600e+000
1420 0 +7.662834491e-007 +3.718000077e+001 +3.718000077e+001 -3.8992e+000 +2.0600e+000
1503 0 +6.751534372e-007 +3.718000068e+001 +3.718000068e+001 -3.8992e+000 +2.0600e+000
1519 0 +2.862113035e-007 +3.718000029e+001 +3.718000029e+001 -3.8992e+000 +2.0600e+000
1591 0 +2.287935672e-007 +3.718000023e+001 +3.718000023e+001 -3.8992e+000 +2.0600e+000
1638 0 +1.148741759e-007 +3.718000011e+001 +3.718000011e+001 -3.8992e+000 +2.0600e+000
1651 0 +9.119421662e-008 +3.718000009e+001 +3.718000009e+001 -3.8992e+000 +2.0600e+000
1681 0 +3.973585905e-008 +3.718000004e+001 +3.718000004e+001 -3.8992e+000 +2.0600e+000
1744 0 +1.224241686e-008 +3.718000001e+001 +3.718000001e+001 -3.8992e+000 +2.0600e+000
1792 0 +7.615888364e-009 +3.718000001e+001 +3.718000001e+001 -3.8992e+000 +2.0600e+000
% f evaluations | g evaluations | best noise-free fitness - Fopt (-1.479000000000e+002) + sum g_i+ | measured fitness | best measured fitness or single-digit g-values | x1 | x2...
1 0 +1.668300902e+002 +1.893009022e+001 +1.893009022e+001 -4.9012e+000 +1.3029e+000
5 0 +8.756258221e+000 -1.391437418e+002 -1.391437418e+002 -6.2206e-004 -1.2201e+000
12 0 +1.057135630e+000 -1.468428644e+002 -1.468428644e+002 -1.4322e+000 -4.9992e-002
184 0 +1.028436544e+000 -1.468715635e+002 -1.468715635e+002 -1.2683e+000 -2.2408e-001
200 0 +4.416491233e-001 -1.474583509e+002 -1.474583509e+002 -1.4600e+000 -1.2114e-002
228 0 +2.540945909e-001 -1.476459054e+002 -1.476459054e+002 -1.8368e+000 +3.0487e-001
318 0 +1.592777352e-001 -1.477407223e+002 -1.477407223e+002 -1.5432e+000 +3.9935e-002
474 0 +1.574437900e-001 -1.477425562e+002 -1.477425562e+002 -1.5388e+000 +3.4709e-002
504 0 +9.286242549e-002 -1.478071376e+002 -1.478071376e+002 -1.6290e+000 +1.0095e-001
557 0 +8.535714116e-002 -1.478146429e+002 -1.478146429e+002 -1.6896e+000 +1.5585e-001
586 0 +7.698615812e-002 -1.478230138e+002 -1.478230138e+002 -1.7054e+000 +1.7160e-001
614 0 +5.608809353e-002 -1.478439119e+002 -1.478439119e+002 -1.6753e+000 +1.4102e-001
615 0 +2.685968327e-002 -1.478731403e+002 -1.478731403e+002 -1.6629e+000 +1.2855e-001
787 0 +9.007089666e-003 -1.478909929e+002 -1.478909929e+002 -1.6675e+000 +1.3213e-001
975 0 +5.662269046e-003 -1.478943377e+002 -1.478943377e+002 -1.6696e+000 +1.3438e-001
992 0 +4.837253921e-003 -1.478951627e+002 -1.478951627e+002 -1.6678e+000 +1.3277e-001
1030 0 +3.831080347e-003 -1.478961689e+002 -1.478961689e+002 -1.6690e+000 +1.3398e-001
1082 0 +3.234142296e-003 -1.478967659e+002 -1.478967659e+002 -1.6722e+000 +1.3703e-001
1122 0 +3.041820975e-003 -1.478969582e+002 -1.478969582e+002 -1.6685e+000 +1.3344e-001
1136 0 +1.857716615e-003 -1.478981423e+002 -1.478981423e+002 -1.6702e+000 +1.3506e-001
1160 0 +9.131601153e-004 -1.478990868e+002 -1.478990868e+002 -1.6704e+000 +1.3523e-001
1216 0 +2.554854956e-004 -1.478997445e+002 -1.478997445e+002 -1.6705e+000 +1.3534e-001
1378 0 +1.990433668e-004 -1.478998010e+002 -1.478998010e+002 -1.6704e+000 +1.3524e-001
1456 0 +1.942436508e-004 -1.478998058e+002 -1.478998058e+002 -1.6704e+000 +1.3521e-001
1470 0 +1.013049317e-004 -1.478998987e+002 -1.478998987e+002 -1.6704e+000 +1.3519e-001
1518 0 +3.306406666e-005 -1.478999669e+002 -1.478999669e+002 -1.6704e+000 +1.3519e-001
1549 0 +3.205221017e-005 -1.478999679e+002 -1.478999679e+002 -1.6704e+000 +1.3522e-001
1553 0 +2.967909995e-005 -1.478999703e+002 -1.478999703e+002 -1.6704e+000 +1.3519e-001
1594 0 +1.745317036e-006 -1.478999983e+002 -1.478999983e+002 -1.6704e+000 +1.3520e-001
1679 0 +6.832341910e-007 -1.478999993e+002 -1.478999993e+002 -1.6704e+000 +1.3520e-001
1808 0 +5.539937149e-007 -1.478999994e+002 -1.478999994e+002 -1.6704e+000 +1.3520e-001
1816 0 +1.792784019e-007 -1.478999998e+002 -1.478999998e+002 -1.6704e+000 +1.3520e-001
1943 0 +1.740990569e-007 -1.478999998e+002 -1.478999998e+002 -1.6704e+000 +1.3520e-001
1968 0 +2.016551548e-008 -1.479000000e+002 -1.479000000e+002 -1.6704e+000 +1.3520e-001
2147 0 +1.777596026e-008 -1.479000000e+002 -1.479000000e+002 -1.6704e+000 +1.3520e-001
2157 0 +9.201443163e-009 -1.479000000e+002 -1.479000000e+002 -1.6704e+000 +1.3520e-001
% f evaluations | g evaluations | best noise-free fitness - Fopt (4.817100000000e+002) + sum g_i+ | measured fitness | best measured fitness or single-digit g-values | x1 | x2...
1 0 +7.137888550e+002 +1.195498855e+003 +1.195498855e+003 +1.7923e+000 +3.4970e+000
4 0 +3.639996988e+002 +8.457096988e+002 +8.457096988e+002 +5.0000e+000 -5.0000e+000
5 0 +2.912712547e+002 +7.729812547e+002 +7.729812547e+002 +4.7420e+000 -4.8876e+000
6 0 +6.201698540e+001 +5.437269854e+002 +5.437269854e+002 -8.8793e-002 -5.0000e+000
8 0 +5.947445939e+001 +5.411844594e+002 +5.411844594e+002 +1.6248e+000 -5.0000e+000
18 0 +1.259985753e+001 +4.943098575e+002 +4.943098575e+002 +1.2475e+000 -4.2209e+000
78 0 +1.167065728e+001 +4.933806573e+002 +4.933806573e+002 +7.0946e-001 -2.9123e+000
88 0 +1.004320904e+001 +4.917532090e+002 +4.917532090e+002 +1.2345e+000 -2.4153e+000
114 0 +9.116903595e+000 +4.908269036e+002 +4.908269036e+002 +1.2773e+000 -1.3232e+000
116 0 +1.165230564e+000 +4.828752306e+002 +4.828752306e+002 +1.0330e+000 -2.7253e+000
204 0 +2.955921394e-001 +4.820055921e+002 +4.820055921e+002 +1.0394e+000 -2.8108e+000
225 0 +1.589818474e-001 +4.818689818e+002 +4.818689818e+002 +1.0460e+000 -2.9383e+000
383 0 +1.574107739e-001 +4.818674108e+002 +4.818674108e+002 +1.0306e+000 -3.1028e+000
457 0 +1.515125300e-001 +4.818615125e+002 +4.818615125e+002 +1.0317e+000 -3.0666e+000
458 0 +1.378228222e-001 +4.818478228e+002 +4.818478228e+002 +1.0263e+000 -3.1027e+000
464 0 +1.318411697e-001 +4.818418412e+002 +4.818418412e+002 +1.0394e+000 -2.8614e+000
481 0 +1.253203060e-001 +4.818353203e+002 +4.818353203e+002 +1.0381e+000 -2.9275e+000
482 0 +7.518681259e-002 +4.817851868e+002 +4.817851868e+002 +1.0422e+000 -2.9498e+000
488 0 +1.946944003e-002 +4.817294694e+002 +4.817294694e+002 +1.0416e+000 -2.9830e+000
614 0 +1.809813402e-002 +4.817280981e+002 +4.817280981e+002 +1.0415e+000 -2.9827e+000
722 0 +9.946520390e-003 +4.817199465e+002 +4.817199465e+002 +1.0397e+000 -3.0090e+000
752 0 +8.136959866e-003 +4.817181370e+002 +4.817181370e+002 +1.0411e+000 -2.9930e+000
757 0 +7.602089607e-003 +4.817176021e+002 +4.817176021e+002 +1.0413e+000 -2.9934e+000
845 0 +3.383895117e-003 +4.817133839e+002 +4.817133839e+002 +1.0404e+000 -3.0030e+000
885 0 +3.056592587e-003 +4.817130566e+002 +4.817130566e+002 +1.0404e+000 -3.0036e+000
953 0 +1.187009183e-003 +4.817111870e+002 +4.817111870e+002 +1.0409e+000 -2.9999e+000
959 0 +1.015213929e-003 +4.817110152e+002 +4.817110152e+002 +1.0409e+000 -2.9997e+000
1063 0 +6.376456482e-004 +4.817106376e+002 +4.817106376e+002 +1.0408e+000 -3.0011e+000
1068 0 +5.223376356e-004 +4.817105223e+002 +4.817105223e+002 +1.0408e+000 -3.0006e+000
1097 0 +2.333176862e-004 +4.817102333e+002 +4.817102333e+002 +1.0408e+000 -3.0009e+000
1228 0 +1.366864696e-004 +4.817101367e+002 +4.817101367e+002 +1.0408e+000 -3.0009e+000
1233 0 +2.887582656e-005 +4.817100289e+002 +4.817100289e+002 +1.0408e+000 -3.0008e+000
1429 0 +2.880546424e-005 +4.817100288e+002 +4.817100288e+002 +1.0408e+000 -3.0008e+000
1435 0 +2.168150934e-005 +4.817100217e+002 +4.817100217e+002 +1.0408e+000 -3.0008e+000
1465 0 +2.604159306e-006 +4.817100026e+002 +4.817100026e+002 +1.0408e+000 -3.0008e+000
1551 0 +1.901050666e-006 +4.817100019e+002 +4.817100019e+002 +1.0408e+000 -3.0008e+000
1575 0 +1.293814876e-006 +4.817100013e+002 +4.817100013e+002 +1.0408e+000 -3.0008e+000
1614 0 +1.020687137e-006 +4.817100010e+002 +4.817100010e+002 +1.0408e+000 -3.0008e+000
1627 0 +5.785187227e-007 +4.817100006e+002 +4.817100006e+002 +1.0408e+000 -3.0008e+000
1716 0 +2.070867708e-007 +4.817100002e+002 +4.817100002e+002 +1.0408e+000 -3.0008e+000
1773 0 +1.069658424e-007 +4.817100001e+002 +4.817100001e+002 +1.0408e+000 -3.0008e+000
1881 0 +9.940077916e-008 +4.817100001e+002 +4.817100001e+002 +1.0408e+000 -3.0008e+000
1935 0 +9.504236687e-008 +4.817100001e+002 +4.817100001e+002 +1.0408e+000 -3.0008e+000
1942 0 +6.735132274e-008 +4.817100001e+002 +4.817100001e+002 +1.0408e+000 -3.0008e+000
1943 0 +1.880511036e-008 +4.817100000e+002 +4.817100000e+002 +1.0408e+000 -3.0008e+000
1948 0 +1.859177701e-008 +4.817100000e+002 +4.817100000e+002 +1.0408e+000 -3.0008e+000
1996 0 +1.160771035e-008 +4.817100000e+002 +4.817100000e+002 +1.0408e+000 -3.0008e+000
2065 0 +4.516152785e-009 +4.817100000e+002 +4.817100000e+002 +1.0408e+000 -3.0008e+000
% f evaluations | g evaluations | best noise-free fitness - Fopt (-3.646000000000e+001) + sum g_i+ | measured fitness | best measured fitness or single-digit g-values | x1 | x2...
1 0 +5.054903864e+002 +4.690303864e+002 +4.690303864e+002 -2.9776e+000 +1.9237e+000
3 0 +2.299854791e+002 +1.935254791e+002 +1.935254791e+002 -3.9361e+000 -2.2421e+000
4 0 +1.360155755e+002 +9.955557545e+001 +9.955557545e+001 +5.0000e+000 -5.0000e+000
6 0 +5.072568514e+001 +1.426568514e+001 +1.426568514e+001 +1.3220e+000 -2.5062e+000
17 0 +2.709144138e+001 -9.368558621e+000 -9.368558621e+000 +1.5241e+000 -2.3846e+000
35 0 +2.194534535e+001 -1.451465465e+001 -1.451465465e+001 -3.7207e-001 -6.4912e-001
37 0 +8.364867851e+000 -2.809513215e+001 -2.809513215e+001 +2.6457e+000 -3.4922e+000
97 0 +2.078020199e+000 -3.438197980e+001 -3.438197980e+001 +2.6333e+000 -3.6142e+000
161 0 +5.643975637e-001 -3.589560244e+001 -3.589560244e+001 +1.9195e+000 -2.4714e+000
279 0 +3.596596543e-001 -3.610034035e+001 -3.610034035e+001 +2.2274e+000 -3.0058e+000
356 0 +3.207759839e-001 -3.613922402e+001 -3.613922402e+001 +2.0721e+000 -2.7467e+000
367 0 +2.620741641e-001 -3.619792584e+001 -3.619792584e+001 +2.1466e+000 -2.8965e+000
369 0 +1.682615413e-001 -3.629173846e+001 -3.629173846e+001 +2.0141e+000 -2.6537e+000
372 0 +1.652722241e-001 -3.629472778e+001 -3.629472778e+001 +2.1598e+000 -2.9050e+000
377 0 +1.478434447e-001 -3.631215656e+001 -3.631215656e+001 +2.1411e+000 -2.8769e+000
427 0 +9.929491105e-002 -3.636070509e+001 -3.636070509e+001 +2.1738e+000 -2.9239e+000
436 0 +5.883552187e-002 -3.640116448e+001 -3.640116448e+001 +2.1533e+000 -2.8931e+000
473 0 +7.556141943e-003 -3.645244386e+001 -3.645244386e+001 +2.1212e+000 -2.8470e+000
747 0 +1.872120227e-003 -3.645812788e+001 -3.645812788e+001 +2.1222e+000 -2.8480e+000
940 0 +9.849231746e-004 -3.645901508e+001 -3.645901508e+001 +2.1211e+000 -2.8464e+000
1023 0 +4.031182159e-004 -3.645959688e+001 -3.645959688e+001 +2.1217e+000 -2.8473e+000
1078 0 +2.718107579e-004 -3.645972819e+001 -3.645972819e+001 +2.1217e+000 -2.8474e+000
1135 0 +2.307330128e-004 -3.645976927e+001 -3.645976927e+001 +2.1217e+000 -2.8473e+000
1245 0 +1.314357672e-004 -3.645986856e+001 -3.645986856e+001 +2.1216e+000 -2.8472e+000
1260 0 +7.867187520e-005 -3.645992133e+001 -3.645992133e+001 +2.1216e+000 -2.8472e+000
1349 0 +5.278709623e-005 -3.645994721e+001 -3.645994721e+001 +2.1216e+000 -2.8472e+000
1358 0 +3.541066141e-005 -3.645996459e+001 -3.645996459e+001 +2.1216e+000 -2.8472e+000
1413 0 +3.039503272e-005 -3.645996960e+001 -3.645996960e+001 +2.1216e+000 -2.8472e+000
1455 0 +2.889070608e-005 -3.645997111e+001 -3.645997111e+001 +2.1216e+000 -2.8472e+000
1465 0 +2.881818169e-005 -3.645997118e+001 -3.645997118e+001 +2.1216e+000 -2.8472e+000
1537 0 +3.992313680e-006 -3.645999601e+001 -3.645999601e+001 +2.1216e+000 -2.8472e+000
1595 0 +1.761025111e-006 -3.645999824e+001 -3.645999824e+001 +2.1216e+000 -2.8472e+000
1671 0 +1.195941131e-006 -3.645999880e+001 -3.645999880e+001 +2.1216e+000 -2.8472e+000
1694 0 +9.348184378e-007 -3.645999907e+001 -3.645999907e+001 +2.1216e+000 -2.8472e+000
1699 0 +6.073183556e-007 -3.645999939e+001 -3.645999939e+001 +2.1216e+000 -2.8472e+000
1719 0 +5.817285995e-007 -3.645999942e+001 -3.645999942e+001 +2.1216e+000 -2.8472e+000
1764 0 +3.227059366e-007 -3.645999968e+001 -3.645999968e+001 +2.1216e+000 -2.8472e+000
1790 0 +6.345185710e-008 -3.645999994e+001 -3.645999994e+001 +2.1216e+000 -2.8472e+000
1943 0 +1.335307331e-008 -3.645999999e+001 -3.645999999e+001 +2.1216e+000 -2.8472e+000
2020 0 +7.995815565e-009 -3.645999999e+001 -3.645999999e+001 +2.1216e+000 -2.8472e+000
% f evaluations | g evaluations | best noise-free fitness - Fopt (3.920000000000e+001) + sum g_i+ | measured fitness | best measured fitness or single-digit g-values | x1 | x2...
1 0 +5.157323872e+001 +9.077323872e+001 +9.077323872e+001 +3.4116e+000 +3.0085e+000
8 0 +3.429244176e+001 +7.349244176e+001 +7.349244176e+001 +2.7275e+000 +1.2084e+000
13 0 +3.316090447e+001 +7.236090447e+001 +7.236090447e+001 +3.9322e+000 +1.5247e-001
14 0 +1.175038708e+001 +5.095038708e+001 +5.095038708e+001 +2.5436e+000 -1.4787e-001
27 0 +8.559507734e+000 +4.775950773e+001 +4.775950773e+001 +4.9638e+000 +3.4083e+000
66 0 +6.354097019e+000 +4.555409702e+001 +4.555409702e+001 +2.8027e+000 +1.9982e-001
84 0 +5.121612190e+000 +4.432161219e+001 +4.432161219e+001 +4.7715e+000 +3.3134e+000
88 0 +2.694683468e+000 +4.189468347e+001 +4.189468347e+001 +3.9669e+000 +1.8324e+000
101 0 +2.607435037e+000 +4.180743504e+001 +4.180743504e+001 +3.8894e+000 +1.7262e+000
111 0 +9.926867384e-001 +4.019268674e+001 +4.019268674e+001 +3.4833e+000 +1.3208e+000
158 0 +8.846499454e-001 +4.008464995e+001 +4.008464995e+001 +3.4122e+000 +1.2393e+000
227 0 +5.367061906e-001 +3.973670619e+001 +3.973670619e+001 +4.0368e+000 +2.0589e+000
366 0 +4.733099373e-001 +3.967330994e+001 +3.967330994e+001 +3.6115e+000 +1.4938e+000
417 0 +3.944957065e-001 +3.959449571e+001 +3.959449571e+001 +3.9299e+000 +1.9147e+000
436 0 +2.508713093e-001 +3.945087131e+001 +3.945087131e+001 +3.5197e+000 +1.3647e+000
440 0 +2.433184284e-001 +3.944331843e+001 +3.944331843e+001 +3.5226e+000 +1.3661e+000
476 0 +1.590084043e-001 +3.935900840e+001 +3.935900840e+001 +3.5893e+000 +1.4559e+000
551 0 +1.150957622e-001 +3.931509576e+001 +3.931509576e+001 +3.7710e+000 +1.6989e+000
580 0 +4.076291664e-002 +3.924076292e+001 +3.924076292e+001 +3.7181e+000 +1.6219e+000
628 0 +3.869221872e-002 +3.923869222e+001 +3.923869222e+001 +3.7227e+000 +1.6308e+000
686 0 +2.822589034e-002 +3.922822589e+001 +3.922822589e+001 +3.7151e+000 +1.6202e+000
738 0 +7.874393427e-003 +3.920787439e+001 +3.920787439e+001 +3.7190e+000 +1.6251e+000
791 0 +4.524591243e-003 +3.920452459e+001 +3.920452459e+001 +3.7212e+000 +1.6276e+000
851 0 +1.057911809e-003 +3.920105791e+001 +3.920105791e+001 +3.7226e+000 +1.6297e+000
873 0 +2.415255668e-004 +3.920024153e+001 +3.920024153e+001 +3.7231e+000 +1.6302e+000
1088 0 +2.305048510e-004 +3.920023050e+001 +3.920023050e+001 +3.7232e+000 +1.6304e+000
1099 0 +1.327725836e-004 +3.920013277e+001 +3.920013277e+001 +3.7232e+000 +1.6304e+000
1145 0 +9.202114133e-005 +3.920009202e+001 +3.920009202e+001 +3.7232e+000 +1.6304e+000
1237 0 +2.994044564e-005 +3.920002994e+001 +3.920002994e+001 +3.7232e+000 +1.6304e+000
1254 0 +2.913260213e-005 +3.920002913e+001 +3.920002913e+001 +3.7232e+000 +1.6304e+000
1340 0 +2.877770471e-005 +3.920002878e+001 +3.920002878e+001 +3.7232e+000 +1.6304e+000
1366 0 +7.552305256e-006 +3.920000755e+001 +3.920000755e+001 +3.7232e+000 +1.6304e+000
1430 0 +1.883647130e-006 +3.920000188e+001 +3.920000188e+001 +3.7232e+000 +1.6304e+000
1494 0 +1.593718217e-006 +3.920000159e+001 +3.920000159e+001 +3.7232e+000 +1.6304e+000
1574 0 +1.319865817e-007 +3.920000013e+001 +3.920000013e+001 +3.7232e+000 +1.6304e+000
1652 0 +1.101426150e-007 +3.920000011e+001 +3.920000011e+001 +3.7232e+000 +1.6304e+000
1700 0 +8.889646352e-008 +3.920000009e+001 +3.920000009e+001 +3.7232e+000 +1.6304e+000
1820 0 +6.780071971e-008 +3.920000007e+001 +3.920000007e+001 +3.7232e+000 +1.6304e+000
1989 0 +8.100712989e-009 +3.920000001e+001 +3.920000001e+001 +3.7232e+000 +1.6304e+000
% f evaluations | g evaluations | best noise-free fitness - Fopt (-3.225000000000e+001) + sum g_i+ | measured fitness | best measured fitness or single-digit g-values | x1 | x2...
1 0 +6.975143550e+002 +6.652643550e+002 +6.652643550e+002 -1.2807e+000 -2.0167e+000
2 0 +5.506749331e+001 +2.281749331e+001 +2.281749331e+001 -1.1217e+000 +1.9349e+000
30 0 +1.983471430e+001 -1.241528570e+001 -1.241528570e+001 -1.3974e+000 +3.0311e+000
39 0 +7.411160901e+000 -2.483883910e+001 -2.483883910e+001 +2.8680e+000 +7.6202e-001
49 0 +1.622254253e+000 -3.062774575e+001 -3.062774575e+001 +4.0185e+000 +1.1539e+000
149 0 +1.110007398e+000 -3.113999260e+001 -3.113999260e+001 +3.5309e+000 +1.0113e+000
213 0 +4.335074069e-001 -3.181649259e+001 -3.181649259e+001 +3.3694e+000 +1.0025e+000
283 0 +2.500872097e-001 -3.199991279e+001 -3.199991279e+001 +3.2881e+000 +9.9227e-001
342 0 +1.590133004e-001 -3.209098670e+001 -3.209098670e+001 +3.6124e+000 +1.0592e+000
376 0 +1.063875680e-001 -3.214361243e+001 -3.214361243e+001 +3.5735e+000 +1.0581e+000
403 0 +9.833654659e-002 -3.215166345e+001 -3.215166345e+001 +3.4725e+000 +1.0305e+000
427 0 +4.652165860e-002 -3.220347834e+001 -3.220347834e+001 +3.6155e+000 +1.0646e+000
452 0 +3.279528048e-002 -3.221720472e+001 -3.221720472e+001 +3.6162e+000 +1.0654e+000
514 0 +1.973825747e-003 -3.224802617e+001 -3.224802617e+001 +3.5962e+000 +1.0616e+000
900 0 +1.257239872e-003 -3.224874276e+001 -3.224874276e+001 +3.5960e+000 +1.0616e+000
901 0 +1.063296561e-003 -3.224893670e+001 -3.224893670e+001 +3.5954e+000 +1.0615e+000
982 0 +9.853912511e-004 -3.224901461e+001 -3.224901461e+001 +3.5952e+000 +1.0614e+000
998 0 +7.029340799e-004 -3.224929707e+001 -3.224929707e+001 +3.5962e+000 +1.0616e+000
1023 0 +5.522579565e-004 -3.224944774e+001 -3.224944774e+001 +3.5962e+000 +1.0616e+000
1027 0 +4.017848048e-004 -3.224959822e+001 -3.224959822e+001 +3.5959e+000 +1.0616e+000
1038 0 +3.685212486e-004 -3.224963148e+001 -3.224963148e+001 +3.5960e+000 +1.0616e+000
1061 0 +2.295972852e-004 -3.224977040e+001 -3.224977040e+001 +3.5961e+000 +1.0616e+000
1265 0 +5.431146982e-005 -3.224994569e+001 -3.224994569e+001 +3.5960e+000 +1.0616e+000
1282 0 +4.051451874e-005 -3.224995949e+001 -3.224995949e+001 +3.5960e+000 +1.0616e+000
1318 0 +2.944195015e-005 -3.224997056e+001 -3.224997056e+001 +3.5960e+000 +1.0616e+000
1436 0 +2.882633368e-005 -3.224997117e+001 -3.224997117e+001 +3.5960e+000 +1.0616e+000
1443 0 +2.656422146e-005 -3.224997344e+001 -3.224997344e+001 +3.5960e+000 +1.0616e+000
1466 0 +2.374177559e-005 -3.224997626e+001 -3.224997626e+001 +3.5960e+000 +1.0616e+000
1490 0 +1.829646455e-005 -3.224998170e+001 -3.224998170e+001 +3.5960e+000 +1.0616e+000
1504 0 +2.287809174e-006 -3.224999771e+001 -3.224999771e+001 +3.5960e+000 +1.0616e+000
1525 0 +7.755549234e-007 -3.224999922e+001 -3.224999922e+001 +3.5960e+000 +1.0616e+000
1541 0 +4.225871848e-007 -3.224999958e+001 -3.224999958e+001 +3.5960e+000 +1.0616e+000
1741 0 +3.223792149e-007 -3.224999968e+001 -3.224999968e+001 +3.5960e+000 +1.0616e+000
1771 0 +2.538662187e-007 -3.224999975e+001 -3.224999975e+001 +3.5960e+000 +1.0616e+000
1839 0 +1.372859515e-007 -3.224999986e+001 -3.224999986e+001 +3.5960e+000 +1.0616e+000
1848 0 +1.119516071e-007 -3.224999989e+001 -3.224999989e+001 +3.5960e+000 +1.0616e+000
1887 0 +8.294937004e-008 -3.224999992e+001 -3.224999992e+001 +3.5960e+000 +1.0616e+000
1947 0 +7.125041179e-008 -3.224999993e+001 -3.224999993e+001 +3.5960e+000 +1.0616e+000
1998 0 +2.437493407e-008 -3.224999998e+001 -3.224999998e+001 +3.5960e+000 +1.0616e+000
2044 0 +6.323205071e-009 -3.224999999e+001 -3.224999999e+001 +3.5960e+000 +1.0616e+000
% f evaluations | g evaluations | best noise-free fitness - Fopt (3.681200000000e+002) + sum g_i+ | measured fitness | best measured fitness or single-digit g-values | x1 | x2...
1 0 +2.286399687e+002 +5.967599687e+002 +5.967599687e+002 -3.3782e-001 -2.6596e+000
2 0 +1.465160984e+002 +5.146360984e+002 +5.146360984e+002 -2.5727e+000 +1.9303e-001
6 0 +2.025000307e+001 +3.883700031e+002 +3.883700031e+002 +5.0000e+000 -1.2936e-001
15 0 +1.690183693e+001 +3.850218369e+002 +3.850218369e+002 +4.6374e+000 -1.2215e+000
49 0 +7.450701185e+000 +3.755707012e+002 +3.755707012e+002 +2.9808e-001 -7.6977e-001
60 0 +7.153582108e+000 +3.752735821e+002 +3.752735821e+002 +3.2417e+000 -7.3341e-001
72 0 +3.975134699e+000 +3.720951347e+002 +3.720951347e+002 -3.4484e+000 -1.3069e+000
77 0 +2.432277666e+000 +3.705522777e+002 +3.705522777e+002 -1.5128e-001 -9.9897e-001
179 0 +1.849339438e+000 +3.699693394e+002 +3.699693394e+002 -2.6208e+000 -1.1884e+000
205 0 +7.539330069e-001 +3.688739330e+002 +3.688739330e+002 -2.6394e+000 -1.1381e+000
302 0 +4.381733120e-001 +3.685581733e+002 +3.685581733e+002 -2.6363e+000 -1.1180e+000
320 0 +4.036524870e-001 +3.685236525e+002 +3.685236525e+002 -2.2924e+000 -1.0749e+000
328 0 +1.793839662e-001 +3.682993840e+002 +3.682993840e+002 -2.4655e+000 -1.0956e+000
374 0 +1.242404240e-001 +3.682442404e+002 +3.682442404e+002 -2.3622e+000 -1.0852e+000
396 0 +9.741196257e-002 +3.682174120e+002 +3.682174120e+002 -2.4308e+000 -1.0897e+000
420 0 +3.875869104e-002 +3.681587587e+002 +3.681587587e+002 -2.4929e+000 -1.0917e+000
469 0 +2.850088885e-002 +3.681485009e+002 +3.681485009e+002 -2.4692e+000 -1.0895e+000
501 0 +2.154023934e-002 +3.681415402e+002 +3.681415402e+002 -2.4625e+000 -1.0902e+000
596 0 +1.911181388e-002 +3.681391118e+002 +3.681391118e+002 -2.4629e+000 -1.0901e+000
623 0 +1.552624369e-002 +3.681355262e+002 +3.681355262e+002 -2.4691e+000 -1.0899e+000
701 0 +1.520419268e-002 +3.681352042e+002 +3.681352042e+002 -2.4712e+000 -1.0902e+000
708 0 +1.384939904e-003 +3.681213849e+002 +3.681213849e+002 -2.4630e+000 -1.0896e+000
897 0 +1.013907117e-003 +3.681210139e+002 +3.681210139e+002 -2.4628e+000 -1.0896e+000
901 0 +9.858411592e-004 +3.681209858e+002 +3.681209858e+002 -2.4625e+000 -1.0895e+000
991 0 +6.379437506e-004 +3.681206379e+002 +3.681206379e+002 -2.4629e+000 -1.0896e+000
1030 0 +4.408405084e-004 +3.681204408e+002 +3.681204408e+002 -2.4632e+000 -1.0896e+000
1036 0 +2.722082241e-004 +3.681202722e+002 +3.681202722e+002 -2.4633e+000 -1.0896e+000
1100 0 +2.387275891e-004 +3.681202387e+002 +3.681202387e+002 -2.4631e+000 -1.0896e+000
1113 0 +5.912965514e-005 +3.681200591e+002 +3.681200591e+002 -2.4632e+000 -1.0896e+000
1204 0 +2.932553065e-005 +3.681200293e+002 +3.681200293e+002 -2.4632e+000 -1.0896e+000
1280 0 +1.921640728e-005 +3.681200192e+002 +3.681200192e+002 -2.4632e+000 -1.0896e+000
1284 0 +8.844706770e-006 +3.681200088e+002 +3.681200088e+002 -2.4632e+000 -1.0896e+000
1410 0 +1.641975416e-006 +3.681200016e+002 +3.681200016e+002 -2.4632e+000 -1.0896e+000
1487 0 +7.114113032e-007 +3.681200007e+002 +3.681200007e+002 -2.4632e+000 -1.0896e+000
1541 0 +5.734834758e-007 +3.681200006e+002 +3.681200006e+002 -2.4632e+000 -1.0896e+000
1586 0 +5.457245038e-007 +3.681200005e+002 +3.681200005e+002 -2.4632e+000 -1.0896e+000
1591 0 +1.972187533e-007 +3.681200002e+002 +3.681200002e+002 -2.4632e+000 -1.0896e+000
1617 0 +9.804148249e-008 +3.681200001e+002 +3.681200001e+002 -2.4632e+000 -1.0896e+000
1750 0 +2.812743105e-008 +3.681200000e+002 +3.681200000e+002 -2.4632e+000 -1.0896e+000
1752 0 +1.447386921e-008 +3.681200000e+002 +3.681200000e+002 -2.4632e+000 -1.0896e+000
1822 0 +7.651749456e-009 +3.681200000e+002 +3.681200000e+002 -2.4632e+000 -1.0896e+000
% f evaluations | g evaluations | best noise-free fitness - Fopt (4.739000000000e+001) + sum g_i+ | measured fitness | best measured fitness or single-digit g-values | x1 | x2...
1 0 +4.017599328e+001 +8.756599328e+001 +8.756599328e+001 -2.6662e+000 +9.0203e-001
6 0 +3.139700509e+001 +7.878700509e+001 +7.878700509e+001 +9.6582e-002 +5.0000e+000
14 0 +2.238702544e+001 +6.977702544e+001 +6.977702544e+001 -1.2368e+000 +7.7045e-001
17 0 +1.048039848e+001 +5.787039848e+001 +5.787039848e+001 -3.8741e-001 +3.3987e+000
27 0 +6.371982574e+000 +5.376198257e+001 +5.376198257e+001 -1.0646e+000 +2.0912e+000
31 0 +3.218328994e+000 +5.060832899e+001 +5.060832899e+001 +3.8818e-001 +4.7034e+000
93 0 +2.570548881e+000 +4.996054888e+001 +4.996054888e+001 -7.2281e-001 +2.0140e+000
142 0 +4.980161962e-001 +4.788801620e+001 +4.788801620e+001 -4.9090e-001 +2.6755e+000
182 0 +2.912634126e-001 +4.768126341e+001 +4.768126341e+001 -4.6533e-001 +2.6960e+000
313 0 +1.307411926e-001 +4.752074119e+001 +4.752074119e+001 -4.7618e-001 +2.6735e+000
366 0 +8.656496530e-002 +4.747656497e+001 +4.747656497e+001 -4.8937e-001 +2.6513e+000
412 0 +5.875702035e-002 +4.744875702e+001 +4.744875702e+001 -4.8631e-001 +2.6569e+000
436 0 +3.777477534e-002 +4.742777478e+001 +4.742777478e+001 -5.0534e-001 +2.6159e+000
474 0 +3.210540838e-002 +4.742210541e+001 +4.742210541e+001 -5.0052e-001 +2.6215e+000
510 0 +2.374644128e-002 +4.741374644e+001 +4.741374644e+001 -4.9070e-001 +2.6442e+000
541 0 +1.645330317e-002 +4.740645330e+001 +4.740645330e+001 -4.9616e-001 +2.6338e+000
566 0 +1.275274708e-002 +4.740275275e+001 +4.740275275e+001 -4.9484e-001 +2.6352e+000
571 0 +7.836599311e-003 +4.739783660e+001 +4.739783660e+001 -5.0068e-001 +2.6232e+000
661 0 +6.092451645e-003 +4.739609245e+001 +4.739609245e+001 -4.9860e-001 +2.6276e+000
662 0 +4.780614909e-003 +4.739478061e+001 +4.739478061e+001 -4.9832e-001 +2.6284e+000
667 0 +3.031812197e-003 +4.739303181e+001 +4.739303181e+001 -4.9784e-001 +2.6293e+000
720 0 +2.410644745e-004 +4.739024106e+001 +4.739024106e+001 -4.9766e-001 +2.6295e+000
902 0 +2.295057750e-004 +4.739022951e+001 +4.739022951e+001 -4.9758e-001 +2.6296e+000
1035 0 +1.605474397e-004 +4.739016055e+001 +4.739016055e+001 -4.9758e-001 +2.6296e+000
1068 0 +6.579277530e-005 +4.739006579e+001 +4.739006579e+001 -4.9760e-001 +2.6296e+000
1082 0 +4.767081482e-005 +4.739004767e+001 +4.739004767e+001 -4.9760e-001 +2.6296e+000
1102 0 +1.377123561e-005 +4.739001377e+001 +4.739001377e+001 -4.9760e-001 +2.6296e+000
1229 0 +6.693941536e-006 +4.739000669e+001 +4.739000669e+001 -4.9760e-001 +2.6296e+000
1295 0 +1.690938980e-006 +4.739000169e+001 +4.739000169e+001 -4.9760e-001 +2.6296e+000
1305 0 +7.710144416e-007 +4.739000077e+001 +4.739000077e+001 -4.9760e-001 +2.6296e+000
1315 0 +5.665435125e-007 +4.739000057e+001 +4.739000057e+001 -4.9760e-001 +2.6296e+000
1435 0 +3.036968579e-007 +4.739000030e+001 +4.739000030e+001 -4.9760e-001 +2.6296e+000
1460 0 +2.846701079e-007 +4.739000028e+001 +4.739000028e+001 -4.9760e-001 +2.6296e+000
1477 0 +2.742306506e-007 +4.739000027e+001 +4.739000027e+001 -4.9760e-001 +2.6296e+000
1515 0 +2.500328833e-007 +4.739000025e+001 +4.739000025e+001 -4.9760e-001 +2.6296e+000
1558 0 +2.290644616e-007 +4.739000023e+001 +4.739000023e+001 -4.9760e-001 +2.6296e+000
1565 0 +2.096009482e-007 +4.739000021e+001 +4.739000021e+001 -4.9760e-001 +2.6296e+000
1619 0 +1.707424317e-007 +4.739000017e+001 +4.739000017e+001 -4.9760e-001 +2.6296e+000
1635 0 +9.513305343e-008 +4.739000010e+001 +4.739000010e+001 -4.9760e-001 +2.6296e+000
1649 0 +2.344184935e-008 +4.739000002e+001 +4.739000002e+001 -4.9760e-001 +2.6296e+000
1688 0 +1.931818616e-008 +4.739000002e+001 +4.739000002e+001 -4.9760e-001 +2.6296e+000
1795 0 +1.599785548e-008 +4.739000002e+001 +4.739000002e+001 -4.9760e-001 +2.6296e+000
1797 0 +1.142612405e-008 +4.739000001e+001 +4.739000001e+001 -4.9760e-001 +2.6296e+000
1840 0 +6.763848148e-009 +4.739000001e+001 +4.739000001e+001 -4.9760e-001 +2.6296e+000
% f evaluations | g evaluations | best noise-free fitness - Fopt (-3.428900000000e+002) + sum g_i+ | measured fitness | best measured fitness or single-digit g-values | x1 | x2...
1 0 +8.644152376e+002 +5.215252376e+002 +5.215252376e+002 -2.4738e+000 +3.7405e+000
2 0 +4.512440296e+001 -2.977655970e+002 -2.977655970e+002 +1.4044e+000 -1.4428e+000
23 0 +4.007739180e+000 -3.388822608e+002 -3.388822608e+002 +2.7080e+000 -2.3359e+000
78 0 +2.837897569e+000 -3.400521024e+002 -3.400521024e+002 +1.7706e+000 -3.6160e+000
130 0 +2.456531613e+000 -3.404334684e+002 -3.404334684e+002 +9.9299e-001 -4.8426e+000
170 0 +1.350314677e+000 -3.415396853e+002 -3.415396853e+002 +1.9324e+000 -3.3013e+000
174 0 +6.026071648e-001 -3.422873928e+002 -3.422873928e+002 +2.2446e+000 -2.7417e+000
203 0 +4.861572262e-001 -3.424038428e+002 -3.424038428e+002 +2.3875e+000 -2.5776e+000
277 0 +3.781082930e-001 -3.425118917e+002 -3.425118917e+002 +2.2941e+000 -2.6982e+000
323 0 +1.255698543e-001 -3.427644301e+002 -3.427644301e+002 +2.2252e+000 -2.8044e+000
424 0 +1.153807315e-001 -3.427746193e+002 -3.427746193e+002 +2.2739e+000 -2.7326e+000
473 0 +6.244032902e-002 -3.428275597e+002 -3.428275597e+002 +2.2733e+000 -2.7328e+000
484 0 +4.295499179e-002 -3.428470450e+002 -3.428470450e+002 +2.2683e+000 -2.7398e+000
513 0 +3.653594671e-002 -3.428534641e+002 -3.428534641e+002 +2.2709e+000 -2.7358e+000
524 0 +3.433986849e-002 -3.428556601e+002 -3.428556601e+002 +2.2700e+000 -2.7372e+000
558 0 +3.259605308e-002 -3.428574039e+002 -3.428574039e+002 +2.2538e+000 -2.7573e+000
575 0 +1.343827188e-002 -3.428765617e+002 -3.428765617e+002 +2.2467e+000 -2.7665e+000
588 0 +4.676606383e-003 -3.428853234e+002 -3.428853234e+002 +2.2441e+000 -2.7704e+000
744 0 +4.129375531e-003 -3.428858706e+002 -3.428858706e+002 +2.2449e+000 -2.7691e+000
768 0 +3.441600641e-003 -3.428865584e+002 -3.428865584e+002 +2.2429e+000 -2.7723e+000
948 0 +3.040779635e-003 -3.428869592e+002 -3.428869592e+002 +2.2446e+000 -2.7693e+000
985 0 +2.482786076e-004 -3.428897517e+002 -3.428897517e+002 +2.2439e+000 -2.7706e+000
1174 0 +2.348131534e-004 -3.428897652e+002 -3.428897652e+002 +2.2441e+000 -2.7702e+000
1218 0 +2.299798759e-004 -3.428897700e+002 -3.428897700e+002 +2.2440e+000 -2.7704e+000
1249 0 +3.776602432e-005 -3.428899622e+002 -3.428899622e+002 +2.2440e+000 -2.7704e+000
1334 0 +3.120736721e-005 -3.428899688e+002 -3.428899688e+002 +2.2440e+000 -2.7704e+000
1401 0 +3.051567546e-005 -3.428899695e+002 -3.428899695e+002 +2.2440e+000 -2.7704e+000
1417 0 +2.694620684e-005 -3.428899731e+002 -3.428899731e+002 +2.2440e+000 -2.7704e+000
1449 0 +8.581426414e-007 -3.428899991e+002 -3.428899991e+002 +2.2440e+000 -2.7704e+000
1580 0 +7.133009490e-007 -3.428899993e+002 -3.428899993e+002 +2.2440e+000 -2.7704e+000
1712 0 +6.396790582e-007 -3.428899994e+002 -3.428899994e+002 +2.2440e+000 -2.7704e+000
1735 0 +6.301296480e-007 -3.428899994e+002 -3.428899994e+002 +2.2440e+000 -2.7704e+000
1772 0 +5.716771057e-007 -3.428899994e+002 -3.428899994e+002 +2.2440e+000 -2.7704e+000
1791 0 +5.376174386e-007 -3.428899995e+002 -3.428899995e+002 +2.2440e+000 -2.7704e+000
1822 0 +4.963612241e-007 -3.428899995e+002 -3.428899995e+002 +2.2440e+000 -2.7704e+000
1837 0 +3.766110694e-007 -3.428899996e+002 -3.428899996e+002 +2.2440e+000 -2.7704e+000
1888 0 +2.866984801e-007 -3.428899997e+002 -3.428899997e+002 +2.2440e+000 -2.7704e+000
1936 0 +9.453736993e-008 -3.428899999e+002 -3.428899999e+002 +2.2440e+000 -2.7704e+000
2009 0 +2.344819450e-008 -3.428900000e+002 -3.428900000e+002 +2.2440e+000 -2.7704e+000
2083 0 +9.038103599e-009 -3.428900000e+002 -3.428900000e+002 +2.2440e+000 -2.7704e+000
% f evaluations | g evaluations | best noise-free fitness - Fopt (9.102000000000e+001) + sum g_i+ | measured fitness | best measured fitness or single-digit g-values | x1 | x2...
1 0 +2.482583298e+002 +3.392783298e+002 +3.392783298e+002 +2.2313e+000 +4.7809e+000
2 0 +3.552353697e+001 +1.265435370e+002 +1.265435370e+002 +4.8895e+000 +1.7559e+000
18 0 +1.158331097e+001 +1.026033110e+002 +1.026033110e+002 +1.0616e+000 -4.3812e-001
34 0 +5.786786354e+000 +9.680678635e+001 +9.680678635e+001 +2.0812e-001 -8.5082e-001
65 0 +5.069497707e+000 +9.608949771e+001 +9.608949771e+001 +1.9436e+000 -2.3401e-001
91 0 +3.132732638e+000 +9.415273264e+001 +9.415273264e+001 -1.0878e+000 -1.7178e+000
117 0 +1.057696234e+000 +9.207769623e+001 +9.207769623e+001 +6.3304e-002 -1.0528e+000
122 0 +5.719361865e-001 +9.159193619e+001 +9.159193619e+001 +3.2743e-001 -9.5390e-001
175 0 +5.367849876e-001 +9.155678499e+001 +9.155678499e+001 +9.8890e-001 -6.7091e-001
234 0 +2.776099749e-001 +9.129760997e+001 +9.129760997e+001 +5.3982e-001 -8.8107e-001
274 0 +2.431407161e-001 +9.126314072e+001 +9.126314072e+001 +3.5318e-001 -9.5341e-001
298 0 +2.213323751e-001 +9.124133238e+001 +9.124133238e+001 +7.1127e-001 -8.0524e-001
351 0 +1.578399075e-001 +9.117783991e+001 +9.117783991e+001 +3.9419e-001 -9.4590e-001
353 0 +1.140615917e-001 +9.113406159e+001 +9.113406159e+001 +5.8717e-001 -8.6106e-001
369 0 +9.790101102e-002 +9.111790101e+001 +9.111790101e+001 +5.9367e-001 -8.5697e-001
439 0 +3.258822978e-002 +9.105258823e+001 +9.105258823e+001 +5.4122e-001 -8.8409e-001
456 0 +3.232947399e-002 +9.105232947e+001 +9.105232947e+001 +5.4921e-001 -8.7890e-001
509 0 +2.778431218e-002 +9.104778431e+001 +9.104778431e+001 +5.4922e-001 -8.8043e-001
552 0 +2.323938656e-002 +9.104323939e+001 +9.104323939e+001 +5.5030e-001 -8.7999e-001
553 0 +1.737841716e-002 +9.103737842e+001 +9.103737842e+001 +5.5236e-001 -8.7908e-001
573 0 +7.238931835e-003 +9.102723893e+001 +9.102723893e+001 +5.6391e-001 -8.7375e-001
677 0 +3.808736227e-003 +9.102380874e+001 +9.102380874e+001 +5.6243e-001 -8.7448e-001
715 0 +3.057427984e-003 +9.102305743e+001 +9.102305743e+001 +5.6031e-001 -8.7538e-001
718 0 +1.497528691e-003 +9.102149753e+001 +9.102149753e+001 +5.6137e-001 -8.7487e-001
798 0 +9.949242400e-004 +9.102099492e+001 +9.102099492e+001 +5.6161e-001 -8.7477e-001
865 0 +8.917129833e-004 +9.102089171e+001 +9.102089171e+001 +5.6227e-001 -8.7445e-001
924 0 +8.458550490e-004 +9.102084586e+001 +9.102084586e+001 +5.6258e-001 -8.7431e-001
926 0 +5.164101759e-004 +9.102051641e+001 +9.102051641e+001 +5.6268e-001 -8.7427e-001
932 0 +3.608368623e-004 +9.102036084e+001 +9.102036084e+001 +5.6255e-001 -8.7433e-001
941 0 +2.402287654e-004 +9.102024023e+001 +9.102024023e+001 +5.6254e-001 -8.7433e-001
1045 0 +2.340513020e-004 +9.102023405e+001 +9.102023405e+001 +5.6256e-001 -8.7433e-001
1050 0 +1.690659280e-004 +9.102016907e+001 +9.102016907e+001 +5.6245e-001 -8.7437e-001
1109 0 +2.911366995e-005 +9.102002911e+001 +9.102002911e+001 +5.6238e-001 -8.7441e-001
1113 0 +2.878132004e-005 +9.102002878e+001 +9.102002878e+001 +5.6242e-001 -8.7439e-001
1255 0 +1.164567085e-005 +9.102001165e+001 +9.102001165e+001 +5.6240e-001 -8.7440e-001
1267 0 +9.186939380e-006 +9.102000919e+001 +9.102000919e+001 +5.6240e-001 -8.7440e-001
1370 0 +2.765824732e-006 +9.102000277e+001 +9.102000277e+001 +5.6240e-001 -8.7440e-001
1404 0 +2.397519410e-006 +9.102000240e+001 +9.102000240e+001 +5.6240e-001 -8.7440e-001
1414 0 +1.317010216e-006 +9.102000132e+001 +9.102000132e+001 +5.6240e-001 -8.7440e-001
1436 0 +1.266315593e-006 +9.102000127e+001 +9.102000127e+001 +5.6240e-001 -8.7440e-001
1441 0 +6.169127715e-007 +9.102000062e+001 +9.102000062e+001 +5.6240e-001 -8.7440e-001
1454 0 +3.246033202e-007 +9.102000032e+001 +9.102000032e+001 +5.6240e-001 -8.7440e-001
1455 0 +2.347211847e-007 +9.102000023e+001 +9.102000023e+001 +5.6240e-001 -8.7440e-001
1471 0 +1.759557051e-007 +9.102000018e+001 +9.102000018e+001 +5.6240e-001 -8.7440e-001
1482 0 +1.586752916e-007 +9.102000016e+001 +9.102000016e+001 +5.6240e-001 -8.7440e-001
1624 0 +1.388447401e-007 +9.102000014e+001 +9.102000014e+001 +5.6240e-001 -8.7440e-001
1627 0 +8.423846509e-008 +9.102000008e+001 +9.102000008e+001 +5.6240e-001 -8.7440e-001
1681 0 +4.762316053e-008 +9.102000005e+001 +9.102000005e+001 +5.6240e-001 -8.7440e-001
1741 0 +4.267477038e-009 +9.102000000e+001 +9.102000000e+001 +5.6240e-001 -8.7440e-001
% f evaluations | g evaluations | best noise-free fitness - Fopt (7.324200000000e+002) + sum g_i+ | measured fitness | best measured fitness or single-digit g-values | x1 | x2...
1 0 +4.074661455e+001 +7.731666145e+002 +7.731666145e+002 -4.6063e+000 -1.9310e+000
11 0 +6.413935304e+000 +7.388339353e+002 +7.388339353e+002 -3.8491e+000 -1.1997e+000
41 0 +2.476583506e+000 +7.348965835e+002 +7.348965835e+002 -4.3781e+000 -6.3883e-001
151 0 +1.848599068e+000 +7.342685991e+002 +7.342685991e+002 -3.9908e+000 -1.0587e+000
164 0 +1.685068416e+000 +7.341050684e+002 +7.341050684e+002 -2.8832e+000 -2.2114e+000
206 0 +1.050539359e+000 +7.334705394e+002 +7.334705394e+002 -2.9926e+000 -2.1319e+000
292 0 +9.141646663e-001 +7.333341647e+002 +7.333341647e+002 -3.0164e+000 -2.1140e+000
343 0 +7.546942439e-001 +7.331746942e+002 +7.331746942e+002 -3.2370e+000 -1.8596e+000
347 0 +4.598733760e-001 +7.328798734e+002 +7.328798734e+002 -2.7025e+000 -2.4508e+000
387 0 +2.763906822e-001 +7.326963907e+002 +7.326963907e+002 -2.7032e+000 -2.4490e+000
420 0 +2.474915679e-001 +7.326674916e+002 +7.326674916e+002 -2.8803e+000 -2.2375e+000
424 0 +1.573455941e-001 +7.325773456e+002 +7.325773456e+002 -2.8100e+000 -2.3014e+000
437 0 +7.030136251e-002 +7.324903014e+002 +7.324903014e+002 -2.7357e+000 -2.3902e+000
496 0 +6.576091141e-002 +7.324857609e+002 +7.324857609e+002 -2.7245e+000 -2.4020e+000
570 0 +3.196865825e-002 +7.324519687e+002 +7.324519687e+002 -2.7256e+000 -2.3993e+000
650 0 +1.947196045e-002 +7.324394720e+002 +7.324394720e+002 -2.7364e+000 -2.3867e+000
677 0 +1.736356074e-002 +7.324373636e+002 +7.324373636e+002 -2.7437e+000 -2.3782e+000
696 0 +7.735853650e-003 +7.324277359e+002 +7.324277359e+002 -2.7391e+000 -2.3829e+000
796 0 +3.669022699e-003 +7.324236690e+002 +7.324236690e+002 -2.7401e+000 -2.3813e+000
812 0 +1.126134459e-003 +7.324211261e+002 +7.324211261e+002 -2.7394e+000 -2.3822e+000
916 0 +9.837014519e-004 +7.324209837e+002 +7.324209837e+002 -2.7386e+000 -2.3832e+000
959 0 +5.269837945e-004 +7.324205270e+002 +7.324205270e+002 -2.7390e+000 -2.3826e+000
1092 0 +2.800949649e-004 +7.324202801e+002 +7.324202801e+002 -2.7391e+000 -2.3825e+000
1094 0 +2.305306867e-004 +7.324202305e+002 +7.324202305e+002 -2.7393e+000 -2.3823e+000
1135 0 +1.319190563e-004 +7.324201319e+002 +7.324201319e+002 -2.7392e+000 -2.3824e+000
1204 0 +4.620974926e-005 +7.324200462e+002 +7.324200462e+002 -2.7392e+000 -2.3824e+000
1280 0 +2.909959073e-005 +7.324200291e+002 +7.324200291e+002 -2.7392e+000 -2.3824e+000
1427 0 +2.877788825e-005 +7.324200288e+002 +7.324200288e+002 -2.7392e+000 -2.3824e+000
1473 0 +2.748109216e-005 +7.324200275e+002 +7.324200275e+002 -2.7392e+000 -2.3824e+000
1487 0 +3.902726917e-006 +7.324200039e+002 +7.324200039e+002 -2.7392e+000 -2.3824e+000
1530 0 +1.620214334e-006 +7.324200016e+002 +7.324200016e+002 -2.7392e+000 -2.3824e+000
1613 0 +6.318293799e-007 +7.324200006e+002 +7.324200006e+002 -2.7392e+000 -2.3824e+000
1668 0 +5.251644097e-007 +7.324200005e+002 +7.324200005e+002 -2.7392e+000 -2.3824e+000
1671 0 +4.275490255e-007 +7.324200004e+002 +7.324200004e+002 -2.7392e+000 -2.3824e+000
1681 0 +2.081636694e-007 +7.324200002e+002 +7.324200002e+002 -2.7392e+000 -2.3824e+000
1765 0 +7.377821021e-009 +7.324200000e+002 +7.324200000e+002 -2.7392e+000 -2.3824e+000
% f evaluations | g evaluations | best noise-free fitness - Fopt (3.542000000000e+001) + sum g_i+ | measured fitness | best measured fitness or single-digit g-values | x1 | x2...
1 0 +4.835059673e+002 +5.189259673e+002 +5.189259673e+002 +1.2744e+000 +1.7805e+000
2 0 +2.686263761e+002 +3.040463761e+002 +3.040463761e+002 +2.5833e+000 -2.1871e-002
6 0 +1.160742184e+002 +1.514942184e+002 +1.514942184e+002 -5.0000e+000 -5.0000e+000
14 0 +9.771196829e+000 +4.519119683e+001 +4.519119683e+001 -1.8657e+000 -4.7099e+000
41 0 +5.524699006e+000 +4.094469901e+001 +4.094469901e+001 +1.2281e+000 -3.2392e+000
93 0 +3.573961341e+000 +3.899396134e+001 +3.899396134e+001 +2.4143e+000 -2.8112e+000
104 0 +2.702141505e+000 +3.812214151e+001 +3.812214151e+001 +2.4574e+000 -2.8869e+000
126 0 +1.050419073e+000 +3.647041907e+001 +3.647041907e+001 +3.1257e+000 -2.5674e+000
225 0 +8.739049600e-001 +3.629390496e+001 +3.629390496e+001 +3.4321e+000 -2.4533e+000
231 0 +8.477329988e-001 +3.626773300e+001 +3.626773300e+001 +3.6055e+000 -2.3987e+000
304 0 +2.342217773e-001 +3.565422178e+001 +3.565422178e+001 +3.5501e+000 -2.4081e+000
358 0 +7.779686950e-002 +3.549779687e+001 +3.549779687e+001 +3.7569e+000 -2.3218e+000
470 0 +6.060357316e-002 +3.548060357e+001 +3.548060357e+001 +3.6948e+000 -2.3467e+000
507 0 +1.683503096e-002 +3.543683503e+001 +3.543683503e+001 +3.6725e+000 -2.3540e+000
513 0 +1.653432051e-002 +3.543653432e+001 +3.543653432e+001 +3.7051e+000 -2.3410e+000
646 0 +1.073138959e-002 +3.543073139e+001 +3.543073139e+001 +3.6795e+000 -2.3510e+000
651 0 +8.718944036e-003 +3.542871894e+001 +3.542871894e+001 +3.6849e+000 -2.3489e+000
717 0 +7.860170416e-003 +3.542786017e+001 +3.542786017e+001 +3.6889e+000 -2.3468e+000
731 0 +3.429102678e-003 +3.542342910e+001 +3.542342910e+001 +3.6839e+000 -2.3491e+000
785 0 +3.220260598e-003 +3.542322026e+001 +3.542322026e+001 +3.6838e+000 -2.3491e+000
866 0 +1.599004144e-003 +3.542159900e+001 +3.542159900e+001 +3.6874e+000 -2.3476e+000
892 0 +1.000233157e-003 +3.542100023e+001 +3.542100023e+001 +3.6874e+000 -2.3476e+000
914 0 +2.295017338e-004 +3.542022950e+001 +3.542022950e+001 +3.6866e+000 -2.3479e+000
1053 0 +6.741857436e-005 +3.542006742e+001 +3.542006742e+001 +3.6864e+000 -2.3480e+000
1168 0 +3.494494469e-005 +3.542003494e+001 +3.542003494e+001 +3.6864e+000 -2.3480e+000
1202 0 +3.135807501e-005 +3.542003136e+001 +3.542003136e+001 +3.6864e+000 -2.3480e+000
1233 0 +3.002693888e-005 +3.542003003e+001 +3.542003003e+001 +3.6864e+000 -2.3480e+000
1243 0 +2.926549966e-005 +3.542002927e+001 +3.542002927e+001 +3.6864e+000 -2.3480e+000
1284 0 +2.850998879e-005 +3.542002851e+001 +3.542002851e+001 +3.6864e+000 -2.3480e+000
1332 0 +4.671260619e-006 +3.542000467e+001 +3.542000467e+001 +3.6864e+000 -2.3480e+000
1363 0 +3.218009077e-006 +3.542000322e+001 +3.542000322e+001 +3.6864e+000 -2.3480e+000
1381 0 +7.345528203e-007 +3.542000073e+001 +3.542000073e+001 +3.6864e+000 -2.3480e+000
1500 0 +6.301350126e-007 +3.542000063e+001 +3.542000063e+001 +3.6864e+000 -2.3480e+000
1567 0 +5.775049274e-007 +3.542000058e+001 +3.542000058e+001 +3.6864e+000 -2.3480e+000
1588 0 +4.688647479e-007 +3.542000047e+001 +3.542000047e+001 +3.6864e+000 -2.3480e+000
1590 0 +7.648830547e-008 +3.542000008e+001 +3.542000008e+001 +3.6864e+000 -2.3480e+000
1747 0 +3.874792043e-008 +3.542000004e+001 +3.542000004e+001 +3.6864e+000 -2.3480e+000
1789 0 +2.636595298e-008 +3.542000003e+001 +3.542000003e+001 +3.6864e+000 -2.3480e+000
1792 0 +1.911357117e-008 +3.542000002e+001 +3.542000002e+001 +3.6864e+000 -2.3480e+000
1799 0 +1.657654281e-008 +3.542000002e+001 +3.542000002e+001 +3.6864e+000 -2.3480e+000
1824 0 +8.684793329e-009 +3.542000001e+001 +3.542000001e+001 +3.6864e+000 -2.3480e+000
