% f evaluations | g evaluations | best noise-free fitness - Fopt (9.294000000000e+001) + sum g_i+ | measured fitness | best measured fitness or single-digit g-values | x1 | x2...
1 0 +1.477185340e+003 +1.570125340e+003 +1.570125340e+003 +1.9844e+000 +3.6806e+000 +3.7740e+000 -2.0728e+000 +2.0884e+000
2 0 +5.309833008e+002 +6.239233008e+002 +6.239233008e+002 +4.3844e+000 -3.2785e+000 -2.2252e+000 +3.6046e-001 +3.5881e+000
3 0 +4.435763210e+002 +5.365163210e+002 +5.365163210e+002 +1.7247e+000 -4.1800e-001 +3.2897e+000 -3.3129e+000 -1.9263e+000
4 0 +9.590858201e+001 +1.888485820e+002 +1.888485820e+002 -1.0775e+000 -1.1033e+000 -2.3074e+000 +2.2260e+000 +3.1272e+000
19 0 +7.150807383e+001 +1.644480738e+002 +1.644480738e+002 -2.8296e+000 +1.2188e+000 +1.2580e+000 +2.0355e+000 +2.3400e+000
20 0 +7.045628019e+001 +1.633962802e+002 +1.633962802e+002 -2.2670e-001 +6.6180e-001 -7.0139e-001 -1.6587e+000 +3.5427e-001
31 0 +5.751193798e+001 +1.504519380e+002 +1.504519380e+002 +1.0310e+000 -2.7658e-001 -3.3883e-001 +3.5016e+000 +4.3031e+000
70 0 +1.170489458e+001 +1.046448946e+002 +1.046448946e+002 -1.8331e+000 +2.4969e+000 -1.4021e-001 +2.3763e+000 +2.0259e+000
78 0 +1.132960897e+001 +1.042696090e+002 +1.042696090e+002 -4.3076e-001 +2.2859e+000 -6.1563e-002 +1.1402e+000 -5.9855e-001
100 0 +3.768881571e+000 +9.670888157e+001 +9.670888157e+001 -2.0650e-001 +8.9543e-001 -6.3272e-001 +9.6825e-002 -1.5107e-001
141 0 +6.999091152e-001 +9.363990912e+001 +9.363990912e+001 -2.7690e-001 +1.1576e+000 +2.3253e-001 +3.1220e+000 +2.2626e+000
391 0 +6.602019039e-001 +9.360020190e+001 +9.360020190e+001 -4.5709e-001 +6.0183e-001 -4.4818e-003 +2.3776e+000 +2.0646e+000
400 0 +5.129245573e-001 +9.345292456e+001 +9.345292456e+001 -8.1898e-002 +6.2654e-001 -7.3097e-002 +2.0139e+000 +1.3898e+000
450 0 +3.855993991e-001 +9.332559940e+001 +9.332559940e+001 -3.3727e-001 +4.8717e-001 +1.0126e-001 +2.8246e+000 +2.4890e+000
475 0 +6.131035054e-002 +9.300131035e+001 +9.300131035e+001 -1.9402e-001 +7.3633e-001 +2.8694e-001 +2.9432e+000 +2.2615e+000
856 0 +5.715885627e-002 +9.299715886e+001 +9.299715886e+001 -2.6858e-001 +7.3488e-001 +1.5082e-001 +2.8570e+000 +2.2595e+000
1047 0 +2.929331109e-002 +9.296929331e+001 +9.296929331e+001 -2.1238e-001 +7.0766e-001 +2.0836e-001 +3.0028e+000 +2.3588e+000
1057 0 +2.043119717e-002 +9.296043120e+001 +9.296043120e+001 -2.9253e-001 +6.6583e-001 +3.0375e-001 +3.1032e+000 +2.4775e+000
1294 0 +1.873082561e-002 +9.295873083e+001 +9.295873083e+001 -2.3234e-001 +8.0162e-001 +2.8875e-001 +3.1485e+000 +2.3908e+000
1295 0 +1.833652432e-002 +9.295833652e+001 +9.295833652e+001 -2.6296e-001 +7.3194e-001 +3.5183e-001 +3.3229e+000 +2.5743e+000
1334 0 +1.807553106e-002 +9.295807553e+001 +9.295807553e+001 -2.5643e-001 +7.2937e-001 +2.4502e-001 +3.0762e+000 +2.3880e+000
1473 0 +1.633719939e-002 +9.295633720e+001 +9.295633720e+001 -1.9399e-001 +7.5729e-001 +2.9962e-001 +3.1657e+000 +2.3848e+000
1635 0 +1.169007162e-002 +9.295169007e+001 +9.295169007e+001 -2.0736e-001 +7.1882e-001 +2.9282e-001 +3.1389e+000 +2.3933e+000
1664 0 +6.651383444e-008 +9.294000007e+001 +9.294000007e+001 -2.2228e-001 +7.1816e-001 +2.8476e-001 +3.1118e+000 +2.3985e+000
1792 0 +2.558849133e-008 +9.294000003e+001 +9.294000003e+001 -2.2576e-001 +7.4734e-001 +2.9024e-001 +3.1035e+000 +2.3801e+000
1857 0 +4.728207159e-009 +9.294000000e+001 +9.294000000e+001 -2.2252e-001 +7.1759e-001 +2.8209e-001 +3.1178e+000 +2.4156e+000
% f evaluations | g evaluations | best noise-free fitness - Fopt (3.535000000000e+001) + sum g_i+ | measured fitness | best measured fitness or single-digit g-values | x1 | x2...
1 0 +1.598421559e+001 +5.133421559e+001 +5.133421559e+001 -5.4065e-001 +2.4668e+000 +3.1563e+000 +1.5272e+000 -2.4720e+000
26 0 +1.553801744e+001 +5.088801744e+001 +5.088801744e+001 +3.8470e+000 +7.6214e-001 +4.3774e+000 +8.0444e-001 -2.0500e+000
59 0 +2.466411648e+000 +3.781641165e+001 +3.781641165e+001 +2.6058e+000 +1.3615e+000 +3.8772e+000 +1.6451e+000 -1.3175e+000
144 0 +1.277734125e+000 +3.662773413e+001 +3.662773413e+001 +2.1122e+000 +1.7259e+000 +3.9171e+000 +1.3864e+000 -1.6611e+000
333 0 +1.233460843e+000 +3.658346084e+001 +3.658346084e+001 +2.8878e+000 -6.8081e-001 +4.8633e+000 +1.1120e+000 -1.2876e+000
431 0 +4.894473270e-001 +3.583944733e+001 +3.583944733e+001 +1.7448e+000 +1.1812e+000 +3.9359e+000 +1.3140e+000 -1.9744e+000
442 0 +3.921538353e-001 +3.574215384e+001 +3.574215384e+001 +1.8959e+000 +1.4524e+000 +3.9575e+000 +1.6713e+000 -1.6547e+000
460 0 +2.930270236e-001 +3.564302702e+001 +3.564302702e+001 +1.8629e+000 +1.4325e+000 +3.9732e+000 +1.7092e+000 -1.6460e+000
541 0 +1.787190015e-001 +3.552871900e+001 +3.552871900e+001 +2.0875e+000 +9.3914e-001 +4.0681e+000 +1.4117e+000 -1.7845e+000
798 0 +1.371582242e-001 +3.548715822e+001 +3.548715822e+001 +1.9634e+000 +1.1857e+000 +4.1598e+000 +1.4074e+000 -1.8236e+000
815 0 +9.325892116e-002 +3.544325892e+001 +3.544325892e+001 +1.5669e+000 +1.8765e+000 +3.7736e+000 +1.5563e+000 -1.8984e+000
832 0 +7.433001361e-002 +3.542433001e+001 +3.542433001e+001 +1.8053e+000 +1.2807e+000 +4.0249e+000 +1.3646e+000 -1.8105e+000
938 0 +3.074102133e-002 +3.538074102e+001 +3.538074102e+001 +1.7838e+000 +1.4765e+000 +3.9563e+000 +1.5698e+000 -1.7816e+000
1123 0 +2.742181069e-002 +3.537742181e+001 +3.537742181e+001 +1.9013e+000 +1.3167e+000 +4.0316e+000 +1.4221e+000 -1.8155e+000
1148 0 +1.835452600e-002 +3.536835453e+001 +3.536835453e+001 +1.9143e+000 +1.2596e+000 +4.0916e+000 +1.4182e+000 -1.7993e+000
1189 0 +9.570523254e-003 +3.535957052e+001 +3.535957052e+001 +1.8244e+000 +1.4381e+000 +3.9985e+000 +1.4473e+000 -1.8438e+000
1533 0 +2.159280754e-007 +3.535000022e+001 +3.535000022e+001 +1.7382e+000 +1.5018e+000 +3.9683e+000 +1.4497e+000 -1.8654e+000
1538 0 +1.898684658e-007 +3.535000019e+001 +3.535000019e+001 +1.7441e+000 +1.5048e+000 +3.9701e+000 +1.4764e+000 -1.8519e+000
1705 0 +4.378793506e-008 +3.535000004e+001 +3.535000004e+001 +1.7654e+000 +1.4867e+000 +3.9669e+000 +1.4590e+000 -1.8522e+000
1989 0 +3.489837042e-008 +3.535000003e+001 +3.535000003e+001 +1.7666e+000 +1.4934e+000 +3.9844e+000 +1.4580e+000 -1.8616e+000
2142 0 +2.985824921e-008 +3.535000003e+001 +3.535000003e+001 +1.7533e+000 +1.4872e+000 +3.9689e+000 +1.4791e+000 -1.8350e+000
2204 0 +1.967877949e-008 +3.535000002e+001 +3.535000002e+001 +1.7545e+000 +1.4921e+000 +3.9666e+000 +1.4665e+000 -1.8327e+000
2213 0 +8.406949803e-009 +3.535000001e+001 +3.535000001e+001 +1.7477e+000 +1.4988e+000 +3.9729e+000 +1.4479e+000 -1.8331e+000
% f evaluations | g evaluations | best noise-free fitness - Fopt (3.820000000000e+000) + sum g_i+ | measured fitness | best measured fitness or single-digit g-values | x1 | x2...
1 0 +3.354313606e+003 +3.358133606e+003 +3.358133606e+003 -4.6961e+000 +3.3762e+000 -4.8986e+000 +4.4340e+000 +7.9452e-001
2 0 +2.605433330e+002 +2.643633330e+002 +2.643633330e+002 +2.8780e+000 +3.8478e+000 +1.4454e+000 +3.1685e+000 +4.3345e+000
17 0 +1.817483874e+002 +1.855683874e+002 +1.855683874e+002 +1.6294e+000 -1.6354e-001 +1.8121e+000 -6.3350e-001 +8.2105e-001
18 0 +7.096809813e+001 +7.478809813e+001 +7.478809813e+001 +3.2893e+000 +8.1156e-001 +3.6498e+000 +2.7525e+000 -3.0032e-001
27 0 +5.933193596e+001 +6.315193596e+001 +6.315193596e+001 +4.7361e+000 +4.7949e+000 -1.0375e+000 -6.2290e-001 -2.0756e+000
81 0 +3.272873779e+000 +7.092873779e+000 +7.092873779e+000 +4.0265e+000 +2.7344e+000 +3.4545e-001 -4.5816e+000 +6.8393e-001
119 0 +2.604205834e+000 +6.424205834e+000 +6.424205834e+000 +3.8203e+000 +1.1831e+000 +1.6485e+000 -1.6331e+000 +1.3004e-001
252 0 +2.362348054e+000 +6.182348054e+000 +6.182348054e+000 +3.6060e+000 +6.2538e-001 +2.3675e+000 -1.4661e+000 +1.7513e-001
265 0 +5.683292004e-001 +4.388329200e+000 +4.388329200e+000 +3.9205e+000 +1.4011e+000 +1.7064e+000 -1.9369e+000 +6.0857e-001
361 0 +2.501234834e-001 +4.070123483e+000 +4.070123483e+000 +3.8587e+000 +1.2609e+000 +1.8168e+000 -2.1850e+000 +6.4483e-001
706 0 +2.149981062e-001 +4.034998106e+000 +4.034998106e+000 +4.0106e+000 +8.8118e-001 +2.0572e+000 -2.6071e+000 +9.6286e-001
730 0 +1.035040285e-001 +3.923504029e+000 +3.923504029e+000 +3.9606e+000 +1.2066e+000 +1.8203e+000 -2.6507e+000 +8.0668e-001
738 0 +8.783969706e-002 +3.907839697e+000 +3.907839697e+000 +4.0000e+000 +1.1648e+000 +1.8757e+000 -2.8572e+000 +8.5357e-001
823 0 +8.529976053e-002 +3.905299761e+000 +3.905299761e+000 +3.9856e+000 +1.0994e+000 +2.0258e+000 -2.4851e+000 +9.9664e-001
909 0 +7.523582728e-002 +3.895235827e+000 +3.895235827e+000 +3.9623e+000 +1.0012e+000 +2.1188e+000 -2.4763e+000 +1.0281e+000
939 0 +6.192981622e-002 +3.881929816e+000 +3.881929816e+000 +4.0694e+000 +1.1188e+000 +1.8970e+000 -2.7172e+000 +8.9693e-001
1069 0 +4.559084871e-002 +3.865590849e+000 +3.865590849e+000 +4.0152e+000 +1.2050e+000 +1.8239e+000 -2.7775e+000 +8.2726e-001
1115 0 +2.359352220e-002 +3.843593522e+000 +3.843593522e+000 +4.0024e+000 +1.2634e+000 +1.7647e+000 -2.7765e+000 +8.4325e-001
1188 0 +2.170260669e-002 +3.841702607e+000 +3.841702607e+000 +3.9638e+000 +1.2639e+000 +1.8258e+000 -2.5454e+000 +8.4534e-001
1259 0 +2.842837024e-007 +3.820000284e+000 +3.820000284e+000 +3.9863e+000 +1.1749e+000 +1.8940e+000 -2.5269e+000 +8.7479e-001
1377 0 +6.949173015e-008 +3.820000069e+000 +3.820000069e+000 +3.9955e+000 +1.1662e+000 +1.8775e+000 -2.5676e+000 +8.6499e-001
1683 0 +4.255638109e-008 +3.820000043e+000 +3.820000043e+000 +3.9840e+000 +1.1581e+000 +1.8929e+000 -2.5908e+000 +8.8085e-001
1818 0 +5.413343995e-009 +3.820000005e+000 +3.820000005e+000 +3.9879e+000 +1.1719e+000 +1.8734e+000 -2.5698e+000 +8.6586e-001
% f evaluations | g evaluations | best noise-free fitness - Fopt (2.175000000000e+001) + sum g_i+ | measured fitness | best measured fitness or single-digit g-values | x1 | x2...
1 0 +5.816992267e+002 +6.034492267e+002 +6.034492267e+002 +4.3778e-001 -3.8856e+000 -4.2072e+000 -2.4304e+000 +3.2098e+000
2 0 +1.055229636e+002 +1.272729636e+002 +1.272729636e+002 -2.7342e+000 +2.8569e+000 +2.0417e+000 +2.3768e+000 -4.1242e+000
22 0 +5.369832698e+001 +7.544832698e+001 +7.544832698e+001 +5.0000e+000 -7.4963e-002 -3.3255e+000 +4.4784e-001 -2.1318e-003
23 0 +2.763137844e+001 +4.938137844e+001 +4.938137844e+001 +5.0000e+000 -5.9809e-001 -2.9344e+000 +8.4321e-001 +5.2589e-001
107 0 +9.289683639e+000 +3.103968364e+001 +3.103968364e+001 +5.0000e+000 +6.2056e-001 -2.4177e+000 +1.5487e+000 -5.1609e-001
232 0 +6.027913383e+000 +2.777791338e+001 +2.777791338e+001 +1.8353e+000 +1.7324e+000 +3.8567e-001 +4.7228e+000 -2.5688e+000
252 0 +2.794671881e+000 +2.454467188e+001 +2.454467188e+001 +3.6600e+000 +1.4333e+000 -8.2733e-001 +2.3507e+000 -1.9158e+000
275 0 +1.899117832e+000 +2.364911783e+001 +2.364911783e+001 +3.4512e+000 +8.9661e-001 -9.1140e-001 +3.0138e+000 -1.5799e+000
329 0 +1.857752096e+000 +2.360775210e+001 +2.360775210e+001 +2.4176e+000 +1.0118e+000 -4.5360e-001 +3.4816e+000 -2.4850e+000
442 0 +1.620904424e+000 +2.337090442e+001 +2.337090442e+001 +3.0880e+000 +1.2848e+000 -4.9426e-001 +3.0196e+000 -2.3194e+000
466 0 +6.779184338e-001 +2.242791843e+001 +2.242791843e+001 +3.6793e+000 +1.0003e+000 -9.1107e-001 +2.7009e+000 -1.6296e+000
516 0 +6.697074149e-001 +2.241970741e+001 +2.241970741e+001 +3.6318e+000 +1.0340e+000 -9.3343e-001 +2.7028e+000 -1.6312e+000
670 0 +5.833668910e-001 +2.233336689e+001 +2.233336689e+001 +3.6651e+000 +8.6082e-001 -9.0221e-001 +3.1687e+000 -1.5966e+000
687 0 +3.137130996e-001 +2.206371310e+001 +2.206371310e+001 +3.0518e+000 +8.3739e-001 -5.5124e-001 +3.4857e+000 -1.7649e+000
764 0 +2.887443660e-001 +2.203874437e+001 +2.203874437e+001 +3.6995e+000 +1.1464e+000 -1.0338e+000 +3.1824e+000 -1.8796e+000
783 0 +1.388629380e-001 +2.188886294e+001 +2.188886294e+001 +3.8884e+000 +9.8696e-001 -1.1687e+000 +2.8271e+000 -1.7998e+000
849 0 +8.161195914e-002 +2.183161196e+001 +2.183161196e+001 +3.6444e+000 +9.5549e-001 -9.8332e-001 +3.0280e+000 -1.7576e+000
970 0 +6.858900638e-002 +2.181858901e+001 +2.181858901e+001 +3.7196e+000 +7.5543e-001 -1.0797e+000 +3.1142e+000 -1.5966e+000
1026 0 +2.892901476e-002 +2.177892901e+001 +2.177892901e+001 +3.8828e+000 +8.3382e-001 -1.1673e+000 +3.0340e+000 -1.6109e+000
1061 0 +2.227063767e-002 +2.177227064e+001 +2.177227064e+001 +3.9160e+000 +8.3195e-001 -1.2150e+000 +2.9635e+000 -1.5888e+000
1171 0 +1.954689046e-002 +2.176954689e+001 +2.176954689e+001 +3.8050e+000 +8.9939e-001 -1.1220e+000 +3.0305e+000 -1.6295e+000
1261 0 +1.309866675e-002 +2.176309867e+001 +2.176309867e+001 +3.8608e+000 +8.8942e-001 -1.1632e+000 +3.0084e+000 -1.6677e+000
1490 0 +3.287162904e-003 +2.175328716e+001 +2.175328716e+001 +3.8144e+000 +9.0065e-001 -1.1345e+000 +3.0425e+000 -1.6741e+000
1544 0 +1.553495110e-008 +2.175000002e+001 +2.175000002e+001 +3.7923e+000 +8.9775e-001 -1.1261e+000 +3.0611e+000 -1.6636e+000
2126 0 +1.156550766e-008 +2.175000001e+001 +2.175000001e+001 +3.7853e+000 +8.9654e-001 -1.1181e+000 +3.0844e+000 -1.6679e+000
2167 0 +3.595062026e-010 +2.175000000e+001 +2.175000000e+001 +3.7601e+000 +8.9109e-001 -1.0980e+000 +3.1032e+000 -1.6698e+000
% f evaluations | g evaluations | best noise-free fitness - Fopt (6.479000000000e+001) + sum g_i+ | measured fitness | best measured fitness or single-digit g-values | x1 | x2...
1 0 +4.541084165e+002 +5.188984165e+002 +5.188984165e+002 -1.6605e-001 +1.9481e+000 +1.2649e+000 -1.9412e+000 -4.3144e+000
4 0 +9.334747051e+001 +1.581374705e+002 +1.581374705e+002 +4.7263e+000 +6.0796e-001 -8.2263e-001 +2.4205e+000 -1.8106e+000
13 0 +7.728630795e+001 +1.420763080e+002 +1.420763080e+002 +1.9643e+000 +2.1253e+000 +2.4137e+000 +2.8435e+000 +6.2028e-002
20 0 +6.610867386e+001 +1.308986739e+002 +1.308986739e+002 +2.8646e+000 +2.5718e+000 +8.9864e-001 +3.3106e+000 -4.7951e+000
23 0 +6.851803780e+000 +7.164180378e+001 +7.164180378e+001 +8.0705e-002 +9.6848e-002 +4.9191e-001 +2.2166e+000 -1.3226e+000
119 0 +2.289824072e+000 +6.707982407e+001 +6.707982407e+001 +1.9510e-001 -7.3243e-001 -3.6796e-001 +1.6679e+000 -2.3781e-001
142 0 +1.428520181e+000 +6.621852018e+001 +6.621852018e+001 -6.3866e-001 -1.1826e+000 -2.4606e-001 +1.7775e+000 -6.1978e-001
163 0 +1.312952975e+000 +6.610295297e+001 +6.610295297e+001 -2.7688e-001 -1.1778e+000 -5.0293e-001 +1.5900e+000 -5.3162e-002
313 0 +1.185092440e+000 +6.597509244e+001 +6.597509244e+001 -2.6278e-001 -1.0191e+000 -3.7203e-001 +1.5879e+000 -1.6897e-001
401 0 +9.015980730e-001 +6.569159807e+001 +6.569159807e+001 -1.9273e+000 -2.7864e+000 -6.9989e-001 +1.2626e+000 +3.7704e-001
485 0 +5.610120399e-001 +6.535101204e+001 +6.535101204e+001 -8.8804e-001 -1.7006e+000 -3.0262e-001 +1.2946e+000 +2.6409e-001
506 0 +4.065498654e-001 +6.519654987e+001 +6.519654987e+001 -1.2032e+000 -1.8188e+000 -3.1623e-001 +1.2318e+000 +1.2059e-001
636 0 +3.750190293e-001 +6.516501903e+001 +6.516501903e+001 -7.0253e-001 -1.8859e+000 -4.6617e-001 +1.3679e+000 +2.3321e-001
790 0 +2.222303408e-001 +6.501223034e+001 +6.501223034e+001 -1.5061e+000 -2.0616e+000 -4.4411e-001 +1.3452e+000 -9.6690e-002
846 0 +2.090484436e-001 +6.499904844e+001 +6.499904844e+001 -1.5814e+000 -1.8306e+000 -6.8441e-002 +1.5399e+000 -5.0557e-001
847 0 +1.643907676e-001 +6.495439077e+001 +6.495439077e+001 -1.5644e+000 -2.0756e+000 -2.2221e-001 +1.3567e+000 +5.6388e-002
909 0 +1.032132262e-001 +6.489321323e+001 +6.489321323e+001 -2.1169e+000 -2.3835e+000 -1.9487e-001 +1.2925e+000 -2.1070e-001
946 0 +7.335425537e-002 +6.486335426e+001 +6.486335426e+001 -1.5752e+000 -1.8668e+000 -1.2123e-001 +1.4867e+000 -2.9004e-001
970 0 +6.796300717e-002 +6.485796301e+001 +6.485796301e+001 -1.7666e+000 -1.9785e+000 -1.0342e-001 +1.3615e+000 -3.2008e-001
1004 0 +3.745722008e-002 +6.482745722e+001 +6.482745722e+001 -1.5423e+000 -2.0165e+000 -2.5274e-001 +1.3943e+000 -1.3143e-001
1100 0 +3.603849284e-002 +6.482603849e+001 +6.482603849e+001 -1.9127e+000 -2.1437e+000 -1.3574e-001 +1.4005e+000 -2.7848e-001
1104 0 +8.150472819e-003 +6.479815047e+001 +6.479815047e+001 -1.9295e+000 -2.1577e+000 -1.0273e-001 +1.3937e+000 -2.6758e-001
1289 0 +3.529944994e-003 +6.479352994e+001 +6.479352994e+001 -1.7345e+000 -2.0278e+000 -1.4108e-001 +1.3738e+000 -2.1180e-001
1488 0 +3.051302286e-007 +6.479000031e+001 +6.479000031e+001 -1.8363e+000 -2.1229e+000 -1.2493e-001 +1.4079e+000 -2.4180e-001
1521 0 +9.190937078e-008 +6.479000009e+001 +6.479000009e+001 -1.8725e+000 -2.0793e+000 -9.8476e-002 +1.3862e+000 -2.7755e-001
1575 0 +5.783192591e-009 +6.479000001e+001 +6.479000001e+001 -1.8641e+000 -2.0880e+000 -1.0472e-001 +1.3880e+000 -2.6711e-001
% f evaluations | g evaluations | best noise-free fitness - Fopt (-1.000000000000e+003) + sum g_i+ | measured fitness | best measured fitness or single-digit g-values | x1 | x2...
1 0 +1.207914812e+002 -8.792085188e+002 -8.792085188e+002 +2.7826e+000 +3.3995e+000 +1.2725e-001 -2.8367e+000 -4.5110e+000
22 0 +2.658877430e+001 -9.734112257e+002 -9.734112257e+002 -5.3262e-001 +1.7017e+000 +1.1919e-001 -5.3555e-001 -1.9384e+000
52 0 +1.761238671e+001 -9.823876133e+002 -9.823876133e+002 +3.5895e-001 +1.0565e+000 -4.0801e-002 -4.9666e-001 -4.3749e+000
67 0 +9.441406509e+000 -9.905585935e+002 -9.905585935e+002 -3.8420e+000 +1.6168e+000 -2.2361e+000 -5.2308e-001 -1.1444e+000
115 0 +1.431146470e+000 -9.985688535e+002 -9.985688535e+002 -2.6878e+000 -7.8155e-001 -1.3553e+000 -7.6612e-001 -3.9433e+000
171 0 +2.751696736e-001 -9.997248303e+002 -9.997248303e+002 -3.6485e+000 -1.5409e+000 -2.0504e+000 -2.8608e-001 -3.0479e+000
313 0 +2.454100050e-001 -9.997545900e+002 -9.997545900e+002 -3.2477e+000 -5.3059e-001 -1.7194e+000 -4.5433e-001 -3.2647e+000
468 0 +2.023343976e-001 -9.997976656e+002 -9.997976656e+002 -3.5248e+000 -1.2785e+000 -1.9531e+000 -4.1519e-001 -3.2220e+000
702 0 +1.709357221e-001 -9.998290643e+002 -9.998290643e+002 -3.7955e+000 -9.8912e-001 -2.1249e+000 -4.1802e-001 -3.0384e+000
745 0 +1.077985024e-001 -9.998922015e+002 -9.998922015e+002 -3.5935e+000 -1.0158e+000 -2.0194e+000 -4.1281e-001 -3.1171e+000
796 0 +5.458873219e-002 -9.999454113e+002 -9.999454113e+002 -3.5805e+000 -1.0205e+000 -1.9849e+000 -3.1989e-001 -3.1077e+000
823 0 +1.431392512e-002 -9.999856861e+002 -9.999856861e+002 -3.7885e+000 -1.1610e+000 -2.0726e+000 -3.3784e-001 -3.1020e+000
861 0 +1.283198514e-002 -9.999871680e+002 -9.999871680e+002 -3.8379e+000 -1.3426e+000 -2.1206e+000 -3.1201e-001 -3.0555e+000
1066 0 +1.215462119e-002 -9.999878454e+002 -9.999878454e+002 -3.8758e+000 -1.3507e+000 -2.1485e+000 -2.8802e-001 -3.0761e+000
1069 0 +3.600632681e-007 -9.999999996e+002 -9.999999996e+002 -3.9388e+000 -1.2729e+000 -2.1784e+000 -3.1415e-001 -3.0504e+000
1338 0 +2.162264536e-007 -9.999999998e+002 -9.999999998e+002 -3.8563e+000 -1.3153e+000 -2.1555e+000 -2.9554e-001 -3.0417e+000
1434 0 +6.606990155e-008 -9.999999999e+002 -9.999999999e+002 -3.8931e+000 -1.2888e+000 -2.1473e+000 -2.9092e-001 -3.0327e+000
1526 0 +6.172945177e-008 -9.999999999e+002 -9.999999999e+002 -3.8867e+000 -1.3233e+000 -2.1600e+000 -3.0587e-001 -3.0629e+000
1545 0 +1.130388227e-009 -1.000000000e+003 -1.000000000e+003 -3.8986e+000 -1.2904e+000 -2.1529e+000 -3.0657e-001 -3.0465e+000
% f evaluations | g evaluations | best noise-free fitness - Fopt (1.640700000000e+002) + sum g_i+ | measured fitness | best measured fitness or single-digit g-values | x1 | x2...
1 0 +2.133293310e+002 +3.773993310e+002 +3.773993310e+002 -4.6220e+000 -4.7781e+000 +4.9270e+000 -4.9928e+000 -6.5107e-001
3 0 +1.290913652e+002 +2.931613652e+002 +2.931613652e+002 -8.1663e-001 +4.3820e-001 -3.3097e+000 -2.5027e+000 -1.6351e+000
20 0 +1.219132215e+002 +2.859832215e+002 +2.859832215e+002 +2.8076e+000 -2.5808e-001 +1.3124e+000 -1.3168e+000 -3.8819e+000
29 0 +1.128871943e+002 +2.769571943e+002 +2.769571943e+002 -3.8817e+000 +3.1244e+000 -4.4934e+000 -1.8236e+000 +1.2980e+000
39 0 +7.027877353e+001 +2.343487735e+002 +2.343487735e+002 +2.1058e+000 +7.8924e-001 -1.7177e+000 +1.2508e+000 -2.3629e+000
55 0 +1.046818316e+001 +1.745381832e+002 +1.745381832e+002 -2.5101e+000 +5.0000e+000 -4.2812e+000 -3.6215e+000 -3.7959e+000
60 0 +1.038187600e+000 +1.651081876e+002 +1.651081876e+002 -1.3782e+000 +4.3169e+000 -2.8902e+000 -2.2515e+000 -2.2980e+000
397 0 +2.101138910e-001 +1.642801139e+002 +1.642801139e+002 -2.1330e+000 +4.0663e+000 -2.6760e+000 -3.2248e+000 -2.6625e+000
423 0 +1.703115377e-001 +1.642403115e+002 +1.642403115e+002 -2.3526e+000 +3.9803e+000 -2.5863e+000 -3.3285e+000 -2.4165e+000
841 0 +6.690288316e-002 +1.641369029e+002 +1.641369029e+002 -2.2876e+000 +4.1722e+000 -2.7883e+000 -3.1894e+000 -2.4824e+000
1034 0 +2.732135914e-002 +1.640973214e+002 +1.640973214e+002 -2.3041e+000 +3.8671e+000 -2.6450e+000 -3.2492e+000 -2.4057e+000
1082 0 +1.525638022e-002 +1.640852564e+002 +1.640852564e+002 -2.1897e+000 +3.9970e+000 -2.7025e+000 -3.1140e+000 -2.4417e+000
1206 0 +8.882247471e-008 +1.640700001e+002 +1.640700001e+002 -2.1604e+000 +3.9539e+000 -2.6852e+000 -3.1174e+000 -2.4365e+000
1508 0 +4.243958074e-008 +1.640700000e+002 +1.640700000e+002 -2.1659e+000 +3.9620e+000 -2.6815e+000 -3.1171e+000 -2.4416e+000
1754 0 +1.563989827e-008 +1.640700000e+002 +1.640700000e+002 -2.1618e+000 +3.9710e+000 -2.6750e+000 -3.1082e+000 -2.4215e+000
1859 0 +5.807635262e-009 +1.640700000e+002 +1.640700000e+002 -2.1557e+000 +3.9349e+000 -2.6545e+000 -3.1271e+000 -2.4203e+000
% f evaluations | g evaluations | best noise-free fitness - Fopt (-1.656800000000e+002) + sum g_i+ | measured fitness | best measured fitness or single-digit g-values | x1 | x2...
1 0 +7.486841927e+002 +5.830041927e+002 +5.830041927e+002 +1.5225e+000 -3.1278e+000 -3.7155e+000 -1.1553e-002 +1.6890e+000
3 0 +5.597177457e+002 +3.940377457e+002 +3.940377457e+002 -9.2916e-001 +7.6607e-001 +4.3213e+000 -1.2249e+000 -2.8735e+000
4 0 +2.790641967e+002 +1.133841967e+002 +1.133841967e+002 -4.9340e+000 +3.9762e+000 -4.7987e+000 -2.0819e+000 +4.1823e+000
13 0 +3.698790463e+001 -1.286920954e+002 -1.286920954e+002 -3.3195e-001 -8.1888e-001 +4.0503e+000 -6.4890e-001 -1.0668e-001
63 0 +3.291585674e+001 -1.327641433e+002 -1.327641433e+002 +5.6247e-002 -8.2356e-001 +4.8109e+000 -1.8484e-001 -5.5486e-001
90 0 +2.414601965e+001 -1.415339803e+002 -1.415339803e+002 -3.6167e+000 -4.9434e+000 +1.3336e-002 -3.0653e-001 +3.5818e+000
109 0 +8.521079427e+000 -1.571589206e+002 -1.571589206e+002 -2.5581e+000 -4.4939e+000 +1.6947e+000 +2.6762e+000 +2.5841e+000
233 0 +8.228812259e+000 -1.574511877e+002 -1.574511877e+002 -2.3069e+000 -1.7801e+000 +1.6001e+000 +1.9209e+000 +2.1512e+000
246 0 +7.044657406e+000 -1.586353426e+002 -1.586353426e+002 -1.9864e+000 -1.4129e+000 -5.1900e-001 +2.5802e+000 +3.5171e+000
253 0 +3.958167368e+000 -1.617218326e+002 -1.617218326e+002 -1.1617e+000 -1.3502e+000 +2.9000e+000 +1.6397e+000 +1.2419e+000
283 0 +1.118522151e+000 -1.645614778e+002 -1.645614778e+002 -1.7508e+000 -1.0215e+000 +1.1618e+000 +2.1136e+000 +2.4643e+000
423 0 +1.013681275e+000 -1.646663187e+002 -1.646663187e+002 -1.6205e+000 -1.8679e+000 +1.1746e+000 +2.1672e+000 +2.4842e+000
460 0 +7.831482095e-001 -1.648968518e+002 -1.648968518e+002 -8.0295e-001 -6.3712e-001 +1.6659e+000 +1.9897e+000 +1.8618e+000
497 0 +7.020813585e-001 -1.649779186e+002 -1.649779186e+002 -1.0596e+000 -7.2363e-001 +1.4502e+000 +1.5891e+000 +2.0948e+000
500 0 +2.435288892e-001 -1.654364711e+002 -1.654364711e+002 -1.1208e+000 -7.0071e-001 +1.4786e+000 +1.8216e+000 +2.1097e+000
651 0 +1.266622194e-001 -1.655533378e+002 -1.655533378e+002 -1.0495e+000 -7.7061e-001 +1.6616e+000 +1.8131e+000 +2.0066e+000
805 0 +8.466818351e-002 -1.655953318e+002 -1.655953318e+002 -9.7416e-001 -5.8582e-001 +1.7288e+000 +1.8133e+000 +1.9130e+000
817 0 +3.486595491e-002 -1.656451340e+002 -1.656451340e+002 -1.0937e+000 -5.2418e-001 +1.6265e+000 +1.8482e+000 +1.9855e+000
907 0 +2.605988587e-002 -1.656539401e+002 -1.656539401e+002 -8.8686e-001 -2.6758e-001 +1.6077e+000 +1.8228e+000 +1.8997e+000
1016 0 +5.054401325e-003 -1.656749456e+002 -1.656749456e+002 -1.0818e+000 -5.2967e-001 +1.5939e+000 +1.8177e+000 +1.9815e+000
1033 0 +1.705493560e-007 -1.656799998e+002 -1.656799998e+002 -1.0709e+000 -4.6093e-001 +1.5581e+000 +1.8491e+000 +2.0001e+000
1402 0 +1.592522381e-008 -1.656800000e+002 -1.656800000e+002 -1.0512e+000 -4.6300e-001 +1.5569e+000 +1.8349e+000 +1.9811e+000
1523 0 +7.630092114e-009 -1.656800000e+002 -1.656800000e+002 -1.0609e+000 -4.5880e-001 +1.5782e+000 +1.8563e+000 +1.9892e+000
% f evaluations | g evaluations | best noise-free fitness - Fopt (9.284000000000e+001) + sum g_i+ | measured fitness | best measured fitness or single-digit g-values | x1 | x2...
1 0 +1.159267769e+003 +1.252107769e+003 +1.252107769e+003 -7.6513e-002 +2.6899e+000 -2.8825e+000 +2.6071e+000 -7.3582e-001
2 0 +1.253934498e+001 +1.053793450e+002 +1.053793450e+002 +2.7901e+000 -2.5465e+000 -3.2305e+000 +2.7880e+000 +8.8277e-001
118 0 +2.717132633e+000 +9.555713263e+001 +9.555713263e+001 +2.6135e+000 -2.8188e+000 -2.6484e+000 +8.6924e-001 -8.6835e-001
301 0 +1.238398608e+000 +9.407839861e+001 +9.407839861e+001 +1.6976e+000 -1.9010e+000 -3.6837e+000 +8.5172e-001 +6.0572e-001
462 0 +4.711165063e-001 +9.331111651e+001 +9.331111651e+001 +1.9731e+000 -1.9015e+000 -3.9075e+000 +5.5888e-001 +1.4363e-001
524 0 +1.769028236e-001 +9.301690282e+001 +9.301690282e+001 +1.9049e+000 -2.2182e+000 -3.3231e+000 +1.0233e+000 +5.7616e-001
654 0 +8.502336787e-002 +9.292502337e+001 +9.292502337e+001 +1.8050e+000 -1.9693e+000 -3.7858e+000 +7.5903e-001 +5.9826e-001
712 0 +5.160486535e-002 +9.289160487e+001 +9.289160487e+001 +2.0137e+000 -2.1210e+000 -3.4354e+000 +8.4515e-001 +2.3729e-001
862 0 +4.654134934e-002 +9.288654135e+001 +9.288654135e+001 +2.0361e+000 -2.0480e+000 -3.6869e+000 +8.2104e-001 +2.9270e-001
897 0 +3.463932694e-002 +9.287463933e+001 +9.287463933e+001 +1.9507e+000 -1.9887e+000 -3.7700e+000 +7.2567e-001 +3.5260e-001
1011 0 +1.425674306e-002 +9.285425674e+001 +9.285425674e+001 +1.9330e+000 -2.0210e+000 -3.6794e+000 +8.7765e-001 +5.0653e-001
1226 0 +3.767977006e-007 +9.284000038e+001 +9.284000038e+001 +1.9770e+000 -2.0532e+000 -3.6136e+000 +8.1764e-001 +3.7916e-001
1261 0 +2.708343629e-007 +9.284000027e+001 +9.284000027e+001 +1.9893e+000 -2.0538e+000 -3.6068e+000 +8.2655e-001 +3.6012e-001
1302 0 +1.644086183e-007 +9.284000016e+001 +9.284000016e+001 +1.9851e+000 -2.0658e+000 -3.5693e+000 +8.1509e-001 +3.2223e-001
1413 0 +1.794991533e-008 +9.284000002e+001 +9.284000002e+001 +1.9604e+000 -2.0603e+000 -3.5781e+000 +8.1330e-001 +3.4086e-001
1637 0 +1.358839086e-008 +9.284000001e+001 +9.284000001e+001 +2.0005e+000 -2.0590e+000 -3.5810e+000 +8.0923e-001 +3.4191e-001
1702 0 +1.171474651e-008 +9.284000001e+001 +9.284000001e+001 +1.9804e+000 -2.0606e+000 -3.5800e+000 +8.2051e-001 +3.4109e-001
1794 0 +5.161126637e-009 +9.284000001e+001 +9.284000001e+001 +1.9622e+000 -2.0634e+000 -3.5781e+000 +8.1530e-001 +3.5567e-001
% f evaluations | g evaluations | best noise-free fitness - Fopt (-3.679200000000e+002) + sum g_i+ | measured fitness | best measured fitness or single-digit g-values | x1 | x2...
1 0 +7.737780042e+002 +4.058580042e+002 +4.058580042e+002 +3.8635e-001 +1.2349e-001 -4.5889e+000 +4.0389e+000 -3.5754e+000
3 0 +8.522410018e+001 -2.826958998e+002 -2.826958998e+002 -6.3588e-001 -2.1062e+000 -4.0299e+000 +1.2220e+000 +3.8686e+000
15 0 +7.515977950e+001 -2.927602205e+002 -2.927602205e+002 +2.1631e+000 -1.1081e+000 +5.7647e-001 -1.0283e+000 -3.2048e+000
22 0 +6.024616489e+001 -3.076738351e+002 -3.076738351e+002 +1.2179e-001 -1.2316e+000 -1.8453e+000 -9.7263e-002 -7.7220e-001
29 0 +5.863902766e+001 -3.092809723e+002 -3.092809723e+002 +1.3109e+000 +5.8567e-001 +3.3240e+000 -9.5836e-001 +3.3423e+000
33 0 +3.836753951e+001 -3.295524605e+002 -3.295524605e+002 +7.2820e-001 -1.3319e+000 +2.1975e+000 +2.0439e-001 -3.6728e+000
41 0 +1.720335708e+001 -3.507166429e+002 -3.507166429e+002 +1.3864e+000 -5.5892e-002 +8.4439e-001 +6.4252e-001 +1.5653e+000
79 0 +1.760041618e+000 -3.661599584e+002 -3.661599584e+002 +8.3184e-001 -5.3370e-001 +3.7465e+000 +6.8288e-001 +1.2552e-001
84 0 +7.995297130e-001 -3.671204703e+002 -3.671204703e+002 +1.4200e-001 -7.7701e-001 +2.8635e+000 +1.0835e+000 +4.4303e-001
174 0 +6.822664791e-001 -3.672377335e+002 -3.672377335e+002 +5.6673e-001 -8.0274e-001 +2.8552e+000 +7.8155e-001 +4.0762e-001
213 0 +1.993119103e-001 -3.677206881e+002 -3.677206881e+002 +5.7329e-001 -7.8914e-001 +2.8011e+000 +9.5587e-001 +6.0028e-001
416 0 +1.720091342e-001 -3.677479909e+002 -3.677479909e+002 +8.5471e-001 -7.3651e-001 +2.8083e+000 +8.2086e-001 +5.6514e-001
513 0 +7.649783792e-002 -3.678435022e+002 -3.678435022e+002 +6.1983e-001 -7.8914e-001 +2.5384e+000 +8.9572e-001 +7.2704e-001
750 0 +4.923673296e-002 -3.678707633e+002 -3.678707633e+002 +8.2724e-001 -7.1683e-001 +2.3668e+000 +7.7714e-001 +8.7130e-001
757 0 +3.186169823e-002 -3.678881383e+002 -3.678881383e+002 +8.4847e-001 -7.9769e-001 +2.4300e+000 +8.0718e-001 +7.0293e-001
862 0 +2.596951582e-002 -3.678940305e+002 -3.678940305e+002 +8.2759e-001 -7.6545e-001 +2.6003e+000 +7.9184e-001 +6.0919e-001
874 0 +1.931835809e-002 -3.679006816e+002 -3.679006816e+002 +7.9485e-001 -7.9174e-001 +2.4419e+000 +8.0610e-001 +6.5079e-001
1006 0 +1.877718444e-002 -3.679012228e+002 -3.679012228e+002 +8.4233e-001 -8.0544e-001 +2.4228e+000 +8.1115e-001 +7.9947e-001
1144 0 +1.464018891e-002 -3.679053598e+002 -3.679053598e+002 +8.6482e-001 -7.6720e-001 +2.3868e+000 +7.8570e-001 +7.6360e-001
1160 0 +1.569071628e-007 -3.679199998e+002 -3.679199998e+002 +8.6946e-001 -7.6756e-001 +2.3972e+000 +8.0367e-001 +7.3190e-001
1448 0 +1.493503419e-007 -3.679199999e+002 -3.679199999e+002 +8.5013e-001 -7.5938e-001 +2.4022e+000 +7.7647e-001 +7.2516e-001
1505 0 +3.014110916e-008 -3.679200000e+002 -3.679200000e+002 +8.4520e-001 -7.6464e-001 +2.3805e+000 +8.0854e-001 +7.3841e-001
1562 0 +1.978833097e-009 -3.679200000e+002 -3.679200000e+002 +8.2709e-001 -7.6814e-001 +2.3998e+000 +8.0304e-001 +7.4552e-001
% f evaluations | g evaluations | best noise-free fitness - Fopt (4.950000000000e+001) + sum g_i+ | measured fitness | best measured fitness or single-digit g-values | x1 | x2...
1 0 +3.853938698e+002 +4.348938698e+002 +4.348938698e+002 -1.3708e+000 +3.2235e+000 -1.9224e+000 -2.3223e+000 +1.6495e+000
3 0 +8.560009591e+000 +5.806000959e+001 +5.806000959e+001 -3.4976e+000 -1.3529e+000 -2.1839e+000 +1.6389e+000 +5.8226e-001
143 0 +5.133736612e+000 +5.463373661e+001 +5.463373661e+001 -1.9196e+000 -3.5777e+000 -1.8136e+000 -5.8589e-001 +1.4754e-001
281 0 +3.581343030e+000 +5.308134303e+001 +5.308134303e+001 -2.5755e+000 -1.9327e+000 -1.9388e+000 -3.8120e-001 -3.7414e-001
313 0 +3.248991946e+000 +5.274899195e+001 +5.274899195e+001 -3.2903e+000 -1.1726e+000 -2.5169e+000 -7.7457e-001 -5.0448e-001
374 0 +2.779204090e+000 +5.227920409e+001 +5.227920409e+001 -2.6568e+000 -1.7145e+000 -2.0927e+000 -3.9768e-001 -3.8844e-001
450 0 +1.690060036e+000 +5.119006004e+001 +5.119006004e+001 -2.4782e+000 -1.2972e+000 -1.9359e+000 -1.6343e+000 -8.5013e-001
490 0 +1.240486183e+000 +5.074048618e+001 +5.074048618e+001 -3.2151e+000 -7.9727e-001 -2.4415e+000 -2.3739e-001 -8.5903e-001
517 0 +8.864583483e-001 +5.038645835e+001 +5.038645835e+001 -3.1125e+000 -1.0366e+000 -2.3752e+000 -4.9955e-002 -3.9571e-001
570 0 +2.080736029e-001 +4.970807360e+001 +4.970807360e+001 -2.7956e+000 -1.6608e+000 -2.4119e+000 -9.8867e-001 -4.6411e-001
747 0 +1.425152855e-001 +4.964251529e+001 +4.964251529e+001 -3.0218e+000 -1.3784e+000 -2.4703e+000 -6.6527e-001 -4.7476e-001
832 0 +6.045930589e-002 +4.956045931e+001 +4.956045931e+001 -2.7495e+000 -1.5288e+000 -2.2621e+000 -1.1193e+000 -6.6230e-001
894 0 +2.613074652e-002 +4.952613075e+001 +4.952613075e+001 -2.7944e+000 -1.5353e+000 -2.3326e+000 -1.0454e+000 -6.3015e-001
1026 0 +7.414764854e-003 +4.950741476e+001 +4.950741476e+001 -2.8752e+000 -1.4645e+000 -2.3783e+000 -9.6004e-001 -5.8427e-001
1212 0 +4.779490581e-008 +4.950000005e+001 +4.950000005e+001 -2.8659e+000 -1.5003e+000 -2.3859e+000 -1.1028e+000 -6.2597e-001
1385 0 +3.860660769e-008 +4.950000004e+001 +4.950000004e+001 -2.8437e+000 -1.5215e+000 -2.3744e+000 -1.0975e+000 -6.0884e-001
1415 0 +9.948337265e-009 +4.950000001e+001 +4.950000001e+001 -2.8415e+000 -1.5238e+000 -2.3731e+000 -1.1003e+000 -6.0895e-001
% f evaluations | g evaluations | best noise-free fitness - Fopt (-1.277000000000e+001) + sum g_i+ | measured fitness | best measured fitness or single-digit g-values | x1 | x2...
1 0 +4.887681617e+002 +4.759981617e+002 +4.759981617e+002 +2.0903e+000 -3.9990e-001 -2.6643e+000 -4.9793e+000 -3.1608e+000
2 0 +3.214093996e+001 +1.937093996e+001 +1.937093996e+001 +2.5818e+000 +1.7445e+000 -9.4328e-001 +2.4275e+000 +2.4024e+000
58 0 +2.811662007e+001 +1.534662007e+001 +1.534662007e+001 +2.5365e+000 +2.2571e+000 +3.8555e+000 +7.2790e-001 +2.1025e-001
73 0 +1.070208966e+001 -2.067910336e+000 -2.067910336e+000 +3.5988e+000 +3.6534e+000 -1.1812e+000 +1.0892e+000 +6.9030e-001
98 0 +3.078618118e+000 -9.691381882e+000 -9.691381882e+000 +3.2408e+000 +3.4569e+000 +4.2119e-001 +1.6593e+000 +7.7165e-001
150 0 +1.770761079e+000 -1.099923892e+001 -1.099923892e+001 +2.0812e+000 +2.1123e+000 +1.9870e+000 +2.1750e+000 +1.8674e+000
235 0 +1.289037589e+000 -1.148096241e+001 -1.148096241e+001 +1.4609e+000 +1.9893e+000 +1.5080e+000 +1.3649e-001 +2.2275e+000
237 0 +1.249627960e+000 -1.152037204e+001 -1.152037204e+001 +1.4051e+000 +1.9407e+000 +1.5798e+000 -7.8293e-003 +2.2387e+000
305 0 +1.194657746e+000 -1.157534225e+001 -1.157534225e+001 +8.9923e-001 +1.9362e+000 +1.4762e+000 +1.6381e-001 +2.6399e+000
387 0 +4.396540337e-001 -1.233034597e+001 -1.233034597e+001 +1.4115e+000 +1.9553e+000 +1.8486e+000 +2.4772e-001 +2.2808e+000
537 0 +9.752797460e-002 -1.267247203e+001 -1.267247203e+001 +1.1467e+000 +1.7306e+000 +1.9472e+000 +4.6488e-001 +2.6105e+000
576 0 +3.491058183e-002 -1.273508942e+001 -1.273508942e+001 +1.2655e+000 +1.8412e+000 +1.7626e+000 +4.9783e-001 +2.4626e+000
959 0 +2.015259520e-002 -1.274984740e+001 -1.274984740e+001 +1.3738e+000 +1.9102e+000 +1.7737e+000 +7.1398e-001 +2.3424e+000
989 0 +1.366299383e-002 -1.275633701e+001 -1.275633701e+001 +1.3512e+000 +1.8643e+000 +1.8135e+000 +4.9540e-001 +2.3410e+000
1146 0 +1.083328841e-002 -1.275916671e+001 -1.275916671e+001 +1.3295e+000 +1.9149e+000 +1.7253e+000 +4.8540e-001 +2.3197e+000
1230 0 +1.020576104e-007 -1.276999990e+001 -1.276999990e+001 +1.3148e+000 +1.8759e+000 +1.8065e+000 +5.3580e-001 +2.3653e+000
1443 0 +5.527336278e-008 -1.276999994e+001 -1.276999994e+001 +1.3172e+000 +1.8662e+000 +1.8085e+000 +5.5441e-001 +2.3559e+000
1485 0 +2.344187067e-010 -1.277000000e+001 -1.277000000e+001 +1.3212e+000 +1.8777e+000 +1.7944e+000 +5.5588e-001 +2.3773e+000
% f evaluations | g evaluations | best noise-free fitness - Fopt (6.365000000000e+001) + sum g_i+ | measured fitness | best measured fitness or single-digit g-values | x1 | x2...
1 0 +8.961516786e+001 +1.532651679e+002 +1.532651679e+002 -1.8570e-001 +2.8395e+000 +2.0745e+000 +1.4064e+000 +2.8485e+000
22 0 +1.465970650e+001 +7.830970650e+001 +7.830970650e+001 -2.1784e-001 +4.1123e-001 -1.1947e-001 +2.1033e-003 +8.5577e-001
148 0 +4.132124674e+000 +6.778212467e+001 +6.778212467e+001 -1.8269e+000 +7.4488e-001 -4.8560e-001 -2.0041e+000 +1.9352e+000
151 0 +1.056281966e+000 +6.470628197e+001 +6.470628197e+001 -1.6364e+000 +3.4706e-001 -1.0194e+000 -1.8966e+000 +1.6497e+000
250 0 +4.661912989e-001 +6.411619130e+001 +6.411619130e+001 -2.0450e+000 +9.2908e-001 -1.0301e+000 -1.8181e+000 +2.1665e+000
373 0 +8.795411881e-002 +6.373795412e+001 +6.373795412e+001 -1.9861e+000 +8.9662e-001 -8.7130e-001 -1.7369e+000 +2.1677e+000
638 0 +7.129981762e-002 +6.372129982e+001 +6.372129982e+001 -2.2304e+000 +1.1348e+000 -9.0646e-001 -1.9760e+000 +2.3219e+000
657 0 +6.960425991e-002 +6.371960426e+001 +6.371960426e+001 -2.3376e+000 +1.2559e+000 -8.0481e-001 -2.0365e+000 +2.4204e+000
750 0 +5.572540875e-002 +6.370572541e+001 +6.370572541e+001 -2.4720e+000 +1.4268e+000 -6.5917e-001 -2.1145e+000 +2.6439e+000
1052 0 +1.611546239e-007 +6.365000016e+001 +6.365000016e+001 -2.2541e+000 +1.2080e+000 -6.9813e-001 -1.9022e+000 +2.4249e+000
1564 0 +1.380506021e-007 +6.365000014e+001 +6.365000014e+001 -2.2610e+000 +1.2051e+000 -7.0040e-001 -1.9571e+000 +2.4575e+000
1642 0 +3.079478006e-009 +6.365000000e+001 +6.365000000e+001 -2.2554e+000 +1.2121e+000 -6.8353e-001 -1.9287e+000 +2.4477e+000
% f evaluations | g evaluations | best noise-free fitness - Fopt (6.991900000000e+002) + sum g_i+ | measured fitness | best measured fitness or single-digit g-values | x1 | x2...
1 0 +2.895808686e+003 +3.594998686e+003 +3.594998686e+003 -4.6715e+000 -4.8363e+000 -1.5953e-001 +1.0716e+000 -1.4587e-002
2 0 +4.212519836e+002 +1.120441984e+003 +1.120441984e+003 +9.1405e-001 +3.5992e+000 -4.7405e+000 +2.4699e+000 -4.3183e+000
3 0 +2.530242361e+002 +9.522142361e+002 +9.522142361e+002 +3.8953e+000 -2.1658e+000 +6.4506e-001 +4.9825e+000 -2.0390e+000
5 0 +8.244358187e+001 +7.816335819e+002 +7.816335819e+002 +2.5874e+000 -6.9643e-001 -4.6812e+000 -1.9945e+000 -1.5056e+000
29 0 +4.851398740e+001 +7.477039874e+002 +7.477039874e+002 +1.2610e+000 +2.9194e+000 +2.1486e-001 +1.5837e+000 -2.3796e+000
95 0 +2.825005908e+000 +7.020150059e+002 +7.020150059e+002 +3.5398e+000 +4.3436e-001 -2.9159e+000 +3.0102e+000 -2.9774e+000
323 0 +1.018460803e+000 +7.002084608e+002 +7.002084608e+002 +3.0056e+000 +4.4871e-001 -1.7820e+000 +1.6070e+000 -3.5529e+000
336 0 +8.022613693e-001 +6.999922614e+002 +6.999922614e+002 +3.3038e+000 +8.8516e-001 -2.0855e+000 +3.2824e+000 -3.0714e+000
373 0 +2.460644128e-001 +6.994360644e+002 +6.994360644e+002 +3.1621e+000 +8.0012e-001 -1.8932e+000 +2.8266e+000 -3.4371e+000
436 0 +7.016893080e-002 +6.992601689e+002 +6.992601689e+002 +3.1844e+000 +6.1125e-001 -1.9624e+000 +2.3449e+000 -3.5774e+000
764 0 +4.724279817e-002 +6.992372428e+002 +6.992372428e+002 +3.1591e+000 +6.2156e-001 -1.9391e+000 +2.2983e+000 -3.4808e+000
949 0 +2.408136499e-002 +6.992140814e+002 +6.992140814e+002 +3.2140e+000 +4.8691e-001 -2.0902e+000 +2.1589e+000 -3.5267e+000
999 0 +2.367429776e-002 +6.992136743e+002 +6.992136743e+002 +3.1258e+000 +6.4773e-001 -1.8952e+000 +2.4118e+000 -3.4843e+000
1026 0 +2.080851949e-002 +6.992108085e+002 +6.992108085e+002 +3.2144e+000 +5.1617e-001 -2.0392e+000 +2.2190e+000 -3.5221e+000
1037 0 +1.685544849e-002 +6.992068554e+002 +6.992068554e+002 +3.1509e+000 +6.3206e-001 -1.9058e+000 +2.3404e+000 -3.4678e+000
1100 0 +2.202028782e-007 +6.991900002e+002 +6.991900002e+002 +3.1760e+000 +5.7688e-001 -1.9956e+000 +2.3048e+000 -3.4583e+000
1276 0 +2.457591108e-008 +6.991900000e+002 +6.991900000e+002 +3.1782e+000 +5.6186e-001 -1.9845e+000 +2.2864e+000 -3.4548e+000
1813 0 +1.882767720e-009 +6.991900000e+002 +6.991900000e+002 +3.1803e+000 +5.6318e-001 -2.0079e+000 +2.2926e+000 -3.4671e+000
% f evaluations | g evaluations | best noise-free fitness - Fopt (1.000000000000e+003) + sum g_i+ | measured fitness | best measured fitness or single-digit g-values | x1 | x2...
1 0 +1.148774502e+002 +1.114877450e+003 +1.114877450e+003 -8.0801e-001 -4.9232e+000 -1.7864e+000 -3.3027e+000 -2.1086e+000
49 0 +8.149499447e+001 +1.081494994e+003 +1.081494994e+003 -2.7029e+000 +4.2121e+000 -1.4737e+000 -3.5829e+000 -5.7773e-001
51 0 +7.617633254e+001 +1.076176333e+003 +1.076176333e+003 -5.0245e-001 -4.0087e+000 -1.7100e+000 -4.2192e+000 -1.7626e+000
68 0 +4.880077473e+001 +1.048800775e+003 +1.048800775e+003 -1.7460e+000 -9.9371e-001 +5.0381e-001 -4.0401e+000 -2.1313e+000
74 0 +3.305565382e+001 +1.033055654e+003 +1.033055654e+003 +4.2091e-001 -3.1436e+000 +6.3624e-001 -3.5373e+000 -4.4765e+000
130 0 +2.354289924e+001 +1.023542899e+003 +1.023542899e+003 +6.7438e-001 -3.8710e+000 -2.4783e+000 -4.2047e+000 +1.0069e+000
137 0 +1.720057614e+001 +1.017200576e+003 +1.017200576e+003 -1.1717e+000 +8.5423e-001 +1.7549e+000 -3.3049e+000 -5.0000e+000
149 0 +4.231456987e+000 +1.004231457e+003 +1.004231457e+003 -1.7193e+000 +2.8769e+000 +5.4607e-001 -2.2904e+000 -3.6440e+000
189 0 +2.901294460e+000 +1.002901294e+003 +1.002901294e+003 -3.2822e-001 +3.5481e-001 -6.0917e-001 -3.6466e+000 -9.2764e-001
268 0 +2.052990057e+000 +1.002052990e+003 +1.002052990e+003 -5.9207e-001 +1.0995e+000 -1.0035e+000 -2.4289e+000 -1.6396e+000
357 0 +2.900343022e-001 +1.000290034e+003 +1.000290034e+003 -5.3675e-001 +4.9515e-001 -6.5171e-001 -3.2290e+000 -1.5271e+000
530 0 +2.177102248e-002 +1.000021771e+003 +1.000021771e+003 -5.0377e-001 +4.7413e-001 -5.5444e-001 -3.1416e+000 -1.7854e+000
1023 0 +5.442755620e-003 +1.000005443e+003 +1.000005443e+003 -5.2811e-001 +4.9690e-001 -4.9055e-001 -3.1383e+000 -1.7585e+000
1039 0 +7.551261660e-008 +1.000000000e+003 +1.000000000e+003 -5.0884e-001 +4.6022e-001 -5.1483e-001 -3.1550e+000 -1.7254e+000
1268 0 +3.634204404e-008 +1.000000000e+003 +1.000000000e+003 -5.0516e-001 +4.2996e-001 -5.0625e-001 -3.1482e+000 -1.7703e+000
1850 0 +2.515173492e-008 +1.000000000e+003 +1.000000000e+003 -5.2018e-001 +4.2722e-001 -4.9944e-001 -3.1481e+000 -1.7586e+000
1894 0 +7.859057405e-009 +1.000000000e+003 +1.000000000e+003 -5.1374e-001 +4.4267e-001 -5.1272e-001 -3.1529e+000 -1.7581e+000
