% f evaluations | g evaluations | best noise-free fitness - Fopt (1.026100000000e+002) + sum g_i+ | measured fitness | best measured fitness or single-digit g-values | x1 | x2...
1 0 +3.892693841e+001 +1.415369384e+002 +1.415369384e+002 +4.5097e+000 +1.4504e+000
2 0 +3.518400726e+001 +1.377940073e+002 +1.377940073e+002 -1.9059e+000 -1.1839e+000
5 0 +3.450753028e+001 +1.371175303e+002 +1.371175303e+002 +4.3623e+000 +4.0867e-002
6 0 +2.721226757e+001 +1.298222676e+002 +1.298222676e+002 +1.3880e+000 -5.4904e-001
8 0 +2.225436529e+001 +1.248643653e+002 +1.248643653e+002 +1.3551e+000 -8.5165e-001
13 0 +2.027144391e+001 +1.228814439e+002 +1.228814439e+002 +1.6865e-001 -7.4819e-001
15 0 +1.493345243e+001 +1.175434524e+002 +1.175434524e+002 +1.2543e+000 -2.6773e+000
19 0 +1.331866424e+001 +1.159286642e+002 +1.159286642e+002 +2.2287e-001 -4.2049e-001
22 0 +9.682415696e+000 +1.122924157e+002 +1.122924157e+002 +1.4822e+000 -3.9288e-001
59 0 +8.473926779e+000 +1.110839268e+002 +1.110839268e+002 +9.1960e-001 -6.2444e-001
89 0 +7.984956071e+000 +1.105949561e+002 +1.105949561e+002 +1.8375e+000 -2.2537e+000
96 0 +5.837838571e+000 +1.084478386e+002 +1.084478386e+002 +1.4868e+000 -2.4852e+000
116 0 +4.983684776e+000 +1.075936848e+002 +1.075936848e+002 +2.1614e+000 -3.9492e+000
189 0 +3.490466625e+000 +1.061004666e+002 +1.061004666e+002 +2.8086e+000 -4.4684e+000
211 0 +3.356523637e+000 +1.059665236e+002 +1.059665236e+002 +2.7318e+000 -3.7665e+000
325 0 +2.814267370e+000 +1.054242674e+002 +1.054242674e+002 +2.4170e+000 -3.7074e+000
444 0 +2.598705853e+000 +1.052087059e+002 +1.052087059e+002 +2.3577e+000 -3.6822e+000
523 0 +2.564776521e+000 +1.051747765e+002 +1.051747765e+002 +2.3573e+000 -3.6820e+000
923 0 +2.370429725e+000 +1.049804297e+002 +1.049804297e+002 +2.8790e+000 -2.7841e+000
1541 0 +2.286765803e+000 +1.048967658e+002 +1.048967658e+002 +3.1677e+000 -3.2009e+000
1706 0 +2.141977097e+000 +1.047519771e+002 +1.047519771e+002 +2.5659e+000 -2.7221e+000
1788 0 +2.094305628e+000 +1.047043056e+002 +1.047043056e+002 +3.0059e+000 -2.8334e+000
1864 0 +2.056976599e+000 +1.046669766e+002 +1.046669766e+002 +2.7884e+000 -2.7764e+000
1966 0 +2.030658504e+000 +1.046406585e+002 +1.046406585e+002 +3.0160e+000 -2.8281e+000
6340 0 +1.523934215e+000 +1.041339342e+002 +1.041339342e+002 -7.5174e-001 +1.4544e+000
6499 0 +1.193296154e+000 +1.038032962e+002 +1.038032962e+002 -1.0114e+000 +1.2003e+000
6870 0 +6.789422069e-001 +1.032889422e+002 +1.032889422e+002 -1.5433e+000 +9.8462e-001
7106 0 +6.465001583e-001 +1.032565002e+002 +1.032565002e+002 -1.4783e+000 +9.6112e-001
7245 0 +9.762841440e-002 +1.027076284e+002 +1.027076284e+002 -1.3187e+000 +1.2717e+000
7307 0 +1.457392280e-002 +1.026245739e+002 +1.026245739e+002 -1.2538e+000 +1.2482e+000
7585 0 +1.976446359e-004 +1.026101976e+002 +1.026101976e+002 -1.2502e+000 +1.2500e+000
7926 0 +2.388879396e-005 +1.026100239e+002 +1.026100239e+002 -1.2501e+000 +1.2499e+000
7927 0 +8.402872567e-006 +1.026100084e+002 +1.026100084e+002 -1.2500e+000 +1.2500e+000
7929 0 +4.263256415e-014 +1.026100000e+002 +1.026100000e+002 -1.2500e+000 +1.2500e+000
% f evaluations | g evaluations | best noise-free fitness - Fopt (9.330000000000e+001) + sum g_i+ | measured fitness | best measured fitness or single-digit g-values | x1 | x2...
1 0 +2.939697605e+001 +1.226969761e+002 +1.226969761e+002 -9.0055e-001 -6.9739e-001
3 0 +2.645112053e+001 +1.197511205e+002 +1.197511205e+002 -3.1553e-002 +2.8581e+000
6 0 +2.057021390e+001 +1.138702139e+002 +1.138702139e+002 -5.0000e+000 +2.6330e+000
8 0 +1.722121851e+001 +1.105212185e+002 +1.105212185e+002 -2.6436e+000 +2.5772e+000
11 0 +1.607452070e+001 +1.093745207e+002 +1.093745207e+002 -2.5874e+000 +3.1986e+000
15 0 +1.452361410e+001 +1.078236141e+002 +1.078236141e+002 -2.7772e+000 +4.8871e+000
16 0 +8.972164642e+000 +1.022721646e+002 +1.022721646e+002 -3.8954e+000 +2.7285e+000
21 0 +8.385197988e+000 +1.016851980e+002 +1.016851980e+002 -1.7785e+000 +4.9645e+000
43 0 +6.900660248e+000 +1.002006602e+002 +1.002006602e+002 -3.0697e+000 +3.5727e+000
56 0 +4.026509173e+000 +9.732650917e+001 +9.732650917e+001 -3.8064e+000 +2.2797e+000
199 0 +2.416422848e+000 +9.571642285e+001 +9.571642285e+001 -3.6575e+000 +2.6552e+000
431 0 +2.398795452e+000 +9.569879545e+001 +9.569879545e+001 -3.6575e+000 +2.6560e+000
1159 0 +2.103032069e+000 +9.540303207e+001 +9.540303207e+001 -2.6709e+000 +2.8114e+000
1333 0 +2.084968461e+000 +9.538496846e+001 +9.538496846e+001 -2.7612e+000 +2.9245e+000
1560 0 +2.036872847e+000 +9.533687285e+001 +9.533687285e+001 -2.7603e+000 +2.9211e+000
21000 0 +1.419878543e+000 +9.471987854e+001 +9.471987854e+001 +1.3317e+000 -1.3487e+000
21115 0 +1.278263749e+000 +9.457826375e+001 +9.457826375e+001 +1.4967e+000 -9.9216e-001
21496 0 +1.081447969e+000 +9.438144797e+001 +9.438144797e+001 +1.1824e+000 -1.7148e+000
21617 0 +1.022450828e+000 +9.432245083e+001 +9.432245083e+001 +1.1826e+000 -1.7163e+000
21647 0 +1.000261713e-001 +9.340002617e+001 +9.340002617e+001 +1.3412e+000 -1.3629e+000
21908 0 +8.375751677e-002 +9.338375752e+001 +9.338375752e+001 +1.3406e+000 -1.3625e+000
44564 0 +4.181064489e-003 +9.330418106e+001 +9.330418106e+001 +1.2494e+000 -1.2487e+000
44808 0 +2.800240969e-003 +9.330280024e+001 +9.330280024e+001 +1.2506e+000 -1.2518e+000
44959 0 +1.813379580e-003 +9.330181338e+001 +9.330181338e+001 +1.2495e+000 -1.2486e+000
44979 0 +9.130076449e-004 +9.330091301e+001 +9.330091301e+001 +1.2504e+000 -1.2510e+000
44992 0 +2.218745552e-004 +9.330022187e+001 +9.330022187e+001 +1.2502e+000 -1.2504e+000
45033 0 +1.304967525e-004 +9.330013050e+001 +9.330013050e+001 +1.2499e+000 -1.2500e+000
45065 0 +1.847411113e-013 +9.330000000e+001 +9.330000000e+001 +1.2500e+000 -1.2500e+000
% f evaluations | g evaluations | best noise-free fitness - Fopt (1.364000000000e+001) + sum g_i+ | measured fitness | best measured fitness or single-digit g-values | x1 | x2...
1 0 +1.579230325e+001 +2.943230325e+001 +2.943230325e+001 +6.4579e-001 -3.0150e+000
5 0 +1.464250055e+001 +2.828250055e+001 +2.828250055e+001 -3.7758e-001 -1.7887e+000
23 0 +1.024105081e+001 +2.388105081e+001 +2.388105081e+001 -9.6498e-001 -3.6628e+000
24 0 +1.018831021e+001 +2.382831021e+001 +2.382831021e+001 -1.9883e+000 -2.4365e+000
43 0 +7.476480353e+000 +2.111648035e+001 +2.111648035e+001 -1.6579e+000 -2.2306e+000
53 0 +4.454809259e+000 +1.809480926e+001 +1.809480926e+001 -2.3122e+000 -2.5179e+000
187 0 +4.176839779e+000 +1.781683978e+001 +1.781683978e+001 -2.9142e+000 -2.6380e+000
240 0 +4.025161445e+000 +1.766516144e+001 +1.766516144e+001 -2.3611e+000 -4.3668e+000
250 0 +3.965464356e+000 +1.760546436e+001 +1.760546436e+001 -4.3449e+000 -3.4459e+000
268 0 +2.827357295e+000 +1.646735730e+001 +1.646735730e+001 -2.1104e+000 -3.2571e+000
523 0 +2.677642923e+000 +1.631764292e+001 +1.631764292e+001 -2.2494e+000 -2.8282e+000
565 0 +2.338477724e+000 +1.597847772e+001 +1.597847772e+001 -2.5733e+000 -3.0161e+000
579 0 +2.263145751e+000 +1.590314575e+001 +1.590314575e+001 -2.7124e+000 -2.5863e+000
698 0 +2.236559353e+000 +1.587655935e+001 +1.587655935e+001 -2.7128e+000 -2.5872e+000
717 0 +2.185398112e+000 +1.582539811e+001 +1.582539811e+001 -2.7136e+000 -2.5895e+000
746 0 +2.130823969e+000 +1.577082397e+001 +1.577082397e+001 -2.7151e+000 -2.5949e+000
1841 0 +1.097456664e+000 +1.473745666e+001 +1.473745666e+001 +1.3262e+000 +1.1246e+000
2209 0 +9.015007783e-001 +1.454150078e+001 +1.454150078e+001 +1.3483e+000 +1.1881e+000
2634 0 +7.393993127e-001 +1.437939931e+001 +1.437939931e+001 +1.3002e+000 +8.9908e-001
2754 0 +1.661883234e-001 +1.380618832e+001 +1.380618832e+001 +1.1265e+000 +1.0918e+000
7325 0 +7.765379920e-002 +1.371765380e+001 +1.371765380e+001 +1.1628e+000 +1.3437e+000
7547 0 +4.182763432e-002 +1.368182763e+001 +1.368182763e+001 +1.2521e+000 +1.2549e+000
7676 0 +4.077072445e-002 +1.368077072e+001 +1.368077072e+001 +1.2522e+000 +1.2568e+000
7793 0 +2.089740189e-002 +1.366089740e+001 +1.366089740e+001 +1.2505e+000 +1.2498e+000
7855 0 +5.919039480e-003 +1.364591904e+001 +1.364591904e+001 +1.2501e+000 +1.2511e+000
7994 0 +1.933433340e-003 +1.364193343e+001 +1.364193343e+001 +1.2497e+000 +1.2489e+000
8043 0 +3.993357151e-004 +1.364039934e+001 +1.364039934e+001 +1.2498e+000 +1.2493e+000
8147 0 +9.130274073e-006 +1.364000913e+001 +1.364000913e+001 +1.2500e+000 +1.2501e+000
8207 0 +3.740191001e-006 +1.364000374e+001 +1.364000374e+001 +1.2500e+000 +1.2501e+000
8294 0 +9.113105115e-007 +1.364000091e+001 +1.364000091e+001 +1.2500e+000 +1.2500e+000
8346 0 +1.147021926e-007 +1.364000011e+001 +1.364000011e+001 +1.2500e+000 +1.2500e+000
8361 0 +0.000000000e+000 +1.364000000e+001 +1.364000000e+001 +1.2500e+000 +1.2500e+000
% f evaluations | g evaluations | best noise-free fitness - Fopt (1.948000000000e+002) + sum g_i+ | measured fitness | best measured fitness or single-digit g-values | x1 | x2...
1 0 +9.059298189e+001 +2.853929819e+002 +2.853929819e+002 -4.6073e+000 +4.9399e+000
2 0 +3.836425995e+001 +2.331642599e+002 +2.331642599e+002 -1.2148e-002 -3.3064e+000
4 0 +1.870261173e+001 +2.135026117e+002 +2.135026117e+002 +5.0000e+000 -5.0000e+000
13 0 +6.455406199e+000 +2.012554062e+002 +2.012554062e+002 +4.6985e+000 -2.3017e+000
44 0 +5.068942290e+000 +1.998689423e+002 +1.998689423e+002 +2.3652e+000 -1.4092e+000
120 0 +4.726361211e+000 +1.995263612e+002 +1.995263612e+002 +3.9239e+000 -2.7435e+000
139 0 +4.316884114e+000 +1.991168841e+002 +1.991168841e+002 +3.6045e+000 -3.1814e+000
187 0 +3.528158960e+000 +1.983281590e+002 +1.983281590e+002 +3.6045e+000 -2.7251e+000
284 0 +3.373124894e+000 +1.981731249e+002 +1.981731249e+002 +2.8643e+000 -1.4443e+000
290 0 +2.700326746e+000 +1.975003267e+002 +1.975003267e+002 +3.3225e+000 -1.9568e+000
300 0 +2.664610319e+000 +1.974646103e+002 +1.974646103e+002 +3.7807e+000 -2.4694e+000
472 0 +2.568736862e+000 +1.973687369e+002 +1.973687369e+002 +3.0667e+000 -2.1938e+000
523 0 +2.470293166e+000 +1.972702932e+002 +1.972702932e+002 +3.6696e+000 -2.4671e+000
708 0 +2.309833494e+000 +1.971098335e+002 +1.971098335e+002 +3.4218e+000 -2.6989e+000
779 0 +2.254541955e+000 +1.970545420e+002 +1.970545420e+002 +3.2502e+000 -2.4437e+000
802 0 +2.229865465e+000 +1.970298655e+002 +1.970298655e+002 +3.4251e+000 -2.6979e+000
1649 0 +2.180727496e+000 +1.969807275e+002 +1.969807275e+002 +3.1871e+000 -2.9253e+000
1654 0 +2.119985564e+000 +1.969199856e+002 +1.969199856e+002 +3.2286e+000 -2.6812e+000
1657 0 +2.044930082e+000 +1.968449301e+002 +1.968449301e+002 +2.9842e+000 -2.9113e+000
1714 0 +2.027242559e+000 +1.968272426e+002 +1.968272426e+002 +2.7872e+000 -2.8944e+000
2390 0 +1.404945387e+000 +1.962049454e+002 +1.962049454e+002 -7.7194e-001 +9.7188e-001
2685 0 +1.122955554e+000 +1.959229556e+002 +1.959229556e+002 -1.5000e+000 +1.0190e+000
2687 0 +8.294760698e-001 +1.956294761e+002 +1.956294761e+002 -1.4442e+000 +1.4965e+000
2808 0 +4.427692940e-001 +1.952427693e+002 +1.952427693e+002 -1.4251e+000 +1.5051e+000
2968 0 +2.871801608e-001 +1.950871802e+002 +1.950871802e+002 -1.4526e+000 +1.2660e+000
2980 0 +2.528988976e-001 +1.950528989e+002 +1.950528989e+002 -1.4537e+000 +1.2653e+000
2992 0 +1.829163072e-001 +1.949829163e+002 +1.949829163e+002 -1.4537e+000 +1.2646e+000
3004 0 +1.726760135e-001 +1.949726760e+002 +1.949726760e+002 -1.4549e+000 +1.2639e+000
3143 0 +1.694996470e-001 +1.949694996e+002 +1.949694996e+002 -1.4550e+000 +1.2636e+000
12560 0 +8.434624878e-002 +1.948843462e+002 +1.948843462e+002 -1.1466e+000 +1.2444e+000
12571 0 +6.398405552e-002 +1.948639841e+002 +1.948639841e+002 -1.3568e+000 +1.2551e+000
13240 0 +6.305534927e-002 +1.948630553e+002 +1.948630553e+002 -1.3568e+000 +1.2551e+000
13255 0 +6.164882265e-002 +1.948616488e+002 +1.948616488e+002 -1.3568e+000 +1.2550e+000
13271 0 +6.017495972e-002 +1.948601750e+002 +1.948601750e+002 -1.3568e+000 +1.2548e+000
13670 0 +5.873679546e-002 +1.948587368e+002 +1.948587368e+002 -1.3566e+000 +1.2549e+000
13679 0 +5.740202519e-002 +1.948574020e+002 +1.948574020e+002 -1.3565e+000 +1.2550e+000
13684 0 +5.601402729e-002 +1.948560140e+002 +1.948560140e+002 -1.3563e+000 +1.2551e+000
13696 0 +5.412099895e-002 +1.948541210e+002 +1.948541210e+002 -1.3560e+000 +1.2552e+000
13707 0 +5.348197266e-002 +1.948534820e+002 +1.948534820e+002 -1.3559e+000 +1.2553e+000
13716 0 +5.159445581e-002 +1.948515945e+002 +1.948515945e+002 -1.3556e+000 +1.2555e+000
13718 0 +4.924618044e-002 +1.948492462e+002 +1.948492462e+002 -1.3548e+000 +1.2559e+000
13720 0 +4.785720843e-002 +1.948478572e+002 +1.948478572e+002 -1.3547e+000 +1.2559e+000
13726 0 +4.499058711e-002 +1.948449906e+002 +1.948449906e+002 -1.3537e+000 +1.2564e+000
13729 0 +4.434707648e-002 +1.948443471e+002 +1.948443471e+002 -1.3535e+000 +1.2565e+000
13740 0 +4.237491319e-002 +1.948423749e+002 +1.948423749e+002 -1.3525e+000 +1.2568e+000
16164 0 +3.493692946e-002 +1.948349369e+002 +1.948349369e+002 -1.2497e+000 +1.2509e+000
16204 0 +8.924728792e-003 +1.948089247e+002 +1.948089247e+002 -1.2506e+000 +1.2494e+000
16280 0 +3.333308846e-003 +1.948033333e+002 +1.948033333e+002 -1.2492e+000 +1.2506e+000
16320 0 +2.046469874e-003 +1.948020465e+002 +1.948020465e+002 -1.2486e+000 +1.2507e+000
16342 0 +2.041359365e-003 +1.948020414e+002 +1.948020414e+002 -1.2507e+000 +1.2495e+000
16343 0 +1.861886801e-003 +1.948018619e+002 +1.948018619e+002 -1.2486e+000 +1.2506e+000
16392 0 +6.704522512e-004 +1.948006705e+002 +1.948006705e+002 -1.2496e+000 +1.2501e+000
16426 0 +3.177902097e-004 +1.948003178e+002 +1.948003178e+002 -1.2499e+000 +1.2501e+000
16535 0 +8.036068638e-005 +1.948000804e+002 +1.948000804e+002 -1.2500e+000 +1.2500e+000
16583 0 +5.753412830e-005 +1.948000575e+002 +1.948000575e+002 -1.2500e+000 +1.2500e+000
16601 0 +2.623575438e-005 +1.948000262e+002 +1.948000262e+002 -1.2499e+000 +1.2500e+000
16627 0 +2.307857812e-006 +1.948000023e+002 +1.948000023e+002 -1.2500e+000 +1.2500e+000
16687 0 +0.000000000e+000 +1.948000000e+002 +1.948000000e+002 -1.2500e+000 +1.2500e+000
% f evaluations | g evaluations | best noise-free fitness - Fopt (-1.335900000000e+002) + sum g_i+ | measured fitness | best measured fitness or single-digit g-values | x1 | x2...
1 0 +5.561078906e+001 -7.797921094e+001 -7.797921094e+001 -1.9552e+000 -3.3007e+000
3 0 +5.339720663e+001 -8.019279337e+001 -8.019279337e+001 +1.3155e+000 +1.8097e+000
4 0 +3.801832758e+001 -9.557167242e+001 -9.557167242e+001 -5.0000e+000 +5.0000e+000
5 0 +1.578925601e+001 -1.178007440e+002 -1.178007440e+002 -1.5384e+000 +4.2471e-001
6 0 +1.291451227e+001 -1.206754877e+002 -1.206754877e+002 -5.0000e+000 +2.6917e-001
13 0 +7.583581289e+000 -1.260064187e+002 -1.260064187e+002 +5.2175e-001 -1.4315e+000
176 0 +5.407565388e+000 -1.281824346e+002 -1.281824346e+002 +7.0933e-001 -1.6888e+000
261 0 +4.721776114e+000 -1.288682239e+002 -1.288682239e+002 +4.8102e-001 -1.4066e+000
268 0 +2.984392223e+000 -1.306056078e+002 -1.306056078e+002 +8.5368e-001 -1.7769e+000
342 0 +2.626669221e+000 -1.309633308e+002 -1.309633308e+002 +6.6610e-001 -1.5197e+000
374 0 +2.118203198e+000 -1.314717968e+002 -1.314717968e+002 +6.6411e-001 -1.5197e+000
406 0 +1.901728178e+000 -1.316882718e+002 -1.316882718e+002 +6.6225e-001 -1.5171e+000
426 0 +1.833226344e+000 -1.317567737e+002 -1.317567737e+002 +8.5346e-001 -1.7730e+000
529 0 +1.782755579e+000 -1.318072444e+002 -1.318072444e+002 +8.5318e-001 -1.7726e+000
551 0 +1.770579149e+000 -1.318194209e+002 -1.318194209e+002 +8.5290e-001 -1.7722e+000
560 0 +6.184857144e-001 -1.329715143e+002 -1.329715143e+002 +1.0440e+000 -1.5194e+000
565 0 +5.410687593e-001 -1.330489312e+002 -1.330489312e+002 +1.0437e+000 -1.5190e+000
582 0 +5.066878031e-001 -1.330833122e+002 -1.330833122e+002 +1.4251e+000 -1.5190e+000
591 0 +4.727772806e-001 -1.331172227e+002 -1.331172227e+002 +1.2342e+000 -1.2655e+000
635 0 +1.684250851e-001 -1.334215749e+002 -1.334215749e+002 +1.3338e+000 -1.3881e+000
648 0 +1.290870174e-001 -1.334609130e+002 -1.334609130e+002 +1.3335e+000 -1.3877e+000
683 0 +1.273347273e-001 -1.334626653e+002 -1.334626653e+002 +1.3332e+000 -1.3873e+000
782 0 +8.679056152e-002 -1.335032094e+002 -1.335032094e+002 +1.2422e+000 -1.2568e+000
799 0 +1.513110685e-002 -1.335748689e+002 -1.335748689e+002 +1.2514e+000 -1.2493e+000
800 0 +2.580494754e-003 -1.335874195e+002 -1.335874195e+002 +1.2511e+000 -1.2489e+000
832 0 +1.864160026e-008 -1.335900000e+002 -1.335900000e+002 +1.2500e+000 -1.2500e+000
840 0 +5.055085239e-009 -1.335900000e+002 -1.335900000e+002 +1.2500e+000 -1.2500e+000
% f evaluations | g evaluations | best noise-free fitness - Fopt (-3.085000000000e+001) + sum g_i+ | measured fitness | best measured fitness or single-digit g-values | x1 | x2...
1 0 +2.409875018e+001 -6.751249816e+000 -6.751249816e+000 +2.5086e+000 -4.3958e+000
2 0 +2.272102064e+001 -8.128979358e+000 -8.128979358e+000 +2.1013e+000 +1.6693e+000
3 0 +2.160080030e+001 -9.249199699e+000 -9.249199699e+000 -9.8749e-001 -1.0181e+000
6 0 +9.309562257e+000 -2.154043774e+001 -2.154043774e+001 +6.4961e-001 -2.3690e+000
16 0 +4.486058924e+000 -2.636394108e+001 -2.636394108e+001 +1.2715e+000 -2.7123e+000
90 0 +2.931289411e+000 -2.791871059e+001 -2.791871059e+001 +2.7083e+000 -3.6435e+000
139 0 +2.389486570e+000 -2.846051343e+001 -2.846051343e+001 +2.6451e+000 -3.4032e+000
458 0 +2.206258052e+000 -2.864374195e+001 -2.864374195e+001 +2.5732e+000 -3.1514e+000
601 0 +2.060108682e+000 -2.878989132e+001 -2.878989132e+001 +2.7946e+000 -2.7339e+000
967 0 +2.021877880e+000 -2.882812212e+001 -2.882812212e+001 +2.8564e+000 -2.9694e+000
1176 0 +1.567600086e+000 -2.928239991e+001 -2.928239991e+001 -1.5174e+000 +1.0503e+000
1516 0 +7.706597501e-001 -3.007934025e+001 -3.007934025e+001 -1.5174e+000 +1.0449e+000
1670 0 +5.827036795e-001 -3.026729632e+001 -3.026729632e+001 -1.1819e+000 +1.0023e+000
1819 0 +5.333750962e-001 -3.031662490e+001 -3.031662490e+001 -1.1837e+000 +1.0088e+000
1868 0 +4.266207580e-001 -3.042337924e+001 -3.042337924e+001 -1.1844e+000 +1.0088e+000
1889 0 +3.773955192e-001 -3.047260448e+001 -3.047260448e+001 -1.1851e+000 +1.0088e+000
1892 0 +2.866929471e-001 -3.056330705e+001 -3.056330705e+001 -1.1884e+000 +1.0153e+000
1895 0 +2.548553945e-001 -3.059514461e+001 -3.059514461e+001 -1.1891e+000 +1.0153e+000
1897 0 +2.315187946e-001 -3.061848121e+001 -3.061848121e+001 -1.1932e+000 +1.0218e+000
1937 0 +2.265195203e-001 -3.062348048e+001 -3.062348048e+001 -1.1929e+000 +1.0218e+000
77543 0 +2.166305828e-001 -3.063336942e+001 -3.063336942e+001 -1.0980e+000 +1.0804e+000
77604 0 +2.116523759e-001 -3.063834762e+001 -3.063834762e+001 -1.1002e+000 +1.0838e+000
77631 0 +2.075376900e-001 -3.064246231e+001 -3.064246231e+001 -1.0992e+000 +1.0834e+000
77709 0 +2.029899923e-001 -3.064701001e+001 -3.064701001e+001 -1.0991e+000 +1.0829e+000
84395 0 +9.194298074e-002 -3.075805702e+001 -3.075805702e+001 -1.3418e+000 +1.1870e+000
84535 0 +8.284247709e-003 -3.084171575e+001 -3.084171575e+001 -1.2507e+000 +1.2506e+000
84793 0 +3.999235212e-003 -3.084600076e+001 -3.084600076e+001 -1.2510e+000 +1.2519e+000
84835 0 +3.115499138e-003 -3.084688450e+001 -3.084688450e+001 -1.2510e+000 +1.2517e+000
84859 0 +1.671241432e-003 -3.084832876e+001 -3.084832876e+001 -1.2504e+000 +1.2508e+000
84885 0 +4.603380330e-004 -3.084953966e+001 -3.084953966e+001 -1.2500e+000 +1.2501e+000
84941 0 +3.207429700e-008 -3.084999997e+001 -3.084999997e+001 -1.2500e+000 +1.2500e+000
84963 0 +1.509839365e-009 -3.085000000e+001 -3.085000000e+001 -1.2500e+000 +1.2500e+000
% f evaluations | g evaluations | best noise-free fitness - Fopt (-9.200000000000e+000) + sum g_i+ | measured fitness | best measured fitness or single-digit g-values | x1 | x2...
1 0 +3.355184339e+001 +2.435184339e+001 +2.435184339e+001 -4.9626e+000 +4.9972e+000
3 0 +1.792634684e+001 +8.726346840e+000 +8.726346840e+000 -1.7808e+000 +2.3139e+000
14 0 +1.484823056e+001 +5.648230559e+000 +5.648230559e+000 -4.6305e+000 -1.3005e+000
27 0 +1.418822108e+001 +4.988221079e+000 +4.988221079e+000 -3.9227e+000 +1.5588e+000
33 0 +1.408448510e+001 +4.884485095e+000 +4.884485095e+000 -2.8119e+000 +4.5509e+000
36 0 +9.314298985e+000 +1.142989848e-001 +1.142989848e-001 -2.2122e+000 +2.5100e+000
58 0 +7.409665162e+000 -1.790334838e+000 -1.790334838e+000 -3.8695e+000 +4.4015e+000
78 0 +5.134638923e+000 -4.065361077e+000 -4.065361077e+000 -3.5845e+000 +9.7725e-001
138 0 +2.911871658e+000 -6.288128342e+000 -6.288128342e+000 -3.9079e+000 +2.7618e+000
290 0 +2.746926746e+000 -6.453073254e+000 -6.453073254e+000 -3.9039e+000 +2.7618e+000
679 0 +2.394266804e+000 -6.805733196e+000 -6.805733196e+000 -3.0443e+000 +2.1690e+000
781 0 +2.319484487e+000 -6.880515513e+000 -6.880515513e+000 -2.5239e+000 +3.0826e+000
1054 0 +2.222056799e+000 -6.977943201e+000 -6.977943201e+000 -2.5220e+000 +3.1960e+000
1162 0 +2.185989604e+000 -7.014010396e+000 -7.014010396e+000 -2.5244e+000 +3.1971e+000
1347 0 +2.137130273e+000 -7.062869727e+000 -7.062869727e+000 -2.5310e+000 +3.1438e+000
1854 0 +9.740817432e-001 -8.225918257e+000 -8.225918257e+000 +7.8799e-001 -1.3378e+000
12196 0 +7.509161793e-001 -8.449083821e+000 -8.449083821e+000 +1.2240e+000 -1.4673e+000
12536 0 +6.539412706e-001 -8.546058729e+000 -8.546058729e+000 +1.2306e+000 -1.4656e+000
12765 0 +6.394617872e-001 -8.560538213e+000 -8.560538213e+000 +1.2713e+000 -8.6145e-001
12832 0 +2.254696589e-001 -8.974530341e+000 -8.974530341e+000 +1.2405e+000 -1.4738e+000
12948 0 +1.394341522e-001 -9.060565848e+000 -9.060565848e+000 +1.2435e+000 -1.4178e+000
13151 0 +1.277890012e-001 -9.072210999e+000 -9.072210999e+000 +1.2510e+000 -1.3654e+000
13188 0 +1.208427603e-001 -9.079157240e+000 -9.079157240e+000 +1.2479e+000 -1.1927e+000
13282 0 +7.891804228e-002 -9.121081958e+000 -9.121081958e+000 +1.2422e+000 -1.2452e+000
13376 0 +3.973313608e-002 -9.160266864e+000 -9.160266864e+000 +1.2486e+000 -1.1919e+000
13464 0 +2.332693357e-002 -9.176673066e+000 -9.176673066e+000 +1.2510e+000 -1.1935e+000
13465 0 +8.778097378e-003 -9.191221903e+000 -9.191221903e+000 +1.2474e+000 -1.2488e+000
13607 0 +8.310061182e-004 -9.199168994e+000 -9.199168994e+000 +1.2509e+000 -1.2505e+000
13609 0 +5.294429829e-004 -9.199470557e+000 -9.199470557e+000 +1.2501e+000 -1.2500e+000
13789 0 +2.078904564e-004 -9.199792110e+000 -9.199792110e+000 +1.2501e+000 -1.2500e+000
13818 0 +3.946776309e-005 -9.199960532e+000 -9.199960532e+000 +1.2501e+000 -1.2500e+000
13868 0 +2.167340737e-005 -9.199978327e+000 -9.199978327e+000 +1.2501e+000 -1.2501e+000
14014 0 +1.549663672e-005 -9.199984503e+000 -9.199984503e+000 +1.2499e+000 -1.2499e+000
14020 0 +1.336568683e-005 -9.199986634e+000 -9.199986634e+000 +1.2499e+000 -1.2499e+000
14035 0 +0.000000000e+000 -9.200000000e+000 -9.200000000e+000 +1.2500e+000 -1.2500e+000
% f evaluations | g evaluations | best noise-free fitness - Fopt (-2.037600000000e+002) + sum g_i+ | measured fitness | best measured fitness or single-digit g-values | x1 | x2...
1 0 +5.097268142e+001 -1.527873186e+002 -1.527873186e+002 -3.9762e+000 -1.1491e+000
2 0 +5.001715284e+001 -1.537428472e+002 -1.537428472e+002 +3.6372e+000 -3.9487e+000
3 0 +2.468250052e+001 -1.790774995e+002 -1.790774995e+002 +3.8892e-001 +2.9570e+000
4 0 +1.912644423e+001 -1.846335558e+002 -1.846335558e+002 +5.0000e+000 +5.0000e+000
16 0 +1.611237491e+001 -1.876476251e+002 -1.876476251e+002 -2.0761e+000 -2.2118e+000
33 0 +5.950040410e+000 -1.978099596e+002 -1.978099596e+002 +1.0147e+000 +1.3914e+000
55 0 +5.672097039e+000 -1.980879030e+002 -1.980879030e+002 +1.8149e+000 +1.5633e+000
167 0 +4.272657047e+000 -1.994873430e+002 -1.994873430e+002 +1.8149e+000 +2.0216e+000
188 0 +4.162265088e+000 -1.995977349e+002 -1.995977349e+002 +3.8075e+000 +3.7097e+000
198 0 +3.196007951e+000 -2.005639920e+002 -2.005639920e+002 +2.9599e+000 +2.2929e+000
284 0 +3.153901926e+000 -2.006060981e+002 -2.006060981e+002 +1.8995e+000 +2.1737e+000
341 0 +2.861707245e+000 -2.008982928e+002 -2.008982928e+002 +3.2370e+000 +3.4635e+000
396 0 +2.782737480e+000 -2.009772625e+002 -2.009772625e+002 +3.2146e+000 +3.4418e+000
404 0 +2.598943723e+000 -2.011610563e+002 -2.011610563e+002 +3.2258e+000 +3.4527e+000
562 0 +2.344143208e+000 -2.014158568e+002 -2.014158568e+002 +3.2253e+000 +3.4537e+000
566 0 +2.238449087e+000 -2.015215509e+002 -2.015215509e+002 +3.2270e+000 +3.4567e+000
1008 0 +2.138219871e+000 -2.016217801e+002 -2.016217801e+002 -1.0004e+000 -1.5342e+000
2558 0 +2.052620773e+000 -2.017073792e+002 -2.017073792e+002 +3.1626e+000 +2.8641e+000
2599 0 +2.036821864e+000 -2.017231781e+002 -2.017231781e+002 +3.1635e+000 +2.8655e+000
12558 0 +1.037693427e+000 -2.027223066e+002 -2.027223066e+002 -1.0856e+000 -1.6984e+000
12915 0 +1.972532942e-001 -2.035627467e+002 -2.035627467e+002 -1.2664e+000 -1.0389e+000
13234 0 +1.930506918e-001 -2.035669493e+002 -2.035669493e+002 -1.2664e+000 -1.0387e+000
13432 0 +1.896015355e-001 -2.035703985e+002 -2.035703985e+002 -1.2667e+000 -1.0389e+000
13464 0 +1.831827257e-001 -2.035768173e+002 -2.035768173e+002 -1.2675e+000 -1.0395e+000
13474 0 +1.808615386e-001 -2.035791385e+002 -2.035791385e+002 -1.2678e+000 -1.0400e+000
13539 0 +1.754315133e-001 -2.035845685e+002 -2.035845685e+002 -1.2694e+000 -1.0416e+000
24185 0 +6.588817741e-002 -2.036941118e+002 -2.036941118e+002 -1.1282e+000 -1.2837e+000
24459 0 +6.453059950e-002 -2.036954694e+002 -2.036954694e+002 -1.1274e+000 -1.2830e+000
58860 0 +1.436469991e-002 -2.037456353e+002 -2.037456353e+002 -1.2491e+000 -1.2485e+000
59394 0 +7.040871936e-003 -2.037529591e+002 -2.037529591e+002 -1.2488e+000 -1.2484e+000
59420 0 +3.936650347e-003 -2.037560633e+002 -2.037560633e+002 -1.2485e+000 -1.2484e+000
59532 0 +3.087779684e-003 -2.037569122e+002 -2.037569122e+002 -1.2487e+000 -1.2487e+000
59580 0 +2.696941608e-003 -2.037573031e+002 -2.037573031e+002 -1.2488e+000 -1.2487e+000
59612 0 +2.423484207e-004 -2.037597577e+002 -2.037597577e+002 -1.2501e+000 -1.2500e+000
59681 0 +2.021067758e-010 -2.037600000e+002 -2.037600000e+002 -1.2500e+000 -1.2500e+000
% f evaluations | g evaluations | best noise-free fitness - Fopt (3.399000000000e+001) + sum g_i+ | measured fitness | best measured fitness or single-digit g-values | x1 | x2...
1 0 +4.272254605e+001 +7.671254605e+001 +7.671254605e+001 +3.8636e+000 +4.3027e+000
2 0 +2.927058906e+001 +6.326058906e+001 +6.326058906e+001 +1.2271e+000 -3.4740e+000
14 0 +2.780985266e+001 +6.179985266e+001 +6.179985266e+001 +3.1101e+000 -8.2203e-001
30 0 +1.566377706e+001 +4.965377706e+001 +4.965377706e+001 +2.5780e+000 -1.7212e-001
53 0 +1.366476223e+001 +4.765476223e+001 +4.765476223e+001 +2.6729e+000 -1.7944e+000
68 0 +5.962938485e+000 +3.995293848e+001 +3.995293848e+001 +2.3714e+000 -1.2529e+000
102 0 +5.681411980e+000 +3.967141198e+001 +3.967141198e+001 +2.2995e+000 -9.2669e-001
158 0 +5.146827987e+000 +3.913682799e+001 +3.913682799e+001 +2.1819e+000 -1.0715e+000
210 0 +4.915138003e+000 +3.890513800e+001 +3.890513800e+001 +1.9488e+000 -1.3588e+000
211 0 +4.000328810e+000 +3.799032881e+001 +3.799032881e+001 +1.6141e+000 -1.7041e+000
225 0 +3.268187690e+000 +3.725818769e+001 +3.725818769e+001 +1.7868e+000 -1.9386e+000
237 0 +1.448041573e+000 +3.543804157e+001 +3.543804157e+001 +1.6001e+000 -1.3071e+000
251 0 +3.560967904e-001 +3.434609679e+001 +3.434609679e+001 +1.2514e+000 -1.2555e+000
340 0 +9.940752532e-002 +3.408940753e+001 +3.408940753e+001 +1.2484e+000 -1.2550e+000
355 0 +1.547427872e-002 +3.400547428e+001 +3.400547428e+001 +1.2496e+000 -1.2542e+000
372 0 +1.479816017e-002 +3.400479816e+001 +3.400479816e+001 +1.2496e+000 -1.2542e+000
381 0 +1.414461486e-002 +3.400414461e+001 +3.400414461e+001 +1.2496e+000 -1.2541e+000
392 0 +1.023194057e-002 +3.400023194e+001 +3.400023194e+001 +1.2496e+000 -1.2535e+000
399 0 +9.399922628e-003 +3.399939992e+001 +3.399939992e+001 +1.2496e+000 -1.2534e+000
400 0 +8.049195658e-003 +3.399804920e+001 +3.399804920e+001 +1.2498e+000 -1.2529e+000
403 0 +5.047615690e-003 +3.399504762e+001 +3.399504762e+001 +1.2497e+000 -1.2525e+000
407 0 +4.544141361e-003 +3.399454414e+001 +3.399454414e+001 +1.2497e+000 -1.2524e+000
408 0 +2.977290610e-003 +3.399297729e+001 +3.399297729e+001 +1.2498e+000 -1.2519e+000
413 0 +1.931028971e-003 +3.399193103e+001 +3.399193103e+001 +1.2498e+000 -1.2515e+000
422 0 +1.862883793e-003 +3.399186288e+001 +3.399186288e+001 +1.2498e+000 -1.2504e+000
426 0 +2.874732693e-004 +3.399028747e+001 +3.399028747e+001 +1.2499e+000 -1.2504e+000
434 0 +1.257660642e-012 +3.399000000e+001 +3.399000000e+001 +1.2500e+000 -1.2500e+000
% f evaluations | g evaluations | best noise-free fitness - Fopt (-1.000000000000e+003) + sum g_i+ | measured fitness | best measured fitness or single-digit g-values | x1 | x2...
1 0 +4.636578047e+001 -9.536342195e+002 -9.536342195e+002 +3.4593e+000 +3.6199e-001
2 0 +1.013387513e+001 -9.898661249e+002 -9.898661249e+002 +1.5055e+000 +2.9534e-001
27 0 +8.213820212e+000 -9.917861798e+002 -9.917861798e+002 -2.6334e+000 -1.3211e+000
91 0 +4.785092152e+000 -9.952149078e+002 -9.952149078e+002 -3.9756e+000 -1.3211e+000
133 0 +2.966777387e+000 -9.970332226e+002 -9.970332226e+002 -2.4428e+000 -2.2538e+000
198 0 +2.398148307e+000 -9.976018517e+002 -9.976018517e+002 -3.2064e+000 -2.3480e+000
888 0 +2.332186005e+000 -9.976678140e+002 -9.976678140e+002 -2.5719e+000 -2.9512e+000
920 0 +2.199902096e+000 -9.978000979e+002 -9.978000979e+002 -3.1266e+000 -3.3896e+000
946 0 +2.130245929e+000 -9.978697541e+002 -9.978697541e+002 -2.8577e+000 -3.1687e+000
1063 0 +2.058611730e+000 -9.979413883e+002 -9.979413883e+002 -2.7189e+000 -3.0585e+000
1504 0 +2.041110907e+000 -9.979588891e+002 -9.979588891e+002 -2.7213e+000 -3.0575e+000
24168 0 +1.460471626e+000 -9.985395284e+002 -9.985395284e+002 +1.7435e+000 +1.1233e+000
24568 0 +1.068794019e+000 -9.989312060e+002 -9.989312060e+002 +1.7088e+000 +1.0814e+000
24641 0 +9.523348506e-001 -9.990476651e+002 -9.990476651e+002 +1.5515e+000 +1.5119e+000
24784 0 +8.932865841e-001 -9.991067134e+002 -9.991067134e+002 +1.5168e+000 +1.4700e+000
24807 0 +7.743705419e-001 -9.992256295e+002 -9.992256295e+002 +1.3451e+000 +1.3187e+000
24839 0 +3.784453170e-001 -9.996215547e+002 -9.996215547e+002 +1.3799e+000 +1.3606e+000
24895 0 +2.425708365e-001 -9.997574292e+002 -9.997574292e+002 +1.3271e+000 +1.3277e+000
24948 0 +1.384426742e-001 -9.998615573e+002 -9.998615573e+002 +1.2396e+000 +1.2529e+000
25126 0 +9.553100197e-002 -9.999044690e+002 -9.999044690e+002 +1.1613e+000 +1.1751e+000
25128 0 +7.539330980e-002 -9.999246067e+002 -9.999246067e+002 +1.2521e+000 +1.2482e+000
25146 0 +2.183300166e-002 -9.999781670e+002 -9.999781670e+002 +1.2488e+000 +1.2499e+000
25200 0 +1.895763618e-002 -9.999810424e+002 -9.999810424e+002 +1.2978e+000 +1.2859e+000
25422 0 +1.757623163e-002 -9.999824238e+002 -9.999824238e+002 +1.2067e+000 +1.2125e+000
25477 0 +1.655996979e-003 -9.999983440e+002 -9.999983440e+002 +1.2488e+000 +1.2504e+000
25712 0 +1.203970029e-003 -9.999987960e+002 -9.999987960e+002 +1.2499e+000 +1.2499e+000
25803 0 +1.122029797e-004 -9.999998878e+002 -9.999998878e+002 +1.2502e+000 +1.2500e+000
25890 0 +1.102058676e-004 -9.999998898e+002 -9.999998898e+002 +1.2503e+000 +1.2499e+000
25924 0 +1.094167876e-004 -9.999998906e+002 -9.999998906e+002 +1.2497e+000 +1.2501e+000
25941 0 +6.926201877e-005 -9.999999307e+002 -9.999999307e+002 +1.2497e+000 +1.2501e+000
25953 0 +2.491645932e-005 -9.999999751e+002 -9.999999751e+002 +1.2498e+000 +1.2501e+000
25956 0 +1.097629809e-005 -9.999999890e+002 -9.999999890e+002 +1.2500e+000 +1.2500e+000
25960 0 +0.000000000e+000 -1.000000000e+003 -1.000000000e+003 +1.2500e+000 +1.2500e+000
% f evaluations | g evaluations | best noise-free fitness - Fopt (-1.000000000000e+003) + sum g_i+ | measured fitness | best measured fitness or single-digit g-values | x1 | x2...
1 0 +5.862603583e+001 -9.413739642e+002 -9.413739642e+002 +4.1226e+000 -1.6374e+000
2 0 +3.744726567e+001 -9.625527343e+002 -9.625527343e+002 +6.8398e-001 +1.0650e+000
3 0 +9.785382974e+000 -9.902146170e+002 -9.902146170e+002 -3.2845e+000 -1.2339e+000
22 0 +8.442785648e+000 -9.915572144e+002 -9.915572144e+002 -1.9740e+000 -1.8561e+000
26 0 +6.045046973e+000 -9.939549530e+002 -9.939549530e+002 -2.2016e+000 -1.5924e+000
43 0 +3.839720863e+000 -9.961602791e+002 -9.961602791e+002 -2.6373e+000 -1.4299e+000
95 0 +3.561379218e+000 -9.964386208e+002 -9.964386208e+002 -2.7576e+000 -1.4360e+000
169 0 +2.544328895e+000 -9.974556711e+002 -9.974556711e+002 -2.5339e+000 -2.6671e+000
337 0 +2.273189392e+000 -9.977268106e+002 -9.977268106e+002 -2.8725e+000 -2.4789e+000
549 0 +2.156918897e+000 -9.978430811e+002 -9.978430811e+002 -2.7155e+000 -2.7043e+000
591 0 +2.109848509e+000 -9.978901515e+002 -9.978901515e+002 -2.7138e+000 -2.7066e+000
643 0 +2.081376690e+000 -9.979186233e+002 -9.979186233e+002 -2.7145e+000 -2.7057e+000
1851 0 +2.041675322e+000 -9.979583247e+002 -9.979583247e+002 -3.0994e+000 -2.7732e+000
2299 0 +7.690334382e-001 -9.992309666e+002 -9.992309666e+002 +1.4489e+000 +1.2843e+000
2343 0 +2.976055561e-001 -9.997023944e+002 -9.997023944e+002 +1.4349e+000 +1.2858e+000
2383 0 +2.493850952e-001 -9.997506149e+002 -9.997506149e+002 +1.4362e+000 +1.2857e+000
2508 0 +1.200165484e-001 -9.998799835e+002 -9.998799835e+002 +1.2537e+000 +1.2474e+000
2594 0 +1.141521464e-001 -9.998858479e+002 -9.998858479e+002 +1.1582e+000 +1.2323e+000
2618 0 +6.140367520e-002 -9.999385963e+002 -9.999385963e+002 +1.1531e+000 +1.2328e+000
2673 0 +4.729552628e-002 -9.999527045e+002 -9.999527045e+002 +1.1544e+000 +1.2327e+000
2756 0 +4.317216865e-002 -9.999568278e+002 -9.999568278e+002 +1.1542e+000 +1.2330e+000
2818 0 +3.044063747e-002 -9.999695594e+002 -9.999695594e+002 +1.2544e+000 +1.2480e+000
2851 0 +2.924153313e-002 -9.999707585e+002 -9.999707585e+002 +1.2556e+000 +1.2481e+000
2853 0 +1.891148090e-002 -9.999810885e+002 -9.999810885e+002 +1.2545e+000 +1.2484e+000
2855 0 +3.790761461e-003 -9.999962092e+002 -9.999962092e+002 +1.2519e+000 +1.2492e+000
2990 0 +3.546753863e-003 -9.999964532e+002 -9.999964532e+002 +1.2520e+000 +1.2493e+000
2996 0 +3.072434909e-003 -9.999969276e+002 -9.999969276e+002 +1.2516e+000 +1.2493e+000
3003 0 +2.547105664e-003 -9.999974529e+002 -9.999974529e+002 +1.2517e+000 +1.2494e+000
3016 0 +1.007469330e-003 -9.999989925e+002 -9.999989925e+002 +1.2510e+000 +1.2496e+000
3022 0 +4.449163916e-004 -9.999995551e+002 -9.999995551e+002 +1.2507e+000 +1.2497e+000
3034 0 +4.255384847e-004 -9.999995745e+002 -9.999995745e+002 +1.2506e+000 +1.2498e+000
3045 0 +3.968950507e-004 -9.999996031e+002 -9.999996031e+002 +1.2502e+000 +1.2499e+000
3051 0 +5.433353419e-005 -9.999999457e+002 -9.999999457e+002 +1.2500e+000 +1.2500e+000
3059 0 +1.136868377e-013 -1.000000000e+003 -1.000000000e+003 +1.2500e+000 +1.2500e+000
% f evaluations | g evaluations | best noise-free fitness - Fopt (-1.272000000000e+001) + sum g_i+ | measured fitness | best measured fitness or single-digit g-values | x1 | x2...
1 0 +3.117524393e+001 +1.845524393e+001 +1.845524393e+001 -2.9318e+000 +1.5295e+000
2 0 +1.805397292e+001 +5.333972919e+000 +5.333972919e+000 -4.9383e+000 -3.2055e+000
6 0 +1.157684492e+001 -1.143155082e+000 -1.143155082e+000 -3.6818e+000 -1.7481e+000
12 0 +9.817775385e+000 -2.902224615e+000 -2.902224615e+000 -3.8590e+000 -2.2235e+000
24 0 +6.364343420e+000 -6.355656580e+000 -6.355656580e+000 -8.9111e-001 -1.7736e+000
47 0 +3.120507319e+000 -9.599492681e+000 -9.599492681e+000 -2.9820e+000 -1.8610e+000
303 0 +2.832857007e+000 -9.887142993e+000 -9.887142993e+000 -2.9376e+000 -1.9542e+000
431 0 +2.645849789e+000 -1.007415021e+001 -1.007415021e+001 -2.9472e+000 -1.9555e+000
488 0 +2.607631943e+000 -1.011236806e+001 -1.011236806e+001 -2.9569e+000 -1.9568e+000
1052 0 +9.872449119e-001 -1.173275509e+001 -1.173275509e+001 +1.7047e+000 +1.4134e+000
1763 0 +9.461984233e-001 -1.177380158e+001 -1.177380158e+001 +1.6794e+000 +1.4609e+000
8266 0 +2.539546962e-001 -1.246604530e+001 -1.246604530e+001 +1.3108e+000 +1.1564e+000
8499 0 +2.478542778e-001 -1.247214572e+001 -1.247214572e+001 +1.1755e+000 +1.3899e+000
8701 0 +1.928187676e-001 -1.252718123e+001 -1.252718123e+001 +1.3108e+000 +1.1068e+000
8831 0 +8.780331339e-002 -1.263219669e+001 -1.263219669e+001 +1.2953e+000 +1.1546e+000
8882 0 +3.813393301e-002 -1.268186607e+001 -1.268186607e+001 +1.2475e+000 +1.2490e+000
9002 0 +2.387273800e-002 -1.269612726e+001 -1.269612726e+001 +1.2302e+000 +1.2977e+000
9003 0 +1.463594536e-002 -1.270536405e+001 -1.270536405e+001 +1.2459e+000 +1.2496e+000
9063 0 +1.358263337e-002 -1.270641737e+001 -1.270641737e+001 +1.2459e+000 +1.2495e+000
9092 0 +8.163659471e-003 -1.271183634e+001 -1.271183634e+001 +1.2471e+000 +1.2498e+000
9232 0 +2.847976839e-003 -1.271715202e+001 -1.271715202e+001 +1.2490e+000 +1.2497e+000
9254 0 +2.277952721e-003 -1.271772205e+001 -1.271772205e+001 +1.2517e+000 +1.2502e+000
9311 0 +6.550401304e-004 -1.271934496e+001 -1.271934496e+001 +1.2505e+000 +1.2500e+000
9390 0 +5.462256158e-004 -1.271945377e+001 -1.271945377e+001 +1.2500e+000 +1.2499e+000
9404 0 +2.760422074e-004 -1.271972396e+001 -1.271972396e+001 +1.2505e+000 +1.2500e+000
9428 0 +2.476119425e-004 -1.271975239e+001 -1.271975239e+001 +1.2501e+000 +1.2500e+000
9446 0 +9.902218004e-005 -1.271990098e+001 -1.271990098e+001 +1.2500e+000 +1.2500e+000
9470 0 +6.873604780e-005 -1.271993126e+001 -1.271993126e+001 +1.2500e+000 +1.2500e+000
9471 0 +9.398186226e-006 -1.271999060e+001 -1.271999060e+001 +1.2500e+000 +1.2500e+000
9479 0 +3.444888819e-011 -1.272000000e+001 -1.272000000e+001 +1.2500e+000 +1.2500e+000
% f evaluations | g evaluations | best noise-free fitness - Fopt (-5.954000000000e+001) + sum g_i+ | measured fitness | best measured fitness or single-digit g-values | x1 | x2...
1 0 +5.590179978e+001 -3.638200219e+000 -3.638200219e+000 +9.7970e-001 -4.4759e+000
2 0 +1.908278472e+001 -4.045721528e+001 -4.045721528e+001 -5.8004e-001 -1.3750e+000
8 0 +1.115155047e+001 -4.838844953e+001 -4.838844953e+001 -7.0526e-001 -9.8215e-001
28 0 +8.021241516e+000 -5.151875848e+001 -5.151875848e+001 +4.2055e+000 +2.3362e+000
40 0 +5.359441151e+000 -5.418055885e+001 -5.418055885e+001 +2.0998e+000 +1.1165e+000
42 0 +5.098184486e+000 -5.444181551e+001 -5.444181551e+001 +4.2194e+000 +1.9809e+000
170 0 +4.906037812e+000 -5.463396219e+001 -5.463396219e+001 +4.7733e+000 +2.1023e+000
238 0 +4.133039153e+000 -5.540696085e+001 -5.540696085e+001 +4.2366e+000 +2.0087e+000
253 0 +4.067612266e+000 -5.547238773e+001 -5.547238773e+001 +4.2393e+000 +2.0169e+000
313 0 +3.384323003e+000 -5.615567700e+001 -5.615567700e+001 +3.8782e+000 +1.8896e+000
316 0 +3.053938299e+000 -5.648606170e+001 -5.648606170e+001 +3.5186e+000 +1.7666e+000
800 0 +2.964231792e+000 -5.657576821e+001 -5.657576821e+001 +3.2307e+000 +2.3064e+000
815 0 +2.426001814e+000 -5.711399819e+001 -5.711399819e+001 +3.3430e+000 +2.6697e+000
841 0 +2.196408367e+000 -5.734359163e+001 -5.734359163e+001 +3.3498e+000 +2.6915e+000
1802 0 +2.157483177e+000 -5.738251682e+001 -5.738251682e+001 +2.9439e+000 +2.8296e+000
1815 0 +2.045440407e+000 -5.749455959e+001 -5.749455959e+001 +2.9429e+000 +2.8288e+000
1824 0 +2.013575720e+000 -5.752642428e+001 -5.752642428e+001 +2.9422e+000 +2.8288e+000
13852 0 +1.924113325e+000 -5.761588667e+001 -5.761588667e+001 -8.4261e-001 -1.3786e+000
14044 0 +1.803736155e+000 -5.773626384e+001 -5.773626384e+001 -1.3100e+000 -8.2836e-001
14441 0 +9.100854224e-001 -5.862991458e+001 -5.862991458e+001 -1.2646e+000 -1.0901e+000
14581 0 +8.392854816e-001 -5.870071452e+001 -5.870071452e+001 -1.1920e+000 -1.4873e+000
14772 0 +4.308380384e-001 -5.910916196e+001 -5.910916196e+001 -1.2821e+000 -1.1389e+000
14884 0 +2.896097257e-001 -5.925039027e+001 -5.925039027e+001 -1.0841e+000 -1.1290e+000
14955 0 +1.610159116e-001 -5.937898409e+001 -5.937898409e+001 -1.2463e+000 -1.2382e+000
15025 0 +7.833033618e-002 -5.946166966e+001 -5.946166966e+001 -1.2524e+000 -1.2536e+000
15177 0 +7.354302895e-002 -5.946645697e+001 -5.946645697e+001 -1.2522e+000 -1.2534e+000
15286 0 +4.638563204e-002 -5.949361437e+001 -5.949361437e+001 -1.2528e+000 -1.2570e+000
15305 0 +4.122663534e-002 -5.949877336e+001 -5.949877336e+001 -1.2527e+000 -1.2565e+000
15392 0 +3.505553485e-002 -5.950494447e+001 -5.950494447e+001 -1.2524e+000 -1.2562e+000
15398 0 +2.886239410e-002 -5.951113761e+001 -5.951113761e+001 -1.2522e+000 -1.2555e+000
15415 0 +2.602153905e-002 -5.951397846e+001 -5.951397846e+001 -1.2521e+000 -1.2552e+000
15427 0 +1.056603990e-002 -5.952943396e+001 -5.952943396e+001 -1.2514e+000 -1.2533e+000
15430 0 +7.766401482e-003 -5.953223360e+001 -5.953223360e+001 -1.2512e+000 -1.2529e+000
15437 0 +2.971029070e-003 -5.953702897e+001 -5.953702897e+001 -1.2507e+000 -1.2516e+000
15474 0 +2.949281928e-003 -5.953705072e+001 -5.953705072e+001 -1.2496e+000 -1.2486e+000
15487 0 +1.728279391e-003 -5.953827172e+001 -5.953827172e+001 -1.2505e+000 -1.2512e+000
15504 0 +1.338258043e-003 -5.953866174e+001 -5.953866174e+001 -1.2502e+000 -1.2501e+000
15519 0 +2.921035311e-004 -5.953970790e+001 -5.953970790e+001 -1.2502e+000 -1.2505e+000
15590 0 +6.484413007e-011 -5.954000000e+001 -5.954000000e+001 -1.2500e+000 -1.2500e+000
% f evaluations | g evaluations | best noise-free fitness - Fopt (-1.000000000000e+003) + sum g_i+ | measured fitness | best measured fitness or single-digit g-values | x1 | x2...
1 0 +4.434687604e+001 -9.556531240e+002 -9.556531240e+002 +3.8965e-001 -3.9746e+000
3 0 +3.817014691e+001 -9.618298531e+002 -9.618298531e+002 -3.2042e+000 +2.4244e+000
5 0 +2.503635356e+001 -9.749636464e+002 -9.749636464e+002 +4.1641e+000 -4.1940e+000
8 0 +1.465721364e+001 -9.853427864e+002 -9.853427864e+002 +2.2358e+000 -4.8745e+000
19 0 +9.852236485e+000 -9.901477635e+002 -9.901477635e+002 +3.9079e+000 -1.7265e+000
30 0 +6.530020067e+000 -9.934699799e+002 -9.934699799e+002 +1.8559e+000 -2.7048e+000
32 0 +3.936043303e+000 -9.960639567e+002 -9.960639567e+002 +2.4709e+000 -3.5136e+000
99 0 +3.795225555e+000 -9.962047744e+002 -9.962047744e+002 +2.4522e+000 -2.7629e+000
111 0 +2.836096335e+000 -9.971639037e+002 -9.971639037e+002 +3.7272e+000 -2.4358e+000
182 0 +2.580683380e+000 -9.974193166e+002 -9.974193166e+002 +3.0305e+000 -3.1595e+000
224 0 +2.203612690e+000 -9.977963873e+002 -9.977963873e+002 +2.4709e+000 -2.7759e+000
243 0 +2.045964272e+000 -9.979540357e+002 -9.979540357e+002 +2.9424e+000 -3.1394e+000
1679 0 +2.039110135e+000 -9.979608899e+002 -9.979608899e+002 +2.8115e+000 -2.7751e+000
7024 0 +3.701209271e-001 -9.996298791e+002 -9.996298791e+002 -1.1863e+000 +1.2576e+000
7990 0 +2.773265419e-002 -9.999722673e+002 -9.999722673e+002 -1.2464e+000 +1.2467e+000
8476 0 +1.957844334e-002 -9.999804216e+002 -9.999804216e+002 -1.2471e+000 +1.2466e+000
8508 0 +1.640743720e-002 -9.999835926e+002 -9.999835926e+002 -1.2512e+000 +1.2506e+000
8515 0 +2.926712113e-003 -9.999970733e+002 -9.999970733e+002 -1.2503e+000 +1.2501e+000
8658 0 +2.579719576e-003 -9.999974203e+002 -9.999974203e+002 -1.2511e+000 +1.2513e+000
8678 0 +1.995115204e-003 -9.999980049e+002 -9.999980049e+002 -1.2511e+000 +1.2511e+000
8689 0 +1.183267159e-003 -9.999988167e+002 -9.999988167e+002 -1.2492e+000 +1.2491e+000
8733 0 +3.956787505e-004 -9.999996043e+002 -9.999996043e+002 -1.2495e+000 +1.2495e+000
8826 0 +2.981044241e-004 -9.999997019e+002 -9.999997019e+002 -1.2496e+000 +1.2496e+000
8868 0 +9.742298516e-005 -9.999999026e+002 -9.999999026e+002 -1.2498e+000 +1.2498e+000
8926 0 +6.973749942e-005 -9.999999303e+002 -9.999999303e+002 -1.2499e+000 +1.2499e+000
8978 0 +8.159996241e-006 -9.999999918e+002 -9.999999918e+002 -1.2499e+000 +1.2499e+000
8995 0 +0.000000000e+000 -1.000000000e+003 -1.000000000e+003 -1.2500e+000 +1.2500e+000
% f evaluations | g evaluations | best noise-free fitness - Fopt (4.303000000000e+001) + sum g_i+ | measured fitness | best measured fitness or single-digit g-values | x1 | x2...
1 0 +4.724682211e+001 +9.027682211e+001 +9.027682211e+001 -5.4153e-001 -4.1634e+000
4 0 +2.018938672e+001 +6.321938672e+001 +6.321938672e+001 -5.0000e+000 +5.0000e+000
5 0 +1.866850940e+001 +6.169850940e+001 +6.169850940e+001 +1.4240e+000 -2.3164e-001
26 0 +6.108038476e+000 +4.913803848e+001 +4.913803848e+001 -2.9037e+000 +3.5686e+000
52 0 +4.579567246e+000 +4.760956725e+001 +4.760956725e+001 -1.7309e+000 +4.0010e+000
162 0 +2.973786159e+000 +4.600378616e+001 +4.600378616e+001 -2.3165e+000 +3.2271e+000
167 0 +2.949391312e+000 +4.597939131e+001 +4.597939131e+001 -2.0805e+000 +2.7858e+000
297 0 +2.798656027e+000 +4.582865603e+001 +4.582865603e+001 -2.9557e+000 +2.4931e+000
438 0 +2.638167290e+000 +4.566816729e+001 +4.566816729e+001 -2.9652e+000 +2.4807e+000
489 0 +2.348006665e+000 +4.537800666e+001 +4.537800666e+001 -2.9674e+000 +2.4754e+000
569 0 +2.289336568e+000 +4.531933657e+001 +4.531933657e+001 -2.9671e+000 +2.4704e+000
611 0 +2.099749871e+000 +4.512974987e+001 +4.512974987e+001 -3.0901e+000 +2.6810e+000
718 0 +2.068654279e+000 +4.509865428e+001 +4.509865428e+001 -3.2140e+000 +2.8901e+000
1420 0 +2.039959211e+000 +4.506995921e+001 +4.506995921e+001 -2.8888e+000 +2.9544e+000
6608 0 +1.942757973e+000 +4.497275797e+001 +4.497275797e+001 +6.6094e-001 -1.4108e+000
6968 0 +1.025957525e+000 +4.405595753e+001 +4.405595753e+001 +1.2198e+000 -1.1565e+000
7363 0 +5.166959938e-001 +4.354669599e+001 +4.354669599e+001 +1.5364e+000 -1.1138e+000
7458 0 +8.814886590e-002 +4.311814887e+001 +4.311814887e+001 +1.2056e+000 -1.1866e+000
7710 0 +8.194595448e-002 +4.311194595e+001 +4.311194595e+001 +1.2056e+000 -1.1863e+000
7738 0 +7.937610524e-002 +4.310937611e+001 +4.310937611e+001 +1.2055e+000 -1.1862e+000
7777 0 +7.339311545e-002 +4.310339312e+001 +4.310339312e+001 +1.2061e+000 -1.1856e+000
7826 0 +5.703909789e-002 +4.308703910e+001 +4.308703910e+001 +1.2064e+000 -1.1843e+000
7854 0 +4.544726025e-002 +4.307544726e+001 +4.307544726e+001 +1.2082e+000 -1.1822e+000
7868 0 +3.175313133e-002 +4.306175313e+001 +4.306175313e+001 +1.2085e+000 -1.1807e+000
7877 0 +2.690124639e-002 +4.305690125e+001 +4.305690125e+001 +1.2094e+000 -1.1793e+000
10572 0 +2.457908641e-002 +4.305457909e+001 +4.305457909e+001 +1.2526e+000 -1.2452e+000
10606 0 +1.719315895e-004 +4.303017193e+001 +4.303017193e+001 +1.2499e+000 -1.2502e+000
10947 0 +3.012904912e-006 +4.303000301e+001 +4.303000301e+001 +1.2500e+000 -1.2500e+000
10952 0 +2.607691840e-012 +4.303000000e+001 +4.303000000e+001 +1.2500e+000 -1.2500e+000
