% f evaluations | g evaluations | best noise-free fitness - Fopt (1.491500000000e+002) + sum g_i+ | measured fitness | best measured fitness or single-digit g-values | x1 | x2...
1 0 +5.798761842e+003 +5.947911842e+003 +5.947911842e+003 -3.5237e+000 -2.8842e+000
5 0 +1.430290243e+003 +1.579440243e+003 +1.579440243e+003 -2.3459e+000 +4.0701e+000
6 0 +1.436279733e+002 +2.927779733e+002 +2.927779733e+002 -6.2753e-001 +9.1831e-003
14 0 +3.449700590e+001 +1.836470059e+002 +1.836470059e+002 -9.8686e-001 -1.9460e+000
18 0 +3.165880391e+001 +1.808088039e+002 +1.808088039e+002 -2.1839e+000 -6.1768e-001
22 0 +2.331924701e+001 +1.724692470e+002 +1.724692470e+002 -9.8686e-001 -8.9230e-001
26 0 +2.431887634e+000 +1.515818876e+002 +1.515818876e+002 -1.4174e+000 -1.1637e+000
27 0 +8.199259724e-001 +1.499699260e+002 +1.499699260e+002 -4.5928e-001 -9.3464e-001
59 0 +5.705743902e-001 +1.497205744e+002 +1.497205744e+002 -4.5928e-001 -1.0795e+000
67 0 +2.030025665e-001 +1.493530026e+002 +1.493530026e+002 -4.8440e-001 -1.0313e+000
68 0 +2.461978862e-002 +1.491746198e+002 +1.491746198e+002 -2.0175e-001 -6.3682e-001
236 0 +1.666924799e-002 +1.491666692e+002 +1.491666692e+002 -1.4280e-001 -5.4782e-001
270 0 +1.055779882e-002 +1.491605578e+002 +1.491605578e+002 -1.5795e-001 -5.6573e-001
277 0 +7.800039246e-003 +1.491578000e+002 +1.491578000e+002 -1.2488e-001 -5.1073e-001
278 0 +7.163645487e-003 +1.491571636e+002 +1.491571636e+002 -1.3980e-001 -5.3260e-001
289 0 +4.314526395e-003 +1.491543145e+002 +1.491543145e+002 -1.1963e-001 -4.9423e-001
293 0 +3.597680238e-003 +1.491535977e+002 +1.491535977e+002 -8.9359e-002 -4.4288e-001
297 0 +2.663838273e-003 +1.491526638e+002 +1.491526638e+002 -9.8673e-002 -4.5864e-001
304 0 +2.228378857e-003 +1.491522284e+002 +1.491522284e+002 -9.7826e-002 -4.5626e-001
305 0 +1.771092677e-003 +1.491517711e+002 +1.491517711e+002 -9.6086e-002 -4.4990e-001
317 0 +1.554122951e-003 +1.491515541e+002 +1.491515541e+002 -9.4229e-002 -4.4678e-001
321 0 +1.432023163e-003 +1.491514320e+002 +1.491514320e+002 -9.2988e-002 -4.4515e-001
332 0 +1.386471189e-003 +1.491513865e+002 +1.491513865e+002 -9.1220e-002 -4.4249e-001
335 0 +5.919613810e-004 +1.491505920e+002 +1.491505920e+002 -7.6839e-002 -4.1472e-001
339 0 +5.331140530e-004 +1.491505331e+002 +1.491505331e+002 -7.2223e-002 -4.0612e-001
347 0 +3.832135095e-004 +1.491503832e+002 +1.491503832e+002 -6.5960e-002 -3.9384e-001
349 0 +3.361634060e-004 +1.491503362e+002 +1.491503362e+002 -7.0191e-002 -4.0161e-001
358 0 +3.024647862e-004 +1.491503025e+002 +1.491503025e+002 -6.0725e-002 -3.8347e-001
359 0 +4.858716176e-005 +1.491500486e+002 +1.491500486e+002 -6.1717e-002 -3.8404e-001
364 0 +4.449345914e-005 +1.491500445e+002 +1.491500445e+002 -6.1212e-002 -3.8308e-001
370 0 +2.407142102e-005 +1.491500241e+002 +1.491500241e+002 -5.9491e-002 -3.7960e-001
373 0 +1.362799708e-006 +1.491500014e+002 +1.491500014e+002 -5.5450e-002 -3.7141e-001
381 0 +9.252251516e-007 +1.491500009e+002 +1.491500009e+002 -5.5193e-002 -3.7069e-001
387 0 +4.910364737e-008 +1.491500000e+002 +1.491500000e+002 -5.5419e-002 -3.7124e-001
397 0 +1.983949005e-009 +1.491500000e+002 +1.491500000e+002 -5.5165e-002 -3.7073e-001
% f evaluations | g evaluations | best noise-free fitness - Fopt (-1.000000000000e+003) + sum g_i+ | measured fitness | best measured fitness or single-digit g-values | x1 | x2...
1 0 +7.219577817e+002 -2.780422183e+002 -2.780422183e+002 -3.6152e+000 +2.9167e+000
9 0 +1.057088233e+002 -8.942911767e+002 -8.942911767e+002 -3.4088e+000 -6.5694e-001
17 0 +7.259515205e+001 -9.274048479e+002 -9.274048479e+002 -3.3370e+000 -4.1273e-001
24 0 +2.353826614e+001 -9.764617339e+002 -9.764617339e+002 -3.0701e+000 +2.9737e-001
32 0 +7.898116080e+000 -9.921018839e+002 -9.921018839e+002 -3.2090e+000 +8.6395e-001
58 0 +2.978706590e+000 -9.970212934e+002 -9.970212934e+002 -2.6358e+000 +1.8177e+000
66 0 +2.186357683e+000 -9.978136423e+002 -9.978136423e+002 -2.6276e+000 +1.8126e+000
76 0 +1.054551256e+000 -9.989454487e+002 -9.989454487e+002 -2.8966e+000 +1.1846e+000
78 0 +6.640412241e-001 -9.993359588e+002 -9.993359588e+002 -3.0944e+000 +6.6718e-001
88 0 +3.039067542e-001 -9.996960932e+002 -9.996960932e+002 -3.1098e+000 +6.7337e-001
90 0 +2.277089631e-001 -9.997722910e+002 -9.997722910e+002 -3.0089e+000 +9.2599e-001
92 0 +1.725833828e-001 -9.998274166e+002 -9.998274166e+002 -3.1820e+000 +6.4508e-001
106 0 +1.502247620e-001 -9.998497752e+002 -9.998497752e+002 -3.0179e+000 +9.0089e-001
108 0 +1.458736156e-001 -9.998541264e+002 -9.998541264e+002 -3.2050e+000 +6.0394e-001
111 0 +3.049756738e-002 -9.999695024e+002 -9.999695024e+002 -3.0171e+000 +8.7181e-001
135 0 +2.720693041e-002 -9.999727931e+002 -9.999727931e+002 -3.0110e+000 +8.8010e-001
139 0 +2.502961790e-002 -9.999749704e+002 -9.999749704e+002 -3.0053e+000 +8.8899e-001
142 0 +2.402873252e-002 -9.999759713e+002 -9.999759713e+002 -3.0025e+000 +8.9320e-001
150 0 +1.621147256e-002 -9.999837885e+002 -9.999837885e+002 -2.9409e+000 +9.9113e-001
158 0 +8.980293236e-003 -9.999910197e+002 -9.999910197e+002 -2.9368e+000 +1.0039e+000
186 0 +7.930065482e-003 -9.999920699e+002 -9.999920699e+002 -2.9362e+000 +1.0070e+000
215 0 +7.726255190e-003 -9.999922737e+002 -9.999922737e+002 -2.9341e+000 +1.0104e+000
223 0 +7.565239810e-003 -9.999924348e+002 -9.999924348e+002 -2.9251e+000 +1.0246e+000
240 0 +7.360314351e-003 -9.999926397e+002 -9.999926397e+002 -2.9289e+000 +1.0188e+000
243 0 +7.180267828e-003 -9.999928197e+002 -9.999928197e+002 -2.9317e+000 +1.0151e+000
246 0 +7.005868962e-003 -9.999929941e+002 -9.999929941e+002 -2.9281e+000 +1.0207e+000
250 0 +6.885237369e-003 -9.999931148e+002 -9.999931148e+002 -2.9237e+000 +1.0279e+000
267 0 +6.666378381e-003 -9.999933336e+002 -9.999933336e+002 -2.9242e+000 +1.0273e+000
270 0 +6.450389838e-003 -9.999935496e+002 -9.999935496e+002 -2.9281e+000 +1.0224e+000
405 0 +6.307242180e-003 -9.999936928e+002 -9.999936928e+002 -2.9263e+000 +1.0250e+000
543 0 +6.164809965e-003 -9.999938352e+002 -9.999938352e+002 -2.9265e+000 +1.0256e+000
687 0 +6.023724610e-003 -9.999939763e+002 -9.999939763e+002 -2.9250e+000 +1.0278e+000
818 0 +5.879069438e-003 -9.999941209e+002 -9.999941209e+002 -2.9249e+000 +1.0291e+000
830 0 +5.745623866e-003 -9.999942544e+002 -9.999942544e+002 -2.9240e+000 +1.0307e+000
851 0 +5.566199779e-003 -9.999944338e+002 -9.999944338e+002 -2.9222e+000 +1.0332e+000
857 0 +5.477888404e-003 -9.999945221e+002 -9.999945221e+002 -2.9222e+000 +1.0339e+000
888 0 +5.354340260e-003 -9.999946457e+002 -9.999946457e+002 -2.9211e+000 +1.0355e+000
917 0 +5.221459840e-003 -9.999947785e+002 -9.999947785e+002 -2.9203e+000 +1.0371e+000
925 0 +5.123905364e-003 -9.999948761e+002 -9.999948761e+002 -2.9197e+000 +1.0384e+000
933 0 +4.909035892e-003 -9.999950910e+002 -9.999950910e+002 -2.9182e+000 +1.0412e+000
944 0 +4.857256478e-003 -9.999951427e+002 -9.999951427e+002 -2.9179e+000 +1.0419e+000
947 0 +4.771720019e-003 -9.999952283e+002 -9.999952283e+002 -2.9173e+000 +1.0431e+000
953 0 +4.650876253e-003 -9.999953491e+002 -9.999953491e+002 -2.9164e+000 +1.0449e+000
955 0 +4.545793543e-003 -9.999954542e+002 -9.999954542e+002 -2.9156e+000 +1.0464e+000
959 0 +4.466776370e-003 -9.999955332e+002 -9.999955332e+002 -2.9150e+000 +1.0477e+000
960 0 +4.244383398e-003 -9.999957556e+002 -9.999957556e+002 -2.9132e+000 +1.0513e+000
961 0 +4.116153106e-003 -9.999958838e+002 -9.999958838e+002 -2.9120e+000 +1.0536e+000
962 0 +4.023490632e-003 -9.999959765e+002 -9.999959765e+002 -2.9112e+000 +1.0554e+000
967 0 +3.953886652e-003 -9.999960461e+002 -9.999960461e+002 -2.9105e+000 +1.0568e+000
968 0 +3.824437867e-003 -9.999961756e+002 -9.999961756e+002 -2.9092e+000 +1.0594e+000
971 0 +3.482246533e-003 -9.999965178e+002 -9.999965178e+002 -2.9051e+000 +1.0675e+000
972 0 +3.360505807e-003 -9.999966395e+002 -9.999966395e+002 -2.9034e+000 +1.0710e+000
975 0 +3.014032867e-003 -9.999969860e+002 -9.999969860e+002 -2.8969e+000 +1.0842e+000
976 0 +2.853661380e-003 -9.999971463e+002 -9.999971463e+002 -2.8922e+000 +1.0937e+000
980 0 +2.705023647e-003 -9.999972950e+002 -9.999972950e+002 -2.8822e+000 +1.1136e+000
988 0 +2.690870204e-003 -9.999973091e+002 -9.999973091e+002 -2.8776e+000 +1.1230e+000
1023 0 +2.593117555e-003 -9.999974069e+002 -9.999974069e+002 -2.8774e+000 +1.1231e+000
1029 0 +2.548152357e-003 -9.999974518e+002 -9.999974518e+002 -2.8756e+000 +1.1267e+000
1031 0 +2.484974613e-003 -9.999975150e+002 -9.999975150e+002 -2.8744e+000 +1.1292e+000
1032 0 +2.446069709e-003 -9.999975539e+002 -9.999975539e+002 -2.8724e+000 +1.1331e+000
1038 0 +2.324616979e-003 -9.999976754e+002 -9.999976754e+002 -2.8668e+000 +1.1442e+000
1042 0 +2.245635227e-003 -9.999977544e+002 -9.999977544e+002 -2.8635e+000 +1.1507e+000
1043 0 +2.230666088e-003 -9.999977693e+002 -9.999977693e+002 -2.8647e+000 +1.1483e+000
1045 0 +2.061281623e-003 -9.999979387e+002 -9.999979387e+002 -2.8562e+000 +1.1651e+000
1051 0 +2.004529170e-003 -9.999979955e+002 -9.999979955e+002 -2.8531e+000 +1.1712e+000
1053 0 +1.947625563e-003 -9.999980524e+002 -9.999980524e+002 -2.8496e+000 +1.1782e+000
1059 0 +1.892594667e-003 -9.999981074e+002 -9.999981074e+002 -2.8467e+000 +1.1839e+000
1061 0 +1.796907635e-003 -9.999982031e+002 -9.999982031e+002 -2.8410e+000 +1.1953e+000
1072 0 +1.678270346e-003 -9.999983217e+002 -9.999983217e+002 -2.8294e+000 +1.2181e+000
1096 0 +4.290417463e-004 -9.999995710e+002 -9.999995710e+002 -2.8276e+000 +1.2181e+000
1097 0 +2.239238219e-004 -9.999997761e+002 -9.999997761e+002 -2.8337e+000 +1.2062e+000
1098 0 +1.407513574e-004 -9.999998592e+002 -9.999998592e+002 -2.8377e+000 +1.1983e+000
1102 0 +1.352358285e-004 -9.999998648e+002 -9.999998648e+002 -2.8372e+000 +1.1990e+000
1110 0 +8.404125140e-005 -9.999999160e+002 -9.999999160e+002 -2.8406e+000 +1.1923e+000
1118 0 +7.910970203e-005 -9.999999209e+002 -9.999999209e+002 -2.8412e+000 +1.1913e+000
1120 0 +5.370280996e-005 -9.999999463e+002 -9.999999463e+002 -2.8451e+000 +1.1835e+000
1122 0 +3.693670612e-005 -9.999999631e+002 -9.999999631e+002 -2.8470e+000 +1.1797e+000
1134 0 +3.577825350e-005 -9.999999642e+002 -9.999999642e+002 -2.8478e+000 +1.1779e+000
1141 0 +1.101921544e-005 -9.999999890e+002 -9.999999890e+002 -2.8455e+000 +1.1822e+000
1142 0 +7.054634352e-006 -9.999999929e+002 -9.999999929e+002 -2.8471e+000 +1.1791e+000
1153 0 +1.131464842e-007 -9.999999999e+002 -9.999999999e+002 -2.8483e+000 +1.1764e+000
1155 0 +1.993907972e-008 -1.000000000e+003 -1.000000000e+003 -2.8481e+000 +1.1769e+000
1159 0 +4.285993782e-011 -1.000000000e+003 -1.000000000e+003 -2.8482e+000 +1.1766e+000
% f evaluations | g evaluations | best noise-free fitness - Fopt (9.862000000000e+001) + sum g_i+ | measured fitness | best measured fitness or single-digit g-values | x1 | x2...
1 0 +6.128886643e+004 +6.138748643e+004 +6.138748643e+004 +3.4872e+000 +1.1086e+000
2 0 +1.444624017e+003 +1.543244017e+003 +1.543244017e+003 -4.7590e+000 +2.7967e+000
4 0 +9.533120464e+002 +1.051932046e+003 +1.051932046e+003 -5.0000e+000 +5.0000e+000
5 0 +2.091488355e+002 +3.077688355e+002 +3.077688355e+002 -4.1600e+000 +1.9907e+000
8 0 +1.873881046e+002 +2.860081046e+002 +2.860081046e+002 -4.4636e+000 +3.6001e+000
9 0 +1.757421279e+000 +1.003774213e+002 +1.003774213e+002 +4.7075e-001 +2.9962e+000
93 0 +1.670116222e+000 +1.002901162e+002 +1.002901162e+002 +3.9118e-001 +2.6274e+000
99 0 +1.457235633e+000 +1.000772356e+002 +1.000772356e+002 +3.9910e-001 +2.7194e+000
111 0 +1.385556133e+000 +1.000055561e+002 +1.000055561e+002 +3.6549e-001 +2.5764e+000
113 0 +1.351836700e+000 +9.997183670e+001 +9.997183670e+001 +3.1385e-001 +2.3741e+000
114 0 +1.290792782e+000 +9.991079278e+001 +9.991079278e+001 +3.3093e-001 +2.4150e+000
118 0 +1.250625677e+000 +9.987062568e+001 +9.987062568e+001 +3.1026e-001 +2.3194e+000
122 0 +1.034869513e+000 +9.965486951e+001 +9.965486951e+001 +2.1194e-001 +1.9193e+000
129 0 +1.003935048e+000 +9.962393505e+001 +9.962393505e+001 +1.9659e-001 +1.8575e+000
136 0 +9.772950273e-001 +9.959729503e+001 +9.959729503e+001 +1.7205e-001 +1.7766e+000
139 0 +8.420405586e-001 +9.946204056e+001 +9.946204056e+001 +1.0909e-001 +1.5089e+000
141 0 +7.650070842e-001 +9.938500708e+001 +9.938500708e+001 +5.9442e-002 +1.3423e+000
144 0 +6.890696054e-001 +9.930906961e+001 +9.930906961e+001 +2.4881e-002 +1.2008e+000
160 0 +6.439455509e-001 +9.926394555e+001 +9.926394555e+001 -2.4603e-002 +1.0041e+000
165 0 +6.291191396e-001 +9.924911914e+001 +9.924911914e+001 -2.1081e-002 +1.0233e+000
183 0 +5.975261961e-001 +9.921752620e+001 +9.921752620e+001 -3.6654e-002 +9.7167e-001
191 0 +5.772289057e-001 +9.919722891e+001 +9.919722891e+001 -7.6925e-002 +8.1749e-001
194 0 +5.719608725e-001 +9.919196087e+001 +9.919196087e+001 -6.9290e-002 +8.4815e-001
207 0 +4.468959141e-001 +9.906689591e+001 +9.906689591e+001 -1.3912e-001 +6.2234e-001
209 0 +4.323382529e-001 +9.905233825e+001 +9.905233825e+001 -1.8625e-001 +4.5100e-001
211 0 +3.960785665e-001 +9.901607857e+001 +9.901607857e+001 -2.0596e-001 +3.9052e-001
228 0 +3.883735521e-001 +9.900837355e+001 +9.900837355e+001 -2.7931e-001 +1.4711e-001
230 0 +3.748060059e-001 +9.899480601e+001 +9.899480601e+001 -2.1194e-001 +3.7555e-001
235 0 +3.484764608e-001 +9.896847646e+001 +9.896847646e+001 -2.2349e-001 +3.4395e-001
236 0 +2.774099483e-001 +9.889740995e+001 +9.889740995e+001 -2.7931e-001 +1.8346e-001
237 0 +2.315201351e-001 +9.885152014e+001 +9.885152014e+001 -3.5117e-001 -4.9539e-002
238 0 +2.120167300e-001 +9.883201673e+001 +9.883201673e+001 -3.5470e-001 -5.3360e-002
240 0 +1.795424527e-001 +9.879954245e+001 +9.879954245e+001 -4.0193e-001 -1.9163e-001
243 0 +1.736739854e-001 +9.879367399e+001 +9.879367399e+001 -3.9099e-001 -1.5239e-001
250 0 +1.502651368e-001 +9.877026514e+001 +9.877026514e+001 -4.1799e-001 -2.2530e-001
255 0 +1.255085512e-001 +9.874550855e+001 +9.874550855e+001 -4.6979e-001 -3.7589e-001
258 0 +1.019012418e-001 +9.872190124e+001 +9.872190124e+001 -4.8608e-001 -4.0693e-001
280 0 +8.816276959e-002 +9.870816277e+001 +9.870816277e+001 -5.1286e-001 -4.7246e-001
282 0 +7.192240152e-002 +9.869192240e+001 +9.869192240e+001 -5.3958e-001 -5.4971e-001
289 0 +6.827101902e-002 +9.868827102e+001 +9.868827102e+001 -5.5241e-001 -5.8492e-001
290 0 +6.633424995e-002 +9.868633425e+001 +9.868633425e+001 -5.5091e-001 -5.7863e-001
293 0 +5.193706359e-002 +9.867193706e+001 +9.867193706e+001 -5.9405e-001 -6.8948e-001
301 0 +4.564661219e-002 +9.866564661e+001 +9.866564661e+001 -5.9405e-001 -6.8416e-001
309 0 +3.496533405e-002 +9.865496533e+001 +9.865496533e+001 -6.2945e-001 -7.7179e-001
311 0 +3.418698915e-002 +9.865418699e+001 +9.865418699e+001 -6.2996e-001 -7.7251e-001
313 0 +3.023470452e-002 +9.865023470e+001 +9.865023470e+001 -6.3467e-001 -7.8106e-001
315 0 +1.533481720e-002 +9.863533482e+001 +9.863533482e+001 -6.8302e-001 -8.9053e-001
322 0 +9.284167870e-003 +9.862928417e+001 +9.862928417e+001 -7.0940e-001 -9.4804e-001
334 0 +3.507946592e-003 +9.862350795e+001 +9.862350795e+001 -7.5097e-001 -1.0388e+000
336 0 +1.544872444e-003 +9.862154487e+001 +9.862154487e+001 -7.7807e-001 -1.0957e+000
339 0 +9.452872486e-004 +9.862094529e+001 +9.862094529e+001 -7.7487e-001 -1.0857e+000
342 0 +6.674714994e-004 +9.862066747e+001 +9.862066747e+001 -7.8841e-001 -1.1159e+000
346 0 +2.393467246e-004 +9.862023935e+001 +9.862023935e+001 -7.9191e-001 -1.1218e+000
354 0 +1.992098010e-004 +9.862019921e+001 +9.862019921e+001 -7.9448e-001 -1.1272e+000
373 0 +1.765818002e-004 +9.862017658e+001 +9.862017658e+001 -7.9571e-001 -1.1278e+000
375 0 +5.067004287e-005 +9.862005067e+001 +9.862005067e+001 -8.1203e-001 -1.1612e+000
376 0 +2.332062036e-005 +9.862002332e+001 +9.862002332e+001 -8.0881e-001 -1.1547e+000
392 0 +8.290111850e-007 +9.862000083e+001 +9.862000083e+001 -8.0451e-001 -1.1464e+000
397 0 +7.416863923e-008 +9.862000007e+001 +9.862000007e+001 -8.0508e-001 -1.1475e+000
404 0 +2.289759493e-008 +9.862000002e+001 +9.862000002e+001 -8.0505e-001 -1.1475e+000
421 0 +8.185693900e-009 +9.862000001e+001 +9.862000001e+001 -8.0529e-001 -1.1480e+000
% f evaluations | g evaluations | best noise-free fitness - Fopt (-4.715000000000e+001) + sum g_i+ | measured fitness | best measured fitness or single-digit g-values | x1 | x2...
1 0 +4.660854875e+004 +4.656139875e+004 +4.656139875e+004 +3.1954e+000 -2.9026e+000
2 0 +5.646794286e+003 +5.599644286e+003 +5.599644286e+003 +2.0019e+000 +1.7938e+000
5 0 +8.666101430e+002 +8.194601430e+002 +8.194601430e+002 -4.1643e-001 +1.9785e+000
6 0 +5.857220607e+001 +1.142220607e+001 +1.142220607e+001 +1.1290e+000 +5.0000e+000
7 0 +3.005257473e+001 -1.709742527e+001 -1.709742527e+001 +1.3526e+000 +4.8767e+000
13 0 +6.091421507e+000 -4.105857849e+001 -4.105857849e+001 +1.1459e+000 +4.5300e+000
25 0 +2.558323937e+000 -4.459167606e+001 -4.459167606e+001 +1.2689e+000 +4.9561e+000
54 0 +2.493686244e+000 -4.465631376e+001 -4.465631376e+001 +1.2426e+000 +4.8066e+000
60 0 +2.433355328e+000 -4.471664467e+001 -4.471664467e+001 +1.2291e+000 +4.7537e+000
68 0 +2.207022914e+000 -4.494297709e+001 -4.494297709e+001 +1.1542e+000 +4.3685e+000
84 0 +2.170416793e+000 -4.497958321e+001 -4.497958321e+001 +1.1422e+000 +4.3173e+000
125 0 +2.124301909e+000 -4.502569809e+001 -4.502569809e+001 +1.0991e+000 +4.1309e+000
130 0 +2.058192770e+000 -4.509180723e+001 -4.509180723e+001 +1.0973e+000 +4.0799e+000
133 0 +2.024951693e+000 -4.512504831e+001 -4.512504831e+001 +1.0784e+000 +3.9822e+000
145 0 +1.979454057e+000 -4.517054594e+001 -4.517054594e+001 +1.0332e+000 +3.7519e+000
146 0 +1.905675807e+000 -4.524432419e+001 -4.524432419e+001 +1.0498e+000 +3.8665e+000
148 0 +1.887398350e+000 -4.526260165e+001 -4.526260165e+001 +1.0203e+000 +3.7007e+000
156 0 +1.853981248e+000 -4.529601875e+001 -4.529601875e+001 +1.0075e+000 +3.6407e+000
164 0 +1.810857089e+000 -4.533914291e+001 -4.533914291e+001 +9.9748e-001 +3.6407e+000
167 0 +1.705250690e+000 -4.544474931e+001 -4.544474931e+001 +9.6114e-001 +3.4702e+000
168 0 +1.693776815e+000 -4.545622318e+001 -4.545622318e+001 +9.6626e-001 +3.4637e+000
178 0 +1.561433173e+000 -4.558856683e+001 -4.558856683e+001 +9.1323e-001 +3.2457e+000
186 0 +1.547653044e+000 -4.560234696e+001 -4.560234696e+001 +9.0770e-001 +3.1971e+000
188 0 +1.471723110e+000 -4.567827689e+001 -4.567827689e+001 +8.7814e-001 +3.0672e+000
193 0 +1.415512049e+000 -4.573448795e+001 -4.573448795e+001 +8.5802e-001 +2.9942e+000
198 0 +1.336424188e+000 -4.581357581e+001 -4.581357581e+001 +7.9136e-001 +2.6739e+000
204 0 +1.311114223e+000 -4.583888578e+001 -4.583888578e+001 +7.9499e-001 +2.6961e+000
207 0 +1.265726522e+000 -4.588427348e+001 -4.588427348e+001 +7.5679e-001 +2.5273e+000
213 0 +1.229785639e+000 -4.592021436e+001 -4.592021436e+001 +7.4495e-001 +2.4799e+000
232 0 +1.200189049e+000 -4.594981095e+001 -4.594981095e+001 +7.1212e-001 +2.3381e+000
240 0 +1.170004146e+000 -4.597999585e+001 -4.597999585e+001 +6.9603e-001 +2.2722e+000
242 0 +1.013468689e+000 -4.613653131e+001 -4.613653131e+001 +6.7553e-001 +2.2201e+000
250 0 +9.246095210e-001 -4.622539048e+001 -4.622539048e+001 +6.3093e-001 +2.0457e+000
255 0 +8.921429547e-001 -4.625785705e+001 -4.625785705e+001 +6.1322e-001 +1.9738e+000
256 0 +8.674688702e-001 -4.628253113e+001 -4.628253113e+001 +5.9256e-001 +1.9099e+000
261 0 +7.781304793e-001 -4.637186952e+001 -4.637186952e+001 +5.1648e-001 +1.5861e+000
272 0 +7.582876374e-001 -4.639171236e+001 -4.639171236e+001 +5.2636e-001 +1.6318e+000
276 0 +7.206087507e-001 -4.642939125e+001 -4.642939125e+001 +4.7829e-001 +1.4453e+000
290 0 +7.006441651e-001 -4.644935583e+001 -4.644935583e+001 +4.7314e-001 +1.4291e+000
305 0 +6.490660864e-001 -4.650093391e+001 -4.650093391e+001 +4.6343e-001 +1.4039e+000
313 0 +6.208582355e-001 -4.652914176e+001 -4.652914176e+001 +4.4763e-001 +1.3488e+000
314 0 +6.132887268e-001 -4.653671127e+001 -4.653671127e+001 +4.5250e-001 +1.3777e+000
331 0 +5.881951194e-001 -4.656180488e+001 -4.656180488e+001 +4.3068e-001 +1.3104e+000
336 0 +5.645147983e-001 -4.658548520e+001 -4.658548520e+001 +4.1918e-001 +1.2656e+000
340 0 +5.526283567e-001 -4.659737164e+001 -4.659737164e+001 +4.1272e-001 +1.2392e+000
341 0 +5.489367877e-001 -4.660106321e+001 -4.660106321e+001 +4.1030e-001 +1.2295e+000
344 0 +5.111720728e-001 -4.663882793e+001 -4.663882793e+001 +3.7718e-001 +1.1256e+000
354 0 +4.771142599e-001 -4.667288574e+001 -4.667288574e+001 +3.5638e-001 +1.0521e+000
362 0 +4.501998896e-001 -4.669980011e+001 -4.669980011e+001 +3.3359e-001 +9.7803e-001
364 0 +4.405324906e-001 -4.670946751e+001 -4.670946751e+001 +3.1888e-001 +9.0611e-001
366 0 +3.956979469e-001 -4.675430205e+001 -4.675430205e+001 +2.8905e-001 +8.1143e-001
369 0 +3.759947951e-001 -4.677400520e+001 -4.677400520e+001 +2.8045e-001 +7.8935e-001
373 0 +3.409223639e-001 -4.680907764e+001 -4.680907764e+001 +1.9093e-001 +4.8781e-001
374 0 +3.104674305e-001 -4.683953257e+001 -4.683953257e+001 +2.2194e-001 +6.1657e-001
376 0 +3.022427738e-001 -4.684775723e+001 -4.684775723e+001 +2.1894e-001 +5.9853e-001
381 0 +2.612795158e-001 -4.688872048e+001 -4.688872048e+001 +1.8051e-001 +4.8177e-001
386 0 +2.336719569e-001 -4.691632804e+001 -4.691632804e+001 +1.4496e-001 +3.6760e-001
389 0 +2.073467752e-001 -4.694265322e+001 -4.694265322e+001 +7.8821e-002 +1.6554e-001
405 0 +2.017899404e-001 -4.694821006e+001 -4.694821006e+001 +8.7670e-002 +1.9411e-001
410 0 +1.984031695e-001 -4.695159683e+001 -4.695159683e+001 +7.0018e-002 +1.4126e-001
419 0 +1.832373949e-001 -4.696676261e+001 -4.696676261e+001 +5.6623e-002 +1.0514e-001
421 0 +1.630067713e-001 -4.698699323e+001 -4.698699323e+001 +5.9574e-002 +1.2121e-001
423 0 +1.612379898e-001 -4.698876201e+001 -4.698876201e+001 +6.2788e-002 +1.3248e-001
426 0 +1.555366892e-001 -4.699446331e+001 -4.699446331e+001 +4.8581e-002 +9.0296e-002
436 0 +1.543815764e-001 -4.699561842e+001 -4.699561842e+001 +4.7500e-002 +8.7473e-002
441 0 +1.255849657e-001 -4.702441503e+001 -4.702441503e+001 +2.3228e-002 +3.3826e-002
442 0 +1.222522106e-001 -4.702774779e+001 -4.702774779e+001 +1.8520e-002 +2.1042e-002
446 0 +1.127222795e-001 -4.703727772e+001 -4.703727772e+001 +4.4151e-003 -2.0942e-002
452 0 +9.262268722e-002 -4.705737731e+001 -4.705737731e+001 -3.2602e-002 -1.1002e-001
454 0 +7.166690044e-002 -4.707833310e+001 -4.707833310e+001 -6.6722e-002 -1.9910e-001
456 0 +4.633794634e-002 -4.710366205e+001 -4.710366205e+001 -1.2729e-001 -3.4597e-001
457 0 +3.603228375e-002 -4.711396772e+001 -4.711396772e+001 -1.4357e-001 -3.8872e-001
465 0 +2.927804662e-002 -4.712072195e+001 -4.712072195e+001 -1.6739e-001 -4.4280e-001
466 0 +1.911581998e-002 -4.713088418e+001 -4.713088418e+001 -1.9278e-001 -5.0527e-001
477 0 +1.803501106e-002 -4.713196499e+001 -4.713196499e+001 -2.2256e-001 -5.8123e-001
495 0 +1.400838196e-002 -4.713599162e+001 -4.713599162e+001 -2.1289e-001 -5.5297e-001
498 0 +1.302301358e-002 -4.713697699e+001 -4.713697699e+001 -2.4008e-001 -6.1872e-001
520 0 +1.287385649e-002 -4.713712614e+001 -4.713712614e+001 -2.4449e-001 -6.2876e-001
532 0 +1.238029013e-002 -4.713761971e+001 -4.713761971e+001 -2.5060e-001 -6.4233e-001
539 0 +1.155760586e-002 -4.713844239e+001 -4.713844239e+001 -2.5170e-001 -6.4427e-001
542 0 +1.108304744e-002 -4.713891695e+001 -4.713891695e+001 -2.5417e-001 -6.4954e-001
543 0 +1.077471160e-002 -4.713922529e+001 -4.713922529e+001 -2.4851e-001 -6.3644e-001
544 0 +9.690919247e-003 -4.714030908e+001 -4.714030908e+001 -2.6342e-001 -6.6932e-001
545 0 +8.956087872e-003 -4.714104391e+001 -4.714104391e+001 -2.5972e-001 -6.6049e-001
557 0 +8.465326493e-003 -4.714153467e+001 -4.714153467e+001 -2.6968e-001 -6.8234e-001
567 0 +7.862044426e-003 -4.714213796e+001 -4.714213796e+001 -2.8093e-001 -7.0654e-001
569 0 +7.624733124e-003 -4.714237527e+001 -4.714237527e+001 -2.7637e-001 -6.9644e-001
573 0 +7.044082258e-003 -4.714295592e+001 -4.714295592e+001 -2.9388e-001 -7.3376e-001
574 0 +6.886081892e-003 -4.714311392e+001 -4.714311392e+001 -2.8386e-001 -7.1219e-001
578 0 +6.355403529e-003 -4.714364460e+001 -4.714364460e+001 -2.8415e-001 -7.1243e-001
579 0 +5.810490020e-003 -4.714418951e+001 -4.714418951e+001 -2.8460e-001 -7.1296e-001
586 0 +4.970004388e-003 -4.714503000e+001 -4.714503000e+001 -2.8576e-001 -7.1475e-001
593 0 +4.868752275e-003 -4.714513125e+001 -4.714513125e+001 -2.8724e-001 -7.1788e-001
595 0 +4.737168118e-003 -4.714526283e+001 -4.714526283e+001 -2.8023e-001 -7.0242e-001
604 0 +1.907993714e-003 -4.714809201e+001 -4.714809201e+001 -2.9388e-001 -7.2385e-001
608 0 +1.317832859e-003 -4.714868217e+001 -4.714868217e+001 -2.9433e-001 -7.2699e-001
617 0 +1.118260220e-003 -4.714888174e+001 -4.714888174e+001 -2.9916e-001 -7.3828e-001
621 0 +8.968096994e-004 -4.714910319e+001 -4.714910319e+001 -3.0093e-001 -7.4038e-001
633 0 +5.715442937e-004 -4.714942846e+001 -4.714942846e+001 -3.0670e-001 -7.5267e-001
635 0 +4.877251530e-004 -4.714951227e+001 -4.714951227e+001 -3.1476e-001 -7.6754e-001
645 0 +4.148567650e-004 -4.714958514e+001 -4.714958514e+001 -3.1313e-001 -7.6471e-001
649 0 +3.929002857e-004 -4.714960710e+001 -4.714960710e+001 -3.1956e-001 -7.7715e-001
651 0 +3.846183784e-004 -4.714961538e+001 -4.714961538e+001 -3.2008e-001 -7.7819e-001
658 0 +1.971051488e-004 -4.714980289e+001 -4.714980289e+001 -3.2326e-001 -7.8508e-001
667 0 +1.577529791e-004 -4.714984225e+001 -4.714984225e+001 -3.2481e-001 -7.8826e-001
672 0 +7.065796692e-005 -4.714992934e+001 -4.714992934e+001 -3.2407e-001 -7.8737e-001
675 0 +6.144000292e-005 -4.714993856e+001 -4.714993856e+001 -3.2512e-001 -7.8944e-001
676 0 +2.645515990e-005 -4.714997354e+001 -4.714997354e+001 -3.3358e-001 -8.0653e-001
682 0 +2.730026480e-007 -4.714999973e+001 -4.714999973e+001 -3.3057e-001 -8.0088e-001
695 0 +1.152024822e-007 -4.714999988e+001 -4.714999988e+001 -3.3094e-001 -8.0168e-001
700 0 +2.160843593e-008 -4.714999998e+001 -4.714999998e+001 -3.3074e-001 -8.0128e-001
720 0 +1.357383184e-008 -4.714999999e+001 -4.714999999e+001 -3.3058e-001 -8.0095e-001
723 0 +3.559335937e-009 -4.715000000e+001 -4.715000000e+001 -3.3066e-001 -8.0111e-001
% f evaluations | g evaluations | best noise-free fitness - Fopt (3.752000000000e+001) + sum g_i+ | measured fitness | best measured fitness or single-digit g-values | x1 | x2...
1 0 +3.298880265e+003 +3.336400265e+003 +3.336400265e+003 +3.5191e+000 -4.5945e+000
5 0 +6.150590532e+002 +6.525790532e+002 +6.525790532e+002 +3.5990e+000 -9.9875e-001
7 0 +1.813857742e+002 +2.189057742e+002 +2.189057742e+002 +8.6734e-001 -1.2445e+000
13 0 +4.344371586e+001 +8.096371586e+001 +8.096371586e+001 -2.1366e-001 +5.3438e-001
24 0 +1.035570526e+001 +4.787570526e+001 +4.787570526e+001 +3.7996e-002 -1.0693e+000
31 0 +8.250275438e+000 +4.577027544e+001 +4.577027544e+001 +2.4690e-001 -1.2445e+000
48 0 +4.816904760e+000 +4.233690476e+001 +4.233690476e+001 +6.7558e-001 -2.1824e+000
55 0 +2.208421466e+000 +3.972842147e+001 +3.972842147e+001 +1.0791e+000 -2.8470e+000
71 0 +2.168232634e+000 +3.968823263e+001 +3.968823263e+001 +1.0575e+000 -2.8162e+000
78 0 +2.126310893e+000 +3.964631089e+001 +3.964631089e+001 +1.1181e+000 -2.8803e+000
102 0 +1.812253352e+000 +3.933225335e+001 +3.933225335e+001 +1.1486e+000 -2.8640e+000
106 0 +1.687887038e+000 +3.920788704e+001 +3.920788704e+001 +1.2518e+000 -2.9518e+000
135 0 +1.607095949e+000 +3.912709595e+001 +3.912709595e+001 +1.2580e+000 -2.9452e+000
142 0 +1.495071023e+000 +3.901507102e+001 +3.901507102e+001 +1.3454e+000 -2.9053e+000
145 0 +1.317145027e+000 +3.883714503e+001 +3.883714503e+001 +1.3423e+000 -2.9469e+000
156 0 +1.058029192e+000 +3.857802919e+001 +3.857802919e+001 +1.4736e+000 -2.9532e+000
164 0 +1.028594909e+000 +3.854859491e+001 +3.854859491e+001 +1.4886e+000 -2.9532e+000
168 0 +9.502830101e-001 +3.847028301e+001 +3.847028301e+001 +1.6098e+000 -2.9129e+000
176 0 +8.008279183e-001 +3.832082792e+001 +3.832082792e+001 +1.6472e+000 -2.9144e+000
180 0 +6.569301986e-001 +3.817693020e+001 +3.817693020e+001 +1.6830e+000 -2.9395e+000
203 0 +6.032889129e-001 +3.812328891e+001 +3.812328891e+001 +1.8005e+000 -2.9086e+000
204 0 +5.527101804e-001 +3.807271018e+001 +3.807271018e+001 +1.7497e+000 -2.9086e+000
221 0 +5.494069031e-001 +3.806940690e+001 +3.806940690e+001 +1.7488e+000 -2.9022e+000
227 0 +5.318646640e-001 +3.805186466e+001 +3.805186466e+001 +1.7661e+000 -2.9018e+000
234 0 +5.106356605e-001 +3.803063566e+001 +3.803063566e+001 +1.7845e+000 -2.8938e+000
240 0 +4.974086826e-001 +3.801740868e+001 +3.801740868e+001 +1.7865e+000 -2.8863e+000
248 0 +4.857954815e-001 +3.800579548e+001 +3.800579548e+001 +1.8008e+000 -2.8830e+000
258 0 +4.758250093e-001 +3.799582501e+001 +3.799582501e+001 +1.8339e+000 -2.8722e+000
261 0 +4.599706976e-001 +3.797997070e+001 +3.797997070e+001 +1.8212e+000 -2.8708e+000
272 0 +4.460473006e-001 +3.796604730e+001 +3.796604730e+001 +1.8327e+000 -2.8636e+000
299 0 +4.361890892e-001 +3.795618909e+001 +3.795618909e+001 +1.8368e+000 -2.8587e+000
313 0 +4.240426037e-001 +3.794404260e+001 +3.794404260e+001 +1.8443e+000 -2.8521e+000
332 0 +4.162488232e-001 +3.793624882e+001 +3.793624882e+001 +1.8469e+000 -2.8470e+000
446 0 +4.071266482e-001 +3.792712665e+001 +3.792712665e+001 +1.8544e+000 -2.8420e+000
499 0 +3.978990388e-001 +3.791789904e+001 +3.791789904e+001 +1.8592e+000 -2.8322e+000
542 0 +3.880246193e-001 +3.790802462e+001 +3.790802462e+001 +1.8672e+000 -2.8280e+000
574 0 +3.782877054e-001 +3.789828771e+001 +3.789828771e+001 +1.8751e+000 -2.8195e+000
608 0 +3.709069327e-001 +3.789090693e+001 +3.789090693e+001 +1.8817e+000 -2.8188e+000
627 0 +3.626015290e-001 +3.788260153e+001 +3.788260153e+001 +1.8885e+000 -2.8132e+000
667 0 +3.542918544e-001 +3.787429185e+001 +3.787429185e+001 +1.8948e+000 -2.8056e+000
722 0 +3.463825102e-001 +3.786638251e+001 +3.786638251e+001 +1.9022e+000 -2.7963e+000
768 0 +3.383538191e-001 +3.785835382e+001 +3.785835382e+001 +1.9086e+000 -2.7923e+000
782 0 +3.306871786e-001 +3.785068718e+001 +3.785068718e+001 +1.9159e+000 -2.7844e+000
793 0 +3.225355314e-001 +3.784253553e+001 +3.784253553e+001 +1.9224e+000 -2.7804e+000
801 0 +3.139313486e-001 +3.783393135e+001 +3.783393135e+001 +1.9297e+000 -2.7761e+000
871 0 +3.090152967e-001 +3.782901530e+001 +3.782901530e+001 +1.9341e+000 -2.7714e+000
1012 0 +3.019064634e-001 +3.782190646e+001 +3.782190646e+001 +1.9409e+000 -2.7679e+000
1068 0 +2.933274247e-001 +3.781332742e+001 +3.781332742e+001 +1.9502e+000 -2.7529e+000
1086 0 +2.869925235e-001 +3.780699252e+001 +3.780699252e+001 +1.9552e+000 -2.7496e+000
1092 0 +2.817595043e-001 +3.780175950e+001 +3.780175950e+001 +1.9598e+000 -2.7461e+000
1095 0 +2.722664990e-001 +3.779226650e+001 +3.779226650e+001 +1.9684e+000 -2.7390e+000
1105 0 +2.669373125e-001 +3.778693731e+001 +3.778693731e+001 +1.9734e+000 -2.7345e+000
1108 0 +2.561132501e-001 +3.777611325e+001 +3.777611325e+001 +1.9839e+000 -2.7252e+000
1113 0 +2.412700914e-001 +3.776127009e+001 +3.776127009e+001 +2.0104e+000 -2.7090e+000
1116 0 +2.286335877e-001 +3.774863359e+001 +3.774863359e+001 +2.0436e+000 -2.6799e+000
1121 0 +2.165743821e-001 +3.773657438e+001 +3.773657438e+001 +2.0360e+000 -2.6813e+000
1139 0 +2.132854601e-001 +3.773328546e+001 +3.773328546e+001 +2.0282e+000 -2.6796e+000
1143 0 +1.929771195e-001 +3.771297712e+001 +3.771297712e+001 +2.0507e+000 -2.6549e+000
1147 0 +1.854788111e-001 +3.770547881e+001 +3.770547881e+001 +2.0598e+000 -2.6465e+000
1159 0 +1.741724056e-001 +3.769417241e+001 +3.769417241e+001 +2.0751e+000 -2.6223e+000
1162 0 +1.617541185e-001 +3.768175412e+001 +3.768175412e+001 +2.0935e+000 -2.6117e+000
1165 0 +1.419988390e-001 +3.766199884e+001 +3.766199884e+001 +2.1136e+000 -2.5784e+000
1170 0 +1.328607706e-001 +3.765286077e+001 +3.765286077e+001 +2.1257e+000 -2.5663e+000
1180 0 +1.280469806e-001 +3.764804698e+001 +3.764804698e+001 +2.1341e+000 -2.5581e+000
1186 0 +1.039042280e-001 +3.762390423e+001 +3.762390423e+001 +2.1677e+000 -2.5102e+000
1187 0 +9.722003817e-002 +3.761722004e+001 +3.761722004e+001 +2.1831e+000 -2.4943e+000
1189 0 +7.756628408e-002 +3.759756628e+001 +3.759756628e+001 +2.2167e+000 -2.4464e+000
1193 0 +6.677020949e-002 +3.758677021e+001 +3.758677021e+001 +2.2420e+000 -2.4109e+000
1206 0 +6.506298467e-002 +3.758506298e+001 +3.758506298e+001 +2.2677e+000 -2.3770e+000
1210 0 +6.397371802e-002 +3.758397372e+001 +3.758397372e+001 +2.2515e+000 -2.3977e+000
1223 0 +5.993118460e-002 +3.757993118e+001 +3.757993118e+001 +2.2583e+000 -2.3868e+000
1237 0 +5.768726519e-002 +3.757768727e+001 +3.757768727e+001 +2.2534e+000 -2.3906e+000
1238 0 +5.751866042e-002 +3.757751866e+001 +3.757751866e+001 +2.2520e+000 -2.3915e+000
1243 0 +5.482055612e-002 +3.757482056e+001 +3.757482056e+001 +2.2633e+000 -2.3770e+000
1252 0 +5.370156711e-002 +3.757370157e+001 +3.757370157e+001 +2.2614e+000 -2.3779e+000
1254 0 +5.104527508e-002 +3.757104528e+001 +3.757104528e+001 +2.2644e+000 -2.3707e+000
1260 0 +4.994542901e-002 +3.756994543e+001 +3.756994543e+001 +2.2709e+000 -2.3638e+000
1268 0 +4.653662628e-002 +3.756653663e+001 +3.756653663e+001 +2.2793e+000 -2.3508e+000
1269 0 +4.456767930e-002 +3.756456768e+001 +3.756456768e+001 +2.2817e+000 -2.3458e+000
1271 0 +3.978743881e-002 +3.755978744e+001 +3.755978744e+001 +2.2915e+000 -2.3288e+000
1274 0 +3.791074708e-002 +3.755791075e+001 +3.755791075e+001 +2.2953e+000 -2.3204e+000
1279 0 +3.408338712e-002 +3.755408339e+001 +3.755408339e+001 +2.3089e+000 -2.2950e+000
1286 0 +3.164502211e-002 +3.755164502e+001 +3.755164502e+001 +2.3162e+000 -2.2829e+000
1288 0 +3.156018956e-002 +3.755156019e+001 +3.755156019e+001 +2.3223e+000 -2.2706e+000
1303 0 +3.033748402e-002 +3.755033748e+001 +3.755033748e+001 +2.3187e+000 -2.2794e+000
1304 0 +2.762294754e-002 +3.754762295e+001 +3.754762295e+001 +2.3248e+000 -2.2706e+000
1305 0 +2.608674826e-002 +3.754608675e+001 +3.754608675e+001 +2.3290e+000 -2.2640e+000
1309 0 +1.936587291e-002 +3.753936587e+001 +3.753936587e+001 +2.3528e+000 -2.2224e+000
1311 0 +1.778174015e-002 +3.753778174e+001 +3.753778174e+001 +2.3567e+000 -2.2181e+000
1314 0 +1.694003177e-002 +3.753694003e+001 +3.753694003e+001 +2.3603e+000 -2.2129e+000
1316 0 +1.444943900e-002 +3.753444944e+001 +3.753444944e+001 +2.3941e+000 -2.1591e+000
1317 0 +1.270917116e-002 +3.753270917e+001 +3.753270917e+001 +2.3911e+000 -2.1627e+000
1338 0 +1.179235827e-002 +3.753179236e+001 +3.753179236e+001 +2.3876e+000 -2.1671e+000
1340 0 +9.276497751e-003 +3.752927650e+001 +3.752927650e+001 +2.4010e+000 -2.1430e+000
1342 0 +9.006123731e-003 +3.752900612e+001 +3.752900612e+001 +2.3973e+000 -2.1480e+000
1345 0 +8.054443960e-003 +3.752805444e+001 +3.752805444e+001 +2.4148e+000 -2.1188e+000
1347 0 +6.948221631e-003 +3.752694822e+001 +3.752694822e+001 +2.4067e+000 -2.1284e+000
1349 0 +6.908194376e-003 +3.752690819e+001 +3.752690819e+001 +2.4225e+000 -2.1045e+000
1350 0 +3.957822919e-003 +3.752395782e+001 +3.752395782e+001 +2.4416e+000 -2.0678e+000
1351 0 +3.488158180e-003 +3.752348816e+001 +3.752348816e+001 +2.4334e+000 -2.0775e+000
1366 0 +2.107989115e-003 +3.752210799e+001 +3.752210799e+001 +2.4443e+000 -2.0590e+000
1373 0 +1.473492986e-003 +3.752147349e+001 +3.752147349e+001 +2.4521e+000 -2.0441e+000
1378 0 +8.450130161e-004 +3.752084501e+001 +3.752084501e+001 +2.4610e+000 -2.0261e+000
1388 0 +7.674476857e-004 +3.752076745e+001 +3.752076745e+001 +2.4641e+000 -2.0214e+000
1389 0 +4.091983181e-004 +3.752040920e+001 +3.752040920e+001 +2.4699e+000 -2.0089e+000
1397 0 +1.429081809e-004 +3.752014291e+001 +3.752014291e+001 +2.4780e+000 -1.9929e+000
1408 0 +1.706909919e-005 +3.752001707e+001 +3.752001707e+001 +2.4892e+000 -1.9704e+000
1410 0 +1.350107610e-006 +3.752000135e+001 +3.752000135e+001 +2.4891e+000 -1.9709e+000
1422 0 +4.437943488e-007 +3.752000044e+001 +3.752000044e+001 +2.4893e+000 -1.9705e+000
1423 0 +2.002867916e-008 +3.752000002e+001 +3.752000002e+001 +2.4900e+000 -1.9693e+000
1456 0 +4.320099833e-012 +3.752000000e+001 +3.752000000e+001 +2.4900e+000 -1.9692e+000
% f evaluations | g evaluations | best noise-free fitness - Fopt (6.740000000000e+000) + sum g_i+ | measured fitness | best measured fitness or single-digit g-values | x1 | x2...
1 0 +2.485867528e+004 +2.486541528e+004 +2.486541528e+004 -3.3969e+000 -2.4165e+000
3 0 +2.338824985e+004 +2.339498985e+004 +2.339498985e+004 -4.0909e+000 +3.4874e+000
6 0 +1.899909666e+003 +1.906649666e+003 +1.906649666e+003 +1.7824e-001 +5.0000e+000
7 0 +1.191852290e+002 +1.259252290e+002 +1.259252290e+002 -8.0193e-003 +1.7582e+000
16 0 +4.130159309e+001 +4.804159309e+001 +4.804159309e+001 +1.1919e-001 +1.0422e-002
24 0 +3.936499844e+001 +4.610499844e+001 +4.610499844e+001 -9.6665e-002 +9.7161e-002
29 0 +1.410620521e+001 +2.084620521e+001 +2.084620521e+001 +9.7984e-001 +9.2780e-001
35 0 +4.641794520e-001 +7.204179452e+000 +7.204179452e+000 +7.4557e-001 +9.2341e-001
90 0 +4.167707875e-001 +7.156770788e+000 +7.156770788e+000 +8.8588e-001 +1.1009e+000
92 0 +1.308378637e-001 +6.870837864e+000 +6.870837864e+000 +8.1441e-001 +1.0694e+000
102 0 +1.014895451e-001 +6.841489545e+000 +6.841489545e+000 +8.5470e-001 +1.1088e+000
105 0 +8.237202202e-002 +6.822372022e+000 +6.822372022e+000 +8.8199e-001 +1.1500e+000
106 0 +7.694017598e-002 +6.816940176e+000 +6.816940176e+000 +8.9198e-001 +1.1642e+000
132 0 +7.314731688e-002 +6.813147317e+000 +6.813147317e+000 +9.0801e-001 +1.1991e+000
138 0 +7.070067013e-002 +6.810700670e+000 +6.810700670e+000 +9.0111e-001 +1.1809e+000
140 0 +6.706325971e-002 +6.807063260e+000 +6.807063260e+000 +9.1924e-001 +1.2156e+000
143 0 +6.362057387e-002 +6.803620574e+000 +6.803620574e+000 +9.2379e-001 +1.2216e+000
151 0 +5.879133252e-002 +6.798791333e+000 +6.798791333e+000 +9.4336e-001 +1.2543e+000
163 0 +5.416392559e-002 +6.794163926e+000 +6.794163926e+000 +9.6250e-001 +1.2861e+000
172 0 +4.576692599e-002 +6.785766926e+000 +6.785766926e+000 +9.6052e-001 +1.2775e+000
178 0 +4.156938784e-002 +6.781569388e+000 +6.781569388e+000 +9.7437e-001 +1.3007e+000
189 0 +3.909573840e-002 +6.779095738e+000 +6.779095738e+000 +9.8253e-001 +1.3144e+000
199 0 +3.860122239e-002 +6.778601222e+000 +6.778601222e+000 +9.8629e-001 +1.3211e+000
201 0 +3.525440793e-002 +6.775254408e+000 +6.775254408e+000 +9.7924e-001 +1.3019e+000
205 0 +3.361678291e-002 +6.773616783e+000 +6.773616783e+000 +9.8810e-001 +1.3204e+000
211 0 +2.788773441e-002 +6.767887734e+000 +6.767887734e+000 +1.0088e+000 +1.3562e+000
219 0 +2.390090398e-002 +6.763900904e+000 +6.763900904e+000 +1.0124e+000 +1.3571e+000
220 0 +2.093872853e-002 +6.760938729e+000 +6.760938729e+000 +1.0278e+000 +1.3871e+000
230 0 +1.786745985e-002 +6.757867460e+000 +6.757867460e+000 +1.0545e+000 +1.4371e+000
232 0 +1.187645716e-002 +6.751876457e+000 +6.751876457e+000 +1.0682e+000 +1.4589e+000
236 0 +1.000763006e-002 +6.750007630e+000 +6.750007630e+000 +1.0759e+000 +1.4725e+000
244 0 +9.343230362e-003 +6.749343230e+000 +6.749343230e+000 +1.0798e+000 +1.4796e+000
246 0 +5.168134483e-003 +6.745168134e+000 +6.745168134e+000 +1.1021e+000 +1.5197e+000
249 0 +2.965582010e-003 +6.742965582e+000 +6.742965582e+000 +1.1532e+000 +1.6095e+000
251 0 +2.487037526e-003 +6.742487038e+000 +6.742487038e+000 +1.1490e+000 +1.6019e+000
257 0 +1.691422276e-003 +6.741691422e+000 +6.741691422e+000 +1.1311e+000 +1.5698e+000
271 0 +1.463850911e-003 +6.741463851e+000 +6.741463851e+000 +1.1288e+000 +1.5675e+000
274 0 +6.857975070e-004 +6.740685798e+000 +6.740685798e+000 +1.1424e+000 +1.5927e+000
285 0 +5.727425813e-004 +6.740572743e+000 +6.740572743e+000 +1.1444e+000 +1.5966e+000
290 0 +5.318159695e-004 +6.740531816e+000 +6.740531816e+000 +1.1450e+000 +1.5980e+000
291 0 +1.271977903e-004 +6.740127198e+000 +6.740127198e+000 +1.1563e+000 +1.6206e+000
301 0 +3.061389013e-005 +6.740030614e+000 +6.740030614e+000 +1.1616e+000 +1.6314e+000
313 0 +2.443606117e-008 +6.740000024e+000 +6.740000024e+000 +1.1669e+000 +1.6420e+000
326 0 +1.493099155e-008 +6.740000015e+000 +6.740000015e+000 +1.1671e+000 +1.6424e+000
341 0 +1.095026292e-010 +6.740000000e+000 +6.740000000e+000 +1.1670e+000 +1.6422e+000
% f evaluations | g evaluations | best noise-free fitness - Fopt (-1.897900000000e+002) + sum g_i+ | measured fitness | best measured fitness or single-digit g-values | x1 | x2...
1 0 +1.975817088e+004 +1.956838088e+004 +1.956838088e+004 -4.8046e+000 -3.3484e+000
2 0 +6.359889751e+002 +4.461989751e+002 +4.461989751e+002 -2.2364e+000 +4.0698e+000
5 0 +2.227647877e+002 +3.297478770e+001 +3.297478770e+001 -1.0358e+000 +3.2922e+000
10 0 +2.018564619e+002 +1.206646194e+001 +1.206646194e+001 -2.7534e+000 +3.7402e+000
18 0 +7.951139458e+000 -1.818388605e+002 -1.818388605e+002 -3.1699e+000 +3.4951e+000
55 0 +2.388979606e+000 -1.874010204e+002 -1.874010204e+002 -1.1572e+000 +1.7927e+000
63 0 +6.542123016e-001 -1.891357877e+002 -1.891357877e+002 -1.1245e+000 +1.7542e+000
71 0 +1.765768407e-001 -1.896134232e+002 -1.896134232e+002 -1.0482e+000 +1.7542e+000
138 0 +1.670619495e-001 -1.896229381e+002 -1.896229381e+002 -1.1210e+000 +1.6728e+000
152 0 +1.658826390e-001 -1.896241174e+002 -1.896241174e+002 -1.1427e+000 +1.6555e+000
169 0 +1.412009041e-001 -1.896487991e+002 -1.896487991e+002 -1.0540e+000 +1.7542e+000
191 0 +1.103839522e-001 -1.896796160e+002 -1.896796160e+002 -1.0688e+000 +1.7589e+000
193 0 +1.072344880e-001 -1.896827655e+002 -1.896827655e+002 -1.0646e+000 +1.7566e+000
199 0 +1.060654558e-001 -1.896839345e+002 -1.896839345e+002 -1.0646e+000 +1.7589e+000
201 0 +9.982327618e-002 -1.896901767e+002 -1.896901767e+002 -1.0415e+000 +1.7828e+000
207 0 +8.329372549e-002 -1.897067063e+002 -1.897067063e+002 -1.0257e+000 +1.8108e+000
209 0 +7.289718467e-002 -1.897171028e+002 -1.897171028e+002 -1.0009e+000 +1.8437e+000
218 0 +5.619234536e-002 -1.897338077e+002 -1.897338077e+002 -9.7537e-001 +1.8866e+000
224 0 +5.336385439e-002 -1.897366361e+002 -1.897366361e+002 -9.6809e-001 +1.8967e+000
225 0 +4.865410149e-002 -1.897413459e+002 -1.897413459e+002 -9.5330e-001 +1.9175e+000
227 0 +4.374511282e-002 -1.897462549e+002 -1.897462549e+002 -9.4722e-001 +1.9303e+000
231 0 +4.148001700e-002 -1.897485200e+002 -1.897485200e+002 -9.3716e-001 +1.9437e+000
233 0 +3.949161703e-002 -1.897505084e+002 -1.897505084e+002 -9.3317e-001 +1.9592e+000
238 0 +3.767358771e-002 -1.897523264e+002 -1.897523264e+002 -9.2453e-001 +1.9631e+000
239 0 +3.013290261e-002 -1.897598671e+002 -1.897598671e+002 -9.0499e-001 +2.0063e+000
250 0 +2.387964910e-002 -1.897661204e+002 -1.897661204e+002 -8.8129e-001 +2.0473e+000
257 0 +1.656271349e-002 -1.897734373e+002 -1.897734373e+002 -8.6378e-001 +2.0748e+000
262 0 +1.126934437e-002 -1.897787307e+002 -1.897787307e+002 -8.4536e-001 +2.1041e+000
270 0 +8.064244874e-003 -1.897819358e+002 -1.897819358e+002 -8.2560e-001 +2.1374e+000
271 0 +5.546235841e-003 -1.897844538e+002 -1.897844538e+002 -8.0747e-001 +2.1703e+000
273 0 +4.470040183e-003 -1.897855300e+002 -1.897855300e+002 -7.8929e-001 +2.2031e+000
279 0 +4.424622110e-003 -1.897855754e+002 -1.897855754e+002 -8.0058e-001 +2.1888e+000
280 0 +2.563995011e-003 -1.897874360e+002 -1.897874360e+002 -7.8705e-001 +2.2101e+000
303 0 +1.613794083e-003 -1.897883862e+002 -1.897883862e+002 -7.7803e-001 +2.2301e+000
317 0 +1.246615407e-003 -1.897887534e+002 -1.897887534e+002 -7.6939e-001 +2.2476e+000
319 0 +1.111798524e-003 -1.897888882e+002 -1.897888882e+002 -7.7254e-001 +2.2396e+000
321 0 +9.315491388e-004 -1.897890685e+002 -1.897890685e+002 -7.6849e-001 +2.2483e+000
326 0 +5.898334919e-004 -1.897894102e+002 -1.897894102e+002 -7.6202e-001 +2.2609e+000
331 0 +5.167382224e-004 -1.897894833e+002 -1.897894833e+002 -7.4814e-001 +2.2895e+000
333 0 +1.532585202e-004 -1.897898467e+002 -1.897898467e+002 -7.4624e-001 +2.2922e+000
334 0 +1.298341743e-004 -1.897898702e+002 -1.897898702e+002 -7.4575e-001 +2.2931e+000
339 0 +1.284467620e-004 -1.897898716e+002 -1.897898716e+002 -7.4111e-001 +2.3025e+000
349 0 +1.147720571e-004 -1.897898852e+002 -1.897898852e+002 -7.4639e-001 +2.2917e+000
351 0 +7.084077814e-005 -1.897899292e+002 -1.897899292e+002 -7.3118e-001 +2.3216e+000
355 0 +2.529351320e-006 -1.897899975e+002 -1.897899975e+002 -7.3878e-001 +2.3062e+000
367 0 +8.214465481e-007 -1.897899992e+002 -1.897899992e+002 -7.3962e-001 +2.3044e+000
380 0 +4.030324590e-007 -1.897899996e+002 -1.897899996e+002 -7.3903e-001 +2.3056e+000
383 0 +2.170850166e-010 -1.897900000e+002 -1.897900000e+002 -7.3920e-001 +2.3052e+000
% f evaluations | g evaluations | best noise-free fitness - Fopt (-2.774000000000e+001) + sum g_i+ | measured fitness | best measured fitness or single-digit g-values | x1 | x2...
1 0 +4.876662400e+002 +4.599262400e+002 +4.599262400e+002 -2.9438e+000 +1.2366e+000
2 0 +3.283711628e+002 +3.006311628e+002 +3.006311628e+002 +7.9619e-002 -1.4101e+000
11 0 +1.571530571e+002 +1.294130571e+002 +1.294130571e+002 -2.0259e+000 -1.7568e+000
15 0 +1.773614542e+001 -1.000385458e+001 -1.000385458e+001 -2.2677e+000 +4.1763e-002
56 0 +9.615392828e+000 -1.812460717e+001 -1.812460717e+001 -2.4320e+000 +1.0210e+000
119 0 +8.157661396e+000 -1.958233860e+001 -1.958233860e+001 -2.1904e+000 +4.6720e-002
133 0 +3.629622259e+000 -2.411037774e+001 -2.411037774e+001 +1.4613e+000 +5.5648e-003
158 0 +3.223294571e+000 -2.451670543e+001 -2.451670543e+001 +1.1611e+000 -9.8324e-001
192 0 +2.616539444e+000 -2.512346056e+001 -2.512346056e+001 +1.2937e+000 -5.9241e-001
230 0 +5.042571873e-001 -2.723574281e+001 -2.723574281e+001 +1.1611e+000 -1.2066e+000
272 0 +3.837514773e-001 -2.735624852e+001 -2.735624852e+001 +1.2834e+000 -7.7898e-001
342 0 +3.377294482e-001 -2.740227055e+001 -2.740227055e+001 +1.1772e+000 -1.1348e+000
408 0 +3.036048683e-001 -2.743639513e+001 -2.743639513e+001 +1.2164e+000 -9.8701e-001
411 0 +2.452668067e-001 -2.749473319e+001 -2.749473319e+001 +1.1558e+000 -1.1784e+000
415 0 +2.179379026e-001 -2.752206210e+001 -2.752206210e+001 +1.1321e+000 -1.2426e+000
421 0 +1.538249976e-001 -2.758617500e+001 -2.758617500e+001 +1.0549e+000 -1.4668e+000
425 0 +1.371357765e-001 -2.760286422e+001 -2.760286422e+001 +1.0355e+000 -1.5170e+000
429 0 +1.219096333e-001 -2.761809037e+001 -2.761809037e+001 +9.9272e-001 -1.6432e+000
444 0 +1.129559700e-001 -2.762704403e+001 -2.762704403e+001 +9.9486e-001 -1.6320e+000
450 0 +9.073078685e-002 -2.764926921e+001 -2.764926921e+001 +9.6543e-001 -1.7000e+000
457 0 +8.851745984e-002 -2.765148254e+001 -2.765148254e+001 +9.5901e-001 -1.7146e+000
458 0 +7.705029741e-002 -2.766294970e+001 -2.766294970e+001 +9.2512e-001 -1.8157e+000
469 0 +5.123554027e-002 -2.768876446e+001 -2.768876446e+001 +8.8926e-001 -1.8983e+000
470 0 +4.182004568e-002 -2.769817995e+001 -2.769817995e+001 +8.6927e-001 -1.9419e+000
478 0 +2.836462323e-002 -2.771163538e+001 -2.771163538e+001 +8.0485e-001 -2.0850e+000
481 0 +1.627580703e-002 -2.772372419e+001 -2.772372419e+001 +7.9005e-001 -2.1307e+000
484 0 +4.393935250e-003 -2.773560606e+001 -2.773560606e+001 +7.2503e-001 -2.2729e+000
492 0 +6.656127959e-004 -2.773933439e+001 -2.773933439e+001 +6.8882e-001 -2.3443e+000
518 0 +2.315501714e-004 -2.773976845e+001 -2.773976845e+001 +6.7606e-001 -2.3703e+000
532 0 +1.864585649e-004 -2.773981354e+001 -2.773981354e+001 +6.6627e-001 -2.3897e+000
539 0 +7.592326637e-005 -2.773992408e+001 -2.773992408e+001 +6.6601e-001 -2.3907e+000
547 0 +1.455597966e-005 -2.773998544e+001 -2.773998544e+001 +6.6167e-001 -2.4002e+000
555 0 +8.809249390e-006 -2.773999119e+001 -2.773999119e+001 +6.6755e-001 -2.3883e+000
559 0 +1.885257021e-006 -2.773999811e+001 -2.773999811e+001 +6.6670e-001 -2.3902e+000
562 0 +6.882455423e-007 -2.773999931e+001 -2.773999931e+001 +6.6620e-001 -2.3912e+000
589 0 +3.880327668e-007 -2.773999961e+001 -2.773999961e+001 +6.6596e-001 -2.3916e+000
594 0 +1.786972739e-007 -2.773999982e+001 -2.773999982e+001 +6.6560e-001 -2.3924e+000
607 0 +1.089238921e-008 -2.773999999e+001 -2.773999999e+001 +6.6541e-001 -2.3928e+000
613 0 +2.318252257e-010 -2.774000000e+001 -2.774000000e+001 +6.6539e-001 -2.3928e+000
% f evaluations | g evaluations | best noise-free fitness - Fopt (6.930000000000e+000) + sum g_i+ | measured fitness | best measured fitness or single-digit g-values | x1 | x2...
1 0 +1.595521394e+003 +1.602451394e+003 +1.602451394e+003 +8.4732e-001 +1.7455e+000
3 0 +4.947225473e+001 +5.640225473e+001 +5.640225473e+001 -1.5811e+000 +1.2441e+000
16 0 +4.639064635e+000 +1.156906464e+001 +1.156906464e+001 -2.7308e-001 +2.0936e+000
35 0 +3.245811713e+000 +1.017581171e+001 +1.017581171e+001 -6.4448e-001 +9.7479e-001
37 0 +2.004398459e+000 +8.934398459e+000 +8.934398459e+000 -6.3777e-001 +1.0243e+000
44 0 +6.782996234e-001 +7.608299623e+000 +7.608299623e+000 -7.4978e-001 +1.0744e+000
51 0 +5.320117237e-001 +7.462011724e+000 +7.462011724e+000 -1.1183e-001 +2.3450e+000
53 0 +3.288637815e-001 +7.258863781e+000 +7.258863781e+000 -3.6633e-001 +1.6139e+000
66 0 +1.889948636e-001 +7.118994864e+000 +7.118994864e+000 -5.2573e-001 +1.3981e+000
73 0 +2.332241009e-002 +6.953322410e+000 +6.953322410e+000 -2.8229e-001 +1.8575e+000
130 0 +1.501392332e-002 +6.945013923e+000 +6.945013923e+000 -3.1509e-001 +1.7805e+000
152 0 +1.171633859e-002 +6.941716339e+000 +6.941716339e+000 -3.3286e-001 +1.7471e+000
155 0 +6.417338117e-003 +6.936417338e+000 +6.936417338e+000 -3.9748e-001 +1.5982e+000
158 0 +3.383044538e-003 +6.933383045e+000 +6.933383045e+000 -4.8589e-001 +1.4268e+000
172 0 +1.212195742e-004 +6.930121220e+000 +6.930121220e+000 -4.3602e-001 +1.5279e+000
190 0 +9.035577853e-005 +6.930090356e+000 +6.930090356e+000 -4.2977e-001 +1.5401e+000
198 0 +4.650051174e-005 +6.930046501e+000 +6.930046501e+000 -4.3245e-001 +1.5345e+000
214 0 +2.572555372e-005 +6.930025726e+000 +6.930025726e+000 -4.3676e-001 +1.5257e+000
218 0 +8.982891406e-006 +6.930008983e+000 +6.930008983e+000 -4.3209e-001 +1.5346e+000
225 0 +1.733864661e-007 +6.930000173e+000 +6.930000173e+000 -4.3458e-001 +1.5296e+000
239 0 +8.314722244e-009 +6.930000008e+000 +6.930000008e+000 -4.3500e-001 +1.5288e+000
% f evaluations | g evaluations | best noise-free fitness - Fopt (-4.456000000000e+001) + sum g_i+ | measured fitness | best measured fitness or single-digit g-values | x1 | x2...
1 0 +7.623344824e+000 -3.693665518e+001 -3.693665518e+001 -1.3824e+000 -1.6004e+000
23 0 +3.337517774e+000 -4.122248223e+001 -4.122248223e+001 +2.1055e+000 +2.9175e+000
31 0 +3.107088487e+000 -4.145291151e+001 -4.145291151e+001 +2.1077e+000 +2.9175e+000
49 0 +7.829678862e-002 -4.448170321e+001 -4.448170321e+001 +7.3975e-001 -1.7287e+000
113 0 +7.737269905e-002 -4.448262730e+001 -4.448262730e+001 +7.7631e-001 -1.7111e+000
177 0 +3.772678872e-002 -4.452227321e+001 -4.452227321e+001 +5.7405e-001 -2.0483e+000
217 0 +3.686398750e-002 -4.452313601e+001 -4.452313601e+001 +6.0967e-001 -1.9831e+000
290 0 +2.514675403e-002 -4.453485325e+001 -4.453485325e+001 +7.2557e-001 -1.7688e+000
297 0 +3.244292869e-003 -4.455675571e+001 -4.455675571e+001 +7.1780e-001 -1.8035e+000
420 0 +2.412684335e-003 -4.455758732e+001 -4.455758732e+001 +7.2396e-001 -1.7911e+000
460 0 +2.396812335e-004 -4.455976032e+001 -4.455976032e+001 +7.5844e-001 -1.7180e+000
495 0 +8.007748475e-005 -4.455991992e+001 -4.455991992e+001 +7.4885e-001 -1.7382e+000
506 0 +3.316829014e-005 -4.455996683e+001 -4.455996683e+001 +7.5553e-001 -1.7259e+000
523 0 +3.433565610e-007 -4.455999966e+001 -4.455999966e+001 +7.5618e-001 -1.7240e+000
540 0 +1.777556022e-007 -4.455999982e+001 -4.455999982e+001 +7.5699e-001 -1.7224e+000
547 0 +5.525120628e-008 -4.455999994e+001 -4.455999994e+001 +7.5665e-001 -1.7231e+000
562 0 +6.840124911e-009 -4.455999999e+001 -4.455999999e+001 +7.5662e-001 -1.7232e+000
% f evaluations | g evaluations | best noise-free fitness - Fopt (1.000000000000e+003) + sum g_i+ | measured fitness | best measured fitness or single-digit g-values | x1 | x2...
1 0 +4.288997551e-001 +1.000428900e+003 +1.000428900e+003 -2.1362e+000 -4.3045e-001
42 0 +4.842812552e-002 +1.000048428e+003 +1.000048428e+003 -2.2374e+000 -5.7606e-001
58 0 +7.787362240e-003 +1.000007787e+003 +1.000007787e+003 -2.2435e+000 -6.0489e-001
105 0 +6.157277615e-003 +1.000006157e+003 +1.000006157e+003 -2.2403e+000 -6.0412e-001
111 0 +1.188107592e-003 +1.000001188e+003 +1.000001188e+003 -2.3481e+000 -8.2175e-001
126 0 +2.757566255e-004 +1.000000276e+003 +1.000000276e+003 -2.3170e+000 -7.6048e-001
131 0 +2.455456276e-004 +1.000000246e+003 +1.000000246e+003 -2.3179e+000 -7.6249e-001
150 0 +3.435708857e-005 +1.000000034e+003 +1.000000034e+003 -2.3159e+000 -7.6048e-001
153 0 +1.896187109e-005 +1.000000019e+003 +1.000000019e+003 -2.3136e+000 -7.5551e-001
164 0 +1.122858669e-005 +1.000000011e+003 +1.000000011e+003 -2.3198e+000 -7.6751e-001
169 0 +1.306588047e-007 +1.000000000e+003 +1.000000000e+003 -2.3179e+000 -7.6396e-001
194 0 +2.917317943e-009 +1.000000000e+003 +1.000000000e+003 -2.3178e+000 -7.6378e-001
% f evaluations | g evaluations | best noise-free fitness - Fopt (-6.797100000000e+002) + sum g_i+ | measured fitness | best measured fitness or single-digit g-values | x1 | x2...
1 0 +4.125070025e+002 -2.672029975e+002 -2.672029975e+002 +2.7217e+000 +2.1521e+000
23 0 +3.513911672e+001 -6.445708833e+002 -6.445708833e+002 +2.7511e+000 +4.9032e+000
36 0 +2.226639708e+001 -6.574436029e+002 -6.574436029e+002 +2.0837e+000 +1.5553e+000
41 0 +1.769295236e+001 -6.620170476e+002 -6.620170476e+002 +2.4501e+000 +2.3710e+000
57 0 +3.489158782e+000 -6.762208412e+002 -6.762208412e+002 +2.3837e+000 +2.5674e+000
64 0 +2.857541149e+000 -6.768524589e+002 -6.768524589e+002 +2.2170e+000 +1.5563e+000
65 0 +1.822898975e+000 -6.778871010e+002 -6.778871010e+002 +2.1599e+000 +1.4889e+000
69 0 +1.086837790e+000 -6.786231622e+002 -6.786231622e+002 +2.0284e+000 +8.5958e-001
95 0 +1.041940580e+000 -6.786680594e+002 -6.786680594e+002 +1.9880e+000 +7.2578e-001
100 0 +8.425023835e-001 -6.788674976e+002 -6.788674976e+002 +1.9058e+000 +3.7787e-001
121 0 +7.191271537e-001 -6.789908728e+002 -6.789908728e+002 +1.8364e+000 +1.1793e-001
136 0 +6.823836515e-001 -6.790276163e+002 -6.790276163e+002 +1.8100e+000 +1.5498e-002
153 0 +6.720056249e-001 -6.790379944e+002 -6.790379944e+002 +1.8010e+000 -1.9061e-002
166 0 +6.522850854e-001 -6.790577149e+002 -6.790577149e+002 +1.7839e+000 -8.4036e-002
199 0 +6.179913757e-001 -6.790920086e+002 -6.790920086e+002 +1.7752e+000 -9.8266e-002
221 0 +6.120318321e-001 -6.790979682e+002 -6.790979682e+002 +1.7713e+000 -1.1184e-001
237 0 +6.024203104e-001 -6.791075797e+002 -6.791075797e+002 +1.7624e+000 -1.3916e-001
248 0 +5.819164636e-001 -6.791280835e+002 -6.791280835e+002 +1.7522e+000 -1.8171e-001
256 0 +5.736709836e-001 -6.791363290e+002 -6.791363290e+002 +1.7467e+000 -2.0300e-001
265 0 +5.617079015e-001 -6.791482921e+002 -6.791482921e+002 +1.7385e+000 -2.3227e-001
266 0 +5.487279322e-001 -6.791612721e+002 -6.791612721e+002 +1.7271e+000 -2.7658e-001
268 0 +5.299024123e-001 -6.791800976e+002 -6.791800976e+002 +1.7042e+000 -3.6275e-001
287 0 +4.926236437e-001 -6.792173764e+002 -6.792173764e+002 +1.6896e+000 -3.9399e-001
288 0 +4.897569089e-001 -6.792202431e+002 -6.792202431e+002 +1.6890e+000 -4.0256e-001
297 0 +4.745840598e-001 -6.792354159e+002 -6.792354159e+002 +1.6699e+000 -4.7625e-001
298 0 +4.495122735e-001 -6.792604877e+002 -6.792604877e+002 +1.6565e+000 -5.1719e-001
311 0 +4.261996879e-001 -6.792838003e+002 -6.792838003e+002 +1.6313e+000 -6.0550e-001
315 0 +4.095619699e-001 -6.793004380e+002 -6.793004380e+002 +1.6287e+000 -6.0498e-001
316 0 +3.985542110e-001 -6.793114458e+002 -6.793114458e+002 +1.6175e+000 -6.4519e-001
318 0 +3.887331074e-001 -6.793212669e+002 -6.793212669e+002 +1.6078e+000 -6.7834e-001
320 0 +3.739599214e-001 -6.793360401e+002 -6.793360401e+002 +1.5993e+000 -7.0216e-001
328 0 +3.700146962e-001 -6.793399853e+002 -6.793399853e+002 +1.5969e+000 -7.0878e-001
333 0 +3.399498991e-001 -6.793700501e+002 -6.793700501e+002 +1.5721e+000 -7.8265e-001
334 0 +3.364073288e-001 -6.793735927e+002 -6.793735927e+002 +1.5691e+000 -7.9226e-001
340 0 +3.279142479e-001 -6.793820858e+002 -6.793820858e+002 +1.5588e+000 -8.2059e-001
345 0 +3.208452034e-001 -6.793891548e+002 -6.793891548e+002 +1.5477e+000 -8.5184e-001
356 0 +3.151188770e-001 -6.793948811e+002 -6.793948811e+002 +1.5288e+000 -9.0429e-001
381 0 +3.034020443e-001 -6.794065980e+002 -6.794065980e+002 +1.4248e+000 -1.1955e+000
385 0 +2.809728219e-001 -6.794290272e+002 -6.794290272e+002 +1.3867e+000 -1.3021e+000
394 0 +2.549013871e-001 -6.794550986e+002 -6.794550986e+002 +1.3589e+000 -1.3796e+000
399 0 +2.256871596e-001 -6.794843128e+002 -6.794843128e+002 +1.3364e+000 -1.4428e+000
402 0 +1.728812745e-001 -6.795371187e+002 -6.795371187e+002 +1.3002e+000 -1.5438e+000
403 0 +1.450787380e-001 -6.795649213e+002 -6.795649213e+002 +1.2821e+000 -1.5943e+000
409 0 +1.173003114e-001 -6.795926997e+002 -6.795926997e+002 +1.2639e+000 -1.6447e+000
411 0 +5.797407579e-002 -6.796520259e+002 -6.796520259e+002 +1.2187e+000 -1.7712e+000
415 0 +5.273766229e-002 -6.796572623e+002 -6.796572623e+002 +1.2125e+000 -1.7881e+000
417 0 +4.806483939e-002 -6.796619352e+002 -6.796619352e+002 +1.1647e+000 -1.9215e+000
418 0 +4.119025370e-002 -6.796688097e+002 -6.796688097e+002 +1.1789e+000 -1.8818e+000
425 0 +4.056661577e-002 -6.796694334e+002 -6.796694334e+002 +1.1850e+000 -1.8649e+000
459 0 +3.975507815e-002 -6.796702449e+002 -6.796702449e+002 +1.1824e+000 -1.8713e+000
468 0 +3.810171479e-002 -6.796718983e+002 -6.796718983e+002 +1.1740e+000 -1.8925e+000
471 0 +3.752972482e-002 -6.796724703e+002 -6.796724703e+002 +1.1726e+000 -1.8960e+000
473 0 +3.634992805e-002 -6.796736501e+002 -6.796736501e+002 +1.1655e+000 -1.9138e+000
476 0 +3.542095065e-002 -6.796745790e+002 -6.796745790e+002 +1.1591e+000 -1.9295e+000
482 0 +3.435915703e-002 -6.796756408e+002 -6.796756408e+002 +1.1537e+000 -1.9425e+000
489 0 +3.361914709e-002 -6.796763809e+002 -6.796763809e+002 +1.1485e+000 -1.9551e+000
492 0 +3.278886182e-002 -6.796772111e+002 -6.796772111e+002 +1.1419e+000 -1.9712e+000
494 0 +3.233923577e-002 -6.796776608e+002 -6.796776608e+002 +1.1427e+000 -1.9689e+000
502 0 +3.129672029e-002 -6.796787033e+002 -6.796787033e+002 +1.1343e+000 -1.9890e+000
504 0 +3.059843247e-002 -6.796794016e+002 -6.796794016e+002 +1.1328e+000 -1.9923e+000
513 0 +2.399404138e-002 -6.796860060e+002 -6.796860060e+002 +1.1199e+000 -2.0199e+000
518 0 +2.383328584e-002 -6.796861667e+002 -6.796861667e+002 +1.1061e+000 -2.0528e+000
521 0 +2.078701515e-002 -6.796892130e+002 -6.796892130e+002 +1.1009e+000 -2.0634e+000
525 0 +1.890870223e-002 -6.796910913e+002 -6.796910913e+002 +1.0849e+000 -2.0995e+000
526 0 +1.733544418e-002 -6.796926646e+002 -6.796926646e+002 +1.0730e+000 -2.1255e+000
533 0 +1.695326852e-002 -6.796930467e+002 -6.796930467e+002 +1.0497e+000 -2.1768e+000
538 0 +1.531920283e-002 -6.796946808e+002 -6.796946808e+002 +1.0421e+000 -2.1927e+000
543 0 +3.620780554e-003 -6.797063792e+002 -6.797063792e+002 +1.0473e+000 -2.1688e+000
544 0 +2.260500880e-003 -6.797077395e+002 -6.797077395e+002 +1.0359e+000 -2.1934e+000
564 0 +1.661125167e-003 -6.797083389e+002 -6.797083389e+002 +1.0301e+000 -2.2063e+000
582 0 +1.555646204e-003 -6.797084444e+002 -6.797084444e+002 +1.0287e+000 -2.2091e+000
585 0 +1.063576292e-003 -6.797089364e+002 -6.797089364e+002 +1.0219e+000 -2.2232e+000
593 0 +7.474970204e-004 -6.797092525e+002 -6.797092525e+002 +1.0110e+000 -2.2443e+000
596 0 +7.084683468e-004 -6.797092915e+002 -6.797092915e+002 +1.0098e+000 -2.2467e+000
604 0 +6.111205320e-004 -6.797093889e+002 -6.797093889e+002 +9.9022e-001 -2.2855e+000
607 0 +4.515812136e-004 -6.797095484e+002 -6.797095484e+002 +9.8855e-001 -2.2892e+000
609 0 +5.621341063e-005 -6.797099438e+002 -6.797099438e+002 +9.8342e-001 -2.3011e+000
617 0 +3.575197809e-005 -6.797099642e+002 -6.797099642e+002 +9.8582e-001 -2.2963e+000
621 0 +1.478176989e-005 -6.797099852e+002 -6.797099852e+002 +9.9292e-001 -2.2827e+000
628 0 +8.487487548e-007 -6.797099992e+002 -6.797099992e+002 +9.9018e-001 -2.2880e+000
650 0 +4.644027740e-008 -6.797100000e+002 -6.797100000e+002 +9.8920e-001 -2.2900e+000
660 0 +6.252776075e-012 -6.797100000e+002 -6.797100000e+002 +9.8940e-001 -2.2896e+000
% f evaluations | g evaluations | best noise-free fitness - Fopt (1.000000000000e+003) + sum g_i+ | measured fitness | best measured fitness or single-digit g-values | x1 | x2...
1 0 +1.724410404e+005 +1.734410404e+005 +1.734410404e+005 +4.2778e+000 +4.6408e+000
2 0 +3.226176726e+004 +3.326176726e+004 +3.326176726e+004 +2.2042e+000 +3.9058e+000
3 0 +5.885137119e+002 +1.588513712e+003 +1.588513712e+003 -3.3460e+000 +1.5570e+000
4 0 +6.319434531e+001 +1.063194345e+003 +1.063194345e+003 -5.0000e+000 +5.0000e+000
17 0 +3.472989387e+001 +1.034729894e+003 +1.034729894e+003 -4.3591e-001 +2.7927e+000
32 0 +1.216175018e-001 +1.000121618e+003 +1.000121618e+003 -1.3058e+000 +3.1441e-001
104 0 +9.322152831e-002 +1.000093222e+003 +1.000093222e+003 -1.3418e+000 +2.4973e-001
112 0 +6.447890716e-002 +1.000064479e+003 +1.000064479e+003 -1.3795e+000 +1.5070e-001
136 0 +4.636329994e-002 +1.000046363e+003 +1.000046363e+003 -1.4038e+000 +8.4394e-002
156 0 +2.776244133e-002 +1.000027762e+003 +1.000027762e+003 -1.4553e+000 -4.3517e-002
158 0 +2.106529562e-002 +1.000021065e+003 +1.000021065e+003 -1.4759e+000 -9.0367e-002
182 0 +1.823876967e-002 +1.000018239e+003 +1.000018239e+003 -1.4873e+000 -1.1673e-001
194 0 +1.593616811e-002 +1.000015936e+003 +1.000015936e+003 -1.5085e+000 -1.6726e-001
195 0 +1.414574924e-002 +1.000014146e+003 +1.000014146e+003 -1.5045e+000 -1.5545e-001
199 0 +1.328212656e-002 +1.000013282e+003 +1.000013282e+003 -1.5123e+000 -1.7387e-001
203 0 +1.145842202e-002 +1.000011458e+003 +1.000011458e+003 -1.5205e+000 -1.9188e-001
209 0 +1.066757684e-002 +1.000010668e+003 +1.000010668e+003 -1.5336e+000 -2.2188e-001
214 0 +8.853674239e-003 +1.000008854e+003 +1.000008854e+003 -1.5493e+000 -2.5624e-001
217 0 +8.672405021e-003 +1.000008672e+003 +1.000008672e+003 -1.5433e+000 -2.4259e-001
225 0 +8.457142593e-003 +1.000008457e+003 +1.000008457e+003 -1.5536e+000 -2.6555e-001
227 0 +8.249164425e-003 +1.000008249e+003 +1.000008249e+003 -1.5460e+000 -2.4833e-001
228 0 +7.027990414e-003 +1.000007028e+003 +1.000007028e+003 -1.5436e+000 -2.4139e-001
230 0 +5.483196184e-003 +1.000005483e+003 +1.000005483e+003 -1.5581e+000 -2.7284e-001
232 0 +4.455333231e-003 +1.000004455e+003 +1.000004455e+003 -1.5524e+000 -2.5759e-001
236 0 +3.680559963e-003 +1.000003681e+003 +1.000003681e+003 -1.5606e+000 -2.7571e-001
240 0 +3.337995880e-003 +1.000003338e+003 +1.000003338e+003 -1.5644e+000 -2.8398e-001
248 0 +3.101658423e-003 +1.000003102e+003 +1.000003102e+003 -1.5653e+000 -2.8544e-001
252 0 +3.083822883e-003 +1.000003084e+003 +1.000003084e+003 -1.5654e+000 -2.8568e-001
257 0 +2.692569458e-003 +1.000002693e+003 +1.000002693e+003 -1.5678e+000 -2.9038e-001
270 0 +2.307941916e-003 +1.000002308e+003 +1.000002308e+003 -1.5704e+000 -2.9487e-001
271 0 +2.276035044e-003 +1.000002276e+003 +1.000002276e+003 -1.5706e+000 -2.9508e-001
273 0 +2.111151454e-003 +1.000002111e+003 +1.000002111e+003 -1.5756e+000 -3.0370e-001
285 0 +2.065008594e-003 +1.000002065e+003 +1.000002065e+003 -1.5739e+000 -3.0075e-001
323 0 +2.038794194e-003 +1.000002039e+003 +1.000002039e+003 -1.5739e+000 -3.0099e-001
344 0 +1.992994805e-003 +1.000001993e+003 +1.000001993e+003 -1.5743e+000 -3.0193e-001
354 0 +1.939975977e-003 +1.000001940e+003 +1.000001940e+003 -1.5750e+000 -3.0320e-001
364 0 +1.904435279e-003 +1.000001904e+003 +1.000001904e+003 -1.5746e+000 -3.0311e-001
382 0 +1.858269823e-003 +1.000001858e+003 +1.000001858e+003 -1.5751e+000 -3.0437e-001
418 0 +1.811352515e-003 +1.000001811e+003 +1.000001811e+003 -1.5756e+000 -3.0558e-001
426 0 +1.759080075e-003 +1.000001759e+003 +1.000001759e+003 -1.5763e+000 -3.0701e-001
431 0 +1.723804070e-003 +1.000001724e+003 +1.000001724e+003 -1.5767e+000 -3.0800e-001
436 0 +1.659790326e-003 +1.000001660e+003 +1.000001660e+003 -1.5776e+000 -3.0973e-001
437 0 +1.569103974e-003 +1.000001569e+003 +1.000001569e+003 -1.5788e+000 -3.1236e-001
443 0 +1.456737077e-003 +1.000001457e+003 +1.000001457e+003 -1.5804e+000 -3.1579e-001
444 0 +1.361109114e-003 +1.000001361e+003 +1.000001361e+003 -1.5818e+000 -3.1891e-001
449 0 +1.079869514e-003 +1.000001080e+003 +1.000001080e+003 -1.5872e+000 -3.3050e-001
454 0 +9.692816086e-004 +1.000000969e+003 +1.000000969e+003 -1.5903e+000 -3.3723e-001
458 0 +9.184025097e-004 +1.000000918e+003 +1.000000918e+003 -1.5923e+000 -3.4161e-001
460 0 +8.817785524e-004 +1.000000882e+003 +1.000000882e+003 -1.5955e+000 -3.4834e-001
488 0 +8.665171634e-004 +1.000000867e+003 +1.000000867e+003 -1.5978e+000 -3.5327e-001
506 0 +5.871504285e-004 +1.000000587e+003 +1.000000587e+003 -1.5968e+000 -3.4798e-001
509 0 +5.344818377e-004 +1.000000534e+003 +1.000000534e+003 -1.5973e+000 -3.4919e-001
512 0 +4.423416058e-004 +1.000000442e+003 +1.000000442e+003 -1.5983e+000 -3.5148e-001
515 0 +3.935409476e-004 +1.000000394e+003 +1.000000394e+003 -1.5989e+000 -3.5400e-001
520 0 +3.616587859e-004 +1.000000362e+003 +1.000000362e+003 -1.5998e+000 -3.5576e-001
523 0 +2.264589714e-004 +1.000000226e+003 +1.000000226e+003 -1.6043e+000 -3.6493e-001
526 0 +1.982697177e-004 +1.000000198e+003 +1.000000198e+003 -1.6078e+000 -3.7237e-001
528 0 +1.850232032e-004 +1.000000185e+003 +1.000000185e+003 -1.6046e+000 -3.6516e-001
533 0 +1.305890635e-004 +1.000000131e+003 +1.000000131e+003 -1.6082e+000 -3.7288e-001
546 0 +1.267725451e-004 +1.000000127e+003 +1.000000127e+003 -1.6070e+000 -3.6995e-001
561 0 +9.713131578e-005 +1.000000097e+003 +1.000000097e+003 -1.6085e+000 -3.7308e-001
577 0 +9.085743727e-005 +1.000000091e+003 +1.000000091e+003 -1.6087e+000 -3.7343e-001
579 0 +7.790511393e-005 +1.000000078e+003 +1.000000078e+003 -1.6096e+000 -3.7526e-001
585 0 +6.465363276e-005 +1.000000065e+003 +1.000000065e+003 -1.6102e+000 -3.7647e-001
587 0 +6.221075159e-005 +1.000000062e+003 +1.000000062e+003 -1.6105e+000 -3.7713e-001
594 0 +5.548843274e-005 +1.000000055e+003 +1.000000055e+003 -1.6108e+000 -3.7743e-001
596 0 +5.071159728e-005 +1.000000051e+003 +1.000000051e+003 -1.6111e+000 -3.7814e-001
597 0 +4.812183624e-005 +1.000000048e+003 +1.000000048e+003 -1.6117e+000 -3.7910e-001
601 0 +3.616549066e-005 +1.000000036e+003 +1.000000036e+003 -1.6123e+000 -3.8039e-001
602 0 +2.711177626e-005 +1.000000027e+003 +1.000000027e+003 -1.6132e+000 -3.8243e-001
606 0 +7.379739259e-006 +1.000000007e+003 +1.000000007e+003 -1.6156e+000 -3.8727e-001
608 0 +6.271912412e-006 +1.000000006e+003 +1.000000006e+003 -1.6163e+000 -3.8875e-001
609 0 +5.288423836e-006 +1.000000005e+003 +1.000000005e+003 -1.6180e+000 -3.9225e-001
613 0 +7.347352948e-008 +1.000000000e+003 +1.000000000e+003 -1.6180e+000 -3.9198e-001
638 0 +4.929461284e-010 +1.000000000e+003 +1.000000000e+003 -1.6182e+000 -3.9237e-001
% f evaluations | g evaluations | best noise-free fitness - Fopt (1.007000000000e+001) + sum g_i+ | measured fitness | best measured fitness or single-digit g-values | x1 | x2...
1 0 +1.329975077e+004 +1.330982077e+004 +1.330982077e+004 +2.7013e+000 -4.8248e+000
2 0 +1.461019157e+003 +1.471089157e+003 +1.471089157e+003 +2.4188e+000 +1.2586e+000
3 0 +3.487135178e+002 +3.587835178e+002 +3.587835178e+002 -1.4409e+000 -3.0478e+000
6 0 +2.562273113e+002 +2.662973113e+002 +2.662973113e+002 -9.8042e-001 -4.1775e-001
7 0 +5.879910578e+001 +6.886910578e+001 +6.886910578e+001 -2.1071e-001 -1.6675e+000
13 0 +2.679230409e+001 +3.686230409e+001 +3.686230409e+001 -1.3869e+000 -1.7850e+000
17 0 +9.822471700e+000 +1.989247170e+001 +1.989247170e+001 -2.4550e+000 +2.0906e+000
19 0 +5.040791803e+000 +1.511079180e+001 +1.511079180e+001 -1.5536e+000 -9.0219e-001
23 0 +1.578219404e+000 +1.164821940e+001 +1.164821940e+001 -5.1147e-001 -2.3656e+000
70 0 +5.013351322e-001 +1.057133513e+001 +1.057133513e+001 +1.5306e-001 -2.2626e+000
181 0 +1.979139455e-001 +1.026791395e+001 +1.026791395e+001 +2.3882e-001 -2.1337e+000
373 0 +1.934763226e-001 +1.026347632e+001 +1.026347632e+001 +2.3882e-001 -2.1300e+000
407 0 +1.598514358e-001 +1.022985144e+001 +1.022985144e+001 +2.8230e-001 -2.0817e+000
411 0 +1.313220439e-001 +1.020132204e+001 +1.020132204e+001 +3.2627e-001 -2.0292e+000
416 0 +1.260056383e-001 +1.019600564e+001 +1.019600564e+001 +3.6556e-001 -1.9845e+000
424 0 +1.148639326e-001 +1.018486393e+001 +1.018486393e+001 +3.4720e-001 -1.9845e+000
429 0 +1.008052565e-001 +1.017080526e+001 +1.017080526e+001 +3.5948e-001 -1.9768e+000
441 0 +6.456052547e-002 +1.013456053e+001 +1.013456053e+001 +4.2271e-001 -1.8855e+000
446 0 +6.194116295e-002 +1.013194116e+001 +1.013194116e+001 +4.4174e-001 -1.8485e+000
460 0 +5.422804781e-002 +1.012422805e+001 +1.012422805e+001 +4.5096e-001 -1.8368e+000
466 0 +2.081581669e-002 +1.009081582e+001 +1.009081582e+001 +5.5710e-001 -1.6749e+000
472 0 +1.829146343e-002 +1.008829146e+001 +1.008829146e+001 +5.4624e-001 -1.6894e+000
480 0 +1.740842970e-002 +1.008740843e+001 +1.008740843e+001 +5.5924e-001 -1.6691e+000
496 0 +1.627002088e-002 +1.008627002e+001 +1.008627002e+001 +5.6012e-001 -1.6667e+000
514 0 +1.430656409e-002 +1.008430656e+001 +1.008430656e+001 +5.5752e-001 -1.6670e+000
543 0 +1.294742914e-002 +1.008294743e+001 +1.008294743e+001 +5.6310e-001 -1.6567e+000
572 0 +1.179138224e-002 +1.008179138e+001 +1.008179138e+001 +5.7073e-001 -1.6450e+000
588 0 +1.161975924e-002 +1.008161976e+001 +1.008161976e+001 +5.6990e-001 -1.6456e+000
596 0 +1.055333676e-002 +1.008055334e+001 +1.008055334e+001 +5.7970e-001 -1.6299e+000
601 0 +9.847769753e-003 +1.007984777e+001 +1.007984777e+001 +5.8024e-001 -1.6279e+000
621 0 +8.330110807e-003 +1.007833011e+001 +1.007833011e+001 +5.8710e-001 -1.6148e+000
634 0 +7.891822222e-003 +1.007789182e+001 +1.007789182e+001 +5.8885e-001 -1.6112e+000
635 0 +7.535895452e-003 +1.007753590e+001 +1.007753590e+001 +5.9143e-001 -1.6068e+000
639 0 +6.582110457e-003 +1.007658211e+001 +1.007658211e+001 +5.9675e-001 -1.5968e+000
643 0 +5.900480927e-003 +1.007590048e+001 +1.007590048e+001 +6.0108e-001 -1.5888e+000
648 0 +5.755623350e-003 +1.007575562e+001 +1.007575562e+001 +6.0249e-001 -1.5864e+000
650 0 +4.425005080e-003 +1.007442501e+001 +1.007442501e+001 +6.1316e-001 -1.5670e+000
658 0 +3.493947492e-003 +1.007349395e+001 +1.007349395e+001 +6.2282e-001 -1.5493e+000
666 0 +3.215289458e-003 +1.007321529e+001 +1.007321529e+001 +6.2667e-001 -1.5422e+000
673 0 +2.909332920e-003 +1.007290933e+001 +1.007290933e+001 +6.3234e-001 -1.5318e+000
674 0 +2.818302239e-003 +1.007281830e+001 +1.007281830e+001 +6.3824e-001 -1.5211e+000
698 0 +1.719455650e-003 +1.007171946e+001 +1.007171946e+001 +6.3596e-001 -1.5211e+000
709 0 +1.603117667e-003 +1.007160312e+001 +1.007160312e+001 +6.3681e-001 -1.5204e+000
732 0 +1.535277467e-003 +1.007153528e+001 +1.007153528e+001 +6.3770e-001 -1.5187e+000
740 0 +1.486476266e-003 +1.007148648e+001 +1.007148648e+001 +6.3838e-001 -1.5175e+000
742 0 +1.472286605e-003 +1.007147229e+001 +1.007147229e+001 +6.3856e-001 -1.5171e+000
748 0 +1.431434874e-003 +1.007143143e+001 +1.007143143e+001 +6.3908e-001 -1.5161e+000
750 0 +1.408138702e-003 +1.007140814e+001 +1.007140814e+001 +6.3942e-001 -1.5155e+000
753 0 +1.335395516e-003 +1.007133540e+001 +1.007133540e+001 +6.4033e-001 -1.5136e+000
754 0 +1.291022769e-003 +1.007129102e+001 +1.007129102e+001 +6.4095e-001 -1.5125e+000
766 0 +1.274261369e-003 +1.007127426e+001 +1.007127426e+001 +6.4120e-001 -1.5120e+000
780 0 +1.245507860e-003 +1.007124551e+001 +1.007124551e+001 +6.4161e-001 -1.5112e+000
783 0 +1.229257328e-003 +1.007122926e+001 +1.007122926e+001 +6.4184e-001 -1.5108e+000
790 0 +1.164349886e-003 +1.007116435e+001 +1.007116435e+001 +6.4281e-001 -1.5089e+000
801 0 +1.112956096e-003 +1.007111296e+001 +1.007111296e+001 +6.4361e-001 -1.5074e+000
805 0 +1.087071516e-003 +1.007108707e+001 +1.007108707e+001 +6.4402e-001 -1.5066e+000
809 0 +1.056159988e-003 +1.007105616e+001 +1.007105616e+001 +6.4451e-001 -1.5057e+000
815 0 +1.036214495e-003 +1.007103621e+001 +1.007103621e+001 +6.4484e-001 -1.5051e+000
818 0 +1.022681482e-003 +1.007102268e+001 +1.007102268e+001 +6.4506e-001 -1.5047e+000
823 0 +9.758173930e-004 +1.007097582e+001 +1.007097582e+001 +6.4585e-001 -1.5032e+000
824 0 +9.540404965e-004 +1.007095404e+001 +1.007095404e+001 +6.4623e-001 -1.5024e+000
825 0 +9.131797422e-004 +1.007091318e+001 +1.007091318e+001 +6.4695e-001 -1.5011e+000
826 0 +8.654447217e-004 +1.007086544e+001 +1.007086544e+001 +6.4783e-001 -1.4994e+000
831 0 +8.500158654e-004 +1.007085002e+001 +1.007085002e+001 +6.4812e-001 -1.4989e+000
840 0 +7.715592236e-004 +1.007077156e+001 +1.007077156e+001 +6.4913e-001 -1.4961e+000
855 0 +7.231919990e-004 +1.007072319e+001 +1.007072319e+001 +6.5019e-001 -1.4939e+000
859 0 +6.846665102e-004 +1.007068467e+001 +1.007068467e+001 +6.5073e-001 -1.4931e+000
872 0 +6.526066430e-004 +1.007065261e+001 +1.007065261e+001 +6.5128e-001 -1.4923e+000
874 0 +6.219163119e-004 +1.007062192e+001 +1.007062192e+001 +6.5202e-001 -1.4905e+000
876 0 +6.078910106e-004 +1.007060789e+001 +1.007060789e+001 +6.5214e-001 -1.4905e+000
879 0 +5.685106715e-004 +1.007056851e+001 +1.007056851e+001 +6.5311e-001 -1.4889e+000
892 0 +5.331083241e-004 +1.007053311e+001 +1.007053311e+001 +6.5392e-001 -1.4873e+000
902 0 +4.688386322e-004 +1.007046884e+001 +1.007046884e+001 +6.5545e-001 -1.4844e+000
908 0 +4.366679297e-004 +1.007043667e+001 +1.007043667e+001 +6.5647e-001 -1.4825e+000
909 0 +3.881310736e-004 +1.007038813e+001 +1.007038813e+001 +6.5790e-001 -1.4798e+000
910 0 +3.388546989e-004 +1.007033885e+001 +1.007033885e+001 +6.6004e-001 -1.4758e+000
912 0 +3.205228481e-004 +1.007032052e+001 +1.007032052e+001 +6.6037e-001 -1.4751e+000
920 0 +3.116395982e-004 +1.007031164e+001 +1.007031164e+001 +6.6130e-001 -1.4734e+000
922 0 +3.062436179e-004 +1.007030624e+001 +1.007030624e+001 +6.6165e-001 -1.4727e+000
923 0 +2.976767828e-004 +1.007029768e+001 +1.007029768e+001 +6.6191e-001 -1.4722e+000
929 0 +2.848394545e-004 +1.007028484e+001 +1.007028484e+001 +6.6133e-001 -1.4732e+000
932 0 +2.798902823e-004 +1.007027989e+001 +1.007027989e+001 +6.6072e-001 -1.4742e+000
949 0 +2.729459496e-004 +1.007027295e+001 +1.007027295e+001 +6.6112e-001 -1.4734e+000
956 0 +2.634143315e-004 +1.007026341e+001 +1.007026341e+001 +6.6064e-001 -1.4740e+000
957 0 +2.548400887e-004 +1.007025484e+001 +1.007025484e+001 +6.6092e-001 -1.4735e+000
963 0 +2.419919848e-004 +1.007024199e+001 +1.007024199e+001 +6.6143e-001 -1.4725e+000
968 0 +2.346855487e-004 +1.007023469e+001 +1.007023469e+001 +6.6148e-001 -1.4722e+000
976 0 +2.289473969e-004 +1.007022895e+001 +1.007022895e+001 +6.6168e-001 -1.4719e+000
984 0 +2.237113960e-004 +1.007022371e+001 +1.007022371e+001 +6.6213e-001 -1.4712e+000
985 0 +2.173018140e-004 +1.007021730e+001 +1.007021730e+001 +6.6306e-001 -1.4696e+000
986 0 +1.991030177e-004 +1.007019910e+001 +1.007019910e+001 +6.6316e-001 -1.4693e+000
990 0 +1.786606112e-004 +1.007017866e+001 +1.007017866e+001 +6.6518e-001 -1.4656e+000
1001 0 +1.746971472e-004 +1.007017470e+001 +1.007017470e+001 +6.6621e-001 -1.4637e+000
1012 0 +1.489403835e-004 +1.007014894e+001 +1.007014894e+001 +6.6522e-001 -1.4652e+000
1015 0 +1.447472108e-004 +1.007014475e+001 +1.007014475e+001 +6.6478e-001 -1.4657e+000
1021 0 +1.390738487e-004 +1.007013907e+001 +1.007013907e+001 +6.6525e-001 -1.4650e+000
1024 0 +1.370114206e-004 +1.007013701e+001 +1.007013701e+001 +6.6729e-001 -1.4614e+000
1025 0 +1.238470939e-004 +1.007012385e+001 +1.007012385e+001 +6.6579e-001 -1.4639e+000
1026 0 +7.710208155e-005 +1.007007710e+001 +1.007007710e+001 +6.6887e-001 -1.4580e+000
1031 0 +3.759955620e-005 +1.007003760e+001 +1.007003760e+001 +6.7085e-001 -1.4535e+000
1034 0 +9.396457630e-006 +1.007000940e+001 +1.007000940e+001 +6.7374e-001 -1.4479e+000
1037 0 +4.420189537e-006 +1.007000442e+001 +1.007000442e+001 +6.7579e-001 -1.4440e+000
1049 0 +1.878046982e-006 +1.007000188e+001 +1.007000188e+001 +6.7686e-001 -1.4418e+000
1053 0 +1.000390320e-006 +1.007000100e+001 +1.007000100e+001 +6.7606e-001 -1.4434e+000
1057 0 +1.478649327e-007 +1.007000015e+001 +1.007000015e+001 +6.7713e-001 -1.4412e+000
1063 0 +7.487344078e-012 +1.007000000e+001 +1.007000000e+001 +6.7680e-001 -1.4418e+000
% f evaluations | g evaluations | best noise-free fitness - Fopt (-7.540000000000e+000) + sum g_i+ | measured fitness | best measured fitness or single-digit g-values | x1 | x2...
1 0 +3.380286969e+001 +2.626286969e+001 +2.626286969e+001 +1.2396e+000 +1.0414e+000
8 0 +6.943955552e+000 -5.960444478e-001 -5.960444478e-001 +1.8068e+000 +1.9428e-001
17 0 +5.720995808e+000 -1.819004192e+000 -1.819004192e+000 +1.3774e+000 +2.0035e-001
18 0 +6.915160705e-001 -6.848483930e+000 -6.848483930e+000 +1.9235e+000 +4.6635e-001
46 0 +3.152526442e-001 -7.224747356e+000 -7.224747356e+000 +1.9864e+000 +5.7078e-001
71 0 +6.004815664e-002 -7.479951843e+000 -7.479951843e+000 +2.3112e+000 +9.5664e-001
107 0 +3.354270643e-002 -7.506457294e+000 -7.506457294e+000 +2.4453e+000 +1.2010e+000
139 0 +1.688053727e-002 -7.523119463e+000 -7.523119463e+000 +2.4738e+000 +1.2271e+000
174 0 +3.914359589e-003 -7.536085640e+000 -7.536085640e+000 +2.4933e+000 +1.2713e+000
197 0 +2.415358909e-003 -7.537584641e+000 -7.537584641e+000 +2.4991e+000 +1.2861e+000
205 0 +2.321187127e-003 -7.537678813e+000 -7.537678813e+000 +2.4996e+000 +1.2868e+000
214 0 +1.980730107e-003 -7.538019270e+000 -7.538019270e+000 +2.5109e+000 +1.3105e+000
222 0 +1.863017758e-003 -7.538136982e+000 -7.538136982e+000 +2.5273e+000 +1.3360e+000
228 0 +1.831480514e-004 -7.539816852e+000 -7.539816852e+000 +2.5399e+000 +1.3635e+000
245 0 +1.678217094e-004 -7.539832178e+000 -7.539832178e+000 +2.5406e+000 +1.3649e+000
248 0 +1.870177135e-005 -7.539981298e+000 -7.539981298e+000 +2.5519e+000 +1.3886e+000
250 0 +8.632325847e-006 -7.539991368e+000 -7.539991368e+000 +2.5497e+000 +1.3840e+000
256 0 +5.479989632e-006 -7.539994520e+000 -7.539994520e+000 +2.5464e+000 +1.3778e+000
263 0 +2.858076886e-008 -7.539999971e+000 -7.539999971e+000 +2.5476e+000 +1.3801e+000
267 0 +4.555708699e-009 -7.539999995e+000 -7.539999995e+000 +2.5476e+000 +1.3799e+000
