% f evaluations | g evaluations | best noise-free fitness - Fopt (1.238300000000e+002) + sum g_i+ | measured fitness | best measured fitness or single-digit g-values | x1 | x2...
1 0 +4.476373473e+004 +4.488756473e+004 +4.488756473e+004 +1.0190e-001 +4.7800e+000 +1.7975e+000
2 0 +2.283564582e+004 +2.295947582e+004 +2.295947582e+004 -2.8714e+000 +2.4182e+000 +6.3800e-001
3 0 +1.363518530e+002 +2.601818530e+002 +2.601818530e+002 +2.0515e-001 -1.5021e+000 -5.3349e-001
32 0 +8.011197365e+001 +2.039419736e+002 +2.039419736e+002 +4.4145e-001 -7.0734e-001 -5.6418e-001
40 0 +7.894845610e+001 +2.027784561e+002 +2.027784561e+002 -1.3091e-001 +2.4779e-001 -4.5933e-001
67 0 +7.588171556e+001 +1.997117156e+002 +1.997117156e+002 +2.5536e-001 -6.3332e-001 -7.4193e-001
97 0 +5.673924440e+001 +1.805692444e+002 +1.805692444e+002 +9.2941e-001 +1.4635e+000 -4.1041e-002
123 0 +3.991739112e+001 +1.637473911e+002 +1.637473911e+002 +4.1793e-001 -1.3261e+000 -1.2361e-001
139 0 +8.797308381e+000 +1.326273084e+002 +1.326273084e+002 -3.1893e-001 -6.7474e-001 -4.0285e-001
184 0 +2.950982612e+000 +1.267809826e+002 +1.267809826e+002 -3.6616e-001 -8.0056e-001 -2.3173e-001
256 0 +2.521568081e+000 +1.263515681e+002 +1.263515681e+002 -4.5705e-001 -7.6240e-001 -1.8338e-001
279 0 +2.132859535e+000 +1.259628595e+002 +1.259628595e+002 -4.3767e-001 -4.6064e-001 -1.5677e-001
302 0 +1.877838509e+000 +1.257078385e+002 +1.257078385e+002 -4.1383e-001 -4.9440e-001 -1.2347e-001
309 0 +1.846277036e+000 +1.256762770e+002 +1.256762770e+002 -4.6764e-001 -4.1953e-001 -1.3380e-001
317 0 +1.745877376e+000 +1.255758774e+002 +1.255758774e+002 -4.6388e-001 -1.3655e-001 -5.3476e-003
334 0 +9.555800429e-001 +1.247855800e+002 +1.247855800e+002 -4.3469e-001 -2.3952e-001 +2.8106e-002
385 0 +5.468714098e-001 +1.243768714e+002 +1.243768714e+002 -3.8135e-001 -6.2857e-002 +8.1464e-002
460 0 +4.755231896e-001 +1.243055232e+002 +1.243055232e+002 -3.4005e-001 +5.4192e-002 +1.2373e-001
461 0 +3.838837028e-001 +1.242138837e+002 +1.242138837e+002 -2.9066e-001 +8.1898e-002 +1.1538e-001
502 0 +2.769600605e-001 +1.241069601e+002 +1.241069601e+002 -2.3111e-001 +1.6664e-001 +1.5341e-001
520 0 +2.597468818e-001 +1.240897469e+002 +1.240897469e+002 -1.0824e-003 +3.9099e-001 +1.4933e-001
550 0 +2.394191008e-001 +1.240694191e+002 +1.240694191e+002 -1.5492e-001 +2.7424e-001 +1.6335e-001
584 0 +2.293088356e-001 +1.240593088e+002 +1.240593088e+002 +6.0602e-002 +4.9600e-001 +1.8949e-001
585 0 +1.874035828e-001 +1.240174036e+002 +1.240174036e+002 -1.0359e-001 +2.8879e-001 +1.5691e-001
588 0 +1.795639119e-001 +1.240095639e+002 +1.240095639e+002 -3.1180e-002 +3.5656e-001 +1.5910e-001
695 0 +3.103809110e-002 +1.238610381e+002 +1.238610381e+002 +1.4291e-001 +5.3878e-001 +1.7262e-001
849 0 +2.552171595e-002 +1.238555217e+002 +1.238555217e+002 +2.9900e-001 +6.6291e-001 +1.5558e-001
873 0 +2.236186709e-002 +1.238523619e+002 +1.238523619e+002 +2.0915e-001 +5.9069e-001 +1.6709e-001
878 0 +1.364691605e-002 +1.238436469e+002 +1.238436469e+002 +2.3261e-001 +6.1729e-001 +1.6523e-001
880 0 +1.082891687e-002 +1.238408289e+002 +1.238408289e+002 +3.8971e-001 +7.4885e-001 +1.4836e-001
881 0 +8.548769387e-003 +1.238385488e+002 +1.238385488e+002 +3.7382e-001 +7.2945e-001 +1.5591e-001
950 0 +1.897438930e-003 +1.238318974e+002 +1.238318974e+002 +3.4212e-001 +7.0664e-001 +1.5748e-001
1019 0 +4.008446988e-004 +1.238304008e+002 +1.238304008e+002 +3.8040e-001 +7.3620e-001 +1.5161e-001
1056 0 +1.730781494e-004 +1.238301731e+002 +1.238301731e+002 +3.9405e-001 +7.4727e-001 +1.5002e-001
1085 0 +5.830342884e-005 +1.238300583e+002 +1.238300583e+002 +4.1133e-001 +7.6187e-001 +1.4821e-001
1131 0 +2.689590785e-005 +1.238300269e+002 +1.238300269e+002 +4.0198e-001 +7.5427e-001 +1.4922e-001
1191 0 +8.921316578e-006 +1.238300089e+002 +1.238300089e+002 +4.0141e-001 +7.5370e-001 +1.4939e-001
1248 0 +3.324840350e-007 +1.238300003e+002 +1.238300003e+002 +4.0037e-001 +7.5301e-001 +1.4961e-001
1267 0 +4.697281497e-008 +1.238300000e+002 +1.238300000e+002 +4.0020e-001 +7.5287e-001 +1.4965e-001
1409 0 +8.769234228e-009 +1.238300000e+002 +1.238300000e+002 +4.0046e-001 +7.5307e-001 +1.4962e-001
% f evaluations | g evaluations | best noise-free fitness - Fopt (4.751000000000e+001) + sum g_i+ | measured fitness | best measured fitness or single-digit g-values | x1 | x2...
1 0 +1.363011760e+004 +1.367762760e+004 +1.367762760e+004 +1.0218e+000 -1.0717e-001 +3.5885e+000
4 0 +2.691597869e+003 +2.739107869e+003 +2.739107869e+003 +2.9231e-002 +4.7283e+000 -1.1747e+000
9 0 +1.176438186e+002 +1.651538186e+002 +1.651538186e+002 -5.8847e-001 +9.0994e-001 +3.7292e-001
34 0 +4.016575023e+001 +8.767575023e+001 +8.767575023e+001 +1.5325e-001 -3.3514e-001 +5.2560e-001
176 0 +2.908771228e+001 +7.659771228e+001 +7.659771228e+001 +1.4996e-001 +7.8705e-001 +4.5230e-001
192 0 +5.530149243e+000 +5.304014924e+001 +5.304014924e+001 -2.3264e-001 -4.3424e-001 -5.0285e-001
284 0 +2.515277046e+000 +5.002527705e+001 +5.002527705e+001 -3.6143e-002 -5.4276e-001 -4.1144e-001
297 0 +1.091308066e+000 +4.860130807e+001 +4.860130807e+001 +2.3878e-001 -2.3521e-001 +1.9588e-001
454 0 +9.090904269e-001 +4.841909043e+001 +4.841909043e+001 +1.4175e-001 -1.8058e-002 +2.7837e-001
489 0 +5.181678499e-001 +4.802816785e+001 +4.802816785e+001 +1.8573e-001 -2.8208e-001 +1.0576e-001
498 0 +4.239040605e-001 +4.793390406e+001 +4.793390406e+001 +1.7801e-001 -8.8995e-002 +2.1289e-001
524 0 +1.803449473e-001 +4.769034495e+001 +4.769034495e+001 +1.9186e-001 -3.5689e-002 +3.1339e-001
674 0 +1.505708048e-001 +4.766057080e+001 +4.766057080e+001 +1.8881e-001 -2.8867e-002 +3.0658e-001
730 0 +1.314023502e-001 +4.764140235e+001 +4.764140235e+001 +1.8917e-001 +1.4660e-002 +3.3092e-001
831 0 +1.106569425e-001 +4.762065694e+001 +4.762065694e+001 +1.8532e-001 +3.8687e-002 +3.5368e-001
856 0 +9.961369631e-002 +4.760961370e+001 +4.760961370e+001 +1.8338e-001 +6.3452e-002 +3.6718e-001
872 0 +9.398476887e-002 +4.760398477e+001 +4.760398477e+001 +1.8310e-001 +1.3361e-001 +4.2728e-001
884 0 +8.583301114e-002 +4.759583301e+001 +4.759583301e+001 +1.6884e-001 +2.3028e-001 +4.8747e-001
886 0 +7.119543532e-002 +4.758119544e+001 +4.758119544e+001 +1.7788e-001 +1.4233e-001 +4.2648e-001
914 0 +6.051341756e-002 +4.757051342e+001 +4.757051342e+001 +1.6867e-001 +1.9419e-001 +4.5032e-001
929 0 +2.986332693e-002 +4.753986333e+001 +4.753986333e+001 +1.6842e-001 +2.7197e-001 +5.0013e-001
969 0 +2.315199722e-002 +4.753315200e+001 +4.753315200e+001 +1.6029e-001 +3.3984e-001 +5.3998e-001
1032 0 +1.962667901e-002 +4.752962668e+001 +4.752962668e+001 +1.6298e-001 +3.2028e-001 +5.2586e-001
1060 0 +1.872858408e-002 +4.752872858e+001 +4.752872858e+001 +1.6176e-001 +3.2869e-001 +5.3087e-001
1063 0 +1.665114360e-002 +4.752665114e+001 +4.752665114e+001 +1.5977e-001 +3.6769e-001 +5.4679e-001
1067 0 +1.251434878e-002 +4.752251435e+001 +4.752251435e+001 +1.4833e-001 +4.5994e-001 +5.9058e-001
1074 0 +8.795192675e-003 +4.751879519e+001 +4.751879519e+001 +1.4982e-001 +4.3868e-001 +5.8218e-001
1122 0 +6.288439555e-003 +4.751628844e+001 +4.751628844e+001 +1.5241e-001 +4.4617e-001 +5.8885e-001
1124 0 +5.102604364e-003 +4.751510260e+001 +4.751510260e+001 +1.5198e-001 +4.3390e-001 +5.8410e-001
1138 0 +4.971976496e-003 +4.751497198e+001 +4.751497198e+001 +1.4990e-001 +4.5001e-001 +5.8953e-001
1152 0 +4.417801544e-003 +4.751441780e+001 +4.751441780e+001 +1.3839e-001 +5.9185e-001 +6.6123e-001
1180 0 +2.061786726e-003 +4.751206179e+001 +4.751206179e+001 +1.4422e-001 +5.2792e-001 +6.3062e-001
1191 0 +6.819711411e-004 +4.751068197e+001 +4.751068197e+001 +1.4248e-001 +5.2475e-001 +6.2837e-001
1251 0 +4.147171339e-004 +4.751041472e+001 +4.751041472e+001 +1.4268e-001 +5.2475e-001 +6.2743e-001
1278 0 +3.138484852e-004 +4.751031385e+001 +4.751031385e+001 +1.4115e-001 +5.4501e-001 +6.3800e-001
1285 0 +3.407122610e-005 +4.751003407e+001 +4.751003407e+001 +1.4019e-001 +5.5053e-001 +6.3969e-001
1470 0 +7.241540985e-007 +4.751000072e+001 +4.751000072e+001 +1.3909e-001 +5.6077e-001 +6.4441e-001
1485 0 +3.997521176e-007 +4.751000040e+001 +4.751000040e+001 +1.3898e-001 +5.6201e-001 +6.4499e-001
1524 0 +4.701190903e-008 +4.751000005e+001 +4.751000005e+001 +1.3905e-001 +5.6155e-001 +6.4480e-001
1535 0 +3.659486225e-008 +4.751000004e+001 +4.751000004e+001 +1.3904e-001 +5.6161e-001 +6.4483e-001
1566 0 +2.613028016e-008 +4.751000003e+001 +4.751000003e+001 +1.3907e-001 +5.6126e-001 +6.4466e-001
1619 0 +1.055490628e-008 +4.751000001e+001 +4.751000001e+001 +1.3906e-001 +5.6133e-001 +6.4470e-001
1624 0 +5.148613980e-009 +4.751000001e+001 +4.751000001e+001 +1.3907e-001 +5.6124e-001 +6.4466e-001
% f evaluations | g evaluations | best noise-free fitness - Fopt (5.534000000000e+001) + sum g_i+ | measured fitness | best measured fitness or single-digit g-values | x1 | x2...
1 0 +1.055931549e+003 +1.111271549e+003 +1.111271549e+003 -3.3543e+000 +1.0267e+000 +1.1544e+000
7 0 +4.090075284e+002 +4.643475284e+002 +4.643475284e+002 +1.0243e+000 +9.7831e-001 -2.0710e+000
9 0 +1.029017482e+002 +1.582417482e+002 +1.582417482e+002 +6.8951e-001 +6.7561e-002 -8.4794e-001
21 0 +9.234086717e+001 +1.476808672e+002 +1.476808672e+002 +2.7909e+000 -1.6718e+000 -9.6897e-001
69 0 +1.027039363e+001 +6.561039363e+001 +6.561039363e+001 -6.8090e-001 +3.2776e-001 +2.8635e-001
94 0 +6.988499108e+000 +6.232849911e+001 +6.232849911e+001 -5.5280e-001 +6.8813e-001 -7.6328e-002
115 0 +2.899932885e+000 +5.823993288e+001 +5.823993288e+001 +1.2000e+000 -1.3261e+000 -2.5531e-001
283 0 +1.478864992e+000 +5.681886499e+001 +5.681886499e+001 +1.2657e+000 -1.3761e+000 -3.3849e-001
450 0 +5.317252710e-001 +5.587172527e+001 +5.587172527e+001 -3.0645e-002 -3.2487e-001 +1.2623e-001
739 0 +4.062910678e-002 +5.538062911e+001 +5.538062911e+001 +1.9154e-001 -6.1321e-001 +2.6068e-002
1223 0 +9.620252094e-003 +5.534962025e+001 +5.534962025e+001 +3.0511e-001 -7.0549e-001 -8.2379e-003
1435 0 +9.258376904e-003 +5.534925838e+001 +5.534925838e+001 +3.9994e-001 -7.7351e-001 -4.7375e-002
1436 0 +4.245035489e-003 +5.534424504e+001 +5.534424504e+001 +3.8233e-001 -7.5743e-001 -3.8677e-002
1439 0 +3.410763954e-003 +5.534341076e+001 +5.534341076e+001 +3.4876e-001 -7.3832e-001 -2.4275e-002
1547 0 +2.029873329e-003 +5.534202987e+001 +5.534202987e+001 +3.8070e-001 -7.5705e-001 -3.6754e-002
1594 0 +2.695302035e-004 +5.534026953e+001 +5.534026953e+001 +3.8091e-001 -7.6121e-001 -3.6550e-002
1670 0 +6.581007577e-005 +5.534006581e+001 +5.534006581e+001 +3.9578e-001 -7.7136e-001 -4.2273e-002
1676 0 +2.702962414e-005 +5.534002703e+001 +5.534002703e+001 +3.9426e-001 -7.7031e-001 -4.1641e-002
1797 0 +4.102591760e-007 +5.534000041e+001 +5.534000041e+001 +3.9356e-001 -7.6995e-001 -4.1219e-002
1965 0 +1.492484429e-007 +5.534000015e+001 +5.534000015e+001 +3.9326e-001 -7.6976e-001 -4.1113e-002
1985 0 +3.453024533e-010 +5.534000000e+001 +5.534000000e+001 +3.9383e-001 -7.7020e-001 -4.1315e-002
% f evaluations | g evaluations | best noise-free fitness - Fopt (-9.033000000000e+001) + sum g_i+ | measured fitness | best measured fitness or single-digit g-values | x1 | x2...
1 0 +3.279489530e+004 +3.270456530e+004 +3.270456530e+004 +4.2233e+000 +4.8846e+000 -4.0475e+000
3 0 +1.133852403e+003 +1.043522403e+003 +1.043522403e+003 -9.0270e-001 -3.6420e+000 -2.0602e-001
11 0 +4.168077217e+002 +3.264777217e+002 +3.264777217e+002 -5.8958e-001 -2.4100e+000 +4.9084e-001
12 0 +1.288264706e+002 +3.849647064e+001 +3.849647064e+001 -7.2644e-001 -1.9807e+000 -2.4712e-002
26 0 +1.026970158e+002 +1.236701583e+001 +1.236701583e+001 -8.3561e-001 -2.0918e+000 -3.1022e-002
52 0 +3.811034514e+001 -5.221965486e+001 -5.221965486e+001 -5.5933e-001 -1.4970e+000 -5.6439e-001
82 0 +2.796926029e+001 -6.236073971e+001 -6.236073971e+001 +6.5788e-002 -4.2096e-002 -1.4658e+000
148 0 +2.370558018e+001 -6.662441982e+001 -6.662441982e+001 -8.5271e-001 -5.5093e-001 +1.0480e+000
171 0 +1.821229644e+000 -8.850877036e+001 -8.850877036e+001 +1.4767e-001 +4.4697e-001 -1.5795e-001
271 0 +1.298764166e+000 -8.903123583e+001 -8.903123583e+001 +3.1156e-001 +2.7539e-001 -2.7262e-001
291 0 +7.299909922e-001 -8.960000901e+001 -8.960000901e+001 +1.2340e-001 +3.7806e-001 -7.2325e-002
673 0 +6.503047017e-001 -8.967969530e+001 -8.967969530e+001 +1.9778e-001 +3.5616e-001 -1.7795e-001
711 0 +5.342677861e-001 -8.979573221e+001 -8.979573221e+001 +8.4393e-002 +3.2985e-001 -7.4538e-002
744 0 +5.146225817e-001 -8.981537742e+001 -8.981537742e+001 +6.5198e-002 +3.0444e-001 -3.1612e-002
754 0 +3.454969383e-001 -8.998450306e+001 -8.998450306e+001 -4.1300e-001 +6.0945e-002 +5.8974e-001
819 0 +1.559875294e-001 -9.017401247e+001 -9.017401247e+001 -2.9549e-001 +1.1189e-001 +4.3195e-001
887 0 +8.233208903e-002 -9.024766791e+001 -9.024766791e+001 -4.1925e-001 +3.0490e-002 +6.1685e-001
912 0 +7.865179467e-002 -9.025134821e+001 -9.025134821e+001 -2.5552e-001 +1.6374e-001 +3.9590e-001
943 0 +4.962090505e-002 -9.028037909e+001 -9.028037909e+001 -3.0058e-001 +1.1995e-001 +4.4614e-001
970 0 +4.678676696e-002 -9.028321323e+001 -9.028321323e+001 -3.2201e-001 +1.0640e-001 +4.8901e-001
1010 0 +3.990160377e-002 -9.029009840e+001 -9.029009840e+001 -3.4710e-001 +8.5096e-002 +5.2424e-001
1123 0 +3.291208112e-002 -9.029708792e+001 -9.029708792e+001 -3.5491e-001 +6.6306e-002 +5.2717e-001
1132 0 +2.989213274e-002 -9.030010787e+001 -9.030010787e+001 -4.1000e-001 +2.2650e-002 +5.9909e-001
1148 0 +1.310795707e-002 -9.031689204e+001 -9.031689204e+001 -3.8429e-001 +4.1316e-002 +5.7214e-001
1204 0 +3.811028111e-003 -9.032618897e+001 -9.032618897e+001 -4.4628e-001 -1.8148e-002 +6.6593e-001
1241 0 +1.688686158e-003 -9.032831131e+001 -9.032831131e+001 -4.6396e-001 -4.2615e-002 +6.9439e-001
1245 0 +1.266035844e-003 -9.032873396e+001 -9.032873396e+001 -4.4896e-001 -2.3024e-002 +6.6826e-001
1347 0 +9.614979616e-004 -9.032903850e+001 -9.032903850e+001 -4.9091e-001 -6.9405e-002 +7.3226e-001
1351 0 +9.502233202e-004 -9.032904978e+001 -9.032904978e+001 -4.6843e-001 -4.4055e-002 +6.9691e-001
1352 0 +5.449215217e-004 -9.032945508e+001 -9.032945508e+001 -4.7229e-001 -5.1549e-002 +7.0600e-001
1364 0 +2.026149467e-004 -9.032979739e+001 -9.032979739e+001 -4.8736e-001 -6.7709e-002 +7.2888e-001
1394 0 +1.336279186e-004 -9.032986637e+001 -9.032986637e+001 -4.8191e-001 -6.1907e-002 +7.1956e-001
1419 0 +8.558025385e-006 -9.032999144e+001 -9.032999144e+001 -4.8264e-001 -6.2163e-002 +7.2085e-001
1450 0 +7.618284002e-006 -9.032999238e+001 -9.032999238e+001 -4.7893e-001 -5.7856e-002 +7.1507e-001
1523 0 +5.389434591e-006 -9.032999461e+001 -9.032999461e+001 -4.7922e-001 -5.8155e-002 +7.1545e-001
1550 0 +2.520626765e-007 -9.032999975e+001 -9.032999975e+001 -4.8066e-001 -5.9739e-002 +7.1767e-001
1610 0 +8.660622086e-008 -9.032999991e+001 -9.032999991e+001 -4.8087e-001 -5.9963e-002 +7.1799e-001
1666 0 +2.990937276e-008 -9.032999997e+001 -9.032999997e+001 -4.8078e-001 -5.9851e-002 +7.1786e-001
1713 0 +8.551921837e-009 -9.032999999e+001 -9.032999999e+001 -4.8079e-001 -5.9858e-002 +7.1787e-001
% f evaluations | g evaluations | best noise-free fitness - Fopt (6.561000000000e+001) + sum g_i+ | measured fitness | best measured fitness or single-digit g-values | x1 | x2...
1 0 +4.795119786e+004 +4.801680786e+004 +4.801680786e+004 +4.7417e+000 +5.8042e-002 +4.2943e-001
2 0 +4.469380794e+003 +4.534990794e+003 +4.534990794e+003 +1.6334e-002 +4.7106e+000 +9.6356e-001
7 0 +2.452922324e+003 +2.518532324e+003 +2.518532324e+003 -1.1230e+000 -1.0125e+000 -2.5110e+000
10 0 +3.822428582e+002 +4.478528582e+002 +4.478528582e+002 -3.4125e-001 +2.5578e-001 +9.1802e-001
12 0 +1.549766925e+002 +2.205866925e+002 +2.205866925e+002 +6.4078e-001 +4.2865e-001 -1.1841e+000
72 0 +1.120316081e+002 +1.776416081e+002 +1.776416081e+002 -2.8410e-001 -1.0449e+000 +6.7910e-002
113 0 +1.204387041e+001 +7.765387041e+001 +7.765387041e+001 -2.5014e-001 +4.2789e-001 -9.9923e-002
193 0 +7.493339004e+000 +7.310333900e+001 +7.310333900e+001 +3.9514e-001 -2.7783e-001 +5.4126e-001
204 0 +5.438964677e+000 +7.104896468e+001 +7.104896468e+001 -8.6695e-001 +1.7570e-001 -8.1247e-001
216 0 +3.905579509e+000 +6.951557951e+001 +6.951557951e+001 -1.1100e+000 -7.5790e-002 -6.4159e-001
217 0 +2.540456779e+000 +6.815045678e+001 +6.815045678e+001 +3.0895e-002 +3.5535e-001 -1.6921e-001
350 0 +1.335909494e+000 +6.694590949e+001 +6.694590949e+001 -5.8416e-002 +5.1714e-001 -3.1265e-001
422 0 +1.059962474e+000 +6.666996247e+001 +6.666996247e+001 -1.5891e-002 +5.0577e-001 -1.4288e-001
506 0 +6.258161729e-001 +6.623581617e+001 +6.623581617e+001 +4.7586e-002 +3.1483e-001 +3.5879e-002
615 0 +5.449892951e-001 +6.615498930e+001 +6.615498930e+001 +2.5956e-002 +4.0109e-001 +6.8147e-003
675 0 +5.155890186e-001 +6.612558902e+001 +6.612558902e+001 +1.8988e-002 +3.8609e-001 +6.8147e-003
696 0 +4.263856861e-001 +6.603638569e+001 +6.603638569e+001 +6.6502e-002 +3.3268e-001 +9.5062e-002
750 0 +3.869570579e-001 +6.599695706e+001 +6.599695706e+001 +8.1461e-002 +3.0195e-001 +1.2783e-001
776 0 +2.669369631e-001 +6.587693696e+001 +6.587693696e+001 +1.0611e-001 +2.2051e-001 +1.9622e-001
787 0 +2.207035690e-001 +6.583070357e+001 +6.583070357e+001 +1.6089e-001 +1.1452e-001 +3.1826e-001
791 0 +1.588383539e-001 +6.576883835e+001 +6.576883835e+001 +1.4557e-001 +1.1990e-001 +2.9827e-001
814 0 +1.215410288e-001 +6.573154103e+001 +6.573154103e+001 +1.6870e-001 +6.0463e-002 +3.5039e-001
853 0 +1.154430560e-001 +6.572544306e+001 +6.572544306e+001 +1.9383e-001 -9.2722e-003 +4.1183e-001
887 0 +9.863381235e-002 +6.570863381e+001 +6.570863381e+001 +1.8092e-001 +1.7772e-002 +3.7775e-001
908 0 +8.451582385e-002 +6.569451582e+001 +6.569451582e+001 +2.1575e-001 -7.0280e-002 +4.5174e-001
929 0 +7.830917745e-002 +6.568830918e+001 +6.568830918e+001 +2.0618e-001 -3.7675e-002 +4.1539e-001
938 0 +6.115333108e-002 +6.567115333e+001 +6.567115333e+001 +2.1747e-001 -8.2167e-002 +4.4155e-001
962 0 +5.788411551e-002 +6.566788412e+001 +6.566788412e+001 +2.1837e-001 -7.9567e-002 +4.4286e-001
964 0 +4.560306282e-002 +6.565560306e+001 +6.565560306e+001 +2.6614e-001 -2.3392e-001 +5.3015e-001
967 0 +3.828470298e-002 +6.564828470e+001 +6.564828470e+001 +2.5229e-001 -1.9223e-001 +5.1315e-001
974 0 +2.425967981e-002 +6.563425968e+001 +6.563425968e+001 +2.8888e-001 -2.9845e-001 +5.7648e-001
1004 0 +1.004049867e-002 +6.562004050e+001 +6.562004050e+001 +2.9647e-001 -3.0903e-001 +5.8483e-001
1015 0 +5.172798309e-003 +6.561517280e+001 +6.561517280e+001 +3.1879e-001 -3.7507e-001 +6.1968e-001
1159 0 +1.669039007e-003 +6.561166904e+001 +6.561166904e+001 +3.2234e-001 -3.7909e-001 +6.2065e-001
1196 0 +6.636418219e-004 +6.561066364e+001 +6.561066364e+001 +3.3233e-001 -4.0842e-001 +6.3615e-001
1262 0 +1.751497993e-004 +6.561017515e+001 +6.561017515e+001 +3.4360e-001 -4.4405e-001 +6.5259e-001
1307 0 +3.642771971e-005 +6.561003643e+001 +6.561003643e+001 +3.4446e-001 -4.4613e-001 +6.5407e-001
1323 0 +2.781080147e-005 +6.561002781e+001 +6.561002781e+001 +3.4390e-001 -4.4391e-001 +6.5305e-001
1406 0 +4.736830491e-006 +6.561000474e+001 +6.561000474e+001 +3.4560e-001 -4.4897e-001 +6.5570e-001
1424 0 +3.601580119e-006 +6.561000360e+001 +6.561000360e+001 +3.4504e-001 -4.4733e-001 +6.5491e-001
1467 0 +1.664846849e-006 +6.561000166e+001 +6.561000166e+001 +3.4493e-001 -4.4695e-001 +6.5478e-001
1479 0 +5.789739248e-007 +6.561000058e+001 +6.561000058e+001 +3.4517e-001 -4.4770e-001 +6.5516e-001
1502 0 +3.587117590e-007 +6.561000036e+001 +6.561000036e+001 +3.4517e-001 -4.4770e-001 +6.5517e-001
1539 0 +1.006799266e-008 +6.561000001e+001 +6.561000001e+001 +3.4540e-001 -4.4838e-001 +6.5553e-001
1614 0 +1.201357236e-009 +6.561000000e+001 +6.561000000e+001 +3.4538e-001 -4.4831e-001 +6.5550e-001
% f evaluations | g evaluations | best noise-free fitness - Fopt (9.348200000000e+002) + sum g_i+ | measured fitness | best measured fitness or single-digit g-values | x1 | x2...
1 0 +1.693420313e+003 +2.628240313e+003 +2.628240313e+003 -3.2749e-001 -2.5729e+000 +1.0530e+000
4 0 +1.542369584e+003 +2.477189584e+003 +2.477189584e+003 -6.6979e-001 +7.6647e-001 +1.2792e+000
6 0 +9.741733818e+002 +1.908993382e+003 +1.908993382e+003 +4.7188e-001 +1.2261e+000 -2.6095e+000
10 0 +2.621644890e+001 +9.610364489e+002 +9.610364489e+002 -4.5762e-001 +3.6414e+000 -4.1797e+000
113 0 +3.495585467e+000 +9.383155855e+002 +9.383155855e+002 +1.0124e+000 -1.0429e-001 +4.7039e-001
165 0 +5.840870898e-001 +9.354040871e+002 +9.354040871e+002 -2.7793e-001 -1.3225e-001 +1.7240e-001
368 0 +3.297660803e-001 +9.351497661e+002 +9.351497661e+002 -4.3401e-001 +4.0449e-001 -2.2960e-001
390 0 +2.543673311e-001 +9.350743673e+002 +9.350743673e+002 -3.2428e-001 +2.9931e-002 +9.1046e-002
430 0 +2.071325082e-001 +9.350271325e+002 +9.350271325e+002 -4.6071e-001 +3.3330e-001 -1.4212e-001
488 0 +1.154616782e-001 +9.349354617e+002 +9.349354617e+002 -5.3783e-001 +7.5440e-001 -5.5433e-001
649 0 +8.635750260e-002 +9.349063575e+002 +9.349063575e+002 -5.3423e-001 +6.7920e-001 -5.0231e-001
677 0 +7.118688816e-002 +9.348911869e+002 +9.348911869e+002 -4.6236e-001 +4.2223e-001 -2.5357e-001
686 0 +6.340951525e-002 +9.348834095e+002 +9.348834095e+002 -4.5881e-001 +3.8479e-001 -1.9824e-001
784 0 +2.792663849e-002 +9.348479266e+002 +9.348479266e+002 -5.4926e-001 +7.3779e-001 -5.3884e-001
814 0 +1.952818600e-003 +9.348219528e+002 +9.348219528e+002 -5.1718e-001 +5.8789e-001 -3.9515e-001
1005 0 +1.936930154e-003 +9.348219369e+002 +9.348219369e+002 -5.0564e-001 +5.5331e-001 -3.6428e-001
1023 0 +1.678154113e-003 +9.348216782e+002 +9.348216782e+002 -5.2473e-001 +6.1845e-001 -4.2758e-001
1098 0 +7.577238189e-004 +9.348207577e+002 +9.348207577e+002 -5.2008e-001 +6.0110e-001 -4.1105e-001
1100 0 +6.723258035e-004 +9.348206723e+002 +9.348206723e+002 -5.1869e-001 +6.0229e-001 -4.1222e-001
1122 0 +1.891050468e-004 +9.348201891e+002 +9.348201891e+002 -5.1286e-001 +5.7263e-001 -3.8341e-001
1138 0 +4.564270762e-005 +9.348200456e+002 +9.348200456e+002 -5.1504e-001 +5.8383e-001 -3.9384e-001
1177 0 +1.002361614e-005 +9.348200100e+002 +9.348200100e+002 -5.1340e-001 +5.7663e-001 -3.8675e-001
1219 0 +2.604814313e-006 +9.348200026e+002 +9.348200026e+002 -5.1390e-001 +5.7846e-001 -3.8847e-001
1252 0 +1.115069949e-006 +9.348200011e+002 +9.348200011e+002 -5.1404e-001 +5.7903e-001 -3.8898e-001
1314 0 +5.567787866e-007 +9.348200006e+002 +9.348200006e+002 -5.1396e-001 +5.7868e-001 -3.8862e-001
1337 0 +2.785782272e-007 +9.348200003e+002 +9.348200003e+002 -5.1386e-001 +5.7816e-001 -3.8812e-001
1371 0 +2.072351890e-008 +9.348200000e+002 +9.348200000e+002 -5.1397e-001 +5.7858e-001 -3.8851e-001
1396 0 +6.531990948e-009 +9.348200000e+002 +9.348200000e+002 -5.1398e-001 +5.7863e-001 -3.8855e-001
% f evaluations | g evaluations | best noise-free fitness - Fopt (-6.371000000000e+001) + sum g_i+ | measured fitness | best measured fitness or single-digit g-values | x1 | x2...
1 0 +1.313009226e+004 +1.306638226e+004 +1.306638226e+004 +2.6246e+000 +1.1945e+000 -3.9780e+000
3 0 +1.238689933e+003 +1.174979933e+003 +1.174979933e+003 +1.4144e+000 +1.0016e-001 +2.2902e+000
11 0 +4.791616494e+002 +4.154516494e+002 +4.154516494e+002 -1.2193e+000 -2.5011e+000 +8.5412e-001
15 0 +5.971178219e+001 -3.998217813e+000 -3.998217813e+000 -1.4256e+000 +3.0345e-001 -3.1223e-001
53 0 +3.130090656e+001 -3.240909344e+001 -3.240909344e+001 -1.0379e+000 -1.7498e+000 +6.4786e-001
89 0 +1.564624126e+001 -4.806375874e+001 -4.806375874e+001 -8.1085e-001 +3.2332e-001 -7.2370e-001
163 0 +4.673918376e+000 -5.903608162e+001 -5.903608162e+001 -1.9276e-001 +4.3068e-001 -3.5365e-001
216 0 +2.290968762e+000 -6.141903124e+001 -6.141903124e+001 +6.4978e-002 +1.7539e-001 -3.7862e-001
247 0 +1.249900314e+000 -6.246009969e+001 -6.246009969e+001 +1.2522e-002 +1.9928e-001 -2.2682e-001
274 0 +9.560535641e-001 -6.275394644e+001 -6.275394644e+001 -1.3866e-001 +2.5621e-001 -3.7953e-001
277 0 +7.277185117e-001 -6.298228149e+001 -6.298228149e+001 +8.6528e-002 +1.9928e-001 -2.3667e-001
358 0 +5.667090737e-001 -6.314329093e+001 -6.314329093e+001 +2.9630e-001 +5.2174e-002 -1.5698e-001
397 0 +3.524511934e-001 -6.335754881e+001 -6.335754881e+001 +1.7822e-001 +1.2754e-001 -2.1932e-001
456 0 +2.291817500e-001 -6.348081825e+001 -6.348081825e+001 +3.2432e-001 +3.9715e-002 -9.9711e-002
495 0 +1.197867764e-001 -6.359021322e+001 -6.359021322e+001 +4.5652e-001 -2.2910e-002 -7.4458e-003
605 0 +1.162725140e-001 -6.359372749e+001 -6.359372749e+001 +3.9697e-001 +1.3317e-002 -4.4599e-002
645 0 +9.838702422e-002 -6.361161298e+001 -6.361161298e+001 +4.3692e-001 -2.3515e-002 -2.0612e-005
699 0 +9.078628915e-002 -6.361921371e+001 -6.361921371e+001 +4.4047e-001 -1.4144e-002 -1.1379e-002
706 0 +8.450847686e-002 -6.362549152e+001 -6.362549152e+001 +4.6232e-001 -3.0601e-002 +8.4652e-003
707 0 +7.284347657e-002 -6.363715652e+001 -6.363715652e+001 +4.6171e-001 -3.3469e-002 +1.7341e-002
751 0 +6.815982785e-002 -6.364184017e+001 -6.364184017e+001 +4.7356e-001 -3.9173e-002 +2.6970e-002
835 0 +6.309321498e-002 -6.364690679e+001 -6.364690679e+001 +4.8085e-001 -4.6578e-002 +3.7807e-002
865 0 +5.330661464e-002 -6.365669339e+001 -6.365669339e+001 +5.0849e-001 -6.4912e-002 +6.3985e-002
920 0 +5.159700193e-002 -6.365840300e+001 -6.365840300e+001 +5.2357e-001 -7.3937e-002 +7.7467e-002
922 0 +4.553872123e-002 -6.366446128e+001 -6.366446128e+001 +5.3696e-001 -8.8023e-002 +9.7351e-002
934 0 +4.262247363e-002 -6.366737753e+001 -6.366737753e+001 +5.3429e-001 -8.1546e-002 +9.7300e-002
963 0 +4.013141554e-002 -6.366986858e+001 -6.366986858e+001 +5.4083e-001 -8.8584e-002 +1.0131e-001
971 0 +3.736231403e-002 -6.367263769e+001 -6.367263769e+001 +5.4083e-001 -8.8584e-002 +1.0508e-001
980 0 +3.534376885e-002 -6.367465623e+001 -6.367465623e+001 +5.5289e-001 -9.7109e-002 +1.1555e-001
982 0 +3.122887050e-002 -6.367877113e+001 -6.367877113e+001 +5.5893e-001 -1.0302e-001 +1.2873e-001
1001 0 +3.063309615e-002 -6.367936690e+001 -6.367936690e+001 +5.6667e-001 -1.1100e-001 +1.3971e-001
1009 0 +2.944678470e-002 -6.368055322e+001 -6.368055322e+001 +5.6587e-001 -1.0759e-001 +1.3749e-001
1010 0 +2.602457426e-002 -6.368397543e+001 -6.368397543e+001 +5.7707e-001 -1.1472e-001 +1.4573e-001
1012 0 +2.028685052e-002 -6.368971315e+001 -6.368971315e+001 +5.9463e-001 -1.2770e-001 +1.6923e-001
1069 0 +1.675249205e-002 -6.369324751e+001 -6.369324751e+001 +6.1173e-001 -1.3966e-001 +1.8842e-001
1097 0 +1.479012792e-002 -6.369520987e+001 -6.369520987e+001 +6.4858e-001 -1.6470e-001 +2.3158e-001
1119 0 +1.370892020e-002 -6.369629108e+001 -6.369629108e+001 +6.4290e-001 -1.6135e-001 +2.2508e-001
1147 0 +1.286543784e-002 -6.369713456e+001 -6.369713456e+001 +6.2704e-001 -1.5465e-001 +2.1275e-001
1149 0 +1.095851480e-002 -6.369904149e+001 -6.369904149e+001 +6.3764e-001 -1.5934e-001 +2.2244e-001
1162 0 +9.753090064e-003 -6.370024691e+001 -6.370024691e+001 +6.5622e-001 -1.7231e-001 +2.4396e-001
1177 0 +7.084698984e-003 -6.370291530e+001 -6.370291530e+001 +6.5794e-001 -1.7540e-001 +2.4938e-001
1218 0 +5.080993866e-003 -6.370491901e+001 -6.370491901e+001 +6.7272e-001 -1.8781e-001 +2.6882e-001
1239 0 +4.590783634e-003 -6.370540922e+001 -6.370540922e+001 +6.8722e-001 -2.0185e-001 +2.9193e-001
1248 0 +4.451353823e-003 -6.370554865e+001 -6.370554865e+001 +7.0327e-001 -2.1270e-001 +3.0948e-001
1252 0 +3.827856161e-003 -6.370617214e+001 -6.370617214e+001 +6.8312e-001 -1.9690e-001 +2.8413e-001
1258 0 +3.112537434e-003 -6.370688746e+001 -6.370688746e+001 +6.9760e-001 -2.0966e-001 +3.0611e-001
1264 0 +1.946987674e-003 -6.370805301e+001 -6.370805301e+001 +7.1139e-001 -2.1687e-001 +3.2073e-001
1281 0 +1.380525566e-003 -6.370861947e+001 -6.370861947e+001 +7.4071e-001 -2.4072e-001 +3.6176e-001
1287 0 +8.180541192e-004 -6.370918195e+001 -6.370918195e+001 +7.4967e-001 -2.4743e-001 +3.7654e-001
1291 0 +3.102567740e-004 -6.370968974e+001 -6.370968974e+001 +7.5654e-001 -2.5543e-001 +3.8943e-001
1298 0 +5.067798602e-005 -6.370994932e+001 -6.370994932e+001 +7.4813e-001 -2.4784e-001 +3.7556e-001
1349 0 +4.459219738e-006 -6.370999554e+001 -6.370999554e+001 +7.4212e-001 -2.4311e-001 +3.6749e-001
1376 0 +3.625585862e-006 -6.370999637e+001 -6.370999637e+001 +7.4455e-001 -2.4500e-001 +3.7097e-001
1425 0 +4.721775113e-007 -6.370999953e+001 -6.370999953e+001 +7.4455e-001 -2.4503e-001 +3.7089e-001
1452 0 +2.739333524e-007 -6.370999973e+001 -6.370999973e+001 +7.4436e-001 -2.4487e-001 +3.7062e-001
1523 0 +7.204775443e-009 -6.370999999e+001 -6.370999999e+001 +7.4383e-001 -2.4443e-001 +3.6982e-001
% f evaluations | g evaluations | best noise-free fitness - Fopt (1.000000000000e+003) + sum g_i+ | measured fitness | best measured fitness or single-digit g-values | x1 | x2...
1 0 +1.108250768e+004 +1.208250768e+004 +1.208250768e+004 +2.9132e+000 +2.8445e+000 -3.5302e-001
2 0 +1.287785014e+003 +2.287785014e+003 +2.287785014e+003 +1.8649e+000 +1.1004e+000 -3.9737e+000
8 0 +4.839077484e+001 +1.048390775e+003 +1.048390775e+003 +1.2798e+000 -9.1727e-001 +2.3647e-001
136 0 +6.455810421e+000 +1.006455810e+003 +1.006455810e+003 +1.2617e+000 -1.3120e+000 -1.2514e+000
332 0 +5.494649962e+000 +1.005494650e+003 +1.005494650e+003 +9.3155e-001 -1.2138e-001 +2.6986e-001
338 0 +4.120151531e+000 +1.004120152e+003 +1.004120152e+003 +1.2176e+000 -9.7106e-001 -4.8167e-001
452 0 +5.150423237e-001 +1.000515042e+003 +1.000515042e+003 -6.5711e-002 +1.5309e-001 +3.4978e-001
751 0 +4.392690252e-001 +1.000439269e+003 +1.000439269e+003 -1.5778e-001 +1.0858e-001 +2.8819e-001
776 0 +3.967899155e-001 +1.000396790e+003 +1.000396790e+003 -1.8095e-001 +5.8520e-002 +2.4679e-001
783 0 +2.449867453e-001 +1.000244987e+003 +1.000244987e+003 -4.1398e-001 -7.7440e-002 -1.1137e-003
872 0 +2.328552872e-001 +1.000232855e+003 +1.000232855e+003 -3.5704e-001 -4.9541e-002 +4.1209e-002
922 0 +2.105869557e-001 +1.000210587e+003 +1.000210587e+003 -3.9860e-001 -7.4202e-002 +4.4959e-002
952 0 +1.878631598e-001 +1.000187863e+003 +1.000187863e+003 -3.8665e-001 -7.9230e-002 +4.7347e-002
1003 0 +1.569565974e-001 +1.000156957e+003 +1.000156957e+003 -3.7597e-001 -5.8551e-002 +5.3556e-002
1022 0 +1.548270812e-001 +1.000154827e+003 +1.000154827e+003 -3.4643e-001 -5.1113e-002 +7.6094e-002
1024 0 +1.156440849e-001 +1.000115644e+003 +1.000115644e+003 -3.9278e-001 -7.8604e-002 +1.9502e-002
1046 0 +9.755083008e-002 +1.000097551e+003 +1.000097551e+003 -4.3188e-001 -1.1207e-001 -2.9060e-002
1093 0 +8.627231110e-002 +1.000086272e+003 +1.000086272e+003 -4.3705e-001 -1.1789e-001 -4.1488e-002
1121 0 +8.117774631e-002 +1.000081178e+003 +1.000081178e+003 -4.3320e-001 -1.2024e-001 -5.1838e-002
1127 0 +7.076107118e-002 +1.000070761e+003 +1.000070761e+003 -4.6948e-001 -1.4959e-001 -9.7600e-002
1175 0 +5.352248537e-002 +1.000053522e+003 +1.000053522e+003 -5.1803e-001 -1.7943e-001 -1.7911e-001
1176 0 +4.530078807e-002 +1.000045301e+003 +1.000045301e+003 -4.9884e-001 -1.7526e-001 -1.6493e-001
1204 0 +2.538990982e-002 +1.000025390e+003 +1.000025390e+003 -5.9761e-001 -2.5787e-001 -3.2622e-001
1227 0 +1.680723955e-002 +1.000016807e+003 +1.000016807e+003 -6.2661e-001 -2.8386e-001 -3.8749e-001
1234 0 +9.995564439e-003 +1.000009996e+003 +1.000009996e+003 -6.1385e-001 -2.7366e-001 -3.6685e-001
1317 0 +5.939834933e-003 +1.000005940e+003 +1.000005940e+003 -6.0539e-001 -2.6454e-001 -3.5129e-001
1333 0 +3.646843936e-003 +1.000003647e+003 +1.000003647e+003 -6.1918e-001 -2.7973e-001 -3.8903e-001
1376 0 +1.105663318e-003 +1.000001106e+003 +1.000001106e+003 -6.3527e-001 -2.9314e-001 -4.1900e-001
1406 0 +7.324217920e-004 +1.000000732e+003 +1.000000732e+003 -6.3971e-001 -2.9680e-001 -4.2762e-001
1414 0 +4.756290691e-004 +1.000000476e+003 +1.000000476e+003 -6.4444e-001 -3.0105e-001 -4.3985e-001
1458 0 +1.417127103e-004 +1.000000142e+003 +1.000000142e+003 -6.5330e-001 -3.0837e-001 -4.5757e-001
1521 0 +7.795517399e-005 +1.000000078e+003 +1.000000078e+003 -6.6143e-001 -3.1646e-001 -4.7620e-001
1573 0 +7.308989507e-005 +1.000000073e+003 +1.000000073e+003 -6.6385e-001 -3.1820e-001 -4.8064e-001
1594 0 +2.984899413e-005 +1.000000030e+003 +1.000000030e+003 -6.5911e-001 -3.1427e-001 -4.7071e-001
1630 0 +1.976937938e-006 +1.000000002e+003 +1.000000002e+003 -6.5773e-001 -3.1280e-001 -4.6703e-001
1663 0 +8.622429277e-007 +1.000000001e+003 +1.000000001e+003 -6.5789e-001 -3.1291e-001 -4.6745e-001
1700 0 +2.945046162e-008 +1.000000000e+003 +1.000000000e+003 -6.5803e-001 -3.1300e-001 -4.6764e-001
1715 0 +1.673618044e-008 +1.000000000e+003 +1.000000000e+003 -6.5803e-001 -3.1301e-001 -4.6765e-001
1759 0 +8.961251297e-009 +1.000000000e+003 +1.000000000e+003 -6.5808e-001 -3.1306e-001 -4.6776e-001
% f evaluations | g evaluations | best noise-free fitness - Fopt (3.197000000000e+001) + sum g_i+ | measured fitness | best measured fitness or single-digit g-values | x1 | x2...
1 0 +8.599838455e+002 +8.919538455e+002 +8.919538455e+002 -6.5337e-001 +7.4191e-001 -3.3332e+000
8 0 +8.375192587e+001 +1.157219259e+002 +1.157219259e+002 +7.8661e-001 -4.0382e-002 -4.8792e-002
49 0 +3.858057915e+000 +3.582805791e+001 +3.582805791e+001 +3.5995e-001 -1.4305e-001 +4.1744e-001
157 0 +3.436358388e+000 +3.540635839e+001 +3.540635839e+001 +2.3935e-001 +1.4002e-001 +3.4997e-001
174 0 +1.621981235e+000 +3.359198124e+001 +3.359198124e+001 +4.1082e-001 +2.6049e-001 +4.7302e-001
241 0 +1.228302244e+000 +3.319830224e+001 +3.319830224e+001 -2.0245e-001 -3.6593e-001 -1.0256e-001
317 0 +1.055655811e+000 +3.302565581e+001 +3.302565581e+001 +1.6337e-001 -8.8220e-002 +3.6006e-001
387 0 +9.404769111e-001 +3.291047691e+001 +3.291047691e+001 +6.6556e-002 -1.5892e-001 +2.5026e-001
391 0 +2.764808582e-001 +3.224648086e+001 +3.224648086e+001 -2.0245e-001 -3.9072e-001 -4.8160e-002
412 0 +2.450811788e-001 +3.221508118e+001 +3.221508118e+001 -2.3678e-002 -2.9364e-001 +1.4261e-001
490 0 +2.239804484e-001 +3.219398045e+001 +3.219398045e+001 -9.2893e-002 -3.0649e-001 +8.1382e-002
552 0 +1.880499234e-001 +3.215804992e+001 +3.215804992e+001 -1.6744e-001 -3.6620e-001 -1.2213e-002
597 0 +7.427692668e-002 +3.204427693e+001 +3.204427693e+001 -3.9045e-001 -4.3119e-001 -2.1141e-001
673 0 +6.606971477e-002 +3.203606971e+001 +3.203606971e+001 -4.2920e-001 -4.2616e-001 -2.4301e-001
679 0 +3.868064738e-002 +3.200868065e+001 +3.200868065e+001 -4.2860e-001 -4.3407e-001 -2.4974e-001
729 0 +2.488696080e-002 +3.199488696e+001 +3.199488696e+001 -4.0654e-001 -4.1803e-001 -2.3577e-001
770 0 +4.711082672e-003 +3.197471108e+001 +3.197471108e+001 -5.5057e-001 -4.4942e-001 -3.7471e-001
828 0 +2.664531053e-003 +3.197266453e+001 +3.197266453e+001 -6.1434e-001 -4.5159e-001 -4.3776e-001
913 0 +1.339166270e-003 +3.197133917e+001 +3.197133917e+001 -5.8613e-001 -4.5273e-001 -4.0847e-001
954 0 +5.632180248e-004 +3.197056322e+001 +3.197056322e+001 -5.9221e-001 -4.5025e-001 -4.1462e-001
962 0 +2.008291525e-004 +3.197020083e+001 +3.197020083e+001 -5.8967e-001 -4.5181e-001 -4.1193e-001
989 0 +1.241134321e-005 +3.197001241e+001 +3.197001241e+001 -6.0636e-001 -4.5326e-001 -4.2803e-001
1127 0 +1.172786151e-005 +3.197001173e+001 +3.197001173e+001 -6.0679e-001 -4.5303e-001 -4.2854e-001
1155 0 +8.326458019e-006 +3.197000833e+001 +3.197000833e+001 -6.0602e-001 -4.5297e-001 -4.2776e-001
1263 0 +2.272038664e-007 +3.197000023e+001 +3.197000023e+001 -6.0318e-001 -4.5274e-001 -4.2506e-001
1301 0 +6.226849081e-008 +3.197000006e+001 +3.197000006e+001 -6.0360e-001 -4.5281e-001 -4.2545e-001
1374 0 +5.569340544e-010 +3.197000000e+001 +3.197000000e+001 -6.0342e-001 -4.5279e-001 -4.2529e-001
% f evaluations | g evaluations | best noise-free fitness - Fopt (5.819000000000e+001) + sum g_i+ | measured fitness | best measured fitness or single-digit g-values | x1 | x2...
1 0 +8.835302920e+002 +9.417202920e+002 +9.417202920e+002 -1.1779e+000 +3.0601e-001 +2.2635e+000
2 0 +1.545652748e+002 +2.127552748e+002 +2.127552748e+002 +6.9481e-001 -5.1460e-001 +8.6317e-001
11 0 +1.266921895e+001 +7.085921895e+001 +7.085921895e+001 -2.0978e-001 +4.8275e-001 +6.7361e-001
131 0 +1.935441277e+000 +6.012544128e+001 +6.012544128e+001 -2.0814e-001 +6.9781e-002 -1.4696e-001
171 0 +1.270175989e+000 +5.946017599e+001 +5.946017599e+001 -3.7611e-001 +4.0717e-003 -1.9517e-001
311 0 +1.012394618e+000 +5.920239462e+001 +5.920239462e+001 -4.0083e-001 +3.0033e-001 -1.4696e-001
381 0 +7.844094285e-001 +5.897440943e+001 +5.897440943e+001 -3.9223e-001 +2.3211e-001 -1.5284e-001
427 0 +5.968977775e-001 +5.878689778e+001 +5.878689778e+001 -6.8975e-002 -3.0589e-001 -2.3955e-001
487 0 +5.565774019e-001 +5.874657740e+001 +5.874657740e+001 -6.8975e-002 -3.0658e-001 -1.7531e-001
494 0 +4.760057629e-001 +5.866600576e+001 +5.866600576e+001 -3.0779e-002 -3.7018e-001 -2.4305e-001
600 0 +2.355846594e-001 +5.842558466e+001 +5.842558466e+001 -5.1011e-002 -3.1128e-001 -2.0928e-001
609 0 +1.983779845e-001 +5.838837798e+001 +5.838837798e+001 +2.2517e-002 -3.9442e-001 -2.0765e-001
630 0 +1.317042152e-001 +5.832170422e+001 +5.832170422e+001 +2.3919e-002 -4.2760e-001 -2.2762e-001
711 0 +1.061473535e-001 +5.829614735e+001 +5.829614735e+001 +1.8770e-001 -5.6839e-001 -2.1160e-001
742 0 +9.412491506e-002 +5.828412492e+001 +5.828412492e+001 +1.8743e-001 -5.7843e-001 -2.0683e-001
762 0 +2.864098343e-002 +5.821864098e+001 +5.821864098e+001 +2.1869e-001 -6.2073e-001 -2.2619e-001
809 0 +1.750670251e-002 +5.820750670e+001 +5.820750670e+001 +2.2127e-001 -6.2491e-001 -2.2422e-001
879 0 +6.198685845e-003 +5.819619869e+001 +5.819619869e+001 +2.9324e-001 -6.8532e-001 -2.1778e-001
970 0 +9.483123113e-004 +5.819094831e+001 +5.819094831e+001 +3.3958e-001 -7.2554e-001 -2.1950e-001
1027 0 +3.103231501e-004 +5.819031032e+001 +5.819031032e+001 +3.9742e-001 -7.7258e-001 -2.1983e-001
1036 0 +1.512592039e-004 +5.819015126e+001 +5.819015126e+001 +3.6570e-001 -7.4769e-001 -2.2044e-001
1100 0 +7.657311227e-005 +5.819007657e+001 +5.819007657e+001 +3.7622e-001 -7.5561e-001 -2.1984e-001
1147 0 +5.312921553e-005 +5.819005313e+001 +5.819005313e+001 +3.6648e-001 -7.4713e-001 -2.2027e-001
1230 0 +2.255298723e-005 +5.819002255e+001 +5.819002255e+001 +3.7617e-001 -7.5533e-001 -2.2018e-001
1256 0 +2.833464094e-006 +5.819000283e+001 +5.819000283e+001 +3.7307e-001 -7.5293e-001 -2.2019e-001
1276 0 +2.269491752e-006 +5.819000227e+001 +5.819000227e+001 +3.7204e-001 -7.5204e-001 -2.2019e-001
1320 0 +2.906629959e-007 +5.819000029e+001 +5.819000029e+001 +3.7040e-001 -7.5073e-001 -2.2018e-001
1366 0 +1.337665338e-007 +5.819000013e+001 +5.819000013e+001 +3.7058e-001 -7.5089e-001 -2.2018e-001
1404 0 +8.278231434e-008 +5.819000008e+001 +5.819000008e+001 +3.7062e-001 -7.5093e-001 -2.2019e-001
1433 0 +6.039996236e-008 +5.819000006e+001 +5.819000006e+001 +3.7074e-001 -7.5103e-001 -2.2019e-001
1461 0 +1.676579586e-008 +5.819000002e+001 +5.819000002e+001 +3.7087e-001 -7.5114e-001 -2.2019e-001
1480 0 +1.587034149e-008 +5.819000002e+001 +5.819000002e+001 +3.7088e-001 -7.5115e-001 -2.2019e-001
1540 0 +1.303753550e-009 +5.819000000e+001 +5.819000000e+001 +3.7076e-001 -7.5106e-001 -2.2019e-001
% f evaluations | g evaluations | best noise-free fitness - Fopt (-4.840000000000e+000) + sum g_i+ | measured fitness | best measured fitness or single-digit g-values | x1 | x2...
1 0 +1.371477124e+003 +1.366637124e+003 +1.366637124e+003 -1.9530e+000 +2.4493e+000 +3.9880e+000
7 0 +1.176217646e+003 +1.171377646e+003 +1.171377646e+003 +1.4943e+000 +6.7358e-001 +1.0329e+000
9 0 +1.571454900e+002 +1.523054900e+002 +1.523054900e+002 -4.5603e-001 +3.1427e-001 +9.7119e-001
30 0 +6.129645538e+001 +5.645645538e+001 +5.645645538e+001 -1.2137e+000 +6.9755e-001 +1.2072e+000
46 0 +4.095502352e+001 +3.611502352e+001 +3.611502352e+001 -6.9049e-001 -9.8556e-001 -4.5610e-001
62 0 +3.735885692e+001 +3.251885692e+001 +3.251885692e+001 +4.6114e-001 +7.1468e-001 -3.3245e-001
76 0 +2.519521350e+001 +2.035521350e+001 +2.035521350e+001 +1.0011e-001 +1.3956e-001 -5.2634e-001
79 0 +1.032111722e+001 +5.481117217e+000 +5.481117217e+000 +1.5123e-001 +2.2121e-001 +9.7726e-003
143 0 +6.034189943e+000 +1.194189943e+000 +1.194189943e+000 -2.1871e-002 -4.6904e-001 +9.5895e-003
224 0 +2.591884536e+000 -2.248115464e+000 -2.248115464e+000 -4.9249e-001 -8.1623e-001 +9.7711e-002
267 0 +1.503898258e+000 -3.336101742e+000 -3.336101742e+000 -6.9962e-002 -6.5476e-001 -1.8996e-001
339 0 +1.198303690e+000 -3.641696310e+000 -3.641696310e+000 +6.1661e-002 -4.7241e-001 -2.9361e-001
422 0 +8.589586664e-001 -3.981041334e+000 -3.981041334e+000 +6.9978e-002 -3.3051e-001 -2.9979e-001
499 0 +7.427773071e-001 -4.097222693e+000 -4.097222693e+000 +8.8271e-002 -3.5271e-001 -2.9377e-001
559 0 +7.274489726e-001 -4.112551027e+000 -4.112551027e+000 +8.1109e-002 -2.6731e-001 -2.8938e-001
578 0 +7.147341219e-001 -4.125265878e+000 -4.125265878e+000 +9.1370e-002 -1.9296e-001 -2.5992e-001
582 0 +5.887373500e-001 -4.251262650e+000 -4.251262650e+000 +1.0912e-001 -2.8695e-001 -2.7934e-001
584 0 +5.328677021e-001 -4.307132298e+000 -4.307132298e+000 +1.0787e-001 -2.3074e-001 -2.6394e-001
617 0 +4.941917553e-001 -4.345808245e+000 -4.345808245e+000 +1.1354e-001 -1.6184e-001 -2.7806e-001
630 0 +4.207072324e-001 -4.419292768e+000 -4.419292768e+000 +1.4002e-001 -1.3815e-001 -2.9705e-001
699 0 +4.024050336e-001 -4.437594966e+000 -4.437594966e+000 +1.3142e-001 -1.1069e-001 -2.8343e-001
705 0 +2.589460114e-001 -4.581053989e+000 -4.581053989e+000 +1.7298e-001 +2.0771e-002 -2.6710e-001
722 0 +2.393931848e-001 -4.600606815e+000 -4.600606815e+000 +1.7180e-001 +4.3966e-002 -2.6001e-001
740 0 +2.332135721e-001 -4.606786428e+000 -4.606786428e+000 +1.7262e-001 +5.1780e-002 -2.6767e-001
764 0 +2.205654361e-001 -4.619434564e+000 -4.619434564e+000 +1.8973e-001 +9.6048e-002 -2.6425e-001
795 0 +2.178807998e-001 -4.622119200e+000 -4.622119200e+000 +1.9089e-001 +1.5877e-001 -2.2624e-001
799 0 +1.637708112e-001 -4.676229189e+000 -4.676229189e+000 +1.9170e-001 +1.7630e-001 -2.3457e-001
807 0 +1.467146723e-001 -4.693285328e+000 -4.693285328e+000 +2.0406e-001 +2.0832e-001 -2.2565e-001
820 0 +1.155220855e-001 -4.724477915e+000 -4.724477915e+000 +2.1231e-001 +2.8755e-001 -2.0187e-001
824 0 +5.432045385e-002 -4.785679546e+000 -4.785679546e+000 +2.4375e-001 +4.4409e-001 -1.5984e-001
853 0 +5.314635538e-002 -4.786853645e+000 -4.786853645e+000 +2.3793e-001 +4.5343e-001 -1.5981e-001
865 0 +2.042771025e-002 -4.819572290e+000 -4.819572290e+000 +2.7624e-001 +6.6353e-001 -7.0811e-002
891 0 +1.042898594e-002 -4.829571014e+000 -4.829571014e+000 +2.7161e-001 +6.5125e-001 -8.0427e-002
909 0 +8.312791824e-003 -4.831687208e+000 -4.831687208e+000 +2.7451e-001 +6.9845e-001 -5.8458e-002
1038 0 +4.200765262e-003 -4.835799235e+000 -4.835799235e+000 +2.9730e-001 +8.3081e-001 +1.2193e-003
1042 0 +3.673376202e-003 -4.836326624e+000 -4.836326624e+000 +2.8443e-001 +7.4373e-001 -3.9328e-002
1069 0 +3.460444471e-003 -4.836539556e+000 -4.836539556e+000 +2.8387e-001 +7.6235e-001 -2.5978e-002
1091 0 +2.793647360e-003 -4.837206353e+000 -4.837206353e+000 +2.8131e-001 +7.2552e-001 -4.4581e-002
1092 0 +4.497477698e-004 -4.839550252e+000 -4.839550252e+000 +2.8841e-001 +7.7857e-001 -2.0747e-002
1195 0 +1.295833278e-004 -4.839870417e+000 -4.839870417e+000 +2.9341e-001 +8.1353e-001 -4.2986e-003
1272 0 +3.383558937e-005 -4.839966164e+000 -4.839966164e+000 +2.9401e-001 +8.2056e-001 -1.0960e-004
1309 0 +3.027581092e-005 -4.839969724e+000 -4.839969724e+000 +2.9413e-001 +8.2111e-001 +9.4343e-005
1344 0 +1.213730711e-005 -4.839987863e+000 -4.839987863e+000 +2.9270e-001 +8.1169e-001 -4.4847e-003
1368 0 +3.818977260e-006 -4.839996181e+000 -4.839996181e+000 +2.9316e-001 +8.1466e-001 -3.1152e-003
1384 0 +3.173293988e-006 -4.839996827e+000 -4.839996827e+000 +2.9317e-001 +8.1491e-001 -3.0055e-003
1424 0 +2.411487783e-007 -4.839999759e+000 -4.839999759e+000 +2.9325e-001 +8.1522e-001 -2.9403e-003
1466 0 +1.927904929e-007 -4.839999807e+000 -4.839999807e+000 +2.9321e-001 +8.1485e-001 -3.1264e-003
1514 0 +1.996322663e-008 -4.839999980e+000 -4.839999980e+000 +2.9320e-001 +8.1494e-001 -3.0926e-003
1549 0 +2.091399942e-009 -4.839999998e+000 -4.839999998e+000 +2.9320e-001 +8.1494e-001 -3.0972e-003
% f evaluations | g evaluations | best noise-free fitness - Fopt (-6.337000000000e+001) + sum g_i+ | measured fitness | best measured fitness or single-digit g-values | x1 | x2...
1 0 +6.873482720e+003 +6.810112720e+003 +6.810112720e+003 -2.3929e+000 +1.6847e+000 -2.5272e+000
4 0 +2.690000421e+003 +2.626630421e+003 +2.626630421e+003 -5.7444e-001 +2.1021e+000 +2.9126e+000
8 0 +1.579163632e+002 +9.454636323e+001 +9.454636323e+001 +1.0801e+000 +6.0636e-001 -1.3789e-001
42 0 +1.266587918e+002 +6.328879181e+001 +6.328879181e+001 -4.6064e-001 +8.4675e-001 -1.4076e+000
64 0 +6.025147802e+001 -3.118521984e+000 -3.118521984e+000 +2.7322e-001 +2.4147e-001 +2.4518e-001
91 0 +3.781167321e+001 -2.555832679e+001 -2.555832679e+001 +5.3076e-001 +2.2370e+000 +3.6465e-001
142 0 +2.095876843e+001 -4.241123157e+001 -4.241123157e+001 +1.8494e-001 +1.7229e+000 -5.7068e-001
202 0 +1.004709483e+001 -5.332290517e+001 -5.332290517e+001 +1.6242e-001 +1.3720e+000 -7.3142e-001
210 0 +4.422408867e+000 -5.894759113e+001 -5.894759113e+001 +1.0965e-001 -5.7915e-002 -8.5471e-001
234 0 +3.913091183e+000 -5.945690882e+001 -5.945690882e+001 +1.3277e-001 +9.1604e-001 -8.1963e-001
289 0 +2.927595141e+000 -6.044240486e+001 -6.044240486e+001 +2.1772e-001 -8.4473e-002 -6.7560e-001
368 0 +2.468553677e+000 -6.090144632e+001 -6.090144632e+001 +2.5141e-001 +1.1513e-001 -9.7077e-001
376 0 +1.565277308e+000 -6.180472269e+001 -6.180472269e+001 +7.2383e-002 -2.4474e-001 -5.6255e-001
475 0 +1.310565314e+000 -6.205943469e+001 -6.205943469e+001 +9.7761e-002 -2.7970e-001 -5.9412e-001
529 0 +1.121104163e+000 -6.224889584e+001 -6.224889584e+001 +4.4922e-002 -3.1422e-001 -4.2855e-001
533 0 +9.893444373e-001 -6.238065556e+001 -6.238065556e+001 -6.4298e-003 -2.9326e-001 -3.4873e-001
537 0 +9.758510800e-001 -6.239414892e+001 -6.239414892e+001 +4.5295e-003 -2.9397e-001 -3.9152e-001
636 0 +8.831047163e-001 -6.248689528e+001 -6.248689528e+001 -8.3185e-002 -2.6931e-001 -1.7035e-001
638 0 +2.004151909e-001 -6.316958481e+001 -6.316958481e+001 -2.2111e-001 -2.0337e-001 +1.3906e-001
795 0 +1.992740677e-001 -6.317072593e+001 -6.317072593e+001 -2.3755e-001 -1.7589e-001 +2.0343e-001
800 0 +1.504205583e-001 -6.321957944e+001 -6.321957944e+001 -2.3789e-001 -1.4057e-001 +3.2995e-001
818 0 +1.470627243e-001 -6.322293728e+001 -6.322293728e+001 -2.3912e-001 -1.7644e-001 +2.4895e-001
825 0 +7.830306192e-002 -6.329169694e+001 -6.329169694e+001 -2.5481e-001 -1.1006e-001 +3.7791e-001
848 0 +6.358787917e-002 -6.330641212e+001 -6.330641212e+001 -2.6787e-001 +4.2694e-003 +6.5780e-001
852 0 +3.957138595e-002 -6.333042861e+001 -6.333042861e+001 -2.5535e-001 -4.5610e-002 +5.2992e-001
915 0 +1.757396639e-002 -6.335242603e+001 -6.335242603e+001 -2.5481e-001 +4.9317e-002 +7.2870e-001
933 0 +6.578033106e-003 -6.336342197e+001 -6.336342197e+001 -2.5467e-001 +1.0993e-001 +8.3650e-001
938 0 +4.996995536e-003 -6.336500300e+001 -6.336500300e+001 -2.5074e-001 +1.3622e-001 +9.0044e-001
1063 0 +4.279298073e-003 -6.336572070e+001 -6.336572070e+001 -2.5945e-001 +6.1531e-002 +7.4412e-001
1100 0 +2.303842326e-003 -6.336769616e+001 -6.336769616e+001 -2.5744e-001 +8.1946e-002 +7.8500e-001
1128 0 +2.253781715e-003 -6.336774622e+001 -6.336774622e+001 -2.5588e-001 +7.4431e-002 +7.7541e-001
1130 0 +1.372393240e-003 -6.336862761e+001 -6.336862761e+001 -2.5694e-001 +7.8069e-002 +7.7782e-001
1166 0 +4.249318491e-004 -6.336957507e+001 -6.336957507e+001 -2.5504e-001 +8.9341e-002 +8.0167e-001
1278 0 +7.975920398e-005 -6.336992024e+001 -6.336992024e+001 -2.5382e-001 +1.0460e-001 +8.3294e-001
1350 0 +2.012171073e-005 -6.336997988e+001 -6.336997988e+001 -2.5460e-001 +1.0176e-001 +8.2753e-001
1373 0 +3.515763481e-006 -6.336999648e+001 -6.336999648e+001 -2.5456e-001 +1.0047e-001 +8.2483e-001
1424 0 +1.297798931e-006 -6.336999870e+001 -6.336999870e+001 -2.5466e-001 +9.9525e-002 +8.2297e-001
1454 0 +7.631807222e-007 -6.336999924e+001 -6.336999924e+001 -2.5468e-001 +9.9468e-002 +8.2289e-001
1485 0 +6.062607198e-007 -6.336999939e+001 -6.336999939e+001 -2.5469e-001 +9.9468e-002 +8.2288e-001
1502 0 +5.084610493e-007 -6.336999949e+001 -6.336999949e+001 -2.5470e-001 +9.9347e-002 +8.2264e-001
1541 0 +3.680121097e-008 -6.336999996e+001 -6.336999996e+001 -2.5476e-001 +9.8947e-002 +8.2189e-001
1570 0 +2.207734440e-009 -6.337000000e+001 -6.337000000e+001 -2.5477e-001 +9.8874e-002 +8.2175e-001
% f evaluations | g evaluations | best noise-free fitness - Fopt (2.750000000000e+000) + sum g_i+ | measured fitness | best measured fitness or single-digit g-values | x1 | x2...
1 0 +9.373949404e+002 +9.401449404e+002 +9.401449404e+002 -3.5702e+000 -3.2622e+000 -1.9647e+000
10 0 +3.663112042e+002 +3.690612042e+002 +3.690612042e+002 -7.0227e-001 -3.3192e+000 -1.7539e+000
33 0 +2.583493631e+002 +2.610993631e+002 +2.610993631e+002 -1.6871e+000 +3.7526e-002 +6.7382e-001
48 0 +1.798557808e+001 +2.073557808e+001 +2.073557808e+001 -2.3174e-002 -1.0467e-001 -4.0761e-003
111 0 +8.423058780e+000 +1.117305878e+001 +1.117305878e+001 -3.4093e-001 +4.7919e-001 +4.9003e-001
199 0 +6.772376907e+000 +9.522376907e+000 +9.522376907e+000 -4.7226e-001 +7.5622e-001 +4.1312e-001
208 0 +3.722039195e+000 +6.472039195e+000 +6.472039195e+000 -2.5941e-001 +6.8276e-001 +7.4739e-001
214 0 +3.496588208e+000 +6.246588208e+000 +6.246588208e+000 -5.3189e-001 +8.6761e-001 +5.7084e-001
231 0 +2.935608694e+000 +5.685608694e+000 +5.685608694e+000 -3.3673e-002 +4.9822e-001 +4.9003e-001
370 0 +2.420878945e+000 +5.170878945e+000 +5.170878945e+000 -7.5377e-002 +5.0749e-001 +6.2211e-001
438 0 +2.128284966e+000 +4.878284966e+000 +4.878284966e+000 +1.4319e-001 +3.3466e-001 +3.6689e-001
441 0 +2.038876308e+000 +4.788876308e+000 +4.788876308e+000 -8.8447e-002 +6.0067e-001 +6.2528e-001
454 0 +1.931178312e+000 +4.681178312e+000 +4.681178312e+000 -2.5036e-002 +5.5309e-001 +6.2963e-001
456 0 +1.790547601e+000 +4.540547601e+000 +4.540547601e+000 +3.1788e-001 +1.1646e-001 +4.1493e-002
485 0 +1.662499036e+000 +4.412499036e+000 +4.412499036e+000 +3.3851e-001 +3.5208e-001 +2.7894e-001
502 0 +1.175109319e+000 +3.925109319e+000 +3.925109319e+000 +2.5536e-001 +2.6079e-001 +8.1122e-002
517 0 +8.764081468e-001 +3.626408147e+000 +3.626408147e+000 +2.5100e-001 +2.4827e-001 +1.1649e-001
585 0 +6.262101088e-001 +3.376210109e+000 +3.376210109e+000 +2.7495e-001 +1.8398e-001 +4.5412e-003
599 0 +4.507955747e-001 +3.200795575e+000 +3.200795575e+000 +3.0176e-001 +1.8874e-001 +3.7516e-002
709 0 +3.797789030e-001 +3.129778903e+000 +3.129778903e+000 +3.0798e-001 +1.0673e-001 -9.5909e-002
787 0 +3.474974176e-001 +3.097497418e+000 +3.097497418e+000 +3.0924e-001 +9.3148e-002 -8.5146e-002
794 0 +2.995142802e-001 +3.049514280e+000 +3.049514280e+000 +2.8723e-001 +7.1006e-002 -9.4625e-002
885 0 +2.255873659e-001 +2.975587366e+000 +2.975587366e+000 +2.7726e-001 -1.1140e-002 -1.8026e-001
897 0 +2.227676447e-001 +2.972767645e+000 +2.972767645e+000 +2.6446e-001 -1.1759e-001 -2.9310e-001
916 0 +1.934513744e-001 +2.943451374e+000 +2.943451374e+000 +2.6888e-001 -1.0246e-002 -1.9085e-001
938 0 +1.401385242e-001 +2.890138524e+000 +2.890138524e+000 +2.5868e-001 -7.7229e-002 -2.5467e-001
946 0 +1.283034067e-001 +2.878303407e+000 +2.878303407e+000 +2.0678e-001 -1.9142e-001 -3.4998e-001
983 0 +1.156064827e-001 +2.865606483e+000 +2.865606483e+000 +1.9355e-001 -2.7249e-001 -4.3393e-001
986 0 +9.320238294e-002 +2.843202383e+000 +2.843202383e+000 +1.9911e-001 -2.9186e-001 -4.3551e-001
1004 0 +7.409565236e-002 +2.824095652e+000 +2.824095652e+000 +2.1133e-001 -2.4303e-001 -3.9655e-001
1014 0 +6.163332836e-002 +2.811633328e+000 +2.811633328e+000 +2.0894e-001 -2.3210e-001 -3.8341e-001
1015 0 +5.761010319e-002 +2.807610103e+000 +2.807610103e+000 +1.9825e-001 -2.6936e-001 -4.2081e-001
1041 0 +5.705836626e-002 +2.807058366e+000 +2.807058366e+000 +1.9887e-001 -2.4692e-001 -3.9418e-001
1055 0 +3.783083280e-002 +2.787830833e+000 +2.787830833e+000 +1.7368e-001 -3.1581e-001 -4.4624e-001
1080 0 +2.264447039e-002 +2.772644470e+000 +2.772644470e+000 +1.6009e-001 -3.6158e-001 -4.8608e-001
1095 0 +2.356057662e-003 +2.752356058e+000 +2.752356058e+000 +1.0175e-001 -5.0802e-001 -5.8610e-001
1284 0 +8.243731920e-004 +2.750824373e+000 +2.750824373e+000 +8.2939e-002 -5.5418e-001 -6.1754e-001
1327 0 +6.510395576e-004 +2.750651040e+000 +2.750651040e+000 +8.2976e-002 -5.5351e-001 -6.1694e-001
1376 0 +6.702109965e-005 +2.750067021e+000 +2.750067021e+000 +7.4540e-002 -5.7186e-001 -6.2791e-001
1430 0 +2.261788357e-006 +2.750002262e+000 +2.750002262e+000 +6.8831e-002 -5.8563e-001 -6.3703e-001
1443 0 +1.012171939e-006 +2.750001012e+000 +2.750001012e+000 +6.8959e-002 -5.8524e-001 -6.3670e-001
1473 0 +5.024379939e-007 +2.750000502e+000 +2.750000502e+000 +6.9100e-002 -5.8493e-001 -6.3652e-001
1512 0 +1.311058586e-007 +2.750000131e+000 +2.750000131e+000 +6.9441e-002 -5.8409e-001 -6.3597e-001
1625 0 +1.029022476e-007 +2.750000103e+000 +2.750000103e+000 +6.9515e-002 -5.8392e-001 -6.3586e-001
1658 0 +2.886944594e-008 +2.750000029e+000 +2.750000029e+000 +6.9609e-002 -5.8372e-001 -6.3574e-001
1686 0 +1.114948711e-008 +2.750000011e+000 +2.750000011e+000 +6.9600e-002 -5.8374e-001 -6.3576e-001
1724 0 +9.585350291e-010 +2.750000001e+000 +2.750000001e+000 +6.9561e-002 -5.8383e-001 -6.3582e-001
% f evaluations | g evaluations | best noise-free fitness - Fopt (-4.681000000000e+001) + sum g_i+ | measured fitness | best measured fitness or single-digit g-values | x1 | x2...
1 0 +1.565530428e+003 +1.518720428e+003 +1.518720428e+003 -2.5999e+000 +1.9092e+000 -3.1430e+000
11 0 +7.255757284e+002 +6.787657284e+002 +6.787657284e+002 -1.6860e+000 +1.1203e+000 -2.5092e+000
12 0 +7.209334496e+002 +6.741234496e+002 +6.741234496e+002 -1.6816e+000 +1.1036e+000 -2.5022e+000
20 0 +4.837858323e+002 +4.369758323e+002 +4.369758323e+002 +1.5653e+000 -1.3410e+000 +4.6831e+000
42 0 +3.501797728e+002 +3.033697728e+002 +3.033697728e+002 -9.4766e-001 +1.1898e+000 -1.6642e+000
72 0 +7.269137832e+001 +2.588137832e+001 +2.588137832e+001 -1.4466e+000 +5.7767e-002 +6.8700e-001
118 0 +4.747948134e+001 +6.694813383e-001 +6.694813383e-001 -9.3203e-001 -6.9001e-001 -3.0670e-002
121 0 +6.862621220e+000 -3.994737878e+001 -3.994737878e+001 -9.9011e-001 +1.6322e-001 +1.6043e-001
151 0 +5.745813554e+000 -4.106418645e+001 -4.106418645e+001 -9.9011e-001 +1.6322e-001 +5.6415e-002
190 0 +2.278556138e+000 -4.453144386e+001 -4.453144386e+001 -6.5975e-001 -7.0936e-002 -4.0224e-001
381 0 +1.618732174e+000 -4.519126783e+001 -4.519126783e+001 -2.9651e-001 -4.6077e-002 -4.8214e-001
487 0 +1.398051722e+000 -4.541194828e+001 -4.541194828e+001 -4.3110e-001 +2.3788e-004 -5.2494e-001
517 0 +1.201138345e+000 -4.560886166e+001 -4.560886166e+001 -3.8116e-001 -1.0378e-002 -5.0373e-001
590 0 +1.173251415e+000 -4.563674858e+001 -4.563674858e+001 -1.7379e-001 +1.5227e-002 -4.7198e-001
618 0 +9.809037822e-001 -4.582909622e+001 -4.582909622e+001 -2.6131e-001 +3.4370e-002 -5.0419e-001
628 0 +7.669914869e-001 -4.604300851e+001 -4.604300851e+001 -1.5275e-001 +6.5891e-002 -4.3470e-001
669 0 +5.265280425e-001 -4.628347196e+001 -4.628347196e+001 -1.1770e-002 +9.5545e-002 -3.6644e-001
691 0 +4.262625159e-001 -4.638373748e+001 -4.638373748e+001 +1.2216e-001 +1.3097e-001 -3.0176e-001
724 0 +2.667411502e-001 -4.654325885e+001 -4.654325885e+001 +2.4875e-001 +1.3973e-001 -1.7985e-001
776 0 +2.405740481e-001 -4.656942595e+001 -4.656942595e+001 +2.9566e-001 +1.3466e-001 -1.2853e-001
829 0 +2.360104465e-001 -4.657398955e+001 -4.657398955e+001 +2.9522e-001 +1.2470e-001 -9.9943e-002
833 0 +1.515920465e-001 -4.665840795e+001 -4.665840795e+001 +3.6685e-001 +1.4540e-001 -5.0544e-002
849 0 +1.256613157e-001 -4.668433868e+001 -4.668433868e+001 +3.5283e-001 +1.4082e-001 -5.0958e-002
962 0 +1.156871970e-001 -4.669431280e+001 -4.669431280e+001 +4.0359e-001 +1.4475e-001 +3.6231e-004
977 0 +8.742666066e-002 -4.672257334e+001 -4.672257334e+001 +4.2920e-001 +1.3950e-001 +3.5075e-002
1004 0 +7.927661226e-002 -4.673072339e+001 -4.673072339e+001 +4.2943e-001 +1.3565e-001 +3.9960e-002
1021 0 +7.486654375e-002 -4.673513346e+001 -4.673513346e+001 +5.1268e-001 +1.2956e-001 +1.4925e-001
1049 0 +6.405157065e-002 -4.674594843e+001 -4.674594843e+001 +4.6872e-001 +1.3385e-001 +8.3469e-002
1055 0 +5.916536887e-002 -4.675083463e+001 -4.675083463e+001 +5.5706e-001 +1.2539e-001 +1.9564e-001
1057 0 +4.015208653e-002 -4.676984791e+001 -4.676984791e+001 +5.3549e-001 +1.2453e-001 +1.6465e-001
1067 0 +2.862005870e-002 -4.678137994e+001 -4.678137994e+001 +5.7745e-001 +1.1335e-001 +2.1750e-001
1090 0 +1.836491420e-002 -4.679163509e+001 -4.679163509e+001 +5.9425e-001 +1.1138e-001 +2.4578e-001
1125 0 +1.474138570e-002 -4.679525861e+001 -4.679525861e+001 +6.5367e-001 +9.8311e-002 +3.1979e-001
1127 0 +1.203303420e-002 -4.679796697e+001 -4.679796697e+001 +6.1496e-001 +1.0386e-001 +2.7713e-001
1145 0 +6.098008064e-003 -4.680390199e+001 -4.680390199e+001 +6.6537e-001 +9.0321e-002 +3.4489e-001
1166 0 +3.566465636e-003 -4.680643353e+001 -4.680643353e+001 +6.7078e-001 +9.1140e-002 +3.5170e-001
1199 0 +1.586088636e-003 -4.680841391e+001 -4.680841391e+001 +7.0508e-001 +8.2669e-002 +3.9884e-001
1208 0 +1.277788436e-003 -4.680872221e+001 -4.680872221e+001 +7.0783e-001 +8.1789e-002 +4.0322e-001
1232 0 +7.908346969e-004 -4.680920917e+001 -4.680920917e+001 +7.0896e-001 +8.0215e-002 +4.0571e-001
1269 0 +7.567452734e-004 -4.680924325e+001 -4.680924325e+001 +7.4857e-001 +6.9369e-002 +4.6143e-001
1273 0 +1.577597018e-004 -4.680984224e+001 -4.680984224e+001 +7.2653e-001 +7.4789e-002 +4.3253e-001
1287 0 +8.632214434e-005 -4.680991368e+001 -4.680991368e+001 +7.3188e-001 +7.3874e-002 +4.3893e-001
1317 0 +7.737356295e-005 -4.680992263e+001 -4.680992263e+001 +7.3174e-001 +7.3887e-002 +4.3879e-001
1319 0 +2.163931666e-005 -4.680997836e+001 -4.680997836e+001 +7.4170e-001 +7.0647e-002 +4.5373e-001
1336 0 +1.107647101e-006 -4.680999889e+001 -4.680999889e+001 +7.3864e-001 +7.1419e-002 +4.4938e-001
1373 0 +4.256802484e-007 -4.680999957e+001 -4.680999957e+001 +7.3793e-001 +7.1637e-002 +4.4833e-001
1393 0 +1.788090458e-007 -4.680999982e+001 -4.680999982e+001 +7.3780e-001 +7.1687e-002 +4.4814e-001
1411 0 +3.360517553e-008 -4.680999997e+001 -4.680999997e+001 +7.3768e-001 +7.1734e-002 +4.4796e-001
1456 0 +2.002805388e-008 -4.680999998e+001 -4.680999998e+001 +7.3760e-001 +7.1762e-002 +4.4784e-001
1478 0 +9.031325021e-009 -4.680999999e+001 -4.680999999e+001 +7.3760e-001 +7.1765e-002 +4.4784e-001
% f evaluations | g evaluations | best noise-free fitness - Fopt (6.134000000000e+001) + sum g_i+ | measured fitness | best measured fitness or single-digit g-values | x1 | x2...
1 0 +9.523333831e+004 +9.529467831e+004 +9.529467831e+004 -3.0547e+000 +2.9899e+000 +4.5289e+000
3 0 +1.352822754e+004 +1.358956754e+004 +1.358956754e+004 +9.8688e-001 +2.5770e+000 -2.4732e+000
6 0 +1.616266559e+002 +2.229666559e+002 +2.229666559e+002 -1.8248e+000 -7.1144e-001 +1.1389e-001
47 0 +1.604627286e+001 +7.738627286e+001 +7.738627286e+001 -3.2441e-001 +1.2417e-001 +2.6011e-001
53 0 +3.186024833e+000 +6.452602483e+001 +6.452602483e+001 -7.5005e-001 -4.9466e-001 +3.4665e-001
223 0 +1.437751259e+000 +6.277775126e+001 +6.277775126e+001 -7.7889e-002 +2.0964e-001 -2.1206e-001
289 0 +9.154038557e-001 +6.225540386e+001 +6.225540386e+001 -3.6750e-001 +8.2636e-002 -4.1637e-002
342 0 +5.016553209e-001 +6.184165532e+001 +6.184165532e+001 -1.3700e-001 +2.0668e-001 -1.3343e-001
432 0 +3.904806016e-001 +6.173048060e+001 +6.173048060e+001 -1.8987e-001 +2.3644e-001 -1.5345e-001
463 0 +2.644998616e-001 +6.160449986e+001 +6.160449986e+001 -6.8156e-002 +2.5045e-001 -1.6866e-001
509 0 +9.118798816e-002 +6.143118799e+001 +6.143118799e+001 +3.6484e-001 +3.6957e-001 -2.4636e-001
594 0 +6.718649308e-002 +6.140718649e+001 +6.140718649e+001 +2.7511e-001 +3.4187e-001 -2.4519e-001
602 0 +5.511009219e-002 +6.139511009e+001 +6.139511009e+001 +3.4335e-001 +3.5863e-001 -2.4293e-001
629 0 +4.227646399e-002 +6.138227646e+001 +6.138227646e+001 +4.9334e-001 +3.8255e-001 -2.6336e-001
642 0 +1.111264635e-002 +6.135111265e+001 +6.135111265e+001 +5.8925e-001 +3.9568e-001 -2.6157e-001
672 0 +8.205996947e-003 +6.134820600e+001 +6.134820600e+001 +6.3710e-001 +4.0541e-001 -2.6157e-001
702 0 +3.764321864e-003 +6.134376432e+001 +6.134376432e+001 +6.4359e-001 +4.0254e-001 -2.6034e-001
732 0 +1.530428889e-003 +6.134153043e+001 +6.134153043e+001 +6.8341e-001 +4.0968e-001 -2.6003e-001
805 0 +1.245727400e-003 +6.134124573e+001 +6.134124573e+001 +6.6739e-001 +4.0618e-001 -2.5727e-001
852 0 +8.904978516e-004 +6.134089050e+001 +6.134089050e+001 +6.8341e-001 +4.0968e-001 -2.5857e-001
893 0 +4.909061834e-004 +6.134049091e+001 +6.134049091e+001 +7.3522e-001 +4.1649e-001 -2.5847e-001
932 0 +1.242236174e-004 +6.134012422e+001 +6.134012422e+001 +7.0751e-001 +4.1151e-001 -2.5789e-001
960 0 +1.076090939e-004 +6.134010761e+001 +6.134010761e+001 +7.2180e-001 +4.1321e-001 -2.5797e-001
966 0 +6.236099956e-005 +6.134006236e+001 +6.134006236e+001 +7.3215e-001 +4.1507e-001 -2.5818e-001
1006 0 +2.089995771e-005 +6.134002090e+001 +6.134002090e+001 +7.2352e-001 +4.1381e-001 -2.5816e-001
1040 0 +1.745312512e-005 +6.134001745e+001 +6.134001745e+001 +7.1260e-001 +4.1229e-001 -2.5820e-001
1077 0 +4.784812994e-006 +6.134000478e+001 +6.134000478e+001 +7.1295e-001 +4.1242e-001 -2.5829e-001
1100 0 +4.369585689e-006 +6.134000437e+001 +6.134000437e+001 +7.1186e-001 +4.1235e-001 -2.5835e-001
1118 0 +2.376965412e-006 +6.134000238e+001 +6.134000238e+001 +7.1336e-001 +4.1252e-001 -2.5831e-001
1143 0 +1.793649247e-007 +6.134000018e+001 +6.134000018e+001 +7.1535e-001 +4.1281e-001 -2.5832e-001
1192 0 +9.683966340e-008 +6.134000010e+001 +6.134000010e+001 +7.1549e-001 +4.1283e-001 -2.5833e-001
1203 0 +2.376314256e-008 +6.134000002e+001 +6.134000002e+001 +7.1586e-001 +4.1289e-001 -2.5834e-001
1310 0 +3.023679085e-009 +6.134000000e+001 +6.134000000e+001 +7.1600e-001 +4.1290e-001 -2.5833e-001
