% f evaluations | g evaluations | best noise-free fitness - Fopt (1.238300000000e+002) + sum g_i+ | measured fitness | best measured fitness or single-digit g-values | x1 | x2...
1 0 +6.965961952e+002 +8.204261952e+002 +8.204261952e+002 -1.7782e+000 -1.1134e+000
7 0 +4.881490873e+000 +1.287114909e+002 +1.287114909e+002 +8.5337e-001 -9.0398e-001
8 0 +4.366443253e+000 +1.281964433e+002 +1.281964433e+002 +9.6321e-001 -8.5991e-001
41 0 +5.395237847e-001 +1.243695238e+002 +1.243695238e+002 -1.0565e-001 +5.5861e-001
50 0 +2.197520982e-001 +1.240497521e+002 +1.240497521e+002 -1.0683e-001 +2.8955e-001
183 0 +5.694206864e-002 +1.238869421e+002 +1.238869421e+002 -1.3523e-001 +2.4346e-001
211 0 +5.069132121e-002 +1.238806913e+002 +1.238806913e+002 -1.0827e-001 +4.3987e-001
453 0 +3.566702520e-002 +1.238656670e+002 +1.238656670e+002 -6.5140e-002 +5.4539e-001
460 0 +3.326605527e-002 +1.238632661e+002 +1.238632661e+002 -1.0913e-001 +4.2120e-001
500 0 +2.093993660e-002 +1.238509399e+002 +1.238509399e+002 +7.3657e-002 +1.0321e+000
519 0 +1.302491406e-003 +1.238313025e+002 +1.238313025e+002 -1.0917e-002 +7.7436e-001
719 0 +7.043410673e-004 +1.238307043e+002 +1.238307043e+002 -3.3506e-002 +6.9872e-001
782 0 +3.813764955e-004 +1.238303814e+002 +1.238303814e+002 -2.5054e-002 +7.2086e-001
802 0 +7.409412783e-005 +1.238300741e+002 +1.238300741e+002 -3.5064e-002 +6.8952e-001
856 0 +6.123935179e-006 +1.238300061e+002 +1.238300061e+002 -3.1457e-002 +7.0146e-001
889 0 +3.269096240e-006 +1.238300033e+002 +1.238300033e+002 -2.9673e-002 +7.0754e-001
907 0 +6.139365780e-007 +1.238300006e+002 +1.238300006e+002 -3.0544e-002 +7.0481e-001
932 0 +2.600156819e-007 +1.238300003e+002 +1.238300003e+002 -2.9844e-002 +7.0728e-001
965 0 +1.181322062e-007 +1.238300001e+002 +1.238300001e+002 -2.9879e-002 +7.0707e-001
1012 0 +5.228687883e-008 +1.238300001e+002 +1.238300001e+002 -2.9993e-002 +7.0667e-001
1032 0 +5.161666650e-010 +1.238300000e+002 +1.238300000e+002 -3.0069e-002 +7.0643e-001
% f evaluations | g evaluations | best noise-free fitness - Fopt (4.751000000000e+001) + sum g_i+ | measured fitness | best measured fitness or single-digit g-values | x1 | x2...
1 0 +7.288209952e+002 +7.763309952e+002 +7.763309952e+002 +7.9117e-001 -2.6766e+000
7 0 +7.799720250e+001 +1.255072025e+002 +1.255072025e+002 -1.2176e-001 -5.9423e-001
8 0 +7.531429136e+001 +1.228242914e+002 +1.228242914e+002 -1.1673e-001 -5.7189e-001
16 0 +6.127452351e+001 +1.087845235e+002 +1.087845235e+002 +1.6585e+000 -8.8411e-001
26 0 +3.146189259e+001 +7.897189259e+001 +7.897189259e+001 +2.8052e-001 -4.4542e+000
51 0 +6.951091403e-002 +4.757951091e+001 +4.757951091e+001 +1.0017e+000 -1.9354e-001
214 0 +5.464368281e-002 +4.756464368e+001 +4.756464368e+001 +1.2014e+000 -3.0906e-001
244 0 +1.007981052e-002 +4.752007981e+001 +4.752007981e+001 +8.4204e-001 -1.2279e-001
458 0 +1.970438221e-003 +4.751197044e+001 +4.751197044e+001 +6.5904e-001 -4.2416e-002
530 0 +7.817324860e-004 +4.751078173e+001 +4.751078173e+001 +6.4966e-001 -4.0707e-002
620 0 +1.214698315e-004 +4.751012147e+001 +4.751012147e+001 +7.2375e-001 -7.2190e-002
661 0 +8.698045905e-005 +4.751008698e+001 +4.751008698e+001 +7.2313e-001 -7.2117e-002
729 0 +8.447148324e-005 +4.751008447e+001 +4.751008447e+001 +6.8834e-001 -5.6699e-002
770 0 +3.264556796e-005 +4.751003265e+001 +4.751003265e+001 +7.0376e-001 -6.3943e-002
771 0 +1.094562856e-005 +4.751001095e+001 +4.751001095e+001 +6.9760e-001 -6.1004e-002
774 0 +1.052637040e-005 +4.751001053e+001 +4.751001053e+001 +7.0949e-001 -6.6082e-002
786 0 +7.798026630e-006 +4.751000780e+001 +4.751000780e+001 +7.0874e-001 -6.5762e-002
796 0 +1.732569658e-006 +4.751000173e+001 +4.751000173e+001 +7.0166e-001 -6.2766e-002
803 0 +1.259505638e-006 +4.751000126e+001 +4.751000126e+001 +7.0196e-001 -6.2887e-002
830 0 +6.275774993e-007 +4.751000063e+001 +4.751000063e+001 +7.0262e-001 -6.3171e-002
853 0 +7.582831074e-008 +4.751000008e+001 +4.751000008e+001 +7.0386e-001 -6.3719e-002
867 0 +7.220052112e-009 +4.751000001e+001 +4.751000001e+001 +7.0410e-001 -6.3815e-002
% f evaluations | g evaluations | best noise-free fitness - Fopt (5.534000000000e+001) + sum g_i+ | measured fitness | best measured fitness or single-digit g-values | x1 | x2...
1 0 +4.164376730e+002 +4.717776730e+002 +4.717776730e+002 -1.2071e+000 +1.0511e+000
2 0 +2.102487380e+002 +2.655887380e+002 +2.655887380e+002 +1.7442e+000 +5.5165e-001
10 0 +1.937480444e+002 +2.490880444e+002 +2.490880444e+002 +1.2919e+000 +1.1626e+000
13 0 +4.387438293e+001 +9.921438293e+001 +9.921438293e+001 -7.4943e-001 +1.2777e-001
38 0 +3.747855744e+000 +5.908785574e+001 +5.908785574e+001 +4.2098e-001 +1.3719e+000
66 0 +1.313646387e+000 +5.665364639e+001 +5.665364639e+001 +5.0319e-001 -8.4354e-002
104 0 +6.894359677e-001 +5.602943597e+001 +5.602943597e+001 +3.8196e-001 -1.4341e-002
157 0 +5.766930431e-001 +5.591669304e+001 +5.591669304e+001 -6.9213e-002 -2.1931e-001
175 0 +4.254243663e-001 +5.576542437e+001 +5.576542437e+001 +4.0057e-001 -6.3313e-002
204 0 +4.123480342e-001 +5.575234803e+001 +5.575234803e+001 +3.8196e-001 -5.2056e-002
212 0 +3.849078046e-001 +5.572490780e+001 +5.572490780e+001 +3.4293e-001 -9.4457e-002
267 0 +1.427966612e-002 +5.535427967e+001 +5.535427967e+001 -6.3286e-001 -1.9580e-001
439 0 +8.968979904e-003 +5.534896898e+001 +5.534896898e+001 -8.8863e-001 -1.8953e-001
461 0 +4.879971120e-003 +5.534487997e+001 +5.534487997e+001 -6.5065e-001 -2.0373e-001
524 0 +8.678158379e-004 +5.534086782e+001 +5.534086782e+001 -7.3765e-001 -1.9666e-001
582 0 +5.323952948e-004 +5.534053240e+001 +5.534053240e+001 -6.9494e-001 -1.9810e-001
584 0 +7.504227128e-005 +5.534007504e+001 +5.534007504e+001 -6.9592e-001 -1.9920e-001
655 0 +2.471743588e-005 +5.534002472e+001 +5.534002472e+001 -6.8805e-001 -1.9923e-001
670 0 +7.717219532e-006 +5.534000772e+001 +5.534000772e+001 -6.7499e-001 -1.9992e-001
685 0 +1.917554812e-006 +5.534000192e+001 +5.534000192e+001 -6.7582e-001 -1.9983e-001
760 0 +1.137925828e-006 +5.534000114e+001 +5.534000114e+001 -6.7694e-001 -1.9971e-001
766 0 +2.454999048e-007 +5.534000025e+001 +5.534000025e+001 -6.7836e-001 -1.9968e-001
787 0 +1.921932125e-008 +5.534000002e+001 +5.534000002e+001 -6.7813e-001 -1.9970e-001
820 0 +3.057991194e-009 +5.534000000e+001 +5.534000000e+001 -6.7830e-001 -1.9970e-001
% f evaluations | g evaluations | best noise-free fitness - Fopt (-9.033000000000e+001) + sum g_i+ | measured fitness | best measured fitness or single-digit g-values | x1 | x2...
1 0 +3.486323974e+002 +2.583023974e+002 +2.583023974e+002 +2.2932e+000 -6.6559e-001
5 0 +1.365070233e+000 -8.896492977e+001 -8.896492977e+001 -1.1779e-001 +2.4417e-001
45 0 +1.370912959e-001 -9.019290870e+001 -9.019290870e+001 -1.1779e-001 +3.4637e-001
157 0 +1.084164972e-001 -9.022158350e+001 -9.022158350e+001 -1.0692e-001 +2.9894e-001
189 0 +9.456622946e-002 -9.023543377e+001 -9.023543377e+001 -6.4174e-002 +2.9682e-001
214 0 +3.530279392e-002 -9.029469721e+001 -9.029469721e+001 -1.6009e-001 +3.5216e-001
229 0 +2.986338044e-002 -9.030013662e+001 -9.030013662e+001 -7.4757e-001 +7.3928e-001
244 0 +2.614413380e-002 -9.030385587e+001 -9.030385587e+001 -1.8326e-001 +3.7163e-001
248 0 +1.447979493e-002 -9.031552021e+001 -9.031552021e+001 -2.2927e-001 +4.0893e-001
261 0 +7.970792981e-003 -9.032202921e+001 -9.032202921e+001 -5.6737e-001 +6.3249e-001
328 0 +5.933823171e-003 -9.032406618e+001 -9.032406618e+001 -5.5177e-001 +6.2329e-001
368 0 +4.095146336e-003 -9.032590485e+001 -9.032590485e+001 -5.6222e-001 +6.3269e-001
372 0 +1.879244450e-004 -9.032981208e+001 -9.032981208e+001 -4.3493e-001 +5.5070e-001
474 0 +4.834372716e-005 -9.032995166e+001 -9.032995166e+001 -4.3479e-001 +5.5168e-001
486 0 +6.296108140e-006 -9.032999370e+001 -9.032999370e+001 -4.3650e-001 +5.5234e-001
506 0 +3.843037121e-006 -9.032999616e+001 -9.032999616e+001 -4.3841e-001 +5.5380e-001
518 0 +1.018755981e-006 -9.032999898e+001 -9.032999898e+001 -4.3789e-001 +5.5331e-001
546 0 +8.864011249e-007 -9.032999911e+001 -9.032999911e+001 -4.4086e-001 +5.5528e-001
561 0 +3.948218676e-007 -9.032999961e+001 -9.032999961e+001 -4.3839e-001 +5.5366e-001
581 0 +2.632633169e-007 -9.032999974e+001 -9.032999974e+001 -4.3867e-001 +5.5384e-001
595 0 +1.682622042e-008 -9.032999998e+001 -9.032999998e+001 -4.3893e-001 +5.5403e-001
620 0 +2.144744826e-009 -9.033000000e+001 -9.033000000e+001 -4.3912e-001 +5.5416e-001
% f evaluations | g evaluations | best noise-free fitness - Fopt (6.561000000000e+001) + sum g_i+ | measured fitness | best measured fitness or single-digit g-values | x1 | x2...
1 0 +1.237828475e+004 +1.244389475e+004 +1.244389475e+004 -2.7816e+000 -2.3881e+000
5 0 +1.753066705e+000 +6.736306671e+001 +6.736306671e+001 +3.6441e-001 +4.7856e-001
52 0 +1.560495655e+000 +6.717049566e+001 +6.717049566e+001 +5.9700e-001 +5.4381e-001
55 0 +6.213541544e-001 +6.623135415e+001 +6.623135415e+001 -4.1103e-001 -7.4797e-001
155 0 +3.756439282e-001 +6.598564393e+001 +6.598564393e+001 -6.4277e-001 -1.8366e+000
254 0 +2.969626592e-001 +6.590696266e+001 +6.590696266e+001 -5.0188e-001 -8.8773e-001
275 0 +1.834755598e-001 +6.579347556e+001 +6.579347556e+001 -1.8420e-001 +4.1133e-002
428 0 +7.754043345e-002 +6.568754043e+001 +6.568754043e+001 -5.0479e-001 -9.5442e-001
525 0 +3.405800519e-003 +6.561340580e+001 +6.561340580e+001 -3.7212e-001 -4.8120e-001
745 0 +1.990936254e-003 +6.561199094e+001 +6.561199094e+001 -4.2287e-001 -6.5696e-001
767 0 +9.883819115e-004 +6.561098838e+001 +6.561098838e+001 -4.1883e-001 -6.4480e-001
808 0 +9.024110193e-004 +6.561090241e+001 +6.561090241e+001 -3.9961e-001 -5.8355e-001
809 0 +4.793493062e-004 +6.561047935e+001 +6.561047935e+001 -3.8775e-001 -5.3728e-001
838 0 +4.564053823e-004 +6.561045641e+001 +6.561045641e+001 -3.9179e-001 -5.4945e-001
841 0 +1.786240924e-005 +6.561001786e+001 +6.561001786e+001 -3.9823e-001 -5.7374e-001
869 0 +1.032345313e-005 +6.561001032e+001 +6.561001032e+001 -3.9879e-001 -5.7600e-001
884 0 +6.022091284e-006 +6.561000602e+001 +6.561000602e+001 -4.0225e-001 -5.8784e-001
906 0 +9.318764711e-007 +6.561000093e+001 +6.561000093e+001 -4.0133e-001 -5.8466e-001
937 0 +3.455926390e-008 +6.561000003e+001 +6.561000003e+001 -4.0065e-001 -5.8234e-001
957 0 +2.251991305e-008 +6.561000002e+001 +6.561000002e+001 -4.0079e-001 -5.8280e-001
972 0 +1.983337938e-008 +6.561000002e+001 +6.561000002e+001 -4.0079e-001 -5.8280e-001
1006 0 +5.161453487e-009 +6.561000001e+001 +6.561000001e+001 -4.0076e-001 -5.8270e-001
% f evaluations | g evaluations | best noise-free fitness - Fopt (9.348200000000e+002) + sum g_i+ | measured fitness | best measured fitness or single-digit g-values | x1 | x2...
1 0 +9.004197461e+000 +9.438241975e+002 +9.438241975e+002 +5.0722e-001 -7.7311e-002
39 0 +2.561690772e+000 +9.373816908e+002 +9.373816908e+002 -1.1014e+000 -7.0512e-002
61 0 +2.155977276e-001 +9.350355977e+002 +9.350355977e+002 +3.4623e-001 -7.7311e-002
95 0 +5.925622200e-002 +9.348792562e+002 +9.348792562e+002 +6.8593e-001 -5.2289e-001
288 0 +6.028397240e-003 +9.348260284e+002 +9.348260284e+002 +6.1492e-001 -4.4753e-001
418 0 +3.997920832e-003 +9.348239979e+002 +9.348239979e+002 +6.3782e-001 -4.7670e-001
471 0 +3.556032242e-003 +9.348235560e+002 +9.348235560e+002 +6.6072e-001 -5.0587e-001
526 0 +1.235506251e-003 +9.348212355e+002 +9.348212355e+002 +5.6047e-001 -3.7223e-001
544 0 +6.351037583e-004 +9.348206351e+002 +9.348206351e+002 +6.1691e-001 -4.4506e-001
557 0 +2.644463378e-004 +9.348202644e+002 +9.348202644e+002 +5.6133e-001 -3.7107e-001
584 0 +1.126204794e-004 +9.348201126e+002 +9.348201126e+002 +5.7397e-001 -3.8699e-001
589 0 +8.520627591e-005 +9.348200852e+002 +9.348200852e+002 +5.7606e-001 -3.9090e-001
596 0 +4.598867838e-005 +9.348200460e+002 +9.348200460e+002 +5.8141e-001 -3.9789e-001
619 0 +2.556275263e-006 +9.348200026e+002 +9.348200026e+002 +5.8496e-001 -4.0215e-001
639 0 +1.933611202e-006 +9.348200019e+002 +9.348200019e+002 +5.8466e-001 -4.0175e-001
649 0 +1.698533765e-006 +9.348200017e+002 +9.348200017e+002 +5.8420e-001 -4.0116e-001
663 0 +1.712904805e-007 +9.348200002e+002 +9.348200002e+002 +5.8332e-001 -3.9995e-001
694 0 +1.926434834e-008 +9.348200000e+002 +9.348200000e+002 +5.8306e-001 -3.9958e-001
739 0 +6.108393791e-010 +9.348200000e+002 +9.348200000e+002 +5.8322e-001 -3.9978e-001
% f evaluations | g evaluations | best noise-free fitness - Fopt (-6.371000000000e+001) + sum g_i+ | measured fitness | best measured fitness or single-digit g-values | x1 | x2...
1 0 +8.890958996e+002 +8.253858996e+002 +8.253858996e+002 -1.8123e+000 +2.9547e+000
10 0 +6.203117257e+001 -1.678827429e+000 -1.678827429e+000 -4.4853e-001 +9.2780e-001
34 0 +1.252947297e+000 -6.245705270e+001 -6.245705270e+001 +6.0555e-001 -2.4576e-001
105 0 +7.268308116e-001 -6.298316919e+001 -6.298316919e+001 +6.0197e-001 -2.2768e-001
150 0 +6.982688851e-001 -6.301173111e+001 -6.301173111e+001 -1.3485e-001 +2.8322e-001
163 0 +6.522522189e-001 -6.305774778e+001 -6.305774778e+001 -3.1444e-001 +2.3804e-001
166 0 +2.510150971e-001 -6.345898490e+001 -6.345898490e+001 +6.6194e-001 -2.5190e-001
206 0 +8.021463793e-002 -6.362978536e+001 -6.362978536e+001 +1.0767e+000 -5.5757e-001
239 0 +1.524693907e-003 -6.370847531e+001 -6.370847531e+001 +6.3826e-001 -2.0765e-001
522 0 +7.573671926e-004 -6.370924263e+001 -6.370924263e+001 +6.3803e-001 -2.0429e-001
572 0 +4.709276704e-004 -6.370952907e+001 -6.370952907e+001 +6.8406e-001 -2.4162e-001
581 0 +6.202815483e-005 -6.370993797e+001 -6.370993797e+001 +6.5578e-001 -2.1905e-001
593 0 +1.544464453e-005 -6.370998456e+001 -6.370998456e+001 +6.6940e-001 -2.2949e-001
624 0 +3.524726679e-006 -6.370999648e+001 -6.370999648e+001 +6.6606e-001 -2.2677e-001
631 0 +6.248838034e-007 -6.370999938e+001 -6.370999938e+001 +6.6781e-001 -2.2808e-001
683 0 +2.180610679e-007 -6.370999978e+001 -6.370999978e+001 +6.6977e-001 -2.2957e-001
708 0 +2.149521805e-008 -6.370999998e+001 -6.370999998e+001 +6.6919e-001 -2.2912e-001
723 0 +8.230003345e-010 -6.371000000e+001 -6.371000000e+001 +6.6898e-001 -2.2895e-001
% f evaluations | g evaluations | best noise-free fitness - Fopt (1.000000000000e+003) + sum g_i+ | measured fitness | best measured fitness or single-digit g-values | x1 | x2...
1 0 +3.806862246e+003 +4.806862246e+003 +4.806862246e+003 +3.3850e+000 +1.3179e+000
3 0 +3.443649054e+003 +4.443649054e+003 +4.443649054e+003 -1.9722e+000 +6.6579e-001
5 0 +2.738352895e+002 +1.273835290e+003 +1.273835290e+003 +1.5352e+000 +1.6074e+000
7 0 +1.838397551e+002 +1.183839755e+003 +1.183839755e+003 -5.0000e+000 -5.0000e+000
10 0 +4.099835563e+001 +1.040998356e+003 +1.040998356e+003 -4.5259e+000 -4.9493e+000
35 0 +6.298506269e+000 +1.006298506e+003 +1.006298506e+003 -3.9415e+000 -4.0247e+000
86 0 +1.331329367e+000 +1.001331329e+003 +1.001331329e+003 -1.2147e+000 -7.8256e-001
105 0 +3.161960569e-001 +1.000316196e+003 +1.000316196e+003 +1.8207e-001 +2.5839e-001
256 0 +1.482239200e-001 +1.000148224e+003 +1.000148224e+003 -1.1912e+000 -6.9084e-001
265 0 +3.654371957e-002 +1.000036544e+003 +1.000036544e+003 -5.7478e-001 -1.8239e-001
340 0 +2.380132209e-002 +1.000023801e+003 +1.000023801e+003 -4.9603e-001 -1.2025e-001
349 0 +9.400734543e-003 +1.000009401e+003 +1.000009401e+003 -4.9866e-001 -1.1498e-001
398 0 +5.957840398e-003 +1.000005958e+003 +1.000005958e+003 -7.5438e-001 -3.1724e-001
446 0 +1.443230320e-004 +1.000000144e+003 +1.000000144e+003 -6.4695e-001 -2.2701e-001
576 0 +8.910319366e-005 +1.000000089e+003 +1.000000089e+003 -6.5631e-001 -2.3522e-001
597 0 +1.797033883e-005 +1.000000018e+003 +1.000000018e+003 -6.5835e-001 -2.3650e-001
611 0 +6.721170735e-006 +1.000000007e+003 +1.000000007e+003 -6.6095e-001 -2.3851e-001
655 0 +1.285160693e-006 +1.000000001e+003 +1.000000001e+003 -6.6580e-001 -2.4232e-001
695 0 +5.120296009e-008 +1.000000000e+003 +1.000000000e+003 -6.6504e-001 -2.4167e-001
736 0 +6.181494427e-009 +1.000000000e+003 +1.000000000e+003 -6.6478e-001 -2.4146e-001
% f evaluations | g evaluations | best noise-free fitness - Fopt (3.197000000000e+001) + sum g_i+ | measured fitness | best measured fitness or single-digit g-values | x1 | x2...
1 0 +4.518729645e+003 +4.550699645e+003 +4.550699645e+003 -1.9100e+000 -1.4095e+000
3 0 +1.102866306e+003 +1.134836306e+003 +1.134836306e+003 +3.0537e+000 -3.3287e+000
7 0 +1.022717148e+001 +4.219717148e+001 +4.219717148e+001 -5.7602e-002 +4.2299e-001
9 0 +9.170434407e+000 +4.114043441e+001 +4.114043441e+001 +5.0000e+000 -3.6031e+000
51 0 +5.701892777e+000 +3.767189278e+001 +3.767189278e+001 +1.1691e+000 -1.4146e+000
66 0 +2.383453632e+000 +3.435345363e+001 +3.435345363e+001 -1.9165e-001 +2.4030e-001
67 0 +3.842376597e-001 +3.235423766e+001 +3.235423766e+001 -2.6980e-001 +1.7424e-001
102 0 +9.410511648e-002 +3.206410512e+001 +3.206410512e+001 -7.4243e-002 -1.8728e-001
138 0 +1.143636435e-002 +3.198143636e+001 +3.198143636e+001 +5.1360e-001 -7.9413e-001
552 0 +7.671856557e-003 +3.197767186e+001 +3.197767186e+001 +2.7567e-001 -5.6763e-001
642 0 +6.062487274e-003 +3.197606249e+001 +3.197606249e+001 +2.2413e-001 -5.2403e-001
665 0 +2.030812770e-003 +3.197203081e+001 +3.197203081e+001 +2.8818e-001 -5.8742e-001
698 0 +1.181313937e-003 +3.197118131e+001 +3.197118131e+001 +3.2878e-001 -6.2640e-001
706 0 +8.885570338e-004 +3.197088856e+001 +3.197088856e+001 +3.3858e-001 -6.3181e-001
709 0 +5.091116308e-005 +3.197005091e+001 +3.197005091e+001 +3.2104e-001 -6.1715e-001
769 0 +3.751552054e-005 +3.197003752e+001 +3.197003752e+001 +3.2532e-001 -6.2063e-001
775 0 +1.073413712e-005 +3.197001073e+001 +3.197001073e+001 +3.2587e-001 -6.2137e-001
809 0 +1.718364793e-006 +3.197000172e+001 +3.197000172e+001 +3.3202e-001 -6.2735e-001
864 0 +4.973223078e-007 +3.197000050e+001 +3.197000050e+001 +3.3108e-001 -6.2649e-001
874 0 +3.161214508e-007 +3.197000032e+001 +3.197000032e+001 +3.2993e-001 -6.2534e-001
885 0 +4.116485286e-008 +3.197000004e+001 +3.197000004e+001 +3.2998e-001 -6.2541e-001
901 0 +1.240098868e-008 +3.197000001e+001 +3.197000001e+001 +3.2978e-001 -6.2523e-001
923 0 +1.381049941e-009 +3.197000000e+001 +3.197000000e+001 +3.2990e-001 -6.2535e-001
% f evaluations | g evaluations | best noise-free fitness - Fopt (5.819000000000e+001) + sum g_i+ | measured fitness | best measured fitness or single-digit g-values | x1 | x2...
1 0 +5.045957732e+004 +5.051776732e+004 +5.051776732e+004 -4.9782e+000 -3.9446e+000
2 0 +5.471012047e+003 +5.529202047e+003 +5.529202047e+003 -4.2499e+000 +2.2493e+000
3 0 +2.438279655e+003 +2.496469655e+003 +2.496469655e+003 +3.0309e+000 +3.5715e+000
5 0 +1.119916113e+002 +1.701816113e+002 +1.701816113e+002 +1.5374e+000 +1.6031e+000
7 0 +3.072913162e+001 +8.891913162e+001 +8.891913162e+001 -4.1945e-001 +1.2964e+000
8 0 +2.492153708e+001 +8.311153708e+001 +8.311153708e+001 -4.0887e-001 +1.2666e+000
14 0 +4.693017485e+000 +6.288301748e+001 +6.288301748e+001 -6.5747e-001 +7.0085e-001
46 0 +2.221869979e+000 +6.041186998e+001 +6.041186998e+001 -4.2199e-001 +1.4166e-002
47 0 +6.015339460e-001 +5.879153395e+001 +5.879153395e+001 +1.5574e-001 -2.4898e-001
106 0 +3.879415505e-001 +5.857794155e+001 +5.857794155e+001 -3.6233e-001 +1.0691e-001
153 0 +2.216614016e-001 +5.841166140e+001 +5.841166140e+001 -1.8602e-001 -5.5067e-002
267 0 +1.039055111e-001 +5.829390551e+001 +5.829390551e+001 +4.4802e-002 -2.1867e-001
290 0 +1.013961662e-001 +5.829139617e+001 +5.829139617e+001 +2.5856e-002 -2.0866e-001
293 0 +7.971000057e-002 +5.826971000e+001 +5.826971000e+001 +1.2037e-001 -2.8655e-001
297 0 +2.130198122e-002 +5.821130198e+001 +5.821130198e+001 +3.1922e-001 -3.8766e-001
346 0 +1.255684910e-002 +5.820255685e+001 +5.820255685e+001 +3.3901e-001 -3.8862e-001
406 0 +7.667122655e-003 +5.819766712e+001 +5.819766712e+001 +3.6422e-001 -4.0616e-001
439 0 +2.940195919e-003 +5.819294020e+001 +5.819294020e+001 +4.2186e-001 -4.3289e-001
445 0 +2.432682188e-003 +5.819243268e+001 +5.819243268e+001 +4.2396e-001 -4.3312e-001
475 0 +5.809757278e-004 +5.819058098e+001 +5.819058098e+001 +5.2089e-001 -4.7824e-001
493 0 +4.585108478e-004 +5.819045851e+001 +5.819045851e+001 +5.0701e-001 -4.7186e-001
550 0 +8.276650079e-005 +5.819008277e+001 +5.819008277e+001 +5.0481e-001 -4.7007e-001
594 0 +1.235735027e-006 +5.819000124e+001 +5.819000124e+001 +5.2222e-001 -4.7760e-001
660 0 +5.468814592e-007 +5.819000055e+001 +5.819000055e+001 +5.2165e-001 -4.7737e-001
669 0 +5.573129158e-008 +5.819000006e+001 +5.819000006e+001 +5.2172e-001 -4.7742e-001
693 0 +3.896545309e-008 +5.819000004e+001 +5.819000004e+001 +5.2164e-001 -4.7739e-001
719 0 +1.762382595e-008 +5.819000002e+001 +5.819000002e+001 +5.2164e-001 -4.7739e-001
741 0 +6.019647003e-010 +5.819000000e+001 +5.819000000e+001 +5.2158e-001 -4.7737e-001
% f evaluations | g evaluations | best noise-free fitness - Fopt (-4.840000000000e+000) + sum g_i+ | measured fitness | best measured fitness or single-digit g-values | x1 | x2...
1 0 +1.883311305e+003 +1.878471305e+003 +1.878471305e+003 -2.0471e+000 -7.6945e-003
7 0 +1.362207997e+002 +1.313807997e+002 +1.313807997e+002 -1.0693e+000 -1.2197e+000
8 0 +1.198636158e+002 +1.150236158e+002 +1.150236158e+002 -1.0308e+000 -1.0736e+000
11 0 +4.464418570e+001 +3.980418570e+001 +3.980418570e+001 -6.5709e-001 -3.1627e-001
45 0 +6.112935206e-002 -4.778870648e+000 -4.778870648e+000 +3.0905e-001 +1.2151e+000
510 0 +4.799107133e-002 -4.792008929e+000 -4.792008929e+000 +1.9654e-001 +1.0047e+000
529 0 +3.643392689e-002 -4.803566073e+000 -4.803566073e+000 +8.2922e-002 +7.6880e-001
542 0 +6.080012153e-003 -4.833919988e+000 -4.833919988e+000 +1.0492e-001 +7.9055e-001
571 0 +8.258836299e-004 -4.839174116e+000 -4.839174116e+000 +5.6987e-002 +6.8679e-001
590 0 +2.786079767e-004 -4.839721392e+000 -4.839721392e+000 +4.8690e-002 +6.7108e-001
639 0 +2.087035810e-004 -4.839791296e+000 -4.839791296e+000 +7.0248e-002 +7.2152e-001
694 0 +1.305953575e-004 -4.839869405e+000 -4.839869405e+000 +6.3971e-002 +7.0719e-001
719 0 +3.274236824e-005 -4.839967258e+000 -4.839967258e+000 +6.6458e-002 +7.1109e-001
751 0 +1.292084261e-005 -4.839987079e+000 -4.839987079e+000 +6.6251e-002 +7.1097e-001
773 0 +9.783794761e-007 -4.839999022e+000 -4.839999022e+000 +6.3385e-002 +7.0448e-001
786 0 +6.875137295e-007 -4.839999312e+000 -4.839999312e+000 +6.3509e-002 +7.0478e-001
810 0 +4.348137805e-007 -4.839999565e+000 -4.839999565e+000 +6.2778e-002 +7.0325e-001
846 0 +1.012450834e-008 -4.839999990e+000 -4.839999990e+000 +6.3331e-002 +7.0447e-001
878 0 +3.257323300e-010 -4.840000000e+000 -4.840000000e+000 +6.3251e-002 +7.0428e-001
% f evaluations | g evaluations | best noise-free fitness - Fopt (-6.337000000000e+001) + sum g_i+ | measured fitness | best measured fitness or single-digit g-values | x1 | x2...
1 0 +5.914649865e+002 +5.280949865e+002 +5.280949865e+002 +1.2691e+000 -4.8527e-001
6 0 +1.618169082e+002 +9.844690817e+001 +9.844690817e+001 -1.0554e+000 -1.7766e+000
14 0 +1.050665957e+002 +4.169659570e+001 +4.169659570e+001 -1.4480e+000 +8.3377e-001
20 0 +2.838993129e+000 -6.053100687e+001 -6.053100687e+001 -4.2604e+000 -3.4517e+000
52 0 +3.598689912e-001 -6.301013101e+001 -6.301013101e+001 +2.1691e-001 +9.2694e-002
169 0 +3.271230461e-001 -6.304287695e+001 -6.304287695e+001 -1.3419e+000 -1.5230e+000
176 0 +2.268775894e-001 -6.314312241e+001 -6.314312241e+001 +2.0680e-001 -3.8615e-003
193 0 +1.898634442e-001 -6.318013656e+001 -6.318013656e+001 +1.6333e-001 -3.4178e-002
281 0 +4.729482305e-002 -6.332270518e+001 -6.332270518e+001 -6.5434e-001 -9.6247e-001
304 0 +1.866771423e-002 -6.335133229e+001 -6.335133229e+001 -5.3592e-001 -8.5794e-001
315 0 +1.326753205e-002 -6.335673247e+001 -6.335673247e+001 -4.9511e-001 -8.1938e-001
339 0 +1.308864290e-002 -6.335691136e+001 -6.335691136e+001 -4.9825e-001 -8.2422e-001
373 0 +8.008829395e-003 -6.336199117e+001 -6.336199117e+001 -4.5405e-001 -7.8229e-001
511 0 +1.971133320e-003 -6.336802887e+001 -6.336802887e+001 -2.4054e-001 -5.6632e-001
551 0 +1.870622818e-003 -6.336812938e+001 -6.336812938e+001 -2.4196e-001 -5.6798e-001
585 0 +1.431636594e-003 -6.336856836e+001 -6.336856836e+001 -2.8253e-001 -6.0852e-001
590 0 +1.257603202e-003 -6.336874240e+001 -6.336874240e+001 -3.4612e-001 -6.7733e-001
605 0 +2.729285943e-004 -6.336972707e+001 -6.336972707e+001 -3.2700e-001 -6.5710e-001
615 0 +2.617094007e-004 -6.336973829e+001 -6.336973829e+001 -2.8525e-001 -6.1405e-001
651 0 +7.034941146e-005 -6.336992965e+001 -6.336992965e+001 -3.0153e-001 -6.3086e-001
682 0 +1.005889349e-005 -6.336998994e+001 -6.336998994e+001 -3.0555e-001 -6.3433e-001
716 0 +1.069886608e-006 -6.336999893e+001 -6.336999893e+001 -3.0815e-001 -6.3711e-001
727 0 +5.975041333e-007 -6.336999940e+001 -6.336999940e+001 -3.0653e-001 -6.3554e-001
767 0 +1.164629992e-007 -6.336999988e+001 -6.336999988e+001 -3.0764e-001 -6.3663e-001
791 0 +2.100719598e-010 -6.337000000e+001 -6.337000000e+001 -3.0767e-001 -6.3669e-001
% f evaluations | g evaluations | best noise-free fitness - Fopt (2.750000000000e+000) + sum g_i+ | measured fitness | best measured fitness or single-digit g-values | x1 | x2...
1 0 +3.435028127e+002 +3.462528127e+002 +3.462528127e+002 -2.6971e+000 -1.2000e+000
2 0 +3.110754929e+001 +3.385754929e+001 +3.385754929e+001 +1.1059e+000 -4.1050e+000
12 0 +2.230284842e+001 +2.505284842e+001 +2.505284842e+001 -3.0158e+000 -2.8751e+000
26 0 +1.032342781e+001 +1.307342781e+001 +1.307342781e+001 -1.1451e+000 +4.6023e-001
43 0 +3.506665370e-001 +3.100666537e+000 +3.100666537e+000 +5.4477e-001 -1.1123e+000
150 0 +1.443590593e-001 +2.894359059e+000 +2.894359059e+000 +3.7898e-001 -4.0107e-001
226 0 +2.742983943e-002 +2.777429839e+000 +2.777429839e+000 +3.7852e-001 -4.3116e-001
264 0 +2.625836130e-002 +2.776258361e+000 +2.776258361e+000 +5.0510e-001 -8.5400e-001
307 0 +1.189849484e-002 +2.761898495e+000 +2.761898495e+000 +4.1753e-001 -5.5428e-001
391 0 +1.402578873e-003 +2.751402579e+000 +2.751402579e+000 +3.9299e-001 -4.9409e-001
438 0 +9.987440436e-004 +2.750998744e+000 +2.750998744e+000 +3.9607e-001 -5.0534e-001
446 0 +9.113858312e-005 +2.750091139e+000 +2.750091139e+000 +4.1561e-001 -5.6560e-001
489 0 +4.293901835e-005 +2.750042939e+000 +2.750042939e+000 +4.1544e-001 -5.6458e-001
570 0 +4.236593905e-005 +2.750042366e+000 +2.750042366e+000 +4.2187e-001 -5.8354e-001
594 0 +2.308110087e-005 +2.750023081e+000 +2.750023081e+000 +4.2059e-001 -5.8012e-001
597 0 +1.422399409e-006 +2.750001422e+000 +2.750001422e+000 +4.1835e-001 -5.7287e-001
643 0 +1.351891354e-008 +2.750000014e+000 +2.750000014e+000 +4.1766e-001 -5.7066e-001
663 0 +5.077095189e-009 +2.750000005e+000 +2.750000005e+000 +4.1766e-001 -5.7066e-001
% f evaluations | g evaluations | best noise-free fitness - Fopt (-4.681000000000e+001) + sum g_i+ | measured fitness | best measured fitness or single-digit g-values | x1 | x2...
1 0 +1.722008386e+004 +1.717327386e+004 +1.717327386e+004 -3.2977e+000 -3.0191e+000
2 0 +1.677722984e+001 -3.003277016e+001 -3.003277016e+001 -2.0646e+000 +2.5238e+000
18 0 +3.255246550e+000 -4.355475345e+001 -4.355475345e+001 -7.7067e-001 -5.3534e-001
120 0 +4.111644932e-001 -4.639883551e+001 -4.639883551e+001 +3.3803e-001 -4.0287e-003
312 0 +2.078151572e-002 -4.678921848e+001 -4.678921848e+001 -3.2853e-001 -3.2073e-001
490 0 +2.960979744e-003 -4.680703902e+001 -4.680703902e+001 -4.7735e-001 -3.7369e-001
581 0 +4.332731070e-004 -4.680956673e+001 -4.680956673e+001 -5.3695e-001 -3.9323e-001
741 0 +3.748443301e-004 -4.680962516e+001 -4.680962516e+001 -6.0263e-001 -4.1395e-001
746 0 +3.702835633e-004 -4.680962972e+001 -4.680962972e+001 -5.7322e-001 -4.0363e-001
759 0 +5.951752364e-006 -4.680999405e+001 -4.680999405e+001 -5.8075e-001 -4.0666e-001
795 0 +3.989707622e-007 -4.680999960e+001 -4.680999960e+001 -5.7750e-001 -4.0579e-001
892 0 +6.691277576e-008 -4.680999993e+001 -4.680999993e+001 -5.7913e-001 -4.0627e-001
928 0 +2.882885042e-009 -4.681000000e+001 -4.681000000e+001 -5.7874e-001 -4.0616e-001
% f evaluations | g evaluations | best noise-free fitness - Fopt (6.134000000000e+001) + sum g_i+ | measured fitness | best measured fitness or single-digit g-values | x1 | x2...
1 0 +2.357412308e+002 +2.970812308e+002 +2.970812308e+002 -1.5819e+000 -9.8670e-002
5 0 +5.583017609e+000 +6.692301761e+001 +6.692301761e+001 +8.0859e-001 -2.0064e+000
21 0 +2.222362572e+000 +6.356236257e+001 +6.356236257e+001 -8.0630e-001 -2.5760e-001
117 0 +1.384271223e+000 +6.272427122e+001 +6.272427122e+001 +7.5345e-001 +1.5059e-001
124 0 +6.456067063e-001 +6.198560671e+001 +6.198560671e+001 +4.2788e-001 +2.5182e-001
164 0 +5.320535913e-001 +6.187205359e+001 +6.187205359e+001 +4.3344e-001 +2.1873e-001
219 0 +1.744991934e-002 +6.135744992e+001 +6.135744992e+001 -7.9017e-001 -1.8031e-001
419 0 +1.252262021e-002 +6.135252262e+001 +6.135252262e+001 -8.2063e-001 -1.9609e-001
452 0 +9.917672400e-003 +6.134991767e+001 +6.134991767e+001 -6.0694e-001 -7.0350e-002
467 0 +5.004269582e-003 +6.134500427e+001 +6.134500427e+001 -6.1913e-001 -7.8237e-002
499 0 +4.633732621e-003 +6.134463373e+001 +6.134463373e+001 -6.3624e-001 -9.3369e-002
521 0 +1.761460813e-004 +6.134017615e+001 +6.134017615e+001 -6.7957e-001 -1.1376e-001
553 0 +1.156201024e-004 +6.134011562e+001 +6.134011562e+001 -6.7577e-001 -1.1131e-001
560 0 +2.797843512e-005 +6.134002798e+001 +6.134002798e+001 -6.9158e-001 -1.1947e-001
618 0 +1.610531574e-005 +6.134001611e+001 +6.134001611e+001 -7.0357e-001 -1.2629e-001
620 0 +4.924833590e-006 +6.134000492e+001 +6.134000492e+001 -7.0003e-001 -1.2422e-001
652 0 +1.344388664e-006 +6.134000134e+001 +6.134000134e+001 -6.9867e-001 -1.2356e-001
677 0 +4.276218135e-007 +6.134000043e+001 +6.134000043e+001 -6.9663e-001 -1.2247e-001
687 0 +4.839247225e-008 +6.134000005e+001 +6.134000005e+001 -6.9611e-001 -1.2217e-001
705 0 +2.827889034e-010 +6.134000000e+001 +6.134000000e+001 -6.9641e-001 -1.2232e-001
