% f evaluations | g evaluations | best noise-free fitness - Fopt (4.078000000000e+001) + sum g_i+ | measured fitness | best measured fitness or single-digit g-values | x1 | x2...
1 0 +4.014926491e+001 +8.092926491e+001 +8.092926491e+001 +4.6454e+000 -3.4221e+000 -4.4128e+000
2 0 +1.326534014e+001 +5.404534014e+001 +5.404534014e+001 +3.8027e+000 -4.5679e+000 -9.6616e-001
4 0 +1.135485090e+001 +5.213485090e+001 +5.213485090e+001 -1.1751e+000 +6.9407e-001 +3.7716e-001
19 0 +8.819385451e+000 +4.959938545e+001 +4.959938545e+001 -2.3616e+000 -3.5536e+000 -1.5944e+000
27 0 +5.240846356e+000 +4.602084636e+001 +4.602084636e+001 +1.7458e-001 +1.2123e+000 +3.5604e+000
29 0 +3.116586442e+000 +4.389658644e+001 +4.389658644e+001 -3.6344e+000 -3.2801e+000 +9.8543e-001
55 0 +2.080191711e+000 +4.286019171e+001 +4.286019171e+001 -4.3714e+000 -2.9845e+000 +1.3684e+000
58 0 +1.955523824e+000 +4.273552382e+001 +4.273552382e+001 -4.3714e+000 -2.0268e+000 +4.2205e+000
65 0 +4.870746680e-001 +4.126707467e+001 +4.126707467e+001 -3.6349e+000 -1.9505e+000 +3.9331e+000
67 0 +6.652825178e-002 +4.084652825e+001 +4.084652825e+001 -3.1736e+000 -1.8708e+000 +4.2205e+000
91 0 +4.170806441e-003 +4.078417081e+001 +4.078417081e+001 -2.8863e+000 -1.9143e+000 +4.0038e+000
153 0 +1.183759382e-003 +4.078118376e+001 +4.078118376e+001 -2.8105e+000 -1.8787e+000 +4.0540e+000
235 0 +9.992322914e-004 +4.078099923e+001 +4.078099923e+001 -2.2882e+000 -1.7413e+000 +3.8878e+000
254 0 +1.066803660e-004 +4.078010668e+001 +4.078010668e+001 -2.5741e+000 -1.8313e+000 +3.9854e+000
274 0 +1.022738871e-004 +4.078010227e+001 +4.078010227e+001 -2.5378e+000 -1.7667e+000 +3.9206e+000
276 0 +7.041401009e-005 +4.078007041e+001 +4.078007041e+001 -2.6014e+000 -1.7744e+000 +3.9096e+000
280 0 +4.745061430e-005 +4.078004745e+001 +4.078004745e+001 -2.4822e+000 -1.7398e+000 +3.8313e+000
284 0 +1.536854320e-006 +4.078000154e+001 +4.078000154e+001 -2.5336e+000 -1.7979e+000 +3.9222e+000
289 0 +4.875861990e-007 +4.078000049e+001 +4.078000049e+001 -2.5112e+000 -1.7813e+000 +3.8721e+000
310 0 +3.983564909e-007 +4.078000040e+001 +4.078000040e+001 -2.5019e+000 -1.7962e+000 +3.8962e+000
325 0 +5.186932128e-008 +4.078000005e+001 +4.078000005e+001 -2.4919e+000 -1.7808e+000 +3.8865e+000
334 0 +1.493885549e-008 +4.078000001e+001 +4.078000001e+001 -2.4990e+000 -1.7825e+000 +3.8821e+000
339 0 +2.945469646e-009 +4.078000000e+001 +4.078000000e+001 -2.5221e+000 -1.7865e+000 +3.8905e+000
% f evaluations | g evaluations | best noise-free fitness - Fopt (-1.600000000000e+000) + sum g_i+ | measured fitness | best measured fitness or single-digit g-values | x1 | x2...
1 0 +1.698660456e+001 +1.538660456e+001 +1.538660456e+001 +4.3771e+000 -5.7814e-001 +3.9163e+000
8 0 +1.127773979e+001 +9.677739785e+000 +9.677739785e+000 -5.0000e+000 -4.9266e-001 +5.0000e+000
10 0 +7.886810318e+000 +6.286810318e+000 +6.286810318e+000 -1.4955e+000 +4.2628e+000 +3.2458e+000
11 0 +6.865255883e+000 +5.265255883e+000 +5.265255883e+000 -1.1048e+000 +1.0160e+000 -7.9148e-001
19 0 +4.249387858e+000 +2.649387858e+000 +2.649387858e+000 +1.8555e+000 +3.1805e+000 +1.5566e+000
155 0 +4.126199475e+000 +2.526199475e+000 +2.526199475e+000 -1.2876e+000 +1.2547e+000 -5.3926e-001
156 0 +2.685204688e+000 +1.085204688e+000 +1.085204688e+000 -5.5694e-001 -3.4455e-001 +2.2384e+000
161 0 +2.059220194e+000 +4.592201941e-001 +4.592201941e-001 +8.7999e-001 +1.9821e+000 +1.1420e+000
209 0 +2.031637428e+000 +4.316374277e-001 +4.316374277e-001 +8.8655e-001 +2.0912e+000 +1.1626e+000
329 0 +1.992628372e+000 +3.926283721e-001 +3.926283721e-001 +1.0545e+000 +1.9921e+000 +1.3774e+000
351 0 +8.259747389e-001 -7.740252611e-001 -7.740252611e-001 +2.6635e-001 +7.9333e-001 +2.1310e+000
435 0 +7.948519923e-001 -8.051480077e-001 -8.051480077e-001 +3.0154e-001 +8.1326e-001 +2.2030e+000
447 0 +7.487010103e-001 -8.512989897e-001 -8.512989897e-001 +3.4493e-001 +9.0047e-001 +2.1596e+000
458 0 +7.068171194e-001 -8.931828806e-001 -8.931828806e-001 +6.0101e-001 +1.3445e+000 +1.9483e+000
1579 0 +3.142053955e-001 -1.285794605e+000 -1.285794605e+000 +9.7411e-001 -2.6991e+000 +1.0512e+000
1639 0 +8.663098763e-002 -1.513369012e+000 -1.513369012e+000 +8.9705e-001 -2.2135e+000 +2.5495e-001
1885 0 +6.833743621e-002 -1.531662564e+000 -1.531662564e+000 +8.5636e-001 -2.2987e+000 +3.2598e-001
1895 0 +1.107873902e-003 -1.598892126e+000 -1.598892126e+000 +9.7370e-001 -2.1619e+000 +5.7508e-001
2001 0 +7.962988876e-004 -1.599203701e+000 -1.599203701e+000 +1.0495e+000 -2.2130e+000 +6.8924e-001
2034 0 +1.251196784e-005 -1.599987488e+000 -1.599987488e+000 +1.0865e+000 -2.0943e+000 +6.2160e-001
2106 0 +1.641379004e-006 -1.599998359e+000 -1.599998359e+000 +1.1201e+000 -2.0018e+000 +5.6499e-001
2116 0 +7.956212920e-007 -1.599999204e+000 -1.599999204e+000 +1.1186e+000 -2.0080e+000 +5.5886e-001
2174 0 +1.828188778e-008 -1.599999982e+000 -1.599999982e+000 +1.1285e+000 -2.0055e+000 +5.6169e-001
2228 0 +4.114888430e-010 -1.600000000e+000 -1.600000000e+000 +1.1284e+000 -2.0099e+000 +5.7061e-001
% f evaluations | g evaluations | best noise-free fitness - Fopt (-3.708400000000e+002) + sum g_i+ | measured fitness | best measured fitness or single-digit g-values | x1 | x2...
1 0 +8.288266065e+000 -3.625517339e+002 -3.625517339e+002 +3.2136e+000 -3.5349e+000 +1.9195e+000
42 0 +7.902498217e+000 -3.629375018e+002 -3.629375018e+002 +3.6501e+000 -3.5787e+000 +2.5079e+000
53 0 +3.597164634e-001 -3.704802835e+002 -3.704802835e+002 +3.9978e+000 -9.6556e-001 -5.6919e-001
126 0 +1.262979148e-001 -3.707137021e+002 -3.707137021e+002 +3.3003e+000 -7.5176e-001 -8.4628e-001
184 0 +6.070371790e-002 -3.707792963e+002 -3.707792963e+002 +3.5600e+000 -1.0017e+000 -1.4563e+000
187 0 +5.572842151e-003 -3.708344272e+002 -3.708344272e+002 +3.3417e+000 -9.1471e-001 -1.3826e+000
224 0 +3.684688888e-003 -3.708363153e+002 -3.708363153e+002 +3.3658e+000 -7.9408e-001 -1.2750e+000
235 0 +3.022325734e-003 -3.708369777e+002 -3.708369777e+002 +3.3388e+000 -8.0853e-001 -1.4997e+000
236 0 +6.624065405e-004 -3.708393376e+002 -3.708393376e+002 +3.3073e+000 -8.2945e-001 -1.3821e+000
260 0 +5.727175395e-004 -3.708394273e+002 -3.708394273e+002 +3.2933e+000 -8.2914e-001 -1.3793e+000
272 0 +2.399220379e-004 -3.708397601e+002 -3.708397601e+002 +3.2755e+000 -8.2080e-001 -1.4419e+000
327 0 +2.288348958e-004 -3.708397712e+002 -3.708397712e+002 +3.2771e+000 -8.3343e-001 -1.4872e+000
339 0 +1.789266036e-004 -3.708398211e+002 -3.708398211e+002 +3.2649e+000 -8.2561e-001 -1.4872e+000
344 0 +1.706530003e-004 -3.708398293e+002 -3.708398293e+002 +3.2602e+000 -8.2080e-001 -1.4869e+000
376 0 +1.571801316e-004 -3.708398428e+002 -3.708398428e+002 +3.2570e+000 -8.1830e-001 -1.4718e+000
380 0 +1.355956730e-004 -3.708398644e+002 -3.708398644e+002 +3.2474e+000 -8.1417e-001 -1.4869e+000
385 0 +1.170966169e-004 -3.708398829e+002 -3.708398829e+002 +3.2350e+000 -8.1427e-001 -1.5249e+000
392 0 +1.056998431e-004 -3.708398943e+002 -3.708398943e+002 +3.2447e+000 -8.1851e-001 -1.4904e+000
397 0 +1.028483067e-004 -3.708398972e+002 -3.708398972e+002 +3.2318e+000 -8.1583e-001 -1.5301e+000
400 0 +8.785642291e-005 -3.708399121e+002 -3.708399121e+002 +3.1823e+000 -8.0110e-001 -1.5861e+000
406 0 +2.320343327e-005 -3.708399768e+002 -3.708399768e+002 +3.1853e+000 -8.0586e-001 -1.5393e+000
416 0 +1.019555526e-005 -3.708399898e+002 -3.708399898e+002 +3.1753e+000 -8.1832e-001 -1.5796e+000
418 0 +6.661485315e-006 -3.708399933e+002 -3.708399933e+002 +3.1784e+000 -8.1592e-001 -1.5584e+000
424 0 +4.859417970e-006 -3.708399951e+002 -3.708399951e+002 +3.1708e+000 -8.2257e-001 -1.5464e+000
440 0 +1.594748028e-006 -3.708399984e+002 -3.708399984e+002 +3.1277e+000 -8.1358e-001 -1.6153e+000
450 0 +1.246991076e-006 -3.708399988e+002 -3.708399988e+002 +3.1449e+000 -8.1286e-001 -1.5896e+000
452 0 +4.817652552e-007 -3.708399995e+002 -3.708399995e+002 +3.1431e+000 -8.1856e-001 -1.5763e+000
464 0 +4.713486419e-007 -3.708399995e+002 -3.708399995e+002 +3.1418e+000 -8.1876e-001 -1.5767e+000
479 0 +2.825237857e-007 -3.708399997e+002 -3.708399997e+002 +3.1437e+000 -8.1538e-001 -1.5657e+000
485 0 +1.801215035e-007 -3.708399998e+002 -3.708399998e+002 +3.1388e+000 -8.1572e-001 -1.5759e+000
486 0 +6.107768513e-008 -3.708399999e+002 -3.708399999e+002 +3.1278e+000 -8.1499e-001 -1.5795e+000
502 0 +4.788392971e-008 -3.708400000e+002 -3.708400000e+002 +3.1313e+000 -8.1401e-001 -1.5811e+000
513 0 +4.873243142e-009 -3.708400000e+002 -3.708400000e+002 +3.1245e+000 -8.1165e-001 -1.5828e+000
% f evaluations | g evaluations | best noise-free fitness - Fopt (-3.256000000000e+001) + sum g_i+ | measured fitness | best measured fitness or single-digit g-values | x1 | x2...
1 0 +2.521820073e+001 -7.341799272e+000 -7.341799272e+000 +2.7417e+000 -2.8663e+000 -1.4482e+000
2 0 +9.404896096e+000 -2.315510390e+001 -2.315510390e+001 -4.2457e-001 +1.9854e+000 +7.2768e-001
45 0 +7.050534975e-001 -3.185494650e+001 -3.185494650e+001 +1.5982e-001 -1.7319e+000 -1.6830e+000
117 0 +1.936433237e-001 -3.236635668e+001 -3.236635668e+001 +6.9532e-001 -2.4399e+000 -1.9352e+000
132 0 +1.313542768e-002 -3.254686457e+001 -3.254686457e+001 +9.4499e-001 -2.9350e+000 -1.7605e+000
216 0 +1.001341558e-003 -3.255899866e+001 -3.255899866e+001 +1.0946e+000 -3.2076e+000 -1.6684e+000
228 0 +3.230576904e-004 -3.255967694e+001 -3.255967694e+001 +1.0936e+000 -3.3272e+000 -1.6526e+000
239 0 +2.356959794e-005 -3.255997643e+001 -3.255997643e+001 +9.9667e-001 -3.1758e+000 -1.5974e+000
283 0 +2.250641558e-007 -3.255999977e+001 -3.255999977e+001 +1.0368e+000 -3.2361e+000 -1.5549e+000
295 0 +1.827984519e-007 -3.255999982e+001 -3.255999982e+001 +1.0371e+000 -3.2366e+000 -1.5559e+000
313 0 +2.298156687e-008 -3.255999998e+001 -3.255999998e+001 +1.0493e+000 -3.2603e+000 -1.5598e+000
380 0 +1.291930829e-008 -3.255999999e+001 -3.255999999e+001 +1.0455e+000 -3.2432e+000 -1.5652e+000
381 0 +1.286123563e-008 -3.255999999e+001 -3.255999999e+001 +1.0450e+000 -3.2521e+000 -1.5603e+000
393 0 +1.337610911e-009 -3.256000000e+001 -3.256000000e+001 +1.0445e+000 -3.2484e+000 -1.5672e+000
% f evaluations | g evaluations | best noise-free fitness - Fopt (5.154000000000e+002) + sum g_i+ | measured fitness | best measured fitness or single-digit g-values | x1 | x2...
1 0 +4.695972319e+001 +5.623597232e+002 +5.623597232e+002 +4.2722e-001 +2.8064e+000 +3.9868e+000
2 0 +2.875444396e+001 +5.441544440e+002 +5.441544440e+002 -2.9159e+000 +1.2032e+000 +3.3608e+000
8 0 +1.623424336e+001 +5.316342434e+002 +5.316342434e+002 -5.0000e+000 +1.1416e-001 +1.8983e+000
9 0 +1.574682119e+001 +5.311468212e+002 +5.311468212e+002 -5.0000e+000 +9.0369e-002 +1.7258e+000
15 0 +5.917404332e+000 +5.213174043e+002 +5.213174043e+002 -3.1175e+000 +8.5122e-002 -2.0591e+000
33 0 +2.141633384e+000 +5.175416334e+002 +5.175416334e+002 -8.5887e-001 +1.4731e-001 +5.6777e-001
34 0 +7.371680520e-001 +5.161371681e+002 +5.161371681e+002 -1.4011e+000 +4.2224e-002 +1.0268e+000
197 0 +7.122235832e-001 +5.161122236e+002 +5.161122236e+002 -1.4115e+000 +2.0345e-001 +9.4950e-001
233 0 +7.052677334e-001 +5.161052677e+002 +5.161052677e+002 -1.3216e+000 +1.7346e-001 +9.5305e-001
1716 0 +6.614645694e-001 +5.160614646e+002 +5.160614646e+002 -3.4790e+000 -1.0105e-001 -2.7617e+000
1723 0 +4.925893913e-001 +5.158925894e+002 +5.158925894e+002 -2.6197e+000 +1.2110e-001 -3.3992e+000
1765 0 +4.473736016e-001 +5.158473736e+002 +5.158473736e+002 -2.4081e+000 -2.6936e-001 -2.9610e+000
1833 0 +3.038948978e-001 +5.157038949e+002 +5.157038949e+002 -3.6592e+000 -8.8227e-001 -2.7553e+000
1837 0 +1.248378953e-001 +5.155248379e+002 +5.155248379e+002 -3.1014e+000 -7.0677e-001 -2.8639e+000
1841 0 +9.854940032e-002 +5.154985494e+002 +5.154985494e+002 -2.7735e+000 -5.2436e-001 -2.8935e+000
1846 0 +9.000763846e-002 +5.154900076e+002 +5.154900076e+002 -2.8918e+000 -6.8289e-001 -2.7800e+000
1873 0 +8.618779684e-002 +5.154861878e+002 +5.154861878e+002 -3.1573e+000 -9.7072e-001 -2.4970e+000
1882 0 +4.578093789e-002 +5.154457809e+002 +5.154457809e+002 -3.0375e+000 -2.5448e-001 -3.0322e+000
1927 0 +2.928449417e-003 +5.154029284e+002 +5.154029284e+002 -3.7626e+000 -9.4370e-001 -2.4185e+000
1930 0 +1.499877447e-004 +5.154001500e+002 +5.154001500e+002 -3.3449e+000 -7.0884e-001 -2.6146e+000
1950 0 +7.119984832e-005 +5.154000712e+002 +5.154000712e+002 -3.5014e+000 -7.3679e-001 -2.6192e+000
1974 0 +6.485866834e-006 +5.154000065e+002 +5.154000065e+002 -3.4159e+000 -7.1422e-001 -2.6204e+000
1983 0 +1.185378551e-008 +5.154000000e+002 +5.154000000e+002 -3.4819e+000 -7.3517e-001 -2.5911e+000
2043 0 +3.094442036e-009 +5.154000000e+002 +5.154000000e+002 -3.4631e+000 -7.2084e-001 -2.6001e+000
% f evaluations | g evaluations | best noise-free fitness - Fopt (-8.628000000000e+001) + sum g_i+ | measured fitness | best measured fitness or single-digit g-values | x1 | x2...
1 0 +1.655210490e+001 -6.972789510e+001 -6.972789510e+001 -2.8758e+000 +3.5817e+000 -2.7988e+000
2 0 +1.253872756e+001 -7.374127244e+001 -7.374127244e+001 +2.1750e+000 -1.5604e+000 -4.4396e+000
3 0 +8.733632191e+000 -7.754636781e+001 -7.754636781e+001 +3.2608e+000 +2.7395e+000 +3.0279e+000
27 0 +7.491484079e+000 -7.878851592e+001 -7.878851592e+001 +2.9107e+000 +2.6589e+000 +2.5184e+000
49 0 +6.980335104e+000 -7.929966490e+001 -7.929966490e+001 -1.5553e+000 +3.1773e+000 -1.8521e+000
58 0 +3.433909070e+000 -8.284609093e+001 -8.284609093e+001 -3.2725e+000 -1.3365e+000 -2.1357e+000
80 0 +3.310939082e+000 -8.296906092e+001 -8.296906092e+001 -1.5381e+000 -3.5294e-001 -1.4677e+000
99 0 +7.756565711e-001 -8.550434343e+001 -8.550434343e+001 -1.5010e+000 +1.6994e+000 +2.5184e+000
133 0 +3.929465331e-002 -8.624070535e+001 -8.624070535e+001 -2.2792e+000 +2.6295e+000 +3.1708e+000
217 0 +4.856457895e-003 -8.627514354e+001 -8.627514354e+001 -2.4388e+000 +2.6321e+000 +3.1010e+000
540 0 +8.897327312e-004 -8.627911027e+001 -8.627911027e+001 -2.3043e+000 +2.2156e+000 +2.9136e+000
554 0 +3.478720124e-005 -8.627996521e+001 -8.627996521e+001 -2.4764e+000 +2.4945e+000 +3.1082e+000
575 0 +1.408383814e-005 -8.627998592e+001 -8.627998592e+001 -2.4492e+000 +2.3650e+000 +3.0624e+000
579 0 +3.965972439e-008 -8.627999996e+001 -8.627999996e+001 -2.4555e+000 +2.4106e+000 +3.0647e+000
612 0 +9.503281717e-009 -8.627999999e+001 -8.627999999e+001 -2.4566e+000 +2.4079e+000 +3.0670e+000
% f evaluations | g evaluations | best noise-free fitness - Fopt (2.224000000000e+001) + sum g_i+ | measured fitness | best measured fitness or single-digit g-values | x1 | x2...
1 0 +8.646453309e+000 +3.088645331e+001 +3.088645331e+001 -1.1433e+000 -4.5225e+000 -2.9900e+000
13 0 +7.812345426e+000 +3.005234543e+001 +3.005234543e+001 -6.8184e-001 -4.8351e+000 -2.5692e+000
26 0 +2.831951479e+000 +2.507195148e+001 +2.507195148e+001 -9.7920e-001 -4.7735e+000 -2.1106e+000
38 0 +2.654425879e+000 +2.489442588e+001 +2.489442588e+001 -1.1995e+000 -4.9950e+000 -2.0564e+000
50 0 +2.396358992e+000 +2.463635899e+001 +2.463635899e+001 -1.2568e+000 -4.9990e+000 -2.0186e+000
57 0 +2.278990543e+000 +2.451899054e+001 +2.451899054e+001 -1.2104e+000 -4.9099e+000 -1.9037e+000
124 0 +2.155230142e+000 +2.439523014e+001 +2.439523014e+001 -1.2261e+000 -4.7355e+000 -1.8397e+000
152 0 +2.137694712e+000 +2.437769471e+001 +2.437769471e+001 -1.3523e+000 -4.9521e+000 -1.7953e+000
532 0 +1.135666244e+000 +2.337566624e+001 +2.337566624e+001 +3.8025e+000 +3.4377e-001 +3.1230e+000
574 0 +4.703033345e-001 +2.271030333e+001 +2.271030333e+001 +3.0046e+000 +1.1445e+000 +3.0119e+000
575 0 +4.294246986e-001 +2.266942470e+001 +2.266942470e+001 +2.0303e+000 +1.8977e+000 +2.3040e+000
609 0 +1.306053607e-001 +2.237060536e+001 +2.237060536e+001 +1.8527e+000 +1.8959e+000 +2.4905e+000
645 0 +1.253836119e-001 +2.236538361e+001 +2.236538361e+001 +1.8621e+000 +1.8960e+000 +2.4806e+000
687 0 +1.156576872e-001 +2.235565769e+001 +2.235565769e+001 +2.7722e+000 +1.0972e+000 +2.4062e+000
700 0 +3.817579123e-003 +2.224381758e+001 +2.224381758e+001 +2.2905e+000 +1.2905e+000 +2.5190e+000
713 0 +1.671701574e-003 +2.224167170e+001 +2.224167170e+001 +2.4026e+000 +1.1534e+000 +2.3939e+000
753 0 +7.500364419e-004 +2.224075004e+001 +2.224075004e+001 +2.5137e+000 +1.2939e+000 +2.5353e+000
769 0 +1.028534297e-004 +2.224010285e+001 +2.224010285e+001 +2.4143e+000 +1.2487e+000 +2.4636e+000
787 0 +2.559856093e-005 +2.224002560e+001 +2.224002560e+001 +2.6208e+000 +1.1138e+000 +2.5497e+000
807 0 +2.451522022e-005 +2.224002452e+001 +2.224002452e+001 +2.4721e+000 +1.2288e+000 +2.5302e+000
816 0 +1.578457688e-005 +2.224001578e+001 +2.224001578e+001 +2.5478e+000 +1.1933e+000 +2.5477e+000
846 0 +1.485705504e-005 +2.224001486e+001 +2.224001486e+001 +2.5143e+000 +1.2174e+000 +2.5378e+000
876 0 +1.965636635e-006 +2.224000197e+001 +2.224000197e+001 +2.5012e+000 +1.1674e+000 +2.4943e+000
877 0 +1.060349319e-008 +2.224000001e+001 +2.224000001e+001 +2.5193e+000 +1.1672e+000 +2.5202e+000
897 0 +1.907906721e-009 +2.224000000e+001 +2.224000000e+001 +2.5167e+000 +1.1693e+000 +2.5178e+000
% f evaluations | g evaluations | best noise-free fitness - Fopt (-2.301000000000e+001) + sum g_i+ | measured fitness | best measured fitness or single-digit g-values | x1 | x2...
1 0 +1.851716016e+001 -4.492839843e+000 -4.492839843e+000 -2.7617e+000 -4.2524e+000 -4.2443e+000
4 0 +1.733811732e+001 -5.671882678e+000 -5.671882678e+000 -1.5513e+000 +6.1658e-001 +4.8766e+000
10 0 +1.138303518e+001 -1.162696482e+001 -1.162696482e+001 +3.0262e+000 -4.8350e+000 -1.9266e+000
28 0 +1.020470482e+001 -1.280529518e+001 -1.280529518e+001 -1.0316e+000 -2.6644e+000 -5.3995e-001
30 0 +5.018967415e+000 -1.799103258e+001 -1.799103258e+001 -3.8933e+000 -2.1159e+000 +3.7359e+000
42 0 +3.607723658e+000 -1.940227634e+001 -1.940227634e+001 -3.4296e+000 -1.6428e+000 +3.2118e+000
85 0 +2.846418693e+000 -2.016358131e+001 -2.016358131e+001 -1.2612e+000 -4.2063e+000 -1.3129e+000
99 0 +1.940247250e+000 -2.106975275e+001 -2.106975275e+001 -1.0217e+000 -4.6567e+000 -1.5229e+000
192 0 +1.820399911e+000 -2.118960009e+001 -2.118960009e+001 -7.3907e-001 -4.5034e+000 -1.0772e+000
228 0 +1.815794343e+000 -2.119420566e+001 -2.119420566e+001 -7.4528e-001 -4.5070e+000 -1.0785e+000
1744 0 +1.529146076e+000 -2.148085392e+001 -2.148085392e+001 -1.8906e+000 -1.5647e+000 -2.3221e+000
1897 0 +1.408308599e+000 -2.160169140e+001 -2.160169140e+001 -1.8906e+000 -1.5157e+000 -2.3221e+000
1921 0 +1.373751272e+000 -2.163624873e+001 -2.163624873e+001 -1.8593e+000 -1.3972e+000 -2.3950e+000
1943 0 +1.319112489e+000 -2.169088751e+001 -2.169088751e+001 -1.9434e+000 -1.2729e+000 -2.3221e+000
1998 0 +1.251292010e+000 -2.175870799e+001 -2.175870799e+001 -1.8812e+000 -1.3658e+000 -2.2932e+000
3445 0 +5.487362062e-001 -2.246126379e+001 -2.246126379e+001 +3.3979e+000 -2.5459e+000 +2.5869e+000
3537 0 +4.914671173e-001 -2.251853288e+001 -2.251853288e+001 +3.1700e+000 -2.4088e+000 +2.6135e+000
3569 0 +1.884731850e-001 -2.282152681e+001 -2.282152681e+001 +2.1953e+000 -2.0077e+000 +3.0180e+000
3577 0 +3.464992488e-002 -2.297535008e+001 -2.297535008e+001 +2.2817e+000 -2.3699e+000 +3.0942e+000
3644 0 +2.663392782e-003 -2.300733661e+001 -2.300733661e+001 +2.5507e+000 -2.5518e+000 +3.0361e+000
3695 0 +2.381778268e-003 -2.300761822e+001 -2.300761822e+001 +2.7111e+000 -2.6473e+000 +3.0870e+000
3705 0 +1.047095741e-004 -2.300989529e+001 -2.300989529e+001 +2.7908e+000 -2.7194e+000 +2.9935e+000
3725 0 +6.728384724e-005 -2.300993272e+001 -2.300993272e+001 +2.7404e+000 -2.6876e+000 +3.0288e+000
3762 0 +2.632720210e-005 -2.300997367e+001 -2.300997367e+001 +2.7755e+000 -2.7347e+000 +3.0311e+000
3785 0 +2.457673831e-005 -2.300997542e+001 -2.300997542e+001 +2.7839e+000 -2.7054e+000 +3.0114e+000
3808 0 +7.163086881e-006 -2.300999284e+001 -2.300999284e+001 +2.8350e+000 -2.7562e+000 +3.0095e+000
3812 0 +1.646520591e-006 -2.300999835e+001 -2.300999835e+001 +2.9175e+000 -2.7880e+000 +3.0113e+000
3814 0 +1.558105740e-006 -2.300999844e+001 -2.300999844e+001 +2.9162e+000 -2.7960e+000 +3.0275e+000
3855 0 +4.325002578e-010 -2.301000000e+001 -2.301000000e+001 +2.8696e+000 -2.7749e+000 +3.0239e+000
% f evaluations | g evaluations | best noise-free fitness - Fopt (-3.323700000000e+002) + sum g_i+ | measured fitness | best measured fitness or single-digit g-values | x1 | x2...
1 0 +4.029720808e+001 -2.920727919e+002 -2.920727919e+002 +4.7443e+000 -3.8637e-001 -7.7083e-001
2 0 +8.676216942e+000 -3.236937831e+002 -3.236937831e+002 -2.5176e+000 +7.0499e-001 -1.4294e+000
12 0 +3.151623798e+000 -3.292183762e+002 -3.292183762e+002 -1.1171e+000 -4.1079e+000 +2.4840e+000
36 0 +1.504268861e+000 -3.308657311e+002 -3.308657311e+002 -1.4432e+000 -3.4240e+000 +1.9676e+000
149 0 +5.564967627e-001 -3.318135032e+002 -3.318135032e+002 -8.0963e-001 -3.4210e+000 +1.3178e+000
161 0 +4.207508093e-001 -3.319492492e+002 -3.319492492e+002 -2.7146e-001 -3.4210e+000 +1.0680e+000
196 0 +1.495151767e-001 -3.322204848e+002 -3.322204848e+002 +3.6768e-001 -3.5437e+000 +1.5929e+000
219 0 +4.242806954e-002 -3.323275719e+002 -3.323275719e+002 +6.0036e-001 -3.4573e+000 +1.2806e+000
226 0 +6.499305471e-006 -3.323699935e+002 -3.323699935e+002 +2.7257e-001 -3.3438e+000 +1.1794e+000
341 0 +5.205325579e-006 -3.323699948e+002 -3.323699948e+002 +3.2021e-001 -3.3119e+000 +1.1133e+000
358 0 +1.383646520e-006 -3.323699986e+002 -3.323699986e+002 +2.8651e-001 -3.3346e+000 +1.1454e+000
382 0 +1.094029130e-006 -3.323699989e+002 -3.323699989e+002 +2.5025e-001 -3.3346e+000 +1.1775e+000
383 0 +7.266231705e-008 -3.323699999e+002 -3.323699999e+002 +2.7119e-001 -3.3282e+000 +1.1513e+000
395 0 +1.159571639e-008 -3.323700000e+002 -3.323700000e+002 +2.4601e-001 -3.3264e+000 +1.1610e+000
398 0 +4.476476079e-009 -3.323700000e+002 -3.323700000e+002 +2.5294e-001 -3.3284e+000 +1.1588e+000
% f evaluations | g evaluations | best noise-free fitness - Fopt (-1.231300000000e+002) + sum g_i+ | measured fitness | best measured fitness or single-digit g-values | x1 | x2...
1 0 +1.943112411e+001 -1.036988759e+002 -1.036988759e+002 -3.0377e+000 +4.8648e+000 +1.8361e+000
2 0 +1.882350065e+001 -1.043064993e+002 -1.043064993e+002 +6.0373e-001 +1.5332e+000 -3.7772e+000
10 0 +5.402852350e+000 -1.177271476e+002 -1.177271476e+002 -3.8064e+000 +3.3582e+000 -4.5149e+000
168 0 +4.734253775e+000 -1.183957462e+002 -1.183957462e+002 -2.3537e+000 +4.2875e+000 -3.2106e+000
172 0 +2.485646801e+000 -1.206443532e+002 -1.206443532e+002 -3.2266e-001 +2.8196e+000 +2.1346e-001
179 0 +2.310247171e+000 -1.208197528e+002 -1.208197528e+002 -1.1430e-001 +2.6345e+000 -1.4091e-001
205 0 +2.278640440e+000 -1.208513596e+002 -1.208513596e+002 +3.6161e+000 -9.0324e-001 -1.9942e+000
209 0 +1.978977010e+000 -1.211510230e+002 -1.211510230e+002 -3.2720e-001 +3.4781e+000 +5.3620e-001
299 0 +1.917541540e+000 -1.212124585e+002 -1.212124585e+002 -1.4860e-001 +3.2801e+000 +3.6637e-001
320 0 +1.248596136e+000 -1.218814039e+002 -1.218814039e+002 -4.4314e-001 +3.1849e+000 +8.7745e-001
332 0 +1.009172363e+000 -1.221208276e+002 -1.221208276e+002 -1.1925e+000 +3.4694e+000 +1.4201e+000
428 0 +9.795876316e-001 -1.221504124e+002 -1.221504124e+002 -1.0945e+000 +3.4203e+000 +1.3307e+000
448 0 +9.622800952e-001 -1.221677199e+002 -1.221677199e+002 -1.0967e+000 +3.4077e+000 +1.3601e+000
462 0 +9.380675582e-001 -1.221919324e+002 -1.221919324e+002 -1.2521e+000 +3.3912e+000 +1.5182e+000
480 0 +9.300039323e-001 -1.221999961e+002 -1.221999961e+002 -1.2366e+000 +3.3937e+000 +1.5130e+000
2477 0 +3.430286304e-001 -1.227869714e+002 -1.227869714e+002 +1.4690e+000 -1.1416e+000 -1.7488e+000
2667 0 +2.163225640e-001 -1.229136774e+002 -1.229136774e+002 +1.7849e+000 -8.5277e-001 -1.1313e+000
2734 0 +1.478009554e-002 -1.231152199e+002 -1.231152199e+002 +2.7233e+000 -1.1481e+000 -2.1112e+000
2857 0 +1.413161233e-002 -1.231158684e+002 -1.231158684e+002 +1.8434e+000 -1.1842e+000 -1.7488e+000
2908 0 +1.112610312e-002 -1.231188739e+002 -1.231188739e+002 +2.4369e+000 -1.3006e+000 -2.2866e+000
2948 0 +7.158259039e-004 -1.231292842e+002 -1.231292842e+002 +2.4369e+000 -1.3006e+000 -2.1373e+000
3142 0 +2.468264401e-004 -1.231297532e+002 -1.231297532e+002 +2.4724e+000 -1.2560e+000 -2.1295e+000
3177 0 +1.861621502e-004 -1.231298138e+002 -1.231298138e+002 +2.4175e+000 -1.1702e+000 -1.9831e+000
3192 0 +2.464944706e-005 -1.231299754e+002 -1.231299754e+002 +2.2580e+000 -1.2110e+000 -1.9734e+000
3212 0 +3.848710577e-006 -1.231299962e+002 -1.231299962e+002 +2.3303e+000 -1.1911e+000 -1.9429e+000
3213 0 +1.783690067e-007 -1.231299998e+002 -1.231299998e+002 +2.3448e+000 -1.2134e+000 -1.9845e+000
3253 0 +5.582032259e-008 -1.231299999e+002 -1.231299999e+002 +2.3211e+000 -1.2163e+000 -1.9770e+000
3321 0 +1.451596177e-009 -1.231300000e+002 -1.231300000e+002 +2.3096e+000 -1.2063e+000 -1.9653e+000
% f evaluations | g evaluations | best noise-free fitness - Fopt (-1.537900000000e+002) + sum g_i+ | measured fitness | best measured fitness or single-digit g-values | x1 | x2...
1 0 +3.154627826e+001 -1.222437217e+002 -1.222437217e+002 -4.8389e+000 -2.3600e+000 +1.1666e-001
2 0 +1.090184274e+001 -1.428881573e+002 -1.428881573e+002 -4.5792e+000 +1.7210e+000 -3.5059e+000
6 0 +7.131683216e+000 -1.466583168e+002 -1.466583168e+002 +7.0811e-001 +3.8247e+000 +2.9558e+000
10 0 +2.663494664e+000 -1.511265053e+002 -1.511265053e+002 -4.5570e+000 +2.4050e+000 +3.3471e+000
42 0 +1.293410199e+000 -1.524965898e+002 -1.524965898e+002 -2.0962e+000 +2.0166e+000 +2.9558e+000
102 0 +2.221076013e-001 -1.535678924e+002 -1.535678924e+002 -2.8058e+000 +2.1710e+000 +3.2736e+000
117 0 +1.474977591e-002 -1.537752502e+002 -1.537752502e+002 -1.8973e+000 +2.1578e+000 +3.5502e+000
139 0 +8.733632161e-004 -1.537891266e+002 -1.537891266e+002 -2.1948e+000 +2.2784e+000 +3.8221e+000
182 0 +6.797419871e-005 -1.537899320e+002 -1.537899320e+002 -2.1896e+000 +2.2581e+000 +3.6983e+000
189 0 +2.725956281e-005 -1.537899727e+002 -1.537899727e+002 -2.1102e+000 +2.2941e+000 +3.7697e+000
217 0 +2.606538285e-005 -1.537899739e+002 -1.537899739e+002 -2.1553e+000 +2.3053e+000 +3.7108e+000
219 0 +1.486441306e-006 -1.537899985e+002 -1.537899985e+002 -2.1483e+000 +2.2812e+000 +3.7287e+000
229 0 +7.522347403e-007 -1.537899992e+002 -1.537899992e+002 -2.1761e+000 +2.2993e+000 +3.7401e+000
231 0 +5.024109839e-007 -1.537899995e+002 -1.537899995e+002 -2.1557e+000 +2.2900e+000 +3.7244e+000
241 0 +1.498012807e-007 -1.537899999e+002 -1.537899999e+002 -2.1776e+000 +2.2955e+000 +3.7260e+000
243 0 +2.030498081e-008 -1.537900000e+002 -1.537900000e+002 -2.1799e+000 +2.2900e+000 +3.7235e+000
279 0 +1.222207402e-008 -1.537900000e+002 -1.537900000e+002 -2.1903e+000 +2.2955e+000 +3.7271e+000
285 0 +1.197582833e-008 -1.537900000e+002 -1.537900000e+002 -2.1970e+000 +2.2920e+000 +3.7289e+000
286 0 +5.789559054e-009 -1.537900000e+002 -1.537900000e+002 -2.1922e+000 +2.2915e+000 +3.7272e+000
% f evaluations | g evaluations | best noise-free fitness - Fopt (-4.860000000000e+001) + sum g_i+ | measured fitness | best measured fitness or single-digit g-values | x1 | x2...
1 0 +6.741907186e+000 -4.185809281e+001 -4.185809281e+001 -3.8928e+000 -3.2501e+000 +3.7592e-001
17 0 +6.135676813e+000 -4.246432319e+001 -4.246432319e+001 -1.9626e+000 +2.0461e+000 +1.4949e-001
37 0 +1.977951497e+000 -4.662204850e+001 -4.662204850e+001 -3.3638e+000 -2.6282e+000 +1.6443e-001
44 0 +2.252444945e-001 -4.837475551e+001 -4.837475551e+001 -1.9656e+000 -1.4551e+000 -2.9884e-002
107 0 +2.079005516e-002 -4.857920994e+001 -4.857920994e+001 -2.0706e+000 -1.6441e+000 -1.7038e-001
119 0 +3.395134490e-003 -4.859660487e+001 -4.859660487e+001 -2.1818e+000 -1.5234e+000 -7.5363e-002
252 0 +2.595378201e-003 -4.859740462e+001 -4.859740462e+001 -2.1678e+000 -1.2658e+000 -1.8756e-001
279 0 +9.501515382e-004 -4.859904985e+001 -4.859904985e+001 -2.1919e+000 -1.4630e+000 -2.1964e-001
289 0 +8.451142086e-004 -4.859915489e+001 -4.859915489e+001 -2.0994e+000 -1.2435e+000 -1.9782e-001
296 0 +5.153868188e-004 -4.859948461e+001 -4.859948461e+001 -2.0894e+000 -1.2305e+000 -1.7507e-001
300 0 +1.951297606e-005 -4.859998049e+001 -4.859998049e+001 -2.1626e+000 -1.4686e+000 -1.7026e-001
334 0 +1.758663963e-006 -4.859999824e+001 -4.859999824e+001 -2.2070e+000 -1.4900e+000 -1.2906e-001
345 0 +1.643150810e-006 -4.859999836e+001 -4.859999836e+001 -2.1759e+000 -1.4297e+000 -1.4062e-001
359 0 +4.274150811e-007 -4.859999957e+001 -4.859999957e+001 -2.1840e+000 -1.4577e+000 -1.4985e-001
379 0 +2.334827869e-007 -4.859999977e+001 -4.859999977e+001 -2.2062e+000 -1.4829e+000 -1.3438e-001
402 0 +1.417074316e-007 -4.859999986e+001 -4.859999986e+001 -2.1956e+000 -1.4610e+000 -1.3720e-001
406 0 +5.752342247e-008 -4.859999994e+001 -4.859999994e+001 -2.1921e+000 -1.4571e+000 -1.4757e-001
407 0 +1.545821249e-009 -4.860000000e+001 -4.860000000e+001 -2.2111e+000 -1.4752e+000 -1.3542e-001
% f evaluations | g evaluations | best noise-free fitness - Fopt (2.770000000000e+001) + sum g_i+ | measured fitness | best measured fitness or single-digit g-values | x1 | x2...
1 0 +2.148927635e+001 +4.918927635e+001 +4.918927635e+001 +2.0022e+000 -3.3486e+000 -4.5319e+000
4 0 +6.853013682e+000 +3.455301368e+001 +3.455301368e+001 -2.0341e+000 +4.9698e+000 +2.4145e+000
23 0 +2.400742757e+000 +3.010074276e+001 +3.010074276e+001 +3.5584e-001 +3.9113e+000 +1.8205e+000
38 0 +2.353738926e+000 +3.005373893e+001 +3.005373893e+001 -2.5469e+000 +3.3750e+000 +3.0205e+000
71 0 +2.200212124e+000 +2.990021212e+001 +2.990021212e+001 -2.6075e+000 +3.2187e+000 +2.4572e+000
110 0 +1.938552808e+000 +2.963855281e+001 +2.963855281e+001 -2.3741e+000 +3.4171e+000 +2.7801e+000
122 0 +1.699119733e+000 +2.939911973e+001 +2.939911973e+001 -2.0735e+000 +3.6400e+000 +2.3984e+000
138 0 +1.641372187e+000 +2.934137219e+001 +2.934137219e+001 -2.1081e+000 +3.5806e+000 +2.4562e+000
167 0 +1.412646522e+000 +2.911264652e+001 +2.911264652e+001 -2.3998e+000 +3.6520e+000 +2.4413e+000
205 0 +1.349927764e+000 +2.904992776e+001 +2.904992776e+001 -2.1800e+000 +3.7221e+000 +2.4959e+000
230 0 +1.324419686e+000 +2.902441969e+001 +2.902441969e+001 -2.3441e+000 +3.7765e+000 +2.6417e+000
241 0 +1.268085925e+000 +2.896808593e+001 +2.896808593e+001 -2.3202e+000 +3.7803e+000 +2.5841e+000
249 0 +1.245280942e+000 +2.894528094e+001 +2.894528094e+001 -2.3029e+000 +3.7393e+000 +2.5440e+000
1217 0 +5.411845545e-001 +2.824118455e+001 +2.824118455e+001 +3.2051e+000 -2.0082e-001 -1.0974e+000
1235 0 +1.357965486e-001 +2.783579655e+001 +2.783579655e+001 +3.6018e+000 -7.0066e-001 +2.3584e-001
1366 0 +3.666221418e-003 +2.770366622e+001 +2.770366622e+001 +3.9384e+000 -1.0092e-001 +2.3700e-001
1396 0 +3.607973192e-003 +2.770360797e+001 +2.770360797e+001 +3.5630e+000 -4.8432e-001 -2.0162e-001
1414 0 +3.436628628e-003 +2.770343663e+001 +2.770343663e+001 +3.8273e+000 -4.2670e-001 +1.6490e-001
1421 0 +8.306595706e-005 +2.770008307e+001 +2.770008307e+001 +3.7425e+000 -3.4889e-001 +1.0978e-001
1436 0 +3.577441394e-005 +2.770003577e+001 +2.770003577e+001 +3.7722e+000 -3.0632e-001 +1.4324e-001
1475 0 +2.118873148e-007 +2.770000021e+001 +2.770000021e+001 +3.7924e+000 -3.0480e-001 +1.1168e-001
1620 0 +2.969798985e-008 +2.770000003e+001 +2.770000003e+001 +3.7793e+000 -3.0644e-001 +8.9974e-002
1670 0 +1.052470111e-009 +2.770000000e+001 +2.770000000e+001 +3.7789e+000 -3.0684e-001 +9.4786e-002
% f evaluations | g evaluations | best noise-free fitness - Fopt (2.993000000000e+001) + sum g_i+ | measured fitness | best measured fitness or single-digit g-values | x1 | x2...
1 0 +4.785598406e+001 +7.778598406e+001 +7.778598406e+001 +2.9233e+000 +8.3073e-002 +2.4989e+000
2 0 +3.036249971e+001 +6.029249971e+001 +6.029249971e+001 +3.2770e+000 -1.3899e+000 -3.3667e+000
3 0 +2.531733941e+001 +5.524733941e+001 +5.524733941e+001 -2.6043e+000 +1.6282e+000 -4.7352e+000
6 0 +8.204646560e+000 +3.813464656e+001 +3.813464656e+001 +2.0605e+000 +3.4054e+000 -2.4482e+000
15 0 +2.272804520e+000 +3.220280452e+001 +3.220280452e+001 -1.6157e-001 +2.2877e+000 -7.5821e-001
99 0 +2.139229369e+000 +3.206922937e+001 +3.206922937e+001 -1.6157e-001 +2.2877e+000 -7.8965e-001
131 0 +2.088426172e+000 +3.201842617e+001 +3.201842617e+001 +4.1182e-001 +2.8290e+000 -1.2335e+000
195 0 +2.013230569e+000 +3.194323057e+001 +3.194323057e+001 +3.3306e-001 +2.9918e+000 -1.4078e+000
197 0 +1.431473949e+000 +3.136147395e+001 +3.136147395e+001 +3.4933e-001 +2.6946e+000 -9.3856e-001
265 0 +1.360523879e+000 +3.129052388e+001 +3.129052388e+001 +2.8256e-001 +2.6544e+000 -9.2064e-001
270 0 +1.327067833e+000 +3.125706783e+001 +3.125706783e+001 +1.4882e-001 +2.6239e+000 -1.0787e+000
280 0 +1.134775554e+000 +3.106477555e+001 +3.106477555e+001 +3.8141e-003 +2.6336e+000 -1.2209e+000
300 0 +1.104929765e+000 +3.103492977e+001 +3.103492977e+001 -4.8793e-001 +2.5259e+000 -1.5657e+000
311 0 +1.006152176e+000 +3.093615218e+001 +3.093615218e+001 -5.8001e-001 +2.6437e+000 -1.8377e+000
312 0 +9.360444794e-001 +3.086604448e+001 +3.086604448e+001 -6.7653e-001 +2.6083e+000 -1.9448e+000
326 0 +9.306601739e-001 +3.086066017e+001 +3.086066017e+001 -5.9355e-001 +2.6019e+000 -1.8370e+000
734 0 +4.178037191e-001 +3.034780372e+001 +3.034780372e+001 -3.5655e-001 +1.4186e+000 +1.6551e+000
736 0 +1.277324835e-001 +3.005773248e+001 +3.005773248e+001 -1.0821e+000 +1.4050e+000 +1.6902e+000
785 0 +4.262243852e-002 +2.997262244e+001 +2.997262244e+001 -1.1832e+000 +1.8911e+000 +1.6983e+000
798 0 +1.284121691e-002 +2.994284122e+001 +2.994284122e+001 -1.1716e+000 +1.7129e+000 +1.6573e+000
822 0 +9.447065729e-004 +2.993094471e+001 +2.993094471e+001 -8.7387e-001 +1.7082e+000 +1.8928e+000
849 0 +2.888426029e-004 +2.993028884e+001 +2.993028884e+001 -8.4698e-001 +1.6028e+000 +1.7997e+000
856 0 +3.015939927e-005 +2.993003016e+001 +2.993003016e+001 -9.1223e-001 +1.6534e+000 +1.8287e+000
877 0 +3.980958851e-007 +2.993000040e+001 +2.993000040e+001 -9.6681e-001 +1.6853e+000 +1.8339e+000
926 0 +2.902198162e-007 +2.993000029e+001 +2.993000029e+001 -9.8557e-001 +1.6811e+000 +1.8089e+000
944 0 +4.276369481e-009 +2.993000000e+001 +2.993000000e+001 -9.9378e-001 +1.7008e+000 +1.8272e+000
% f evaluations | g evaluations | best noise-free fitness - Fopt (-1.983000000000e+001) + sum g_i+ | measured fitness | best measured fitness or single-digit g-values | x1 | x2...
1 0 +2.030369678e+001 +4.736967823e-001 +4.736967823e-001 -4.0114e+000 -1.5228e+000 -3.0488e+000
3 0 +1.831586815e+001 -1.514131854e+000 -1.514131854e+000 -1.1034e+000 +3.5073e+000 +1.9840e+000
6 0 +9.641299096e-001 -1.886587009e+001 -1.886587009e+001 -4.2337e+000 -1.8827e+000 +9.8612e-003
224 0 +7.004599729e-001 -1.912954003e+001 -1.912954003e+001 -4.6168e+000 -1.3471e+000 -6.3291e-001
2549 0 +4.557273502e-001 -1.937427265e+001 -1.937427265e+001 +3.9070e-001 +1.3302e+000 +1.0668e+000
2723 0 +3.906253936e-001 -1.943937461e+001 -1.943937461e+001 +2.5094e-001 +1.0367e+000 +9.7093e-001
2773 0 +1.020517386e-001 -1.972794826e+001 -1.972794826e+001 +3.0650e-001 +1.4214e+000 +9.0406e-001
2811 0 +1.833152415e-002 -1.981166848e+001 -1.981166848e+001 +5.7264e-001 +1.6604e+000 +2.9822e-001
2842 0 +6.295220608e-003 -1.982370478e+001 -1.982370478e+001 +8.7090e-002 +1.4016e+000 +8.1056e-001
2941 0 +9.621056377e-004 -1.982903789e+001 -1.982903789e+001 +3.5589e-001 +1.5376e+000 +5.7425e-001
3027 0 +1.116964745e-004 -1.982988830e+001 -1.982988830e+001 +3.1408e-001 +1.4073e+000 +6.2990e-001
3042 0 +7.836798299e-005 -1.982992163e+001 -1.982992163e+001 +2.5345e-001 +1.4592e+000 +6.4072e-001
3058 0 +2.241049445e-005 -1.982997759e+001 -1.982997759e+001 +2.6353e-001 +1.4455e+000 +6.2187e-001
3107 0 +2.145375156e-005 -1.982997855e+001 -1.982997855e+001 +3.8946e-001 +1.4334e+000 +6.1714e-001
3125 0 +2.246906057e-007 -1.982999978e+001 -1.982999978e+001 +3.7775e-001 +1.4691e+000 +5.6291e-001
3156 0 +1.801410932e-008 -1.982999998e+001 -1.982999998e+001 +3.6858e-001 +1.4682e+000 +5.7544e-001
3166 0 +1.327116195e-010 -1.983000000e+001 -1.983000000e+001 +3.7237e-001 +1.4607e+000 +5.7971e-001
