% f evaluations | g evaluations | best noise-free fitness - Fopt (-1.694000000000e+001) + sum g_i+ | measured fitness | best measured fitness or single-digit g-values | x1 | x2...
1 0 +1.550529459e+001 -1.434705411e+000 -1.434705411e+000 +2.3115e+000 +4.6349e+000 +5.1013e-001
4 0 +1.085991628e+001 -6.080083722e+000 -6.080083722e+000 +7.8334e-001 -1.1193e+000 -2.5181e-002
9 0 +3.905089083e+000 -1.303491092e+001 -1.303491092e+001 +3.1316e+000 +1.0874e+000 -2.5507e+000
38 0 +2.525762221e+000 -1.441423778e+001 -1.441423778e+001 +2.7137e+000 +1.2320e+000 -1.4159e+000
73 0 +1.342996742e+000 -1.559700326e+001 -1.559700326e+001 +3.5911e+000 +3.1447e+000 -1.5196e+000
110 0 +1.291425578e+000 -1.564857442e+001 -1.564857442e+001 +4.3544e+000 +3.3388e+000 -1.6200e+000
112 0 +4.403260442e-001 -1.649967396e+001 -1.649967396e+001 +3.4059e+000 +2.4740e+000 -1.2636e+000
113 0 +3.677114907e-001 -1.657228851e+001 -1.657228851e+001 +3.5949e+000 +2.5109e+000 -1.5624e+000
191 0 +3.413660803e-001 -1.659863392e+001 -1.659863392e+001 +3.8166e+000 +2.7258e+000 -1.6815e+000
204 0 +9.830370984e-002 -1.684169629e+001 -1.684169629e+001 +3.6268e+000 +2.6156e+000 -1.5223e+000
262 0 +7.860854904e-002 -1.686139145e+001 -1.686139145e+001 +3.5663e+000 +2.5045e+000 -1.4668e+000
308 0 +7.535904533e-002 -1.686464095e+001 -1.686464095e+001 +3.6126e+000 +2.5589e+000 -1.4946e+000
321 0 +5.761081864e-002 -1.688238918e+001 -1.688238918e+001 +3.6771e+000 +2.5669e+000 -1.5373e+000
336 0 +4.065383623e-002 -1.689934616e+001 -1.689934616e+001 +3.6249e+000 +2.5432e+000 -1.5105e+000
352 0 +2.828877599e-002 -1.691171122e+001 -1.691171122e+001 +3.6541e+000 +2.5524e+000 -1.5242e+000
418 0 +2.638957612e-002 -1.691361042e+001 -1.691361042e+001 +3.6492e+000 +2.5406e+000 -1.5298e+000
426 0 +2.126567114e-002 -1.691873433e+001 -1.691873433e+001 +3.6555e+000 +2.5483e+000 -1.5370e+000
472 0 +2.035916147e-002 -1.691964084e+001 -1.691964084e+001 +3.6483e+000 +2.5531e+000 -1.5377e+000
474 0 +1.275175593e-002 -1.692724824e+001 -1.692724824e+001 +3.6555e+000 +2.5447e+000 -1.5260e+000
489 0 +1.724972721e-003 -1.693827503e+001 -1.693827503e+001 +3.6551e+000 +2.5490e+000 -1.5290e+000
617 0 +1.265144771e-003 -1.693873486e+001 -1.693873486e+001 +3.6564e+000 +2.5497e+000 -1.5302e+000
627 0 +1.095087865e-003 -1.693890491e+001 -1.693890491e+001 +3.6557e+000 +2.5492e+000 -1.5293e+000
628 0 +8.179346004e-004 -1.693918207e+001 -1.693918207e+001 +3.6567e+000 +2.5502e+000 -1.5302e+000
664 0 +7.015021127e-004 -1.693929850e+001 -1.693929850e+001 +3.6563e+000 +2.5502e+000 -1.5299e+000
675 0 +6.186681335e-004 -1.693938133e+001 -1.693938133e+001 +3.6558e+000 +2.5496e+000 -1.5299e+000
699 0 +5.644274314e-004 -1.693943557e+001 -1.693943557e+001 +3.6558e+000 +2.5496e+000 -1.5298e+000
735 0 +3.649601162e-004 -1.693963504e+001 -1.693963504e+001 +3.6558e+000 +2.5496e+000 -1.5298e+000
769 0 +2.358367532e-004 -1.693976416e+001 -1.693976416e+001 +3.6560e+000 +2.5498e+000 -1.5296e+000
813 0 +2.095424155e-004 -1.693979046e+001 -1.693979046e+001 +3.6561e+000 +2.5497e+000 -1.5297e+000
815 0 +1.492263396e-004 -1.693985077e+001 -1.693985077e+001 +3.6561e+000 +2.5498e+000 -1.5297e+000
851 0 +1.275122900e-004 -1.693987249e+001 -1.693987249e+001 +3.6561e+000 +2.5498e+000 -1.5297e+000
862 0 +1.077829316e-004 -1.693989222e+001 -1.693989222e+001 +3.6561e+000 +2.5498e+000 -1.5297e+000
905 0 +9.191459916e-005 -1.693990809e+001 -1.693990809e+001 +3.6561e+000 +2.5498e+000 -1.5297e+000
957 0 +9.045195174e-005 -1.693990955e+001 -1.693990955e+001 +3.6561e+000 +2.5498e+000 -1.5297e+000
984 0 +7.926714534e-005 -1.693992073e+001 -1.693992073e+001 +3.6561e+000 +2.5498e+000 -1.5297e+000
994 0 +6.744836421e-005 -1.693993255e+001 -1.693993255e+001 +3.6561e+000 +2.5498e+000 -1.5297e+000
1036 0 +6.351164210e-005 -1.693993649e+001 -1.693993649e+001 +3.6561e+000 +2.5498e+000 -1.5297e+000
1049 0 +6.308396499e-005 -1.693993692e+001 -1.693993692e+001 +3.6561e+000 +2.5498e+000 -1.5297e+000
1157 0 +6.043276183e-005 -1.693993957e+001 -1.693993957e+001 +3.6561e+000 +2.5498e+000 -1.5297e+000
1182 0 +5.939636260e-005 -1.693994060e+001 -1.693994060e+001 +3.6561e+000 +2.5498e+000 -1.5297e+000
1243 0 +5.873325377e-005 -1.693994127e+001 -1.693994127e+001 +3.6561e+000 +2.5497e+000 -1.5297e+000
1472 0 +5.753981722e-005 -1.693994246e+001 -1.693994246e+001 +3.6561e+000 +2.5498e+000 -1.5297e+000
4369 0 +5.619464402e-005 -1.693994381e+001 -1.693994381e+001 +3.6560e+000 +2.5496e+000 -1.5296e+000
4443 0 +2.965119073e-005 -1.693997035e+001 -1.693997035e+001 +3.6560e+000 +2.5496e+000 -1.5296e+000
4606 0 +2.616667261e-005 -1.693997383e+001 -1.693997383e+001 +3.6560e+000 +2.5496e+000 -1.5296e+000
4664 0 +2.208762026e-005 -1.693997791e+001 -1.693997791e+001 +3.6560e+000 +2.5496e+000 -1.5296e+000
4675 0 +1.551825758e-005 -1.693998448e+001 -1.693998448e+001 +3.6560e+000 +2.5496e+000 -1.5296e+000
4747 0 +1.414819779e-005 -1.693998585e+001 -1.693998585e+001 +3.6560e+000 +2.5496e+000 -1.5296e+000
4764 0 +1.410102441e-005 -1.693998590e+001 -1.693998590e+001 +3.6560e+000 +2.5496e+000 -1.5296e+000
4795 0 +1.030969732e-005 -1.693998969e+001 -1.693998969e+001 +3.6560e+000 +2.5496e+000 -1.5296e+000
4842 0 +9.604628683e-006 -1.693999040e+001 -1.693999040e+001 +3.6560e+000 +2.5496e+000 -1.5296e+000
4869 0 +6.501035418e-006 -1.693999350e+001 -1.693999350e+001 +3.6560e+000 +2.5496e+000 -1.5296e+000
4889 0 +4.853025558e-006 -1.693999515e+001 -1.693999515e+001 +3.6560e+000 +2.5496e+000 -1.5296e+000
4910 0 +3.372418082e-006 -1.693999663e+001 -1.693999663e+001 +3.6560e+000 +2.5496e+000 -1.5296e+000
4922 0 +2.042605846e-006 -1.693999796e+001 -1.693999796e+001 +3.6560e+000 +2.5496e+000 -1.5296e+000
4933 0 +1.096421791e-006 -1.693999890e+001 -1.693999890e+001 +3.6560e+000 +2.5496e+000 -1.5296e+000
4938 0 +8.912578728e-007 -1.693999911e+001 -1.693999911e+001 +3.6560e+000 +2.5496e+000 -1.5296e+000
4939 0 +8.677379597e-007 -1.693999913e+001 -1.693999913e+001 +3.6560e+000 +2.5496e+000 -1.5296e+000
4941 0 +7.834203899e-007 -1.693999922e+001 -1.693999922e+001 +3.6560e+000 +2.5496e+000 -1.5296e+000
4950 0 +6.164738053e-007 -1.693999938e+001 -1.693999938e+001 +3.6560e+000 +2.5496e+000 -1.5296e+000
4960 0 +4.582585440e-007 -1.693999954e+001 -1.693999954e+001 +3.6560e+000 +2.5496e+000 -1.5296e+000
4977 0 +3.539154960e-007 -1.693999965e+001 -1.693999965e+001 +3.6560e+000 +2.5496e+000 -1.5296e+000
4979 0 +3.103333626e-007 -1.693999969e+001 -1.693999969e+001 +3.6560e+000 +2.5496e+000 -1.5296e+000
5032 0 +2.778611368e-007 -1.693999972e+001 -1.693999972e+001 +3.6560e+000 +2.5496e+000 -1.5296e+000
5046 0 +1.943645351e-007 -1.693999981e+001 -1.693999981e+001 +3.6560e+000 +2.5496e+000 -1.5296e+000
5048 0 +1.788668875e-007 -1.693999982e+001 -1.693999982e+001 +3.6560e+000 +2.5496e+000 -1.5296e+000
5052 0 +1.033795343e-007 -1.693999990e+001 -1.693999990e+001 +3.6560e+000 +2.5496e+000 -1.5296e+000
5060 0 +4.526375363e-008 -1.693999995e+001 -1.693999995e+001 +3.6560e+000 +2.5496e+000 -1.5296e+000
5145 0 +3.176055330e-008 -1.693999997e+001 -1.693999997e+001 +3.6560e+000 +2.5496e+000 -1.5296e+000
5171 0 +2.558677181e-008 -1.693999997e+001 -1.693999997e+001 +3.6560e+000 +2.5496e+000 -1.5296e+000
5182 0 +2.273591093e-008 -1.693999998e+001 -1.693999998e+001 +3.6560e+000 +2.5496e+000 -1.5296e+000
5198 0 +1.723263310e-008 -1.693999998e+001 -1.693999998e+001 +3.6560e+000 +2.5496e+000 -1.5296e+000
5207 0 +4.532665798e-009 -1.694000000e+001 -1.694000000e+001 +3.6560e+000 +2.5496e+000 -1.5296e+000
% f evaluations | g evaluations | best noise-free fitness - Fopt (1.881000000000e+001) + sum g_i+ | measured fitness | best measured fitness or single-digit g-values | x1 | x2...
1 0 +1.206744086e+001 +3.087744086e+001 +3.087744086e+001 -1.7163e+000 -3.6316e+000 -3.4164e+000
3 0 +5.539633403e+000 +2.434963340e+001 +2.434963340e+001 +2.7775e+000 +2.7831e+000 -2.5365e+000
15 0 +5.345526566e+000 +2.415552657e+001 +2.415552657e+001 +2.6997e+000 +2.7910e+000 -2.6314e+000
33 0 +4.889037596e+000 +2.369903760e+001 +2.369903760e+001 +1.2512e+000 +1.2653e+000 -1.2874e+000
36 0 +3.331815606e+000 +2.214181561e+001 +2.214181561e+001 -4.6900e-001 +2.3216e+000 -7.8465e-001
64 0 +1.314785077e+000 +2.012478508e+001 +2.012478508e+001 +2.7290e-001 +1.9747e+000 -1.3882e+000
93 0 +1.216265080e+000 +2.002626508e+001 +2.002626508e+001 -5.5800e-002 +1.6505e+000 -1.3463e-001
111 0 +9.795284744e-001 +1.978952847e+001 +1.978952847e+001 -6.1576e-001 +1.9417e+000 -1.2269e+000
136 0 +6.838018661e-001 +1.949380187e+001 +1.949380187e+001 +9.6737e-002 +1.9905e+000 -8.4952e-001
160 0 +2.449378636e-001 +1.905493786e+001 +1.905493786e+001 -3.8234e-001 +1.6422e+000 -7.2023e-001
168 0 +2.292003884e-001 +1.903920039e+001 +1.903920039e+001 -2.4413e-004 +1.8965e+000 -9.6231e-001
177 0 +1.925655495e-001 +1.900256555e+001 +1.900256555e+001 -9.1475e-002 +1.8000e+000 -8.5265e-001
185 0 +3.636252273e-002 +1.884636252e+001 +1.884636252e+001 -1.5964e-001 +1.7985e+000 -8.3520e-001
265 0 +3.172802295e-002 +1.884172802e+001 +1.884172802e+001 -1.6921e-001 +1.8066e+000 -8.3369e-001
278 0 +1.586323035e-002 +1.882586323e+001 +1.882586323e+001 -1.8847e-001 +1.7779e+000 -8.1022e-001
279 0 +1.365049345e-002 +1.882365049e+001 +1.882365049e+001 -2.0209e-001 +1.7727e+000 -8.1098e-001
318 0 +4.741599190e-003 +1.881474160e+001 +1.881474160e+001 -1.8916e-001 +1.7809e+000 -8.2122e-001
347 0 +3.258237928e-003 +1.881325824e+001 +1.881325824e+001 -1.9331e-001 +1.7799e+000 -8.1955e-001
414 0 +2.018748693e-003 +1.881201875e+001 +1.881201875e+001 -1.9136e-001 +1.7810e+000 -8.2211e-001
443 0 +1.528384111e-003 +1.881152838e+001 +1.881152838e+001 -1.9065e-001 +1.7814e+000 -8.2259e-001
505 0 +7.256619101e-004 +1.881072566e+001 +1.881072566e+001 -1.9113e-001 +1.7810e+000 -8.2236e-001
524 0 +5.210145071e-004 +1.881052101e+001 +1.881052101e+001 -1.9123e-001 +1.7809e+000 -8.2252e-001
572 0 +4.480240980e-004 +1.881044802e+001 +1.881044802e+001 -1.9097e-001 +1.7808e+000 -8.2260e-001
580 0 +3.584426707e-004 +1.881035844e+001 +1.881035844e+001 -1.9136e-001 +1.7808e+000 -8.2264e-001
617 0 +2.518909607e-004 +1.881025189e+001 +1.881025189e+001 -1.9139e-001 +1.7808e+000 -8.2233e-001
662 0 +1.608333236e-004 +1.881016083e+001 +1.881016083e+001 -1.9125e-001 +1.7808e+000 -8.2242e-001
671 0 +5.308397500e-005 +1.881005308e+001 +1.881005308e+001 -1.9121e-001 +1.7808e+000 -8.2239e-001
719 0 +3.044896996e-005 +1.881003045e+001 +1.881003045e+001 -1.9123e-001 +1.7808e+000 -8.2239e-001
823 0 +3.014567780e-005 +1.881003015e+001 +1.881003015e+001 -1.9122e-001 +1.7808e+000 -8.2239e-001
895 0 +2.908662472e-005 +1.881002909e+001 +1.881002909e+001 -1.9122e-001 +1.7808e+000 -8.2239e-001
950 0 +2.656672099e-005 +1.881002657e+001 +1.881002657e+001 -1.9118e-001 +1.7808e+000 -8.2241e-001
955 0 +2.193168367e-005 +1.881002193e+001 +1.881002193e+001 -1.9121e-001 +1.7808e+000 -8.2240e-001
957 0 +1.846337426e-005 +1.881001846e+001 +1.881001846e+001 -1.9120e-001 +1.7808e+000 -8.2240e-001
960 0 +1.538764221e-005 +1.881001539e+001 +1.881001539e+001 -1.9120e-001 +1.7808e+000 -8.2240e-001
1029 0 +1.200859157e-005 +1.881001201e+001 +1.881001201e+001 -1.9120e-001 +1.7808e+000 -8.2240e-001
1040 0 +4.563449505e-006 +1.881000456e+001 +1.881000456e+001 -1.9120e-001 +1.7808e+000 -8.2240e-001
1100 0 +3.176782659e-006 +1.881000318e+001 +1.881000318e+001 -1.9120e-001 +1.7808e+000 -8.2240e-001
1136 0 +2.173566465e-006 +1.881000217e+001 +1.881000217e+001 -1.9120e-001 +1.7808e+000 -8.2240e-001
1138 0 +1.973818101e-006 +1.881000197e+001 +1.881000197e+001 -1.9120e-001 +1.7808e+000 -8.2240e-001
1155 0 +2.353311821e-007 +1.881000024e+001 +1.881000024e+001 -1.9120e-001 +1.7808e+000 -8.2240e-001
1189 0 +1.337012989e-007 +1.881000013e+001 +1.881000013e+001 -1.9120e-001 +1.7808e+000 -8.2240e-001
1277 0 +1.099595437e-007 +1.881000011e+001 +1.881000011e+001 -1.9120e-001 +1.7808e+000 -8.2240e-001
1281 0 +8.736288848e-008 +1.881000009e+001 +1.881000009e+001 -1.9120e-001 +1.7808e+000 -8.2240e-001
1292 0 +1.169116715e-008 +1.881000001e+001 +1.881000001e+001 -1.9120e-001 +1.7808e+000 -8.2240e-001
1411 0 +9.181150062e-009 +1.881000001e+001 +1.881000001e+001 -1.9120e-001 +1.7808e+000 -8.2240e-001
% f evaluations | g evaluations | best noise-free fitness - Fopt (2.731500000000e+002) + sum g_i+ | measured fitness | best measured fitness or single-digit g-values | x1 | x2...
1 0 +2.010138737e+001 +2.932513874e+002 +2.932513874e+002 -1.1882e+000 +3.6645e+000 -1.9995e+000
13 0 +1.216249584e+001 +2.853124958e+002 +2.853124958e+002 -1.1883e+000 +4.4631e+000 -1.4969e+000
21 0 +4.849459310e+000 +2.779994593e+002 +2.779994593e+002 -4.1422e+000 +4.6153e+000 +1.5561e+000
46 0 +2.498746855e+000 +2.756487469e+002 +2.756487469e+002 -3.1242e+000 +3.1306e+000 -1.2464e+000
54 0 +1.966744093e+000 +2.751167441e+002 +2.751167441e+002 -2.8265e+000 +4.9577e+000 +3.0660e-001
77 0 +1.181316698e+000 +2.743313167e+002 +2.743313167e+002 -2.9405e+000 +4.6514e+000 -4.5455e-001
89 0 +1.088475767e+000 +2.742384758e+002 +2.742384758e+002 -2.9221e+000 +4.8826e+000 -3.8442e-001
94 0 +7.990359170e-001 +2.739490359e+002 +2.739490359e+002 -3.1093e+000 +4.6503e+000 -5.7108e-001
132 0 +4.127563980e-001 +2.735627564e+002 +2.735627564e+002 -3.5278e+000 +3.7115e+000 -5.6685e-001
179 0 +3.502790155e-001 +2.735002790e+002 +2.735002790e+002 -3.5688e+000 +3.4666e+000 -4.9064e-001
184 0 +1.802955600e-001 +2.733302956e+002 +2.733302956e+002 -3.6204e+000 +3.5756e+000 -4.9704e-001
196 0 +1.446034063e-001 +2.732946034e+002 +2.732946034e+002 -3.5602e+000 +3.6860e+000 -5.0259e-001
227 0 +1.129654787e-001 +2.732629655e+002 +2.732629655e+002 -3.5679e+000 +3.7971e+000 -4.7294e-001
245 0 +3.049757148e-002 +2.731804976e+002 +2.731804976e+002 -3.6098e+000 +3.7042e+000 -4.8190e-001
305 0 +1.374980149e-002 +2.731637498e+002 +2.731637498e+002 -3.5875e+000 +3.7509e+000 -4.7890e-001
406 0 +8.617378498e-003 +2.731586174e+002 +2.731586174e+002 -3.5815e+000 +3.7585e+000 -4.8065e-001
425 0 +7.581330583e-003 +2.731575813e+002 +2.731575813e+002 -3.5804e+000 +3.7564e+000 -4.7881e-001
449 0 +6.021982119e-003 +2.731560220e+002 +2.731560220e+002 -3.5793e+000 +3.7501e+000 -4.7695e-001
450 0 +5.408339833e-003 +2.731554083e+002 +2.731554083e+002 -3.5808e+000 +3.7553e+000 -4.7879e-001
463 0 +2.047923954e-003 +2.731520479e+002 +2.731520479e+002 -3.5779e+000 +3.7564e+000 -4.7763e-001
485 0 +9.888816724e-004 +2.731509889e+002 +2.731509889e+002 -3.5790e+000 +3.7545e+000 -4.7823e-001
583 0 +5.469807269e-004 +2.731505470e+002 +2.731505470e+002 -3.5790e+000 +3.7533e+000 -4.7835e-001
633 0 +4.951987174e-004 +2.731504952e+002 +2.731504952e+002 -3.5791e+000 +3.7535e+000 -4.7850e-001
641 0 +3.584944787e-004 +2.731503585e+002 +2.731503585e+002 -3.5790e+000 +3.7538e+000 -4.7832e-001
669 0 +3.184965057e-004 +2.731503185e+002 +2.731503185e+002 -3.5792e+000 +3.7535e+000 -4.7834e-001
689 0 +2.521152651e-004 +2.731502521e+002 +2.731502521e+002 -3.5792e+000 +3.7537e+000 -4.7827e-001
717 0 +2.309637993e-004 +2.731502310e+002 +2.731502310e+002 -3.5793e+000 +3.7536e+000 -4.7831e-001
743 0 +1.253383381e-004 +2.731501253e+002 +2.731501253e+002 -3.5793e+000 +3.7534e+000 -4.7842e-001
789 0 +1.112165235e-004 +2.731501112e+002 +2.731501112e+002 -3.5792e+000 +3.7535e+000 -4.7836e-001
882 0 +1.082139697e-004 +2.731501082e+002 +2.731501082e+002 -3.5791e+000 +3.7536e+000 -4.7836e-001
939 0 +7.825280846e-005 +2.731500783e+002 +2.731500783e+002 -3.5791e+000 +3.7536e+000 -4.7836e-001
1019 0 +3.238003251e-005 +2.731500324e+002 +2.731500324e+002 -3.5792e+000 +3.7536e+000 -4.7839e-001
1020 0 +2.894290492e-005 +2.731500289e+002 +2.731500289e+002 -3.5792e+000 +3.7536e+000 -4.7841e-001
1026 0 +2.473158116e-005 +2.731500247e+002 +2.731500247e+002 -3.5792e+000 +3.7536e+000 -4.7840e-001
1043 0 +2.135209922e-005 +2.731500214e+002 +2.731500214e+002 -3.5792e+000 +3.7536e+000 -4.7839e-001
1044 0 +1.886853397e-005 +2.731500189e+002 +2.731500189e+002 -3.5792e+000 +3.7536e+000 -4.7840e-001
1048 0 +1.498959818e-005 +2.731500150e+002 +2.731500150e+002 -3.5792e+000 +3.7536e+000 -4.7840e-001
1064 0 +1.214707163e-005 +2.731500121e+002 +2.731500121e+002 -3.5792e+000 +3.7536e+000 -4.7840e-001
1098 0 +7.691291898e-006 +2.731500077e+002 +2.731500077e+002 -3.5792e+000 +3.7536e+000 -4.7840e-001
1154 0 +7.367447665e-006 +2.731500074e+002 +2.731500074e+002 -3.5792e+000 +3.7536e+000 -4.7840e-001
1187 0 +1.632402416e-006 +2.731500016e+002 +2.731500016e+002 -3.5792e+000 +3.7536e+000 -4.7840e-001
1189 0 +1.460998419e-006 +2.731500015e+002 +2.731500015e+002 -3.5792e+000 +3.7536e+000 -4.7840e-001
1197 0 +1.365928085e-006 +2.731500014e+002 +2.731500014e+002 -3.5792e+000 +3.7536e+000 -4.7840e-001
1247 0 +7.711975627e-007 +2.731500008e+002 +2.731500008e+002 -3.5792e+000 +3.7536e+000 -4.7840e-001
1272 0 +7.583883530e-007 +2.731500008e+002 +2.731500008e+002 -3.5792e+000 +3.7536e+000 -4.7840e-001
1287 0 +6.503194072e-007 +2.731500007e+002 +2.731500007e+002 -3.5792e+000 +3.7536e+000 -4.7840e-001
1296 0 +5.737005040e-007 +2.731500006e+002 +2.731500006e+002 -3.5792e+000 +3.7536e+000 -4.7840e-001
1298 0 +5.430162560e-007 +2.731500005e+002 +2.731500005e+002 -3.5792e+000 +3.7536e+000 -4.7840e-001
1302 0 +5.281740982e-007 +2.731500005e+002 +2.731500005e+002 -3.5792e+000 +3.7536e+000 -4.7840e-001
1306 0 +4.164142524e-007 +2.731500004e+002 +2.731500004e+002 -3.5792e+000 +3.7536e+000 -4.7840e-001
1309 0 +3.349349527e-007 +2.731500003e+002 +2.731500003e+002 -3.5792e+000 +3.7536e+000 -4.7840e-001
1342 0 +3.154398200e-007 +2.731500003e+002 +2.731500003e+002 -3.5792e+000 +3.7536e+000 -4.7840e-001
1361 0 +2.528760774e-007 +2.731500003e+002 +2.731500003e+002 -3.5792e+000 +3.7536e+000 -4.7840e-001
1364 0 +2.192874717e-007 +2.731500002e+002 +2.731500002e+002 -3.5792e+000 +3.7536e+000 -4.7840e-001
1379 0 +7.589716233e-008 +2.731500001e+002 +2.731500001e+002 -3.5792e+000 +3.7536e+000 -4.7840e-001
1409 0 +3.389402536e-008 +2.731500000e+002 +2.731500000e+002 -3.5792e+000 +3.7536e+000 -4.7840e-001
1443 0 +3.045977337e-008 +2.731500000e+002 +2.731500000e+002 -3.5792e+000 +3.7536e+000 -4.7840e-001
1449 0 +1.784917458e-008 +2.731500000e+002 +2.731500000e+002 -3.5792e+000 +3.7536e+000 -4.7840e-001
1494 0 +1.452087872e-008 +2.731500000e+002 +2.731500000e+002 -3.5792e+000 +3.7536e+000 -4.7840e-001
1518 0 +6.941718311e-009 +2.731500000e+002 +2.731500000e+002 -3.5792e+000 +3.7536e+000 -4.7840e-001
% f evaluations | g evaluations | best noise-free fitness - Fopt (3.718000000000e+001) + sum g_i+ | measured fitness | best measured fitness or single-digit g-values | x1 | x2...
1 0 +6.819481263e+000 +4.399948126e+001 +4.399948126e+001 -4.8941e+000 +1.3049e+000 +2.8809e+000
10 0 +2.921624496e+000 +4.010162450e+001 +4.010162450e+001 -3.0150e+000 +6.7946e-001 +2.4132e+000
44 0 +2.071831816e+000 +3.925183182e+001 +3.925183182e+001 -2.8194e+000 +1.6761e+000 +2.2115e+000
57 0 +1.318903668e+000 +3.849890367e+001 +3.849890367e+001 -2.5787e+000 +2.0297e+000 +1.8931e+000
85 0 +6.441554577e-001 +3.782415546e+001 +3.782415546e+001 -3.8557e+000 +1.6501e+000 +2.2110e+000
141 0 +4.515639104e-001 +3.763156391e+001 +3.763156391e+001 -3.6966e+000 +2.3098e+000 +1.9462e+000
145 0 +3.552440288e-001 +3.753524403e+001 +3.753524403e+001 -3.8525e+000 +1.7606e+000 +2.1550e+000
215 0 +2.179007107e-001 +3.739790071e+001 +3.739790071e+001 -4.0126e+000 +1.9500e+000 +2.0333e+000
255 0 +1.763607542e-001 +3.735636075e+001 +3.735636075e+001 -3.9682e+000 +1.9993e+000 +1.9676e+000
256 0 +1.371061908e-001 +3.731710619e+001 +3.731710619e+001 -3.8980e+000 +2.0835e+000 +2.0166e+000
259 0 +1.178804131e-001 +3.729788041e+001 +3.729788041e+001 -3.9316e+000 +2.0353e+000 +1.9824e+000
283 0 +1.015978814e-001 +3.728159788e+001 +3.728159788e+001 -3.8055e+000 +2.1101e+000 +2.0468e+000
299 0 +2.773150254e-002 +3.720773150e+001 +3.720773150e+001 -3.8942e+000 +2.0695e+000 +2.0329e+000
323 0 +2.515360324e-002 +3.720515360e+001 +3.720515360e+001 -3.9074e+000 +2.0636e+000 +2.0456e+000
342 0 +2.192949077e-002 +3.720192949e+001 +3.720192949e+001 -3.8881e+000 +2.0701e+000 +2.0456e+000
358 0 +1.534965430e-002 +3.719534965e+001 +3.719534965e+001 -3.8974e+000 +2.0671e+000 +2.0417e+000
382 0 +1.413908167e-002 +3.719413908e+001 +3.719413908e+001 -3.8974e+000 +2.0634e+000 +2.0417e+000
390 0 +1.244074130e-002 +3.719244074e+001 +3.719244074e+001 -3.8970e+000 +2.0671e+000 +2.0393e+000
392 0 +7.613522765e-003 +3.718761352e+001 +3.718761352e+001 -3.8990e+000 +2.0629e+000 +2.0438e+000
394 0 +5.868757380e-003 +3.718586876e+001 +3.718586876e+001 -3.8911e+000 +2.0634e+000 +2.0401e+000
483 0 +5.406867552e-003 +3.718540687e+001 +3.718540687e+001 -3.8972e+000 +2.0623e+000 +2.0382e+000
517 0 +4.523429716e-003 +3.718452343e+001 +3.718452343e+001 -3.9000e+000 +2.0617e+000 +2.0385e+000
534 0 +3.512540273e-003 +3.718351254e+001 +3.718351254e+001 -3.8989e+000 +2.0609e+000 +2.0400e+000
546 0 +3.130048966e-003 +3.718313005e+001 +3.718313005e+001 -3.8991e+000 +2.0609e+000 +2.0415e+000
576 0 +3.071437244e-003 +3.718307144e+001 +3.718307144e+001 -3.8985e+000 +2.0610e+000 +2.0417e+000
601 0 +2.987488659e-003 +3.718298749e+001 +3.718298749e+001 -3.9000e+000 +2.0611e+000 +2.0400e+000
602 0 +2.767132484e-003 +3.718276713e+001 +3.718276713e+001 -3.8970e+000 +2.0610e+000 +2.0404e+000
605 0 +2.411659116e-003 +3.718241166e+001 +3.718241166e+001 -3.9003e+000 +2.0598e+000 +2.0405e+000
609 0 +1.962516611e-003 +3.718196252e+001 +3.718196252e+001 -3.8989e+000 +2.0613e+000 +2.0402e+000
701 0 +1.527282595e-003 +3.718152728e+001 +3.718152728e+001 -3.9003e+000 +2.0602e+000 +2.0401e+000
720 0 +8.535530341e-004 +3.718085355e+001 +3.718085355e+001 -3.8985e+000 +2.0601e+000 +2.0399e+000
778 0 +7.700105478e-004 +3.718077001e+001 +3.718077001e+001 -3.8985e+000 +2.0602e+000 +2.0400e+000
790 0 +7.186310568e-004 +3.718071863e+001 +3.718071863e+001 -3.8981e+000 +2.0603e+000 +2.0401e+000
820 0 +6.383519457e-004 +3.718063835e+001 +3.718063835e+001 -3.8984e+000 +2.0603e+000 +2.0401e+000
834 0 +4.416377546e-004 +3.718044164e+001 +3.718044164e+001 -3.8989e+000 +2.0600e+000 +2.0401e+000
843 0 +2.406896813e-004 +3.718024069e+001 +3.718024069e+001 -3.8992e+000 +2.0601e+000 +2.0400e+000
871 0 +1.773084296e-004 +3.718017731e+001 +3.718017731e+001 -3.8992e+000 +2.0600e+000 +2.0400e+000
915 0 +1.347807075e-004 +3.718013478e+001 +3.718013478e+001 -3.8992e+000 +2.0601e+000 +2.0400e+000
921 0 +1.117220923e-004 +3.718011172e+001 +3.718011172e+001 -3.8992e+000 +2.0600e+000 +2.0400e+000
943 0 +7.650120396e-005 +3.718007650e+001 +3.718007650e+001 -3.8992e+000 +2.0600e+000 +2.0400e+000
967 0 +4.771347754e-005 +3.718004771e+001 +3.718004771e+001 -3.8992e+000 +2.0600e+000 +2.0400e+000
1012 0 +3.940079726e-005 +3.718003940e+001 +3.718003940e+001 -3.8992e+000 +2.0600e+000 +2.0400e+000
1028 0 +3.032031037e-005 +3.718003032e+001 +3.718003032e+001 -3.8992e+000 +2.0600e+000 +2.0400e+000
1036 0 +2.882288901e-005 +3.718002882e+001 +3.718002882e+001 -3.8992e+000 +2.0600e+000 +2.0400e+000
1062 0 +1.445412509e-005 +3.718001445e+001 +3.718001445e+001 -3.8992e+000 +2.0600e+000 +2.0400e+000
1153 0 +6.166425635e-006 +3.718000617e+001 +3.718000617e+001 -3.8992e+000 +2.0600e+000 +2.0400e+000
1168 0 +4.602811714e-006 +3.718000460e+001 +3.718000460e+001 -3.8992e+000 +2.0600e+000 +2.0400e+000
1204 0 +3.734821370e-006 +3.718000373e+001 +3.718000373e+001 -3.8992e+000 +2.0600e+000 +2.0400e+000
1208 0 +2.209806624e-006 +3.718000221e+001 +3.718000221e+001 -3.8992e+000 +2.0600e+000 +2.0400e+000
1210 0 +1.338734435e-006 +3.718000134e+001 +3.718000134e+001 -3.8992e+000 +2.0600e+000 +2.0400e+000
1211 0 +1.270602645e-006 +3.718000127e+001 +3.718000127e+001 -3.8992e+000 +2.0600e+000 +2.0400e+000
1232 0 +8.852714117e-007 +3.718000089e+001 +3.718000089e+001 -3.8992e+000 +2.0600e+000 +2.0400e+000
1246 0 +8.003786931e-007 +3.718000080e+001 +3.718000080e+001 -3.8992e+000 +2.0600e+000 +2.0400e+000
1262 0 +7.686385075e-007 +3.718000077e+001 +3.718000077e+001 -3.8992e+000 +2.0600e+000 +2.0400e+000
1288 0 +5.322295564e-007 +3.718000053e+001 +3.718000053e+001 -3.8992e+000 +2.0600e+000 +2.0400e+000
1297 0 +5.019021856e-007 +3.718000050e+001 +3.718000050e+001 -3.8992e+000 +2.0600e+000 +2.0400e+000
1301 0 +3.526228483e-007 +3.718000035e+001 +3.718000035e+001 -3.8992e+000 +2.0600e+000 +2.0400e+000
1326 0 +2.363667235e-007 +3.718000024e+001 +3.718000024e+001 -3.8992e+000 +2.0600e+000 +2.0400e+000
1395 0 +2.323408310e-007 +3.718000023e+001 +3.718000023e+001 -3.8992e+000 +2.0600e+000 +2.0400e+000
1405 0 +1.874666182e-007 +3.718000019e+001 +3.718000019e+001 -3.8992e+000 +2.0600e+000 +2.0400e+000
1417 0 +7.638363542e-008 +3.718000008e+001 +3.718000008e+001 -3.8992e+000 +2.0600e+000 +2.0400e+000
1453 0 +4.915423091e-008 +3.718000005e+001 +3.718000005e+001 -3.8992e+000 +2.0600e+000 +2.0400e+000
1532 0 +2.583119141e-008 +3.718000003e+001 +3.718000003e+001 -3.8992e+000 +2.0600e+000 +2.0400e+000
1550 0 +2.255366383e-008 +3.718000002e+001 +3.718000002e+001 -3.8992e+000 +2.0600e+000 +2.0400e+000
1577 0 +2.213842265e-008 +3.718000002e+001 +3.718000002e+001 -3.8992e+000 +2.0600e+000 +2.0400e+000
1580 0 +1.187965637e-008 +3.718000001e+001 +3.718000001e+001 -3.8992e+000 +2.0600e+000 +2.0400e+000
1604 0 +1.089545520e-008 +3.718000001e+001 +3.718000001e+001 -3.8992e+000 +2.0600e+000 +2.0400e+000
1607 0 +9.235733955e-009 +3.718000001e+001 +3.718000001e+001 -3.8992e+000 +2.0600e+000 +2.0400e+000
% f evaluations | g evaluations | best noise-free fitness - Fopt (-1.479000000000e+002) + sum g_i+ | measured fitness | best measured fitness or single-digit g-values | x1 | x2...
1 0 +4.633212038e+000 -1.432667880e+002 -1.432667880e+002 -8.2355e-001 +1.9655e+000 +2.6727e+000
26 0 +4.000283168e+000 -1.438997168e+002 -1.438997168e+002 -6.6253e-001 +7.4116e-001 +1.9409e+000
38 0 +2.866275968e+000 -1.450337240e+002 -1.450337240e+002 -6.6253e-001 +7.5088e-001 +1.6014e+000
49 0 +2.359941530e+000 -1.455400585e+002 -1.455400585e+002 -1.4486e+000 +1.0391e+000 +2.0196e+000
70 0 +1.757497177e+000 -1.461425028e+002 -1.461425028e+002 -1.5624e+000 -4.1098e-001 +1.4582e+000
73 0 +1.337628417e+000 -1.465623716e+002 -1.465623716e+002 -1.4486e+000 +8.6013e-001 +1.9384e+000
110 0 +4.512078427e-001 -1.474487922e+002 -1.474487922e+002 -1.6994e+000 +4.5306e-001 +1.6242e+000
142 0 +3.633872588e-001 -1.475366127e+002 -1.475366127e+002 -1.7145e+000 +6.3890e-002 +1.1910e+000
158 0 +3.207298203e-001 -1.475792702e+002 -1.475792702e+002 -1.6567e+000 -7.3781e-002 +8.1432e-001
187 0 +2.877326065e-001 -1.476122674e+002 -1.476122674e+002 -1.6268e+000 +1.8563e-002 +1.0537e+000
188 0 +1.429795208e-001 -1.477570205e+002 -1.477570205e+002 -1.6511e+000 +9.8619e-002 +1.0875e+000
219 0 +1.092427559e-001 -1.477907572e+002 -1.477907572e+002 -1.6526e+000 +1.2385e-001 +1.1035e+000
250 0 +5.532030723e-002 -1.478446797e+002 -1.478446797e+002 -1.6720e+000 +1.0163e-001 +1.0916e+000
262 0 +3.524171655e-002 -1.478647583e+002 -1.478647583e+002 -1.6806e+000 +1.4509e-001 +1.1142e+000
346 0 +2.295945969e-002 -1.478770405e+002 -1.478770405e+002 -1.6687e+000 +1.2207e-001 +1.1083e+000
347 0 +2.072490832e-002 -1.478792751e+002 -1.478792751e+002 -1.6764e+000 +1.3172e-001 +1.1188e+000
350 0 +1.056696538e-002 -1.478894330e+002 -1.478894330e+002 -1.6706e+000 +1.2729e-001 +1.1212e+000
415 0 +9.016883603e-003 -1.478909831e+002 -1.478909831e+002 -1.6702e+000 +1.2816e-001 +1.1221e+000
445 0 +3.631052339e-003 -1.478963689e+002 -1.478963689e+002 -1.6721e+000 +1.3413e-001 +1.1363e+000
467 0 +3.000433833e-003 -1.478969996e+002 -1.478969996e+002 -1.6709e+000 +1.3417e-001 +1.1372e+000
487 0 +1.085842985e-003 -1.478989142e+002 -1.478989142e+002 -1.6703e+000 +1.3502e-001 +1.1373e+000
536 0 +6.994016450e-004 -1.478993006e+002 -1.478993006e+002 -1.6702e+000 +1.3530e-001 +1.1369e+000
564 0 +3.332084585e-004 -1.478996668e+002 -1.478996668e+002 -1.6704e+000 +1.3527e-001 +1.1370e+000
616 0 +3.260588442e-004 -1.478996739e+002 -1.478996739e+002 -1.6704e+000 +1.3508e-001 +1.1367e+000
643 0 +2.908612628e-004 -1.478997091e+002 -1.478997091e+002 -1.6704e+000 +1.3514e-001 +1.1368e+000
653 0 +2.649693051e-004 -1.478997350e+002 -1.478997350e+002 -1.6704e+000 +1.3511e-001 +1.1368e+000
655 0 +7.162673060e-005 -1.478999284e+002 -1.478999284e+002 -1.6704e+000 +1.3520e-001 +1.1368e+000
685 0 +6.483511493e-005 -1.478999352e+002 -1.478999352e+002 -1.6704e+000 +1.3519e-001 +1.1368e+000
733 0 +3.696384590e-005 -1.478999630e+002 -1.478999630e+002 -1.6704e+000 +1.3520e-001 +1.1368e+000
769 0 +3.130582775e-005 -1.478999687e+002 -1.478999687e+002 -1.6704e+000 +1.3520e-001 +1.1368e+000
800 0 +3.009952664e-005 -1.478999699e+002 -1.478999699e+002 -1.6704e+000 +1.3520e-001 +1.1368e+000
805 0 +2.902544753e-005 -1.478999710e+002 -1.478999710e+002 -1.6704e+000 +1.3519e-001 +1.1368e+000
901 0 +2.877942174e-005 -1.478999712e+002 -1.478999712e+002 -1.6704e+000 +1.3520e-001 +1.1368e+000
2530 0 +2.311472994e-005 -1.478999769e+002 -1.478999769e+002 -1.6704e+000 +1.3518e-001 +1.1368e+000
2602 0 +1.436739089e-005 -1.478999856e+002 -1.478999856e+002 -1.6704e+000 +1.3521e-001 +1.1368e+000
2604 0 +1.053874448e-005 -1.478999895e+002 -1.478999895e+002 -1.6704e+000 +1.3520e-001 +1.1368e+000
2628 0 +9.530870329e-006 -1.478999905e+002 -1.478999905e+002 -1.6704e+000 +1.3520e-001 +1.1368e+000
2668 0 +1.553034622e-006 -1.478999984e+002 -1.478999984e+002 -1.6704e+000 +1.3520e-001 +1.1368e+000
2741 0 +1.241791665e-006 -1.478999988e+002 -1.478999988e+002 -1.6704e+000 +1.3520e-001 +1.1368e+000
2746 0 +1.045114004e-006 -1.478999990e+002 -1.478999990e+002 -1.6704e+000 +1.3520e-001 +1.1368e+000
2761 0 +4.545306069e-007 -1.478999995e+002 -1.478999995e+002 -1.6704e+000 +1.3520e-001 +1.1368e+000
2792 0 +4.462494303e-007 -1.478999996e+002 -1.478999996e+002 -1.6704e+000 +1.3520e-001 +1.1368e+000
2814 0 +3.203106189e-007 -1.478999997e+002 -1.478999997e+002 -1.6704e+000 +1.3520e-001 +1.1368e+000
2829 0 +3.045102233e-007 -1.478999997e+002 -1.478999997e+002 -1.6704e+000 +1.3520e-001 +1.1368e+000
2870 0 +2.645093105e-007 -1.478999997e+002 -1.478999997e+002 -1.6704e+000 +1.3520e-001 +1.1368e+000
2900 0 +1.883316827e-007 -1.478999998e+002 -1.478999998e+002 -1.6704e+000 +1.3520e-001 +1.1368e+000
2942 0 +1.303122872e-007 -1.478999999e+002 -1.478999999e+002 -1.6704e+000 +1.3520e-001 +1.1368e+000
2956 0 +1.249765660e-007 -1.478999999e+002 -1.478999999e+002 -1.6704e+000 +1.3520e-001 +1.1368e+000
3009 0 +8.578260235e-008 -1.478999999e+002 -1.478999999e+002 -1.6704e+000 +1.3520e-001 +1.1368e+000
3022 0 +6.744414804e-008 -1.478999999e+002 -1.478999999e+002 -1.6704e+000 +1.3520e-001 +1.1368e+000
3059 0 +4.728906333e-008 -1.479000000e+002 -1.479000000e+002 -1.6704e+000 +1.3520e-001 +1.1368e+000
3062 0 +3.363729206e-008 -1.479000000e+002 -1.479000000e+002 -1.6704e+000 +1.3520e-001 +1.1368e+000
3078 0 +2.319109171e-008 -1.479000000e+002 -1.479000000e+002 -1.6704e+000 +1.3520e-001 +1.1368e+000
3089 0 +1.613719292e-008 -1.479000000e+002 -1.479000000e+002 -1.6704e+000 +1.3520e-001 +1.1368e+000
3126 0 +9.811230939e-009 -1.479000000e+002 -1.479000000e+002 -1.6704e+000 +1.3520e-001 +1.1368e+000
% f evaluations | g evaluations | best noise-free fitness - Fopt (4.817100000000e+002) + sum g_i+ | measured fitness | best measured fitness or single-digit g-values | x1 | x2...
1 0 +2.101959997e+001 +5.027296000e+002 +5.027296000e+002 -2.0313e+000 -1.8437e+000 -3.1877e+000
4 0 +4.858345400e+000 +4.865683454e+002 +4.865683454e+002 -4.2099e-002 -2.7013e+000 -1.8671e+000
27 0 +4.279880234e+000 +4.859898802e+002 +4.859898802e+002 +1.9701e+000 -2.1770e+000 -7.8926e-001
40 0 +3.458883629e+000 +4.851688836e+002 +4.851688836e+002 +1.2916e-001 -2.7283e+000 -1.7787e+000
43 0 +2.986304077e+000 +4.846963041e+002 +4.846963041e+002 +1.2596e+000 -1.4540e+000 -2.3060e+000
51 0 +1.115167043e+000 +4.828251670e+002 +4.828251670e+002 +8.7959e-001 -3.5685e+000 -2.7904e+000
91 0 +8.150436212e-001 +4.825250436e+002 +4.825250436e+002 +1.3377e+000 -3.1473e+000 -2.5177e+000
133 0 +7.477481643e-001 +4.824577482e+002 +4.824577482e+002 +9.6606e-001 -3.4469e+000 -2.9632e+000
134 0 +5.765800880e-001 +4.822865801e+002 +4.822865801e+002 +1.1334e+000 -3.4747e+000 -2.6636e+000
160 0 +4.625128313e-001 +4.821725128e+002 +4.821725128e+002 +1.0423e+000 -2.9708e+000 -2.8077e+000
169 0 +4.536484683e-001 +4.821636485e+002 +4.821636485e+002 +1.0547e+000 -3.1819e+000 -2.8067e+000
172 0 +1.093426228e-001 +4.818193426e+002 +4.818193426e+002 +1.0314e+000 -3.0614e+000 -2.8651e+000
235 0 +9.457738506e-002 +4.818045774e+002 +4.818045774e+002 +1.0234e+000 -2.9862e+000 -2.9318e+000
268 0 +6.953793202e-002 +4.817795379e+002 +4.817795379e+002 +1.0407e+000 -2.9669e+000 -2.9298e+000
293 0 +4.987153489e-002 +4.817598715e+002 +4.817598715e+002 +1.0400e+000 -2.9930e+000 -2.8853e+000
338 0 +4.626117377e-002 +4.817562612e+002 +4.817562612e+002 +1.0470e+000 -2.9846e+000 -2.8832e+000
339 0 +9.653258797e-003 +4.817196533e+002 +4.817196533e+002 +1.0440e+000 -2.9833e+000 -2.9023e+000
451 0 +3.152307605e-003 +4.817131523e+002 +4.817131523e+002 +1.0414e+000 -2.9977e+000 -2.8967e+000
522 0 +2.057488027e-003 +4.817120575e+002 +4.817120575e+002 +1.0403e+000 -3.0019e+000 -2.8957e+000
547 0 +1.700867306e-003 +4.817117009e+002 +4.817117009e+002 +1.0407e+000 -3.0022e+000 -2.8956e+000
549 0 +1.071545048e-003 +4.817110715e+002 +4.817110715e+002 +1.0402e+000 -3.0012e+000 -2.8959e+000
568 0 +1.031512735e-003 +4.817110315e+002 +4.817110315e+002 +1.0403e+000 -3.0009e+000 -2.8958e+000
574 0 +9.931788197e-004 +4.817109932e+002 +4.817109932e+002 +1.0404e+000 -3.0005e+000 -2.8958e+000
1474 0 +9.701462743e-004 +4.817109701e+002 +4.817109701e+002 +1.0407e+000 -3.0010e+000 -2.8961e+000
1488 0 +3.252378391e-004 +4.817103252e+002 +4.817103252e+002 +1.0407e+000 -3.0010e+000 -2.8959e+000
1591 0 +2.740107013e-004 +4.817102740e+002 +4.817102740e+002 +1.0409e+000 -3.0006e+000 -2.8961e+000
1604 0 +2.407761733e-004 +4.817102408e+002 +4.817102408e+002 +1.0407e+000 -3.0010e+000 -2.8959e+000
1625 0 +2.377157820e-004 +4.817102377e+002 +4.817102377e+002 +1.0408e+000 -3.0006e+000 -2.8961e+000
1631 0 +2.291237158e-004 +4.817102291e+002 +4.817102291e+002 +1.0408e+000 -3.0009e+000 -2.8960e+000
1637 0 +1.479787842e-004 +4.817101480e+002 +4.817101480e+002 +1.0408e+000 -3.0008e+000 -2.8961e+000
1643 0 +7.050619922e-005 +4.817100705e+002 +4.817100705e+002 +1.0408e+000 -3.0008e+000 -2.8960e+000
1697 0 +5.829332963e-005 +4.817100583e+002 +4.817100583e+002 +1.0408e+000 -3.0008e+000 -2.8960e+000
1734 0 +1.678797150e-005 +4.817100168e+002 +4.817100168e+002 +1.0408e+000 -3.0008e+000 -2.8960e+000
1836 0 +1.371495625e-005 +4.817100137e+002 +4.817100137e+002 +1.0408e+000 -3.0008e+000 -2.8960e+000
1946 0 +4.646341949e-006 +4.817100046e+002 +4.817100046e+002 +1.0408e+000 -3.0008e+000 -2.8960e+000
1959 0 +2.624667502e-006 +4.817100026e+002 +4.817100026e+002 +1.0408e+000 -3.0008e+000 -2.8960e+000
2091 0 +2.239801915e-006 +4.817100022e+002 +4.817100022e+002 +1.0408e+000 -3.0008e+000 -2.8960e+000
2100 0 +6.561920145e-007 +4.817100007e+002 +4.817100007e+002 +1.0408e+000 -3.0008e+000 -2.8960e+000
2119 0 +5.377959837e-007 +4.817100005e+002 +4.817100005e+002 +1.0408e+000 -3.0008e+000 -2.8960e+000
2164 0 +3.834372819e-007 +4.817100004e+002 +4.817100004e+002 +1.0408e+000 -3.0008e+000 -2.8960e+000
2202 0 +1.861966439e-007 +4.817100002e+002 +4.817100002e+002 +1.0408e+000 -3.0008e+000 -2.8960e+000
2314 0 +1.334370836e-008 +4.817100000e+002 +4.817100000e+002 +1.0408e+000 -3.0008e+000 -2.8960e+000
2400 0 +6.146763099e-009 +4.817100000e+002 +4.817100000e+002 +1.0408e+000 -3.0008e+000 -2.8960e+000
% f evaluations | g evaluations | best noise-free fitness - Fopt (-3.646000000000e+001) + sum g_i+ | measured fitness | best measured fitness or single-digit g-values | x1 | x2...
1 0 +3.190111484e+001 -4.558885156e+000 -4.558885156e+000 +3.0048e+000 -4.9739e+000 +3.6462e+000
2 0 +1.595125530e+001 -2.050874470e+001 -2.050874470e+001 +4.3462e+000 -2.2402e+000 -3.7877e+000
8 0 +1.139637111e+001 -2.506362889e+001 -2.506362889e+001 -2.2740e+000 -5.0000e+000 -1.2684e+000
10 0 +9.621390471e+000 -2.683860953e+001 -2.683860953e+001 -4.0105e-001 -3.5662e+000 +2.5552e+000
11 0 +5.652903075e+000 -3.080709693e+001 -3.080709693e+001 +1.2647e-001 -2.4013e-002 -1.5464e+000
21 0 +4.731812654e+000 -3.172818735e+001 -3.172818735e+001 -2.5480e-001 +1.0552e+000 -3.2716e+000
30 0 +4.046186889e+000 -3.241381311e+001 -3.241381311e+001 -6.4954e-001 +1.2354e+000 -3.0565e+000
35 0 +3.127592633e+000 -3.333240737e+001 -3.333240737e+001 +3.6840e-002 +6.7015e-001 -2.2984e+000
48 0 +2.025506965e+000 -3.443449303e+001 -3.443449303e+001 +7.9237e-001 -5.6144e-002 -2.0447e+000
62 0 +1.218087054e+000 -3.524191295e+001 -3.524191295e+001 +2.4275e+000 -2.7033e+000 -2.7750e+000
74 0 +9.380611251e-001 -3.552193887e+001 -3.552193887e+001 +2.3520e+000 -2.7742e+000 -2.4390e+000
114 0 +5.603919986e-001 -3.589960800e+001 -3.589960800e+001 +2.2775e+000 -2.8065e+000 -1.9346e+000
186 0 +5.454437742e-001 -3.591455623e+001 -3.591455623e+001 +1.9556e+000 -2.8065e+000 -1.9495e+000
188 0 +4.908787102e-001 -3.596912129e+001 -3.596912129e+001 +2.4181e+000 -3.2969e+000 -2.2435e+000
192 0 +2.459781440e-001 -3.621402186e+001 -3.621402186e+001 +2.3302e+000 -2.9904e+000 -2.2807e+000
199 0 +2.394346370e-001 -3.622056536e+001 -3.622056536e+001 +1.9966e+000 -2.6924e+000 -2.1603e+000
204 0 +1.639710255e-001 -3.629602897e+001 -3.629602897e+001 +2.1666e+000 -2.8395e+000 -2.2273e+000
216 0 +1.409254226e-001 -3.631907458e+001 -3.631907458e+001 +1.9869e+000 -2.6439e+000 -2.1977e+000
224 0 +6.577180817e-002 -3.639422819e+001 -3.639422819e+001 +2.1474e+000 -2.8773e+000 -2.1899e+000
273 0 +5.728640366e-002 -3.640271360e+001 -3.640271360e+001 +2.1875e+000 -2.9422e+000 -2.2278e+000
282 0 +4.523006004e-002 -3.641476994e+001 -3.641476994e+001 +2.1366e+000 -2.8740e+000 -2.2349e+000
309 0 +4.216237485e-002 -3.641783763e+001 -3.641783763e+001 +2.1229e+000 -2.8321e+000 -2.2131e+000
321 0 +2.970822846e-002 -3.643029177e+001 -3.643029177e+001 +2.1406e+000 -2.8698e+000 -2.2195e+000
326 0 +2.117167575e-002 -3.643882832e+001 -3.643882832e+001 +2.1312e+000 -2.8372e+000 -2.2171e+000
367 0 +1.688691042e-002 -3.644311309e+001 -3.644311309e+001 +2.1279e+000 -2.8512e+000 -2.2280e+000
397 0 +1.049930801e-002 -3.644950069e+001 -3.644950069e+001 +2.1216e+000 -2.8502e+000 -2.2190e+000
411 0 +6.610176738e-003 -3.645338982e+001 -3.645338982e+001 +2.1178e+000 -2.8401e+000 -2.2197e+000
415 0 +5.593477488e-003 -3.645440652e+001 -3.645440652e+001 +2.1198e+000 -2.8444e+000 -2.2196e+000
449 0 +5.382862118e-003 -3.645461714e+001 -3.645461714e+001 +2.1232e+000 -2.8486e+000 -2.2170e+000
478 0 +2.082705977e-003 -3.645791729e+001 -3.645791729e+001 +2.1234e+000 -2.8493e+000 -2.2186e+000
551 0 +1.234464762e-003 -3.645876554e+001 -3.645876554e+001 +2.1219e+000 -2.8478e+000 -2.2188e+000
594 0 +1.018733258e-003 -3.645898127e+001 -3.645898127e+001 +2.1212e+000 -2.8466e+000 -2.2188e+000
641 0 +6.417344341e-004 -3.645935827e+001 -3.645935827e+001 +2.1220e+000 -2.8479e+000 -2.2185e+000
645 0 +4.240836563e-004 -3.645957592e+001 -3.645957592e+001 +2.1215e+000 -2.8470e+000 -2.2185e+000
729 0 +2.337590249e-004 -3.645976624e+001 -3.645976624e+001 +2.1216e+000 -2.8471e+000 -2.2185e+000
2416 0 +1.583643885e-004 -3.645984164e+001 -3.645984164e+001 +2.1216e+000 -2.8471e+000 -2.2184e+000
2454 0 +1.175768388e-004 -3.645988242e+001 -3.645988242e+001 +2.1216e+000 -2.8472e+000 -2.2184e+000
2525 0 +6.717860701e-005 -3.645993282e+001 -3.645993282e+001 +2.1216e+000 -2.8472e+000 -2.2184e+000
2556 0 +3.982556832e-005 -3.645996017e+001 -3.645996017e+001 +2.1216e+000 -2.8472e+000 -2.2184e+000
2622 0 +2.949220077e-005 -3.645997051e+001 -3.645997051e+001 +2.1216e+000 -2.8472e+000 -2.2184e+000
2714 0 +2.595577646e-005 -3.645997404e+001 -3.645997404e+001 +2.1216e+000 -2.8472e+000 -2.2184e+000
2767 0 +1.084908397e-005 -3.645998915e+001 -3.645998915e+001 +2.1216e+000 -2.8472e+000 -2.2184e+000
2851 0 +6.522821700e-006 -3.645999348e+001 -3.645999348e+001 +2.1216e+000 -2.8472e+000 -2.2184e+000
2927 0 +6.254891559e-006 -3.645999375e+001 -3.645999375e+001 +2.1216e+000 -2.8472e+000 -2.2184e+000
2931 0 +4.256370005e-006 -3.645999574e+001 -3.645999574e+001 +2.1216e+000 -2.8472e+000 -2.2184e+000
2932 0 +3.284734319e-006 -3.645999672e+001 -3.645999672e+001 +2.1216e+000 -2.8472e+000 -2.2184e+000
2964 0 +1.827054007e-006 -3.645999817e+001 -3.645999817e+001 +2.1216e+000 -2.8472e+000 -2.2184e+000
2968 0 +1.624443904e-006 -3.645999838e+001 -3.645999838e+001 +2.1216e+000 -2.8472e+000 -2.2184e+000
2983 0 +1.447717054e-006 -3.645999855e+001 -3.645999855e+001 +2.1216e+000 -2.8472e+000 -2.2184e+000
2984 0 +1.053764862e-006 -3.645999895e+001 -3.645999895e+001 +2.1216e+000 -2.8472e+000 -2.2184e+000
2991 0 +1.021038500e-006 -3.645999898e+001 -3.645999898e+001 +2.1216e+000 -2.8472e+000 -2.2184e+000
2993 0 +6.767689698e-007 -3.645999932e+001 -3.645999932e+001 +2.1216e+000 -2.8472e+000 -2.2184e+000
2998 0 +5.608239562e-007 -3.645999944e+001 -3.645999944e+001 +2.1216e+000 -2.8472e+000 -2.2184e+000
3005 0 +2.817714204e-007 -3.645999972e+001 -3.645999972e+001 +2.1216e+000 -2.8472e+000 -2.2184e+000
3019 0 +2.219398709e-007 -3.645999978e+001 -3.645999978e+001 +2.1216e+000 -2.8472e+000 -2.2184e+000
3089 0 +1.807961496e-007 -3.645999982e+001 -3.645999982e+001 +2.1216e+000 -2.8472e+000 -2.2184e+000
3109 0 +1.240852612e-007 -3.645999988e+001 -3.645999988e+001 +2.1216e+000 -2.8472e+000 -2.2184e+000
3129 0 +9.470840467e-008 -3.645999991e+001 -3.645999991e+001 +2.1216e+000 -2.8472e+000 -2.2184e+000
3151 0 +9.088942221e-008 -3.645999991e+001 -3.645999991e+001 +2.1216e+000 -2.8472e+000 -2.2184e+000
3193 0 +4.910447160e-008 -3.645999995e+001 -3.645999995e+001 +2.1216e+000 -2.8472e+000 -2.2184e+000
3214 0 +3.495742362e-008 -3.645999997e+001 -3.645999997e+001 +2.1216e+000 -2.8472e+000 -2.2184e+000
3228 0 +3.242590907e-008 -3.645999997e+001 -3.645999997e+001 +2.1216e+000 -2.8472e+000 -2.2184e+000
3242 0 +2.878753236e-008 -3.645999997e+001 -3.645999997e+001 +2.1216e+000 -2.8472e+000 -2.2184e+000
3304 0 +2.720641845e-008 -3.645999997e+001 -3.645999997e+001 +2.1216e+000 -2.8472e+000 -2.2184e+000
3308 0 +2.652473086e-008 -3.645999997e+001 -3.645999997e+001 +2.1216e+000 -2.8472e+000 -2.2184e+000
3318 0 +2.322995840e-008 -3.645999998e+001 -3.645999998e+001 +2.1216e+000 -2.8472e+000 -2.2184e+000
3332 0 +1.937013394e-008 -3.645999998e+001 -3.645999998e+001 +2.1216e+000 -2.8472e+000 -2.2184e+000
3344 0 +1.733584298e-008 -3.645999998e+001 -3.645999998e+001 +2.1216e+000 -2.8472e+000 -2.2184e+000
3346 0 +1.619571321e-008 -3.645999998e+001 -3.645999998e+001 +2.1216e+000 -2.8472e+000 -2.2184e+000
3349 0 +1.182997522e-008 -3.645999999e+001 -3.645999999e+001 +2.1216e+000 -2.8472e+000 -2.2184e+000
3365 0 +8.957087516e-009 -3.645999999e+001 -3.645999999e+001 +2.1216e+000 -2.8472e+000 -2.2184e+000
% f evaluations | g evaluations | best noise-free fitness - Fopt (3.920000000000e+001) + sum g_i+ | measured fitness | best measured fitness or single-digit g-values | x1 | x2...
1 0 +1.788558696e+001 +5.708558696e+001 +5.708558696e+001 -2.2303e+000 +3.7175e+000 -7.8252e-001
2 0 +1.465446263e+001 +5.385446263e+001 +5.385446263e+001 +8.2820e-001 +1.9211e+000 +1.5332e+000
4 0 +3.267684783e+000 +4.246768478e+001 +4.246768478e+001 +4.3716e+000 +1.0952e+000 +3.5569e+000
40 0 +1.773887295e+000 +4.097388729e+001 +4.097388729e+001 +3.4145e+000 +1.6626e+000 +3.1166e+000
70 0 +1.205930805e+000 +4.040593081e+001 +4.040593081e+001 +3.2069e+000 +1.5722e+000 +2.6126e+000
82 0 +1.019582361e+000 +4.021958236e+001 +4.021958236e+001 +3.3430e+000 +1.5522e+000 +2.6832e+000
101 0 +2.350526876e-001 +3.943505269e+001 +3.943505269e+001 +3.7846e+000 +1.7818e+000 +2.5207e+000
168 0 +2.140600740e-001 +3.941406007e+001 +3.941406007e+001 +3.4797e+000 +1.5067e+000 +2.3778e+000
189 0 +2.015515653e-001 +3.940155157e+001 +3.940155157e+001 +3.6812e+000 +1.5133e+000 +2.4362e+000
222 0 +1.153647884e-001 +3.931536479e+001 +3.931536479e+001 +3.8048e+000 +1.7197e+000 +2.4876e+000
240 0 +7.536849069e-002 +3.927536849e+001 +3.927536849e+001 +3.7468e+000 +1.6527e+000 +2.4508e+000
263 0 +5.028592990e-002 +3.925028593e+001 +3.925028593e+001 +3.6935e+000 +1.6311e+000 +2.4644e+000
273 0 +1.085068005e-002 +3.921085068e+001 +3.921085068e+001 +3.7202e+000 +1.6274e+000 +2.4582e+000
386 0 +8.801330012e-003 +3.920880133e+001 +3.920880133e+001 +3.7220e+000 +1.6299e+000 +2.4592e+000
387 0 +3.964093007e-003 +3.920396409e+001 +3.920396409e+001 +3.7237e+000 +1.6297e+000 +2.4553e+000
399 0 +3.453697808e-003 +3.920345370e+001 +3.920345370e+001 +3.7234e+000 +1.6288e+000 +2.4545e+000
473 0 +3.133454133e-003 +3.920313345e+001 +3.920313345e+001 +3.7247e+000 +1.6293e+000 +2.4549e+000
480 0 +3.047575568e-003 +3.920304758e+001 +3.920304758e+001 +3.7241e+000 +1.6307e+000 +2.4540e+000
495 0 +1.450213996e-003 +3.920145021e+001 +3.920145021e+001 +3.7227e+000 +1.6295e+000 +2.4542e+000
534 0 +3.444282911e-004 +3.920034443e+001 +3.920034443e+001 +3.7232e+000 +1.6303e+000 +2.4544e+000
672 0 +2.330217714e-004 +3.920023302e+001 +3.920023302e+001 +3.7232e+000 +1.6304e+000 +2.4543e+000
730 0 +1.677760761e-004 +3.920016778e+001 +3.920016778e+001 +3.7231e+000 +1.6303e+000 +2.4544e+000
769 0 +1.537707413e-004 +3.920015377e+001 +3.920015377e+001 +3.7230e+000 +1.6303e+000 +2.4543e+000
815 0 +1.146081331e-004 +3.920011461e+001 +3.920011461e+001 +3.7231e+000 +1.6304e+000 +2.4544e+000
821 0 +7.508298761e-005 +3.920007508e+001 +3.920007508e+001 +3.7232e+000 +1.6304e+000 +2.4544e+000
837 0 +2.980262891e-005 +3.920002980e+001 +3.920002980e+001 +3.7232e+000 +1.6304e+000 +2.4544e+000
901 0 +2.943303702e-005 +3.920002943e+001 +3.920002943e+001 +3.7232e+000 +1.6304e+000 +2.4544e+000
959 0 +2.190805364e-005 +3.920002191e+001 +3.920002191e+001 +3.7232e+000 +1.6304e+000 +2.4544e+000
983 0 +1.093850819e-005 +3.920001094e+001 +3.920001094e+001 +3.7232e+000 +1.6304e+000 +2.4544e+000
1022 0 +1.853546557e-006 +3.920000185e+001 +3.920000185e+001 +3.7232e+000 +1.6304e+000 +2.4544e+000
1127 0 +1.207261967e-006 +3.920000121e+001 +3.920000121e+001 +3.7232e+000 +1.6304e+000 +2.4544e+000
1144 0 +4.410010916e-007 +3.920000044e+001 +3.920000044e+001 +3.7232e+000 +1.6304e+000 +2.4544e+000
1158 0 +3.385608238e-007 +3.920000034e+001 +3.920000034e+001 +3.7232e+000 +1.6304e+000 +2.4544e+000
1169 0 +3.183757045e-007 +3.920000032e+001 +3.920000032e+001 +3.7232e+000 +1.6304e+000 +2.4544e+000
1194 0 +2.483564003e-007 +3.920000025e+001 +3.920000025e+001 +3.7232e+000 +1.6304e+000 +2.4544e+000
1235 0 +2.320129582e-007 +3.920000023e+001 +3.920000023e+001 +3.7232e+000 +1.6304e+000 +2.4544e+000
1244 0 +1.940387904e-007 +3.920000019e+001 +3.920000019e+001 +3.7232e+000 +1.6304e+000 +2.4544e+000
1262 0 +1.717742606e-007 +3.920000017e+001 +3.920000017e+001 +3.7232e+000 +1.6304e+000 +2.4544e+000
1295 0 +1.680953403e-007 +3.920000017e+001 +3.920000017e+001 +3.7232e+000 +1.6304e+000 +2.4544e+000
1296 0 +1.385559045e-007 +3.920000014e+001 +3.920000014e+001 +3.7232e+000 +1.6304e+000 +2.4544e+000
1302 0 +8.526881601e-008 +3.920000009e+001 +3.920000009e+001 +3.7232e+000 +1.6304e+000 +2.4544e+000
1321 0 +7.819436121e-008 +3.920000008e+001 +3.920000008e+001 +3.7232e+000 +1.6304e+000 +2.4544e+000
1327 0 +4.464125425e-008 +3.920000004e+001 +3.920000004e+001 +3.7232e+000 +1.6304e+000 +2.4544e+000
1348 0 +3.422732675e-008 +3.920000003e+001 +3.920000003e+001 +3.7232e+000 +1.6304e+000 +2.4544e+000
1361 0 +3.300121421e-008 +3.920000003e+001 +3.920000003e+001 +3.7232e+000 +1.6304e+000 +2.4544e+000
1363 0 +2.303892899e-008 +3.920000002e+001 +3.920000002e+001 +3.7232e+000 +1.6304e+000 +2.4544e+000
1406 0 +1.990772347e-008 +3.920000002e+001 +3.920000002e+001 +3.7232e+000 +1.6304e+000 +2.4544e+000
1419 0 +1.875009303e-008 +3.920000002e+001 +3.920000002e+001 +3.7232e+000 +1.6304e+000 +2.4544e+000
1441 0 +1.659279292e-008 +3.920000002e+001 +3.920000002e+001 +3.7232e+000 +1.6304e+000 +2.4544e+000
1446 0 +1.212426781e-008 +3.920000001e+001 +3.920000001e+001 +3.7232e+000 +1.6304e+000 +2.4544e+000
1455 0 +8.636490634e-009 +3.920000001e+001 +3.920000001e+001 +3.7232e+000 +1.6304e+000 +2.4544e+000
% f evaluations | g evaluations | best noise-free fitness - Fopt (-3.225000000000e+001) + sum g_i+ | measured fitness | best measured fitness or single-digit g-values | x1 | x2...
1 0 +4.139310663e+001 +9.143106631e+000 +9.143106631e+000 +4.6932e+000 -2.2126e+000 +1.4671e+000
2 0 +1.182992632e+001 -2.042007368e+001 -2.042007368e+001 +1.9959e+000 +2.7323e+000 +3.4786e+000
6 0 +6.480297359e+000 -2.576970264e+001 -2.576970264e+001 -2.8977e+000 +2.2162e+000 +2.2460e+000
25 0 +6.393550267e+000 -2.585644973e+001 -2.585644973e+001 -1.9664e+000 -9.9765e-001 +1.4853e+000
30 0 +4.951860407e+000 -2.729813959e+001 -2.729813959e+001 -1.5029e+000 +2.0203e+000 +1.5929e+000
151 0 +4.011746028e+000 -2.823825397e+001 -2.823825397e+001 +1.3059e+000 +1.2914e+000 -1.4555e+000
165 0 +3.599472339e+000 -2.865052766e+001 -2.865052766e+001 +1.5896e+000 +1.2814e+000 +4.7788e-003
187 0 +3.022148646e+000 -2.922785135e+001 -2.922785135e+001 +4.3387e-001 +1.5791e+000 +1.1277e+000
199 0 +2.860895072e+000 -2.938910493e+001 -2.938910493e+001 +3.2274e+000 +1.5309e+000 +3.7557e-001
201 0 +1.118909209e+000 -3.113109079e+001 -3.113109079e+001 +3.0648e+000 +1.1358e+000 -2.2980e-001
218 0 +1.066593656e+000 -3.118340634e+001 -3.118340634e+001 +4.2674e+000 +1.2170e+000 -5.6009e-001
253 0 +9.695985168e-001 -3.128040148e+001 -3.128040148e+001 +4.6467e+000 +1.2777e+000 -1.6369e+000
279 0 +8.342890508e-001 -3.141571095e+001 -3.141571095e+001 +4.3466e+000 +1.1680e+000 -1.2950e+000
281 0 +5.003009995e-001 -3.174969900e+001 -3.174969900e+001 +4.1699e+000 +1.0899e+000 -1.1640e+000
292 0 +4.871720104e-001 -3.176282799e+001 -3.176282799e+001 +3.5042e+000 +1.0483e+000 -1.0987e+000
326 0 +2.871784460e-001 -3.196282155e+001 -3.196282155e+001 +3.7977e+000 +1.1740e+000 -9.9076e-001
367 0 +2.508963657e-001 -3.199910363e+001 -3.199910363e+001 +3.7141e+000 +1.0714e+000 -9.5950e-001
373 0 +2.327498564e-001 -3.201725014e+001 -3.201725014e+001 +3.4872e+000 +1.0820e+000 -7.4377e-001
391 0 +1.129228381e-001 -3.213707716e+001 -3.213707716e+001 +3.5983e+000 +1.0469e+000 -9.2293e-001
408 0 +5.571005159e-002 -3.219428995e+001 -3.219428995e+001 +3.6580e+000 +1.0743e+000 -9.0108e-001
423 0 +3.105379967e-002 -3.221894620e+001 -3.221894620e+001 +3.5712e+000 +1.0669e+000 -8.4825e-001
448 0 +2.931599344e-002 -3.222068401e+001 -3.222068401e+001 +3.6016e+000 +1.0562e+000 -8.5878e-001
507 0 +1.900684508e-002 -3.223099315e+001 -3.223099315e+001 +3.5821e+000 +1.0554e+000 -8.5686e-001
566 0 +2.113364477e-003 -3.224788664e+001 -3.224788664e+001 +3.5969e+000 +1.0611e+000 -8.6419e-001
699 0 +1.487245336e-003 -3.224851275e+001 -3.224851275e+001 +3.5957e+000 +1.0612e+000 -8.6357e-001
711 0 +9.026013302e-004 -3.224909740e+001 -3.224909740e+001 +3.5967e+000 +1.0615e+000 -8.6440e-001
808 0 +7.020265509e-004 -3.224929797e+001 -3.224929797e+001 +3.5966e+000 +1.0617e+000 -8.6446e-001
812 0 +6.767929522e-004 -3.224932321e+001 -3.224932321e+001 +3.5967e+000 +1.0616e+000 -8.6457e-001
828 0 +6.345286070e-004 -3.224936547e+001 -3.224936547e+001 +3.5968e+000 +1.0616e+000 -8.6446e-001
839 0 +6.249431017e-004 -3.224937506e+001 -3.224937506e+001 +3.5968e+000 +1.0617e+000 -8.6451e-001
848 0 +5.755826809e-004 -3.224942442e+001 -3.224942442e+001 +3.5969e+000 +1.0616e+000 -8.6457e-001
852 0 +3.802401321e-004 -3.224961976e+001 -3.224961976e+001 +3.5968e+000 +1.0616e+000 -8.6454e-001
857 0 +3.701265462e-004 -3.224962987e+001 -3.224962987e+001 +3.5967e+000 +1.0616e+000 -8.6453e-001
992 0 +3.443412214e-004 -3.224965566e+001 -3.224965566e+001 +3.5968e+000 +1.0616e+000 -8.6457e-001
1059 0 +3.373045714e-004 -3.224966270e+001 -3.224966270e+001 +3.5968e+000 +1.0617e+000 -8.6460e-001
1136 0 +3.014604543e-004 -3.224969854e+001 -3.224969854e+001 +3.5968e+000 +1.0617e+000 -8.6460e-001
1147 0 +2.650452367e-004 -3.224973495e+001 -3.224973495e+001 +3.5968e+000 +1.0617e+000 -8.6458e-001
1160 0 +2.622353471e-004 -3.224973776e+001 -3.224973776e+001 +3.5968e+000 +1.0617e+000 -8.6460e-001
1331 0 +2.538315326e-004 -3.224974617e+001 -3.224974617e+001 +3.5968e+000 +1.0617e+000 -8.6459e-001
1464 0 +2.503142540e-004 -3.224974969e+001 -3.224974969e+001 +3.5968e+000 +1.0617e+000 -8.6459e-001
3885 0 +2.428139513e-004 -3.224975719e+001 -3.224975719e+001 +3.5961e+000 +1.0617e+000 -8.6416e-001
4028 0 +2.316054030e-004 -3.224976839e+001 -3.224976839e+001 +3.5960e+000 +1.0617e+000 -8.6414e-001
5553 0 +1.563575070e-004 -3.224984364e+001 -3.224984364e+001 +3.5962e+000 +1.0616e+000 -8.6412e-001
5638 0 +1.264085477e-004 -3.224987359e+001 -3.224987359e+001 +3.5962e+000 +1.0616e+000 -8.6414e-001
5639 0 +1.218688590e-004 -3.224987813e+001 -3.224987813e+001 +3.5962e+000 +1.0616e+000 -8.6411e-001
5703 0 +1.193122195e-004 -3.224988069e+001 -3.224988069e+001 +3.5962e+000 +1.0616e+000 -8.6411e-001
5708 0 +1.107525338e-004 -3.224988925e+001 -3.224988925e+001 +3.5962e+000 +1.0616e+000 -8.6415e-001
5749 0 +9.643659325e-005 -3.224990356e+001 -3.224990356e+001 +3.5962e+000 +1.0616e+000 -8.6413e-001
5777 0 +3.057039050e-005 -3.224996943e+001 -3.224996943e+001 +3.5960e+000 +1.0616e+000 -8.6399e-001
5833 0 +1.284579661e-005 -3.224998715e+001 -3.224998715e+001 +3.5960e+000 +1.0616e+000 -8.6400e-001
5834 0 +4.317276492e-006 -3.224999568e+001 -3.224999568e+001 +3.5960e+000 +1.0616e+000 -8.6400e-001
6075 0 +1.118498226e-006 -3.224999888e+001 -3.224999888e+001 +3.5960e+000 +1.0616e+000 -8.6400e-001
6116 0 +9.556761427e-008 -3.224999990e+001 -3.224999990e+001 +3.5960e+000 +1.0616e+000 -8.6400e-001
6263 0 +7.266554292e-008 -3.224999993e+001 -3.224999993e+001 +3.5960e+000 +1.0616e+000 -8.6400e-001
6278 0 +1.832216157e-008 -3.224999998e+001 -3.224999998e+001 +3.5960e+000 +1.0616e+000 -8.6400e-001
6375 0 +1.022470997e-008 -3.224999999e+001 -3.224999999e+001 +3.5960e+000 +1.0616e+000 -8.6400e-001
6537 0 +9.580098492e-009 -3.224999999e+001 -3.224999999e+001 +3.5960e+000 +1.0616e+000 -8.6400e-001
% f evaluations | g evaluations | best noise-free fitness - Fopt (3.681200000000e+002) + sum g_i+ | measured fitness | best measured fitness or single-digit g-values | x1 | x2...
1 0 +9.073013629e+000 +3.771930136e+002 +3.771930136e+002 -6.8345e-001 -2.0029e+000 -4.5332e+000
4 0 +8.847349321e+000 +3.769673493e+002 +3.769673493e+002 +1.1364e+000 -1.5402e+000 +2.7533e-001
8 0 +8.682154172e+000 +3.768021542e+002 +3.768021542e+002 -1.8196e+000 -4.2761e-002 +5.0000e+000
10 0 +5.739147530e+000 +3.738591475e+002 +3.738591475e+002 -1.8881e+000 +1.1527e+000 -1.7790e-001
28 0 +4.922444875e+000 +3.730424449e+002 +3.730424449e+002 -8.7709e-001 -2.7673e-001 +2.9901e-001
29 0 +3.764060089e+000 +3.718840601e+002 +3.718840601e+002 -2.2013e+000 +8.8508e-002 -5.5222e-001
32 0 +3.397515813e+000 +3.715175158e+002 +3.715175158e+002 -1.7131e+000 -4.4087e-001 +2.4000e+000
45 0 +3.139494611e+000 +3.712594946e+002 +3.712594946e+002 -1.2861e+000 -4.7988e-001 +4.3887e-002
52 0 +3.078617407e+000 +3.711986174e+002 +3.711986174e+002 -1.1440e+000 -1.1985e+000 -3.3301e-001
56 0 +1.141609035e+000 +3.692616090e+002 +3.692616090e+002 -1.7152e+000 -9.7521e-001 +1.2919e+000
61 0 +9.176287499e-001 +3.690376287e+002 +3.690376287e+002 -2.2947e+000 -9.8456e-001 +9.3055e-001
85 0 +7.134976484e-001 +3.688334976e+002 +3.688334976e+002 -2.1412e+000 -1.3605e+000 +1.0448e+000
121 0 +6.365322269e-001 +3.687565322e+002 +3.687565322e+002 -2.2876e+000 -1.3549e+000 +1.0928e+000
140 0 +2.614390676e-001 +3.683814391e+002 +3.683814391e+002 -2.1722e+000 -1.0734e+000 +8.9464e-001
173 0 +2.253561324e-001 +3.683453561e+002 +3.683453561e+002 -2.2367e+000 -1.1084e+000 +8.4880e-001
199 0 +1.751013307e-001 +3.682951013e+002 +3.682951013e+002 -2.1679e+000 -1.1059e+000 +9.4681e-001
233 0 +1.675436269e-001 +3.682875436e+002 +3.682875436e+002 -2.2683e+000 -1.1522e+000 +8.5563e-001
246 0 +1.483419274e-001 +3.682683419e+002 +3.682683419e+002 -2.2838e+000 -1.1296e+000 +8.7172e-001
276 0 +1.410824327e-001 +3.682610824e+002 +3.682610824e+002 -2.2825e+000 -1.1231e+000 +8.8770e-001
289 0 +9.503034931e-002 +3.682150303e+002 +3.682150303e+002 -2.2728e+000 -1.1105e+000 +8.6582e-001
349 0 +8.599430158e-002 +3.682059943e+002 +3.682059943e+002 -2.2728e+000 -1.1007e+000 +8.6582e-001
401 0 +6.470968654e-002 +3.681847097e+002 +3.681847097e+002 -2.3338e+000 -1.0960e+000 +8.1391e-001
405 0 +6.278964877e-002 +3.681827896e+002 +3.681827896e+002 -2.3403e+000 -1.0942e+000 +8.1106e-001
477 0 +4.707419237e-002 +3.681670742e+002 +3.681670742e+002 -2.3905e+000 -1.0943e+000 +7.7336e-001
507 0 +4.496573835e-002 +3.681649657e+002 +3.681649657e+002 -2.4811e+000 -1.0983e+000 +7.0728e-001
509 0 +2.484074897e-002 +3.681448407e+002 +3.681448407e+002 -2.4782e+000 -1.0884e+000 +7.0347e-001
515 0 +2.288183355e-002 +3.681428818e+002 +3.681428818e+002 -2.4402e+000 -1.0904e+000 +7.3782e-001
543 0 +1.699914343e-002 +3.681369991e+002 +3.681369991e+002 -2.4514e+000 -1.0902e+000 +7.2949e-001
581 0 +5.957516110e-003 +3.681259575e+002 +3.681259575e+002 -2.4581e+000 -1.0889e+000 +7.2129e-001
584 0 +4.811843582e-003 +3.681248118e+002 +3.681248118e+002 -2.4622e+000 -1.0883e+000 +7.1752e-001
606 0 +3.455827580e-003 +3.681234558e+002 +3.681234558e+002 -2.4628e+000 -1.0915e+000 +7.1799e-001
676 0 +1.765412572e-003 +3.681217654e+002 +3.681217654e+002 -2.4629e+000 -1.0901e+000 +7.1753e-001
730 0 +1.510739313e-003 +3.681215107e+002 +3.681215107e+002 -2.4626e+000 -1.0899e+000 +7.1709e-001
731 0 +1.432070963e-003 +3.681214321e+002 +3.681214321e+002 -2.4660e+000 -1.0895e+000 +7.1495e-001
734 0 +1.388901903e-003 +3.681213889e+002 +3.681213889e+002 -2.4643e+000 -1.0896e+000 +7.1597e-001
752 0 +1.724320567e-004 +3.681201724e+002 +3.681201724e+002 -2.4633e+000 -1.0896e+000 +7.1677e-001
860 0 +1.604453085e-004 +3.681201604e+002 +3.681201604e+002 -2.4632e+000 -1.0896e+000 +7.1681e-001
870 0 +2.275780042e-005 +3.681200228e+002 +3.681200228e+002 -2.4632e+000 -1.0896e+000 +7.1682e-001
979 0 +1.299268928e-005 +3.681200130e+002 +3.681200130e+002 -2.4632e+000 -1.0896e+000 +7.1680e-001
1068 0 +1.006454369e-005 +3.681200101e+002 +3.681200101e+002 -2.4632e+000 -1.0896e+000 +7.1679e-001
1109 0 +9.267156372e-006 +3.681200093e+002 +3.681200093e+002 -2.4632e+000 -1.0896e+000 +7.1680e-001
1128 0 +7.758964159e-006 +3.681200078e+002 +3.681200078e+002 -2.4632e+000 -1.0896e+000 +7.1680e-001
1137 0 +4.596162626e-006 +3.681200046e+002 +3.681200046e+002 -2.4632e+000 -1.0896e+000 +7.1680e-001
1153 0 +4.255141221e-006 +3.681200043e+002 +3.681200043e+002 -2.4632e+000 -1.0896e+000 +7.1680e-001
1161 0 +8.766461974e-007 +3.681200009e+002 +3.681200009e+002 -2.4632e+000 -1.0896e+000 +7.1680e-001
1204 0 +3.880513759e-007 +3.681200004e+002 +3.681200004e+002 -2.4632e+000 -1.0896e+000 +7.1680e-001
1229 0 +3.147089274e-007 +3.681200003e+002 +3.681200003e+002 -2.4632e+000 -1.0896e+000 +7.1680e-001
1277 0 +2.633913709e-007 +3.681200003e+002 +3.681200003e+002 -2.4632e+000 -1.0896e+000 +7.1680e-001
1285 0 +2.560025791e-007 +3.681200003e+002 +3.681200003e+002 -2.4632e+000 -1.0896e+000 +7.1680e-001
1301 0 +1.738201831e-007 +3.681200002e+002 +3.681200002e+002 -2.4632e+000 -1.0896e+000 +7.1680e-001
1311 0 +1.351751280e-007 +3.681200001e+002 +3.681200001e+002 -2.4632e+000 -1.0896e+000 +7.1680e-001
1332 0 +1.156431040e-007 +3.681200001e+002 +3.681200001e+002 -2.4632e+000 -1.0896e+000 +7.1680e-001
1339 0 +1.127733071e-007 +3.681200001e+002 +3.681200001e+002 -2.4632e+000 -1.0896e+000 +7.1680e-001
1373 0 +1.051919867e-007 +3.681200001e+002 +3.681200001e+002 -2.4632e+000 -1.0896e+000 +7.1680e-001
1380 0 +1.018910325e-007 +3.681200001e+002 +3.681200001e+002 -2.4632e+000 -1.0896e+000 +7.1680e-001
1384 0 +9.753631502e-008 +3.681200001e+002 +3.681200001e+002 -2.4632e+000 -1.0896e+000 +7.1680e-001
1393 0 +8.026177056e-008 +3.681200001e+002 +3.681200001e+002 -2.4632e+000 -1.0896e+000 +7.1680e-001
1398 0 +6.996600632e-008 +3.681200001e+002 +3.681200001e+002 -2.4632e+000 -1.0896e+000 +7.1680e-001
1420 0 +5.470678843e-008 +3.681200001e+002 +3.681200001e+002 -2.4632e+000 -1.0896e+000 +7.1680e-001
1430 0 +5.188985597e-008 +3.681200001e+002 +3.681200001e+002 -2.4632e+000 -1.0896e+000 +7.1680e-001
1431 0 +3.837919849e-008 +3.681200000e+002 +3.681200000e+002 -2.4632e+000 -1.0896e+000 +7.1680e-001
1439 0 +3.796361625e-008 +3.681200000e+002 +3.681200000e+002 -2.4632e+000 -1.0896e+000 +7.1680e-001
1441 0 +1.801271310e-008 +3.681200000e+002 +3.681200000e+002 -2.4632e+000 -1.0896e+000 +7.1680e-001
1496 0 +1.741460665e-008 +3.681200000e+002 +3.681200000e+002 -2.4632e+000 -1.0896e+000 +7.1680e-001
1509 0 +1.376537284e-008 +3.681200000e+002 +3.681200000e+002 -2.4632e+000 -1.0896e+000 +7.1680e-001
1510 0 +9.562825198e-009 +3.681200000e+002 +3.681200000e+002 -2.4632e+000 -1.0896e+000 +7.1680e-001
% f evaluations | g evaluations | best noise-free fitness - Fopt (4.739000000000e+001) + sum g_i+ | measured fitness | best measured fitness or single-digit g-values | x1 | x2...
1 0 +8.592646325e+001 +1.333164632e+002 +1.333164632e+002 -2.5968e+000 -2.5440e-001 -2.4235e+000
2 0 +1.268406793e+001 +6.007406793e+001 +6.007406793e+001 +4.3429e+000 -2.5449e+000 +8.2492e-001
7 0 +1.053558155e+001 +5.792558155e+001 +5.792558155e+001 +1.4565e+000 +3.9519e+000 +2.3101e+000
15 0 +6.092208047e+000 +5.348220805e+001 +5.348220805e+001 -2.1004e+000 +2.2097e+000 -1.4100e+000
17 0 +3.414085571e+000 +5.080408557e+001 +5.080408557e+001 -1.2172e+000 +4.1797e+000 -2.2343e+000
39 0 +1.294528964e+000 +4.868452896e+001 +4.868452896e+001 -7.5319e-001 +3.2274e+000 -5.7237e-001
82 0 +7.037405233e-001 +4.809374052e+001 +4.809374052e+001 -3.9057e-001 +2.3386e+000 -6.2515e-001
112 0 +4.706186169e-001 +4.786061862e+001 +4.786061862e+001 -7.0420e-001 +2.8976e+000 -1.0052e+000
122 0 +3.410737559e-001 +4.773107376e+001 +4.773107376e+001 -4.2887e-001 +2.3688e+000 -9.6448e-001
132 0 +2.988025202e-001 +4.768880252e+001 +4.768880252e+001 -6.1933e-001 +2.5676e+000 -9.9569e-001
152 0 +1.413594774e-001 +4.753135948e+001 +4.753135948e+001 -5.0913e-001 +2.5652e+000 -9.2371e-001
154 0 +1.401965071e-001 +4.753019651e+001 +4.753019651e+001 -4.6780e-001 +2.6519e+000 -9.0620e-001
188 0 +1.327034246e-001 +4.752270342e+001 +4.752270342e+001 -5.0575e-001 +2.5611e+000 -9.2123e-001
217 0 +1.005809087e-001 +4.749058091e+001 +4.749058091e+001 -5.4987e-001 +2.7071e+000 -8.5527e-001
234 0 +7.317775359e-002 +4.746317775e+001 +4.746317775e+001 -5.0297e-001 +2.6552e+000 -8.5127e-001
247 0 +6.058802831e-002 +4.745058803e+001 +4.745058803e+001 -5.3735e-001 +2.6355e+000 -8.4309e-001
273 0 +4.333917060e-002 +4.743333917e+001 +4.743333917e+001 -4.9878e-001 +2.6196e+000 -8.6803e-001
277 0 +3.656344680e-002 +4.742656345e+001 +4.742656345e+001 -4.9714e-001 +2.6403e+000 -8.6458e-001
283 0 +2.870836612e-002 +4.741870837e+001 +4.741870837e+001 -5.0330e-001 +2.6231e+000 -8.7585e-001
301 0 +1.309480068e-002 +4.740309480e+001 +4.740309480e+001 -4.9850e-001 +2.6360e+000 -8.6448e-001
320 0 +7.679776761e-003 +4.739767978e+001 +4.739767978e+001 -4.9385e-001 +2.6246e+000 -8.6645e-001
361 0 +6.890301819e-003 +4.739689030e+001 +4.739689030e+001 -4.9339e-001 +2.6236e+000 -8.6592e-001
398 0 +5.127122251e-003 +4.739512712e+001 +4.739512712e+001 -4.9499e-001 +2.6285e+000 -8.6593e-001
409 0 +4.563131107e-003 +4.739456313e+001 +4.739456313e+001 -4.9710e-001 +2.6260e+000 -8.6650e-001
416 0 +3.821255100e-003 +4.739382126e+001 +4.739382126e+001 -4.9559e-001 +2.6288e+000 -8.6528e-001
427 0 +2.474882311e-003 +4.739247488e+001 +4.739247488e+001 -4.9740e-001 +2.6292e+000 -8.6522e-001
469 0 +1.808694550e-003 +4.739180869e+001 +4.739180869e+001 -4.9858e-001 +2.6301e+000 -8.6646e-001
478 0 +1.089407478e-003 +4.739108941e+001 +4.739108941e+001 -4.9685e-001 +2.6291e+000 -8.6651e-001
519 0 +6.246895595e-004 +4.739062469e+001 +4.739062469e+001 -4.9769e-001 +2.6297e+000 -8.6656e-001
546 0 +3.647616843e-004 +4.739036476e+001 +4.739036476e+001 -4.9768e-001 +2.6295e+000 -8.6638e-001
581 0 +3.391305145e-004 +4.739033913e+001 +4.739033913e+001 -4.9769e-001 +2.6295e+000 -8.6639e-001
588 0 +2.332334018e-004 +4.739023323e+001 +4.739023323e+001 -4.9776e-001 +2.6297e+000 -8.6643e-001
647 0 +1.707137478e-004 +4.739017071e+001 +4.739017071e+001 -4.9767e-001 +2.6297e+000 -8.6641e-001
656 0 +1.246203610e-004 +4.739012462e+001 +4.739012462e+001 -4.9769e-001 +2.6298e+000 -8.6639e-001
659 0 +1.161086962e-004 +4.739011611e+001 +4.739011611e+001 -4.9774e-001 +2.6298e+000 -8.6640e-001
727 0 +1.132326147e-004 +4.739011323e+001 +4.739011323e+001 -4.9771e-001 +2.6298e+000 -8.6640e-001
751 0 +1.096762462e-004 +4.739010968e+001 +4.739010968e+001 -4.9774e-001 +2.6298e+000 -8.6641e-001
812 0 +1.071345198e-004 +4.739010713e+001 +4.739010713e+001 -4.9772e-001 +2.6298e+000 -8.6640e-001
849 0 +6.838704362e-005 +4.739006839e+001 +4.739006839e+001 -4.9771e-001 +2.6298e+000 -8.6640e-001
918 0 +6.532003582e-005 +4.739006532e+001 +4.739006532e+001 -4.9772e-001 +2.6298e+000 -8.6640e-001
964 0 +6.429899945e-005 +4.739006430e+001 +4.739006430e+001 -4.9771e-001 +2.6298e+000 -8.6640e-001
989 0 +6.297049312e-005 +4.739006297e+001 +4.739006297e+001 -4.9771e-001 +2.6298e+000 -8.6640e-001
1045 0 +6.034729997e-005 +4.739006035e+001 +4.739006035e+001 -4.9772e-001 +2.6298e+000 -8.6640e-001
1105 0 +5.900677959e-005 +4.739005901e+001 +4.739005901e+001 -4.9772e-001 +2.6298e+000 -8.6640e-001
1140 0 +5.869111715e-005 +4.739005869e+001 +4.739005869e+001 -4.9772e-001 +2.6298e+000 -8.6640e-001
1384 0 +5.750417411e-005 +4.739005750e+001 +4.739005750e+001 -4.9772e-001 +2.6298e+000 -8.6640e-001
3638 0 +2.259375159e-005 +4.739002259e+001 +4.739002259e+001 -4.9760e-001 +2.6296e+000 -8.6641e-001
3652 0 +1.620746962e-005 +4.739001621e+001 +4.739001621e+001 -4.9760e-001 +2.6296e+000 -8.6641e-001
3944 0 +4.113148421e-006 +4.739000411e+001 +4.739000411e+001 -4.9760e-001 +2.6296e+000 -8.6640e-001
3973 0 +2.682380241e-006 +4.739000268e+001 +4.739000268e+001 -4.9760e-001 +2.6296e+000 -8.6640e-001
3987 0 +2.599462924e-006 +4.739000260e+001 +4.739000260e+001 -4.9760e-001 +2.6296e+000 -8.6640e-001
4002 0 +2.207254958e-006 +4.739000221e+001 +4.739000221e+001 -4.9760e-001 +2.6296e+000 -8.6640e-001
4030 0 +1.970056218e-006 +4.739000197e+001 +4.739000197e+001 -4.9760e-001 +2.6296e+000 -8.6640e-001
4072 0 +1.935648648e-006 +4.739000194e+001 +4.739000194e+001 -4.9760e-001 +2.6296e+000 -8.6640e-001
4092 0 +8.718157645e-007 +4.739000087e+001 +4.739000087e+001 -4.9760e-001 +2.6296e+000 -8.6640e-001
4113 0 +6.712559752e-007 +4.739000067e+001 +4.739000067e+001 -4.9760e-001 +2.6296e+000 -8.6640e-001
4124 0 +3.435128875e-007 +4.739000034e+001 +4.739000034e+001 -4.9760e-001 +2.6296e+000 -8.6640e-001
4190 0 +2.095751768e-007 +4.739000021e+001 +4.739000021e+001 -4.9760e-001 +2.6296e+000 -8.6640e-001
4230 0 +1.886870322e-007 +4.739000019e+001 +4.739000019e+001 -4.9760e-001 +2.6296e+000 -8.6640e-001
4253 0 +1.586369862e-007 +4.739000016e+001 +4.739000016e+001 -4.9760e-001 +2.6296e+000 -8.6640e-001
4264 0 +1.525550886e-007 +4.739000015e+001 +4.739000015e+001 -4.9760e-001 +2.6296e+000 -8.6640e-001
4293 0 +1.344534937e-007 +4.739000013e+001 +4.739000013e+001 -4.9760e-001 +2.6296e+000 -8.6640e-001
4309 0 +8.961551146e-008 +4.739000009e+001 +4.739000009e+001 -4.9760e-001 +2.6296e+000 -8.6640e-001
4331 0 +4.580197555e-008 +4.739000005e+001 +4.739000005e+001 -4.9760e-001 +2.6296e+000 -8.6640e-001
4371 0 +3.528887049e-008 +4.739000004e+001 +4.739000004e+001 -4.9760e-001 +2.6296e+000 -8.6640e-001
4373 0 +3.106455182e-008 +4.739000003e+001 +4.739000003e+001 -4.9760e-001 +2.6296e+000 -8.6640e-001
4430 0 +1.680326989e-008 +4.739000002e+001 +4.739000002e+001 -4.9760e-001 +2.6296e+000 -8.6640e-001
4443 0 +3.287496497e-009 +4.739000000e+001 +4.739000000e+001 -4.9760e-001 +2.6296e+000 -8.6640e-001
% f evaluations | g evaluations | best noise-free fitness - Fopt (-3.428900000000e+002) + sum g_i+ | measured fitness | best measured fitness or single-digit g-values | x1 | x2...
1 0 +3.272061799e+001 -3.101693820e+002 -3.101693820e+002 -3.4589e+000 +7.8650e-001 +2.0150e+000
2 0 +6.528978238e+000 -3.363610218e+002 -3.363610218e+002 +4.4127e+000 -1.8756e+000 +7.3025e-001
14 0 +6.129748367e+000 -3.367602516e+002 -3.367602516e+002 +8.0703e-001 -1.9673e+000 +2.5348e+000
18 0 +5.463356115e+000 -3.374266439e+002 -3.374266439e+002 +5.8855e-001 -2.5551e+000 +1.5384e+000
29 0 +5.207074266e+000 -3.376829257e+002 -3.376829257e+002 +3.4154e+000 -3.9868e+000 +2.0503e+000
35 0 +4.624060074e+000 -3.382659399e+002 -3.382659399e+002 +1.4842e+000 -2.3724e+000 +2.3570e+000
47 0 +3.240757236e+000 -3.396492428e+002 -3.396492428e+002 +1.4842e+000 -2.0848e+000 +3.3944e+000
53 0 +3.048233133e+000 -3.398417669e+002 -3.398417669e+002 +2.7441e+000 -3.0173e+000 +4.0610e+000
54 0 +1.889795332e+000 -3.410002047e+002 -3.410002047e+002 +3.1891e+000 -2.8935e+000 +4.3203e+000
59 0 +2.384139654e-001 -3.426515860e+002 -3.426515860e+002 +2.1578e+000 -2.7445e+000 +3.3912e+000
183 0 +1.154714186e-001 -3.427745286e+002 -3.427745286e+002 +2.1919e+000 -2.7437e+000 +3.4518e+000
244 0 +1.070167726e-001 -3.427829832e+002 -3.427829832e+002 +2.2170e+000 -2.7187e+000 +3.4783e+000
264 0 +1.035991692e-001 -3.427864008e+002 -3.427864008e+002 +2.2092e+000 -2.7520e+000 +3.4320e+000
269 0 +7.792361744e-002 -3.428120764e+002 -3.428120764e+002 +2.2459e+000 -2.7199e+000 +3.4933e+000
276 0 +6.745861745e-002 -3.428225414e+002 -3.428225414e+002 +2.2399e+000 -2.7520e+000 +3.4518e+000
278 0 +4.324546564e-002 -3.428467545e+002 -3.428467545e+002 +2.2511e+000 -2.7797e+000 +3.4723e+000
304 0 +2.882532084e-002 -3.428611747e+002 -3.428611747e+002 +2.2502e+000 -2.7725e+000 +3.4664e+000
329 0 +2.661525342e-002 -3.428633847e+002 -3.428633847e+002 +2.2403e+000 -2.7611e+000 +3.4715e+000
342 0 +2.402702969e-002 -3.428659730e+002 -3.428659730e+002 +2.2451e+000 -2.7879e+000 +3.4648e+000
343 0 +2.238167952e-002 -3.428676183e+002 -3.428676183e+002 +2.2450e+000 -2.7547e+000 +3.4688e+000
358 0 +2.115837890e-002 -3.428688416e+002 -3.428688416e+002 +2.2393e+000 -2.7776e+000 +3.4628e+000
400 0 +1.546592104e-002 -3.428745341e+002 -3.428745341e+002 +2.2507e+000 -2.7708e+000 +3.4718e+000
412 0 +1.181046588e-002 -3.428781895e+002 -3.428781895e+002 +2.2480e+000 -2.7713e+000 +3.4713e+000
444 0 +7.884986855e-003 -3.428821150e+002 -3.428821150e+002 +2.2441e+000 -2.7661e+000 +3.4727e+000
457 0 +7.721536538e-003 -3.428822785e+002 -3.428822785e+002 +2.2463e+000 -2.7690e+000 +3.4728e+000
467 0 +5.402029541e-003 -3.428845980e+002 -3.428845980e+002 +2.2459e+000 -2.7675e+000 +3.4744e+000
468 0 +4.263104745e-003 -3.428857369e+002 -3.428857369e+002 +2.2433e+000 -2.7701e+000 +3.4727e+000
485 0 +3.633686352e-003 -3.428863663e+002 -3.428863663e+002 +2.2445e+000 -2.7735e+000 +3.4712e+000
510 0 +2.594699149e-003 -3.428874053e+002 -3.428874053e+002 +2.2430e+000 -2.7682e+000 +3.4738e+000
528 0 +1.871511288e-003 -3.428881285e+002 -3.428881285e+002 +2.2429e+000 -2.7697e+000 +3.4725e+000
534 0 +1.161976265e-003 -3.428888380e+002 -3.428888380e+002 +2.2445e+000 -2.7710e+000 +3.4726e+000
582 0 +7.131479451e-004 -3.428892869e+002 -3.428892869e+002 +2.2442e+000 -2.7711e+000 +3.4725e+000
623 0 +5.550564568e-004 -3.428894449e+002 -3.428894449e+002 +2.2439e+000 -2.7701e+000 +3.4728e+000
627 0 +2.950700822e-004 -3.428897049e+002 -3.428897049e+002 +2.2441e+000 -2.7703e+000 +3.4728e+000
638 0 +1.282516429e-004 -3.428898717e+002 -3.428898717e+002 +2.2439e+000 -2.7704e+000 +3.4727e+000
726 0 +1.093744885e-004 -3.428898906e+002 -3.428898906e+002 +2.2439e+000 -2.7704e+000 +3.4728e+000
870 0 +1.059124189e-004 -3.428898941e+002 -3.428898941e+002 +2.2439e+000 -2.7704e+000 +3.4728e+000
897 0 +9.584381644e-005 -3.428899042e+002 -3.428899042e+002 +2.2439e+000 -2.7704e+000 +3.4728e+000
909 0 +9.227496383e-005 -3.428899077e+002 -3.428899077e+002 +2.2440e+000 -2.7704e+000 +3.4728e+000
915 0 +7.052709321e-005 -3.428899295e+002 -3.428899295e+002 +2.2440e+000 -2.7704e+000 +3.4728e+000
965 0 +6.537459018e-005 -3.428899346e+002 -3.428899346e+002 +2.2439e+000 -2.7704e+000 +3.4728e+000
1021 0 +6.359719720e-005 -3.428899364e+002 -3.428899364e+002 +2.2439e+000 -2.7704e+000 +3.4728e+000
1034 0 +6.055532663e-005 -3.428899394e+002 -3.428899394e+002 +2.2439e+000 -2.7704e+000 +3.4728e+000
1120 0 +6.003014056e-005 -3.428899400e+002 -3.428899400e+002 +2.2439e+000 -2.7704e+000 +3.4728e+000
1168 0 +5.886582341e-005 -3.428899411e+002 -3.428899411e+002 +2.2439e+000 -2.7704e+000 +3.4728e+000
1267 0 +5.750887811e-005 -3.428899425e+002 -3.428899425e+002 +2.2439e+000 -2.7704e+000 +3.4728e+000
3037 0 +3.410248718e-005 -3.428899659e+002 -3.428899659e+002 +2.2440e+000 -2.7704e+000 +3.4728e+000
3188 0 +3.088032406e-005 -3.428899691e+002 -3.428899691e+002 +2.2440e+000 -2.7704e+000 +3.4728e+000
3194 0 +1.058028892e-005 -3.428899894e+002 -3.428899894e+002 +2.2440e+000 -2.7704e+000 +3.4728e+000
3249 0 +9.871882810e-006 -3.428899901e+002 -3.428899901e+002 +2.2440e+000 -2.7704e+000 +3.4728e+000
3330 0 +1.821004560e-006 -3.428899982e+002 -3.428899982e+002 +2.2440e+000 -2.7704e+000 +3.4728e+000
3362 0 +9.012662758e-007 -3.428899991e+002 -3.428899991e+002 +2.2440e+000 -2.7704e+000 +3.4728e+000
3441 0 +3.696078466e-007 -3.428899996e+002 -3.428899996e+002 +2.2440e+000 -2.7704e+000 +3.4728e+000
3483 0 +3.084389277e-007 -3.428899997e+002 -3.428899997e+002 +2.2440e+000 -2.7704e+000 +3.4728e+000
3551 0 +1.893889703e-007 -3.428899998e+002 -3.428899998e+002 +2.2440e+000 -2.7704e+000 +3.4728e+000
3609 0 +2.671646371e-008 -3.428900000e+002 -3.428900000e+002 +2.2440e+000 -2.7704e+000 +3.4728e+000
3816 0 +2.535966814e-008 -3.428900000e+002 -3.428900000e+002 +2.2440e+000 -2.7704e+000 +3.4728e+000
3825 0 +7.405617453e-009 -3.428900000e+002 -3.428900000e+002 +2.2440e+000 -2.7704e+000 +3.4728e+000
% f evaluations | g evaluations | best noise-free fitness - Fopt (9.102000000000e+001) + sum g_i+ | measured fitness | best measured fitness or single-digit g-values | x1 | x2...
1 0 +1.713472669e+001 +1.081547267e+002 +1.081547267e+002 +4.1153e+000 +5.5242e-001 -1.3973e+000
4 0 +1.493532568e+001 +1.059553257e+002 +1.059553257e+002 +2.9558e+000 +1.4677e+000 +2.7514e+000
6 0 +5.386545018e+000 +9.640654502e+001 +9.640654502e+001 -3.8513e-001 -2.5502e+000 +2.3953e+000
64 0 +1.451876277e+000 +9.247187628e+001 +9.247187628e+001 +3.4823e-001 -6.2411e-001 +3.2353e+000
88 0 +1.390169859e+000 +9.241016986e+001 +9.241016986e+001 +9.7086e-002 +4.5654e-001 +2.1221e+000
92 0 +1.291603160e+000 +9.231160316e+001 +9.231160316e+001 +6.5123e-001 -5.5792e-001 +2.3834e+000
132 0 +1.073160195e+000 +9.209316019e+001 +9.209316019e+001 +7.2254e-001 -6.5522e-001 +3.0097e+000
137 0 +7.667615912e-001 +9.178676159e+001 +9.178676159e+001 +7.4279e-001 -7.9500e-001 +2.8251e+000
160 0 +3.769996949e-001 +9.139699969e+001 +9.139699969e+001 +7.2106e-001 -7.0624e-001 +3.1975e+000
167 0 +2.120309573e-001 +9.123203096e+001 +9.123203096e+001 +5.3530e-001 -7.1940e-001 +3.1894e+000
257 0 +1.637183321e-001 +9.118371833e+001 +9.118371833e+001 +5.9729e-001 -8.3648e-001 +3.3058e+000
258 0 +1.437046398e-001 +9.116370464e+001 +9.116370464e+001 +5.5986e-001 -7.5721e-001 +3.1437e+000
275 0 +1.364235455e-001 +9.115642355e+001 +9.115642355e+001 +5.3210e-001 -8.4001e-001 +3.1383e+000
304 0 +9.349239318e-002 +9.111349239e+001 +9.111349239e+001 +5.5195e-001 -8.5056e-001 +3.2176e+000
311 0 +7.440764618e-002 +9.109440765e+001 +9.109440765e+001 +5.5136e-001 -8.3923e-001 +3.2083e+000
337 0 +3.542286381e-002 +9.105542286e+001 +9.105542286e+001 +5.5789e-001 -8.5187e-001 +3.2334e+000
353 0 +9.134283415e-003 +9.102913428e+001 +9.102913428e+001 +5.5576e-001 -8.6241e-001 +3.2443e+000
441 0 +7.452337881e-003 +9.102745234e+001 +9.102745234e+001 +5.6182e-001 -8.7430e-001 +3.2594e+000
471 0 +4.113811814e-003 +9.102411381e+001 +9.102411381e+001 +5.6259e-001 -8.7755e-001 +3.2587e+000
510 0 +3.909494923e-003 +9.102390949e+001 +9.102390949e+001 +5.6136e-001 -8.7425e-001 +3.2558e+000
513 0 +3.722630681e-003 +9.102372263e+001 +9.102372263e+001 +5.6216e-001 -8.7617e-001 +3.2587e+000
545 0 +3.022113484e-003 +9.102302211e+001 +9.102302211e+001 +5.6133e-001 -8.7165e-001 +3.2562e+000
570 0 +1.944774135e-003 +9.102194477e+001 +9.102194477e+001 +5.6223e-001 -8.7529e-001 +3.2586e+000
591 0 +1.498003763e-003 +9.102149800e+001 +9.102149800e+001 +5.6239e-001 -8.7505e-001 +3.2583e+000
594 0 +5.555269096e-004 +9.102055553e+001 +9.102055553e+001 +5.6259e-001 -8.7448e-001 +3.2577e+000
664 0 +4.429833780e-004 +9.102044298e+001 +9.102044298e+001 +5.6231e-001 -8.7435e-001 +3.2577e+000
679 0 +3.767456188e-004 +9.102037675e+001 +9.102037675e+001 +5.6252e-001 -8.7465e-001 +3.2577e+000
690 0 +3.198483363e-004 +9.102031985e+001 +9.102031985e+001 +5.6234e-001 -8.7461e-001 +3.2577e+000
702 0 +2.343346409e-004 +9.102023433e+001 +9.102023433e+001 +5.6252e-001 -8.7455e-001 +3.2577e+000
811 0 +1.230217974e-004 +9.102012302e+001 +9.102012302e+001 +5.6242e-001 -8.7456e-001 +3.2577e+000
826 0 +1.121945113e-004 +9.102011219e+001 +9.102011219e+001 +5.6244e-001 -8.7455e-001 +3.2577e+000
884 0 +6.875589376e-005 +9.102006876e+001 +9.102006876e+001 +5.6238e-001 -8.7441e-001 +3.2576e+000
908 0 +3.496619851e-005 +9.102003497e+001 +9.102003497e+001 +5.6239e-001 -8.7438e-001 +3.2576e+000
917 0 +3.453759322e-005 +9.102003454e+001 +9.102003454e+001 +5.6239e-001 -8.7440e-001 +3.2576e+000
927 0 +3.235658245e-005 +9.102003236e+001 +9.102003236e+001 +5.6238e-001 -8.7441e-001 +3.2576e+000
955 0 +3.125803137e-005 +9.102003126e+001 +9.102003126e+001 +5.6240e-001 -8.7442e-001 +3.2576e+000
971 0 +3.018160317e-005 +9.102003018e+001 +9.102003018e+001 +5.6240e-001 -8.7441e-001 +3.2576e+000
976 0 +2.127948144e-005 +9.102002128e+001 +9.102002128e+001 +5.6241e-001 -8.7441e-001 +3.2576e+000
990 0 +1.588993862e-005 +9.102001589e+001 +9.102001589e+001 +5.6241e-001 -8.7441e-001 +3.2576e+000
1057 0 +1.380831733e-005 +9.102001381e+001 +9.102001381e+001 +5.6241e-001 -8.7440e-001 +3.2576e+000
1066 0 +1.099598251e-005 +9.102001100e+001 +9.102001100e+001 +5.6241e-001 -8.7441e-001 +3.2576e+000
1072 0 +1.013908953e-005 +9.102001014e+001 +9.102001014e+001 +5.6240e-001 -8.7440e-001 +3.2576e+000
1095 0 +8.558507560e-006 +9.102000856e+001 +9.102000856e+001 +5.6240e-001 -8.7440e-001 +3.2576e+000
1151 0 +7.743762666e-006 +9.102000774e+001 +9.102000774e+001 +5.6240e-001 -8.7440e-001 +3.2576e+000
1387 0 +7.517280707e-006 +9.102000752e+001 +9.102000752e+001 +5.6240e-001 -8.7440e-001 +3.2576e+000
1473 0 +7.401519255e-006 +9.102000740e+001 +9.102000740e+001 +5.6240e-001 -8.7440e-001 +3.2576e+000
1681 0 +7.230744998e-006 +9.102000723e+001 +9.102000723e+001 +5.6240e-001 -8.7440e-001 +3.2576e+000
3862 0 +4.043654116e-006 +9.102000404e+001 +9.102000404e+001 +5.6240e-001 -8.7440e-001 +3.2576e+000
3863 0 +2.534078007e-006 +9.102000253e+001 +9.102000253e+001 +5.6240e-001 -8.7440e-001 +3.2576e+000
3904 0 +9.806805537e-007 +9.102000098e+001 +9.102000098e+001 +5.6240e-001 -8.7440e-001 +3.2576e+000
3984 0 +9.083750996e-007 +9.102000091e+001 +9.102000091e+001 +5.6240e-001 -8.7440e-001 +3.2576e+000
4022 0 +6.553896981e-007 +9.102000066e+001 +9.102000066e+001 +5.6240e-001 -8.7440e-001 +3.2576e+000
4035 0 +2.940637813e-007 +9.102000029e+001 +9.102000029e+001 +5.6240e-001 -8.7440e-001 +3.2576e+000
4088 0 +1.270669685e-007 +9.102000013e+001 +9.102000013e+001 +5.6240e-001 -8.7440e-001 +3.2576e+000
4139 0 +1.152593256e-007 +9.102000012e+001 +9.102000012e+001 +5.6240e-001 -8.7440e-001 +3.2576e+000
4168 0 +7.795721046e-008 +9.102000008e+001 +9.102000008e+001 +5.6240e-001 -8.7440e-001 +3.2576e+000
4184 0 +3.631086543e-008 +9.102000004e+001 +9.102000004e+001 +5.6240e-001 -8.7440e-001 +3.2576e+000
4234 0 +3.627359035e-008 +9.102000004e+001 +9.102000004e+001 +5.6240e-001 -8.7440e-001 +3.2576e+000
4239 0 +2.032371071e-008 +9.102000002e+001 +9.102000002e+001 +5.6240e-001 -8.7440e-001 +3.2576e+000
4259 0 +1.246628756e-008 +9.102000001e+001 +9.102000001e+001 +5.6240e-001 -8.7440e-001 +3.2576e+000
4307 0 +1.223006052e-008 +9.102000001e+001 +9.102000001e+001 +5.6240e-001 -8.7440e-001 +3.2576e+000
4322 0 +1.175492059e-008 +9.102000001e+001 +9.102000001e+001 +5.6240e-001 -8.7440e-001 +3.2576e+000
4335 0 +1.128495342e-008 +9.102000001e+001 +9.102000001e+001 +5.6240e-001 -8.7440e-001 +3.2576e+000
4352 0 +8.090907500e-009 +9.102000001e+001 +9.102000001e+001 +5.6240e-001 -8.7440e-001 +3.2576e+000
% f evaluations | g evaluations | best noise-free fitness - Fopt (7.324200000000e+002) + sum g_i+ | measured fitness | best measured fitness or single-digit g-values | x1 | x2...
1 0 +3.492691347e+001 +7.673469135e+002 +7.673469135e+002 +1.3768e+000 +3.7006e+000 +1.1487e+000
2 0 +8.400439753e+000 +7.408204398e+002 +7.408204398e+002 -4.2739e+000 -2.7556e+000 +1.1863e+000
9 0 +6.962886583e+000 +7.393828866e+002 +7.393828866e+002 -3.7232e+000 -4.9517e+000 +2.8994e+000
14 0 +3.404662606e+000 +7.358246626e+002 +7.358246626e+002 -4.2739e+000 -2.6948e+000 +2.5076e+000
37 0 +2.271155354e+000 +7.346911554e+002 +7.346911554e+002 -3.8949e+000 -2.4615e+000 +1.6317e+000
71 0 +1.781522870e+000 +7.342015229e+002 +7.342015229e+002 -4.9407e+000 -2.7661e+000 +2.7893e+000
92 0 +1.478605562e+000 +7.338986056e+002 +7.338986056e+002 -4.4230e+000 -2.4463e+000 +2.4149e+000
102 0 +9.156007438e-001 +7.333356007e+002 +7.333356007e+002 -3.1575e+000 -2.0842e+000 +2.4765e+000
132 0 +8.914897649e-001 +7.333114898e+002 +7.333114898e+002 -2.6885e+000 -2.2565e+000 +2.0218e+000
135 0 +4.680235091e-001 +7.328880235e+002 +7.328880235e+002 -2.6614e+000 -2.3435e+000 +2.2494e+000
144 0 +4.492347753e-001 +7.328692348e+002 +7.328692348e+002 -2.8310e+000 -2.2354e+000 +2.1690e+000
166 0 +3.968710227e-001 +7.328168710e+002 +7.328168710e+002 -2.8280e+000 -2.5098e+000 +2.3026e+000
180 0 +2.868172240e-001 +7.327068172e+002 +7.327068172e+002 -2.7578e+000 -2.4048e+000 +2.0883e+000
202 0 +2.026117288e-001 +7.326226117e+002 +7.326226117e+002 -2.6224e+000 -2.3859e+000 +2.1356e+000
206 0 +1.575313286e-001 +7.325775313e+002 +7.325775313e+002 -2.7822e+000 -2.4064e+000 +2.1078e+000
237 0 +1.435336516e-001 +7.325635337e+002 +7.325635337e+002 -2.7697e+000 -2.3758e+000 +2.1363e+000
239 0 +1.359231315e-001 +7.325559231e+002 +7.325559231e+002 -2.6941e+000 -2.3563e+000 +2.1192e+000
246 0 +8.931758481e-002 +7.325093176e+002 +7.325093176e+002 -2.5770e+000 -2.3712e+000 +2.1210e+000
270 0 +8.301631996e-002 +7.325030163e+002 +7.325030163e+002 -2.6331e+000 -2.3629e+000 +2.1518e+000
287 0 +7.220510506e-002 +7.324922051e+002 +7.324922051e+002 -2.7535e+000 -2.4023e+000 +2.1949e+000
304 0 +5.260641186e-002 +7.324726064e+002 +7.324726064e+002 -2.7451e+000 -2.3804e+000 +2.1724e+000
311 0 +4.981983810e-002 +7.324698198e+002 +7.324698198e+002 -2.7913e+000 -2.3907e+000 +2.1979e+000
325 0 +4.149396048e-002 +7.324614940e+002 +7.324614940e+002 -2.7733e+000 -2.3856e+000 +2.1918e+000
338 0 +2.296863697e-002 +7.324429686e+002 +7.324429686e+002 -2.7231e+000 -2.3804e+000 +2.1711e+000
358 0 +1.198270654e-002 +7.324319827e+002 +7.324319827e+002 -2.7513e+000 -2.3855e+000 +2.1906e+000
359 0 +8.754050873e-003 +7.324287541e+002 +7.324287541e+002 -2.7389e+000 -2.3828e+000 +2.1773e+000
421 0 +8.142799729e-003 +7.324281428e+002 +7.324281428e+002 -2.7428e+000 -2.3841e+000 +2.1793e+000
441 0 +4.314397542e-003 +7.324243144e+002 +7.324243144e+002 -2.7372e+000 -2.3829e+000 +2.1794e+000
490 0 +3.266511656e-003 +7.324232665e+002 +7.324232665e+002 -2.7398e+000 -2.3834e+000 +2.1813e+000
500 0 +2.433210819e-003 +7.324224332e+002 +7.324224332e+002 -2.7390e+000 -2.3828e+000 +2.1810e+000
509 0 +2.131711283e-003 +7.324221317e+002 +7.324221317e+002 -2.7394e+000 -2.3834e+000 +2.1812e+000
548 0 +1.963212650e-003 +7.324219632e+002 +7.324219632e+002 -2.7396e+000 -2.3827e+000 +2.1818e+000
576 0 +1.693810824e-003 +7.324216938e+002 +7.324216938e+002 -2.7391e+000 -2.3828e+000 +2.1813e+000
581 0 +1.474640103e-003 +7.324214746e+002 +7.324214746e+002 -2.7402e+000 -2.3828e+000 +2.1816e+000
592 0 +7.010821604e-004 +7.324207011e+002 +7.324207011e+002 -2.7394e+000 -2.3821e+000 +2.1816e+000
612 0 +6.555194723e-004 +7.324206555e+002 +7.324206555e+002 -2.7383e+000 -2.3823e+000 +2.1813e+000
643 0 +3.785667499e-004 +7.324203786e+002 +7.324203786e+002 -2.7389e+000 -2.3823e+000 +2.1815e+000
680 0 +2.810984967e-004 +7.324202811e+002 +7.324202811e+002 -2.7394e+000 -2.3825e+000 +2.1816e+000
779 0 +2.539252851e-004 +7.324202539e+002 +7.324202539e+002 -2.7392e+000 -2.3824e+000 +2.1815e+000
811 0 +2.305957184e-004 +7.324202306e+002 +7.324202306e+002 -2.7393e+000 -2.3825e+000 +2.1817e+000
859 0 +1.179022488e-004 +7.324201179e+002 +7.324201179e+002 -2.7392e+000 -2.3824e+000 +2.1816e+000
880 0 +1.079227505e-004 +7.324201079e+002 +7.324201079e+002 -2.7390e+000 -2.3824e+000 +2.1815e+000
953 0 +2.908908266e-005 +7.324200291e+002 +7.324200291e+002 -2.7392e+000 -2.3824e+000 +2.1816e+000
1007 0 +2.425225387e-005 +7.324200243e+002 +7.324200243e+002 -2.7392e+000 -2.3824e+000 +2.1816e+000
1009 0 +1.245715453e-005 +7.324200125e+002 +7.324200125e+002 -2.7392e+000 -2.3824e+000 +2.1816e+000
1035 0 +1.142440465e-005 +7.324200114e+002 +7.324200114e+002 -2.7392e+000 -2.3824e+000 +2.1816e+000
1091 0 +7.288325719e-006 +7.324200073e+002 +7.324200073e+002 -2.7392e+000 -2.3824e+000 +2.1816e+000
1137 0 +6.914080473e-006 +7.324200069e+002 +7.324200069e+002 -2.7392e+000 -2.3824e+000 +2.1816e+000
1158 0 +6.657002018e-006 +7.324200067e+002 +7.324200067e+002 -2.7392e+000 -2.3824e+000 +2.1816e+000
1161 0 +3.638172529e-006 +7.324200036e+002 +7.324200036e+002 -2.7392e+000 -2.3824e+000 +2.1816e+000
1163 0 +2.227629579e-006 +7.324200022e+002 +7.324200022e+002 -2.7392e+000 -2.3824e+000 +2.1816e+000
1209 0 +1.271281803e-006 +7.324200013e+002 +7.324200013e+002 -2.7392e+000 -2.3824e+000 +2.1816e+000
1221 0 +1.146612021e-006 +7.324200011e+002 +7.324200011e+002 -2.7392e+000 -2.3824e+000 +2.1816e+000
1247 0 +1.017021987e-006 +7.324200010e+002 +7.324200010e+002 -2.7392e+000 -2.3824e+000 +2.1816e+000
1265 0 +9.584247209e-007 +7.324200010e+002 +7.324200010e+002 -2.7392e+000 -2.3824e+000 +2.1816e+000
1276 0 +6.380288369e-007 +7.324200006e+002 +7.324200006e+002 -2.7392e+000 -2.3824e+000 +2.1816e+000
1282 0 +5.873994269e-007 +7.324200006e+002 +7.324200006e+002 -2.7392e+000 -2.3824e+000 +2.1816e+000
1290 0 +5.465153663e-007 +7.324200005e+002 +7.324200005e+002 -2.7392e+000 -2.3824e+000 +2.1816e+000
1295 0 +4.154735507e-007 +7.324200004e+002 +7.324200004e+002 -2.7392e+000 -2.3824e+000 +2.1816e+000
1316 0 +3.927887064e-007 +7.324200004e+002 +7.324200004e+002 -2.7392e+000 -2.3824e+000 +2.1816e+000
1320 0 +3.396457942e-007 +7.324200003e+002 +7.324200003e+002 -2.7392e+000 -2.3824e+000 +2.1816e+000
1322 0 +9.030804904e-008 +7.324200001e+002 +7.324200001e+002 -2.7392e+000 -2.3824e+000 +2.1816e+000
1387 0 +7.220023690e-008 +7.324200001e+002 +7.324200001e+002 -2.7392e+000 -2.3824e+000 +2.1816e+000
1402 0 +6.073332770e-008 +7.324200001e+002 +7.324200001e+002 -2.7392e+000 -2.3824e+000 +2.1816e+000
1419 0 +4.593891845e-008 +7.324200000e+002 +7.324200000e+002 -2.7392e+000 -2.3824e+000 +2.1816e+000
1423 0 +4.568835266e-008 +7.324200000e+002 +7.324200000e+002 -2.7392e+000 -2.3824e+000 +2.1816e+000
1440 0 +4.000560239e-008 +7.324200000e+002 +7.324200000e+002 -2.7392e+000 -2.3824e+000 +2.1816e+000
1445 0 +2.250624220e-008 +7.324200000e+002 +7.324200000e+002 -2.7392e+000 -2.3824e+000 +2.1816e+000
1471 0 +2.010813205e-008 +7.324200000e+002 +7.324200000e+002 -2.7392e+000 -2.3824e+000 +2.1816e+000
1473 0 +6.184222912e-009 +7.324200000e+002 +7.324200000e+002 -2.7392e+000 -2.3824e+000 +2.1816e+000
% f evaluations | g evaluations | best noise-free fitness - Fopt (3.542000000000e+001) + sum g_i+ | measured fitness | best measured fitness or single-digit g-values | x1 | x2...
1 0 +1.344615033e+001 +4.886615033e+001 +4.886615033e+001 +1.2187e+000 -1.0862e+000 -3.1578e+000
3 0 +4.331247171e+000 +3.975124717e+001 +3.975124717e+001 +2.3382e+000 -4.1788e+000 +9.0069e-001
7 0 +2.041520712e+000 +3.746152071e+001 +3.746152071e+001 +3.5515e+000 -1.8085e+000 -1.1401e+000
43 0 +1.897140642e+000 +3.731714064e+001 +3.731714064e+001 +3.5515e+000 -2.2754e+000 -9.0835e-001
55 0 +7.418213782e-001 +3.616182138e+001 +3.616182138e+001 +4.2860e+000 -1.3338e+000 -1.3758e+000
93 0 +6.844684378e-001 +3.610446844e+001 +3.610446844e+001 +3.3761e+000 -2.9290e+000 -2.5219e-001
178 0 +6.633347774e-001 +3.608333478e+001 +3.608333478e+001 +3.8054e+000 -2.3028e+000 -1.9987e-001
192 0 +5.796167384e-001 +3.599961674e+001 +3.599961674e+001 +3.8098e+000 -2.4406e+000 -6.0088e-001
196 0 +5.375817835e-001 +3.595758178e+001 +3.595758178e+001 +3.6886e+000 -2.5036e+000 -6.6221e-001
198 0 +3.699464944e-001 +3.578994649e+001 +3.578994649e+001 +3.8781e+000 -2.2799e+000 -8.0567e-001
217 0 +2.966123037e-001 +3.571661230e+001 +3.571661230e+001 +3.7249e+000 -2.3951e+000 -6.5640e-001
228 0 +2.371213703e-001 +3.565712137e+001 +3.565712137e+001 +3.6723e+000 -2.4474e+000 -6.2323e-001
240 0 +1.634745636e-001 +3.558347456e+001 +3.558347456e+001 +3.6299e+000 -2.4273e+000 -6.2429e-001
284 0 +8.089111265e-002 +3.550089111e+001 +3.550089111e+001 +3.6740e+000 -2.3665e+000 -6.8276e-001
344 0 +4.359457286e-002 +3.546359457e+001 +3.546359457e+001 +3.6867e+000 -2.3728e+000 -6.7918e-001
401 0 +3.701954946e-002 +3.545701955e+001 +3.545701955e+001 +3.6846e+000 -2.3745e+000 -6.4394e-001
437 0 +3.612768501e-002 +3.545612769e+001 +3.545612769e+001 +3.6846e+000 -2.3745e+000 -6.4440e-001
466 0 +3.122488796e-002 +3.545122489e+001 +3.545122489e+001 +3.7020e+000 -2.3411e+000 -6.6266e-001
485 0 +2.012661573e-002 +3.544012662e+001 +3.544012662e+001 +3.6901e+000 -2.3417e+000 -6.4814e-001
514 0 +1.787902368e-003 +3.542178790e+001 +3.542178790e+001 +3.6869e+000 -2.3469e+000 -6.5822e-001
647 0 +7.566567583e-004 +3.542075666e+001 +3.542075666e+001 +3.6858e+000 -2.3487e+000 -6.5704e-001
742 0 +7.018456314e-004 +3.542070185e+001 +3.542070185e+001 +3.6869e+000 -2.3471e+000 -6.5812e-001
762 0 +4.489506445e-004 +3.542044895e+001 +3.542044895e+001 +3.6865e+000 -2.3478e+000 -6.5760e-001
772 0 +3.668996205e-004 +3.542036690e+001 +3.542036690e+001 +3.6866e+000 -2.3478e+000 -6.5771e-001
777 0 +2.320381113e-004 +3.542023204e+001 +3.542023204e+001 +3.6862e+000 -2.3482e+000 -6.5744e-001
785 0 +1.651114608e-004 +3.542016511e+001 +3.542016511e+001 +3.6864e+000 -2.3480e+000 -6.5759e-001
887 0 +1.408769884e-004 +3.542014088e+001 +3.542014088e+001 +3.6863e+000 -2.3481e+000 -6.5750e-001
923 0 +1.152827450e-004 +3.542011528e+001 +3.542011528e+001 +3.6863e+000 -2.3481e+000 -6.5750e-001
934 0 +1.056459022e-004 +3.542010565e+001 +3.542010565e+001 +3.6865e+000 -2.3478e+000 -6.5769e-001
957 0 +9.301590311e-005 +3.542009302e+001 +3.542009302e+001 +3.6864e+000 -2.3480e+000 -6.5762e-001
976 0 +7.109232052e-005 +3.542007109e+001 +3.542007109e+001 +3.6864e+000 -2.3480e+000 -6.5762e-001
984 0 +4.755391861e-005 +3.542004755e+001 +3.542004755e+001 +3.6864e+000 -2.3480e+000 -6.5758e-001
1014 0 +3.762444893e-005 +3.542003762e+001 +3.542003762e+001 +3.6864e+000 -2.3480e+000 -6.5761e-001
1018 0 +2.965553104e-005 +3.542002966e+001 +3.542002966e+001 +3.6864e+000 -2.3480e+000 -6.5762e-001
1048 0 +1.993616527e-005 +3.542001994e+001 +3.542001994e+001 +3.6864e+000 -2.3480e+000 -6.5761e-001
1140 0 +8.259494130e-006 +3.542000826e+001 +3.542000826e+001 +3.6864e+000 -2.3480e+000 -6.5760e-001
1195 0 +1.362373375e-006 +3.542000136e+001 +3.542000136e+001 +3.6864e+000 -2.3480e+000 -6.5760e-001
1291 0 +9.165513859e-007 +3.542000092e+001 +3.542000092e+001 +3.6864e+000 -2.3480e+000 -6.5760e-001
1311 0 +6.012285283e-007 +3.542000060e+001 +3.542000060e+001 +3.6864e+000 -2.3480e+000 -6.5760e-001
1323 0 +3.509126287e-007 +3.542000035e+001 +3.542000035e+001 +3.6864e+000 -2.3480e+000 -6.5760e-001
1350 0 +2.415883031e-007 +3.542000024e+001 +3.542000024e+001 +3.6864e+000 -2.3480e+000 -6.5760e-001
1456 0 +2.246807753e-007 +3.542000022e+001 +3.542000022e+001 +3.6864e+000 -2.3480e+000 -6.5760e-001
1482 0 +2.026947570e-007 +3.542000020e+001 +3.542000020e+001 +3.6864e+000 -2.3480e+000 -6.5760e-001
1491 0 +1.836033832e-007 +3.542000018e+001 +3.542000018e+001 +3.6864e+000 -2.3480e+000 -6.5760e-001
1539 0 +1.552229278e-007 +3.542000016e+001 +3.542000016e+001 +3.6864e+000 -2.3480e+000 -6.5760e-001
1556 0 +1.192639516e-007 +3.542000012e+001 +3.542000012e+001 +3.6864e+000 -2.3480e+000 -6.5760e-001
1559 0 +5.841057771e-008 +3.542000006e+001 +3.542000006e+001 +3.6864e+000 -2.3480e+000 -6.5760e-001
1611 0 +3.932780857e-008 +3.542000004e+001 +3.542000004e+001 +3.6864e+000 -2.3480e+000 -6.5760e-001
1617 0 +2.125943155e-008 +3.542000002e+001 +3.542000002e+001 +3.6864e+000 -2.3480e+000 -6.5760e-001
1654 0 +8.164562360e-009 +3.542000001e+001 +3.542000001e+001 +3.6864e+000 -2.3480e+000 -6.5760e-001
