% f evaluations | g evaluations | best noise-free fitness - Fopt (-1.694000000000e+001) + sum g_i+ | measured fitness | best measured fitness or single-digit g-values | x1 | x2...
1 0 +2.406049728e+001 +7.120497283e+000 +7.120497283e+000 +3.8367e-001 -1.0885e+000
2 0 +1.145351418e+001 -5.486485825e+000 -5.486485825e+000 +2.7708e+000 -6.3625e-001
4 0 +8.412532191e+000 -8.527467809e+000 -8.527467809e+000 +5.0000e+000 -5.0000e+000
5 0 +6.901767334e+000 -1.003823267e+001 -1.003823267e+001 +3.7890e+000 -4.6013e-001
10 0 +3.194082326e+000 -1.374591767e+001 -1.374591767e+001 +3.9304e+000 -3.9580e-001
25 0 +2.464383310e+000 -1.447561669e+001 -1.447561669e+001 +3.4697e+000 +7.7050e-001
33 0 +1.851034736e+000 -1.508896526e+001 -1.508896526e+001 +3.9583e+000 +1.1429e+000
54 0 +1.366800446e+000 -1.557319955e+001 -1.557319955e+001 +3.7762e+000 +3.2669e+000
55 0 +1.103618338e+000 -1.583638166e+001 -1.583638166e+001 +3.6276e+000 +3.0434e+000
63 0 +9.042428038e-001 -1.603575720e+001 -1.603575720e+001 +3.7970e+000 +1.8480e+000
71 0 +1.199714566e-001 -1.682002854e+001 -1.682002854e+001 +3.6337e+000 +2.6135e+000
95 0 +9.876892257e-002 -1.684123108e+001 -1.684123108e+001 +3.6252e+000 +2.6478e+000
127 0 +1.934189261e-002 -1.692065811e+001 -1.692065811e+001 +3.6514e+000 +2.5433e+000
190 0 +8.057706587e-003 -1.693194229e+001 -1.693194229e+001 +3.6529e+000 +2.5503e+000
204 0 +7.906130483e-003 -1.693209387e+001 -1.693209387e+001 +3.6544e+000 +2.5573e+000
216 0 +3.952305871e-003 -1.693604769e+001 -1.693604769e+001 +3.6567e+000 +2.5471e+000
219 0 +3.034035637e-003 -1.693696596e+001 -1.693696596e+001 +3.6551e+000 +2.5490e+000
250 0 +9.150121787e-004 -1.693908499e+001 -1.693908499e+001 +3.6559e+000 +2.5499e+000
312 0 +3.059308533e-004 -1.693969407e+001 -1.693969407e+001 +3.6559e+000 +2.5498e+000
316 0 +2.380855445e-004 -1.693976191e+001 -1.693976191e+001 +3.6561e+000 +2.5494e+000
348 0 +2.295099105e-004 -1.693977049e+001 -1.693977049e+001 +3.6561e+000 +2.5494e+000
1609 0 +1.328249424e-004 -1.693986718e+001 -1.693986718e+001 +3.6560e+000 +2.5496e+000
1616 0 +8.360661158e-005 -1.693991639e+001 -1.693991639e+001 +3.6560e+000 +2.5496e+000
1637 0 +2.967980226e-005 -1.693997032e+001 -1.693997032e+001 +3.6560e+000 +2.5496e+000
1642 0 +2.881578378e-005 -1.693997118e+001 -1.693997118e+001 +3.6560e+000 +2.5496e+000
1700 0 +2.290806527e-005 -1.693997709e+001 -1.693997709e+001 +3.6560e+000 +2.5496e+000
1709 0 +1.536205179e-006 -1.693999846e+001 -1.693999846e+001 +3.6560e+000 +2.5496e+000
1857 0 +1.015064363e-006 -1.693999898e+001 -1.693999898e+001 +3.6560e+000 +2.5496e+000
1885 0 +4.203243549e-007 -1.693999958e+001 -1.693999958e+001 +3.6560e+000 +2.5496e+000
1946 0 +3.033939500e-007 -1.693999970e+001 -1.693999970e+001 +3.6560e+000 +2.5496e+000
1975 0 +2.424340231e-007 -1.693999976e+001 -1.693999976e+001 +3.6560e+000 +2.5496e+000
2002 0 +9.560358549e-008 -1.693999990e+001 -1.693999990e+001 +3.6560e+000 +2.5496e+000
2003 0 +2.993365911e-008 -1.693999997e+001 -1.693999997e+001 +3.6560e+000 +2.5496e+000
2009 0 +2.697057866e-008 -1.693999997e+001 -1.693999997e+001 +3.6560e+000 +2.5496e+000
2052 0 +1.165314956e-008 -1.693999999e+001 -1.693999999e+001 +3.6560e+000 +2.5496e+000
2102 0 +9.427253644e-009 -1.693999999e+001 -1.693999999e+001 +3.6560e+000 +2.5496e+000
% f evaluations | g evaluations | best noise-free fitness - Fopt (1.881000000000e+001) + sum g_i+ | measured fitness | best measured fitness or single-digit g-values | x1 | x2...
1 0 +2.260554929e+001 +4.141554929e+001 +4.141554929e+001 +2.7620e+000 +2.0893e+000
2 0 +7.751378877e+000 +2.656137888e+001 +2.656137888e+001 -3.1739e+000 +3.1150e+000
3 0 +5.180531581e+000 +2.399053158e+001 +2.399053158e+001 -4.6879e+000 +2.6540e+000
34 0 +4.292907831e+000 +2.310290783e+001 +2.310290783e+001 -2.2360e+000 +2.9721e+000
69 0 +4.163686380e+000 +2.297368638e+001 +2.297368638e+001 -1.8024e+000 +2.9886e+000
108 0 +4.023676089e+000 +2.283367609e+001 +2.283367609e+001 +1.4641e-001 +3.0320e+000
136 0 +3.535417867e+000 +2.234541787e+001 +2.234541787e+001 -1.2605e+000 +2.7767e+000
140 0 +3.245123039e+000 +2.205512304e+001 +2.205512304e+001 -9.5906e-001 +2.7834e+000
164 0 +2.728143924e+000 +2.153814392e+001 +2.153814392e+001 -2.1979e-001 +2.5641e+000
188 0 +2.559406425e+000 +2.136940642e+001 +2.136940642e+001 -5.5716e-001 +2.5641e+000
193 0 +2.442475253e+000 +2.125247525e+001 +2.125247525e+001 -6.0138e-001 +2.5570e+000
196 0 +2.070204534e+000 +2.088020453e+001 +2.088020453e+001 -3.6656e-002 +2.3696e+000
205 0 +6.602424252e-001 +1.947024243e+001 +1.947024243e+001 -2.6729e-001 +1.7012e+000
206 0 +1.215609172e-001 +1.893156092e+001 +1.893156092e+001 -1.9715e-001 +1.7654e+000
239 0 +4.793379991e-002 +1.885793380e+001 +1.885793380e+001 -1.8008e-001 +1.7852e+000
261 0 +4.116099767e-002 +1.885116100e+001 +1.885116100e+001 -2.1049e-001 +1.7823e+000
275 0 +3.194545973e-002 +1.884194546e+001 +1.884194546e+001 -1.4969e-001 +1.7733e+000
333 0 +1.930315954e-002 +1.882930316e+001 +1.882930316e+001 -1.8200e-001 +1.7779e+000
337 0 +8.819642429e-003 +1.881881964e+001 +1.881881964e+001 -1.9784e-001 +1.7805e+000
349 0 +7.671630884e-003 +1.881767163e+001 +1.881767163e+001 -1.8252e-001 +1.7799e+000
364 0 +4.548388443e-003 +1.881454839e+001 +1.881454839e+001 -1.8973e-001 +1.7800e+000
384 0 +3.122564721e-003 +1.881312256e+001 +1.881312256e+001 -1.8825e-001 +1.7799e+000
395 0 +3.035068530e-003 +1.881303507e+001 +1.881303507e+001 -1.8905e-001 +1.7799e+000
421 0 +9.959858753e-004 +1.881099599e+001 +1.881099599e+001 -1.9163e-001 +1.7806e+000
488 0 +4.220196240e-004 +1.881042202e+001 +1.881042202e+001 -1.9108e-001 +1.7808e+000
493 0 +2.300192231e-004 +1.881023002e+001 +1.881023002e+001 -1.9124e-001 +1.7807e+000
526 0 +3.711761773e-005 +1.881003712e+001 +1.881003712e+001 -1.9119e-001 +1.7808e+000
571 0 +2.970377764e-005 +1.881002970e+001 +1.881002970e+001 -1.9117e-001 +1.7808e+000
574 0 +2.890488929e-005 +1.881002890e+001 +1.881002890e+001 -1.9123e-001 +1.7808e+000
630 0 +2.881637255e-005 +1.881002882e+001 +1.881002882e+001 -1.9123e-001 +1.7808e+000
1479 0 +2.384176517e-005 +1.881002384e+001 +1.881002384e+001 -1.9120e-001 +1.7808e+000
1481 0 +1.521777452e-005 +1.881001522e+001 +1.881001522e+001 -1.9120e-001 +1.7808e+000
1499 0 +1.256858348e-005 +1.881001257e+001 +1.881001257e+001 -1.9120e-001 +1.7808e+000
1509 0 +1.225463338e-005 +1.881001225e+001 +1.881001225e+001 -1.9120e-001 +1.7808e+000
1513 0 +1.032075498e-005 +1.881001032e+001 +1.881001032e+001 -1.9120e-001 +1.7808e+000
1523 0 +7.583146608e-006 +1.881000758e+001 +1.881000758e+001 -1.9120e-001 +1.7808e+000
1525 0 +1.873360919e-006 +1.881000187e+001 +1.881000187e+001 -1.9120e-001 +1.7808e+000
1539 0 +1.824342071e-006 +1.881000182e+001 +1.881000182e+001 -1.9120e-001 +1.7808e+000
1541 0 +9.331798410e-007 +1.881000093e+001 +1.881000093e+001 -1.9120e-001 +1.7808e+000
1543 0 +7.492670804e-007 +1.881000075e+001 +1.881000075e+001 -1.9120e-001 +1.7808e+000
1548 0 +6.409128126e-007 +1.881000064e+001 +1.881000064e+001 -1.9120e-001 +1.7808e+000
1575 0 +5.993941272e-007 +1.881000060e+001 +1.881000060e+001 -1.9120e-001 +1.7808e+000
1577 0 +3.340277637e-007 +1.881000033e+001 +1.881000033e+001 -1.9120e-001 +1.7808e+000
1590 0 +2.213788548e-007 +1.881000022e+001 +1.881000022e+001 -1.9120e-001 +1.7808e+000
1652 0 +2.070815661e-007 +1.881000021e+001 +1.881000021e+001 -1.9120e-001 +1.7808e+000
1654 0 +1.344652674e-007 +1.881000013e+001 +1.881000013e+001 -1.9120e-001 +1.7808e+000
1656 0 +9.204527274e-008 +1.881000009e+001 +1.881000009e+001 -1.9120e-001 +1.7808e+000
1660 0 +5.124281799e-008 +1.881000005e+001 +1.881000005e+001 -1.9120e-001 +1.7808e+000
1702 0 +7.488520026e-009 +1.881000001e+001 +1.881000001e+001 -1.9120e-001 +1.7808e+000
% f evaluations | g evaluations | best noise-free fitness - Fopt (2.731500000000e+002) + sum g_i+ | measured fitness | best measured fitness or single-digit g-values | x1 | x2...
1 0 +1.189647367e+001 +2.850464737e+002 +2.850464737e+002 -3.9280e+000 +1.0366e+000
2 0 +8.743130357e+000 +2.818931304e+002 +2.818931304e+002 -1.2158e+000 +4.4928e+000
18 0 +1.997992408e+000 +2.751479924e+002 +2.751479924e+002 -3.6701e+000 +4.4928e+000
25 0 +1.177411309e+000 +2.743274113e+002 +2.743274113e+002 -3.8197e+000 +3.4653e+000
38 0 +3.698589195e-001 +2.735198589e+002 +2.735198589e+002 -3.6683e+000 +3.7239e+000
82 0 +2.873648150e-001 +2.734373648e+002 +2.734373648e+002 -3.6751e+000 +3.5414e+000
105 0 +1.057099124e-001 +2.732557099e+002 +2.732557099e+002 -3.6228e+000 +3.7196e+000
112 0 +1.002374663e-001 +2.732502375e+002 +2.732502375e+002 -3.5770e+000 +3.8275e+000
119 0 +4.704224493e-002 +2.731970422e+002 +2.731970422e+002 -3.5858e+000 +3.7355e+000
132 0 +3.750739511e-002 +2.731875074e+002 +2.731875074e+002 -3.5869e+000 +3.7361e+000
136 0 +2.424436030e-002 +2.731742444e+002 +2.731742444e+002 -3.5852e+000 +3.7508e+000
144 0 +1.940364362e-002 +2.731694036e+002 +2.731694036e+002 -3.5852e+000 +3.7398e+000
149 0 +1.275536199e-002 +2.731627554e+002 +2.731627554e+002 -3.5749e+000 +3.7573e+000
155 0 +9.632470168e-003 +2.731596325e+002 +2.731596325e+002 -3.5823e+000 +3.7461e+000
157 0 +7.388367599e-003 +2.731573884e+002 +2.731573884e+002 -3.5782e+000 +3.7549e+000
185 0 +3.401409846e-003 +2.731534014e+002 +2.731534014e+002 -3.5783e+000 +3.7568e+000
196 0 +3.091489686e-003 +2.731530915e+002 +2.731530915e+002 -3.5783e+000 +3.7567e+000
198 0 +3.021498918e-003 +2.731530215e+002 +2.731530215e+002 -3.5780e+000 +3.7568e+000
695 0 +1.916123669e-003 +2.731519161e+002 +2.731519161e+002 -3.5785e+000 +3.7547e+000
696 0 +1.087501358e-003 +2.731510875e+002 +2.731510875e+002 -3.5787e+000 +3.7547e+000
702 0 +3.844951954e-004 +2.731503845e+002 +2.731503845e+002 -3.5792e+000 +3.7535e+000
751 0 +2.353890529e-004 +2.731502354e+002 +2.731502354e+002 -3.5791e+000 +3.7536e+000
762 0 +2.296884011e-004 +2.731502297e+002 +2.731502297e+002 -3.5791e+000 +3.7537e+000
827 0 +8.074125577e-005 +2.731500807e+002 +2.731500807e+002 -3.5792e+000 +3.7536e+000
834 0 +3.830237756e-005 +2.731500383e+002 +2.731500383e+002 -3.5792e+000 +3.7536e+000
861 0 +3.013246936e-005 +2.731500301e+002 +2.731500301e+002 -3.5792e+000 +3.7536e+000
865 0 +2.941354370e-005 +2.731500294e+002 +2.731500294e+002 -3.5792e+000 +3.7536e+000
914 0 +2.883515708e-005 +2.731500288e+002 +2.731500288e+002 -3.5792e+000 +3.7536e+000
938 0 +8.678417203e-007 +2.731500009e+002 +2.731500009e+002 -3.5792e+000 +3.7536e+000
1042 0 +4.865809728e-007 +2.731500005e+002 +2.731500005e+002 -3.5792e+000 +3.7536e+000
1054 0 +3.900837555e-007 +2.731500004e+002 +2.731500004e+002 -3.5792e+000 +3.7536e+000
1075 0 +2.432610131e-007 +2.731500002e+002 +2.731500002e+002 -3.5792e+000 +3.7536e+000
1085 0 +1.913968504e-007 +2.731500002e+002 +2.731500002e+002 -3.5792e+000 +3.7536e+000
1091 0 +1.884723702e-007 +2.731500002e+002 +2.731500002e+002 -3.5792e+000 +3.7536e+000
1102 0 +1.319218086e-007 +2.731500001e+002 +2.731500001e+002 -3.5792e+000 +3.7536e+000
1103 0 +1.190149987e-007 +2.731500001e+002 +2.731500001e+002 -3.5792e+000 +3.7536e+000
1113 0 +8.227016224e-008 +2.731500001e+002 +2.731500001e+002 -3.5792e+000 +3.7536e+000
1169 0 +7.065978025e-008 +2.731500001e+002 +2.731500001e+002 -3.5792e+000 +3.7536e+000
1178 0 +5.260250191e-008 +2.731500001e+002 +2.731500001e+002 -3.5792e+000 +3.7536e+000
1184 0 +4.012957788e-008 +2.731500000e+002 +2.731500000e+002 -3.5792e+000 +3.7536e+000
1201 0 +2.090246198e-008 +2.731500000e+002 +2.731500000e+002 -3.5792e+000 +3.7536e+000
1203 0 +8.126107787e-009 +2.731500000e+002 +2.731500000e+002 -3.5792e+000 +3.7536e+000
% f evaluations | g evaluations | best noise-free fitness - Fopt (3.718000000000e+001) + sum g_i+ | measured fitness | best measured fitness or single-digit g-values | x1 | x2...
1 0 +1.067530391e+001 +4.785530391e+001 +4.785530391e+001 -2.3634e+000 +3.1397e-001
6 0 +9.197820470e-001 +3.809978205e+001 +3.809978205e+001 -3.4965e+000 +2.0356e+000
41 0 +7.839140803e-001 +3.796391408e+001 +3.796391408e+001 -3.3438e+000 +2.2716e+000
78 0 +3.664460851e-001 +3.754644609e+001 +3.754644609e+001 -3.8510e+000 +2.1594e+000
90 0 +1.624132181e-001 +3.734241322e+001 +3.734241322e+001 -3.7937e+000 +2.0154e+000
122 0 +9.917354199e-002 +3.727917354e+001 +3.727917354e+001 -3.8165e+000 +2.0376e+000
125 0 +3.399770635e-002 +3.721399771e+001 +3.721399771e+001 -3.8892e+000 +2.0492e+000
149 0 +1.676909428e-002 +3.719676909e+001 +3.719676909e+001 -3.8863e+000 +2.0630e+000
165 0 +1.636020225e-002 +3.719636020e+001 +3.719636020e+001 -3.9146e+000 +2.0630e+000
173 0 +8.045756893e-003 +3.718804576e+001 +3.718804576e+001 -3.9017e+000 +2.0626e+000
198 0 +7.183205722e-003 +3.718718321e+001 +3.718718321e+001 -3.9010e+000 +2.0605e+000
285 0 +6.413460472e-003 +3.718641346e+001 +3.718641346e+001 -3.9012e+000 +2.0599e+000
311 0 +3.188368132e-003 +3.718318837e+001 +3.718318837e+001 -3.8973e+000 +2.0606e+000
320 0 +3.084623016e-003 +3.718308462e+001 +3.718308462e+001 -3.8965e+000 +2.0593e+000
353 0 +1.881928830e-003 +3.718188193e+001 +3.718188193e+001 -3.8990e+000 +2.0601e+000
355 0 +9.996204427e-004 +3.718099962e+001 +3.718099962e+001 -3.8983e+000 +2.0599e+000
418 0 +2.088567494e-004 +3.718020886e+001 +3.718020886e+001 -3.8991e+000 +2.0600e+000
522 0 +2.036809534e-004 +3.718020368e+001 +3.718020368e+001 -3.8991e+000 +2.0600e+000
545 0 +6.025576016e-005 +3.718006026e+001 +3.718006026e+001 -3.8992e+000 +2.0600e+000
561 0 +2.963320647e-005 +3.718002963e+001 +3.718002963e+001 -3.8992e+000 +2.0600e+000
609 0 +2.891402688e-005 +3.718002891e+001 +3.718002891e+001 -3.8992e+000 +2.0600e+000
646 0 +2.883510262e-005 +3.718002884e+001 +3.718002884e+001 -3.8992e+000 +2.0600e+000
687 0 +2.790426475e-005 +3.718002790e+001 +3.718002790e+001 -3.8992e+000 +2.0600e+000
692 0 +9.842579317e-006 +3.718000984e+001 +3.718000984e+001 -3.8992e+000 +2.0600e+000
708 0 +2.779435746e-006 +3.718000278e+001 +3.718000278e+001 -3.8992e+000 +2.0600e+000
776 0 +5.861629973e-007 +3.718000059e+001 +3.718000059e+001 -3.8992e+000 +2.0600e+000
824 0 +5.461552632e-007 +3.718000055e+001 +3.718000055e+001 -3.8992e+000 +2.0600e+000
869 0 +2.024462873e-007 +3.718000020e+001 +3.718000020e+001 -3.8992e+000 +2.0600e+000
884 0 +5.125942693e-008 +3.718000005e+001 +3.718000005e+001 -3.8992e+000 +2.0600e+000
955 0 +3.124866055e-008 +3.718000003e+001 +3.718000003e+001 -3.8992e+000 +2.0600e+000
963 0 +1.766827751e-008 +3.718000002e+001 +3.718000002e+001 -3.8992e+000 +2.0600e+000
977 0 +1.535075000e-008 +3.718000002e+001 +3.718000002e+001 -3.8992e+000 +2.0600e+000
988 0 +4.922874552e-009 +3.718000000e+001 +3.718000000e+001 -3.8992e+000 +2.0600e+000
% f evaluations | g evaluations | best noise-free fitness - Fopt (-1.479000000000e+002) + sum g_i+ | measured fitness | best measured fitness or single-digit g-values | x1 | x2...
1 0 +2.652988975e+000 -1.452470110e+002 -1.452470110e+002 +1.0173e-001 -1.5875e+000
30 0 +6.867453140e-001 -1.472132547e+002 -1.472132547e+002 -1.2788e+000 -2.4944e-001
46 0 +3.877914250e-001 -1.475122086e+002 -1.475122086e+002 -1.3941e+000 +8.5980e-002
59 0 +2.432098726e-001 -1.476567901e+002 -1.476567901e+002 -1.8435e+000 +2.5248e-001
76 0 +1.573278356e-001 -1.477426722e+002 -1.477426722e+002 -1.5393e+000 +9.5311e-002
95 0 +1.547588321e-001 -1.477452412e+002 -1.477452412e+002 -1.5909e+000 +8.5313e-002
110 0 +1.074047976e-001 -1.477925952e+002 -1.477925952e+002 -1.6281e+000 +1.5484e-001
113 0 +8.958133427e-002 -1.478104187e+002 -1.478104187e+002 -1.6581e+000 +1.1891e-001
145 0 +2.777762827e-002 -1.478722224e+002 -1.478722224e+002 -1.6743e+000 +1.3287e-001
161 0 +2.099512840e-002 -1.478790049e+002 -1.478790049e+002 -1.6610e+000 +1.2440e-001
165 0 +8.098385213e-003 -1.478919016e+002 -1.478919016e+002 -1.6682e+000 +1.3238e-001
183 0 +4.256595655e-003 -1.478957434e+002 -1.478957434e+002 -1.6723e+000 +1.3679e-001
195 0 +3.021446469e-003 -1.478969786e+002 -1.478969786e+002 -1.6719e+000 +1.3737e-001
202 0 +1.401815639e-003 -1.478985982e+002 -1.478985982e+002 -1.6695e+000 +1.3458e-001
235 0 +2.794816729e-004 -1.478997205e+002 -1.478997205e+002 -1.6703e+000 +1.3508e-001
251 0 +2.470267480e-004 -1.478997530e+002 -1.478997530e+002 -1.6703e+000 +1.3508e-001
286 0 +2.319690290e-004 -1.478997680e+002 -1.478997680e+002 -1.6706e+000 +1.3531e-001
321 0 +3.376819032e-005 -1.478999662e+002 -1.478999662e+002 -1.6704e+000 +1.3522e-001
360 0 +3.024663769e-005 -1.478999698e+002 -1.478999698e+002 -1.6704e+000 +1.3519e-001
379 0 +2.886524587e-005 -1.478999711e+002 -1.478999711e+002 -1.6704e+000 +1.3518e-001
401 0 +2.180226269e-005 -1.478999782e+002 -1.478999782e+002 -1.6704e+000 +1.3520e-001
416 0 +3.391030589e-006 -1.478999966e+002 -1.478999966e+002 -1.6704e+000 +1.3520e-001
431 0 +2.289182788e-006 -1.478999977e+002 -1.478999977e+002 -1.6704e+000 +1.3520e-001
453 0 +9.681389486e-007 -1.478999990e+002 -1.478999990e+002 -1.6704e+000 +1.3520e-001
465 0 +6.785095650e-007 -1.478999993e+002 -1.478999993e+002 -1.6704e+000 +1.3520e-001
468 0 +2.728899062e-007 -1.478999997e+002 -1.478999997e+002 -1.6704e+000 +1.3520e-001
487 0 +2.376145005e-007 -1.478999998e+002 -1.478999998e+002 -1.6704e+000 +1.3520e-001
513 0 +2.226072695e-007 -1.478999998e+002 -1.478999998e+002 -1.6704e+000 +1.3520e-001
515 0 +1.213729206e-007 -1.478999999e+002 -1.478999999e+002 -1.6704e+000 +1.3520e-001
528 0 +5.266261383e-008 -1.478999999e+002 -1.478999999e+002 -1.6704e+000 +1.3520e-001
552 0 +4.912652685e-008 -1.479000000e+002 -1.479000000e+002 -1.6704e+000 +1.3520e-001
555 0 +4.189772085e-008 -1.479000000e+002 -1.479000000e+002 -1.6704e+000 +1.3520e-001
566 0 +3.880199984e-008 -1.479000000e+002 -1.479000000e+002 -1.6704e+000 +1.3520e-001
579 0 +2.081765160e-008 -1.479000000e+002 -1.479000000e+002 -1.6704e+000 +1.3520e-001
587 0 +1.750592560e-008 -1.479000000e+002 -1.479000000e+002 -1.6704e+000 +1.3520e-001
594 0 +1.705657837e-008 -1.479000000e+002 -1.479000000e+002 -1.6704e+000 +1.3520e-001
595 0 +3.589576636e-009 -1.479000000e+002 -1.479000000e+002 -1.6704e+000 +1.3520e-001
% f evaluations | g evaluations | best noise-free fitness - Fopt (4.817100000000e+002) + sum g_i+ | measured fitness | best measured fitness or single-digit g-values | x1 | x2...
1 0 +8.797752953e+000 +4.905077530e+002 +4.905077530e+002 +1.7438e+000 -6.5244e-001
2 0 +7.996269755e+000 +4.897062698e+002 +4.897062698e+002 +3.1856e+000 -8.0058e-001
9 0 +2.255505165e+000 +4.839655052e+002 +4.839655052e+002 +1.1992e+000 -4.4403e+000
17 0 +1.561408678e+000 +4.832714087e+002 +4.832714087e+002 +1.1432e+000 -3.2186e+000
33 0 +1.325110524e+000 +4.830351105e+002 +4.830351105e+002 +1.3558e+000 -3.1625e+000
46 0 +9.297244408e-001 +4.826397244e+002 +4.826397244e+002 +1.1589e+000 -3.4564e+000
59 0 +3.793537675e-001 +4.820893538e+002 +4.820893538e+002 +1.1039e+000 -3.2310e+000
122 0 +3.188738900e-001 +4.820288739e+002 +4.820288739e+002 +1.0772e+000 -3.1779e+000
124 0 +1.581667424e-001 +4.818681667e+002 +4.818681667e+002 +9.8929e-001 -3.0899e+000
144 0 +8.110265061e-002 +4.817911027e+002 +4.817911027e+002 +1.0582e+000 -2.9951e+000
165 0 +1.259780220e-002 +4.817225978e+002 +4.817225978e+002 +1.0387e+000 -3.0027e+000
228 0 +5.240074607e-003 +4.817152401e+002 +4.817152401e+002 +1.0417e+000 -3.0019e+000
267 0 +3.038946425e-003 +4.817130389e+002 +4.817130389e+002 +1.0413e+000 -3.0027e+000
317 0 +1.372009049e-003 +4.817113720e+002 +4.817113720e+002 +1.0408e+000 -3.0019e+000
349 0 +1.222145144e-003 +4.817112221e+002 +4.817112221e+002 +1.0405e+000 -3.0015e+000
352 0 +1.136407773e-003 +4.817111364e+002 +4.817111364e+002 +1.0409e+000 -3.0017e+000
356 0 +1.092815846e-003 +4.817110928e+002 +4.817110928e+002 +1.0405e+000 -3.0015e+000
358 0 +6.226504767e-004 +4.817106227e+002 +4.817106227e+002 +1.0409e+000 -3.0008e+000
382 0 +3.759255281e-004 +4.817103759e+002 +4.817103759e+002 +1.0408e+000 -3.0007e+000
384 0 +2.417800851e-004 +4.817102418e+002 +4.817102418e+002 +1.0409e+000 -3.0009e+000
393 0 +2.313851747e-004 +4.817102314e+002 +4.817102314e+002 +1.0408e+000 -3.0010e+000
983 0 +1.830861259e-004 +4.817101831e+002 +4.817101831e+002 +1.0408e+000 -3.0008e+000
985 0 +1.588133703e-004 +4.817101588e+002 +4.817101588e+002 +1.0408e+000 -3.0008e+000
1065 0 +3.887331837e-005 +4.817100389e+002 +4.817100389e+002 +1.0408e+000 -3.0008e+000
1089 0 +3.002020014e-005 +4.817100300e+002 +4.817100300e+002 +1.0408e+000 -3.0008e+000
1139 0 +1.854991172e-005 +4.817100185e+002 +4.817100185e+002 +1.0408e+000 -3.0008e+000
1206 0 +1.486804098e-005 +4.817100149e+002 +4.817100149e+002 +1.0408e+000 -3.0008e+000
1220 0 +1.194323363e-005 +4.817100119e+002 +4.817100119e+002 +1.0408e+000 -3.0008e+000
1267 0 +1.165334777e-005 +4.817100117e+002 +4.817100117e+002 +1.0408e+000 -3.0008e+000
1283 0 +3.552697706e-006 +4.817100036e+002 +4.817100036e+002 +1.0408e+000 -3.0008e+000
1285 0 +1.130235603e-006 +4.817100011e+002 +4.817100011e+002 +1.0408e+000 -3.0008e+000
1293 0 +1.057087502e-006 +4.817100011e+002 +4.817100011e+002 +1.0408e+000 -3.0008e+000
1295 0 +6.586624295e-007 +4.817100007e+002 +4.817100007e+002 +1.0408e+000 -3.0008e+000
1297 0 +5.485374004e-007 +4.817100005e+002 +4.817100005e+002 +1.0408e+000 -3.0008e+000
1307 0 +3.206418455e-007 +4.817100003e+002 +4.817100003e+002 +1.0408e+000 -3.0008e+000
1317 0 +1.182974074e-007 +4.817100001e+002 +4.817100001e+002 +1.0408e+000 -3.0008e+000
1352 0 +3.942693638e-008 +4.817100000e+002 +4.817100000e+002 +1.0408e+000 -3.0008e+000
1391 0 +3.016128858e-008 +4.817100000e+002 +4.817100000e+002 +1.0408e+000 -3.0008e+000
1413 0 +2.817478162e-008 +4.817100000e+002 +4.817100000e+002 +1.0408e+000 -3.0008e+000
1423 0 +1.300378472e-008 +4.817100000e+002 +4.817100000e+002 +1.0408e+000 -3.0008e+000
1464 0 +9.604889328e-009 +4.817100000e+002 +4.817100000e+002 +1.0408e+000 -3.0008e+000
% f evaluations | g evaluations | best noise-free fitness - Fopt (-3.646000000000e+001) + sum g_i+ | measured fitness | best measured fitness or single-digit g-values | x1 | x2...
1 0 +7.652471692e+002 +7.287871692e+002 +7.287871692e+002 -2.7529e+000 +4.4110e+000
2 0 +1.827961708e+002 +1.463361708e+002 +1.463361708e+002 +3.8875e+000 +4.1278e+000
3 0 +7.833322494e+001 +4.187322494e+001 +4.187322494e+001 -2.3626e+000 +2.3357e+000
4 0 +5.776781879e+000 -3.068321812e+001 -3.068321812e+001 +5.0000e+000 -5.0000e+000
5 0 +3.102822562e+000 -3.335717744e+001 -3.335717744e+001 +2.6590e+000 -2.6396e+000
39 0 +1.528814465e+000 -3.493118553e+001 -3.493118553e+001 +2.5000e+000 -3.4154e+000
45 0 +1.774054546e-001 -3.628259455e+001 -3.628259455e+001 +2.0295e+000 -2.7603e+000
79 0 +2.547910938e-002 -3.643452089e+001 -3.643452089e+001 +2.1258e+000 -2.8581e+000
165 0 +2.012528343e-002 -3.643987472e+001 -3.643987472e+001 +2.1208e+000 -2.8434e+000
169 0 +1.515952961e-002 -3.644484047e+001 -3.644484047e+001 +2.1228e+000 -2.8456e+000
181 0 +8.017828976e-003 -3.645198217e+001 -3.645198217e+001 +2.1175e+000 -2.8396e+000
187 0 +3.100993417e-003 -3.645689901e+001 -3.645689901e+001 +2.1199e+000 -2.8443e+000
260 0 +3.027982604e-003 -3.645697202e+001 -3.645697202e+001 +2.1196e+000 -2.8448e+000
280 0 +1.650200669e-003 -3.645834980e+001 -3.645834980e+001 +2.1213e+000 -2.8471e+000
283 0 +1.139318453e-003 -3.645886068e+001 -3.645886068e+001 +2.1213e+000 -2.8463e+000
287 0 +1.026436713e-003 -3.645897356e+001 -3.645897356e+001 +2.1211e+000 -2.8462e+000
311 0 +9.937541087e-004 -3.645900625e+001 -3.645900625e+001 +2.1211e+000 -2.8463e+000
317 0 +3.757843684e-005 -3.645996242e+001 -3.645996242e+001 +2.1216e+000 -2.8472e+000
341 0 +3.425720836e-005 -3.645996574e+001 -3.645996574e+001 +2.1216e+000 -2.8472e+000
366 0 +2.878282767e-005 -3.645997122e+001 -3.645997122e+001 +2.1216e+000 -2.8472e+000
427 0 +2.620358246e-005 -3.645997380e+001 -3.645997380e+001 +2.1216e+000 -2.8472e+000
483 0 +1.503740455e-005 -3.645998496e+001 -3.645998496e+001 +2.1216e+000 -2.8472e+000
499 0 +9.362670326e-006 -3.645999064e+001 -3.645999064e+001 +2.1216e+000 -2.8472e+000
507 0 +8.526167427e-006 -3.645999147e+001 -3.645999147e+001 +2.1216e+000 -2.8472e+000
516 0 +5.513541034e-006 -3.645999449e+001 -3.645999449e+001 +2.1216e+000 -2.8472e+000
539 0 +5.276441016e-006 -3.645999472e+001 -3.645999472e+001 +2.1216e+000 -2.8472e+000
540 0 +2.331609757e-006 -3.645999767e+001 -3.645999767e+001 +2.1216e+000 -2.8472e+000
579 0 +2.196294979e-006 -3.645999780e+001 -3.645999780e+001 +2.1216e+000 -2.8472e+000
620 0 +2.163567657e-006 -3.645999784e+001 -3.645999784e+001 +2.1216e+000 -2.8472e+000
627 0 +6.397090431e-007 -3.645999936e+001 -3.645999936e+001 +2.1216e+000 -2.8472e+000
682 0 +5.990352534e-007 -3.645999940e+001 -3.645999940e+001 +2.1216e+000 -2.8472e+000
715 0 +3.824146262e-007 -3.645999962e+001 -3.645999962e+001 +2.1216e+000 -2.8472e+000
719 0 +1.623049783e-007 -3.645999984e+001 -3.645999984e+001 +2.1216e+000 -2.8472e+000
751 0 +7.173410665e-008 -3.645999993e+001 -3.645999993e+001 +2.1216e+000 -2.8472e+000
767 0 +4.036228063e-008 -3.645999996e+001 -3.645999996e+001 +2.1216e+000 -2.8472e+000
773 0 +8.308298050e-009 -3.645999999e+001 -3.645999999e+001 +2.1216e+000 -2.8472e+000
% f evaluations | g evaluations | best noise-free fitness - Fopt (3.920000000000e+001) + sum g_i+ | measured fitness | best measured fitness or single-digit g-values | x1 | x2...
1 0 +8.757481193e+001 +1.267748119e+002 +1.267748119e+002 -3.5594e+000 +3.3270e+000
2 0 +8.152065274e+001 +1.207206527e+002 +1.207206527e+002 -3.2788e+000 +1.2559e+000
3 0 +7.947154342e+001 +1.186715434e+002 +1.186715434e+002 -3.2574e+000 -1.0583e+000
4 0 +4.805528756e+001 +8.725528756e+001 +8.725528756e+001 +5.0000e+000 -5.0000e+000
6 0 +1.669565074e+001 +5.589565074e+001 +5.589565074e+001 +4.6789e+000 -1.7726e+000
19 0 +1.404879275e+001 +5.324879275e+001 +5.324879275e+001 +1.6906e-001 -4.0906e-002
25 0 +8.451864862e+000 +4.765186486e+001 +4.765186486e+001 +2.5183e+000 -1.2256e+000
30 0 +6.597616090e+000 +4.579761609e+001 +4.579761609e+001 +3.7687e+000 -1.2048e+000
31 0 +5.217380737e+000 +4.441738074e+001 +4.441738074e+001 +2.8645e+000 -7.7752e-001
107 0 +5.043744509e+000 +4.424374451e+001 +4.424374451e+001 +2.3735e+000 -4.6243e-001
134 0 +3.385857801e+000 +4.258585780e+001 +4.258585780e+001 +3.7473e+000 +7.9169e-001
139 0 +1.450650219e+000 +4.065065022e+001 +4.065065022e+001 +4.0601e+000 +1.5208e+000
168 0 +1.410975060e+000 +4.061097506e+001 +4.061097506e+001 +3.3241e+000 +6.1872e-001
173 0 +1.028977068e+000 +4.022897707e+001 +4.022897707e+001 +3.3418e+000 +1.2306e+000
175 0 +9.499543128e-001 +4.014995431e+001 +4.014995431e+001 +3.7453e+000 +1.8101e+000
176 0 +8.483574762e-001 +4.004835748e+001 +4.004835748e+001 +3.9026e+000 +1.8101e+000
182 0 +1.742978411e-001 +3.937429784e+001 +3.937429784e+001 +3.7473e+000 +1.6433e+000
210 0 +1.520374338e-001 +3.935203743e+001 +3.935203743e+001 +3.7631e+000 +1.6298e+000
233 0 +9.363968711e-002 +3.929363969e+001 +3.929363969e+001 +3.7049e+000 +1.6040e+000
234 0 +5.003989335e-002 +3.925003989e+001 +3.925003989e+001 +3.6965e+000 +1.6084e+000
243 0 +1.636749640e-002 +3.921636750e+001 +3.921636750e+001 +3.7336e+000 +1.6400e+000
258 0 +3.180159905e-003 +3.920318016e+001 +3.920318016e+001 +3.7218e+000 +1.6300e+000
293 0 +3.329015218e-004 +3.920033290e+001 +3.920033290e+001 +3.7231e+000 +1.6304e+000
355 0 +2.309019173e-004 +3.920023090e+001 +3.920023090e+001 +3.7231e+000 +1.6302e+000
357 0 +3.122342549e-005 +3.920003122e+001 +3.920003122e+001 +3.7232e+000 +1.6304e+000
411 0 +2.929509257e-005 +3.920002930e+001 +3.920002930e+001 +3.7232e+000 +1.6304e+000
426 0 +1.212102639e-005 +3.920001212e+001 +3.920001212e+001 +3.7232e+000 +1.6304e+000
434 0 +1.134009932e-005 +3.920001134e+001 +3.920001134e+001 +3.7232e+000 +1.6304e+000
483 0 +6.336691328e-006 +3.920000634e+001 +3.920000634e+001 +3.7232e+000 +1.6304e+000
490 0 +2.875114433e-006 +3.920000288e+001 +3.920000288e+001 +3.7232e+000 +1.6304e+000
524 0 +1.154471938e-006 +3.920000115e+001 +3.920000115e+001 +3.7232e+000 +1.6304e+000
538 0 +9.195477872e-007 +3.920000092e+001 +3.920000092e+001 +3.7232e+000 +1.6304e+000
546 0 +7.864249483e-007 +3.920000079e+001 +3.920000079e+001 +3.7232e+000 +1.6304e+000
552 0 +3.268584834e-007 +3.920000033e+001 +3.920000033e+001 +3.7232e+000 +1.6304e+000
580 0 +3.736013099e-008 +3.920000004e+001 +3.920000004e+001 +3.7232e+000 +1.6304e+000
634 0 +2.050281722e-008 +3.920000002e+001 +3.920000002e+001 +3.7232e+000 +1.6304e+000
660 0 +6.697817412e-009 +3.920000001e+001 +3.920000001e+001 +3.7232e+000 +1.6304e+000
% f evaluations | g evaluations | best noise-free fitness - Fopt (-3.225000000000e+001) + sum g_i+ | measured fitness | best measured fitness or single-digit g-values | x1 | x2...
1 0 +3.041978438e+001 -1.830215615e+000 -1.830215615e+000 +5.5658e-001 -2.3943e+000
4 0 +1.322118627e+001 -1.902881373e+001 -1.902881373e+001 +5.0000e+000 +5.0000e+000
13 0 +5.149152742e+000 -2.710084726e+001 -2.710084726e+001 +1.7036e+000 +6.7443e-002
16 0 +4.744581169e+000 -2.750541883e+001 -2.750541883e+001 +4.2396e+000 +1.4685e+000
28 0 +4.470646471e+000 -2.777935353e+001 -2.777935353e+001 +3.5511e+000 +2.0914e+000
29 0 +2.555433587e+000 -2.969456641e+001 -2.969456641e+001 +3.6365e+000 +2.5781e-001
30 0 +2.270584089e+000 -2.997941591e+001 -2.997941591e+001 +2.8103e+000 +1.0587e+000
53 0 +1.042002489e+000 -3.120799751e+001 -3.120799751e+001 +4.6065e+000 +1.1492e+000
67 0 +8.307768893e-001 -3.141922311e+001 -3.141922311e+001 +4.2960e+000 +1.2470e+000
69 0 +4.381359393e-001 -3.181186406e+001 -3.181186406e+001 +3.8584e+000 +1.0122e+000
78 0 +1.628393667e-001 -3.208716063e+001 -3.208716063e+001 +3.3976e+000 +1.0309e+000
105 0 +1.021894654e-001 -3.214781053e+001 -3.214781053e+001 +3.6134e+000 +1.0326e+000
137 0 +6.686964801e-002 -3.218313035e+001 -3.218313035e+001 +3.5262e+000 +1.0509e+000
143 0 +5.760451510e-002 -3.219239548e+001 -3.219239548e+001 +3.5537e+000 +1.0359e+000
161 0 +3.485192333e-002 -3.221514808e+001 -3.221514808e+001 +3.5981e+000 +1.0521e+000
186 0 +7.103947112e-003 -3.224289605e+001 -3.224289605e+001 +3.5968e+000 +1.0612e+000
218 0 +5.417874650e-003 -3.224458213e+001 -3.224458213e+001 +3.5957e+000 +1.0608e+000
255 0 +3.089043201e-003 -3.224691096e+001 -3.224691096e+001 +3.5987e+000 +1.0617e+000
322 0 +1.054696434e-003 -3.224894530e+001 -3.224894530e+001 +3.5964e+000 +1.0614e+000
330 0 +1.027297005e-003 -3.224897270e+001 -3.224897270e+001 +3.5966e+000 +1.0614e+000
337 0 +6.207117969e-004 -3.224937929e+001 -3.224937929e+001 +3.5962e+000 +1.0616e+000
378 0 +2.315698976e-004 -3.224976843e+001 -3.224976843e+001 +3.5960e+000 +1.0617e+000
446 0 +1.571553009e-004 -3.224984284e+001 -3.224984284e+001 +3.5961e+000 +1.0616e+000
472 0 +1.136185830e-004 -3.224988638e+001 -3.224988638e+001 +3.5960e+000 +1.0616e+000
539 0 +1.324135209e-005 -3.224998676e+001 -3.224998676e+001 +3.5960e+000 +1.0616e+000
545 0 +7.827384692e-006 -3.224999217e+001 -3.224999217e+001 +3.5960e+000 +1.0616e+000
563 0 +6.844100767e-006 -3.224999316e+001 -3.224999316e+001 +3.5960e+000 +1.0616e+000
599 0 +3.359528698e-006 -3.224999664e+001 -3.224999664e+001 +3.5960e+000 +1.0616e+000
632 0 +2.034679980e-006 -3.224999797e+001 -3.224999797e+001 +3.5960e+000 +1.0616e+000
647 0 +2.693944765e-007 -3.224999973e+001 -3.224999973e+001 +3.5960e+000 +1.0616e+000
650 0 +2.649576913e-007 -3.224999974e+001 -3.224999974e+001 +3.5960e+000 +1.0616e+000
660 0 +1.260091551e-007 -3.224999987e+001 -3.224999987e+001 +3.5960e+000 +1.0616e+000
682 0 +8.024696285e-008 -3.224999992e+001 -3.224999992e+001 +3.5960e+000 +1.0616e+000
745 0 +5.484491794e-008 -3.224999995e+001 -3.224999995e+001 +3.5960e+000 +1.0616e+000
748 0 +4.040577295e-008 -3.224999996e+001 -3.224999996e+001 +3.5960e+000 +1.0616e+000
753 0 +1.709622666e-008 -3.224999998e+001 -3.224999998e+001 +3.5960e+000 +1.0616e+000
772 0 +1.403124372e-008 -3.224999999e+001 -3.224999999e+001 +3.5960e+000 +1.0616e+000
794 0 +1.344194089e-008 -3.224999999e+001 -3.224999999e+001 +3.5960e+000 +1.0616e+000
801 0 +1.310129960e-008 -3.224999999e+001 -3.224999999e+001 +3.5960e+000 +1.0616e+000
802 0 +5.984347240e-009 -3.224999999e+001 -3.224999999e+001 +3.5960e+000 +1.0616e+000
% f evaluations | g evaluations | best noise-free fitness - Fopt (3.681200000000e+002) + sum g_i+ | measured fitness | best measured fitness or single-digit g-values | x1 | x2...
1 0 +6.658575892e+001 +4.347057589e+002 +4.347057589e+002 -3.8963e+000 +4.5634e+000
2 0 +4.175335202e+001 +4.098733520e+002 +4.098733520e+002 +4.7974e+000 -3.3264e+000
3 0 +1.910571968e+001 +3.872257197e+002 +3.872257197e+002 +3.9015e+000 -2.0650e+000
5 0 +2.024498866e+000 +3.701444989e+002 +3.701444989e+002 -2.6677e+000 -5.0633e-001
35 0 +1.445558749e+000 +3.695655587e+002 +3.695655587e+002 -2.5532e+000 -7.5610e-001
61 0 +1.388898221e+000 +3.695088982e+002 +3.695088982e+002 -3.2152e+000 -7.5416e-001
68 0 +1.351938080e+000 +3.694719381e+002 +3.694719381e+002 -1.6067e+000 -1.2324e+000
69 0 +4.000426621e-001 +3.685200427e+002 +3.685200427e+002 -2.2905e+000 -1.1374e+000
83 0 +1.744946653e-001 +3.682944947e+002 +3.682944947e+002 -2.3013e+000 -1.0809e+000
115 0 +1.579868327e-001 +3.682779868e+002 +3.682779868e+002 -2.3205e+000 -1.1063e+000
150 0 +1.010925953e-001 +3.682210926e+002 +3.682210926e+002 -2.4207e+000 -1.1227e+000
160 0 +9.173524700e-002 +3.682117352e+002 +3.682117352e+002 -2.4240e+000 -1.1002e+000
163 0 +2.128181421e-002 +3.681412818e+002 +3.681412818e+002 -2.4542e+000 -1.0884e+000
195 0 +1.995280739e-002 +3.681399528e+002 +3.681399528e+002 -2.4619e+000 -1.0880e+000
217 0 +1.778321756e-002 +3.681377832e+002 +3.681377832e+002 -2.4769e+000 -1.0870e+000
242 0 +5.118999644e-003 +3.681251190e+002 +3.681251190e+002 -2.4611e+000 -1.0899e+000
293 0 +3.587320449e-003 +3.681235873e+002 +3.681235873e+002 -2.4664e+000 -1.0896e+000
299 0 +3.342365524e-003 +3.681233424e+002 +3.681233424e+002 -2.4629e+000 -1.0900e+000
304 0 +1.034945911e-003 +3.681210349e+002 +3.681210349e+002 -2.4641e+000 -1.0898e+000
320 0 +1.010243857e-003 +3.681210102e+002 +3.681210102e+002 -2.4640e+000 -1.0895e+000
334 0 +9.913298657e-004 +3.681209913e+002 +3.681209913e+002 -2.4634e+000 -1.0899e+000
341 0 +2.320337317e-004 +3.681202320e+002 +3.681202320e+002 -2.4632e+000 -1.0895e+000
366 0 +1.935674480e-004 +3.681201936e+002 +3.681201936e+002 -2.4632e+000 -1.0896e+000
369 0 +1.895133018e-004 +3.681201895e+002 +3.681201895e+002 -2.4632e+000 -1.0896e+000
422 0 +4.480370694e-005 +3.681200448e+002 +3.681200448e+002 -2.4632e+000 -1.0896e+000
424 0 +3.169421308e-005 +3.681200317e+002 +3.681200317e+002 -2.4632e+000 -1.0896e+000
431 0 +2.889451702e-005 +3.681200289e+002 +3.681200289e+002 -2.4632e+000 -1.0896e+000
453 0 +2.878316087e-005 +3.681200288e+002 +3.681200288e+002 -2.4632e+000 -1.0896e+000
4179 0 +1.869401547e-005 +3.681200187e+002 +3.681200187e+002 -2.4632e+000 -1.0896e+000
4186 0 +8.841529848e-006 +3.681200088e+002 +3.681200088e+002 -2.4632e+000 -1.0896e+000
4191 0 +1.889127191e-006 +3.681200019e+002 +3.681200019e+002 -2.4632e+000 -1.0896e+000
4269 0 +1.619122372e-006 +3.681200016e+002 +3.681200016e+002 -2.4632e+000 -1.0896e+000
4339 0 +9.863136938e-007 +3.681200010e+002 +3.681200010e+002 -2.4632e+000 -1.0896e+000
4383 0 +6.875545182e-007 +3.681200007e+002 +3.681200007e+002 -2.4632e+000 -1.0896e+000
4389 0 +6.050728416e-007 +3.681200006e+002 +3.681200006e+002 -2.4632e+000 -1.0896e+000
4394 0 +8.604934010e-008 +3.681200001e+002 +3.681200001e+002 -2.4632e+000 -1.0896e+000
4401 0 +1.872291477e-008 +3.681200000e+002 +3.681200000e+002 -2.4632e+000 -1.0896e+000
4490 0 +8.676749985e-009 +3.681200000e+002 +3.681200000e+002 -2.4632e+000 -1.0896e+000
% f evaluations | g evaluations | best noise-free fitness - Fopt (4.739000000000e+001) + sum g_i+ | measured fitness | best measured fitness or single-digit g-values | x1 | x2...
1 0 +1.257211333e+001 +5.996211333e+001 +5.996211333e+001 +2.8264e+000 +4.4666e+000
14 0 +7.227093166e+000 +5.461709317e+001 +5.461709317e+001 -9.3608e-001 +8.4035e-001
22 0 +2.838702363e+000 +5.022870236e+001 +5.022870236e+001 -9.3608e-001 +6.6473e-001
35 0 +1.134191783e+000 +4.852419178e+001 +4.852419178e+001 -1.0846e+000 +1.8561e+000
36 0 +7.644794230e-001 +4.815447942e+001 +4.815447942e+001 -4.1910e-001 +3.0665e+000
45 0 +5.140348983e-001 +4.790403490e+001 +4.790403490e+001 -4.3959e-001 +2.9320e+000
53 0 +1.575085892e-001 +4.754750859e+001 +4.754750859e+001 -4.4432e-001 +2.7735e+000
92 0 +5.766283890e-002 +4.744766284e+001 +4.744766284e+001 -4.7655e-001 +2.6322e+000
159 0 +1.941220867e-002 +4.740941221e+001 +4.740941221e+001 -5.0395e-001 +2.6159e+000
189 0 +1.651252238e-002 +4.740651252e+001 +4.740651252e+001 -5.0667e-001 +2.6189e+000
206 0 +9.508223598e-003 +4.739950822e+001 +4.739950822e+001 -4.9694e-001 +2.6256e+000
212 0 +9.949079143e-004 +4.739099491e+001 +4.739099491e+001 -4.9722e-001 +2.6305e+000
319 0 +7.066512958e-004 +4.739070665e+001 +4.739070665e+001 -4.9777e-001 +2.6293e+000
338 0 +3.430736121e-005 +4.739003431e+001 +4.739003431e+001 -4.9758e-001 +2.6296e+000
474 0 +3.071749882e-005 +4.739003072e+001 +4.739003072e+001 -4.9759e-001 +2.6296e+000
544 0 +2.880077008e-005 +4.739002880e+001 +4.739002880e+001 -4.9759e-001 +2.6296e+000
582 0 +1.538068729e-005 +4.739001538e+001 +4.739001538e+001 -4.9760e-001 +2.6296e+000
621 0 +5.747337205e-006 +4.739000575e+001 +4.739000575e+001 -4.9760e-001 +2.6296e+000
658 0 +3.892483392e-006 +4.739000389e+001 +4.739000389e+001 -4.9760e-001 +2.6296e+000
660 0 +1.221074612e-006 +4.739000122e+001 +4.739000122e+001 -4.9760e-001 +2.6296e+000
666 0 +6.640631582e-007 +4.739000066e+001 +4.739000066e+001 -4.9760e-001 +2.6296e+000
670 0 +5.693761693e-007 +4.739000057e+001 +4.739000057e+001 -4.9760e-001 +2.6296e+000
677 0 +4.332957815e-007 +4.739000043e+001 +4.739000043e+001 -4.9760e-001 +2.6296e+000
681 0 +3.770224524e-007 +4.739000038e+001 +4.739000038e+001 -4.9760e-001 +2.6296e+000
701 0 +2.666822994e-007 +4.739000027e+001 +4.739000027e+001 -4.9760e-001 +2.6296e+000
713 0 +1.020334111e-007 +4.739000010e+001 +4.739000010e+001 -4.9760e-001 +2.6296e+000
725 0 +5.226917921e-008 +4.739000005e+001 +4.739000005e+001 -4.9760e-001 +2.6296e+000
728 0 +2.060492221e-008 +4.739000002e+001 +4.739000002e+001 -4.9760e-001 +2.6296e+000
757 0 +1.151455820e-008 +4.739000001e+001 +4.739000001e+001 -4.9760e-001 +2.6296e+000
766 0 +1.092235635e-008 +4.739000001e+001 +4.739000001e+001 -4.9760e-001 +2.6296e+000
781 0 +1.434983687e-009 +4.739000000e+001 +4.739000000e+001 -4.9760e-001 +2.6296e+000
% f evaluations | g evaluations | best noise-free fitness - Fopt (-3.428900000000e+002) + sum g_i+ | measured fitness | best measured fitness or single-digit g-values | x1 | x2...
1 0 +4.883984031e+001 -2.940501597e+002 -2.940501597e+002 -4.8677e-001 +4.5480e+000
2 0 +1.435653499e+000 -3.414543465e+002 -3.414543465e+002 +2.2603e+000 -3.2795e+000
61 0 +1.377637548e+000 -3.415123625e+002 -3.415123625e+002 +1.6211e+000 -3.4509e+000
70 0 +1.025566366e+000 -3.418644336e+002 -3.418644336e+002 +2.2179e+000 -3.3530e+000
72 0 +8.151303932e-001 -3.420748696e+002 -3.420748696e+002 +1.8686e+000 -3.4270e+000
93 0 +7.496705176e-001 -3.421403295e+002 -3.421403295e+002 +1.9653e+000 -3.4057e+000
759 0 +6.033841400e-001 -3.422866159e+002 -3.422866159e+002 +2.6436e+000 -2.2882e+000
796 0 +3.638158848e-001 -3.425261841e+002 -3.425261841e+002 +2.5395e+000 -2.4410e+000
804 0 +2.308208717e-001 -3.426591791e+002 -3.426591791e+002 +2.3689e+000 -2.6872e+000
829 0 +2.254041909e-001 -3.426645958e+002 -3.426645958e+002 +2.3440e+000 -2.6621e+000
841 0 +2.015546805e-001 -3.426884453e+002 -3.426884453e+002 +2.3336e+000 -2.7421e+000
849 0 +1.028827652e-001 -3.427871172e+002 -3.427871172e+002 +2.3287e+000 -2.6904e+000
869 0 +1.003633171e-001 -3.427896367e+002 -3.427896367e+002 +2.3343e+000 -2.6717e+000
870 0 +5.799729174e-002 -3.428320027e+002 -3.428320027e+002 +2.2937e+000 -2.7113e+000
1510 0 +3.031710250e-003 -3.428869683e+002 -3.428869683e+002 +2.2459e+000 -2.7690e+000
1746 0 +2.301284467e-004 -3.428897699e+002 -3.428897699e+002 +2.2440e+000 -2.7703e+000
1940 0 +3.001310267e-005 -3.428899700e+002 -3.428899700e+002 +2.2440e+000 -2.7704e+000
1981 0 +2.890408950e-005 -3.428899711e+002 -3.428899711e+002 +2.2440e+000 -2.7704e+000
1992 0 +2.880402411e-005 -3.428899712e+002 -3.428899712e+002 +2.2440e+000 -2.7704e+000
2033 0 +7.185280424e-007 -3.428899993e+002 -3.428899993e+002 +2.2440e+000 -2.7704e+000
2066 0 +5.004133072e-007 -3.428899995e+002 -3.428899995e+002 +2.2440e+000 -2.7704e+000
2134 0 +3.510058377e-007 -3.428899996e+002 -3.428899996e+002 +2.2440e+000 -2.7704e+000
2157 0 +2.911901902e-007 -3.428899997e+002 -3.428899997e+002 +2.2440e+000 -2.7704e+000
2162 0 +2.720848897e-007 -3.428899997e+002 -3.428899997e+002 +2.2440e+000 -2.7704e+000
2201 0 +1.473219413e-007 -3.428899999e+002 -3.428899999e+002 +2.2440e+000 -2.7704e+000
2226 0 +1.439805146e-007 -3.428899999e+002 -3.428899999e+002 +2.2440e+000 -2.7704e+000
2239 0 +6.574964573e-009 -3.428900000e+002 -3.428900000e+002 +2.2440e+000 -2.7704e+000
% f evaluations | g evaluations | best noise-free fitness - Fopt (9.102000000000e+001) + sum g_i+ | measured fitness | best measured fitness or single-digit g-values | x1 | x2...
1 0 +4.734567812e+000 +9.575456781e+001 +9.575456781e+001 +6.1897e-001 -4.4277e-001
8 0 +4.352444422e+000 +9.537244442e+001 +9.537244442e+001 +2.1907e+000 +2.8305e-001
17 0 +3.996911996e+000 +9.501691200e+001 +9.501691200e+001 +2.3944e+000 +1.0543e+000
24 0 +2.011227486e+000 +9.303122749e+001 +9.303122749e+001 +2.1907e+000 -8.5716e-004
42 0 +1.389341952e+000 +9.240934195e+001 +9.240934195e+001 +1.0226e-002 -6.3877e-001
47 0 +9.063570638e-001 +9.192635706e+001 +9.192635706e+001 +1.0309e+000 -5.1276e-001
51 0 +3.466342834e-001 +9.136663428e+001 +9.136663428e+001 +7.6071e-001 -8.4265e-001
67 0 +2.442339013e-001 +9.126423390e+001 +9.126423390e+001 +4.2386e-001 -8.5248e-001
119 0 +9.981685974e-002 +9.111981686e+001 +9.111981686e+001 +6.1408e-001 -8.2694e-001
171 0 +9.762578231e-002 +9.111762578e+001 +9.111762578e+001 +6.5111e-001 -8.4312e-001
189 0 +5.167282242e-002 +9.107167282e+001 +9.107167282e+001 +5.9441e-001 -8.5963e-001
239 0 +3.465657943e-002 +9.105465658e+001 +9.105465658e+001 +5.8956e-001 -8.6598e-001
258 0 +1.661132393e-002 +9.103661132e+001 +9.103661132e+001 +5.4688e-001 -8.7683e-001
261 0 +9.747510271e-003 +9.102974751e+001 +9.102974751e+001 +5.5300e-001 -8.7749e-001
268 0 +7.756804542e-003 +9.102775680e+001 +9.102775680e+001 +5.5434e-001 -8.7818e-001
286 0 +3.846297700e-003 +9.102384630e+001 +9.102384630e+001 +5.5883e-001 -8.7555e-001
288 0 +1.973273173e-003 +9.102197327e+001 +9.102197327e+001 +5.6227e-001 -8.7467e-001
376 0 +1.726398897e-003 +9.102172640e+001 +9.102172640e+001 +5.6227e-001 -8.7422e-001
387 0 +1.397234328e-003 +9.102139723e+001 +9.102139723e+001 +5.6170e-001 -8.7456e-001
391 0 +1.001683457e-003 +9.102100168e+001 +9.102100168e+001 +5.6294e-001 -8.7446e-001
398 0 +2.701462005e-004 +9.102027015e+001 +9.102027015e+001 +5.6239e-001 -8.7449e-001
401 0 +2.399253664e-004 +9.102023993e+001 +9.102023993e+001 +5.6250e-001 -8.7442e-001
425 0 +2.388158584e-004 +9.102023882e+001 +9.102023882e+001 +5.6237e-001 -8.7448e-001
433 0 +2.310239776e-004 +9.102023102e+001 +9.102023102e+001 +5.6234e-001 -8.7449e-001
449 0 +1.004511375e-004 +9.102010045e+001 +9.102010045e+001 +5.6240e-001 -8.7442e-001
450 0 +2.966899133e-005 +9.102002967e+001 +9.102002967e+001 +5.6240e-001 -8.7441e-001
496 0 +2.889170432e-005 +9.102002889e+001 +9.102002889e+001 +5.6240e-001 -8.7441e-001
498 0 +1.700195048e-005 +9.102001700e+001 +9.102001700e+001 +5.6240e-001 -8.7440e-001
508 0 +8.755789764e-006 +9.102000876e+001 +9.102000876e+001 +5.6240e-001 -8.7440e-001
517 0 +3.073461727e-006 +9.102000307e+001 +9.102000307e+001 +5.6240e-001 -8.7440e-001
530 0 +8.687174784e-007 +9.102000087e+001 +9.102000087e+001 +5.6240e-001 -8.7440e-001
568 0 +8.342967135e-007 +9.102000083e+001 +9.102000083e+001 +5.6240e-001 -8.7440e-001
575 0 +6.219096207e-007 +9.102000062e+001 +9.102000062e+001 +5.6240e-001 -8.7440e-001
589 0 +6.084085413e-007 +9.102000061e+001 +9.102000061e+001 +5.6240e-001 -8.7440e-001
599 0 +5.256501225e-007 +9.102000053e+001 +9.102000053e+001 +5.6240e-001 -8.7440e-001
610 0 +2.940854102e-007 +9.102000029e+001 +9.102000029e+001 +5.6240e-001 -8.7440e-001
627 0 +8.070524871e-008 +9.102000008e+001 +9.102000008e+001 +5.6240e-001 -8.7440e-001
665 0 +7.899642185e-008 +9.102000008e+001 +9.102000008e+001 +5.6240e-001 -8.7440e-001
671 0 +4.916708463e-008 +9.102000005e+001 +9.102000005e+001 +5.6240e-001 -8.7440e-001
714 0 +3.342535138e-008 +9.102000003e+001 +9.102000003e+001 +5.6240e-001 -8.7440e-001
734 0 +1.327478572e-008 +9.102000001e+001 +9.102000001e+001 +5.6240e-001 -8.7440e-001
738 0 +9.592483252e-009 +9.102000001e+001 +9.102000001e+001 +5.6240e-001 -8.7440e-001
% f evaluations | g evaluations | best noise-free fitness - Fopt (7.324200000000e+002) + sum g_i+ | measured fitness | best measured fitness or single-digit g-values | x1 | x2...
1 0 +1.691069848e+001 +7.493306985e+002 +7.493306985e+002 -5.6574e-002 -6.6359e-001
7 0 +1.210125363e+001 +7.445212536e+002 +7.445212536e+002 -3.1512e+000 -5.0000e+000
8 0 +1.078714579e+000 +7.334987146e+002 +7.334987146e+002 -2.8698e+000 -2.3684e+000
9 0 +6.247188293e-001 +7.330447188e+002 +7.330447188e+002 -2.9860e+000 -2.0887e+000
65 0 +5.128305709e-001 +7.329328306e+002 +7.329328306e+002 -2.9860e+000 -2.1691e+000
70 0 +4.054290626e-001 +7.328254291e+002 +7.328254291e+002 -2.9288e+000 -2.1164e+000
71 0 +2.642830893e-001 +7.326842831e+002 +7.326842831e+002 -2.9189e+000 -2.2229e+000
80 0 +1.585249497e-001 +7.325785249e+002 +7.325785249e+002 -2.7701e+000 -2.4320e+000
91 0 +5.687410304e-002 +7.324768741e+002 +7.324768741e+002 -2.7511e+000 -2.3774e+000
143 0 +2.595536814e-002 +7.324459554e+002 +7.324459554e+002 -2.7321e+000 -2.3989e+000
190 0 +9.550804728e-003 +7.324295508e+002 +7.324295508e+002 -2.7436e+000 -2.3762e+000
198 0 +9.362656738e-003 +7.324293627e+002 +7.324293627e+002 -2.7343e+000 -2.3868e+000
201 0 +7.617860594e-003 +7.324276179e+002 +7.324276179e+002 -2.7439e+000 -2.3769e+000
252 0 +5.584048678e-003 +7.324255840e+002 +7.324255840e+002 -2.7375e+000 -2.3841e+000
268 0 +4.506691184e-003 +7.324245067e+002 +7.324245067e+002 -2.7403e+000 -2.3814e+000
272 0 +4.292184427e-003 +7.324242922e+002 +7.324242922e+002 -2.7388e+000 -2.3834e+000
288 0 +4.083154328e-003 +7.324240832e+002 +7.324240832e+002 -2.7381e+000 -2.3820e+000
290 0 +3.320474601e-003 +7.324233205e+002 +7.324233205e+002 -2.7380e+000 -2.3825e+000
292 0 +3.021638767e-003 +7.324230216e+002 +7.324230216e+002 -2.7378e+000 -2.3827e+000
314 0 +1.025690608e-003 +7.324210257e+002 +7.324210257e+002 -2.7395e+000 -2.3817e+000
330 0 +9.877130940e-004 +7.324209877e+002 +7.324209877e+002 -2.7398e+000 -2.3817e+000
355 0 +2.381253693e-004 +7.324202381e+002 +7.324202381e+002 -2.7392e+000 -2.3825e+000
356 0 +5.646914758e-005 +7.324200565e+002 +7.324200565e+002 -2.7392e+000 -2.3824e+000
396 0 +4.202889863e-005 +7.324200420e+002 +7.324200420e+002 -2.7392e+000 -2.3824e+000
411 0 +3.534384382e-005 +7.324200353e+002 +7.324200353e+002 -2.7392e+000 -2.3824e+000
423 0 +2.880124987e-005 +7.324200288e+002 +7.324200288e+002 -2.7392e+000 -2.3824e+000
456 0 +2.135560862e-006 +7.324200021e+002 +7.324200021e+002 -2.7392e+000 -2.3824e+000
554 0 +1.739441927e-006 +7.324200017e+002 +7.324200017e+002 -2.7392e+000 -2.3824e+000
620 0 +7.960777566e-007 +7.324200008e+002 +7.324200008e+002 -2.7392e+000 -2.3824e+000
626 0 +1.480021865e-007 +7.324200001e+002 +7.324200001e+002 -2.7392e+000 -2.3824e+000
662 0 +1.229418558e-007 +7.324200001e+002 +7.324200001e+002 -2.7392e+000 -2.3824e+000
692 0 +6.967968602e-008 +7.324200001e+002 +7.324200001e+002 -2.7392e+000 -2.3824e+000
703 0 +2.590923032e-008 +7.324200000e+002 +7.324200000e+002 -2.7392e+000 -2.3824e+000
727 0 +2.258616405e-008 +7.324200000e+002 +7.324200000e+002 -2.7392e+000 -2.3824e+000
734 0 +1.684577455e-008 +7.324200000e+002 +7.324200000e+002 -2.7392e+000 -2.3824e+000
742 0 +1.303806130e-008 +7.324200000e+002 +7.324200000e+002 -2.7392e+000 -2.3824e+000
743 0 +1.236753633e-008 +7.324200000e+002 +7.324200000e+002 -2.7392e+000 -2.3824e+000
755 0 +7.037101568e-009 +7.324200000e+002 +7.324200000e+002 -2.7392e+000 -2.3824e+000
% f evaluations | g evaluations | best noise-free fitness - Fopt (3.542000000000e+001) + sum g_i+ | measured fitness | best measured fitness or single-digit g-values | x1 | x2...
1 0 +3.717133298e+001 +7.259133298e+001 +7.259133298e+001 -4.9739e+000 +4.9879e+000
2 0 +2.499788420e+000 +3.791978842e+001 +3.791978842e+001 +4.7025e+000 -1.2614e+000
16 0 +5.785154329e-001 +3.599851543e+001 +3.599851543e+001 +3.6951e+000 -2.1634e+000
46 0 +1.968943680e-001 +3.561689437e+001 +3.561689437e+001 +3.9046e+000 -2.2657e+000
86 0 +1.871746465e-001 +3.560717465e+001 +3.560717465e+001 +3.7784e+000 -2.2712e+000
93 0 +5.897690197e-002 +3.547897690e+001 +3.547897690e+001 +3.6342e+000 -2.3661e+000
121 0 +2.239154787e-002 +3.544239155e+001 +3.544239155e+001 +3.6785e+000 -2.3469e+000
156 0 +1.635285354e-002 +3.543635285e+001 +3.543635285e+001 +3.6829e+000 -2.3547e+000
190 0 +3.705717206e-003 +3.542370572e+001 +3.542370572e+001 +3.6835e+000 -2.3488e+000
206 0 +3.555413461e-003 +3.542355541e+001 +3.542355541e+001 +3.6835e+000 -2.3488e+000
214 0 +1.534163128e-003 +3.542153416e+001 +3.542153416e+001 +3.6863e+000 -2.3478e+000
246 0 +1.148693937e-003 +3.542114869e+001 +3.542114869e+001 +3.6863e+000 -2.3477e+000
272 0 +1.071609881e-003 +3.542107161e+001 +3.542107161e+001 +3.6857e+000 -2.3481e+000
288 0 +9.834738186e-004 +3.542098347e+001 +3.542098347e+001 +3.6855e+000 -2.3483e+000
338 0 +9.496518675e-004 +3.542094965e+001 +3.542094965e+001 +3.6861e+000 -2.3482e+000
343 0 +3.960154363e-004 +3.542039602e+001 +3.542039602e+001 +3.6861e+000 -2.3481e+000
362 0 +3.810972597e-004 +3.542038110e+001 +3.542038110e+001 +3.6861e+000 -2.3481e+000
378 0 +2.333544822e-004 +3.542023335e+001 +3.542023335e+001 +3.6862e+000 -2.3480e+000
424 0 +2.253171152e-004 +3.542022532e+001 +3.542022532e+001 +3.6864e+000 -2.3480e+000
467 0 +4.424838978e-005 +3.542004425e+001 +3.542004425e+001 +3.6864e+000 -2.3480e+000
539 0 +3.192139980e-005 +3.542003192e+001 +3.542003192e+001 +3.6864e+000 -2.3480e+000
540 0 +3.040188138e-005 +3.542003040e+001 +3.542003040e+001 +3.6864e+000 -2.3480e+000
564 0 +2.952842559e-005 +3.542002953e+001 +3.542002953e+001 +3.6864e+000 -2.3480e+000
578 0 +2.892659044e-005 +3.542002893e+001 +3.542002893e+001 +3.6864e+000 -2.3480e+000
600 0 +2.879798234e-005 +3.542002880e+001 +3.542002880e+001 +3.6864e+000 -2.3480e+000
1300 0 +1.108362378e-005 +3.542001108e+001 +3.542001108e+001 +3.6864e+000 -2.3480e+000
1393 0 +4.117507828e-006 +3.542000412e+001 +3.542000412e+001 +3.6864e+000 -2.3480e+000
1438 0 +2.112936201e-006 +3.542000211e+001 +3.542000211e+001 +3.6864e+000 -2.3480e+000
1441 0 +1.420511524e-006 +3.542000142e+001 +3.542000142e+001 +3.6864e+000 -2.3480e+000
1454 0 +1.381855661e-006 +3.542000138e+001 +3.542000138e+001 +3.6864e+000 -2.3480e+000
1458 0 +1.097306196e-006 +3.542000110e+001 +3.542000110e+001 +3.6864e+000 -2.3480e+000
1463 0 +9.924374709e-007 +3.542000099e+001 +3.542000099e+001 +3.6864e+000 -2.3480e+000
1465 0 +9.279624820e-007 +3.542000093e+001 +3.542000093e+001 +3.6864e+000 -2.3480e+000
1466 0 +7.559932271e-007 +3.542000076e+001 +3.542000076e+001 +3.6864e+000 -2.3480e+000
1468 0 +7.298562039e-007 +3.542000073e+001 +3.542000073e+001 +3.6864e+000 -2.3480e+000
1470 0 +5.612688625e-007 +3.542000056e+001 +3.542000056e+001 +3.6864e+000 -2.3480e+000
1484 0 +4.558741082e-007 +3.542000046e+001 +3.542000046e+001 +3.6864e+000 -2.3480e+000
1489 0 +4.320027926e-007 +3.542000043e+001 +3.542000043e+001 +3.6864e+000 -2.3480e+000
1504 0 +3.062824021e-007 +3.542000031e+001 +3.542000031e+001 +3.6864e+000 -2.3480e+000
1507 0 +1.065478941e-007 +3.542000011e+001 +3.542000011e+001 +3.6864e+000 -2.3480e+000
1553 0 +7.918735889e-008 +3.542000008e+001 +3.542000008e+001 +3.6864e+000 -2.3480e+000
1581 0 +5.263888170e-008 +3.542000005e+001 +3.542000005e+001 +3.6864e+000 -2.3480e+000
1590 0 +4.708713419e-008 +3.542000005e+001 +3.542000005e+001 +3.6864e+000 -2.3480e+000
1597 0 +4.495780814e-008 +3.542000004e+001 +3.542000004e+001 +3.6864e+000 -2.3480e+000
1607 0 +1.844830422e-008 +3.542000002e+001 +3.542000002e+001 +3.6864e+000 -2.3480e+000
1638 0 +1.033730257e-008 +3.542000001e+001 +3.542000001e+001 +3.6864e+000 -2.3480e+000
1647 0 +4.151182509e-009 +3.542000000e+001 +3.542000000e+001 +3.6864e+000 -2.3480e+000
