% f evaluations | g evaluations | best noise-free fitness - Fopt (-1.025500000000e+002) + sum g_i+ | measured fitness | best measured fitness or single-digit g-values | x1 | x2...
1 0 +4.765668874e+001 -5.489331126e+001 -5.489331126e+001 -1.6073e+000 +4.3273e+000 -3.8355e+000
2 0 +1.262656212e+001 -8.992343788e+001 -8.992343788e+001 -1.4503e+000 +3.3821e+000 -2.4391e+000
10 0 +7.801836473e+000 -9.474816353e+001 -9.474816353e+001 +2.0706e+000 -9.1265e-002 +1.2737e+000
13 0 +5.551955912e+000 -9.699804409e+001 -9.699804409e+001 +4.3242e+000 -3.0233e+000 +2.3362e+000
63 0 +3.942064523e+000 -9.860793548e+001 -9.860793548e+001 +3.5586e+000 -5.4869e-001 +6.4266e-001
69 0 +2.040366224e+000 -1.005096338e+002 -1.005096338e+002 -5.9165e-001 +2.5942e+000 +1.0813e+000
72 0 +1.470363091e+000 -1.010796369e+002 -1.010796369e+002 +2.3099e-001 +6.7171e-001 -2.6511e-001
128 0 +1.839251244e-001 -1.023660749e+002 -1.023660749e+002 -8.2746e-001 +7.4819e-001 +8.4056e-001
1885 0 +1.174095574e-001 -1.024325904e+002 -1.024325904e+002 +3.2544e-001 +2.4447e-001 -6.0099e-001
2155 0 +9.459790694e-002 -1.024554021e+002 -1.024554021e+002 +3.2544e-001 +2.4447e-001 -6.0775e-001
2338 0 +4.707867344e-002 -1.025029213e+002 -1.025029213e+002 -1.5551e-001 +7.9423e-001 +1.0775e+000
3178 0 +1.461412192e-002 -1.025353859e+002 -1.025353859e+002 -1.6987e-001 +7.9670e-001 +1.0759e+000
10107 0 +8.535544777e-003 -1.025414645e+002 -1.025414645e+002 -1.7403e-001 +3.7044e-001 -6.8242e-001
11050 0 +6.741175476e-004 -1.025493259e+002 -1.025493259e+002 -1.2659e-001 +3.4474e-001 -6.5350e-001
12514 0 +1.122915106e-004 -1.025498877e+002 -1.025498877e+002 -1.3264e-001 +3.4119e-001 -6.4880e-001
13024 0 +5.116325669e-005 -1.025499488e+002 -1.025499488e+002 -1.3014e-001 +3.4119e-001 -6.4880e-001
14170 0 +4.349093612e-005 -1.025499565e+002 -1.025499565e+002 -1.5825e-001 +3.6793e-001 -6.7218e-001
14832 0 +3.375152828e-005 -1.025499662e+002 -1.025499662e+002 -1.4435e-001 +3.5464e-001 -6.6477e-001
15010 0 +3.104034002e-005 -1.025499690e+002 -1.025499690e+002 -1.6399e-001 +3.7812e-001 -6.8135e-001
15239 0 +2.270618637e-006 -1.025499977e+002 -1.025499977e+002 -1.8758e-001 +3.9942e-001 -7.0459e-001
15882 0 +2.041316918e-006 -1.025499980e+002 -1.025499980e+002 -2.0172e-001 +4.1257e-001 -7.1342e-001
15995 0 +1.618091645e-006 -1.025499984e+002 -1.025499984e+002 -1.8733e-001 +3.9815e-001 -7.0162e-001
16047 0 +1.499700389e-006 -1.025499985e+002 -1.025499985e+002 -1.9996e-001 +4.1084e-001 -7.1484e-001
16062 0 +9.521150588e-007 -1.025499990e+002 -1.025499990e+002 -2.0999e-001 +4.2168e-001 -7.2432e-001
16089 0 +5.637601106e-007 -1.025499994e+002 -1.025499994e+002 -2.2379e-001 +4.3393e-001 -7.3493e-001
16145 0 +4.402542260e-007 -1.025499996e+002 -1.025499996e+002 -2.0351e-001 +4.1496e-001 -7.1802e-001
16205 0 +3.236779378e-008 -1.025500000e+002 -1.025500000e+002 -2.1592e-001 +4.2663e-001 -7.2760e-001
16235 0 +2.372189556e-008 -1.025500000e+002 -1.025500000e+002 -2.1166e-001 +4.2298e-001 -7.2433e-001
16382 0 +9.783789778e-009 -1.025500000e+002 -1.025500000e+002 -2.1032e-001 +4.2135e-001 -7.2298e-001
% f evaluations | g evaluations | best noise-free fitness - Fopt (7.169000000000e+001) + sum g_i+ | measured fitness | best measured fitness or single-digit g-values | x1 | x2...
1 0 +4.376811661e+001 +1.154581166e+002 +1.154581166e+002 +2.9180e+000 +3.6469e+000 +6.9436e-001
2 0 +2.056229375e+001 +9.225229375e+001 +9.225229375e+001 -4.7482e+000 +7.2082e-001 +3.7550e+000
4 0 +1.240814045e+001 +8.409814045e+001 +8.409814045e+001 -4.4282e+000 +2.0536e+000 +2.6694e+000
7 0 +5.942358092e-001 +7.228423581e+001 +7.228423581e+001 +2.1970e+000 -1.3327e+000 -2.4524e+000
110 0 +4.399135462e-001 +7.212991355e+001 +7.212991355e+001 +2.0559e+000 -1.4052e+000 -2.1787e+000
315 0 +3.342497717e-001 +7.202424977e+001 +7.202424977e+001 -5.7051e-001 -7.5952e-001 -1.6559e+000
731 0 +1.921265660e-001 +7.188212657e+001 +7.188212657e+001 -1.5485e+000 +8.0329e-001 +7.2003e-002
1263 0 +1.509159045e-001 +7.184091590e+001 +7.184091590e+001 -3.0957e-003 -3.0494e-001 +5.6283e-001
1499 0 +3.462776647e-002 +7.172462777e+001 +7.172462777e+001 +5.2605e-001 -3.5586e-001 -2.7328e-001
2712 0 +9.115001189e-003 +7.169911500e+001 +7.169911500e+001 -9.6811e-001 -1.6103e-001 -1.2399e+000
7702 0 +2.830835032e-004 +7.169028308e+001 +7.169028308e+001 +4.9560e-001 -5.8871e-001 -1.1989e-001
8457 0 +1.977098186e-004 +7.169019771e+001 +7.169019771e+001 +5.9353e-001 -6.7894e-001 -2.2789e-001
8787 0 +2.558173941e-005 +7.169002558e+001 +7.169002558e+001 +6.1229e-001 -6.9910e-001 -2.4776e-001
9022 0 +2.467487379e-005 +7.169002467e+001 +7.169002467e+001 +6.0726e-001 -6.9688e-001 -2.4242e-001
9570 0 +2.020987984e-005 +7.169002021e+001 +7.169002021e+001 +6.0122e-001 -6.8748e-001 -2.3226e-001
9742 0 +1.790353285e-005 +7.169001790e+001 +7.169001790e+001 +5.6211e-001 -6.4958e-001 -1.8509e-001
9782 0 +1.160975809e-005 +7.169001161e+001 +7.169001161e+001 +5.4119e-001 -6.3055e-001 -1.6079e-001
9873 0 +1.088294329e-005 +7.169001088e+001 +7.169001088e+001 +5.3807e-001 -6.3131e-001 -1.6026e-001
9925 0 +6.598634883e-007 +7.169000066e+001 +7.169000066e+001 +5.4416e-001 -6.3532e-001 -1.6848e-001
9966 0 +3.588735211e-007 +7.169000036e+001 +7.169000036e+001 +5.5351e-001 -6.4356e-001 -1.7865e-001
10153 0 +2.930636640e-007 +7.169000029e+001 +7.169000029e+001 +5.5139e-001 -6.4268e-001 -1.7558e-001
10190 0 +1.576321580e-007 +7.169000016e+001 +7.169000016e+001 +5.4769e-001 -6.3791e-001 -1.7080e-001
10226 0 +1.003770649e-007 +7.169000010e+001 +7.169000010e+001 +5.4501e-001 -6.3604e-001 -1.6851e-001
10227 0 +1.440193387e-008 +7.169000001e+001 +7.169000001e+001 +5.5062e-001 -6.4114e-001 -1.7475e-001
10368 0 +9.533209777e-009 +7.169000001e+001 +7.169000001e+001 +5.4966e-001 -6.4034e-001 -1.7359e-001
% f evaluations | g evaluations | best noise-free fitness - Fopt (2.140100000000e+002) + sum g_i+ | measured fitness | best measured fitness or single-digit g-values | x1 | x2...
1 0 +5.822372158e+000 +2.198323722e+002 +2.198323722e+002 -1.0195e+000 -4.9840e-001 +1.5898e+000
19 0 +4.578001377e-001 +2.144678001e+002 +2.144678001e+002 -9.8027e-002 +1.8403e+000 +2.6517e-001
443 0 +1.785570367e-001 +2.141885570e+002 +2.141885570e+002 -2.5496e-001 +5.2830e-001 +3.3359e-001
509 0 +8.817513979e-002 +2.140981751e+002 +2.140981751e+002 -1.4890e-001 +3.2446e-001 -5.7726e-001
1041 0 +3.817310497e-002 +2.140481731e+002 +2.140481731e+002 -8.6934e-002 -8.1597e-001 +4.2716e-001
2900 0 +3.360324302e-002 +2.140436032e+002 +2.140436032e+002 -1.9537e-001 +2.5456e-001 -2.4998e-001
2901 0 +2.392294199e-002 +2.140339229e+002 +2.140339229e+002 -8.6934e-002 -8.1597e-001 +4.2515e-001
3470 0 +1.592243524e-002 +2.140259224e+002 +2.140259224e+002 -1.9421e-001 +3.1191e-001 -2.2508e-001
3500 0 +1.212963741e-002 +2.140221296e+002 +2.140221296e+002 -1.8620e-001 +3.6605e-001 -2.1359e-001
3777 0 +4.300278728e-003 +2.140143003e+002 +2.140143003e+002 -2.0807e-001 +6.0882e-001 -1.3468e-001
4047 0 +1.580879419e-003 +2.140115809e+002 +2.140115809e+002 -2.0807e-001 +6.1776e-001 -1.3468e-001
5727 0 +2.698177236e-004 +2.140102698e+002 +2.140102698e+002 -2.1008e-001 +6.3567e-001 -1.3753e-001
5762 0 +1.379898320e-004 +2.140101380e+002 +2.140101380e+002 -2.1907e-001 +8.7660e-001 -4.1101e-002
6499 0 +1.214610324e-004 +2.140101215e+002 +2.140101215e+002 -2.2454e-001 +8.8762e-001 -4.6907e-002
7489 0 +1.025154603e-006 +2.140100010e+002 +2.140100010e+002 -2.1964e-001 +8.1807e-001 -6.9144e-002
9407 0 +9.075523337e-007 +2.140100009e+002 +2.140100009e+002 -2.2028e-001 +8.5956e-001 -5.2373e-002
9497 0 +8.560755305e-007 +2.140100009e+002 +2.140100009e+002 -2.2034e-001 +8.6164e-001 -5.2155e-002
9617 0 +5.540161396e-007 +2.140100006e+002 +2.140100006e+002 -2.2002e-001 +8.5386e-001 -5.5207e-002
9677 0 +3.229892513e-007 +2.140100003e+002 +2.140100003e+002 -2.2052e-001 +8.5700e-001 -5.4371e-002
9799 0 +3.006395275e-007 +2.140100003e+002 +2.140100003e+002 -2.2034e-001 +8.3912e-001 -6.2007e-002
9829 0 +2.831887116e-007 +2.140100003e+002 +2.140100003e+002 -2.2003e-001 +8.3502e-001 -6.3673e-002
10067 0 +9.293827929e-008 +2.140100001e+002 +2.140100001e+002 -2.2001e-001 +8.4433e-001 -5.9427e-002
10074 0 +3.551039640e-008 +2.140100000e+002 +2.140100000e+002 -2.1926e-001 +8.2667e-001 -6.6028e-002
10130 0 +3.052983288e-008 +2.140100000e+002 +2.140100000e+002 -2.1946e-001 +8.3146e-001 -6.4038e-002
10151 0 +2.711647085e-008 +2.140100000e+002 +2.140100000e+002 -2.1950e-001 +8.3249e-001 -6.4035e-002
10154 0 +2.186766324e-009 +2.140100000e+002 +2.140100000e+002 -2.1968e-001 +8.3362e-001 -6.3499e-002
% f evaluations | g evaluations | best noise-free fitness - Fopt (-5.848000000000e+001) + sum g_i+ | measured fitness | best measured fitness or single-digit g-values | x1 | x2...
1 0 +1.343643620e+001 -4.504356380e+001 -4.504356380e+001 -1.2865e+000 +2.7756e+000 +1.6475e+000
2 0 +8.387435460e-001 -5.764125645e+001 -5.764125645e+001 -4.1584e-001 -3.6696e-001 -1.5017e+000
184 0 +6.725135212e-001 -5.780748648e+001 -5.780748648e+001 -5.6097e-001 +7.8687e-001 -2.3986e-001
196 0 +1.114087853e-001 -5.836859121e+001 -5.836859121e+001 -3.1015e-001 +9.8324e-003 -3.0165e-001
249 0 +6.783684005e-002 -5.841216316e+001 -5.841216316e+001 -4.1925e-001 -1.0532e+000 +1.7575e-001
2075 0 +1.804971469e-003 -5.847819503e+001 -5.847819503e+001 -3.0722e-001 -9.7088e-001 +4.1990e-001
4685 0 +7.093353158e-004 -5.847929066e+001 -5.847929066e+001 -3.0349e-001 -9.7759e-001 +4.1259e-001
5599 0 +5.243504076e-004 -5.847947565e+001 -5.847947565e+001 -2.1504e-001 -5.6138e-001 +4.1416e-001
5629 0 +3.602811816e-004 -5.847963972e+001 -5.847963972e+001 -2.1897e-001 -5.8010e-001 +4.1400e-001
5825 0 +1.172921319e-004 -5.847988271e+001 -5.847988271e+001 -2.8391e-001 -8.7524e-001 +4.1520e-001
6203 0 +9.987622753e-005 -5.847990012e+001 -5.847990012e+001 -2.4326e-001 -6.9107e-001 +4.1461e-001
6395 0 +7.231828860e-005 -5.847992768e+001 -5.847992768e+001 -2.8562e-001 -8.7180e-001 +4.1520e-001
6473 0 +2.540814046e-005 -5.847997459e+001 -5.847997459e+001 -2.4326e-001 -6.8870e-001 +4.1325e-001
6973 0 +1.744815092e-005 -5.847998255e+001 -5.847998255e+001 -2.7551e-001 -8.2475e-001 +4.1479e-001
6979 0 +1.323871081e-005 -5.847998676e+001 -5.847998676e+001 -2.6185e-001 -7.6961e-001 +4.1463e-001
7009 0 +1.059982419e-005 -5.847998940e+001 -5.847998940e+001 -2.5904e-001 -7.4700e-001 +4.1629e-001
7063 0 +3.278657445e-006 -5.847999672e+001 -5.847999672e+001 -2.6311e-001 -7.6953e-001 +4.1271e-001
7178 0 +2.648356165e-006 -5.847999735e+001 -5.847999735e+001 -2.4561e-001 -6.9349e-001 +4.1194e-001
7191 0 +5.089037103e-008 -5.847999995e+001 -5.847999995e+001 -2.5081e-001 -7.1135e-001 +4.1325e-001
7406 0 +2.317887748e-008 -5.847999998e+001 -5.847999998e+001 -2.5161e-001 -7.1548e-001 +4.1290e-001
7488 0 +6.398437336e-011 -5.848000000e+001 -5.848000000e+001 -2.5211e-001 -7.1790e-001 +4.1315e-001
% f evaluations | g evaluations | best noise-free fitness - Fopt (-6.130800000000e+002) + sum g_i+ | measured fitness | best measured fitness or single-digit g-values | x1 | x2...
1 0 +1.537600812e+001 -5.977039919e+002 -5.977039919e+002 -1.8909e+000 +1.5412e+000 +2.9800e-001
9 0 +1.438263254e+001 -5.986973675e+002 -5.986973675e+002 -3.4511e-001 +2.2874e+000 -2.0002e+000
15 0 +2.006364517e+000 -6.110736355e+002 -6.110736355e+002 +2.3413e+000 -2.3869e+000 -1.5652e+000
75 0 +1.658312122e+000 -6.114216879e+002 -6.114216879e+002 +1.9105e+000 -1.9637e+000 -1.2424e+000
177 0 +1.465216586e+000 -6.116147834e+002 -6.116147834e+002 +2.9474e+000 -5.1699e-001 -2.0665e+000
205 0 +5.768295260e-001 -6.125031705e+002 -6.125031705e+002 +1.9405e+000 -1.3466e+000 -9.4225e-001
309 0 +5.593903615e-001 -6.125206096e+002 -6.125206096e+002 +3.0108e+000 -1.1529e+000 -1.6823e+000
588 0 +2.127406525e-001 -6.128672593e+002 -6.128672593e+002 +2.1031e-001 -8.5004e-001 -1.8759e-001
1026 0 +1.612826202e-001 -6.129187174e+002 -6.129187174e+002 +8.1742e-001 -9.0304e-001 -3.8166e-001
2632 0 +5.393238710e-002 -6.130260676e+002 -6.130260676e+002 +2.5052e+000 -1.8301e+000 -1.8481e+000
8327 0 +4.698218927e-002 -6.130330178e+002 -6.130330178e+002 +9.0894e-001 -1.1371e+000 -7.4341e-001
8777 0 +4.644157888e-002 -6.130335584e+002 -6.130335584e+002 +9.1059e-001 -1.1378e+000 -7.4430e-001
8807 0 +2.158625845e-002 -6.130584137e+002 -6.130584137e+002 +8.5145e-001 -1.1032e+000 -6.9877e-001
8837 0 +2.041616274e-002 -6.130595838e+002 -6.130595838e+002 +8.5621e-001 -1.1018e+000 -6.9952e-001
10224 0 +1.781009881e-002 -6.130621899e+002 -6.130621899e+002 +1.0185e+000 -1.0588e+000 -8.5289e-001
11308 0 +1.349792511e-002 -6.130665021e+002 -6.130665021e+002 +2.6619e-001 -6.8690e-001 -3.0754e-001
11717 0 +1.569256433e-004 -6.130798431e+002 -6.130798431e+002 +3.7915e-001 -8.0064e-001 -3.8863e-001
14747 0 +5.808799983e-006 -6.130799942e+002 -6.130799942e+002 +3.2600e-001 -7.5639e-001 -3.5119e-001
14807 0 +1.953460810e-006 -6.130799980e+002 -6.130799980e+002 +3.3233e-001 -7.5960e-001 -3.5565e-001
15737 0 +8.341421562e-007 -6.130799992e+002 -6.130799992e+002 +3.2258e-001 -7.5225e-001 -3.4975e-001
18437 0 +7.514486242e-007 -6.130799992e+002 -6.130799992e+002 +3.1296e-001 -7.4543e-001 -3.4332e-001
18558 0 +2.592087185e-007 -6.130799997e+002 -6.130799997e+002 +2.9738e-001 -7.3527e-001 -3.3468e-001
18631 0 +1.263368858e-007 -6.130799999e+002 -6.130799999e+002 +2.9915e-001 -7.3535e-001 -3.3542e-001
18661 0 +7.833227755e-008 -6.130799999e+002 -6.130799999e+002 +3.0038e-001 -7.3646e-001 -3.3627e-001
18713 0 +2.037870672e-008 -6.130800000e+002 -6.130800000e+002 +3.0024e-001 -7.3651e-001 -3.3584e-001
18770 0 +3.207446753e-009 -6.130800000e+002 -6.130800000e+002 +3.0413e-001 -7.3956e-001 -3.3846e-001
% f evaluations | g evaluations | best noise-free fitness - Fopt (6.189000000000e+001) + sum g_i+ | measured fitness | best measured fitness or single-digit g-values | x1 | x2...
1 0 +8.731652806e+001 +1.492065281e+002 +1.492065281e+002 -2.0173e+000 +1.1034e+000 +4.9060e+000
2 0 +2.142596656e+001 +8.331596656e+001 +8.331596656e+001 +1.4168e+000 -2.6088e+000 +1.6902e+000
11 0 +9.628502804e+000 +7.151850280e+001 +7.151850280e+001 +1.6526e+000 +1.0508e+000 +1.7262e+000
17 0 +2.332239198e+000 +6.422223920e+001 +6.422223920e+001 -2.4705e+000 +1.4762e-001 +9.0064e-001
94 0 +2.220640469e+000 +6.411064047e+001 +6.411064047e+001 -2.2409e+000 +5.9812e-001 -1.1780e+000
101 0 +1.769609332e+000 +6.365960933e+001 +6.365960933e+001 +5.6101e-001 +1.0194e+000 +3.0848e-001
121 0 +1.418470143e+000 +6.330847014e+001 +6.330847014e+001 -1.0870e+000 -2.3434e+000 +2.4161e-001
251 0 +7.842393267e-001 +6.267423933e+001 +6.267423933e+001 -1.4229e+000 +2.2143e-001 +8.8099e-001
264 0 +6.715297727e-001 +6.256152977e+001 +6.256152977e+001 -1.4850e+000 -6.2694e-001 -6.0616e-002
550 0 +4.869791423e-001 +6.237697914e+001 +6.237697914e+001 -1.0377e+000 +3.1783e-001 -7.5230e-002
790 0 +4.604730544e-001 +6.235047305e+001 +6.235047305e+001 +2.1230e-001 +2.1219e-001 +4.0536e-001
844 0 +3.092746059e-001 +6.219927461e+001 +6.219927461e+001 -1.2105e+000 +1.6824e-001 -1.2258e-001
925 0 +2.874819303e-001 +6.217748193e+001 +6.217748193e+001 +7.7095e-001 -5.2452e-001 +2.6390e-001
1241 0 +2.073382520e-001 +6.209733825e+001 +6.209733825e+001 -1.4905e+000 +4.4364e-001 -1.8986e-002
1263 0 +1.670945259e-001 +6.205709453e+001 +6.205709453e+001 -1.7087e-002 -1.0408e+000 +2.4597e-001
1432 0 +1.372482070e-001 +6.202724821e+001 +6.202724821e+001 -2.3887e-001 -2.5205e-001 +3.5107e-001
2377 0 +3.029723785e-002 +6.192029724e+001 +6.192029724e+001 -3.9757e-001 +7.0271e-001 +6.6851e-002
4382 0 +1.228913835e-002 +6.190228914e+001 +6.190228914e+001 +3.3601e-002 -9.6628e-001 +2.8482e-001
4982 0 +7.323870818e-003 +6.189732387e+001 +6.189732387e+001 -1.4815e-003 -1.0102e+000 +2.6316e-001
5822 0 +5.490838364e-003 +6.189549084e+001 +6.189549084e+001 +5.2651e-003 -9.9763e-001 +2.6157e-001
6621 0 +1.299150027e-003 +6.189129915e+001 +6.189129915e+001 +8.5477e-004 -1.0438e+000 +2.6586e-001
7885 0 +1.170400549e-004 +6.189011704e+001 +6.189011704e+001 +1.1435e-001 -6.5423e-001 +2.7307e-001
8594 0 +7.760944662e-005 +6.189007761e+001 +6.189007761e+001 +2.0046e-002 -9.7875e-001 +2.7200e-001
9839 0 +7.025534002e-005 +6.189007026e+001 +6.189007026e+001 +4.4597e-002 -9.0179e-001 +2.7600e-001
9845 0 +2.961608936e-005 +6.189002962e+001 +6.189002962e+001 +9.2097e-002 -7.3423e-001 +2.7292e-001
9945 0 +1.875335030e-005 +6.189001875e+001 +6.189001875e+001 +9.7848e-002 -7.2209e-001 +2.7300e-001
9962 0 +1.323918085e-005 +6.189001324e+001 +6.189001324e+001 +7.5494e-002 -7.9517e-001 +2.7189e-001
9965 0 +1.013265953e-005 +6.189001013e+001 +6.189001013e+001 +9.4923e-002 -7.3105e-001 +2.7442e-001
10005 0 +9.626712462e-006 +6.189000963e+001 +6.189000963e+001 +6.7798e-002 -8.1931e-001 +2.7247e-001
10022 0 +5.291365085e-006 +6.189000529e+001 +6.189000529e+001 +5.4657e-002 -8.6617e-001 +2.7339e-001
10030 0 +2.284370481e-006 +6.189000228e+001 +6.189000228e+001 +8.1241e-002 -7.8391e-001 +2.7534e-001
10091 0 +1.377432099e-006 +6.189000138e+001 +6.189000138e+001 +6.1733e-002 -8.4676e-001 +2.7284e-001
10105 0 +1.317726941e-007 +6.189000013e+001 +6.189000013e+001 +6.5113e-002 -8.3623e-001 +2.7376e-001
10154 0 +7.681796177e-008 +6.189000008e+001 +6.189000008e+001 +6.9433e-002 -8.2027e-001 +2.7372e-001
10224 0 +3.129842696e-008 +6.189000003e+001 +6.189000003e+001 +7.2514e-002 -8.1052e-001 +2.7404e-001
10251 0 +1.453388876e-008 +6.189000001e+001 +6.189000001e+001 +6.8991e-002 -8.2265e-001 +2.7404e-001
10294 0 +7.523631496e-009 +6.189000001e+001 +6.189000001e+001 +7.0702e-002 -8.1703e-001 +2.7411e-001
% f evaluations | g evaluations | best noise-free fitness - Fopt (-8.456000000000e+001) + sum g_i+ | measured fitness | best measured fitness or single-digit g-values | x1 | x2...
1 0 +3.205677729e+001 -5.250322271e+001 -5.250322271e+001 +2.2722e+000 +5.6757e-001 +3.6530e+000
3 0 +4.636782271e+000 -7.992321773e+001 -7.992321773e+001 -3.0430e+000 -1.4009e+000 -1.4084e+000
44 0 +4.464729132e+000 -8.009527087e+001 -8.009527087e+001 +5.4752e-001 +3.5569e+000 +4.2768e-001
45 0 +1.269969617e-001 -8.443300304e+001 -8.443300304e+001 +6.5971e-001 -1.4708e+000 -6.5151e-001
2105 0 +1.237652465e-001 -8.443623475e+001 -8.443623475e+001 +5.6412e-001 -6.3393e-001 +2.1783e-001
2479 0 +7.266439323e-002 -8.448733561e+001 -8.448733561e+001 +4.3893e-001 -3.8667e-001 -8.0871e-002
3394 0 +5.145305972e-002 -8.450854694e+001 -8.450854694e+001 +2.8587e-001 -1.7093e-001 +1.8273e-001
4188 0 +9.577750964e-003 -8.455042225e+001 -8.455042225e+001 +7.0170e-001 -8.2891e-001 -1.9917e-001
4818 0 +8.655231274e-003 -8.455134477e+001 -8.455134477e+001 +6.6326e-001 -7.6105e-001 -1.6095e-001
4836 0 +1.121509865e-003 -8.455887849e+001 -8.455887849e+001 +4.5577e-001 -4.0195e-001 +7.5944e-002
5826 0 +1.023989391e-003 -8.455897601e+001 -8.455897601e+001 +4.5577e-001 -4.0195e-001 +7.3739e-002
5993 0 +8.895578497e-004 -8.455911044e+001 -8.455911044e+001 +4.7789e-001 -4.3928e-001 +4.5301e-002
6006 0 +6.213088072e-004 -8.455937869e+001 -8.455937869e+001 +4.7642e-001 -4.3103e-001 +5.7546e-002
6126 0 +3.488956314e-004 -8.455965110e+001 -8.455965110e+001 +4.9027e-001 -4.5876e-001 +3.9116e-002
6825 0 +1.312438294e-004 -8.455986876e+001 -8.455986876e+001 +5.2351e-001 -5.1313e-001 +1.0078e-002
6915 0 +4.679613455e-005 -8.455995320e+001 -8.455995320e+001 +5.4573e-001 -5.4997e-001 -1.2716e-002
7301 0 +2.822387330e-005 -8.455997178e+001 -8.455997178e+001 +5.8371e-001 -6.2343e-001 -6.3660e-002
7361 0 +1.012727651e-005 -8.455998987e+001 -8.455998987e+001 +6.0545e-001 -6.5672e-001 -8.4280e-002
7384 0 +6.008675228e-006 -8.455999399e+001 -8.455999399e+001 +5.5919e-001 -5.7539e-001 -3.2467e-002
7445 0 +2.466681636e-006 -8.455999753e+001 -8.455999753e+001 +5.7188e-001 -5.9881e-001 -4.5599e-002
7460 0 +3.543827489e-007 -8.455999965e+001 -8.455999965e+001 +5.9593e-001 -6.3980e-001 -7.1518e-002
7536 0 +2.838965543e-007 -8.455999972e+001 -8.455999972e+001 +5.9315e-001 -6.3663e-001 -6.9153e-002
7619 0 +4.668126508e-008 -8.455999995e+001 -8.455999995e+001 +5.8591e-001 -6.2271e-001 -6.0777e-002
7677 0 +5.660879765e-009 -8.455999999e+001 -8.455999999e+001 +5.9108e-001 -6.3187e-001 -6.6635e-002
% f evaluations | g evaluations | best noise-free fitness - Fopt (-2.602000000000e+001) + sum g_i+ | measured fitness | best measured fitness or single-digit g-values | x1 | x2...
1 0 +6.692929277e+001 +4.090929277e+001 +4.090929277e+001 +2.9403e+000 +3.7418e+000 +1.3240e+000
2 0 +2.346153635e+000 -2.367384636e+001 -2.367384636e+001 -9.1023e-001 +2.2238e-001 -1.0489e+000
59 0 +1.842487112e+000 -2.417751289e+001 -2.417751289e+001 -1.2446e+000 -2.1621e+000 +1.7806e+000
128 0 +1.231755730e+000 -2.478824427e+001 -2.478824427e+001 +7.0879e-001 +1.3880e+000 -2.2080e-001
155 0 +3.367238430e-001 -2.568327616e+001 -2.568327616e+001 -1.6544e-001 +9.8318e-002 +1.1135e+000
751 0 +1.655874498e-001 -2.585441255e+001 -2.585441255e+001 -2.9472e-001 -5.2310e-001 -8.2462e-001
2959 0 +1.227701307e-001 -2.589722987e+001 -2.589722987e+001 -6.0004e-001 -1.4874e+000 -2.5833e-001
3139 0 +1.091037430e-001 -2.591089626e+001 -2.591089626e+001 -6.0004e-001 -1.4880e+000 -2.5496e-001
3304 0 +6.675051414e-002 -2.595324949e+001 -2.595324949e+001 -5.9331e-001 -1.3883e+000 -1.7180e-003
4714 0 +6.204649214e-002 -2.595795351e+001 -2.595795351e+001 -5.9331e-001 -1.4036e+000 -2.8221e-001
8039 0 +5.007125089e-002 -2.596992875e+001 -2.596992875e+001 +1.6492e-001 -7.6498e-001 -1.9438e+000
8118 0 +4.609628113e-002 -2.597390372e+001 -2.597390372e+001 -9.0255e-001 -5.9723e-001 +4.6873e-001
9027 0 +3.229337833e-002 -2.598770662e+001 -2.598770662e+001 -1.1950e-001 -7.1188e-001 -1.7361e+000
12057 0 +2.407730181e-002 -2.599592270e+001 -2.599592270e+001 -1.1905e-001 -7.1188e-001 -1.7361e+000
17124 0 +2.395845745e-002 -2.599604154e+001 -2.599604154e+001 -1.5938e-001 -2.0411e-001 -6.8866e-002
32585 0 +2.265771993e-002 -2.599734228e+001 -2.599734228e+001 -8.2069e-001 -9.3729e-001 +1.4212e-001
46175 0 +2.027908905e-002 -2.599972091e+001 -2.599972091e+001 -8.2069e-001 -9.3796e-001 +1.4212e-001
46985 0 +1.846106486e-002 -2.600153894e+001 -2.600153894e+001 -8.2003e-001 -9.3796e-001 +1.4212e-001
49331 0 +1.758279950e-002 -2.600241720e+001 -2.600241720e+001 -8.1892e-001 -9.4021e-001 +1.4095e-001
49372 0 +1.688775779e-002 -2.600311224e+001 -2.600311224e+001 -8.1907e-001 -9.4021e-001 +1.4095e-001
49424 0 +1.651122818e-002 -2.600348877e+001 -2.600348877e+001 -8.1928e-001 -9.4010e-001 +1.4101e-001
49437 0 +1.576218507e-002 -2.600423781e+001 -2.600423781e+001 -8.1851e-001 -9.4229e-001 +1.3986e-001
58386 0 +1.467196555e-002 -2.600532803e+001 -2.600532803e+001 -6.5438e-002 -8.2908e-001 -1.5577e+000
58389 0 +1.213478957e-002 -2.600786521e+001 -2.600786521e+001 -6.8154e-002 -8.2768e-001 -1.5557e+000
58391 0 +1.161218670e-002 -2.600838781e+001 -2.600838781e+001 -6.6204e-002 -8.2799e-001 -1.5576e+000
58392 0 +9.588604734e-003 -2.601041140e+001 -2.601041140e+001 -6.6493e-002 -8.2630e-001 -1.5585e+000
58413 0 +8.239537526e-003 -2.601176046e+001 -2.601176046e+001 -6.9881e-002 -8.2277e-001 -1.5574e+000
58429 0 +7.903881866e-003 -2.601209612e+001 -2.601209612e+001 -7.0758e-002 -8.2219e-001 -1.5570e+000
127901 0 +7.198768500e-003 -2.601280123e+001 -2.601280123e+001 +4.9655e-001 +4.0451e-001 -3.4199e-002
129311 0 +1.142478144e-003 -2.601885752e+001 -2.601885752e+001 +5.0681e-001 +4.1270e-001 -2.5360e-002
130211 0 +8.463436127e-004 -2.601915366e+001 -2.601915366e+001 +4.8533e-001 +3.9011e-001 -6.8817e-003
130301 0 +7.938234505e-004 -2.601920618e+001 -2.601920618e+001 +4.9057e-001 +3.9574e-001 -1.3923e-002
131152 0 +4.720814625e-005 -2.601995279e+001 -2.601995279e+001 +5.9058e-001 +5.3781e-001 -1.3845e-001
133432 0 +4.542279985e-005 -2.601995458e+001 -2.601995458e+001 +5.8993e-001 +5.3666e-001 -1.3689e-001
134572 0 +4.283313939e-005 -2.601995717e+001 -2.601995717e+001 +5.9024e-001 +5.3683e-001 -1.3675e-001
134632 0 +6.065368719e-006 -2.601999393e+001 -2.601999393e+001 +5.8898e-001 +5.3227e-001 -1.3602e-001
136852 0 +5.779276872e-006 -2.601999422e+001 -2.601999422e+001 +5.9419e-001 +5.3999e-001 -1.4359e-001
136933 0 +4.757151572e-006 -2.601999524e+001 -2.601999524e+001 +6.4981e-001 +6.1936e-001 -2.1764e-001
136961 0 +3.664405934e-006 -2.601999634e+001 -2.601999634e+001 +6.2180e-001 +5.7656e-001 -1.7440e-001
136974 0 +3.563363840e-006 -2.601999644e+001 -2.601999644e+001 +6.1043e-001 +5.6364e-001 -1.6560e-001
136986 0 +8.958443338e-007 -2.601999910e+001 -2.601999910e+001 +6.2545e-001 +5.8230e-001 -1.8089e-001
137046 0 +8.261747197e-008 -2.601999992e+001 -2.601999992e+001 +6.1810e-001 +5.7293e-001 -1.7323e-001
137079 0 +1.577842568e-008 -2.601999998e+001 -2.601999998e+001 +6.2146e-001 +5.7804e-001 -1.7765e-001
137110 0 +1.331119037e-008 -2.601999999e+001 -2.601999999e+001 +6.1971e-001 +5.7548e-001 -1.7509e-001
137213 0 +8.300776955e-009 -2.601999999e+001 -2.601999999e+001 +6.2245e-001 +5.7935e-001 -1.7865e-001
% f evaluations | g evaluations | best noise-free fitness - Fopt (-3.015000000000e+001) + sum g_i+ | measured fitness | best measured fitness or single-digit g-values | x1 | x2...
1 0 +9.105287841e+001 +6.090287841e+001 +6.090287841e+001 -2.6223e+000 -1.6937e+000 +4.7072e+000
2 0 +1.402721689e+001 -1.612278311e+001 -1.612278311e+001 -1.2070e+000 +1.5183e+000 -2.3200e+000
3 0 +1.347614023e+001 -1.667385977e+001 -1.667385977e+001 +1.0674e+000 +2.5325e+000 +1.0648e+000
9 0 +9.319685079e+000 -2.083031492e+001 -2.083031492e+001 +5.0000e+000 +2.7948e-001 +1.9475e-001
33 0 +5.611533554e+000 -2.453846645e+001 -2.453846645e+001 -1.1457e+000 +1.5290e+000 +1.6035e+000
60 0 +4.002846483e+000 -2.614715352e+001 -2.614715352e+001 -3.6809e+000 +3.4765e-001 -2.0734e+000
67 0 +7.149458869e-001 -2.943505411e+001 -2.943505411e+001 -2.3641e+000 -5.7053e-001 +1.5840e+000
188 0 +6.571200902e-001 -2.949287991e+001 -2.949287991e+001 -1.0868e+000 +1.2577e+000 -8.8921e-001
457 0 +4.079518124e-001 -2.974204819e+001 -2.974204819e+001 -2.3641e+000 -5.7132e-001 +1.5839e+000
1244 0 +2.589883776e-001 -2.989101162e+001 -2.989101162e+001 -2.7148e-001 -6.9718e-001 +6.5428e-001
1274 0 +3.258519164e-002 -3.011741481e+001 -3.011741481e+001 -3.4141e-001 -5.7994e-001 +2.9209e-001
3074 0 +9.063671822e-003 -3.014093633e+001 -3.014093633e+001 -2.5102e-001 -5.4043e-001 +2.3382e-001
4604 0 +1.936149762e-003 -3.014806385e+001 -3.014806385e+001 -3.9182e-001 -5.7757e-001 +3.0344e-001
4724 0 +1.436238775e-003 -3.014856376e+001 -3.014856376e+001 -7.6151e-001 -7.1958e-001 +4.9351e-001
6344 0 +1.051559217e-003 -3.014894844e+001 -3.014894844e+001 -7.7149e-001 -7.2781e-001 +4.9730e-001
9694 0 +7.846509593e-004 -3.014921535e+001 -3.014921535e+001 -6.7347e-001 -6.8959e-001 +4.5082e-001
11494 0 +7.387949934e-004 -3.014926121e+001 -3.014926121e+001 -6.7323e-001 -6.8976e-001 +4.5080e-001
11524 0 +6.854852713e-004 -3.014931451e+001 -3.014931451e+001 -6.7242e-001 -6.8973e-001 +4.5046e-001
13125 0 +5.255254989e-004 -3.014947447e+001 -3.014947447e+001 -3.1094e-001 -5.6053e-001 +2.6078e-001
13335 0 +4.237761492e-004 -3.014957622e+001 -3.014957622e+001 -3.2442e-001 -5.6569e-001 +2.6676e-001
13784 0 +3.118713700e-004 -3.014968813e+001 -3.014968813e+001 -6.8268e-001 -6.9590e-001 +4.5398e-001
13984 0 +4.583324679e-005 -3.014995417e+001 -3.014995417e+001 -6.0363e-001 -6.7197e-001 +4.1446e-001
15398 0 +2.677839764e-005 -3.014997322e+001 -3.014997322e+001 -5.7700e-001 -6.5956e-001 +4.0069e-001
15436 0 +2.441263000e-005 -3.014997559e+001 -3.014997559e+001 -4.4836e-001 -6.0922e-001 +3.3317e-001
15578 0 +7.620056657e-006 -3.014999238e+001 -3.014999238e+001 -5.3833e-001 -6.4761e-001 +3.8047e-001
15586 0 +1.773422984e-006 -3.014999823e+001 -3.014999823e+001 -4.7130e-001 -6.2121e-001 +3.4568e-001
15675 0 +1.201089301e-006 -3.014999880e+001 -3.014999880e+001 -4.8652e-001 -6.2583e-001 +3.5464e-001
15766 0 +8.186365008e-007 -3.014999918e+001 -3.014999918e+001 -5.1620e-001 -6.3912e-001 +3.7010e-001
15886 0 +7.386610434e-007 -3.014999926e+001 -3.014999926e+001 -5.0838e-001 -6.3655e-001 +3.6638e-001
16028 0 +1.271399803e-007 -3.014999987e+001 -3.014999987e+001 -4.9306e-001 -6.3026e-001 +3.5843e-001
16128 0 +5.440716677e-008 -3.014999995e+001 -3.014999995e+001 -4.7737e-001 -6.2358e-001 +3.4979e-001
16168 0 +2.361157669e-008 -3.014999998e+001 -3.014999998e+001 -4.7885e-001 -6.2452e-001 +3.5078e-001
16245 0 +6.819611542e-009 -3.014999999e+001 -3.014999999e+001 -4.8249e-001 -6.2577e-001 +3.5261e-001
% f evaluations | g evaluations | best noise-free fitness - Fopt (-1.000000000000e+003) + sum g_i+ | measured fitness | best measured fitness or single-digit g-values | x1 | x2...
1 0 +3.063010539e+001 -9.693698946e+002 -9.693698946e+002 +1.3639e+000 +2.5711e+000 +1.5667e+000
3 0 +2.960713706e+001 -9.703928629e+002 -9.703928629e+002 -1.2157e-001 +1.3325e+000 -3.5571e+000
6 0 +3.695279665e+000 -9.963047203e+002 -9.963047203e+002 +1.0362e+000 +7.8455e-002 -1.7238e+000
83 0 +2.058617187e+000 -9.979413828e+002 -9.979413828e+002 +1.6750e+000 +6.7720e-002 -8.6788e-001
138 0 +1.523018459e-001 -9.998476982e+002 -9.998476982e+002 +2.8764e+000 +3.3163e-002 -4.7719e-001
819 0 +5.164771522e-002 -9.999483523e+002 -9.999483523e+002 +5.0433e-001 +2.5073e-001 -1.1792e-001
1030 0 +8.239796196e-003 -9.999917602e+002 -9.999917602e+002 +3.3369e-001 +3.6389e-001 -2.7175e-002
1391 0 +4.093476598e-003 -9.999959065e+002 -9.999959065e+002 +6.4030e-001 +3.5092e-001 -4.7626e-002
3310 0 +3.154455805e-003 -9.999968455e+002 -9.999968455e+002 +4.5690e-001 +3.5894e-001 -3.8936e-002
3430 0 +2.587109379e-003 -9.999974129e+002 -9.999974129e+002 +4.2644e-001 +3.6477e-001 -3.3397e-002
3832 0 +2.531232258e-003 -9.999974688e+002 -9.999974688e+002 +4.1624e-001 +3.6680e-001 -3.5032e-002
3929 0 +4.877628119e-004 -9.999995122e+002 -9.999995122e+002 +1.0101e+000 +3.3955e-001 -7.8915e-002
4009 0 +3.241019986e-004 -9.999996759e+002 -9.999996759e+002 +6.9985e-001 +3.6614e-001 -5.1132e-002
4116 0 +2.206382817e-005 -9.999999779e+002 -9.999999779e+002 +6.7426e-001 +3.6206e-001 -5.1632e-002
4236 0 +1.597060816e-005 -9.999999840e+002 -9.999999840e+002 +6.8952e-001 +3.6206e-001 -5.3565e-002
4536 0 +1.532421277e-005 -9.999999847e+002 -9.999999847e+002 +6.8952e-001 +3.6213e-001 -5.3502e-002
4579 0 +1.099210795e-005 -9.999999890e+002 -9.999999890e+002 +6.9985e-001 +3.6236e-001 -5.3171e-002
4622 0 +3.437982627e-006 -9.999999966e+002 -9.999999966e+002 +7.3739e-001 +3.6033e-001 -5.7051e-002
4768 0 +1.342596079e-007 -9.999999999e+002 -9.999999999e+002 +7.9547e-001 +3.5519e-001 -6.0867e-002
5010 0 +4.151274879e-008 -1.000000000e+003 -1.000000000e+003 +7.8902e-001 +3.5593e-001 -6.0611e-002
5100 0 +2.128911092e-008 -1.000000000e+003 -1.000000000e+003 +7.8902e-001 +3.5593e-001 -6.0524e-002
5160 0 +8.676238394e-009 -1.000000000e+003 -1.000000000e+003 +7.9003e-001 +3.5593e-001 -6.0524e-002
% f evaluations | g evaluations | best noise-free fitness - Fopt (-9.243000000000e+002) + sum g_i+ | measured fitness | best measured fitness or single-digit g-values | x1 | x2...
1 0 +6.762467219e+001 -8.566753278e+002 -8.566753278e+002 +3.3166e+000 -7.5927e-002 -4.3105e+000
3 0 +1.852997279e+001 -9.057700272e+002 -9.057700272e+002 +3.0776e+000 +4.6827e+000 +1.7971e+000
7 0 +2.555656759e+000 -9.217443432e+002 -9.217443432e+002 -1.4913e+000 +2.4977e+000 +3.1819e+000
46 0 +1.465568604e+000 -9.228344314e+002 -9.228344314e+002 +4.3625e-001 +1.6153e+000 +2.7292e+000
155 0 +1.250210867e+000 -9.230497891e+002 -9.230497891e+002 -1.8346e+000 +2.1415e+000 +4.2987e+000
404 0 +9.514831990e-001 -9.233485168e+002 -9.233485168e+002 -1.4268e+000 -1.8663e+000 -1.4929e+000
419 0 +4.947660480e-001 -9.238052340e+002 -9.238052340e+002 +2.1027e+000 +1.2008e+000 +3.6504e+000
1162 0 +2.077818420e-001 -9.240922182e+002 -9.240922182e+002 +2.2237e+000 +2.2023e+000 +4.0948e+000
1661 0 +1.399063247e-001 -9.241600937e+002 -9.241600937e+002 +5.0814e-001 -1.0788e-001 +5.8916e-001
5641 0 +1.220977642e-001 -9.241779022e+002 -9.241779022e+002 +2.8178e-001 -6.1319e-001 -2.1663e-002
7298 0 +9.408396321e-002 -9.242059160e+002 -9.242059160e+002 +8.8912e-001 +1.6205e+000 +5.7367e-001
9199 0 +9.123068174e-002 -9.242087693e+002 -9.242087693e+002 +8.8925e-001 +1.6206e+000 +5.7384e-001
9211 0 +8.844750761e-002 -9.242115525e+002 -9.242115525e+002 +8.8938e-001 +1.6207e+000 +5.7402e-001
9244 0 +8.581367276e-002 -9.242141863e+002 -9.242141863e+002 +8.8951e-001 +1.6209e+000 +5.7419e-001
9262 0 +2.956490504e-002 -9.242704351e+002 -9.242704351e+002 +4.8151e-001 +6.4655e-001 -9.1405e-002
9281 0 +2.892093574e-002 -9.242710791e+002 -9.242710791e+002 +4.8138e-001 +6.4641e-001 -9.1579e-002
9291 0 +2.708070819e-002 -9.242729193e+002 -9.242729193e+002 +4.8667e-001 +6.5954e-001 -8.2840e-002
9356 0 +2.594847334e-002 -9.242740515e+002 -9.242740515e+002 +4.8642e-001 +6.5927e-001 -8.3171e-002
9366 0 +2.393286607e-002 -9.242760671e+002 -9.242760671e+002 +4.9148e-001 +6.7215e-001 -7.4728e-002
9367 0 +2.338827632e-002 -9.242766117e+002 -9.242766117e+002 +4.9135e-001 +6.7201e-001 -7.4903e-002
9385 0 +1.371492007e-002 -9.242862851e+002 -9.242862851e+002 +4.9067e-001 +6.7201e-001 -7.7335e-002
9485 0 +1.301459485e-002 -9.242869854e+002 -9.242869854e+002 +4.9189e-001 +6.7527e-001 -7.5422e-002
9487 0 +4.725000008e-003 -9.242952750e+002 -9.242952750e+002 +4.7906e-001 +6.4796e-001 -9.7201e-002
9505 0 +1.616503594e-003 -9.242983835e+002 -9.242983835e+002 +4.8164e-001 +6.5700e-001 -9.3748e-002
9511 0 +8.518305073e-004 -9.242991482e+002 -9.242991482e+002 +4.8708e-001 +6.7540e-001 -8.5753e-002
9536 0 +2.403308673e-004 -9.242997597e+002 -9.242997597e+002 +4.8252e-001 +6.7095e-001 -9.5150e-002
9545 0 +5.084682721e-005 -9.242999492e+002 -9.242999492e+002 +4.7302e-001 +6.4534e-001 -1.0969e-001
9550 0 +1.711338609e-005 -9.242999829e+002 -9.242999829e+002 +4.8032e-001 +6.6275e-001 -9.8366e-002
9600 0 +1.015956195e-005 -9.242999898e+002 -9.242999898e+002 +4.7476e-001 +6.4991e-001 -1.0713e-001
9626 0 +8.067893305e-006 -9.242999919e+002 -9.242999919e+002 +4.7693e-001 +6.5285e-001 -1.0487e-001
9632 0 +7.742179832e-006 -9.242999923e+002 -9.242999923e+002 +4.7692e-001 +6.5292e-001 -1.0490e-001
9704 0 +4.124997076e-006 -9.242999959e+002 -9.242999959e+002 +4.8053e-001 +6.6187e-001 -1.0191e-001
9706 0 +3.036042244e-006 -9.242999970e+002 -9.242999970e+002 +4.8443e-001 +6.6767e-001 -9.6436e-002
9708 0 +1.841905146e-006 -9.242999982e+002 -9.242999982e+002 +4.7970e-001 +6.5992e-001 -1.0089e-001
9754 0 +7.367540320e-007 -9.242999993e+002 -9.242999993e+002 +4.8720e-001 +6.7163e-001 -9.5697e-002
9865 0 +2.657862979e-007 -9.242999997e+002 -9.242999997e+002 +4.9457e-001 +6.8218e-001 -9.1078e-002
9877 0 +7.299013305e-008 -9.242999999e+002 -9.242999999e+002 +5.0632e-001 +7.0092e-001 -8.1690e-002
9942 0 +2.767251317e-009 -9.243000000e+002 -9.243000000e+002 +5.0597e-001 +7.0000e-001 -8.1752e-002
% f evaluations | g evaluations | best noise-free fitness - Fopt (-1.035000000000e+001) + sum g_i+ | measured fitness | best measured fitness or single-digit g-values | x1 | x2...
1 0 +2.200521698e+002 +2.097021698e+002 +2.097021698e+002 +3.9371e+000 +4.0344e+000 -2.8486e+000
2 0 +3.589050657e+001 +2.554050657e+001 +2.554050657e+001 +2.4937e+000 +1.4963e+000 -3.3978e+000
4 0 +1.746949753e+001 +7.119497528e+000 +7.119497528e+000 -1.0858e+000 -3.7253e-001 -4.1320e-001
7 0 +1.611736084e+001 +5.767360837e+000 +5.767360837e+000 +4.9111e+000 -3.1645e+000 +3.1579e+000
11 0 +1.531154960e+001 +4.961549599e+000 +4.961549599e+000 -6.5164e-001 -5.5187e-001 +3.4145e-001
12 0 +1.004584142e+001 -3.041585759e-001 -3.041585759e-001 -6.3427e-001 -5.5390e-001 +3.6333e-001
15 0 +3.921771249e+000 -6.428228751e+000 -6.428228751e+000 -2.1682e+000 +8.3570e-001 -4.4890e+000
62 0 +2.658763849e+000 -7.691236151e+000 -7.691236151e+000 +1.2636e+000 -2.4238e-001 +1.1817e+000
121 0 +1.974639116e+000 -8.375360884e+000 -8.375360884e+000 +3.6027e-001 -1.5412e+000 -7.4758e-001
133 0 +1.932344402e+000 -8.417655598e+000 -8.417655598e+000 -2.6870e-001 -4.4904e-001 +7.8199e-001
147 0 +8.485741238e-001 -9.501425876e+000 -9.501425876e+000 +6.3875e-001 -3.2762e-001 -1.3804e+000
414 0 +3.300100705e-001 -1.001998993e+001 -1.001998993e+001 -6.0229e-001 -7.6077e-001 -8.8282e-001
755 0 +3.125223739e-001 -1.003747763e+001 -1.003747763e+001 -1.4146e+000 -1.4838e+000 -1.2511e-001
777 0 +3.051241989e-001 -1.004487580e+001 -1.004487580e+001 -8.7718e-001 +4.8910e-001 -1.2421e+000
798 0 +8.719389339e-002 -1.026280611e+001 -1.026280611e+001 -3.8781e-001 -1.0312e+000 +1.6650e-001
1032 0 +8.356367610e-002 -1.026643632e+001 -1.026643632e+001 -1.9620e-001 +2.1064e-001 +1.2983e-001
4782 0 +8.038317857e-002 -1.026961682e+001 -1.026961682e+001 -1.9582e-001 +2.0942e-001 +1.2976e-001
6713 0 +3.680351483e-002 -1.031319649e+001 -1.031319649e+001 -3.6641e-001 +6.9130e-001 -5.0750e-002
8257 0 +3.005890332e-002 -1.031994110e+001 -1.031994110e+001 -2.1982e-001 +5.8448e-001 +2.0043e-001
9787 0 +2.065924810e-002 -1.032934075e+001 -1.032934075e+001 -2.1975e-001 +5.8298e-001 +1.9883e-001
10807 0 +9.912648916e-003 -1.034008735e+001 -1.034008735e+001 -2.1575e-001 +5.8373e-001 +1.9759e-001
11167 0 +6.037388453e-004 -1.034939626e+001 -1.034939626e+001 -2.3058e-001 +5.9666e-001 +1.7977e-001
12847 0 +4.148397634e-004 -1.034958516e+001 -1.034958516e+001 -2.3058e-001 +5.9383e-001 +1.7977e-001
13447 0 +4.066302885e-004 -1.034959337e+001 -1.034959337e+001 -2.3058e-001 +5.9348e-001 +1.7977e-001
14571 0 +3.809266091e-004 -1.034961907e+001 -1.034961907e+001 -2.3177e-001 +5.9437e-001 +1.8035e-001
14972 0 +3.781931474e-004 -1.034962181e+001 -1.034962181e+001 -2.3208e-001 +5.9473e-001 +1.8047e-001
15322 0 +3.646149559e-004 -1.034963539e+001 -1.034963539e+001 -2.3524e-001 +5.9813e-001 +1.8091e-001
15373 0 +3.583284258e-004 -1.034964167e+001 -1.034964167e+001 -2.3411e-001 +5.9671e-001 +1.7999e-001
15375 0 +3.212153223e-004 -1.034967878e+001 -1.034967878e+001 -2.3955e-001 +6.0148e-001 +1.7839e-001
15378 0 +2.856766815e-004 -1.034971432e+001 -1.034971432e+001 -2.4335e-001 +6.0687e-001 +1.7608e-001
15406 0 +2.496026985e-004 -1.034975040e+001 -1.034975040e+001 -2.4891e-001 +6.1162e-001 +1.7585e-001
15414 0 +2.008303062e-004 -1.034979917e+001 -1.034979917e+001 -2.5547e-001 +6.1882e-001 +1.7307e-001
15425 0 +1.692116379e-004 -1.034983079e+001 -1.034983079e+001 -2.7201e-001 +6.3800e-001 +1.6593e-001
15429 0 +1.488867351e-004 -1.034985111e+001 -1.034985111e+001 -2.8615e-001 +6.5432e-001 +1.6189e-001
15440 0 +1.421917871e-004 -1.034985781e+001 -1.034985781e+001 -2.7521e-001 +6.4095e-001 +1.6510e-001
15442 0 +1.365056277e-004 -1.034986349e+001 -1.034986349e+001 -2.6805e-001 +6.3267e-001 +1.6871e-001
15449 0 +1.159095066e-004 -1.034988409e+001 -1.034988409e+001 -2.8064e-001 +6.4629e-001 +1.6351e-001
15479 0 +1.131363611e-004 -1.034988686e+001 -1.034988686e+001 -2.8064e-001 +6.4629e-001 +1.6359e-001
15502 0 +1.074379298e-004 -1.034989256e+001 -1.034989256e+001 -2.7712e-001 +6.4217e-001 +1.6535e-001
15544 0 +4.785841889e-005 -1.034995214e+001 -1.034995214e+001 -3.0287e-001 +6.6745e-001 +1.5796e-001
15571 0 +3.465279321e-005 -1.034996535e+001 -1.034996535e+001 -3.2864e-001 +6.9757e-001 +1.4921e-001
15574 0 +2.216807300e-005 -1.034997783e+001 -1.034997783e+001 -3.1583e-001 +6.8256e-001 +1.5406e-001
15597 0 +1.882152334e-005 -1.034998118e+001 -1.034998118e+001 -3.2005e-001 +6.8758e-001 +1.5357e-001
15614 0 +1.848852884e-005 -1.034998151e+001 -1.034998151e+001 -3.2004e-001 +6.8750e-001 +1.5364e-001
15640 0 +1.200629242e-005 -1.034998799e+001 -1.034998799e+001 -3.4202e-001 +7.1096e-001 +1.4674e-001
15646 0 +3.338750913e-006 -1.034999666e+001 -1.034999666e+001 -3.5584e-001 +7.2302e-001 +1.4120e-001
15663 0 +2.595348981e-006 -1.034999740e+001 -1.034999740e+001 -3.5386e-001 +7.2133e-001 +1.4349e-001
15693 0 +2.436025543e-006 -1.034999756e+001 -1.034999756e+001 -3.5487e-001 +7.2143e-001 +1.4190e-001
15703 0 +2.127254529e-006 -1.034999787e+001 -1.034999787e+001 -3.6747e-001 +7.3339e-001 +1.3914e-001
15711 0 +1.261570546e-007 -1.034999987e+001 -1.034999987e+001 -3.8771e-001 +7.5407e-001 +1.3231e-001
15769 0 +8.866666867e-008 -1.034999991e+001 -1.034999991e+001 -3.8983e-001 +7.5612e-001 +1.3107e-001
15889 0 +6.335758229e-008 -1.034999994e+001 -1.034999994e+001 -3.9641e-001 +7.6258e-001 +1.2901e-001
15933 0 +1.529863880e-008 -1.034999998e+001 -1.034999998e+001 -3.9430e-001 +7.6067e-001 +1.2997e-001
15974 0 +7.022311621e-010 -1.035000000e+001 -1.035000000e+001 -3.9409e-001 +7.6063e-001 +1.2999e-001
% f evaluations | g evaluations | best noise-free fitness - Fopt (-1.000000000000e+003) + sum g_i+ | measured fitness | best measured fitness or single-digit g-values | x1 | x2...
1 0 +3.866973697e+000 -9.961330263e+002 -9.961330263e+002 -7.0969e-001 -1.8433e+000 +1.8066e+000
22 0 +1.534891161e+000 -9.984651088e+002 -9.984651088e+002 -2.2283e-001 -1.0544e+000 +8.2839e-001
118 0 +8.718962455e-001 -9.991281038e+002 -9.991281038e+002 -8.8116e-002 +9.5200e-001 +4.8170e-001
193 0 +4.614130997e-001 -9.995385869e+002 -9.995385869e+002 -2.2958e-001 +8.4066e-002 -1.2643e+000
283 0 +4.213768427e-001 -9.995786232e+002 -9.995786232e+002 -2.9454e-001 +2.8416e-001 -1.4594e+000
483 0 +9.972338833e-002 -9.999002766e+002 -9.999002766e+002 +3.1964e-001 -3.8386e-001 -5.6559e-001
2009 0 +9.542258607e-002 -9.999045774e+002 -9.999045774e+002 -4.6418e-001 +4.1890e-002 +3.5802e-001
3820 0 +5.592522422e-002 -9.999440748e+002 -9.999440748e+002 -6.5635e-001 +2.3864e-002 +3.0701e-001
4077 0 +4.172906066e-002 -9.999582709e+002 -9.999582709e+002 -6.5723e-001 +2.4131e-002 +3.0461e-001
4186 0 +3.836831043e-002 -9.999616317e+002 -9.999616317e+002 -6.4302e-001 +2.5132e-002 +3.1044e-001
4234 0 +3.669307521e-002 -9.999633069e+002 -9.999633069e+002 -6.3391e-001 +2.5815e-002 +3.1392e-001
4319 0 +3.416982245e-002 -9.999658302e+002 -9.999658302e+002 -6.1861e-001 +2.6825e-002 +3.2060e-001
4353 0 +3.012217722e-002 -9.999698778e+002 -9.999698778e+002 -6.1098e-001 +2.7518e-002 +3.2233e-001
4391 0 +2.726499887e-002 -9.999727350e+002 -9.999727350e+002 -5.9253e-001 +2.8906e-002 +3.2902e-001
4409 0 +2.666338523e-002 -9.999733366e+002 -9.999733366e+002 -6.0146e-001 +2.8154e-002 +3.2573e-001
4496 0 +2.534218296e-002 -9.999746578e+002 -9.999746578e+002 -5.8675e-001 +2.9247e-002 +3.3077e-001
4503 0 +2.404376663e-002 -9.999759562e+002 -9.999759562e+002 -5.9360e-001 +2.8510e-002 +3.2825e-001
4615 0 +2.388630384e-002 -9.999761137e+002 -9.999761137e+002 -5.9099e-001 +2.8709e-002 +3.2930e-001
19655 0 +2.221999951e-002 -9.999777800e+002 -9.999777800e+002 -6.8269e-001 +2.3649e-001 -1.0332e+000
29825 0 +2.178802525e-002 -9.999782120e+002 -9.999782120e+002 -6.8278e-001 +2.3647e-001 -1.0333e+000
34609 0 +1.782578519e-002 -9.999821742e+002 -9.999821742e+002 -5.9084e-001 -4.4188e-001 -1.8622e+000
34879 0 +1.118737108e-002 -9.999888126e+002 -9.999888126e+002 -5.8970e-001 -4.2899e-001 -1.8622e+000
76579 0 +1.095281483e-002 -9.999890472e+002 -9.999890472e+002 -5.9064e-001 -4.2884e-001 -1.8599e+000
89329 0 +1.004198527e-002 -9.999899580e+002 -9.999899580e+002 -6.3192e-001 -2.9094e-001 -1.7412e+000
91309 0 +9.228328301e-003 -9.999907717e+002 -9.999907717e+002 -6.3245e-001 -2.9094e-001 -1.7412e+000
118838 0 +6.520179770e-004 -9.999993480e+002 -9.999993480e+002 +7.3157e-001 -4.7352e-001 -1.2195e-001
119348 0 +3.297669501e-004 -9.999996702e+002 -9.999996702e+002 +7.4358e-001 -4.6906e-001 -1.1886e-001
125531 0 +2.413158957e-004 -9.999997587e+002 -9.999997587e+002 +8.2314e-001 -6.0345e-001 -1.7825e-001
125558 0 +1.014923401e-004 -9.999998985e+002 -9.999998985e+002 +7.4358e-001 -4.7105e-001 -1.1886e-001
126968 0 +5.696153755e-005 -9.999999430e+002 -9.999999430e+002 +7.4281e-001 -4.7105e-001 -1.1886e-001
127028 0 +1.011131485e-005 -9.999999899e+002 -9.999999899e+002 +7.3588e-001 -4.7105e-001 -1.1888e-001
127328 0 +2.344861514e-006 -9.999999977e+002 -9.999999977e+002 +7.3454e-001 -4.6739e-001 -1.1639e-001
127868 0 +2.060046427e-007 -9.999999998e+002 -9.999999998e+002 +7.3691e-001 -4.6739e-001 -1.1639e-001
129038 0 +8.392601103e-008 -9.999999999e+002 -9.999999999e+002 +7.3638e-001 -4.6739e-001 -1.1639e-001
133058 0 +7.972892035e-008 -9.999999999e+002 -9.999999999e+002 +7.3363e-001 -4.6274e-001 -1.1427e-001
133072 0 +7.474352515e-008 -9.999999999e+002 -9.999999999e+002 +7.2941e-001 -4.5732e-001 -1.1148e-001
133086 0 +5.060519470e-008 -9.999999999e+002 -9.999999999e+002 +7.2614e-001 -4.5213e-001 -1.0908e-001
133110 0 +2.423939804e-008 -1.000000000e+003 -1.000000000e+003 +7.3128e-001 -4.5981e-001 -1.1272e-001
133140 0 +1.172963948e-008 -1.000000000e+003 -1.000000000e+003 +7.2957e-001 -4.5689e-001 -1.1141e-001
133152 0 +8.150891517e-009 -1.000000000e+003 -1.000000000e+003 +7.2913e-001 -4.5625e-001 -1.1108e-001
% f evaluations | g evaluations | best noise-free fitness - Fopt (2.880000000000e+001) + sum g_i+ | measured fitness | best measured fitness or single-digit g-values | x1 | x2...
1 0 +6.495582479e+001 +9.375582479e+001 +9.375582479e+001 -3.6338e+000 +4.6163e+000 +7.1009e-001
2 0 +2.545446802e+001 +5.425446802e+001 +5.425446802e+001 +1.8453e+000 +3.2749e+000 -2.6889e+000
3 0 +9.414151005e+000 +3.821415100e+001 +3.821415100e+001 -2.4667e+000 +7.4165e-001 -5.4928e-002
12 0 +3.670864069e+000 +3.247086407e+001 +3.247086407e+001 -4.4619e-001 +5.6497e-001 -1.2424e+000
25 0 +2.233338210e+000 +3.103333821e+001 +3.103333821e+001 -1.3473e+000 +2.1423e+000 +3.4850e-001
144 0 +2.045317183e+000 +3.084531718e+001 +3.084531718e+001 -2.8172e+000 +3.0390e-001 -4.4734e-001
190 0 +1.163532784e+000 +2.996353278e+001 +2.996353278e+001 +1.0456e-001 +1.4777e+000 -7.6136e-001
349 0 +7.571734329e-001 +2.955717343e+001 +2.955717343e+001 +4.5843e-001 +6.8930e-001 -1.4618e+000
662 0 +3.079518796e-001 +2.910795188e+001 +2.910795188e+001 +9.9181e-001 -2.5300e-001 +1.3750e+000
1021 0 +2.920457678e-001 +2.909204577e+001 +2.909204577e+001 +1.7378e+000 -7.9076e-001 +8.8891e-001
1438 0 +1.403242706e-001 +2.894032427e+001 +2.894032427e+001 +4.1635e-001 -2.7325e-001 -3.2891e-001
1901 0 +9.231824870e-002 +2.889231825e+001 +2.889231825e+001 -3.9257e-001 -4.8237e-001 +5.1537e-002
4403 0 +5.391140626e-002 +2.885391141e+001 +2.885391141e+001 +5.9184e-001 -5.0318e-001 +4.9772e-001
7003 0 +3.008064136e-002 +2.883008064e+001 +2.883008064e+001 +4.6148e-001 -6.6215e-001 +6.7746e-001
7993 0 +2.285175012e-002 +2.882285175e+001 +2.882285175e+001 +4.4899e-001 -6.6547e-001 +6.6554e-001
9019 0 +2.167691472e-002 +2.882167691e+001 +2.882167691e+001 +3.1019e-002 -3.8073e-001 +1.4778e-001
9195 0 +3.439843054e-003 +2.880343984e+001 +2.880343984e+001 +3.2019e-001 -5.1264e-001 +4.1511e-001
9255 0 +1.462925335e-003 +2.880146293e+001 +2.880146293e+001 +3.2019e-001 -5.0731e-001 +3.9677e-001
9375 0 +9.305915937e-004 +2.880093059e+001 +2.880093059e+001 +3.1807e-001 -5.0748e-001 +3.9637e-001
9945 0 +6.922023461e-004 +2.880069220e+001 +2.880069220e+001 +3.1703e-001 -5.0754e-001 +3.9637e-001
10185 0 +6.639976185e-004 +2.880066400e+001 +2.880066400e+001 +3.0721e-001 -5.0341e-001 +3.8831e-001
10395 0 +4.223156898e-004 +2.880042232e+001 +2.880042232e+001 +2.8435e-001 -4.9554e-001 +3.7138e-001
10972 0 +4.370192039e-005 +2.880004370e+001 +2.880004370e+001 +3.9076e-001 -5.2890e-001 +4.6595e-001
11893 0 +1.910377125e-005 +2.880001910e+001 +2.880001910e+001 +4.7003e-001 -5.4884e-001 +5.2490e-001
11957 0 +1.304813373e-005 +2.880001305e+001 +2.880001305e+001 +3.8000e-001 -5.2810e-001 +4.5507e-001
12006 0 +8.906408823e-006 +2.880000891e+001 +2.880000891e+001 +3.8618e-001 -5.2988e-001 +4.5936e-001
12036 0 +2.574545928e-006 +2.880000257e+001 +2.880000257e+001 +4.0847e-001 -5.3604e-001 +4.7728e-001
12119 0 +1.931573490e-006 +2.880000193e+001 +2.880000193e+001 +4.2806e-001 -5.4125e-001 +4.9227e-001
12124 0 +8.901458877e-007 +2.880000089e+001 +2.880000089e+001 +4.1479e-001 -5.3624e-001 +4.8200e-001
12126 0 +3.211426609e-007 +2.880000032e+001 +2.880000032e+001 +4.3834e-001 -5.4411e-001 +5.0128e-001
12224 0 +3.007627605e-007 +2.880000030e+001 +2.880000030e+001 +4.3812e-001 -5.4250e-001 +5.0066e-001
12249 0 +2.482597026e-007 +2.880000025e+001 +2.880000025e+001 +4.2563e-001 -5.3979e-001 +4.9136e-001
12287 0 +2.395888679e-007 +2.880000024e+001 +2.880000024e+001 +4.5859e-001 -5.4858e-001 +5.1753e-001
12300 0 +7.737398633e-008 +2.880000008e+001 +2.880000008e+001 +4.5585e-001 -5.4815e-001 +5.1510e-001
12346 0 +3.842315621e-008 +2.880000004e+001 +2.880000004e+001 +4.4904e-001 -5.4607e-001 +5.0978e-001
12476 0 +1.939620020e-008 +2.880000002e+001 +2.880000002e+001 +4.4324e-001 -5.4492e-001 +5.0517e-001
12483 0 +1.740994904e-008 +2.880000002e+001 +2.880000002e+001 +4.4828e-001 -5.4614e-001 +5.0906e-001
12521 0 +3.562686146e-009 +2.880000000e+001 +2.880000000e+001 +4.4371e-001 -5.4474e-001 +5.0553e-001
% f evaluations | g evaluations | best noise-free fitness - Fopt (3.534000000000e+001) + sum g_i+ | measured fitness | best measured fitness or single-digit g-values | x1 | x2...
1 0 +1.313084474e+002 +1.666484474e+002 +1.666484474e+002 +3.9098e+000 -1.3105e+000 +4.5689e+000
2 0 +4.981134296e+000 +4.032113430e+001 +4.032113430e+001 +1.4876e+000 +1.2464e+000 -1.4917e+000
48 0 +7.549786294e-001 +3.609497863e+001 +3.609497863e+001 +8.9924e-001 +1.6053e+000 +3.8585e-001
178 0 +1.941617906e-001 +3.553416179e+001 +3.553416179e+001 +8.1166e-001 +1.3023e+000 -1.1096e+000
712 0 +1.752108140e-001 +3.551521081e+001 +3.551521081e+001 +4.2395e-001 -7.7046e-002 +7.0548e-001
1335 0 +1.650195616e-001 +3.550501956e+001 +3.550501956e+001 +5.8498e-001 +4.0757e-001 -5.9305e-001
1512 0 +1.393051888e-001 +3.547930519e+001 +3.547930519e+001 +3.3163e-001 +3.6104e-001 +3.4902e-001
2041 0 +5.576243142e-002 +3.539576243e+001 +3.539576243e+001 +7.6878e-001 +6.4650e-001 +5.3517e-001
3733 0 +3.917714391e-002 +3.537917714e+001 +3.537917714e+001 +2.0233e-001 -1.2344e-001 +2.8749e-001
3752 0 +2.660312825e-002 +3.536660313e+001 +3.536660313e+001 +7.3242e-001 +3.1069e-001 +5.0329e-001
4292 0 +1.210623369e-002 +3.535210623e+001 +3.535210623e+001 +7.2787e-001 +3.0225e-001 +5.0329e-001
5612 0 +5.595784723e-003 +3.534559578e+001 +3.534559578e+001 +7.2787e-001 +2.8976e-001 +5.0329e-001
6362 0 +3.117735460e-003 +3.534311774e+001 +3.534311774e+001 +7.3056e-001 +2.9236e-001 +5.0574e-001
7142 0 +1.451142160e-003 +3.534145114e+001 +3.534145114e+001 +7.3116e-001 +2.9136e-001 +5.0750e-001
7772 0 +8.760757604e-004 +3.534087608e+001 +3.534087608e+001 +7.2882e-001 +2.8608e-001 +5.0744e-001
8372 0 +5.303706018e-005 +3.534005304e+001 +3.534005304e+001 +7.2447e-001 +2.8608e-001 +5.0985e-001
9002 0 +5.081604963e-005 +3.534005082e+001 +3.534005082e+001 +7.2451e-001 +2.8602e-001 +5.0985e-001
10082 0 +2.049608701e-005 +3.534002050e+001 +3.534002050e+001 +7.2456e-001 +2.8346e-001 +5.1001e-001
10592 0 +2.010144048e-005 +3.534002010e+001 +3.534002010e+001 +7.2456e-001 +2.8346e-001 +5.1003e-001
11582 0 +1.756007551e-005 +3.534001756e+001 +3.534001756e+001 +7.2574e-001 +2.8346e-001 +5.1062e-001
11672 0 +9.867631633e-006 +3.534000987e+001 +3.534000987e+001 +7.2427e-001 +2.8346e-001 +5.1062e-001
13232 0 +8.504205653e-006 +3.534000850e+001 +3.534000850e+001 +7.2427e-001 +2.8247e-001 +5.1062e-001
13772 0 +7.933864566e-006 +3.534000793e+001 +3.534000793e+001 +7.2427e-001 +2.8247e-001 +5.1333e-001
15302 0 +6.070395507e-006 +3.534000607e+001 +3.534000607e+001 +7.2500e-001 +2.8267e-001 +5.1333e-001
17972 0 +5.006965864e-006 +3.534000501e+001 +3.534000501e+001 +7.2500e-001 +2.8267e-001 +5.1300e-001
21782 0 +4.612417079e-006 +3.534000461e+001 +3.534000461e+001 +7.2336e-001 +2.8133e-001 +5.1239e-001
22421 0 +2.824265792e-006 +3.534000282e+001 +3.534000282e+001 +6.9332e-001 +2.5488e-001 +4.9935e-001
22543 0 +1.355722418e-006 +3.534000136e+001 +3.534000136e+001 +6.6319e-001 +2.2445e-001 +4.8771e-001
22550 0 +4.679899632e-007 +3.534000047e+001 +3.534000047e+001 +6.5276e-001 +2.1634e-001 +4.8470e-001
22580 0 +1.849616638e-008 +3.534000002e+001 +3.534000002e+001 +6.6745e-001 +2.2923e-001 +4.9022e-001
22665 0 +1.814321138e-008 +3.534000002e+001 +3.534000002e+001 +6.7406e-001 +2.3523e-001 +4.9261e-001
22703 0 +2.840849334e-009 +3.534000000e+001 +3.534000000e+001 +6.7165e-001 +2.3308e-001 +4.9177e-001
