% f evaluations | g evaluations | best noise-free fitness - Fopt (3.590000000000e+001) + sum g_i+ | measured fitness | best measured fitness or single-digit g-values | x1 | x2...
1 0 +3.893880848e+003 +3.929780848e+003 +3.929780848e+003 -2.4729e+000 +3.6572e+000 -4.5722e+000
3 0 +5.207023471e+001 +8.797023471e+001 +8.797023471e+001 +1.8054e+000 -2.2658e+000 -4.5439e-002
29 0 +3.467846164e+001 +7.057846164e+001 +7.057846164e+001 +3.3669e+000 -2.6109e+000 +1.3074e+000
46 0 +2.465391406e+001 +6.055391406e+001 +6.055391406e+001 +2.0731e+000 +2.0958e+000 +6.2629e-001
89 0 +4.389997850e+000 +4.028999785e+001 +4.028999785e+001 +2.8478e+000 +4.6371e-001 +1.9134e+000
226 0 +4.354899649e+000 +4.025489965e+001 +4.025489965e+001 +3.4960e+000 +7.7495e-002 +2.3137e+000
231 0 +2.132063768e+000 +3.803206377e+001 +3.803206377e+001 +2.5680e+000 +7.7221e-001 +2.0595e+000
239 0 +1.493788025e+000 +3.739378802e+001 +3.739378802e+001 +2.8478e+000 +4.6371e-001 +2.4347e+000
338 0 +1.450164447e+000 +3.735016445e+001 +3.735016445e+001 +2.7414e+000 +1.1471e+000 +2.1155e+000
343 0 +7.491363896e-001 +3.664913639e+001 +3.664913639e+001 +2.4375e+000 +1.0104e+000 +2.2282e+000
392 0 +7.401247107e-001 +3.664012471e+001 +3.664012471e+001 +2.7298e+000 +1.0822e+000 +2.2616e+000
406 0 +7.086668110e-001 +3.660866681e+001 +3.660866681e+001 +2.5022e+000 +9.4922e-001 +2.2922e+000
422 0 +5.872161533e-001 +3.648721615e+001 +3.648721615e+001 +2.6981e+000 +1.1789e+000 +2.2930e+000
467 0 +4.786133054e-001 +3.637861331e+001 +3.637861331e+001 +2.6893e+000 +9.8890e-001 +2.3381e+000
474 0 +3.957549280e-001 +3.629575493e+001 +3.629575493e+001 +2.8803e+000 +8.4138e-001 +2.4725e+000
478 0 +9.572173604e-002 +3.599572174e+001 +3.599572174e+001 +2.7830e+000 +1.1553e+000 +2.4885e+000
529 0 +8.014499209e-002 +3.598014499e+001 +3.598014499e+001 +2.8611e+000 +1.0252e+000 +2.5516e+000
556 0 +7.895450555e-002 +3.597895451e+001 +3.597895451e+001 +2.7936e+000 +1.0660e+000 +2.5145e+000
558 0 +7.695312381e-002 +3.597695312e+001 +3.597695312e+001 +2.8682e+000 +1.0522e+000 +2.5593e+000
592 0 +4.249862237e-002 +3.594249862e+001 +3.594249862e+001 +2.8560e+000 +1.0537e+000 +2.5747e+000
618 0 +2.906731786e-002 +3.592906732e+001 +3.592906732e+001 +2.8157e+000 +1.1266e+000 +2.5567e+000
719 0 +2.732897803e-002 +3.592732898e+001 +3.592732898e+001 +2.8138e+000 +1.0202e+000 +2.5818e+000
729 0 +1.897803800e-002 +3.591897804e+001 +3.591897804e+001 +2.7999e+000 +1.1139e+000 +2.5576e+000
766 0 +1.839166227e-002 +3.591839166e+001 +3.591839166e+001 +2.7955e+000 +1.1100e+000 +2.5558e+000
769 0 +4.656004275e-003 +3.590465600e+001 +3.590465600e+001 +2.7834e+000 +1.0989e+000 +2.5724e+000
897 0 +3.035500029e-004 +3.590030355e+001 +3.590030355e+001 +2.7873e+000 +1.1073e+000 +2.5875e+000
1126 0 +3.010754916e-004 +3.590030108e+001 +3.590030108e+001 +2.7836e+000 +1.1098e+000 +2.5846e+000
1178 0 +2.730281685e-004 +3.590027303e+001 +3.590027303e+001 +2.7795e+000 +1.1115e+000 +2.5832e+000
1199 0 +1.812332286e-004 +3.590018123e+001 +3.590018123e+001 +2.7795e+000 +1.1143e+000 +2.5834e+000
1251 0 +1.338023099e-004 +3.590013380e+001 +3.590013380e+001 +2.7831e+000 +1.1148e+000 +2.5857e+000
1276 0 +1.035471701e-004 +3.590010355e+001 +3.590010355e+001 +2.7804e+000 +1.1142e+000 +2.5846e+000
1291 0 +9.071870676e-005 +3.590009072e+001 +3.590009072e+001 +2.7825e+000 +1.1134e+000 +2.5856e+000
1355 0 +8.649589506e-005 +3.590008650e+001 +3.590008650e+001 +2.7818e+000 +1.1150e+000 +2.5854e+000
1368 0 +5.001434776e-005 +3.590005001e+001 +3.590005001e+001 +2.7811e+000 +1.1131e+000 +2.5857e+000
1439 0 +3.801707540e-005 +3.590003802e+001 +3.590003802e+001 +2.7810e+000 +1.1126e+000 +2.5860e+000
1443 0 +3.206198777e-005 +3.590003206e+001 +3.590003206e+001 +2.7816e+000 +1.1140e+000 +2.5860e+000
1473 0 +3.099257641e-005 +3.590003099e+001 +3.590003099e+001 +2.7816e+000 +1.1140e+000 +2.5861e+000
1493 0 +1.606936274e-005 +3.590001607e+001 +3.590001607e+001 +2.7813e+000 +1.1133e+000 +2.5864e+000
1548 0 +1.199842094e-005 +3.590001200e+001 +3.590001200e+001 +2.7811e+000 +1.1133e+000 +2.5865e+000
1561 0 +7.262706688e-006 +3.590000726e+001 +3.590000726e+001 +2.7817e+000 +1.1131e+000 +2.5868e+000
1575 0 +1.709391050e-006 +3.590000171e+001 +3.590000171e+001 +2.7817e+000 +1.1137e+000 +2.5871e+000
1655 0 +1.177762378e-006 +3.590000118e+001 +3.590000118e+001 +2.7818e+000 +1.1135e+000 +2.5871e+000
1660 0 +3.745755919e-007 +3.590000037e+001 +3.590000037e+001 +2.7817e+000 +1.1136e+000 +2.5872e+000
1716 0 +3.236977975e-007 +3.590000032e+001 +3.590000032e+001 +2.7815e+000 +1.1136e+000 +2.5871e+000
1852 0 +1.303266117e-007 +3.590000013e+001 +3.590000013e+001 +2.7817e+000 +1.1135e+000 +2.5872e+000
1871 0 +9.166411274e-008 +3.590000009e+001 +3.590000009e+001 +2.7817e+000 +1.1135e+000 +2.5872e+000
2057 0 +6.611216463e-008 +3.590000007e+001 +3.590000007e+001 +2.7816e+000 +1.1135e+000 +2.5872e+000
2082 0 +5.134685210e-008 +3.590000005e+001 +3.590000005e+001 +2.7816e+000 +1.1136e+000 +2.5872e+000
2083 0 +1.925975823e-008 +3.590000002e+001 +3.590000002e+001 +2.7816e+000 +1.1136e+000 +2.5872e+000
2143 0 +1.428166030e-008 +3.590000001e+001 +3.590000001e+001 +2.7816e+000 +1.1136e+000 +2.5872e+000
2149 0 +1.042101871e-008 +3.590000001e+001 +3.590000001e+001 +2.7816e+000 +1.1136e+000 +2.5872e+000
2178 0 +6.481954529e-009 +3.590000001e+001 +3.590000001e+001 +2.7816e+000 +1.1136e+000 +2.5872e+000
% f evaluations | g evaluations | best noise-free fitness - Fopt (3.137000000000e+001) + sum g_i+ | measured fitness | best measured fitness or single-digit g-values | x1 | x2...
1 0 +6.972596499e+004 +6.975733499e+004 +6.975733499e+004 -3.8729e+000 +4.7413e+000 +6.9674e-001
2 0 +1.210336657e+001 +4.347336657e+001 +4.347336657e+001 +1.9470e-001 +1.7985e+000 -2.5993e+000
103 0 +1.071619242e+001 +4.208619242e+001 +4.208619242e+001 +7.1064e-001 +2.1885e+000 -3.2219e+000
152 0 +5.516329980e+000 +3.688632998e+001 +3.688632998e+001 +1.9470e-001 +1.5751e+000 -3.2539e+000
164 0 +3.561743557e+000 +3.493174356e+001 +3.493174356e+001 +6.6481e-001 +2.6924e+000 -4.0086e+000
239 0 +3.240438587e+000 +3.461043859e+001 +3.461043859e+001 +1.4735e-001 +2.7781e+000 -3.5290e+000
271 0 +9.137648747e-001 +3.228376487e+001 +3.228376487e+001 -2.0997e-002 +2.3122e+000 -3.7275e+000
301 0 +7.825582410e-001 +3.215255824e+001 +3.215255824e+001 -4.3704e-003 +2.3722e+000 -3.7999e+000
344 0 +7.282115013e-001 +3.209821150e+001 +3.209821150e+001 -1.2113e-001 +2.3390e+000 -3.7416e+000
366 0 +6.671818631e-001 +3.203718186e+001 +3.203718186e+001 -3.2149e-001 +1.8126e+000 -3.5105e+000
384 0 +1.587165951e-001 +3.152871660e+001 +3.152871660e+001 -2.5712e-001 +1.8054e+000 -3.7485e+000
460 0 +1.273058627e-001 +3.149730586e+001 +3.149730586e+001 -1.2867e-001 +2.0168e+000 -3.9037e+000
488 0 +8.063028353e-002 +3.145063028e+001 +3.145063028e+001 -1.9627e-001 +1.9829e+000 -3.8476e+000
572 0 +6.449938599e-002 +3.143449939e+001 +3.143449939e+001 -2.8904e-001 +1.8886e+000 -3.7778e+000
626 0 +1.707595977e-002 +3.138707596e+001 +3.138707596e+001 -2.1548e-001 +1.9361e+000 -3.9038e+000
797 0 +1.494461901e-002 +3.138494462e+001 +3.138494462e+001 -2.3013e-001 +1.9367e+000 -3.8869e+000
805 0 +8.617976021e-003 +3.137861798e+001 +3.137861798e+001 -2.3921e-001 +1.9193e+000 -3.8883e+000
827 0 +5.646191035e-003 +3.137564619e+001 +3.137564619e+001 -2.4471e-001 +1.9157e+000 -3.8879e+000
917 0 +4.563147830e-003 +3.137456315e+001 +3.137456315e+001 -2.5820e-001 +1.9121e+000 -3.8761e+000
926 0 +4.453189732e-003 +3.137445319e+001 +3.137445319e+001 -2.5345e-001 +1.9067e+000 -3.8820e+000
944 0 +4.318413074e-003 +3.137431841e+001 +3.137431841e+001 -2.5628e-001 +1.9155e+000 -3.8799e+000
954 0 +1.328666940e-003 +3.137132867e+001 +3.137132867e+001 -2.6362e-001 +1.9067e+000 -3.8815e+000
1016 0 +1.086589525e-003 +3.137108659e+001 +3.137108659e+001 -2.6603e-001 +1.9091e+000 -3.8817e+000
1082 0 +1.027591478e-003 +3.137102759e+001 +3.137102759e+001 -2.6950e-001 +1.8949e+000 -3.8766e+000
1108 0 +8.093814967e-004 +3.137080938e+001 +3.137080938e+001 -2.7320e-001 +1.8935e+000 -3.8750e+000
1142 0 +7.437067363e-004 +3.137074371e+001 +3.137074371e+001 -2.6466e-001 +1.8972e+000 -3.8843e+000
1151 0 +6.105061946e-004 +3.137061051e+001 +3.137061051e+001 -2.6776e-001 +1.8952e+000 -3.8811e+000
1175 0 +5.616830750e-004 +3.137056168e+001 +3.137056168e+001 -2.6686e-001 +1.9022e+000 -3.8819e+000
1176 0 +5.077546865e-004 +3.137050775e+001 +3.137050775e+001 -2.7170e-001 +1.8973e+000 -3.8777e+000
1190 0 +2.972632384e-004 +3.137029726e+001 +3.137029726e+001 -2.7253e-001 +1.8967e+000 -3.8785e+000
1196 0 +1.590294348e-004 +3.137015903e+001 +3.137015903e+001 -2.6791e-001 +1.8982e+000 -3.8852e+000
1254 0 +5.820499389e-005 +3.137005820e+001 +3.137005820e+001 -2.7210e-001 +1.8986e+000 -3.8824e+000
1284 0 +4.306462165e-005 +3.137004306e+001 +3.137004306e+001 -2.7210e-001 +1.8977e+000 -3.8824e+000
1316 0 +1.962602915e-005 +3.137001963e+001 +3.137001963e+001 -2.7235e-001 +1.8961e+000 -3.8827e+000
1386 0 +1.666947796e-005 +3.137001667e+001 +3.137001667e+001 -2.7140e-001 +1.8976e+000 -3.8836e+000
1404 0 +1.634793847e-005 +3.137001635e+001 +3.137001635e+001 -2.7119e-001 +1.8967e+000 -3.8839e+000
1438 0 +9.090764838e-006 +3.137000909e+001 +3.137000909e+001 -2.7164e-001 +1.8977e+000 -3.8838e+000
1486 0 +7.557332960e-006 +3.137000756e+001 +3.137000756e+001 -2.7156e-001 +1.8976e+000 -3.8840e+000
1601 0 +3.091024492e-006 +3.137000309e+001 +3.137000309e+001 -2.7183e-001 +1.8972e+000 -3.8838e+000
1666 0 +1.945747719e-006 +3.137000195e+001 +3.137000195e+001 -2.7203e-001 +1.8969e+000 -3.8837e+000
1668 0 +1.744741589e-006 +3.137000174e+001 +3.137000174e+001 -2.7184e-001 +1.8967e+000 -3.8839e+000
1689 0 +1.722503914e-006 +3.137000172e+001 +3.137000172e+001 -2.7172e-001 +1.8970e+000 -3.8840e+000
1705 0 +4.491346779e-007 +3.137000045e+001 +3.137000045e+001 -2.7183e-001 +1.8969e+000 -3.8841e+000
1855 0 +1.992144725e-007 +3.137000020e+001 +3.137000020e+001 -2.7201e-001 +1.8968e+000 -3.8839e+000
2018 0 +9.767473585e-008 +3.137000010e+001 +3.137000010e+001 -2.7197e-001 +1.8968e+000 -3.8840e+000
2078 0 +5.914466428e-008 +3.137000006e+001 +3.137000006e+001 -2.7196e-001 +1.8968e+000 -3.8840e+000
2124 0 +1.917273451e-008 +3.137000002e+001 +3.137000002e+001 -2.7201e-001 +1.8968e+000 -3.8840e+000
2189 0 +1.782164460e-008 +3.137000002e+001 +3.137000002e+001 -2.7200e-001 +1.8968e+000 -3.8840e+000
2201 0 +1.258367632e-008 +3.137000001e+001 +3.137000001e+001 -2.7200e-001 +1.8968e+000 -3.8840e+000
2312 0 +7.480856823e-009 +3.137000001e+001 +3.137000001e+001 -2.7200e-001 +1.8968e+000 -3.8840e+000
% f evaluations | g evaluations | best noise-free fitness - Fopt (-1.000000000000e+003) + sum g_i+ | measured fitness | best measured fitness or single-digit g-values | x1 | x2...
1 0 +3.797917103e+005 +3.787917103e+005 +3.787917103e+005 -2.2021e+000 +3.7262e+000 +1.0283e+000
2 0 +6.879187510e+004 +6.779187510e+004 +6.779187510e+004 +3.0460e+000 -3.3948e+000 +1.8542e+000
3 0 +1.011104301e+004 +9.111043010e+003 +9.111043010e+003 -2.7874e+000 -3.2334e+000 +4.6237e+000
11 0 +4.763853806e+001 -9.523614619e+002 -9.523614619e+002 -5.0000e+000 -4.2019e+000 +2.2722e+000
12 0 +8.967053254e+000 -9.910329467e+002 -9.910329467e+002 -2.1364e+000 -5.0000e+000 +5.0000e+000
33 0 +7.091034252e+000 -9.929089657e+002 -9.929089657e+002 -2.3076e+000 -4.5309e+000 +4.3657e+000
60 0 +6.442446405e+000 -9.935575536e+002 -9.935575536e+002 -1.8672e+000 -3.5465e+000 +2.7295e+000
148 0 +2.700352638e+000 -9.972996474e+002 -9.972996474e+002 -1.3938e+000 -3.4754e+000 +3.1243e+000
152 0 +2.590703920e+000 -9.974092961e+002 -9.974092961e+002 -1.3916e+000 -3.7424e+000 +3.5001e+000
208 0 +1.761107522e+000 -9.982388925e+002 -9.982388925e+002 -1.0921e+000 -3.9057e+000 +3.6191e+000
238 0 +1.146154321e+000 -9.988538457e+002 -9.988538457e+002 -9.3382e-001 -3.5381e+000 +3.1448e+000
296 0 +5.488970764e-001 -9.994511029e+002 -9.994511029e+002 -6.3779e-001 -3.4610e+000 +2.8638e+000
310 0 +3.457942306e-001 -9.996542058e+002 -9.996542058e+002 -5.7713e-001 -3.5228e+000 +3.0429e+000
347 0 +2.105444462e-001 -9.997894556e+002 -9.997894556e+002 -4.6146e-001 -3.3334e+000 +2.8638e+000
419 0 +1.641467199e-001 -9.998358533e+002 -9.998358533e+002 -4.4460e-001 -3.4748e+000 +2.9493e+000
446 0 +1.495210893e-001 -9.998504789e+002 -9.998504789e+002 -4.2759e-001 -3.3665e+000 +2.8947e+000
447 0 +1.045324843e-001 -9.998954675e+002 -9.998954675e+002 -3.7361e-001 -3.4723e+000 +2.9583e+000
464 0 +7.996681324e-002 -9.999200332e+002 -9.999200332e+002 -3.2938e-001 -3.4672e+000 +2.9657e+000
495 0 +5.948263132e-002 -9.999405174e+002 -9.999405174e+002 -3.2938e-001 -3.3655e+000 +2.8544e+000
555 0 +5.199678692e-002 -9.999480032e+002 -9.999480032e+002 -3.2733e-001 -3.3700e+000 +2.8665e+000
560 0 +4.499457308e-002 -9.999550054e+002 -9.999550054e+002 -2.9899e-001 -3.3552e+000 +2.8216e+000
566 0 +4.372575074e-002 -9.999562742e+002 -9.999562742e+002 -3.1206e-001 -3.3578e+000 +2.8502e+000
572 0 +4.181792551e-002 -9.999581821e+002 -9.999581821e+002 -3.0258e-001 -3.3576e+000 +2.8489e+000
573 0 +2.163822554e-002 -9.999783618e+002 -9.999783618e+002 -2.6935e-001 -3.3737e+000 +2.8805e+000
584 0 +1.950544074e-002 -9.999804946e+002 -9.999804946e+002 -2.5910e-001 -3.3854e+000 +2.8785e+000
608 0 +1.453361294e-002 -9.999854664e+002 -9.999854664e+002 -2.5434e-001 -3.3556e+000 +2.8534e+000
691 0 +8.924103267e-003 -9.999910759e+002 -9.999910759e+002 -2.2825e-001 -3.3563e+000 +2.8334e+000
769 0 +5.795972168e-003 -9.999942040e+002 -9.999942040e+002 -2.2286e-001 -3.3327e+000 +2.8230e+000
787 0 +5.212033012e-003 -9.999947880e+002 -9.999947880e+002 -2.2487e-001 -3.3351e+000 +2.8379e+000
798 0 +3.213756721e-003 -9.999967862e+002 -9.999967862e+002 -2.1553e-001 -3.3476e+000 +2.8427e+000
859 0 +1.485538499e-003 -9.999985145e+002 -9.999985145e+002 -2.0430e-001 -3.3316e+000 +2.8257e+000
882 0 +1.305329615e-003 -9.999986947e+002 -9.999986947e+002 -2.0430e-001 -3.3358e+000 +2.8305e+000
1002 0 +1.158635086e-003 -9.999988414e+002 -9.999988414e+002 -2.0329e-001 -3.3363e+000 +2.8311e+000
1066 0 +9.767209963e-004 -9.999990233e+002 -9.999990233e+002 -2.0064e-001 -3.3392e+000 +2.8310e+000
1150 0 +4.668338523e-004 -9.999995332e+002 -9.999995332e+002 -1.9559e-001 -3.3359e+000 +2.8288e+000
1172 0 +1.980824836e-004 -9.999998019e+002 -9.999998019e+002 -1.9159e-001 -3.3308e+000 +2.8235e+000
1187 0 +1.313715691e-004 -9.999998686e+002 -9.999998686e+002 -1.9064e-001 -3.3339e+000 +2.8279e+000
1230 0 +8.599698413e-005 -9.999999140e+002 -9.999999140e+002 -1.8925e-001 -3.3335e+000 +2.8261e+000
1266 0 +6.699839844e-005 -9.999999330e+002 -9.999999330e+002 -1.8985e-001 -3.3319e+000 +2.8261e+000
1296 0 +5.287983595e-005 -9.999999471e+002 -9.999999471e+002 -1.8858e-001 -3.3328e+000 +2.8264e+000
1349 0 +3.296826424e-005 -9.999999670e+002 -9.999999670e+002 -1.8858e-001 -3.3304e+000 +2.8242e+000
1420 0 +1.708910384e-005 -9.999999829e+002 -9.999999829e+002 -1.8796e-001 -3.3314e+000 +2.8248e+000
1477 0 +1.181347011e-005 -9.999999882e+002 -9.999999882e+002 -1.8751e-001 -3.3304e+000 +2.8239e+000
1545 0 +1.054564666e-005 -9.999999895e+002 -9.999999895e+002 -1.8754e-001 -3.3312e+000 +2.8247e+000
1557 0 +8.521421705e-006 -9.999999915e+002 -9.999999915e+002 -1.8747e-001 -3.3306e+000 +2.8243e+000
1566 0 +8.395592204e-006 -9.999999916e+002 -9.999999916e+002 -1.8725e-001 -3.3304e+000 +2.8238e+000
1583 0 +4.853602604e-006 -9.999999951e+002 -9.999999951e+002 -1.8709e-001 -3.3305e+000 +2.8240e+000
1599 0 +3.490753897e-006 -9.999999965e+002 -9.999999965e+002 -1.8697e-001 -3.3309e+000 +2.8243e+000
1621 0 +1.056446081e-006 -9.999999989e+002 -9.999999989e+002 -1.8675e-001 -3.3305e+000 +2.8241e+000
1750 0 +8.344383104e-007 -9.999999992e+002 -9.999999992e+002 -1.8668e-001 -3.3305e+000 +2.8241e+000
1812 0 +5.347048955e-007 -9.999999995e+002 -9.999999995e+002 -1.8661e-001 -3.3305e+000 +2.8242e+000
1820 0 +8.461859125e-008 -9.999999999e+002 -9.999999999e+002 -1.8648e-001 -3.3304e+000 +2.8240e+000
1875 0 +1.532805527e-008 -1.000000000e+003 -1.000000000e+003 -1.8643e-001 -3.3304e+000 +2.8240e+000
2110 0 +8.047550182e-009 -1.000000000e+003 -1.000000000e+003 -1.8642e-001 -3.3304e+000 +2.8240e+000
% f evaluations | g evaluations | best noise-free fitness - Fopt (1.319200000000e+002) + sum g_i+ | measured fitness | best measured fitness or single-digit g-values | x1 | x2...
1 0 +2.213799519e+005 +2.215118719e+005 +2.215118719e+005 -3.0084e+000 +2.6401e+000 +1.7656e+000
2 0 +1.046703404e+005 +1.048022604e+005 +1.048022604e+005 -1.8467e+000 +3.9105e+000 -5.5554e-001
3 0 +3.415332354e+004 +3.428524354e+004 +3.428524354e+004 +1.8909e+000 +3.2845e+000 -1.6537e+000
5 0 +6.720948807e+003 +6.852868807e+003 +6.852868807e+003 +5.0000e+000 +5.0000e+000 -5.0000e+000
9 0 +9.224440626e+001 +2.241644063e+002 +2.241644063e+002 +1.6231e+000 +1.9983e+000 -5.0000e+000
19 0 +6.647476645e+001 +1.983947665e+002 +1.983947665e+002 -6.2455e-002 +1.3683e+000 -3.3402e+000
49 0 +2.370018367e+001 +1.556201837e+002 +1.556201837e+002 -1.7057e+000 +1.4620e+000 -4.1020e+000
121 0 +2.157135200e+001 +1.534913520e+002 +1.534913520e+002 -7.5321e-001 +3.1020e+000 -4.8301e+000
154 0 +7.197685398e+000 +1.391176854e+002 +1.391176854e+002 -2.0010e+000 +2.8776e+000 -4.6764e+000
199 0 +6.795658348e+000 +1.387156583e+002 +1.387156583e+002 -2.7876e+000 +1.6989e+000 -4.4025e+000
219 0 +3.337376761e+000 +1.352573768e+002 +1.352573768e+002 -2.8676e+000 +2.4856e+000 -4.5320e+000
232 0 +2.970919653e+000 +1.348909197e+002 +1.348909197e+002 -2.9433e+000 +2.3356e+000 -4.4477e+000
235 0 +2.531770613e+000 +1.344517706e+002 +1.344517706e+002 -2.9645e+000 +2.2848e+000 -4.0819e+000
257 0 +1.908685506e+000 +1.338286855e+002 +1.338286855e+002 -3.4274e+000 +1.7855e+000 -4.1028e+000
317 0 +1.004895215e+000 +1.329248952e+002 +1.329248952e+002 -3.4274e+000 +2.0492e+000 -3.9832e+000
410 0 +6.442592208e-001 +1.325642592e+002 +1.325642592e+002 -3.6062e+000 +1.9735e+000 -3.9680e+000
415 0 +4.369222806e-001 +1.323569223e+002 +1.323569223e+002 -3.6965e+000 +1.9046e+000 -3.9174e+000
432 0 +4.189469862e-001 +1.323389470e+002 +1.323389470e+002 -3.7814e+000 +1.8017e+000 -3.7784e+000
445 0 +3.350005373e-001 +1.322550005e+002 +1.322550005e+002 -3.8570e+000 +1.8385e+000 -3.9612e+000
467 0 +2.539557083e-001 +1.321739557e+002 +1.321739557e+002 -3.8142e+000 +1.9376e+000 -3.9356e+000
487 0 +1.819711898e-001 +1.321019712e+002 +1.321019712e+002 -3.8021e+000 +1.9512e+000 -3.8763e+000
504 0 +1.715167933e-001 +1.320915168e+002 +1.320915168e+002 -3.9152e+000 +1.7865e+000 -3.7622e+000
517 0 +6.973515491e-002 +1.319897352e+002 +1.319897352e+002 -3.9302e+000 +1.8818e+000 -3.8051e+000
551 0 +1.311560857e-002 +1.319331156e+002 +1.319331156e+002 -3.9781e+000 +1.8800e+000 -3.7384e+000
595 0 +1.147472566e-002 +1.319314747e+002 +1.319314747e+002 -3.9833e+000 +1.8714e+000 -3.7249e+000
610 0 +1.043868231e-002 +1.319304387e+002 +1.319304387e+002 -3.9565e+000 +1.8985e+000 -3.7277e+000
652 0 +8.703211416e-003 +1.319287032e+002 +1.319287032e+002 -4.0010e+000 +1.8707e+000 -3.7255e+000
686 0 +2.552838473e-003 +1.319225528e+002 +1.319225528e+002 -3.9742e+000 +1.9048e+000 -3.7173e+000
836 0 +2.447019174e-003 +1.319224470e+002 +1.319224470e+002 -3.9739e+000 +1.9074e+000 -3.7171e+000
885 0 +2.133021365e-003 +1.319221330e+002 +1.319221330e+002 -3.9643e+000 +1.9160e+000 -3.7099e+000
900 0 +1.912618104e-003 +1.319219126e+002 +1.319219126e+002 -3.9697e+000 +1.9085e+000 -3.7041e+000
920 0 +1.287297755e-003 +1.319212873e+002 +1.319212873e+002 -3.9694e+000 +1.9125e+000 -3.7047e+000
962 0 +1.016975378e-003 +1.319210170e+002 +1.319210170e+002 -3.9740e+000 +1.9086e+000 -3.7008e+000
979 0 +9.267890796e-004 +1.319209268e+002 +1.319209268e+002 -3.9765e+000 +1.9061e+000 -3.7043e+000
1020 0 +8.531191456e-004 +1.319208531e+002 +1.319208531e+002 -3.9799e+000 +1.9033e+000 -3.7033e+000
1037 0 +6.783261120e-004 +1.319206783e+002 +1.319206783e+002 -3.9719e+000 +1.9144e+000 -3.7046e+000
1048 0 +5.513953270e-004 +1.319205514e+002 +1.319205514e+002 -3.9803e+000 +1.9052e+000 -3.7052e+000
1053 0 +5.014581682e-004 +1.319205015e+002 +1.319205015e+002 -3.9853e+000 +1.9024e+000 -3.7041e+000
1090 0 +5.009427271e-004 +1.319205009e+002 +1.319205009e+002 -3.9785e+000 +1.9083e+000 -3.7054e+000
1098 0 +4.854526252e-004 +1.319204855e+002 +1.319204855e+002 -3.9852e+000 +1.9036e+000 -3.7050e+000
1109 0 +2.935383312e-004 +1.319202935e+002 +1.319202935e+002 -3.9819e+000 +1.9078e+000 -3.7051e+000
1139 0 +2.260844045e-004 +1.319202261e+002 +1.319202261e+002 -3.9790e+000 +1.9117e+000 -3.7039e+000
1191 0 +1.517360218e-004 +1.319201517e+002 +1.319201517e+002 -3.9799e+000 +1.9096e+000 -3.7024e+000
1260 0 +9.497630791e-005 +1.319200950e+002 +1.319200950e+002 -3.9795e+000 +1.9117e+000 -3.7020e+000
1261 0 +8.307756380e-005 +1.319200831e+002 +1.319200831e+002 -3.9810e+000 +1.9099e+000 -3.7019e+000
1329 0 +3.682932345e-005 +1.319200368e+002 +1.319200368e+002 -3.9819e+000 +1.9093e+000 -3.7005e+000
1334 0 +1.831612229e-005 +1.319200183e+002 +1.319200183e+002 -3.9815e+000 +1.9102e+000 -3.7001e+000
1359 0 +1.621016682e-005 +1.319200162e+002 +1.319200162e+002 -3.9819e+000 +1.9098e+000 -3.6994e+000
1421 0 +1.544780048e-006 +1.319200015e+002 +1.319200015e+002 -3.9825e+000 +1.9101e+000 -3.6994e+000
1691 0 +1.402951966e-006 +1.319200014e+002 +1.319200014e+002 -3.9825e+000 +1.9101e+000 -3.6994e+000
1699 0 +8.054863372e-007 +1.319200008e+002 +1.319200008e+002 -3.9823e+000 +1.9103e+000 -3.6994e+000
1708 0 +5.266097673e-007 +1.319200005e+002 +1.319200005e+002 -3.9824e+000 +1.9103e+000 -3.6994e+000
1858 0 +1.973303654e-007 +1.319200002e+002 +1.319200002e+002 -3.9824e+000 +1.9103e+000 -3.6993e+000
1981 0 +1.710890842e-007 +1.319200002e+002 +1.319200002e+002 -3.9824e+000 +1.9103e+000 -3.6992e+000
2006 0 +4.162350820e-008 +1.319200000e+002 +1.319200000e+002 -3.9824e+000 +1.9104e+000 -3.6992e+000
2075 0 +3.088740641e-008 +1.319200000e+002 +1.319200000e+002 -3.9824e+000 +1.9104e+000 -3.6992e+000
2105 0 +2.624528861e-008 +1.319200000e+002 +1.319200000e+002 -3.9824e+000 +1.9104e+000 -3.6992e+000
2111 0 +1.842110464e-008 +1.319200000e+002 +1.319200000e+002 -3.9824e+000 +1.9104e+000 -3.6992e+000
2138 0 +1.413954465e-008 +1.319200000e+002 +1.319200000e+002 -3.9824e+000 +1.9104e+000 -3.6992e+000
2151 0 +1.081218670e-008 +1.319200000e+002 +1.319200000e+002 -3.9824e+000 +1.9104e+000 -3.6992e+000
2191 0 +8.840174814e-009 +1.319200000e+002 +1.319200000e+002 -3.9824e+000 +1.9104e+000 -3.6992e+000
% f evaluations | g evaluations | best noise-free fitness - Fopt (5.908400000000e+002) + sum g_i+ | measured fitness | best measured fitness or single-digit g-values | x1 | x2...
1 0 +1.547460418e+005 +1.553368818e+005 +1.553368818e+005 +2.4557e-001 +4.5894e+000 -2.1752e-001
5 0 +1.359271579e+005 +1.365179979e+005 +1.365179979e+005 +5.0000e+000 -5.0000e+000 -5.0000e+000
8 0 +9.749328812e+003 +1.034016881e+004 +1.034016881e+004 +4.9300e-001 -5.0000e+000 +5.0000e+000
14 0 +2.101446788e+003 +2.692286788e+003 +2.692286788e+003 +1.7619e+000 -1.7841e+000 -2.6122e+000
16 0 +2.098537314e+002 +8.006937314e+002 +8.006937314e+002 +1.8662e+000 -4.6047e+000 +3.9983e+000
26 0 +1.752331516e+002 +7.660731516e+002 +7.660731516e+002 +4.6845e+000 -3.2814e+000 +4.7419e+000
32 0 +1.115848122e+002 +7.024248122e+002 +7.024248122e+002 +2.3909e+000 -5.0000e+000 +1.8763e+000
51 0 +2.435507986e+001 +6.151950799e+002 +6.151950799e+002 +4.0173e+000 -2.0606e+000 -1.0538e+000
64 0 +1.250294029e+001 +6.033429403e+002 +6.033429403e+002 +3.2088e+000 -4.9049e+000 -2.9080e+000
74 0 +3.826600181e+000 +5.946666002e+002 +5.946666002e+002 +1.9429e+000 -4.1369e+000 -2.8457e+000
184 0 +1.584246997e+000 +5.924242470e+002 +5.924242470e+002 +1.9183e+000 -4.0504e+000 -3.2789e+000
262 0 +1.137596937e+000 +5.919775969e+002 +5.919775969e+002 +1.8947e+000 -3.5486e+000 -3.1891e+000
327 0 +5.746377884e-001 +5.914146378e+002 +5.914146378e+002 +1.6451e+000 -3.4734e+000 -3.2061e+000
329 0 +4.997350717e-001 +5.913397351e+002 +5.913397351e+002 +1.6450e+000 -3.4156e+000 -3.1990e+000
387 0 +3.540639163e-001 +5.911940639e+002 +5.911940639e+002 +1.6451e+000 -3.2674e+000 -3.2313e+000
443 0 +3.040882154e-001 +5.911440882e+002 +5.911440882e+002 +1.5755e+000 -3.3608e+000 -3.2599e+000
445 0 +1.845810189e-001 +5.910245810e+002 +5.910245810e+002 +1.5655e+000 -3.5527e+000 -3.4242e+000
482 0 +1.703239147e-001 +5.910103239e+002 +5.910103239e+002 +1.5847e+000 -3.5108e+000 -3.4153e+000
516 0 +8.055187306e-002 +5.909205519e+002 +5.909205519e+002 +1.5103e+000 -3.4795e+000 -3.4523e+000
528 0 +7.882075670e-002 +5.909188208e+002 +5.909188208e+002 +1.5457e+000 -3.4420e+000 -3.4706e+000
576 0 +2.899229147e-002 +5.908689923e+002 +5.908689923e+002 +1.5103e+000 -3.3474e+000 -3.4587e+000
601 0 +1.381790679e-002 +5.908538179e+002 +5.908538179e+002 +1.4731e+000 -3.3703e+000 -3.4706e+000
786 0 +8.257078688e-003 +5.908482571e+002 +5.908482571e+002 +1.4545e+000 -3.3668e+000 -3.4818e+000
816 0 +4.737598374e-003 +5.908447376e+002 +5.908447376e+002 +1.4535e+000 -3.3548e+000 -3.4818e+000
831 0 +5.521441935e-004 +5.908405521e+002 +5.908405521e+002 +1.4472e+000 -3.3405e+000 -3.4930e+000
1071 0 +2.790416694e-004 +5.908402790e+002 +5.908402790e+002 +1.4496e+000 -3.3363e+000 -3.4935e+000
1130 0 +2.624354518e-004 +5.908402624e+002 +5.908402624e+002 +1.4487e+000 -3.3430e+000 -3.4985e+000
1187 0 +6.960125143e-005 +5.908400696e+002 +5.908400696e+002 +1.4464e+000 -3.3383e+000 -3.4972e+000
1220 0 +6.422516628e-005 +5.908400642e+002 +5.908400642e+002 +1.4473e+000 -3.3371e+000 -3.4967e+000
1276 0 +1.352987783e-005 +5.908400135e+002 +5.908400135e+002 +1.4463e+000 -3.3358e+000 -3.4975e+000
1352 0 +7.995325859e-006 +5.908400080e+002 +5.908400080e+002 +1.4460e+000 -3.3354e+000 -3.4976e+000
1382 0 +7.632478059e-006 +5.908400076e+002 +5.908400076e+002 +1.4461e+000 -3.3355e+000 -3.4976e+000
1476 0 +7.476901487e-006 +5.908400075e+002 +5.908400075e+002 +1.4462e+000 -3.3360e+000 -3.4979e+000
1563 0 +4.668776796e-006 +5.908400047e+002 +5.908400047e+002 +1.4459e+000 -3.3365e+000 -3.4981e+000
1614 0 +1.727850417e-006 +5.908400017e+002 +5.908400017e+002 +1.4459e+000 -3.3361e+000 -3.4982e+000
1705 0 +9.089619653e-007 +5.908400009e+002 +5.908400009e+002 +1.4457e+000 -3.3363e+000 -3.4983e+000
1767 0 +7.811163414e-007 +5.908400008e+002 +5.908400008e+002 +1.4457e+000 -3.3360e+000 -3.4982e+000
1789 0 +1.007853143e-007 +5.908400001e+002 +5.908400001e+002 +1.4456e+000 -3.3360e+000 -3.4983e+000
1907 0 +6.471248071e-008 +5.908400001e+002 +5.908400001e+002 +1.4456e+000 -3.3360e+000 -3.4984e+000
1950 0 +2.894785212e-008 +5.908400000e+002 +5.908400000e+002 +1.4456e+000 -3.3360e+000 -3.4984e+000
2023 0 +5.075548870e-009 +5.908400000e+002 +5.908400000e+002 +1.4456e+000 -3.3360e+000 -3.4984e+000
% f evaluations | g evaluations | best noise-free fitness - Fopt (6.749000000000e+001) + sum g_i+ | measured fitness | best measured fitness or single-digit g-values | x1 | x2...
1 0 +4.020475080e+005 +4.021149980e+005 +4.021149980e+005 -2.7250e+000 -3.1633e+000 -4.0653e+000
2 0 +2.997779542e+004 +3.004528542e+004 +3.004528542e+004 -3.0868e+000 -2.8695e+000 +2.4932e+000
4 0 +2.297936013e+001 +9.046936013e+001 +9.046936013e+001 -2.5788e+000 +1.0104e+000 +5.1463e-001
89 0 +8.558664764e+000 +7.604866476e+001 +7.604866476e+001 -7.6988e-001 +1.4059e+000 +2.5437e-001
118 0 +7.677474881e+000 +7.516747488e+001 +7.516747488e+001 +4.7117e-001 +1.1726e+000 +1.3553e+000
184 0 +6.504524422e+000 +7.399452442e+001 +7.399452442e+001 -1.2869e+000 +6.2678e-001 +4.4335e-001
202 0 +2.628877491e+000 +7.011887749e+001 +7.011887749e+001 -1.4289e+000 -2.7722e-001 +6.1833e-001
233 0 +2.503599072e+000 +6.999359907e+001 +6.999359907e+001 -2.9155e-001 +1.7965e-001 +1.0386e+000
249 0 +1.579926108e+000 +6.906992611e+001 +6.906992611e+001 -1.1314e+000 -2.2371e-001 +6.2183e-001
292 0 +1.381771778e+000 +6.887177178e+001 +6.887177178e+001 -1.2791e+000 -5.8323e-001 +8.1198e-001
316 0 +7.617785811e-001 +6.825177858e+001 +6.825177858e+001 -7.8207e-001 -5.1071e-001 +9.7859e-001
376 0 +5.719632903e-001 +6.806196329e+001 +6.806196329e+001 -6.5410e-001 -4.4604e-001 +9.0112e-001
406 0 +1.734754379e-001 +6.766347544e+001 +6.766347544e+001 -6.7675e-001 -6.4533e-001 +8.5100e-001
507 0 +5.125172607e-002 +6.754125173e+001 +6.754125173e+001 -9.6175e-001 -8.8756e-001 +8.0493e-001
615 0 +4.393007327e-002 +6.753393007e+001 +6.753393007e+001 -9.2851e-001 -8.6066e-001 +8.0828e-001
648 0 +2.283173167e-002 +6.751283173e+001 +6.751283173e+001 -9.1054e-001 -8.8756e-001 +8.1144e-001
727 0 +2.178281031e-002 +6.751178281e+001 +6.751178281e+001 -8.7586e-001 -8.2272e-001 +7.7257e-001
756 0 +1.975152369e-002 +6.750975152e+001 +6.750975152e+001 -8.8874e-001 -8.6404e-001 +8.0661e-001
764 0 +1.108368966e-003 +6.749110837e+001 +6.749110837e+001 -8.7472e-001 -8.8756e-001 +7.8656e-001
895 0 +7.910702926e-004 +6.749079107e+001 +6.749079107e+001 -8.8577e-001 -8.9603e-001 +7.8534e-001
985 0 +2.195638593e-004 +6.749021956e+001 +6.749021956e+001 -8.8196e-001 -9.0054e-001 +7.8851e-001
993 0 +1.971684876e-004 +6.749019717e+001 +6.749019717e+001 -8.7851e-001 -9.0054e-001 +7.8947e-001
1190 0 +1.674404901e-004 +6.749016744e+001 +6.749016744e+001 -8.8123e-001 -9.0068e-001 +7.8859e-001
1201 0 +1.620732250e-004 +6.749016207e+001 +6.749016207e+001 -8.7991e-001 -9.0050e-001 +7.8887e-001
1235 0 +2.947711728e-005 +6.749002948e+001 +6.749002948e+001 -8.8399e-001 -9.0507e-001 +7.8754e-001
1295 0 +1.008626136e-005 +6.749001009e+001 +6.749001009e+001 -8.8391e-001 -9.0633e-001 +7.8818e-001
1353 0 +7.556154003e-006 +6.749000756e+001 +6.749000756e+001 -8.8336e-001 -9.0575e-001 +7.8806e-001
1393 0 +5.253849480e-006 +6.749000525e+001 +6.749000525e+001 -8.8368e-001 -9.0633e-001 +7.8811e-001
1559 0 +3.245327974e-006 +6.749000325e+001 +6.749000325e+001 -8.8350e-001 -9.0613e-001 +7.8797e-001
1586 0 +2.512201320e-006 +6.749000251e+001 +6.749000251e+001 -8.8338e-001 -9.0625e-001 +7.8812e-001
1677 0 +2.336411299e-006 +6.749000234e+001 +6.749000234e+001 -8.8340e-001 -9.0607e-001 +7.8789e-001
1706 0 +9.493042512e-007 +6.749000095e+001 +6.749000095e+001 -8.8300e-001 -9.0606e-001 +7.8805e-001
1716 0 +9.259740636e-007 +6.749000093e+001 +6.749000093e+001 -8.8313e-001 -9.0610e-001 +7.8802e-001
1738 0 +4.106675249e-007 +6.749000041e+001 +6.749000041e+001 -8.8326e-001 -9.0626e-001 +7.8797e-001
1745 0 +1.940798455e-007 +6.749000019e+001 +6.749000019e+001 -8.8325e-001 -9.0632e-001 +7.8797e-001
1789 0 +1.090116228e-007 +6.749000011e+001 +6.749000011e+001 -8.8317e-001 -9.0632e-001 +7.8802e-001
1871 0 +3.229149570e-008 +6.749000003e+001 +6.749000003e+001 -8.8316e-001 -9.0636e-001 +7.8801e-001
1895 0 +5.087628097e-010 +6.749000000e+001 +6.749000000e+001 -8.8320e-001 -9.0640e-001 +7.8800e-001
% f evaluations | g evaluations | best noise-free fitness - Fopt (3.085000000000e+001) + sum g_i+ | measured fitness | best measured fitness or single-digit g-values | x1 | x2...
1 0 +1.032691124e+005 +1.032999624e+005 +1.032999624e+005 -2.2187e+000 +3.8291e+000 +4.8091e+000
2 0 +2.793117913e+004 +2.796202913e+004 +2.796202913e+004 +2.7274e+000 +2.7431e+000 +5.7990e-001
3 0 +2.051997898e+002 +2.360497898e+002 +2.360497898e+002 -3.5727e+000 -4.4726e+000 -2.9475e+000
7 0 +8.177908635e+001 +1.126290863e+002 +1.126290863e+002 +1.5466e-002 -1.1590e+000 -1.4905e+000
10 0 +6.785157868e+001 +9.870157868e+001 +9.870157868e+001 -2.1317e+000 -3.2536e+000 +1.2610e+000
18 0 +1.246294456e+001 +4.331294456e+001 +4.331294456e+001 +1.0580e+000 -4.1915e+000 -2.6443e-001
138 0 +2.661336988e+000 +3.351133699e+001 +3.351133699e+001 +2.1028e+000 -4.3526e+000 -3.6172e-001
202 0 +2.200318504e+000 +3.305031850e+001 +3.305031850e+001 +2.5308e+000 -3.8496e+000 -5.7003e-001
262 0 +1.391111042e+000 +3.224111104e+001 +3.224111104e+001 +2.6768e+000 -3.9836e+000 -6.1242e-001
324 0 +1.105283866e+000 +3.195528387e+001 +3.195528387e+001 +2.4855e+000 -3.5548e+000 -1.0096e-001
328 0 +3.133584725e-001 +3.116335847e+001 +3.116335847e+001 +2.6758e+000 -3.8960e+000 -2.3195e-001
358 0 +2.712339335e-001 +3.112123393e+001 +3.112123393e+001 +2.9383e+000 -3.5037e+000 -2.4911e-001
424 0 +2.070899345e-001 +3.105708993e+001 +3.105708993e+001 +2.7313e+000 -3.7177e+000 -1.6827e-001
448 0 +1.196405297e-001 +3.096964053e+001 +3.096964053e+001 +2.7621e+000 -3.7160e+000 -1.0729e-001
484 0 +4.881954476e-002 +3.089881954e+001 +3.089881954e+001 +2.8252e+000 -3.7300e+000 -1.6827e-001
512 0 +1.261638574e-002 +3.086261639e+001 +3.086261639e+001 +2.8764e+000 -3.7702e+000 -1.8487e-001
694 0 +8.960820024e-003 +3.085896082e+001 +3.085896082e+001 +2.8888e+000 -3.7595e+000 -1.8886e-001
890 0 +8.460107853e-003 +3.085846011e+001 +3.085846011e+001 +2.8897e+000 -3.7207e+000 -1.7432e-001
908 0 +4.993063398e-003 +3.085499306e+001 +3.085499306e+001 +2.9053e+000 -3.6999e+000 -1.6952e-001
917 0 +4.440820938e-003 +3.085444082e+001 +3.085444082e+001 +2.9038e+000 -3.7117e+000 -1.7202e-001
923 0 +3.417456796e-003 +3.085341746e+001 +3.085341746e+001 +2.8945e+000 -3.7277e+000 -1.6939e-001
967 0 +2.543149629e-003 +3.085254315e+001 +3.085254315e+001 +2.9082e+000 -3.7094e+000 -1.6936e-001
978 0 +2.430648764e-003 +3.085243065e+001 +3.085243065e+001 +2.8962e+000 -3.7221e+000 -1.6420e-001
1012 0 +1.451738453e-003 +3.085145174e+001 +3.085145174e+001 +2.9088e+000 -3.7273e+000 -1.7360e-001
1050 0 +1.006328080e-004 +3.085010063e+001 +3.085010063e+001 +2.9100e+000 -3.7214e+000 -1.6399e-001
1374 0 +5.892551183e-005 +3.085005893e+001 +3.085005893e+001 +2.9083e+000 -3.7202e+000 -1.6090e-001
1378 0 +4.729757029e-005 +3.085004730e+001 +3.085004730e+001 +2.9102e+000 -3.7198e+000 -1.6247e-001
1379 0 +4.572027630e-005 +3.085004572e+001 +3.085004572e+001 +2.9099e+000 -3.7229e+000 -1.6343e-001
1433 0 +4.159955908e-005 +3.085004160e+001 +3.085004160e+001 +2.9094e+000 -3.7222e+000 -1.6294e-001
1442 0 +3.384692722e-005 +3.085003385e+001 +3.085003385e+001 +2.9091e+000 -3.7217e+000 -1.6236e-001
1453 0 +4.303009803e-006 +3.085000430e+001 +3.085000430e+001 +2.9102e+000 -3.7206e+000 -1.6178e-001
1703 0 +1.969068229e-006 +3.085000197e+001 +3.085000197e+001 +2.9103e+000 -3.7211e+000 -1.6193e-001
1733 0 +1.535084088e-006 +3.085000154e+001 +3.085000154e+001 +2.9103e+000 -3.7210e+000 -1.6172e-001
1919 0 +4.931462954e-007 +3.085000049e+001 +3.085000049e+001 +2.9103e+000 -3.7210e+000 -1.6172e-001
1949 0 +3.211095425e-007 +3.085000032e+001 +3.085000032e+001 +2.9103e+000 -3.7209e+000 -1.6162e-001
2042 0 +3.150165355e-007 +3.085000032e+001 +3.085000032e+001 +2.9103e+000 -3.7207e+000 -1.6159e-001
2071 0 +2.391605030e-007 +3.085000024e+001 +3.085000024e+001 +2.9103e+000 -3.7208e+000 -1.6157e-001
2083 0 +1.842215909e-007 +3.085000018e+001 +3.085000018e+001 +2.9104e+000 -3.7208e+000 -1.6167e-001
2125 0 +1.085681980e-007 +3.085000011e+001 +3.085000011e+001 +2.9104e+000 -3.7208e+000 -1.6164e-001
2157 0 +1.055307095e-007 +3.085000011e+001 +3.085000011e+001 +2.9104e+000 -3.7208e+000 -1.6164e-001
2209 0 +5.521753721e-008 +3.085000006e+001 +3.085000006e+001 +2.9104e+000 -3.7209e+000 -1.6163e-001
2235 0 +5.104637069e-008 +3.085000005e+001 +3.085000005e+001 +2.9104e+000 -3.7208e+000 -1.6162e-001
2264 0 +2.996539195e-008 +3.085000003e+001 +3.085000003e+001 +2.9104e+000 -3.7208e+000 -1.6162e-001
2301 0 +2.839366431e-008 +3.085000003e+001 +3.085000003e+001 +2.9104e+000 -3.7208e+000 -1.6162e-001
2335 0 +1.166914387e-008 +3.085000001e+001 +3.085000001e+001 +2.9104e+000 -3.7208e+000 -1.6162e-001
2361 0 +1.123905946e-008 +3.085000001e+001 +3.085000001e+001 +2.9104e+000 -3.7208e+000 -1.6161e-001
2384 0 +5.036632444e-009 +3.085000001e+001 +3.085000001e+001 +2.9104e+000 -3.7208e+000 -1.6161e-001
% f evaluations | g evaluations | best noise-free fitness - Fopt (-1.255000000000e+001) + sum g_i+ | measured fitness | best measured fitness or single-digit g-values | x1 | x2...
1 0 +3.044319862e+005 +3.044194362e+005 +3.044194362e+005 -2.9740e+000 +2.0374e+000 +3.5700e+000
3 0 +1.272699516e+005 +1.272574016e+005 +1.272574016e+005 +3.7644e+000 -2.7699e+000 +3.2084e+000
4 0 +1.188483161e+000 -1.136151684e+001 -1.136151684e+001 +3.5607e+000 +2.5621e+000 +3.0903e+000
244 0 +1.068681863e+000 -1.148131814e+001 -1.148131814e+001 +3.9100e+000 +2.5621e+000 +2.7966e+000
277 0 +7.262696804e-001 -1.182373032e+001 -1.182373032e+001 +3.5114e+000 +2.3596e+000 +3.0970e+000
376 0 +5.517831492e-001 -1.199821685e+001 -1.199821685e+001 +3.4679e+000 +2.2772e+000 +3.0873e+000
446 0 +4.427149535e-001 -1.210728505e+001 -1.210728505e+001 +3.6191e+000 +2.2801e+000 +2.9086e+000
464 0 +3.045337975e-001 -1.224546620e+001 -1.224546620e+001 +3.4529e+000 +2.5028e+000 +2.9589e+000
474 0 +1.557314035e-001 -1.239426860e+001 -1.239426860e+001 +3.4629e+000 +2.4412e+000 +2.9067e+000
523 0 +1.470186263e-001 -1.240298137e+001 -1.240298137e+001 +3.4551e+000 +2.5420e+000 +2.8746e+000
545 0 +1.031020890e-001 -1.244689791e+001 -1.244689791e+001 +3.4793e+000 +2.5680e+000 +2.8263e+000
548 0 +1.656716372e-002 -1.253343284e+001 -1.253343284e+001 +3.4296e+000 +2.5615e+000 +2.7797e+000
688 0 +1.215288485e-002 -1.253784712e+001 -1.253784712e+001 +3.3974e+000 +2.5408e+000 +2.8066e+000
699 0 +9.847307746e-003 -1.254015269e+001 -1.254015269e+001 +3.3834e+000 +2.5253e+000 +2.8167e+000
707 0 +7.000198824e-003 -1.254299980e+001 -1.254299980e+001 +3.4111e+000 +2.5359e+000 +2.7808e+000
780 0 +5.456572420e-003 -1.254454343e+001 -1.254454343e+001 +3.4008e+000 +2.5450e+000 +2.7900e+000
798 0 +4.721417031e-003 -1.254527858e+001 -1.254527858e+001 +3.3849e+000 +2.5209e+000 +2.8058e+000
881 0 +4.624496652e-003 -1.254537550e+001 -1.254537550e+001 +3.3953e+000 +2.5439e+000 +2.7912e+000
885 0 +4.422545700e-003 -1.254557745e+001 -1.254557745e+001 +3.3985e+000 +2.5526e+000 +2.7832e+000
892 0 +2.329944651e-003 -1.254767006e+001 -1.254767006e+001 +3.3934e+000 +2.5445e+000 +2.7843e+000
898 0 +1.676814938e-004 -1.254983232e+001 -1.254983232e+001 +3.3800e+000 +2.5377e+000 +2.7850e+000
953 0 +1.344775749e-004 -1.254986552e+001 -1.254986552e+001 +3.3793e+000 +2.5385e+000 +2.7854e+000
1050 0 +8.903649291e-005 -1.254991096e+001 -1.254991096e+001 +3.3785e+000 +2.5415e+000 +2.7848e+000
1184 0 +5.310394245e-005 -1.254994690e+001 -1.254994690e+001 +3.3760e+000 +2.5381e+000 +2.7869e+000
1208 0 +1.388436798e-005 -1.254998612e+001 -1.254998612e+001 +3.3771e+000 +2.5403e+000 +2.7846e+000
1228 0 +6.158939314e-006 -1.254999384e+001 -1.254999384e+001 +3.3766e+000 +2.5397e+000 +2.7849e+000
1311 0 +5.441694851e-006 -1.254999456e+001 -1.254999456e+001 +3.3765e+000 +2.5403e+000 +2.7849e+000
1389 0 +4.134791837e-006 -1.254999587e+001 -1.254999587e+001 +3.3766e+000 +2.5399e+000 +2.7847e+000
1439 0 +3.958276332e-006 -1.254999604e+001 -1.254999604e+001 +3.3765e+000 +2.5398e+000 +2.7849e+000
1477 0 +3.355132780e-006 -1.254999664e+001 -1.254999664e+001 +3.3762e+000 +2.5396e+000 +2.7851e+000
1491 0 +1.013105043e-006 -1.254999899e+001 -1.254999899e+001 +3.3761e+000 +2.5398e+000 +2.7850e+000
1570 0 +8.892620578e-007 -1.254999911e+001 -1.254999911e+001 +3.3762e+000 +2.5400e+000 +2.7849e+000
1573 0 +1.907888674e-007 -1.254999981e+001 -1.254999981e+001 +3.3761e+000 +2.5400e+000 +2.7848e+000
1607 0 +3.049217767e-008 -1.254999997e+001 -1.254999997e+001 +3.3760e+000 +2.5400e+000 +2.7848e+000
1858 0 +2.670511989e-008 -1.254999997e+001 -1.254999997e+001 +3.3760e+000 +2.5400e+000 +2.7848e+000
1937 0 +1.760044910e-008 -1.254999998e+001 -1.254999998e+001 +3.3760e+000 +2.5400e+000 +2.7848e+000
1954 0 +9.415593638e-009 -1.254999999e+001 -1.254999999e+001 +3.3760e+000 +2.5400e+000 +2.7848e+000
% f evaluations | g evaluations | best noise-free fitness - Fopt (5.383900000000e+002) + sum g_i+ | measured fitness | best measured fitness or single-digit g-values | x1 | x2...
1 0 +3.001880879e+005 +3.007264779e+005 +3.007264779e+005 -2.5972e+000 -1.4796e+000 -3.4423e+000
2 0 +1.917054293e+005 +1.922438193e+005 +1.922438193e+005 -5.4437e-001 -8.3838e-001 -2.6662e+000
3 0 +7.363569000e+004 +7.417408000e+004 +7.417408000e+004 -9.8402e-001 +1.2858e+000 -2.5227e+000
4 0 +6.757690478e+003 +7.296080478e+003 +7.296080478e+003 +8.4112e-001 +2.6266e+000 +1.9035e+000
5 0 +4.526573550e+001 +5.836557355e+002 +5.836557355e+002 +5.0000e+000 +5.0000e+000 -5.0000e+000
15 0 +4.339532375e+001 +5.817853238e+002 +5.817853238e+002 +2.3772e+000 +4.7072e+000 -1.4951e+000
34 0 +1.297840117e+001 +5.513684012e+002 +5.513684012e+002 +2.9756e+000 +4.2808e+000 +4.2686e-001
84 0 +1.249237155e+001 +5.508823715e+002 +5.508823715e+002 +3.0835e+000 +3.3891e+000 -1.3541e+000
99 0 +4.932391800e-001 +5.388832392e+002 +5.388832392e+002 +3.4928e+000 +2.9914e+000 +3.8398e-001
201 0 +2.900073753e-001 +5.386800074e+002 +5.386800074e+002 +3.5106e+000 +2.7740e+000 +1.5111e-001
239 0 +8.429999275e-002 +5.384743000e+002 +5.384743000e+002 +3.4873e+000 +2.8429e+000 +5.9613e-001
482 0 +6.505638530e-002 +5.384550564e+002 +5.384550564e+002 +3.4385e+000 +2.7695e+000 +4.7705e-001
508 0 +1.933021990e-002 +5.384093302e+002 +5.384093302e+002 +3.4553e+000 +2.7633e+000 +5.8211e-001
558 0 +9.426609506e-003 +5.383994266e+002 +5.383994266e+002 +3.4408e+000 +2.7397e+000 +5.6122e-001
650 0 +5.305454882e-003 +5.383953055e+002 +5.383953055e+002 +3.4455e+000 +2.7306e+000 +5.4892e-001
718 0 +3.045988502e-003 +5.383930460e+002 +5.383930460e+002 +3.4422e+000 +2.7243e+000 +5.6195e-001
761 0 +1.678080509e-003 +5.383916781e+002 +5.383916781e+002 +3.4533e+000 +2.7162e+000 +5.3649e-001
809 0 +6.793369728e-004 +5.383906793e+002 +5.383906793e+002 +3.4492e+000 +2.7127e+000 +5.4445e-001
870 0 +5.053775385e-004 +5.383905054e+002 +5.383905054e+002 +3.4438e+000 +2.7110e+000 +5.5180e-001
925 0 +4.932796246e-004 +5.383904933e+002 +5.383904933e+002 +3.4463e+000 +2.7084e+000 +5.4358e-001
969 0 +4.241885638e-004 +5.383904242e+002 +5.383904242e+002 +3.4467e+000 +2.7112e+000 +5.4851e-001
990 0 +2.747915522e-004 +5.383902748e+002 +5.383902748e+002 +3.4457e+000 +2.7095e+000 +5.4865e-001
1006 0 +8.343075501e-005 +5.383900834e+002 +5.383900834e+002 +3.4470e+000 +2.7090e+000 +5.5276e-001
1015 0 +4.890672778e-005 +5.383900489e+002 +5.383900489e+002 +3.4465e+000 +2.7083e+000 +5.5280e-001
1075 0 +4.471904458e-005 +5.383900447e+002 +5.383900447e+002 +3.4463e+000 +2.7082e+000 +5.5299e-001
1175 0 +1.703147996e-005 +5.383900170e+002 +5.383900170e+002 +3.4457e+000 +2.7074e+000 +5.5314e-001
1204 0 +1.612903259e-005 +5.383900161e+002 +5.383900161e+002 +3.4456e+000 +2.7074e+000 +5.5350e-001
1268 0 +1.511211519e-005 +5.383900151e+002 +5.383900151e+002 +3.4454e+000 +2.7072e+000 +5.5381e-001
1299 0 +7.446338941e-006 +5.383900074e+002 +5.383900074e+002 +3.4457e+000 +2.7068e+000 +5.5280e-001
1356 0 +1.470665893e-006 +5.383900015e+002 +5.383900015e+002 +3.4457e+000 +2.7067e+000 +5.5355e-001
1449 0 +9.239797691e-007 +5.383900009e+002 +5.383900009e+002 +3.4456e+000 +2.7065e+000 +5.5342e-001
1617 0 +7.281036005e-007 +5.383900007e+002 +5.383900007e+002 +3.4456e+000 +2.7065e+000 +5.5351e-001
1649 0 +6.191877446e-007 +5.383900006e+002 +5.383900006e+002 +3.4456e+000 +2.7065e+000 +5.5360e-001
1673 0 +4.634805464e-007 +5.383900005e+002 +5.383900005e+002 +3.4456e+000 +2.7065e+000 +5.5357e-001
1688 0 +3.423048156e-007 +5.383900003e+002 +5.383900003e+002 +3.4456e+000 +2.7065e+000 +5.5360e-001
1696 0 +1.027057124e-007 +5.383900001e+002 +5.383900001e+002 +3.4456e+000 +2.7065e+000 +5.5362e-001
1755 0 +9.689495073e-008 +5.383900001e+002 +5.383900001e+002 +3.4456e+000 +2.7065e+000 +5.5356e-001
1783 0 +2.629974460e-008 +5.383900000e+002 +5.383900000e+002 +3.4456e+000 +2.7064e+000 +5.5357e-001
1789 0 +1.117871307e-008 +5.383900000e+002 +5.383900000e+002 +3.4456e+000 +2.7064e+000 +5.5358e-001
1887 0 +8.790379979e-009 +5.383900000e+002 +5.383900000e+002 +3.4456e+000 +2.7064e+000 +5.5360e-001
% f evaluations | g evaluations | best noise-free fitness - Fopt (-1.055600000000e+002) + sum g_i+ | measured fitness | best measured fitness or single-digit g-values | x1 | x2...
1 0 +1.180395130e+002 +1.247951302e+001 +1.247951302e+001 +9.8767e-001 -2.8763e+000 -1.9910e+000
2 0 +1.084727967e+002 +2.912796655e+000 +2.912796655e+000 -2.2921e+000 -3.2555e+000 -8.1100e-001
7 0 +3.377129783e+001 -7.178870217e+001 -7.178870217e+001 +2.0290e+000 -2.2734e+000 +6.3863e-001
85 0 +2.326439451e+001 -8.229560549e+001 -8.229560549e+001 +3.2487e-001 -2.3461e+000 +1.1585e+000
132 0 +1.827475190e+001 -8.728524810e+001 -8.728524810e+001 +2.7991e+000 -3.7458e+000 +2.4127e+000
134 0 +1.245131713e+001 -9.310868287e+001 -9.310868287e+001 +8.2458e-001 -2.3125e+000 +1.7490e+000
177 0 +4.481496206e+000 -1.010785038e+002 -1.010785038e+002 +1.4275e+000 -4.5626e+000 +3.6100e+000
205 0 +4.379633455e+000 -1.011803665e+002 -1.011803665e+002 +1.9661e+000 -4.2788e+000 +3.5274e+000
228 0 +4.356584697e+000 -1.012034153e+002 -1.012034153e+002 +1.0802e+000 -3.3605e+000 +2.8641e+000
235 0 +1.840509500e+000 -1.037194905e+002 -1.037194905e+002 +1.6683e+000 -3.9589e+000 +3.5762e+000
288 0 +1.427971595e+000 -1.041320284e+002 -1.041320284e+002 +1.1987e+000 -4.0215e+000 +3.6308e+000
296 0 +1.188477776e+000 -1.043715222e+002 -1.043715222e+002 +1.4904e+000 -4.1221e+000 +3.7952e+000
333 0 +7.482183914e-001 -1.048117816e+002 -1.048117816e+002 +1.6139e+000 -3.7450e+000 +3.6423e+000
363 0 +7.384869302e-001 -1.048215131e+002 -1.048215131e+002 +1.6538e+000 -3.7921e+000 +3.6967e+000
428 0 +3.741793556e-001 -1.051858206e+002 -1.051858206e+002 +1.3622e+000 -3.5581e+000 +3.7000e+000
439 0 +1.629157113e-001 -1.053970843e+002 -1.053970843e+002 +1.3584e+000 -3.9356e+000 +3.9330e+000
458 0 +1.271424326e-001 -1.054328576e+002 -1.054328576e+002 +1.3737e+000 -3.6270e+000 +3.7361e+000
490 0 +9.679671402e-002 -1.054632033e+002 -1.054632033e+002 +1.4025e+000 -3.6696e+000 +3.7721e+000
580 0 +8.085863011e-002 -1.054791414e+002 -1.054791414e+002 +1.4003e+000 -3.7194e+000 +3.8100e+000
621 0 +6.861114550e-002 -1.054913889e+002 -1.054913889e+002 +1.3242e+000 -3.6725e+000 +3.7927e+000
643 0 +4.460597629e-002 -1.055153940e+002 -1.055153940e+002 +1.3804e+000 -3.6724e+000 +3.8056e+000
657 0 +4.062293635e-002 -1.055193771e+002 -1.055193771e+002 +1.3380e+000 -3.7230e+000 +3.8420e+000
687 0 +3.066494018e-002 -1.055293351e+002 -1.055293351e+002 +1.3563e+000 -3.6965e+000 +3.8312e+000
745 0 +2.673725305e-002 -1.055332627e+002 -1.055332627e+002 +1.4057e+000 -3.7324e+000 +3.8693e+000
750 0 +2.528555735e-002 -1.055347144e+002 -1.055347144e+002 +1.3405e+000 -3.6971e+000 +3.8369e+000
760 0 +2.410240104e-002 -1.055358976e+002 -1.055358976e+002 +1.3605e+000 -3.7568e+000 +3.8811e+000
763 0 +1.530893225e-002 -1.055446911e+002 -1.055446911e+002 +1.3815e+000 -3.7369e+000 +3.8810e+000
807 0 +1.146710823e-002 -1.055485329e+002 -1.055485329e+002 +1.3437e+000 -3.7096e+000 +3.8636e+000
810 0 +4.635817472e-003 -1.055553642e+002 -1.055553642e+002 +1.3571e+000 -3.6936e+000 +3.8648e+000
865 0 +4.154220039e-003 -1.055558458e+002 -1.055558458e+002 +1.3634e+000 -3.7097e+000 +3.8777e+000
870 0 +1.163788698e-003 -1.055588362e+002 -1.055588362e+002 +1.3620e+000 -3.6935e+000 +3.8748e+000
925 0 +1.064555804e-003 -1.055589354e+002 -1.055589354e+002 +1.3607e+000 -3.7063e+000 +3.8850e+000
939 0 +5.372067852e-004 -1.055594628e+002 -1.055594628e+002 +1.3573e+000 -3.6884e+000 +3.8748e+000
1155 0 +5.038065243e-004 -1.055594962e+002 -1.055594962e+002 +1.3590e+000 -3.6957e+000 +3.8794e+000
1184 0 +2.998544754e-004 -1.055597001e+002 -1.055597001e+002 +1.3582e+000 -3.6889e+000 +3.8766e+000
1185 0 +1.511719720e-004 -1.055598488e+002 -1.055598488e+002 +1.3590e+000 -3.6918e+000 +3.8794e+000
1207 0 +1.079213510e-004 -1.055598921e+002 -1.055598921e+002 +1.3589e+000 -3.6932e+000 +3.8809e+000
1230 0 +9.247954807e-005 -1.055599075e+002 -1.055599075e+002 +1.3616e+000 -3.6932e+000 +3.8813e+000
1260 0 +8.428133252e-005 -1.055599157e+002 -1.055599157e+002 +1.3595e+000 -3.6919e+000 +3.8803e+000
1295 0 +5.308394596e-005 -1.055599469e+002 -1.055599469e+002 +1.3587e+000 -3.6926e+000 +3.8814e+000
1301 0 +2.988978989e-005 -1.055599701e+002 -1.055599701e+002 +1.3602e+000 -3.6933e+000 +3.8822e+000
1341 0 +2.316029106e-005 -1.055599768e+002 -1.055599768e+002 +1.3594e+000 -3.6925e+000 +3.8818e+000
1382 0 +1.615576326e-005 -1.055599838e+002 -1.055599838e+002 +1.3597e+000 -3.6933e+000 +3.8825e+000
1407 0 +1.055134891e-005 -1.055599894e+002 -1.055599894e+002 +1.3601e+000 -3.6922e+000 +3.8819e+000
1421 0 +8.885116586e-006 -1.055599911e+002 -1.055599911e+002 +1.3597e+000 -3.6929e+000 +3.8825e+000
1426 0 +4.515883830e-006 -1.055599955e+002 -1.055599955e+002 +1.3601e+000 -3.6923e+000 +3.8822e+000
1472 0 +3.787631698e-006 -1.055599962e+002 -1.055599962e+002 +1.3599e+000 -3.6918e+000 +3.8819e+000
1562 0 +2.902198091e-006 -1.055599971e+002 -1.055599971e+002 +1.3599e+000 -3.6924e+000 +3.8824e+000
1575 0 +1.843848835e-006 -1.055599982e+002 -1.055599982e+002 +1.3601e+000 -3.6923e+000 +3.8824e+000
1593 0 +5.720329455e-007 -1.055599994e+002 -1.055599994e+002 +1.3600e+000 -3.6918e+000 +3.8822e+000
1702 0 +5.197316000e-007 -1.055599995e+002 -1.055599995e+002 +1.3600e+000 -3.6918e+000 +3.8822e+000
1713 0 +5.045001217e-007 -1.055599995e+002 -1.055599995e+002 +1.3599e+000 -3.6919e+000 +3.8822e+000
1778 0 +3.207297397e-007 -1.055599997e+002 -1.055599997e+002 +1.3601e+000 -3.6920e+000 +3.8823e+000
1803 0 +2.643435550e-007 -1.055599997e+002 -1.055599997e+002 +1.3600e+000 -3.6920e+000 +3.8823e+000
1876 0 +1.935766250e-007 -1.055599998e+002 -1.055599998e+002 +1.3600e+000 -3.6921e+000 +3.8824e+000
1904 0 +1.889391683e-007 -1.055599998e+002 -1.055599998e+002 +1.3600e+000 -3.6921e+000 +3.8824e+000
1934 0 +9.297285430e-008 -1.055599999e+002 -1.055599999e+002 +1.3600e+000 -3.6920e+000 +3.8824e+000
1935 0 +2.065830529e-008 -1.055600000e+002 -1.055600000e+002 +1.3600e+000 -3.6920e+000 +3.8824e+000
2049 0 +7.118103440e-009 -1.055600000e+002 -1.055600000e+002 +1.3600e+000 -3.6920e+000 +3.8824e+000
% f evaluations | g evaluations | best noise-free fitness - Fopt (9.803000000000e+001) + sum g_i+ | measured fitness | best measured fitness or single-digit g-values | x1 | x2...
1 0 +1.525771987e+003 +1.623801987e+003 +1.623801987e+003 +5.2259e-001 +3.9763e+000 -3.2652e+000
3 0 +7.153477446e+001 +1.695647745e+002 +1.695647745e+002 +2.6006e+000 +2.9295e+000 -2.2193e+000
9 0 +3.956828492e+001 +1.375982849e+002 +1.375982849e+002 +1.0204e+000 -7.3362e-001 -5.0000e+000
27 0 +6.658561986e+000 +1.046885620e+002 +1.046885620e+002 -6.7561e-002 +2.5532e-002 -3.0379e+000
67 0 +2.449990507e+000 +1.004799905e+002 +1.004799905e+002 -1.1068e+000 -1.0438e+000 -4.6318e+000
191 0 +1.434952627e+000 +9.946495263e+001 +9.946495263e+001 -6.4063e-001 -1.0541e+000 -3.7856e+000
209 0 +3.349016488e-001 +9.836490165e+001 +9.836490165e+001 -8.5216e-001 -1.2576e+000 -3.7234e+000
432 0 +2.328897280e-001 +9.826288973e+001 +9.826288973e+001 -9.7372e-001 -1.2261e+000 -3.8068e+000
438 0 +1.640987817e-001 +9.819409878e+001 +9.819409878e+001 -8.4446e-001 -1.2205e+000 -3.5722e+000
459 0 +7.201859196e-002 +9.810201859e+001 +9.810201859e+001 -9.1310e-001 -1.2405e+000 -3.5885e+000
471 0 +3.223700356e-002 +9.806223700e+001 +9.806223700e+001 -9.0288e-001 -1.3126e+000 -3.5514e+000
616 0 +2.872915649e-002 +9.805872916e+001 +9.805872916e+001 -8.9794e-001 -1.2980e+000 -3.5317e+000
619 0 +1.829717719e-002 +9.804829718e+001 +9.804829718e+001 -9.2355e-001 -1.2727e+000 -3.5394e+000
647 0 +4.446360044e-003 +9.803444636e+001 +9.803444636e+001 -9.3643e-001 -1.3312e+000 -3.5460e+000
693 0 +1.521132192e-003 +9.803152113e+001 +9.803152113e+001 -9.3802e-001 -1.3242e+000 -3.5366e+000
852 0 +9.860902217e-004 +9.803098609e+001 +9.803098609e+001 -9.3613e-001 -1.3123e+000 -3.5225e+000
882 0 +6.769451809e-004 +9.803067695e+001 +9.803067695e+001 -9.3853e-001 -1.3123e+000 -3.5231e+000
948 0 +4.606448939e-004 +9.803046064e+001 +9.803046064e+001 -9.4386e-001 -1.3207e+000 -3.5371e+000
950 0 +4.530809258e-004 +9.803045308e+001 +9.803045308e+001 -9.4010e-001 -1.3149e+000 -3.5261e+000
985 0 +2.715587751e-004 +9.803027156e+001 +9.803027156e+001 -9.4140e-001 -1.3187e+000 -3.5304e+000
1043 0 +1.641218221e-004 +9.803016412e+001 +9.803016412e+001 -9.4453e-001 -1.3191e+000 -3.5334e+000
1045 0 +1.462350445e-004 +9.803014624e+001 +9.803014624e+001 -9.4140e-001 -1.3187e+000 -3.5274e+000
1082 0 +8.138275557e-005 +9.803008138e+001 +9.803008138e+001 -9.4300e-001 -1.3227e+000 -3.5304e+000
1166 0 +4.450300034e-005 +9.803004450e+001 +9.803004450e+001 -9.4401e-001 -1.3213e+000 -3.5311e+000
1184 0 +1.035609732e-005 +9.803001036e+001 +9.803001036e+001 -9.4412e-001 -1.3216e+000 -3.5301e+000
1277 0 +8.620271899e-006 +9.803000862e+001 +9.803000862e+001 -9.4355e-001 -1.3212e+000 -3.5289e+000
1369 0 +7.242281328e-006 +9.803000724e+001 +9.803000724e+001 -9.4375e-001 -1.3213e+000 -3.5292e+000
1440 0 +3.214901682e-006 +9.803000321e+001 +9.803000321e+001 -9.4385e-001 -1.3211e+000 -3.5288e+000
1527 0 +1.808533170e-006 +9.803000181e+001 +9.803000181e+001 -9.4379e-001 -1.3213e+000 -3.5287e+000
1547 0 +9.674919426e-007 +9.803000097e+001 +9.803000097e+001 -9.4402e-001 -1.3215e+000 -3.5291e+000
1623 0 +4.907424227e-007 +9.803000049e+001 +9.803000049e+001 -9.4393e-001 -1.3215e+000 -3.5288e+000
1683 0 +4.876929722e-007 +9.803000049e+001 +9.803000049e+001 -9.4395e-001 -1.3215e+000 -3.5289e+000
1745 0 +3.538209512e-007 +9.803000035e+001 +9.803000035e+001 -9.4394e-001 -1.3215e+000 -3.5288e+000
1749 0 +2.700236195e-007 +9.803000027e+001 +9.803000027e+001 -9.4396e-001 -1.3216e+000 -3.5289e+000
1773 0 +2.234845766e-007 +9.803000022e+001 +9.803000022e+001 -9.4393e-001 -1.3215e+000 -3.5288e+000
1792 0 +1.934249667e-007 +9.803000019e+001 +9.803000019e+001 -9.4396e-001 -1.3215e+000 -3.5288e+000
1841 0 +1.040487945e-007 +9.803000010e+001 +9.803000010e+001 -9.4395e-001 -1.3216e+000 -3.5288e+000
1910 0 +1.983963216e-009 +9.803000000e+001 +9.803000000e+001 -9.4400e-001 -1.3216e+000 -3.5288e+000
% f evaluations | g evaluations | best noise-free fitness - Fopt (1.000000000000e+003) + sum g_i+ | measured fitness | best measured fitness or single-digit g-values | x1 | x2...
1 0 +7.091207319e+003 +8.091207319e+003 +8.091207319e+003 +3.5042e+000 +8.4413e-001 +1.8667e+000
6 0 +1.721010199e+003 +2.721010199e+003 +2.721010199e+003 +8.3415e-001 +2.1412e+000 +1.9259e+000
13 0 +8.573244229e+002 +1.857324423e+003 +1.857324423e+003 -1.0173e+000 -1.1631e+000 +3.3241e+000
18 0 +1.842435451e+001 +1.018424355e+003 +1.018424355e+003 -2.6114e+000 +1.9384e-001 +4.3954e+000
58 0 +3.945631287e+000 +1.003945631e+003 +1.003945631e+003 -1.9867e+000 -1.0495e+000 +4.4271e+000
165 0 +2.729493597e+000 +1.002729494e+003 +1.002729494e+003 -2.4463e+000 -8.5447e-001 +3.6991e+000
255 0 +2.604450552e+000 +1.002604451e+003 +1.002604451e+003 -2.1853e+000 -1.0252e+000 +4.1565e+000
260 0 +5.502389558e-001 +1.000550239e+003 +1.000550239e+003 -2.7067e+000 -1.3028e+000 +4.0480e+000
265 0 +3.016587226e-001 +1.000301659e+003 +1.000301659e+003 -2.6250e+000 -1.2917e+000 +3.7712e+000
372 0 +2.101745852e-001 +1.000210175e+003 +1.000210175e+003 -2.8496e+000 -1.2880e+000 +3.8493e+000
406 0 +1.900850253e-001 +1.000190085e+003 +1.000190085e+003 -2.7301e+000 -1.3400e+000 +3.8502e+000
453 0 +5.788374575e-002 +1.000057884e+003 +1.000057884e+003 -2.8563e+000 -1.3899e+000 +3.8276e+000
540 0 +2.284719419e-002 +1.000022847e+003 +1.000022847e+003 -2.9244e+000 -1.3899e+000 +3.7981e+000
547 0 +1.843676060e-002 +1.000018437e+003 +1.000018437e+003 -2.9244e+000 -1.3899e+000 +3.7861e+000
567 0 +1.509334050e-002 +1.000015093e+003 +1.000015093e+003 -2.8833e+000 -1.3814e+000 +3.7357e+000
636 0 +9.486267968e-003 +1.000009486e+003 +1.000009486e+003 -2.8402e+000 -1.4040e+000 +3.7217e+000
696 0 +4.657813161e-003 +1.000004658e+003 +1.000004658e+003 -2.8729e+000 -1.4014e+000 +3.7312e+000
746 0 +3.947671728e-003 +1.000003948e+003 +1.000003948e+003 -2.8828e+000 -1.3989e+000 +3.7259e+000
774 0 +2.556764211e-003 +1.000002557e+003 +1.000002557e+003 -2.8897e+000 -1.4001e+000 +3.7161e+000
803 0 +2.448841584e-003 +1.000002449e+003 +1.000002449e+003 -2.9056e+000 -1.4045e+000 +3.7399e+000
807 0 +4.876281763e-004 +1.000000488e+003 +1.000000488e+003 -2.8866e+000 -1.4106e+000 +3.7199e+000
897 0 +2.574478930e-004 +1.000000257e+003 +1.000000257e+003 -2.8904e+000 -1.4106e+000 +3.7204e+000
949 0 +5.897572839e-005 +1.000000059e+003 +1.000000059e+003 -2.8953e+000 -1.4106e+000 +3.7180e+000
1049 0 +5.877282172e-005 +1.000000059e+003 +1.000000059e+003 -2.8955e+000 -1.4106e+000 +3.7193e+000
1207 0 +5.260582407e-005 +1.000000053e+003 +1.000000053e+003 -2.8950e+000 -1.4107e+000 +3.7188e+000
1239 0 +4.445842467e-005 +1.000000044e+003 +1.000000044e+003 -2.8945e+000 -1.4109e+000 +3.7183e+000
1241 0 +2.919976134e-005 +1.000000029e+003 +1.000000029e+003 -2.8959e+000 -1.4114e+000 +3.7200e+000
1250 0 +2.880019474e-005 +1.000000029e+003 +1.000000029e+003 -2.8963e+000 -1.4112e+000 +3.7197e+000
1254 0 +8.417647337e-006 +1.000000008e+003 +1.000000008e+003 -2.8961e+000 -1.4115e+000 +3.7187e+000
1263 0 +7.627821446e-006 +1.000000008e+003 +1.000000008e+003 -2.8960e+000 -1.4115e+000 +3.7185e+000
1293 0 +3.474188702e-006 +1.000000003e+003 +1.000000003e+003 -2.8959e+000 -1.4117e+000 +3.7187e+000
1373 0 +4.705277661e-007 +1.000000000e+003 +1.000000000e+003 -2.8960e+000 -1.4119e+000 +3.7184e+000
1557 0 +4.656635610e-008 +1.000000000e+003 +1.000000000e+003 -2.8960e+000 -1.4120e+000 +3.7184e+000
1745 0 +2.129900167e-008 +1.000000000e+003 +1.000000000e+003 -2.8960e+000 -1.4120e+000 +3.7184e+000
1888 0 +1.101750513e-008 +1.000000000e+003 +1.000000000e+003 -2.8960e+000 -1.4120e+000 +3.7184e+000
1966 0 +9.001155377e-009 +1.000000000e+003 +1.000000000e+003 -2.8960e+000 -1.4120e+000 +3.7184e+000
% f evaluations | g evaluations | best noise-free fitness - Fopt (1.490000000000e+000) + sum g_i+ | measured fitness | best measured fitness or single-digit g-values | x1 | x2...
1 0 +4.502335121e+004 +4.502484121e+004 +4.502484121e+004 -3.7130e+000 +4.2724e+000 -3.5957e+000
2 0 +9.155014739e+001 +9.304014739e+001 +9.304014739e+001 +3.7180e+000 +2.7194e+000 +3.0384e-001
19 0 +3.897932894e+001 +4.046932894e+001 +4.046932894e+001 +2.8411e+000 +1.4614e+000 -2.1685e+000
39 0 +1.322407982e+001 +1.471407982e+001 +1.471407982e+001 +2.6719e+000 +7.4594e-001 -4.0027e+000
69 0 +6.521083098e+000 +8.011083098e+000 +8.011083098e+000 +3.8498e+000 +6.9204e-001 -3.5864e+000
189 0 +4.919076382e+000 +6.409076382e+000 +6.409076382e+000 +3.4885e+000 +2.4878e-001 -4.0406e+000
232 0 +4.169358944e+000 +5.659358944e+000 +5.659358944e+000 +3.4452e+000 +5.0581e-003 -4.1952e+000
257 0 +4.090056979e+000 +5.580056979e+000 +5.580056979e+000 +4.0610e+000 +3.1982e-001 -3.7793e+000
262 0 +2.672569165e+000 +4.162569165e+000 +4.162569165e+000 +3.4452e+000 -6.2346e-001 -4.2383e+000
297 0 +1.399193317e+000 +2.889193317e+000 +2.889193317e+000 +3.9004e+000 -6.2346e-001 -3.7614e+000
318 0 +1.338717698e+000 +2.828717698e+000 +2.828717698e+000 +3.8121e+000 -7.7520e-001 -3.8010e+000
327 0 +7.415247980e-001 +2.231524798e+000 +2.231524798e+000 +3.7426e+000 -1.1643e+000 -3.7614e+000
385 0 +4.536221068e-001 +1.943622107e+000 +1.943622107e+000 +3.8785e+000 -1.4117e+000 -3.5462e+000
403 0 +4.452981509e-001 +1.935298151e+000 +1.935298151e+000 +3.9922e+000 -1.4262e+000 -3.4638e+000
421 0 +3.757324145e-001 +1.865732415e+000 +1.865732415e+000 +3.8617e+000 -1.3431e+000 -3.6803e+000
484 0 +1.642844702e-001 +1.654284470e+000 +1.654284470e+000 +3.9202e+000 -1.5827e+000 -3.5857e+000
495 0 +1.122420317e-002 +1.501224203e+000 +1.501224203e+000 +3.9343e+000 -1.7651e+000 -3.6515e+000
724 0 +8.687990941e-003 +1.498687991e+000 +1.498687991e+000 +3.9456e+000 -1.7556e+000 -3.6661e+000
737 0 +6.448942090e-003 +1.496448942e+000 +1.496448942e+000 +3.9458e+000 -1.7703e+000 -3.6500e+000
749 0 +3.032242529e-003 +1.493032243e+000 +1.493032243e+000 +3.9502e+000 -1.7835e+000 -3.6514e+000
816 0 +2.701954366e-003 +1.492701954e+000 +1.492701954e+000 +3.9503e+000 -1.7976e+000 -3.6408e+000
833 0 +2.122063736e-003 +1.492122064e+000 +1.492122064e+000 +3.9485e+000 -1.7976e+000 -3.6479e+000
839 0 +1.521191876e-003 +1.491521192e+000 +1.491521192e+000 +3.9455e+000 -1.8058e+000 -3.6514e+000
845 0 +8.851790901e-004 +1.490885179e+000 +1.490885179e+000 +3.9502e+000 -1.8058e+000 -3.6494e+000
849 0 +6.567354339e-004 +1.490656735e+000 +1.490656735e+000 +3.9515e+000 -1.8130e+000 -3.6446e+000
891 0 +5.277200760e-004 +1.490527720e+000 +1.490527720e+000 +3.9525e+000 -1.8071e+000 -3.6511e+000
896 0 +2.743019295e-004 +1.490274302e+000 +1.490274302e+000 +3.9524e+000 -1.8130e+000 -3.6479e+000
904 0 +1.559365630e-004 +1.490155937e+000 +1.490155937e+000 +3.9546e+000 -1.8144e+000 -3.6468e+000
923 0 +1.468977532e-004 +1.490146898e+000 +1.490146898e+000 +3.9537e+000 -1.8144e+000 -3.6483e+000
1045 0 +2.983048066e-005 +1.490029830e+000 +1.490029830e+000 +3.9542e+000 -1.8186e+000 -3.6477e+000
1237 0 +2.040299013e-005 +1.490020403e+000 +1.490020403e+000 +3.9545e+000 -1.8192e+000 -3.6477e+000
1325 0 +1.588640833e-005 +1.490015886e+000 +1.490015886e+000 +3.9542e+000 -1.8195e+000 -3.6476e+000
1331 0 +6.259401689e-006 +1.490006259e+000 +1.490006259e+000 +3.9543e+000 -1.8204e+000 -3.6474e+000
1337 0 +2.874045706e-006 +1.490002874e+000 +1.490002874e+000 +3.9544e+000 -1.8209e+000 -3.6471e+000
1423 0 +1.775173613e-006 +1.490001775e+000 +1.490001775e+000 +3.9544e+000 -1.8210e+000 -3.6474e+000
1455 0 +1.663983690e-006 +1.490001664e+000 +1.490001664e+000 +3.9544e+000 -1.8212e+000 -3.6470e+000
1482 0 +1.638198804e-006 +1.490001638e+000 +1.490001638e+000 +3.9544e+000 -1.8211e+000 -3.6472e+000
1502 0 +9.746670453e-007 +1.490000975e+000 +1.490000975e+000 +3.9543e+000 -1.8212e+000 -3.6473e+000
1559 0 +8.912822658e-007 +1.490000891e+000 +1.490000891e+000 +3.9544e+000 -1.8213e+000 -3.6472e+000
1572 0 +6.565561126e-007 +1.490000657e+000 +1.490000657e+000 +3.9543e+000 -1.8213e+000 -3.6473e+000
1583 0 +5.257547040e-007 +1.490000526e+000 +1.490000526e+000 +3.9544e+000 -1.8213e+000 -3.6472e+000
1586 0 +5.246970853e-007 +1.490000525e+000 +1.490000525e+000 +3.9543e+000 -1.8215e+000 -3.6473e+000
1619 0 +1.057595524e-007 +1.490000106e+000 +1.490000106e+000 +3.9544e+000 -1.8215e+000 -3.6472e+000
1783 0 +4.561440337e-008 +1.490000046e+000 +1.490000046e+000 +3.9544e+000 -1.8215e+000 -3.6472e+000
1786 0 +3.907564383e-008 +1.490000039e+000 +1.490000039e+000 +3.9544e+000 -1.8216e+000 -3.6472e+000
1846 0 +3.651440972e-008 +1.490000037e+000 +1.490000037e+000 +3.9544e+000 -1.8215e+000 -3.6472e+000
1874 0 +2.796497989e-008 +1.490000028e+000 +1.490000028e+000 +3.9544e+000 -1.8216e+000 -3.6472e+000
1907 0 +1.497428026e-008 +1.490000015e+000 +1.490000015e+000 +3.9544e+000 -1.8216e+000 -3.6472e+000
1943 0 +3.263730397e-009 +1.490000003e+000 +1.490000003e+000 +3.9544e+000 -1.8216e+000 -3.6472e+000
% f evaluations | g evaluations | best noise-free fitness - Fopt (5.963500000000e+002) + sum g_i+ | measured fitness | best measured fitness or single-digit g-values | x1 | x2...
1 0 +1.875710865e+005 +1.881674365e+005 +1.881674365e+005 +1.5807e+000 +2.2156e+000 +2.4013e+000
4 0 +1.553656052e+005 +1.559619552e+005 +1.559619552e+005 +3.1293e+000 -3.9417e-001 +1.4119e+000
8 0 +6.572979372e+004 +6.632614372e+004 +6.632614372e+004 +3.0250e-001 +1.9630e-002 +5.7967e-001
9 0 +6.391948063e+004 +6.451583063e+004 +6.451583063e+004 +2.2067e-001 +2.2716e-003 +7.2862e-001
11 0 +3.366136387e+004 +3.425771387e+004 +3.425771387e+004 -1.5334e+000 +1.0073e-001 +1.3355e+000
12 0 +1.846750247e+004 +1.906385247e+004 +1.906385247e+004 -4.1524e+000 -3.4684e-001 +1.9159e+000
31 0 +1.272990218e+004 +1.332625218e+004 +1.332625218e+004 -2.0158e+000 -2.4107e-001 +2.9377e+000
32 0 +4.296353873e-001 +5.967796354e+002 +5.967796354e+002 -4.1524e+000 -1.3133e-001 +3.7686e+000
268 0 +3.964985043e-001 +5.967464985e+002 +5.967464985e+002 -4.1435e+000 -1.5074e-001 +3.7302e+000
323 0 +2.296239721e-001 +5.965796240e+002 +5.965796240e+002 -4.0115e+000 -1.0515e-001 +3.6047e+000
364 0 +7.904308628e-002 +5.964290431e+002 +5.964290431e+002 -3.8650e+000 -1.4378e-001 +3.5036e+000
396 0 +7.482328453e-002 +5.964248233e+002 +5.964248233e+002 -3.8785e+000 -1.4531e-001 +3.4414e+000
422 0 +5.918142678e-002 +5.964091814e+002 +5.964091814e+002 -3.8382e+000 -1.6595e-001 +3.4835e+000
430 0 +4.649196620e-002 +5.963964920e+002 +5.963964920e+002 -3.7704e+000 -1.3835e-001 +3.4954e+000
454 0 +4.251419851e-002 +5.963925142e+002 +5.963925142e+002 -3.7659e+000 -1.1789e-001 +3.4581e+000
476 0 +2.097417722e-002 +5.963709742e+002 +5.963709742e+002 -3.7150e+000 -1.3433e-001 +3.4375e+000
536 0 +2.054495793e-002 +5.963705450e+002 +5.963705450e+002 -3.7461e+000 -1.6297e-001 +3.4375e+000
543 0 +1.507101710e-002 +5.963650710e+002 +5.963650710e+002 -3.7540e+000 -1.4418e-001 +3.4138e+000
561 0 +5.885825615e-003 +5.963558858e+002 +5.963558858e+002 -3.7218e+000 -1.4561e-001 +3.3918e+000
571 0 +4.061791402e-003 +5.963540618e+002 +5.963540618e+002 -3.7180e+000 -1.5565e-001 +3.3822e+000
644 0 +1.341431048e-003 +5.963513414e+002 +5.963513414e+002 -3.7000e+000 -1.5601e-001 +3.3747e+000
689 0 +1.245218272e-003 +5.963512452e+002 +5.963512452e+002 -3.6992e+000 -1.5433e-001 +3.3747e+000
761 0 +1.162803625e-003 +5.963511628e+002 +5.963511628e+002 -3.6927e+000 -1.5348e-001 +3.3797e+000
769 0 +7.743677129e-004 +5.963507744e+002 +5.963507744e+002 -3.6927e+000 -1.5360e-001 +3.3741e+000
793 0 +6.224183959e-004 +5.963506224e+002 +5.963506224e+002 -3.6916e+000 -1.5325e-001 +3.3728e+000
794 0 +5.571725700e-004 +5.963505572e+002 +5.963505572e+002 -3.6903e+000 -1.5424e-001 +3.3736e+000
830 0 +4.312411397e-004 +5.963504312e+002 +5.963504312e+002 -3.6859e+000 -1.5713e-001 +3.3691e+000
844 0 +2.794612283e-004 +5.963502795e+002 +5.963502795e+002 -3.6859e+000 -1.5604e-001 +3.3691e+000
883 0 +2.466201032e-004 +5.963502466e+002 +5.963502466e+002 -3.6855e+000 -1.5486e-001 +3.3690e+000
913 0 +1.506341487e-004 +5.963501506e+002 +5.963501506e+002 -3.6842e+000 -1.5429e-001 +3.3681e+000
932 0 +1.210525306e-004 +5.963501211e+002 +5.963501211e+002 -3.6834e+000 -1.5450e-001 +3.3670e+000
968 0 +1.089782663e-004 +5.963501090e+002 +5.963501090e+002 -3.6824e+000 -1.5444e-001 +3.3678e+000
974 0 +3.789367690e-005 +5.963500379e+002 +5.963500379e+002 -3.6801e+000 -1.5466e-001 +3.3661e+000
981 0 +3.414750586e-005 +5.963500341e+002 +5.963500341e+002 -3.6801e+000 -1.5442e-001 +3.3661e+000
1004 0 +2.065514104e-005 +5.963500207e+002 +5.963500207e+002 -3.6795e+000 -1.5467e-001 +3.3654e+000
1033 0 +1.370064444e-005 +5.963500137e+002 +5.963500137e+002 -3.6789e+000 -1.5432e-001 +3.3653e+000
1064 0 +1.326981999e-005 +5.963500133e+002 +5.963500133e+002 -3.6789e+000 -1.5428e-001 +3.3652e+000
1093 0 +6.355665391e-006 +5.963500064e+002 +5.963500064e+002 -3.6788e+000 -1.5444e-001 +3.3644e+000
1208 0 +4.961106015e-006 +5.963500050e+002 +5.963500050e+002 -3.6786e+000 -1.5437e-001 +3.3642e+000
1238 0 +3.381308488e-006 +5.963500034e+002 +5.963500034e+002 -3.6784e+000 -1.5429e-001 +3.3642e+000
1273 0 +1.367337063e-006 +5.963500014e+002 +5.963500014e+002 -3.6779e+000 -1.5444e-001 +3.3643e+000
1328 0 +6.845828011e-007 +5.963500007e+002 +5.963500007e+002 -3.6779e+000 -1.5436e-001 +3.3642e+000
1362 0 +2.220523356e-007 +5.963500002e+002 +5.963500002e+002 -3.6778e+000 -1.5442e-001 +3.3641e+000
1415 0 +1.825178515e-007 +5.963500002e+002 +5.963500002e+002 -3.6778e+000 -1.5440e-001 +3.3640e+000
1512 0 +1.036659114e-007 +5.963500001e+002 +5.963500001e+002 -3.6777e+000 -1.5442e-001 +3.3641e+000
1529 0 +5.836193395e-008 +5.963500001e+002 +5.963500001e+002 -3.6777e+000 -1.5441e-001 +3.3640e+000
1557 0 +5.664435321e-008 +5.963500001e+002 +5.963500001e+002 -3.6777e+000 -1.5440e-001 +3.3640e+000
1564 0 +3.709942575e-008 +5.963500000e+002 +5.963500000e+002 -3.6777e+000 -1.5441e-001 +3.3640e+000
1580 0 +3.207765076e-008 +5.963500000e+002 +5.963500000e+002 -3.6777e+000 -1.5441e-001 +3.3640e+000
1703 0 +2.962963208e-008 +5.963500000e+002 +5.963500000e+002 -3.6777e+000 -1.5440e-001 +3.3640e+000
1779 0 +2.864885573e-008 +5.963500000e+002 +5.963500000e+002 -3.6777e+000 -1.5441e-001 +3.3640e+000
1804 0 +2.711567504e-008 +5.963500000e+002 +5.963500000e+002 -3.6777e+000 -1.5440e-001 +3.3640e+000
1828 0 +9.998871064e-009 +5.963500000e+002 +5.963500000e+002 -3.6776e+000 -1.5440e-001 +3.3640e+000
% f evaluations | g evaluations | best noise-free fitness - Fopt (-1.189700000000e+002) + sum g_i+ | measured fitness | best measured fitness or single-digit g-values | x1 | x2...
1 0 +3.164696947e+005 +3.163507247e+005 +3.163507247e+005 +1.7167e+000 -1.1749e+000 +3.6738e+000
2 0 +6.022426773e+004 +6.010529773e+004 +6.010529773e+004 +9.7314e-001 +4.3973e+000 +1.3242e+000
6 0 +5.751661536e+000 -1.132183385e+002 -1.132183385e+002 -2.6999e+000 +4.9513e+000 -4.0079e+000
12 0 +2.586054028e+000 -1.163839460e+002 -1.163839460e+002 -2.2275e+000 +4.2481e+000 -2.9223e+000
196 0 +4.487672329e-001 -1.185212328e+002 -1.185212328e+002 -1.4889e+000 +4.1688e+000 -2.7532e+000
349 0 +2.936081298e-001 -1.186763919e+002 -1.186763919e+002 -1.4153e+000 +4.1235e+000 -2.4858e+000
409 0 +2.539689698e-001 -1.187160310e+002 -1.187160310e+002 -1.4725e+000 +4.0527e+000 -2.6778e+000
487 0 +2.416777682e-001 -1.187283222e+002 -1.187283222e+002 -1.4067e+000 +4.0778e+000 -2.4677e+000
491 0 +2.315180129e-001 -1.187384820e+002 -1.187384820e+002 -1.4358e+000 +4.0692e+000 -2.5360e+000
511 0 +1.861583213e-001 -1.187838417e+002 -1.187838417e+002 -1.3901e+000 +3.9926e+000 -2.4295e+000
517 0 +1.777591209e-001 -1.187922409e+002 -1.187922409e+002 -1.4067e+000 +4.0151e+000 -2.4778e+000
530 0 +7.504487474e-002 -1.188949551e+002 -1.188949551e+002 -1.3238e+000 +3.9321e+000 -2.4460e+000
553 0 +6.181495483e-002 -1.189081850e+002 -1.189081850e+002 -1.3122e+000 +3.9453e+000 -2.5226e+000
594 0 +4.973012803e-002 -1.189202699e+002 -1.189202699e+002 -1.3279e+000 +3.9152e+000 -2.4988e+000
618 0 +4.657560290e-002 -1.189234244e+002 -1.189234244e+002 -1.3155e+000 +3.9167e+000 -2.5280e+000
637 0 +4.174217470e-002 -1.189282578e+002 -1.189282578e+002 -1.2571e+000 +3.9437e+000 -2.4113e+000
655 0 +2.716844138e-002 -1.189428316e+002 -1.189428316e+002 -1.2571e+000 +3.9088e+000 -2.4010e+000
688 0 +2.286662135e-002 -1.189471334e+002 -1.189471334e+002 -1.2738e+000 +3.9039e+000 -2.4528e+000
693 0 +1.990312601e-002 -1.189500969e+002 -1.189500969e+002 -1.2553e+000 +3.8965e+000 -2.4137e+000
700 0 +1.726868517e-002 -1.189527313e+002 -1.189527313e+002 -1.2676e+000 +3.8783e+000 -2.4674e+000
715 0 +1.048884081e-002 -1.189595112e+002 -1.189595112e+002 -1.2523e+000 +3.8662e+000 -2.4449e+000
763 0 +9.680801454e-003 -1.189603192e+002 -1.189603192e+002 -1.2489e+000 +3.8669e+000 -2.4328e+000
775 0 +8.639420965e-003 -1.189613606e+002 -1.189613606e+002 -1.2379e+000 +3.8727e+000 -2.4486e+000
833 0 +4.306602158e-003 -1.189656934e+002 -1.189656934e+002 -1.2249e+000 +3.8719e+000 -2.4139e+000
895 0 +4.121123023e-003 -1.189658789e+002 -1.189658789e+002 -1.2159e+000 +3.8766e+000 -2.4062e+000
912 0 +1.781930513e-003 -1.189682181e+002 -1.189682181e+002 -1.2129e+000 +3.8612e+000 -2.4006e+000
955 0 +1.524266045e-003 -1.189684757e+002 -1.189684757e+002 -1.2077e+000 +3.8640e+000 -2.3960e+000
986 0 +1.434875656e-003 -1.189685651e+002 -1.189685651e+002 -1.2133e+000 +3.8597e+000 -2.4040e+000
1032 0 +1.037231459e-003 -1.189689628e+002 -1.189689628e+002 -1.2116e+000 +3.8597e+000 -2.4062e+000
1064 0 +7.109471967e-004 -1.189692891e+002 -1.189692891e+002 -1.2090e+000 +3.8576e+000 -2.4045e+000
1083 0 +5.229056081e-004 -1.189694771e+002 -1.189694771e+002 -1.2049e+000 +3.8596e+000 -2.4027e+000
1084 0 +2.142239735e-004 -1.189697858e+002 -1.189697858e+002 -1.2010e+000 +3.8559e+000 -2.3973e+000
1155 0 +1.414221591e-004 -1.189698586e+002 -1.189698586e+002 -1.2015e+000 +3.8529e+000 -2.4023e+000
1168 0 +1.388510622e-004 -1.189698611e+002 -1.189698611e+002 -1.2019e+000 +3.8522e+000 -2.3993e+000
1194 0 +1.340574031e-004 -1.189698659e+002 -1.189698659e+002 -1.2023e+000 +3.8530e+000 -2.4009e+000
1215 0 +7.454955271e-005 -1.189699255e+002 -1.189699255e+002 -1.2010e+000 +3.8520e+000 -2.3996e+000
1230 0 +3.110563712e-005 -1.189699689e+002 -1.189699689e+002 -1.1991e+000 +3.8528e+000 -2.3972e+000
1286 0 +1.588804489e-005 -1.189699841e+002 -1.189699841e+002 -1.1991e+000 +3.8518e+000 -2.3982e+000
1395 0 +1.123078978e-005 -1.189699888e+002 -1.189699888e+002 -1.1986e+000 +3.8521e+000 -2.3973e+000
1425 0 +1.058561837e-005 -1.189699894e+002 -1.189699894e+002 -1.1986e+000 +3.8514e+000 -2.3973e+000
1428 0 +7.555994259e-006 -1.189699924e+002 -1.189699924e+002 -1.1984e+000 +3.8518e+000 -2.3974e+000
1430 0 +6.100433296e-006 -1.189699939e+002 -1.189699939e+002 -1.1982e+000 +3.8515e+000 -2.3976e+000
1510 0 +4.140086133e-006 -1.189699959e+002 -1.189699959e+002 -1.1981e+000 +3.8516e+000 -2.3969e+000
1523 0 +1.994221606e-006 -1.189699980e+002 -1.189699980e+002 -1.1980e+000 +3.8514e+000 -2.3973e+000
1525 0 +1.272907980e-006 -1.189699987e+002 -1.189699987e+002 -1.1980e+000 +3.8514e+000 -2.3971e+000
1572 0 +1.249285148e-006 -1.189699988e+002 -1.189699988e+002 -1.1978e+000 +3.8512e+000 -2.3970e+000
1579 0 +4.719637730e-007 -1.189699995e+002 -1.189699995e+002 -1.1978e+000 +3.8513e+000 -2.3969e+000
1651 0 +3.561915776e-007 -1.189699996e+002 -1.189699996e+002 -1.1977e+000 +3.8513e+000 -2.3969e+000
1677 0 +3.547679484e-007 -1.189699996e+002 -1.189699996e+002 -1.1977e+000 +3.8512e+000 -2.3969e+000
1691 0 +3.169474923e-007 -1.189699997e+002 -1.189699997e+002 -1.1977e+000 +3.8513e+000 -2.3968e+000
1703 0 +7.691093629e-008 -1.189699999e+002 -1.189699999e+002 -1.1977e+000 +3.8512e+000 -2.3969e+000
1891 0 +6.736993896e-008 -1.189699999e+002 -1.189699999e+002 -1.1976e+000 +3.8512e+000 -2.3969e+000
1927 0 +5.131255421e-008 -1.189699999e+002 -1.189699999e+002 -1.1977e+000 +3.8512e+000 -2.3968e+000
2011 0 +3.799520698e-008 -1.189700000e+002 -1.189700000e+002 -1.1976e+000 +3.8512e+000 -2.3968e+000
2018 0 +2.567102797e-008 -1.189700000e+002 -1.189700000e+002 -1.1976e+000 +3.8512e+000 -2.3968e+000
2024 0 +2.082084904e-008 -1.189700000e+002 -1.189700000e+002 -1.1976e+000 +3.8512e+000 -2.3968e+000
2078 0 +1.767756430e-008 -1.189700000e+002 -1.189700000e+002 -1.1976e+000 +3.8512e+000 -2.3968e+000
2091 0 +7.680625913e-009 -1.189700000e+002 -1.189700000e+002 -1.1976e+000 +3.8512e+000 -2.3968e+000
