% f evaluations | g evaluations | best noise-free fitness - Fopt (-5.235000000000e+001) + sum g_i+ | measured fitness | best measured fitness or single-digit g-values | x1 | x2...
1 0 +1.590920346e+001 -3.644079654e+001 -3.644079654e+001 +3.9167e+000 +2.5999e+000
2 0 +8.409214751e-001 -5.150907852e+001 -5.150907852e+001 +6.6243e-002 -1.5480e+000
26 0 +5.877878047e-001 -5.176221220e+001 -5.176221220e+001 -1.9325e-001 -1.5313e+000
27 0 +5.262092253e-001 -5.182379077e+001 -5.182379077e+001 -4.1370e-001 -9.2418e-001
32 0 +4.903002134e-001 -5.185969979e+001 -5.185969979e+001 -6.0387e-001 -1.9867e+000
43 0 +4.340487352e-001 -5.191595126e+001 -5.191595126e+001 -3.9465e-001 -1.3476e+000
47 0 +2.375894359e-001 -5.211241056e+001 -5.211241056e+001 -6.4506e-001 -1.1739e+000
55 0 +6.195183425e-002 -5.228804817e+001 -5.228804817e+001 -8.2961e-001 -1.1643e+000
57 0 +4.609799475e-003 -5.234539020e+001 -5.234539020e+001 -8.8399e-001 -1.2181e+000
84 0 +3.122106506e-003 -5.234687789e+001 -5.234687789e+001 -9.0942e-001 -1.1044e+000
110 0 +6.334818090e-004 -5.234936652e+001 -5.234936652e+001 -8.7870e-001 -1.2176e+000
132 0 +4.762339564e-004 -5.234952377e+001 -5.234952377e+001 -8.8608e-001 -1.1945e+000
146 0 +1.953059734e-004 -5.234980469e+001 -5.234980469e+001 -8.8668e-001 -1.1903e+000
149 0 +1.443155951e-004 -5.234985568e+001 -5.234985568e+001 -8.8569e-001 -1.1943e+000
191 0 +1.328628432e-004 -5.234986714e+001 -5.234986714e+001 -8.8533e-001 -1.1955e+000
218 0 +1.278519638e-004 -5.234987215e+001 -5.234987215e+001 -8.8512e-001 -1.1964e+000
232 0 +1.242759020e-004 -5.234987572e+001 -5.234987572e+001 -8.8478e-001 -1.1978e+000
244 0 +1.196336521e-004 -5.234988037e+001 -5.234988037e+001 -8.8471e-001 -1.1980e+000
252 0 +1.157741049e-004 -5.234988423e+001 -5.234988423e+001 -8.8471e-001 -1.1978e+000
260 0 +1.130609987e-004 -5.234988694e+001 -5.234988694e+001 -8.8462e-001 -1.1983e+000
262 0 +1.097449167e-004 -5.234989026e+001 -5.234989026e+001 -8.8450e-001 -1.1987e+000
272 0 +1.067886282e-004 -5.234989321e+001 -5.234989321e+001 -8.8440e-001 -1.1990e+000
276 0 +1.026687763e-004 -5.234989733e+001 -5.234989733e+001 -8.8414e-001 -1.1999e+000
284 0 +1.011964100e-004 -5.234989880e+001 -5.234989880e+001 -8.8415e-001 -1.1999e+000
292 0 +9.886669735e-005 -5.234990113e+001 -5.234990113e+001 -8.8402e-001 -1.2003e+000
303 0 +9.605997429e-005 -5.234990394e+001 -5.234990394e+001 -8.8396e-001 -1.2007e+000
316 0 +9.194601525e-005 -5.234990805e+001 -5.234990805e+001 -8.8375e-001 -1.2015e+000
327 0 +8.480268191e-005 -5.234991520e+001 -5.234991520e+001 -8.8326e-001 -1.2033e+000
337 0 +7.784868939e-005 -5.234992215e+001 -5.234992215e+001 -8.8291e-001 -1.2046e+000
342 0 +6.571281242e-005 -5.234993429e+001 -5.234993429e+001 -8.8232e-001 -1.2068e+000
347 0 +4.995497547e-005 -5.234995005e+001 -5.234995005e+001 -8.8113e-001 -1.2112e+000
350 0 +4.333583915e-005 -5.234995666e+001 -5.234995666e+001 -8.8075e-001 -1.2126e+000
354 0 +3.861909980e-005 -5.234996138e+001 -5.234996138e+001 -8.8029e-001 -1.2143e+000
362 0 +2.654031809e-005 -5.234997346e+001 -5.234997346e+001 -8.7913e-001 -1.2185e+000
369 0 +2.317198735e-005 -5.234997683e+001 -5.234997683e+001 -8.7895e-001 -1.2192e+000
370 0 +1.644167623e-005 -5.234998356e+001 -5.234998356e+001 -8.7811e-001 -1.2223e+000
371 0 +1.222046325e-005 -5.234998778e+001 -5.234998778e+001 -8.7730e-001 -1.2253e+000
380 0 +1.019019434e-005 -5.234998981e+001 -5.234998981e+001 -8.7702e-001 -1.2263e+000
389 0 +2.618696655e-006 -5.234999738e+001 -5.234999738e+001 -8.7508e-001 -1.2334e+000
391 0 +2.264151853e-006 -5.234999774e+001 -5.234999774e+001 -8.7526e-001 -1.2327e+000
394 0 +2.226476170e-006 -5.234999777e+001 -5.234999777e+001 -8.7536e-001 -1.2324e+000
432 0 +2.153170200e-006 -5.234999785e+001 -5.234999785e+001 -8.7530e-001 -1.2326e+000
440 0 +2.134165108e-006 -5.234999787e+001 -5.234999787e+001 -8.7533e-001 -1.2325e+000
450 0 +2.042732532e-006 -5.234999796e+001 -5.234999796e+001 -8.7514e-001 -1.2332e+000
451 0 +2.018517463e-006 -5.234999798e+001 -5.234999798e+001 -8.7521e-001 -1.2329e+000
467 0 +1.962551224e-006 -5.234999804e+001 -5.234999804e+001 -8.7516e-001 -1.2331e+000
473 0 +1.911954655e-006 -5.234999809e+001 -5.234999809e+001 -8.7507e-001 -1.2334e+000
474 0 +1.844361321e-006 -5.234999816e+001 -5.234999816e+001 -8.7514e-001 -1.2332e+000
480 0 +1.752525826e-006 -5.234999825e+001 -5.234999825e+001 -8.7512e-001 -1.2333e+000
486 0 +1.707663046e-006 -5.234999829e+001 -5.234999829e+001 -8.7497e-001 -1.2338e+000
488 0 +1.618815006e-006 -5.234999838e+001 -5.234999838e+001 -8.7502e-001 -1.2336e+000
507 0 +1.576364141e-006 -5.234999842e+001 -5.234999842e+001 -8.7499e-001 -1.2337e+000
511 0 +1.517276097e-006 -5.234999848e+001 -5.234999848e+001 -8.7496e-001 -1.2339e+000
516 0 +1.464557862e-006 -5.234999854e+001 -5.234999854e+001 -8.7495e-001 -1.2339e+000
519 0 +1.433209299e-006 -5.234999857e+001 -5.234999857e+001 -8.7492e-001 -1.2340e+000
520 0 +1.389828363e-006 -5.234999861e+001 -5.234999861e+001 -8.7491e-001 -1.2341e+000
522 0 +1.376556938e-006 -5.234999862e+001 -5.234999862e+001 -8.7491e-001 -1.2341e+000
524 0 +1.347715980e-006 -5.234999865e+001 -5.234999865e+001 -8.7489e-001 -1.2341e+000
530 0 +1.311613332e-006 -5.234999869e+001 -5.234999869e+001 -8.7486e-001 -1.2342e+000
548 0 +1.286644832e-006 -5.234999871e+001 -5.234999871e+001 -8.7483e-001 -1.2343e+000
636 0 +1.258808460e-006 -5.234999874e+001 -5.234999874e+001 -8.7478e-001 -1.2345e+000
676 0 +1.188349735e-006 -5.234999881e+001 -5.234999881e+001 -8.7477e-001 -1.2346e+000
685 0 +1.171119557e-006 -5.234999883e+001 -5.234999883e+001 -8.7475e-001 -1.2346e+000
736 0 +1.140598613e-006 -5.234999886e+001 -5.234999886e+001 -8.7473e-001 -1.2347e+000
742 0 +1.121771056e-006 -5.234999888e+001 -5.234999888e+001 -8.7469e-001 -1.2349e+000
767 0 +1.089455267e-006 -5.234999891e+001 -5.234999891e+001 -8.7465e-001 -1.2350e+000
770 0 +1.066121598e-006 -5.234999893e+001 -5.234999893e+001 -8.7463e-001 -1.2351e+000
784 0 +1.032094652e-006 -5.234999897e+001 -5.234999897e+001 -8.7460e-001 -1.2352e+000
788 0 +9.808961678e-007 -5.234999902e+001 -5.234999902e+001 -8.7454e-001 -1.2354e+000
796 0 +9.499019455e-007 -5.234999905e+001 -5.234999905e+001 -8.7451e-001 -1.2355e+000
797 0 +9.308441165e-007 -5.234999907e+001 -5.234999907e+001 -8.7448e-001 -1.2356e+000
804 0 +8.954423123e-007 -5.234999910e+001 -5.234999910e+001 -8.7443e-001 -1.2358e+000
807 0 +8.593235137e-007 -5.234999914e+001 -5.234999914e+001 -8.7438e-001 -1.2360e+000
814 0 +8.363068744e-007 -5.234999916e+001 -5.234999916e+001 -8.7433e-001 -1.2362e+000
815 0 +8.301471510e-007 -5.234999917e+001 -5.234999917e+001 -8.7431e-001 -1.2363e+000
819 0 +7.908854229e-007 -5.234999921e+001 -5.234999921e+001 -8.7423e-001 -1.2366e+000
822 0 +7.744817196e-007 -5.234999923e+001 -5.234999923e+001 -8.7415e-001 -1.2369e+000
841 0 +7.578394516e-007 -5.234999924e+001 -5.234999924e+001 -8.7398e-001 -1.2375e+000
865 0 +7.375496622e-007 -5.234999926e+001 -5.234999926e+001 -8.7395e-001 -1.2376e+000
892 0 +7.241531321e-007 -5.234999928e+001 -5.234999928e+001 -8.7378e-001 -1.2382e+000
897 0 +7.043660659e-007 -5.234999930e+001 -5.234999930e+001 -8.7384e-001 -1.2380e+000
912 0 +6.872737615e-007 -5.234999931e+001 -5.234999931e+001 -8.7401e-001 -1.2374e+000
925 0 +6.756048023e-007 -5.234999932e+001 -5.234999932e+001 -8.7390e-001 -1.2378e+000
951 0 +6.590718584e-007 -5.234999934e+001 -5.234999934e+001 -8.7391e-001 -1.2377e+000
967 0 +6.449376926e-007 -5.234999936e+001 -5.234999936e+001 -8.7395e-001 -1.2376e+000
1008 0 +6.298171442e-007 -5.234999937e+001 -5.234999937e+001 -8.7385e-001 -1.2380e+000
1027 0 +6.089681861e-007 -5.234999939e+001 -5.234999939e+001 -8.7388e-001 -1.2379e+000
1036 0 +6.006852615e-007 -5.234999940e+001 -5.234999940e+001 -8.7378e-001 -1.2382e+000
1046 0 +5.836888022e-007 -5.234999942e+001 -5.234999942e+001 -8.7382e-001 -1.2381e+000
1053 0 +5.698944605e-007 -5.234999943e+001 -5.234999943e+001 -8.7381e-001 -1.2381e+000
1057 0 +5.514995181e-007 -5.234999945e+001 -5.234999945e+001 -8.7382e-001 -1.2381e+000
1060 0 +5.441822850e-007 -5.234999946e+001 -5.234999946e+001 -8.7374e-001 -1.2384e+000
1063 0 +5.209474310e-007 -5.234999948e+001 -5.234999948e+001 -8.7375e-001 -1.2383e+000
1065 0 +4.809501561e-007 -5.234999952e+001 -5.234999952e+001 -8.7377e-001 -1.2383e+000
1072 0 +4.763595030e-007 -5.234999952e+001 -5.234999952e+001 -8.7378e-001 -1.2382e+000
1075 0 +4.396353290e-007 -5.234999956e+001 -5.234999956e+001 -8.7377e-001 -1.2382e+000
1078 0 +4.066198898e-007 -5.234999959e+001 -5.234999959e+001 -8.7380e-001 -1.2382e+000
1083 0 +3.850635650e-007 -5.234999961e+001 -5.234999961e+001 -8.7381e-001 -1.2381e+000
1086 0 +3.726007023e-007 -5.234999963e+001 -5.234999963e+001 -8.7385e-001 -1.2380e+000
1088 0 +3.678902871e-007 -5.234999963e+001 -5.234999963e+001 -8.7386e-001 -1.2379e+000
1094 0 +3.584481476e-007 -5.234999964e+001 -5.234999964e+001 -8.7385e-001 -1.2380e+000
1100 0 +3.506778512e-007 -5.234999965e+001 -5.234999965e+001 -8.7384e-001 -1.2380e+000
1107 0 +3.429397495e-007 -5.234999966e+001 -5.234999966e+001 -8.7383e-001 -1.2381e+000
1109 0 +3.377683129e-007 -5.234999966e+001 -5.234999966e+001 -8.7382e-001 -1.2381e+000
1122 0 +3.282990519e-007 -5.234999967e+001 -5.234999967e+001 -8.7379e-001 -1.2382e+000
1125 0 +3.212772413e-007 -5.234999968e+001 -5.234999968e+001 -8.7379e-001 -1.2382e+000
1132 0 +3.068343517e-007 -5.234999969e+001 -5.234999969e+001 -8.7376e-001 -1.2383e+000
1136 0 +3.001073523e-007 -5.234999970e+001 -5.234999970e+001 -8.7375e-001 -1.2383e+000
1146 0 +2.933937822e-007 -5.234999971e+001 -5.234999971e+001 -8.7372e-001 -1.2384e+000
1151 0 +2.684775708e-007 -5.234999973e+001 -5.234999973e+001 -8.7369e-001 -1.2386e+000
1153 0 +2.544607227e-007 -5.234999975e+001 -5.234999975e+001 -8.7365e-001 -1.2387e+000
1154 0 +2.390036045e-007 -5.234999976e+001 -5.234999976e+001 -8.7359e-001 -1.2389e+000
1174 0 +2.265212373e-007 -5.234999977e+001 -5.234999977e+001 -8.7359e-001 -1.2389e+000
1175 0 +2.110564097e-007 -5.234999979e+001 -5.234999979e+001 -8.7355e-001 -1.2391e+000
1178 0 +2.061948976e-007 -5.234999979e+001 -5.234999979e+001 -8.7354e-001 -1.2391e+000
1186 0 +1.990087739e-007 -5.234999980e+001 -5.234999980e+001 -8.7351e-001 -1.2392e+000
1210 0 +1.915034673e-007 -5.234999981e+001 -5.234999981e+001 -8.7351e-001 -1.2392e+000
1218 0 +1.860362602e-007 -5.234999981e+001 -5.234999981e+001 -8.7349e-001 -1.2393e+000
1232 0 +1.747527278e-007 -5.234999983e+001 -5.234999983e+001 -8.7345e-001 -1.2394e+000
1255 0 +1.685748146e-007 -5.234999983e+001 -5.234999983e+001 -8.7344e-001 -1.2395e+000
1276 0 +1.638619196e-007 -5.234999984e+001 -5.234999984e+001 -8.7341e-001 -1.2396e+000
1277 0 +1.610181215e-007 -5.234999984e+001 -5.234999984e+001 -8.7342e-001 -1.2396e+000
1290 0 +1.506303207e-007 -5.234999985e+001 -5.234999985e+001 -8.7339e-001 -1.2397e+000
1291 0 +1.447528746e-007 -5.234999986e+001 -5.234999986e+001 -8.7337e-001 -1.2397e+000
1292 0 +1.305670381e-007 -5.234999987e+001 -5.234999987e+001 -8.7332e-001 -1.2399e+000
1297 0 +1.117071591e-007 -5.234999989e+001 -5.234999989e+001 -8.7325e-001 -1.2402e+000
1298 0 +9.730534600e-008 -5.234999990e+001 -5.234999990e+001 -8.7320e-001 -1.2404e+000
1319 0 +8.432574816e-008 -5.234999992e+001 -5.234999992e+001 -8.7312e-001 -1.2407e+000
1323 0 +8.302689736e-008 -5.234999992e+001 -5.234999992e+001 -8.7314e-001 -1.2406e+000
1324 0 +7.283654213e-008 -5.234999993e+001 -5.234999993e+001 -8.7304e-001 -1.2410e+000
1330 0 +6.393238294e-008 -5.234999994e+001 -5.234999994e+001 -8.7299e-001 -1.2411e+000
1332 0 +6.051614321e-008 -5.234999994e+001 -5.234999994e+001 -8.7296e-001 -1.2413e+000
1342 0 +4.005337217e-008 -5.234999996e+001 -5.234999996e+001 -8.7288e-001 -1.2416e+000
1364 0 +3.889972788e-008 -5.234999996e+001 -5.234999996e+001 -8.7285e-001 -1.2416e+000
1365 0 +3.406277926e-008 -5.234999997e+001 -5.234999997e+001 -8.7280e-001 -1.2419e+000
1369 0 +2.846657310e-008 -5.234999997e+001 -5.234999997e+001 -8.7278e-001 -1.2419e+000
1371 0 +1.902642310e-008 -5.234999998e+001 -5.234999998e+001 -8.7270e-001 -1.2422e+000
1381 0 +9.927603628e-009 -5.234999999e+001 -5.234999999e+001 -8.7252e-001 -1.2429e+000
% f evaluations | g evaluations | best noise-free fitness - Fopt (-1.795400000000e+002) + sum g_i+ | measured fitness | best measured fitness or single-digit g-values | x1 | x2...
1 0 +4.544344768e+000 -1.749956552e+002 -1.749956552e+002 +3.1152e+000 +1.1265e+000
2 0 +4.328606194e+000 -1.752113938e+002 -1.752113938e+002 +4.9284e+000 -8.9581e-001
3 0 +3.532680048e+000 -1.760073200e+002 -1.760073200e+002 +2.7409e+000 -1.9316e+000
6 0 +6.357390392e-001 -1.789042610e+002 -1.789042610e+002 +8.8588e-001 -3.6917e-001
11 0 +5.162938417e-001 -1.790237062e+002 -1.790237062e+002 +1.4378e+000 +9.9487e-001
18 0 +6.295471034e-003 -1.795337045e+002 -1.795337045e+002 +7.1572e-001 +3.7340e-001
76 0 +2.782681920e-003 -1.795372173e+002 -1.795372173e+002 +7.3477e-001 +4.0426e-001
83 0 +2.175421812e-003 -1.795378246e+002 -1.795378246e+002 +7.6971e-001 +4.6269e-001
97 0 +8.241035532e-004 -1.795391759e+002 -1.795391759e+002 +7.5231e-001 +4.3471e-001
104 0 +2.335475915e-004 -1.795397665e+002 -1.795397665e+002 +7.6665e-001 +4.6125e-001
111 0 +1.452836724e-004 -1.795398547e+002 -1.795398547e+002 +7.8945e-001 +5.0527e-001
142 0 +1.647197973e-005 -1.795399835e+002 -1.795399835e+002 +7.8925e-001 +5.0523e-001
166 0 +1.214933116e-005 -1.795399879e+002 -1.795399879e+002 +7.9191e-001 +5.1037e-001
167 0 +8.865505151e-006 -1.795399911e+002 -1.795399911e+002 +7.9580e-001 +5.1783e-001
177 0 +6.905457525e-006 -1.795399931e+002 -1.795399931e+002 +7.9230e-001 +5.1107e-001
192 0 +3.249947355e-006 -1.795399968e+002 -1.795399968e+002 +7.8931e-001 +5.0531e-001
204 0 +1.379081084e-006 -1.795399986e+002 -1.795399986e+002 +7.9518e-001 +5.1665e-001
209 0 +1.115237751e-007 -1.795399999e+002 -1.795399999e+002 +7.9403e-001 +5.1444e-001
221 0 +8.259036122e-009 -1.795400000e+002 -1.795400000e+002 +7.9453e-001 +5.1540e-001
% f evaluations | g evaluations | best noise-free fitness - Fopt (7.731000000000e+001) + sum g_i+ | measured fitness | best measured fitness or single-digit g-values | x1 | x2...
1 0 +1.376073776e+001 +9.107073776e+001 +9.107073776e+001 +2.1523e+000 -3.0732e+000
5 0 +3.668016623e+000 +8.097801662e+001 +8.097801662e+001 -2.7873e+000 -7.7679e-001
6 0 +1.228101102e+000 +7.853810110e+001 +7.853810110e+001 -3.2637e-001 -1.2256e+000
16 0 +1.168736115e+000 +7.847873612e+001 +7.847873612e+001 -2.9061e-001 -9.0221e-001
27 0 +7.923869839e-001 +7.810238698e+001 +7.810238698e+001 +4.9121e-001 -1.4784e+000
39 0 +3.541094821e-001 +7.766410948e+001 +7.766410948e+001 +9.0194e-001 -1.3149e+000
51 0 +6.487183603e-002 +7.737487184e+001 +7.737487184e+001 +8.3631e-001 -9.7932e-001
56 0 +5.934644816e-002 +7.736934645e+001 +7.736934645e+001 +8.6860e-001 -9.9669e-001
64 0 +4.919321872e-002 +7.735919322e+001 +7.735919322e+001 +8.3513e-001 -8.2553e-001
67 0 +4.208106525e-002 +7.735208107e+001 +7.735208107e+001 +8.4239e-001 -8.2844e-001
86 0 +3.121494759e-002 +7.734121495e+001 +7.734121495e+001 +9.0130e-001 -8.9097e-001
96 0 +2.890056807e-003 +7.731289006e+001 +7.731289006e+001 +8.9341e-001 -5.8795e-001
104 0 +1.668543737e-003 +7.731166854e+001 +7.731166854e+001 +8.9798e-001 -5.8795e-001
145 0 +1.037824308e-003 +7.731103782e+001 +7.731103782e+001 +9.0050e-001 -5.2832e-001
150 0 +8.686935378e-004 +7.731086869e+001 +7.731086869e+001 +8.9979e-001 -5.3939e-001
151 0 +7.596749407e-004 +7.731075967e+001 +7.731075967e+001 +8.9846e-001 -5.3672e-001
154 0 +1.750490613e-004 +7.731017505e+001 +7.731017505e+001 +8.9739e-001 -5.6549e-001
168 0 +1.166008503e-004 +7.731011660e+001 +7.731011660e+001 +8.9695e-001 -5.7838e-001
172 0 +3.189075423e-005 +7.731003189e+001 +7.731003189e+001 +8.9597e-001 -5.9459e-001
186 0 +3.286035636e-006 +7.731000329e+001 +7.731000329e+001 +8.9593e-001 -5.9471e-001
221 0 +6.036564315e-007 +7.731000060e+001 +7.731000060e+001 +8.9566e-001 -5.9957e-001
223 0 +5.079748320e-007 +7.731000051e+001 +7.731000051e+001 +8.9548e-001 -6.0299e-001
232 0 +3.755724549e-007 +7.731000038e+001 +7.731000038e+001 +8.9548e-001 -6.0299e-001
234 0 +1.403104761e-007 +7.731000014e+001 +7.731000014e+001 +8.9502e-001 -6.1127e-001
248 0 +5.070985765e-008 +7.731000005e+001 +7.731000005e+001 +8.9517e-001 -6.0859e-001
252 0 +2.022466106e-008 +7.731000002e+001 +7.731000002e+001 +8.9510e-001 -6.0974e-001
272 0 +1.898088442e-008 +7.731000002e+001 +7.731000002e+001 +8.9506e-001 -6.1060e-001
275 0 +1.318312570e-008 +7.731000001e+001 +7.731000001e+001 +8.9510e-001 -6.0983e-001
291 0 +1.715633857e-009 +7.731000000e+001 +7.731000000e+001 +8.9514e-001 -6.0917e-001
% f evaluations | g evaluations | best noise-free fitness - Fopt (3.992000000000e+001) + sum g_i+ | measured fitness | best measured fitness or single-digit g-values | x1 | x2...
1 0 +8.131021830e+001 +1.212302183e+002 +1.212302183e+002 -1.9894e+000 +1.7695e+000
3 0 +2.627920377e+001 +6.619920377e+001 +6.619920377e+001 +9.7176e-001 +1.1828e+000
5 0 +3.048197163e+000 +4.296819716e+001 +4.296819716e+001 +1.0097e+000 -1.8722e+000
6 0 +1.064402549e+000 +4.098440255e+001 +4.098440255e+001 +5.0000e+000 -8.7093e-001
7 0 +9.474448349e-001 +4.086744483e+001 +4.086744483e+001 +3.0375e+000 -1.3231e+000
11 0 +7.567613056e-001 +4.067676131e+001 +4.067676131e+001 +3.1888e+000 -1.1558e+000
15 0 +4.081450912e-001 +4.032814509e+001 +4.032814509e+001 +3.9512e+000 -1.8061e+000
25 0 +1.688610272e-001 +4.008886103e+001 +4.008886103e+001 +4.0887e+000 -9.3692e-001
35 0 +1.589303699e-002 +3.993589304e+001 +3.993589304e+001 +3.9738e+000 -1.2117e+000
65 0 +1.363132046e-002 +3.993363132e+001 +3.993363132e+001 +3.9106e+000 -9.7730e-001
73 0 +4.959825847e-003 +3.992495983e+001 +3.992495983e+001 +3.9488e+000 -1.0824e+000
91 0 +4.428131186e-003 +3.992442813e+001 +3.992442813e+001 +3.9299e+000 -9.7984e-001
105 0 +7.915930595e-004 +3.992079159e+001 +3.992079159e+001 +3.9334e+000 -1.0057e+000
110 0 +7.658829656e-004 +3.992076588e+001 +3.992076588e+001 +3.9467e+000 -1.0593e+000
127 0 +7.309680926e-004 +3.992073097e+001 +3.992073097e+001 +3.9390e+000 -1.0312e+000
129 0 +5.980589190e-004 +3.992059806e+001 +3.992059806e+001 +3.9535e+000 -1.0831e+000
146 0 +4.426442277e-004 +3.992044264e+001 +3.992044264e+001 +3.9634e+000 -1.1180e+000
147 0 +3.477261418e-004 +3.992034773e+001 +3.992034773e+001 +3.9585e+000 -1.1001e+000
154 0 +8.400817663e-005 +3.992008401e+001 +3.992008401e+001 +3.9617e+000 -1.1104e+000
170 0 +5.891081116e-005 +3.992005891e+001 +3.992005891e+001 +3.9460e+000 -1.0540e+000
181 0 +1.094495124e-005 +3.992001094e+001 +3.992001094e+001 +3.9531e+000 -1.0793e+000
195 0 +9.254040023e-006 +3.992000925e+001 +3.992000925e+001 +3.9556e+000 -1.0883e+000
211 0 +8.269691556e-006 +3.992000827e+001 +3.992000827e+001 +3.9521e+000 -1.0757e+000
231 0 +5.572485662e-006 +3.992000557e+001 +3.992000557e+001 +3.9543e+000 -1.0838e+000
232 0 +2.760529668e-006 +3.992000276e+001 +3.992000276e+001 +3.9541e+000 -1.0828e+000
239 0 +2.298558961e-006 +3.992000230e+001 +3.992000230e+001 +3.9537e+000 -1.0814e+000
252 0 +7.959606165e-007 +3.992000080e+001 +3.992000080e+001 +3.9529e+000 -1.0785e+000
264 0 +3.549814096e-007 +3.992000035e+001 +3.992000035e+001 +3.9515e+000 -1.0736e+000
278 0 +1.347946892e-007 +3.992000013e+001 +3.992000013e+001 +3.9506e+000 -1.0703e+000
286 0 +2.397677434e-008 +3.992000002e+001 +3.992000002e+001 +3.9508e+000 -1.0709e+000
296 0 +2.157626255e-008 +3.992000002e+001 +3.992000002e+001 +3.9508e+000 -1.0711e+000
318 0 +6.981316858e-009 +3.992000001e+001 +3.992000001e+001 +3.9504e+000 -1.0698e+000
% f evaluations | g evaluations | best noise-free fitness - Fopt (-5.661000000000e+001) + sum g_i+ | measured fitness | best measured fitness or single-digit g-values | x1 | x2...
1 0 +1.073372407e+002 +5.072724068e+001 +5.072724068e+001 -2.6936e+000 +1.8358e+000
2 0 +2.911014496e+000 -5.369898550e+001 -5.369898550e+001 +3.2447e+000 +2.8207e-001
3 0 +1.566864875e+000 -5.504313513e+001 -5.504313513e+001 +8.1493e-001 +4.1614e+000
6 0 +6.124928781e-001 -5.599750712e+001 -5.599750712e+001 +2.4972e+000 +2.4575e+000
19 0 +1.717766781e-001 -5.643822332e+001 -5.643822332e+001 +1.7539e+000 +2.6783e+000
34 0 +7.802235491e-002 -5.653197765e+001 -5.653197765e+001 +2.2073e+000 +3.0825e+000
45 0 +4.680183714e-002 -5.656319816e+001 -5.656319816e+001 +2.0501e+000 +2.9048e+000
71 0 +6.336773342e-003 -5.660366323e+001 -5.660366323e+001 +2.1235e+000 +2.9796e+000
115 0 +9.317026045e-004 -5.660906830e+001 -5.660906830e+001 +1.9502e+000 +2.9225e+000
123 0 +3.484859223e-004 -5.660965151e+001 -5.660965151e+001 +1.9656e+000 +2.9269e+000
129 0 +1.937727445e-004 -5.660980623e+001 -5.660980623e+001 +1.9684e+000 +2.9277e+000
162 0 +1.169179223e-004 -5.660988308e+001 -5.660988308e+001 +1.9284e+000 +2.9146e+000
171 0 +2.925382098e-006 -5.660999707e+001 -5.660999707e+001 +1.9486e+000 +2.9210e+000
210 0 +1.927522000e-006 -5.660999807e+001 -5.660999807e+001 +1.9595e+000 +2.9246e+000
244 0 +5.886104972e-007 -5.660999941e+001 -5.660999941e+001 +1.9584e+000 +2.9242e+000
259 0 +4.853241506e-007 -5.660999951e+001 -5.660999951e+001 +1.9517e+000 +2.9220e+000
271 0 +4.529449029e-007 -5.660999955e+001 -5.660999955e+001 +1.9532e+000 +2.9225e+000
272 0 +3.248095197e-007 -5.660999968e+001 -5.660999968e+001 +1.9531e+000 +2.9225e+000
274 0 +2.653064897e-007 -5.660999973e+001 -5.660999973e+001 +1.9564e+000 +2.9236e+000
282 0 +8.243755900e-008 -5.660999992e+001 -5.660999992e+001 +1.9545e+000 +2.9229e+000
308 0 +4.487585414e-008 -5.660999996e+001 -5.660999996e+001 +1.9536e+000 +2.9226e+000
317 0 +4.245915619e-008 -5.660999996e+001 -5.660999996e+001 +1.9537e+000 +2.9227e+000
324 0 +3.844047569e-008 -5.660999996e+001 -5.660999996e+001 +1.9536e+000 +2.9226e+000
329 0 +3.241463986e-008 -5.660999997e+001 -5.660999997e+001 +1.9532e+000 +2.9225e+000
336 0 +1.987670828e-008 -5.660999998e+001 -5.660999998e+001 +1.9529e+000 +2.9224e+000
339 0 +1.792697191e-008 -5.660999998e+001 -5.660999998e+001 +1.9529e+000 +2.9224e+000
354 0 +1.728231069e-008 -5.660999998e+001 -5.660999998e+001 +1.9524e+000 +2.9223e+000
356 0 +1.245953740e-008 -5.660999999e+001 -5.660999999e+001 +1.9526e+000 +2.9223e+000
359 0 +9.791200739e-009 -5.660999999e+001 -5.660999999e+001 +1.9524e+000 +2.9223e+000
% f evaluations | g evaluations | best noise-free fitness - Fopt (3.270000000000e+001) + sum g_i+ | measured fitness | best measured fitness or single-digit g-values | x1 | x2...
1 0 +5.758066963e+000 +3.845806696e+001 +3.845806696e+001 +1.3117e+000 +3.0198e+000
2 0 +2.303057238e+000 +3.500305724e+001 +3.500305724e+001 -7.5354e-001 +3.1840e-001
13 0 +2.203883460e+000 +3.490388346e+001 +3.490388346e+001 -1.3717e+000 +5.0430e-001
19 0 +1.603205159e+000 +3.430320516e+001 +3.430320516e+001 -1.4280e+000 -1.3439e-001
23 0 +1.571532249e+000 +3.427153225e+001 +3.427153225e+001 -2.5146e+000 -1.3439e-001
24 0 +1.394636302e+000 +3.409463630e+001 +3.409463630e+001 -2.3453e+000 -1.2421e-001
27 0 +1.141583964e+000 +3.384158396e+001 +3.384158396e+001 -3.0013e+000 -1.1145e+000
33 0 +3.002372980e-001 +3.300023730e+001 +3.300023730e+001 -2.1446e+000 -1.2363e+000
45 0 +9.859854491e-002 +3.279859854e+001 +3.279859854e+001 -2.3000e+000 -1.3890e+000
50 0 +9.172673371e-002 +3.279172673e+001 +3.279172673e+001 -2.4692e+000 -1.3890e+000
52 0 +7.615129450e-002 +3.277615129e+001 +3.277615129e+001 -2.3426e+000 -1.3994e+000
58 0 +6.698270307e-002 +3.276698270e+001 +3.276698270e+001 -2.4446e+000 -1.4325e+000
65 0 +3.471202339e-002 +3.273471202e+001 +3.273471202e+001 -2.3234e+000 -1.4551e+000
71 0 +3.455685061e-002 +3.273455685e+001 +3.273455685e+001 -2.3693e+000 -1.4739e+000
72 0 +3.001603067e-002 +3.273001603e+001 +3.273001603e+001 -2.3341e+000 -1.5021e+000
73 0 +2.266002131e-002 +3.272266002e+001 +3.272266002e+001 -2.3317e+000 -1.4807e+000
76 0 +1.026599354e-002 +3.271026599e+001 +3.271026599e+001 -2.2713e+000 -1.5071e+000
108 0 +7.734372339e-003 +3.270773437e+001 +3.270773437e+001 -2.2521e+000 -1.5203e+000
118 0 +5.345744415e-003 +3.270534574e+001 +3.270534574e+001 -2.2335e+000 -1.5260e+000
134 0 +4.480756987e-003 +3.270448076e+001 +3.270448076e+001 -2.2248e+000 -1.5307e+000
136 0 +3.690773376e-003 +3.270369077e+001 +3.270369077e+001 -2.2143e+000 -1.5348e+000
143 0 +3.337898047e-003 +3.270333790e+001 +3.270333790e+001 -2.2021e+000 -1.5393e+000
145 0 +2.740676408e-003 +3.270274068e+001 +3.270274068e+001 -2.2009e+000 -1.5412e+000
153 0 +1.932109868e-003 +3.270193211e+001 +3.270193211e+001 -2.1860e+000 -1.5484e+000
162 0 +1.783104499e-003 +3.270178310e+001 +3.270178310e+001 -2.1745e+000 -1.5532e+000
167 0 +1.278038413e-003 +3.270127804e+001 +3.270127804e+001 -2.1727e+000 -1.5550e+000
179 0 +1.248237005e-003 +3.270124824e+001 +3.270124824e+001 -2.1732e+000 -1.5552e+000
194 0 +1.118888986e-003 +3.270111889e+001 +3.270111889e+001 -2.1691e+000 -1.5569e+000
206 0 +1.083370072e-003 +3.270108337e+001 +3.270108337e+001 -2.1656e+000 -1.5583e+000
209 0 +9.865365278e-004 +3.270098654e+001 +3.270098654e+001 -2.1640e+000 -1.5592e+000
214 0 +9.520949438e-004 +3.270095209e+001 +3.270095209e+001 -2.1614e+000 -1.5603e+000
217 0 +9.174658704e-004 +3.270091747e+001 +3.270091747e+001 -2.1594e+000 -1.5613e+000
221 0 +9.118479726e-004 +3.270091185e+001 +3.270091185e+001 -2.1566e+000 -1.5624e+000
223 0 +8.888719720e-004 +3.270088887e+001 +3.270088887e+001 -2.1575e+000 -1.5621e+000
231 0 +8.550917053e-004 +3.270085509e+001 +3.270085509e+001 -2.1558e+000 -1.5629e+000
232 0 +8.472474165e-004 +3.270084725e+001 +3.270084725e+001 -2.1517e+000 -1.5648e+000
233 0 +8.068119145e-004 +3.270080681e+001 +3.270080681e+001 -2.1525e+000 -1.5645e+000
240 0 +7.871986981e-004 +3.270078720e+001 +3.270078720e+001 -2.1518e+000 -1.5648e+000
241 0 +7.582258460e-004 +3.270075823e+001 +3.270075823e+001 -2.1521e+000 -1.5647e+000
249 0 +6.751691635e-004 +3.270067517e+001 +3.270067517e+001 -2.1501e+000 -1.5658e+000
253 0 +6.323991649e-004 +3.270063240e+001 +3.270063240e+001 -2.1447e+000 -1.5683e+000
254 0 +6.003708832e-004 +3.270060037e+001 +3.270060037e+001 -2.1401e+000 -1.5704e+000
257 0 +5.753568338e-004 +3.270057536e+001 +3.270057536e+001 -2.1439e+000 -1.5687e+000
261 0 +5.372303561e-004 +3.270053723e+001 +3.270053723e+001 -2.1389e+000 -1.5711e+000
265 0 +5.358186571e-004 +3.270053582e+001 +3.270053582e+001 -2.1387e+000 -1.5712e+000
268 0 +5.111068503e-004 +3.270051111e+001 +3.270051111e+001 -2.1422e+000 -1.5696e+000
270 0 +4.339042250e-004 +3.270043390e+001 +3.270043390e+001 -2.1346e+000 -1.5732e+000
283 0 +4.032404550e-004 +3.270040324e+001 +3.270040324e+001 -2.1382e+000 -1.5716e+000
290 0 +2.536300316e-004 +3.270025363e+001 +3.270025363e+001 -2.1331e+000 -1.5743e+000
293 0 +2.485334906e-004 +3.270024853e+001 +3.270024853e+001 -2.1326e+000 -1.5745e+000
308 0 +2.303665989e-004 +3.270023037e+001 +3.270023037e+001 -2.1305e+000 -1.5757e+000
309 0 +2.121288871e-004 +3.270021213e+001 +3.270021213e+001 -2.1268e+000 -1.5772e+000
314 0 +1.515332707e-004 +3.270015153e+001 +3.270015153e+001 -2.1241e+000 -1.5786e+000
330 0 +1.217340655e-004 +3.270012173e+001 +3.270012173e+001 -2.1182e+000 -1.5814e+000
337 0 +7.118576605e-005 +3.270007119e+001 +3.270007119e+001 -2.1133e+000 -1.5838e+000
346 0 +5.943805991e-005 +3.270005944e+001 +3.270005944e+001 -2.1104e+000 -1.5852e+000
348 0 +5.007765021e-005 +3.270005008e+001 +3.270005008e+001 -2.1063e+000 -1.5871e+000
350 0 +3.824841862e-005 +3.270003825e+001 +3.270003825e+001 -2.1033e+000 -1.5886e+000
356 0 +2.967871095e-005 +3.270002968e+001 +3.270002968e+001 -2.1003e+000 -1.5899e+000
359 0 +2.065268998e-005 +3.270002065e+001 +3.270002065e+001 -2.1003e+000 -1.5900e+000
362 0 +2.040071842e-005 +3.270002040e+001 +3.270002040e+001 -2.1003e+000 -1.5900e+000
398 0 +1.553035311e-005 +3.270001553e+001 +3.270001553e+001 -2.0983e+000 -1.5910e+000
405 0 +1.522527415e-005 +3.270001523e+001 +3.270001523e+001 -2.0979e+000 -1.5912e+000
406 0 +1.393693281e-005 +3.270001394e+001 +3.270001394e+001 -2.0976e+000 -1.5913e+000
412 0 +1.352824827e-005 +3.270001353e+001 +3.270001353e+001 -2.0975e+000 -1.5913e+000
413 0 +1.320613303e-005 +3.270001321e+001 +3.270001321e+001 -2.0973e+000 -1.5914e+000
414 0 +1.265908667e-005 +3.270001266e+001 +3.270001266e+001 -2.0969e+000 -1.5916e+000
420 0 +1.197970909e-005 +3.270001198e+001 +3.270001198e+001 -2.0964e+000 -1.5919e+000
428 0 +1.160865816e-005 +3.270001161e+001 +3.270001161e+001 -2.0958e+000 -1.5921e+000
433 0 +1.144167909e-005 +3.270001144e+001 +3.270001144e+001 -2.0959e+000 -1.5921e+000
436 0 +1.115194972e-005 +3.270001115e+001 +3.270001115e+001 -2.0954e+000 -1.5923e+000
447 0 +1.045456249e-005 +3.270001045e+001 +3.270001045e+001 -2.0947e+000 -1.5926e+000
455 0 +9.752908909e-006 +3.270000975e+001 +3.270000975e+001 -2.0946e+000 -1.5927e+000
465 0 +9.278222535e-006 +3.270000928e+001 +3.270000928e+001 -2.0948e+000 -1.5926e+000
468 0 +8.851162391e-006 +3.270000885e+001 +3.270000885e+001 -2.0946e+000 -1.5927e+000
476 0 +7.123640636e-006 +3.270000712e+001 +3.270000712e+001 -2.0934e+000 -1.5933e+000
478 0 +6.423678300e-006 +3.270000642e+001 +3.270000642e+001 -2.0927e+000 -1.5936e+000
496 0 +4.691508344e-006 +3.270000469e+001 +3.270000469e+001 -2.0910e+000 -1.5944e+000
509 0 +3.051186205e-006 +3.270000305e+001 +3.270000305e+001 -2.0889e+000 -1.5955e+000
512 0 +2.888145616e-006 +3.270000289e+001 +3.270000289e+001 -2.0877e+000 -1.5960e+000
517 0 +2.842014972e-006 +3.270000284e+001 +3.270000284e+001 -2.0873e+000 -1.5962e+000
523 0 +1.896068895e-006 +3.270000190e+001 +3.270000190e+001 -2.0849e+000 -1.5973e+000
524 0 +8.613851321e-007 +3.270000086e+001 +3.270000086e+001 -2.0825e+000 -1.5985e+000
527 0 +6.750319983e-007 +3.270000068e+001 +3.270000068e+001 -2.0806e+000 -1.5994e+000
533 0 +6.880029702e-008 +3.270000007e+001 +3.270000007e+001 -2.0774e+000 -1.6010e+000
570 0 +5.354789323e-008 +3.270000005e+001 +3.270000005e+001 -2.0773e+000 -1.6010e+000
571 0 +3.196249310e-008 +3.270000003e+001 +3.270000003e+001 -2.0774e+000 -1.6009e+000
574 0 +1.765619118e-008 +3.270000002e+001 +3.270000002e+001 -2.0773e+000 -1.6010e+000
575 0 +4.144858679e-009 +3.270000000e+001 +3.270000000e+001 -2.0774e+000 -1.6009e+000
% f evaluations | g evaluations | best noise-free fitness - Fopt (-3.943000000000e+001) + sum g_i+ | measured fitness | best measured fitness or single-digit g-values | x1 | x2...
1 0 +1.558602482e+000 -3.787139752e+001 -3.787139752e+001 +2.6950e+000 +2.5230e+000
12 0 +1.383291216e-001 -3.929167088e+001 -3.929167088e+001 +3.7656e+000 +3.5168e+000
38 0 +1.012731651e-002 -3.941987268e+001 -3.941987268e+001 +3.7480e+000 +3.3879e+000
113 0 +9.155564159e-003 -3.942084444e+001 -3.942084444e+001 +3.6904e+000 +3.3850e+000
116 0 +2.311389078e-003 -3.942768861e+001 -3.942768861e+001 +3.8822e+000 +3.3840e+000
142 0 +3.197473651e-004 -3.942968025e+001 -3.942968025e+001 +3.8332e+000 +3.3807e+000
154 0 +6.725539725e-005 -3.942993274e+001 -3.942993274e+001 +3.7744e+000 +3.3788e+000
173 0 +4.334591496e-005 -3.942995665e+001 -3.942995665e+001 +3.7996e+000 +3.3796e+000
215 0 +2.571968577e-005 -3.942997428e+001 -3.942997428e+001 +3.7534e+000 +3.3780e+000
216 0 +6.163534913e-006 -3.942999384e+001 -3.942999384e+001 +3.7582e+000 +3.3782e+000
227 0 +3.734796316e-006 -3.942999627e+001 -3.942999627e+001 +3.7740e+000 +3.3787e+000
235 0 +2.369858862e-006 -3.942999763e+001 -3.942999763e+001 +3.7698e+000 +3.3785e+000
258 0 +1.672084245e-006 -3.942999833e+001 -3.942999833e+001 +3.7738e+000 +3.3787e+000
265 0 +4.103859439e-007 -3.942999959e+001 -3.942999959e+001 +3.7730e+000 +3.3786e+000
284 0 +3.013563514e-007 -3.942999970e+001 -3.942999970e+001 +3.7711e+000 +3.3786e+000
302 0 +1.587261593e-007 -3.942999984e+001 -3.942999984e+001 +3.7710e+000 +3.3786e+000
307 0 +1.238369904e-007 -3.942999988e+001 -3.942999988e+001 +3.7703e+000 +3.3786e+000
315 0 +1.068388826e-007 -3.942999989e+001 -3.942999989e+001 +3.7703e+000 +3.3786e+000
337 0 +4.815002086e-008 -3.942999995e+001 -3.942999995e+001 +3.7692e+000 +3.3785e+000
390 0 +4.244028418e-008 -3.942999996e+001 -3.942999996e+001 +3.7691e+000 +3.3785e+000
393 0 +3.311519237e-008 -3.942999997e+001 -3.942999997e+001 +3.7688e+000 +3.3785e+000
398 0 +3.041373020e-008 -3.942999997e+001 -3.942999997e+001 +3.7684e+000 +3.3785e+000
406 0 +2.981982306e-008 -3.942999997e+001 -3.942999997e+001 +3.7687e+000 +3.3785e+000
414 0 +2.548629396e-008 -3.942999997e+001 -3.942999997e+001 +3.7685e+000 +3.3785e+000
440 0 +2.404528487e-008 -3.942999998e+001 -3.942999998e+001 +3.7682e+000 +3.3785e+000
443 0 +1.408228911e-008 -3.942999999e+001 -3.942999999e+001 +3.7680e+000 +3.3785e+000
464 0 +1.145890138e-008 -3.942999999e+001 -3.942999999e+001 +3.7677e+000 +3.3785e+000
470 0 +1.034297270e-008 -3.942999999e+001 -3.942999999e+001 +3.7677e+000 +3.3785e+000
473 0 +8.233357107e-009 -3.942999999e+001 -3.942999999e+001 +3.7676e+000 +3.3785e+000
% f evaluations | g evaluations | best noise-free fitness - Fopt (4.197200000000e+002) + sum g_i+ | measured fitness | best measured fitness or single-digit g-values | x1 | x2...
1 0 +7.643321994e+000 +4.273633220e+002 +4.273633220e+002 +4.1630e+000 +4.3137e-001
2 0 +1.610241409e+000 +4.213302414e+002 +4.213302414e+002 +4.0336e-001 +2.2879e+000
5 0 +8.405721141e-001 +4.205605721e+002 +4.205605721e+002 -6.0391e-001 +1.8848e+000
15 0 +8.082883232e-001 +4.205282883e+002 +4.205282883e+002 -3.6444e-001 +2.6433e+000
20 0 +2.261557910e-001 +4.199461558e+002 +4.199461558e+002 -1.0900e+000 +2.1837e+000
31 0 +1.413478466e-001 +4.198613478e+002 +4.198613478e+002 -1.0430e+000 +2.5739e+000
43 0 +1.956712658e-002 +4.197395671e+002 +4.197395671e+002 -1.1841e+000 +2.7633e+000
58 0 +1.501328960e-002 +4.197350133e+002 +4.197350133e+002 -1.1716e+000 +2.8361e+000
65 0 +1.341813265e-003 +4.197213418e+002 +4.197213418e+002 -1.1622e+000 +2.7716e+000
115 0 +2.861059372e-004 +4.197202861e+002 +4.197202861e+002 -1.1636e+000 +2.7736e+000
121 0 +7.682904311e-005 +4.197200768e+002 +4.197200768e+002 -1.1692e+000 +2.7189e+000
127 0 +5.636359464e-005 +4.197200564e+002 +4.197200564e+002 -1.1667e+000 +2.7423e+000
142 0 +5.506070477e-005 +4.197200551e+002 +4.197200551e+002 -1.1686e+000 +2.7251e+000
153 0 +5.178591192e-005 +4.197200518e+002 +4.197200518e+002 -1.1677e+000 +2.7329e+000
160 0 +4.757616364e-005 +4.197200476e+002 +4.197200476e+002 -1.1657e+000 +2.7520e+000
163 0 +2.424584767e-005 +4.197200242e+002 +4.197200242e+002 -1.1675e+000 +2.7353e+000
166 0 +1.139759109e-005 +4.197200114e+002 +4.197200114e+002 -1.1672e+000 +2.7384e+000
198 0 +3.365151542e-006 +4.197200034e+002 +4.197200034e+002 -1.1658e+000 +2.7504e+000
226 0 +2.345570579e-006 +4.197200023e+002 +4.197200023e+002 -1.1658e+000 +2.7504e+000
233 0 +7.105534792e-007 +4.197200007e+002 +4.197200007e+002 -1.1655e+000 +2.7532e+000
235 0 +5.723114782e-007 +4.197200006e+002 +4.197200006e+002 -1.1657e+000 +2.7518e+000
250 0 +3.149661438e-007 +4.197200003e+002 +4.197200003e+002 -1.1655e+000 +2.7532e+000
252 0 +6.472782843e-008 +4.197200001e+002 +4.197200001e+002 -1.1652e+000 +2.7560e+000
286 0 +5.745204135e-008 +4.197200001e+002 +4.197200001e+002 -1.1652e+000 +2.7562e+000
306 0 +5.194146979e-008 +4.197200001e+002 +4.197200001e+002 -1.1652e+000 +2.7563e+000
309 0 +4.332684966e-008 +4.197200000e+002 +4.197200000e+002 -1.1652e+000 +2.7565e+000
318 0 +4.066748716e-008 +4.197200000e+002 +4.197200000e+002 -1.1652e+000 +2.7567e+000
328 0 +3.757691047e-008 +4.197200000e+002 +4.197200000e+002 -1.1651e+000 +2.7569e+000
330 0 +1.906386160e-008 +4.197200000e+002 +4.197200000e+002 -1.1651e+000 +2.7573e+000
333 0 +1.553485163e-008 +4.197200000e+002 +4.197200000e+002 -1.1650e+000 +2.7578e+000
337 0 +6.252150797e-009 +4.197200000e+002 +4.197200000e+002 -1.1650e+000 +2.7582e+000
% f evaluations | g evaluations | best noise-free fitness - Fopt (7.640000000000e+000) + sum g_i+ | measured fitness | best measured fitness or single-digit g-values | x1 | x2...
1 0 +2.637866420e+002 +2.714266420e+002 +2.714266420e+002 -4.2509e+000 -5.5084e-001
2 0 +4.146710127e+000 +1.178671013e+001 +1.178671013e+001 +1.3480e+000 -9.1517e-001
13 0 +3.664907014e+000 +1.130490701e+001 +1.130490701e+001 +2.6728e+000 -9.4842e-001
29 0 +3.577950866e+000 +1.121795087e+001 +1.121795087e+001 +2.5284e+000 -8.1024e-001
31 0 +3.331376658e+000 +1.097137666e+001 +1.097137666e+001 +2.9124e+000 -6.7447e-001
42 0 +2.706849365e+000 +1.034684936e+001 +1.034684936e+001 +2.9666e+000 -3.6494e-002
66 0 +2.649723009e+000 +1.028972301e+001 +1.028972301e+001 +2.8808e+000 +5.1272e-002
71 0 +2.277807959e+000 +9.917807959e+000 +9.917807959e+000 +3.2355e+000 +3.2881e-001
74 0 +1.949999170e+000 +9.589999170e+000 +9.589999170e+000 +3.6495e+000 +5.8651e-001
80 0 +1.920090412e+000 +9.560090412e+000 +9.560090412e+000 +2.8145e+000 +8.3985e-001
82 0 +1.034503096e+000 +8.674503096e+000 +8.674503096e+000 +3.9568e+000 +1.5035e+000
92 0 +8.098462627e-001 +8.449846263e+000 +8.449846263e+000 +3.5955e+000 +1.7547e+000
93 0 +4.193134622e-001 +8.059313462e+000 +8.059313462e+000 +3.9568e+000 +2.0963e+000
103 0 +3.863846860e-001 +8.026384686e+000 +8.026384686e+000 +3.7518e+000 +2.1514e+000
107 0 +1.752289508e-001 +7.815228951e+000 +7.815228951e+000 +4.0248e+000 +2.6057e+000
108 0 +9.147838419e-002 +7.731478384e+000 +7.731478384e+000 +3.5143e+000 +2.5353e+000
117 0 +2.344102165e-002 +7.663441022e+000 +7.663441022e+000 +3.4297e+000 +2.6835e+000
135 0 +4.495007708e-003 +7.644495008e+000 +7.644495008e+000 +3.3757e+000 +2.6736e+000
146 0 +2.237358003e-003 +7.642237358e+000 +7.642237358e+000 +3.4945e+000 +2.6402e+000
158 0 +3.622727289e-004 +7.640362273e+000 +7.640362273e+000 +3.5627e+000 +2.6154e+000
179 0 +6.865496309e-005 +7.640068655e+000 +7.640068655e+000 +3.5252e+000 +2.6280e+000
240 0 +1.988495536e-005 +7.640019885e+000 +7.640019885e+000 +3.5260e+000 +2.6276e+000
248 0 +6.718260027e-006 +7.640006718e+000 +7.640006718e+000 +3.5187e+000 +2.6300e+000
251 0 +3.345235417e-006 +7.640003345e+000 +7.640003345e+000 +3.5186e+000 +2.6300e+000
299 0 +1.414305268e-006 +7.640001414e+000 +7.640001414e+000 +3.5267e+000 +2.6274e+000
301 0 +9.472572762e-007 +7.640000947e+000 +7.640000947e+000 +3.5235e+000 +2.6284e+000
324 0 +8.069348594e-007 +7.640000807e+000 +7.640000807e+000 +3.5195e+000 +2.6297e+000
330 0 +4.239820939e-007 +7.640000424e+000 +7.640000424e+000 +3.5180e+000 +2.6302e+000
332 0 +3.080191213e-009 +7.640000003e+000 +7.640000003e+000 +3.5229e+000 +2.6286e+000
% f evaluations | g evaluations | best noise-free fitness - Fopt (-1.276800000000e+002) + sum g_i+ | measured fitness | best measured fitness or single-digit g-values | x1 | x2...
1 0 +9.029121674e+001 -3.738878326e+001 -3.738878326e+001 -3.1343e+000 +2.4882e+000
2 0 +7.678987959e+000 -1.200010120e+002 -1.200010120e+002 -7.2068e-001 -3.2785e+000
7 0 +2.774937176e+000 -1.249050628e+002 -1.249050628e+002 +1.2787e+000 +1.2015e+000
13 0 +1.677853752e+000 -1.260021462e+002 -1.260021462e+002 +8.2354e-001 +2.9219e+000
21 0 +7.648537295e-001 -1.269151463e+002 -1.269151463e+002 +3.1229e+000 +4.2226e+000
25 0 +5.849216944e-001 -1.270950783e+002 -1.270950783e+002 +2.7634e+000 +4.2226e+000
30 0 +4.625400300e-001 -1.272174600e+002 -1.272174600e+002 +1.6239e+000 +4.2348e+000
37 0 +3.810488242e-001 -1.272989512e+002 -1.272989512e+002 +2.6418e+000 +4.0526e+000
46 0 +1.118839801e-001 -1.275681160e+002 -1.275681160e+002 +2.3463e+000 +3.6418e+000
48 0 +3.515713698e-002 -1.276448429e+002 -1.276448429e+002 +1.9639e+000 +3.9281e+000
57 0 +2.724932034e-002 -1.276527507e+002 -1.276527507e+002 +2.4991e+000 +3.7242e+000
69 0 +9.255675261e-003 -1.276707443e+002 -1.276707443e+002 +2.1966e+000 +3.8149e+000
82 0 +5.921899033e-003 -1.276740781e+002 -1.276740781e+002 +2.2033e+000 +3.8157e+000
89 0 +2.139231208e-004 -1.276797861e+002 -1.276797861e+002 +2.2669e+000 +3.7960e+000
105 0 +2.068088539e-004 -1.276797932e+002 -1.276797932e+002 +2.2677e+000 +3.7956e+000
145 0 +1.374462940e-004 -1.276798626e+002 -1.276798626e+002 +2.2365e+000 +3.8085e+000
170 0 +1.257019474e-004 -1.276798743e+002 -1.276798743e+002 +2.2351e+000 +3.8090e+000
174 0 +9.499583106e-005 -1.276799050e+002 -1.276799050e+002 +2.2263e+000 +3.8126e+000
176 0 +3.579505878e-005 -1.276799642e+002 -1.276799642e+002 +2.2331e+000 +3.8098e+000
177 0 +2.721802775e-005 -1.276799728e+002 -1.276799728e+002 +2.2367e+000 +3.8083e+000
187 0 +1.895019373e-005 -1.276799810e+002 -1.276799810e+002 +2.2386e+000 +3.8075e+000
214 0 +1.780156676e-005 -1.276799822e+002 -1.276799822e+002 +2.2390e+000 +3.8073e+000
225 0 +1.728501961e-005 -1.276799827e+002 -1.276799827e+002 +2.2385e+000 +3.8075e+000
226 0 +1.541359960e-005 -1.276799846e+002 -1.276799846e+002 +2.2396e+000 +3.8070e+000
242 0 +1.501804319e-005 -1.276799850e+002 -1.276799850e+002 +2.2402e+000 +3.8068e+000
263 0 +1.447578954e-005 -1.276799855e+002 -1.276799855e+002 +2.2400e+000 +3.8069e+000
264 0 +1.423972951e-005 -1.276799858e+002 -1.276799858e+002 +2.2402e+000 +3.8068e+000
335 0 +1.409539465e-005 -1.276799859e+002 -1.276799859e+002 +2.2404e+000 +3.8067e+000
359 0 +1.380013306e-005 -1.276799862e+002 -1.276799862e+002 +2.2405e+000 +3.8067e+000
442 0 +1.347993546e-005 -1.276799865e+002 -1.276799865e+002 +2.2404e+000 +3.8067e+000
727 0 +1.304477748e-005 -1.276799870e+002 -1.276799870e+002 +2.2407e+000 +3.8066e+000
738 0 +1.285889716e-005 -1.276799871e+002 -1.276799871e+002 +2.2408e+000 +3.8065e+000
761 0 +1.251660895e-005 -1.276799875e+002 -1.276799875e+002 +2.2412e+000 +3.8064e+000
763 0 +1.230059428e-005 -1.276799877e+002 -1.276799877e+002 +2.2412e+000 +3.8064e+000
764 0 +1.197494439e-005 -1.276799880e+002 -1.276799880e+002 +2.2414e+000 +3.8063e+000
771 0 +1.142276444e-005 -1.276799886e+002 -1.276799886e+002 +2.2416e+000 +3.8062e+000
775 0 +1.108715448e-005 -1.276799889e+002 -1.276799889e+002 +2.2418e+000 +3.8061e+000
777 0 +1.076594089e-005 -1.276799892e+002 -1.276799892e+002 +2.2420e+000 +3.8060e+000
782 0 +1.047173376e-005 -1.276799895e+002 -1.276799895e+002 +2.2423e+000 +3.8059e+000
785 0 +9.846967828e-006 -1.276799902e+002 -1.276799902e+002 +2.2428e+000 +3.8057e+000
788 0 +9.352370270e-006 -1.276799906e+002 -1.276799906e+002 +2.2429e+000 +3.8057e+000
793 0 +9.185722973e-006 -1.276799908e+002 -1.276799908e+002 +2.2432e+000 +3.8055e+000
797 0 +8.759121457e-006 -1.276799912e+002 -1.276799912e+002 +2.2434e+000 +3.8055e+000
803 0 +8.545028720e-006 -1.276799915e+002 -1.276799915e+002 +2.2435e+000 +3.8054e+000
804 0 +8.019234869e-006 -1.276799920e+002 -1.276799920e+002 +2.2439e+000 +3.8053e+000
810 0 +7.913976617e-006 -1.276799921e+002 -1.276799921e+002 +2.2440e+000 +3.8052e+000
812 0 +7.458359761e-006 -1.276799925e+002 -1.276799925e+002 +2.2444e+000 +3.8051e+000
828 0 +7.372465561e-006 -1.276799926e+002 -1.276799926e+002 +2.2444e+000 +3.8050e+000
836 0 +7.129198224e-006 -1.276799929e+002 -1.276799929e+002 +2.2446e+000 +3.8050e+000
843 0 +6.786037829e-006 -1.276799932e+002 -1.276799932e+002 +2.2449e+000 +3.8048e+000
847 0 +6.744898613e-006 -1.276799933e+002 -1.276799933e+002 +2.2450e+000 +3.8048e+000
849 0 +6.522409919e-006 -1.276799935e+002 -1.276799935e+002 +2.2453e+000 +3.8047e+000
850 0 +6.244823723e-006 -1.276799938e+002 -1.276799938e+002 +2.2454e+000 +3.8046e+000
852 0 +6.013022741e-006 -1.276799940e+002 -1.276799940e+002 +2.2456e+000 +3.8046e+000
863 0 +5.699635338e-006 -1.276799943e+002 -1.276799943e+002 +2.2459e+000 +3.8044e+000
867 0 +5.530086739e-006 -1.276799945e+002 -1.276799945e+002 +2.2461e+000 +3.8044e+000
872 0 +5.426139126e-006 -1.276799946e+002 -1.276799946e+002 +2.2463e+000 +3.8043e+000
874 0 +5.318918568e-006 -1.276799947e+002 -1.276799947e+002 +2.2463e+000 +3.8043e+000
876 0 +5.138282276e-006 -1.276799949e+002 -1.276799949e+002 +2.2465e+000 +3.8042e+000
877 0 +5.126447334e-006 -1.276799949e+002 -1.276799949e+002 +2.2465e+000 +3.8042e+000
879 0 +4.908718125e-006 -1.276799951e+002 -1.276799951e+002 +2.2467e+000 +3.8041e+000
880 0 +4.856767433e-006 -1.276799951e+002 -1.276799951e+002 +2.2468e+000 +3.8041e+000
882 0 +4.743812823e-006 -1.276799953e+002 -1.276799953e+002 +2.2469e+000 +3.8040e+000
887 0 +4.539898526e-006 -1.276799955e+002 -1.276799955e+002 +2.2471e+000 +3.8039e+000
889 0 +4.282119278e-006 -1.276799957e+002 -1.276799957e+002 +2.2474e+000 +3.8038e+000
891 0 +3.906214545e-006 -1.276799961e+002 -1.276799961e+002 +2.2479e+000 +3.8036e+000
893 0 +3.661856013e-006 -1.276799963e+002 -1.276799963e+002 +2.2482e+000 +3.8035e+000
894 0 +3.265609479e-006 -1.276799967e+002 -1.276799967e+002 +2.2488e+000 +3.8033e+000
897 0 +2.673318818e-006 -1.276799973e+002 -1.276799973e+002 +2.2497e+000 +3.8029e+000
902 0 +1.724854087e-006 -1.276799983e+002 -1.276799983e+002 +2.2519e+000 +3.8019e+000
904 0 +1.537598123e-006 -1.276799985e+002 -1.276799985e+002 +2.2547e+000 +3.8008e+000
906 0 +1.500839474e-006 -1.276799985e+002 -1.276799985e+002 +2.2539e+000 +3.8011e+000
926 0 +1.315354510e-006 -1.276799987e+002 -1.276799987e+002 +2.2544e+000 +3.8009e+000
934 0 +1.237928558e-006 -1.276799988e+002 -1.276799988e+002 +2.2541e+000 +3.8010e+000
935 0 +1.071029800e-006 -1.276799989e+002 -1.276799989e+002 +2.2567e+000 +3.8000e+000
936 0 +8.512262042e-007 -1.276799991e+002 -1.276799991e+002 +2.2560e+000 +3.8003e+000
937 0 +6.597801416e-007 -1.276799993e+002 -1.276799993e+002 +2.2554e+000 +3.8005e+000
939 0 +4.254462596e-007 -1.276799996e+002 -1.276799996e+002 +2.2568e+000 +3.7999e+000
943 0 +2.133941024e-007 -1.276799998e+002 -1.276799998e+002 +2.2576e+000 +3.7996e+000
951 0 +5.926946756e-008 -1.276799999e+002 -1.276799999e+002 +2.2590e+000 +3.7990e+000
962 0 +5.423396487e-008 -1.276799999e+002 -1.276799999e+002 +2.2609e+000 +3.7982e+000
965 0 +4.028548517e-008 -1.276800000e+002 -1.276800000e+002 +2.2635e+000 +3.7971e+000
967 0 +1.135917671e-008 -1.276800000e+002 -1.276800000e+002 +2.2625e+000 +3.7976e+000
991 0 +1.058081978e-008 -1.276800000e+002 -1.276800000e+002 +2.2613e+000 +3.7981e+000
992 0 +6.806914143e-009 -1.276800000e+002 -1.276800000e+002 +2.2635e+000 +3.7972e+000
% f evaluations | g evaluations | best noise-free fitness - Fopt (-3.650000000000e+001) + sum g_i+ | measured fitness | best measured fitness or single-digit g-values | x1 | x2...
1 0 +7.817155583e+000 -2.868284442e+001 -2.868284442e+001 +1.9600e+000 -3.1973e+000
5 0 +6.283646450e+000 -3.021635355e+001 -3.021635355e+001 -3.5706e-001 +1.1588e+000
6 0 +5.717939531e+000 -3.078206047e+001 -3.078206047e+001 +1.3647e+000 +5.0000e+000
7 0 +1.370767433e+000 -3.512923257e+001 -3.512923257e+001 +1.4134e+000 +1.6900e+000
8 0 +9.275043631e-001 -3.557249564e+001 -3.557249564e+001 +1.6508e+000 +1.3149e+000
9 0 +6.001330264e-001 -3.589986697e+001 -3.589986697e+001 +2.5981e+000 +9.4684e-002
17 0 +3.553374228e-001 -3.614466258e+001 -3.614466258e+001 +2.2849e+000 +1.0063e+000
32 0 +8.182058247e-002 -3.641817942e+001 -3.641817942e+001 +1.7983e+000 +4.2311e-001
33 0 +5.494847651e-002 -3.644505152e+001 -3.644505152e+001 +1.8146e+000 +3.9906e-001
80 0 +4.749413982e-002 -3.645250586e+001 -3.645250586e+001 +1.9150e+000 +4.5381e-001
96 0 +3.756793665e-002 -3.646243206e+001 -3.646243206e+001 +1.8035e+000 +3.4974e-001
99 0 +1.730416801e-002 -3.648269583e+001 -3.648269583e+001 +1.8710e+000 +3.7551e-001
109 0 +1.641444547e-002 -3.648358555e+001 -3.648358555e+001 +2.0328e+000 +4.8460e-001
111 0 +5.841992693e-004 -3.649941580e+001 -3.649941580e+001 +2.0309e+000 +4.6516e-001
135 0 +3.892208567e-004 -3.649961078e+001 -3.649961078e+001 +2.0349e+000 +4.6714e-001
143 0 +2.347365012e-004 -3.649976526e+001 -3.649976526e+001 +2.0821e+000 +4.9363e-001
169 0 +1.223360249e-005 -3.649998777e+001 -3.649998777e+001 +2.0804e+000 +4.9240e-001
204 0 +9.059988081e-006 -3.649999094e+001 -3.649999094e+001 +2.0806e+000 +4.9253e-001
223 0 +7.594567592e-006 -3.649999241e+001 -3.649999241e+001 +2.0801e+000 +4.9226e-001
246 0 +6.006876063e-006 -3.649999399e+001 -3.649999399e+001 +2.0809e+000 +4.9272e-001
254 0 +5.750914823e-006 -3.649999425e+001 -3.649999425e+001 +2.0812e+000 +4.9285e-001
255 0 +5.581570832e-006 -3.649999442e+001 -3.649999442e+001 +2.0814e+000 +4.9299e-001
287 0 +5.392475757e-006 -3.649999461e+001 -3.649999461e+001 +2.0825e+000 +4.9361e-001
288 0 +5.106331201e-006 -3.649999489e+001 -3.649999489e+001 +2.0823e+000 +4.9347e-001
294 0 +4.012127931e-006 -3.649999599e+001 -3.649999599e+001 +2.0833e+000 +4.9406e-001
304 0 +3.161442194e-006 -3.649999684e+001 -3.649999684e+001 +2.0840e+000 +4.9443e-001
312 0 +2.969238018e-006 -3.649999703e+001 -3.649999703e+001 +2.0843e+000 +4.9458e-001
314 0 +2.720602225e-006 -3.649999728e+001 -3.649999728e+001 +2.0846e+000 +4.9478e-001
330 0 +2.633630046e-006 -3.649999737e+001 -3.649999737e+001 +2.0852e+000 +4.9510e-001
332 0 +2.336972443e-006 -3.649999766e+001 -3.649999766e+001 +2.0853e+000 +4.9516e-001
350 0 +1.433620973e-006 -3.649999857e+001 -3.649999857e+001 +2.0870e+000 +4.9611e-001
355 0 +1.217862135e-006 -3.649999878e+001 -3.649999878e+001 +2.0878e+000 +4.9659e-001
357 0 +1.037597386e-006 -3.649999896e+001 -3.649999896e+001 +2.0882e+000 +4.9681e-001
358 0 +7.501285211e-007 -3.649999925e+001 -3.649999925e+001 +2.0889e+000 +4.9716e-001
363 0 +7.064645686e-007 -3.649999929e+001 -3.649999929e+001 +2.0892e+000 +4.9735e-001
365 0 +5.320033054e-007 -3.649999947e+001 -3.649999947e+001 +2.0900e+000 +4.9780e-001
382 0 +4.705627887e-007 -3.649999953e+001 -3.649999953e+001 +2.0903e+000 +4.9795e-001
396 0 +4.153050810e-007 -3.649999958e+001 -3.649999958e+001 +2.0905e+000 +4.9810e-001
397 0 +4.047299882e-007 -3.649999960e+001 -3.649999960e+001 +2.0909e+000 +4.9831e-001
404 0 +3.374721018e-007 -3.649999966e+001 -3.649999966e+001 +2.0921e+000 +4.9896e-001
411 0 +3.020066615e-007 -3.649999970e+001 -3.649999970e+001 +2.0915e+000 +4.9861e-001
415 0 +2.883124566e-007 -3.649999971e+001 -3.649999971e+001 +2.0911e+000 +4.9838e-001
418 0 +2.400101735e-007 -3.649999976e+001 -3.649999976e+001 +2.0914e+000 +4.9858e-001
424 0 +1.941104131e-007 -3.649999981e+001 -3.649999981e+001 +2.0918e+000 +4.9878e-001
434 0 +1.831538299e-007 -3.649999982e+001 -3.649999982e+001 +2.0919e+000 +4.9883e-001
436 0 +1.795043403e-007 -3.649999982e+001 -3.649999982e+001 +2.0919e+000 +4.9885e-001
438 0 +1.596240935e-007 -3.649999984e+001 -3.649999984e+001 +2.0925e+000 +4.9917e-001
440 0 +8.490571446e-008 -3.649999992e+001 -3.649999992e+001 +2.0931e+000 +4.9952e-001
456 0 +6.293160482e-008 -3.649999994e+001 -3.649999994e+001 +2.0934e+000 +4.9972e-001
462 0 +5.534625558e-008 -3.649999994e+001 -3.649999994e+001 +2.0935e+000 +4.9975e-001
480 0 +5.023781569e-008 -3.649999995e+001 -3.649999995e+001 +2.0936e+000 +4.9980e-001
489 0 +4.644898155e-008 -3.649999995e+001 -3.649999995e+001 +2.0937e+000 +4.9985e-001
490 0 +4.561979239e-008 -3.649999995e+001 -3.649999995e+001 +2.0938e+000 +4.9990e-001
494 0 +3.583583208e-008 -3.649999996e+001 -3.649999996e+001 +2.0940e+000 +5.0005e-001
495 0 +3.275548011e-008 -3.649999997e+001 -3.649999997e+001 +2.0940e+000 +5.0004e-001
496 0 +2.489321105e-008 -3.649999998e+001 -3.649999998e+001 +2.0943e+000 +5.0017e-001
497 0 +1.883273626e-008 -3.649999998e+001 -3.649999998e+001 +2.0945e+000 +5.0031e-001
505 0 +1.785659975e-008 -3.649999998e+001 -3.649999998e+001 +2.0947e+000 +5.0041e-001
511 0 +1.650521853e-008 -3.649999998e+001 -3.649999998e+001 +2.0948e+000 +5.0048e-001
515 0 +1.262323224e-008 -3.649999999e+001 -3.649999999e+001 +2.0950e+000 +5.0057e-001
523 0 +1.062873167e-008 -3.649999999e+001 -3.649999999e+001 +2.0953e+000 +5.0074e-001
528 0 +7.382112699e-009 -3.649999999e+001 -3.649999999e+001 +2.0951e+000 +5.0066e-001
% f evaluations | g evaluations | best noise-free fitness - Fopt (1.728700000000e+002) + sum g_i+ | measured fitness | best measured fitness or single-digit g-values | x1 | x2...
1 0 +2.065016808e+000 +1.749350168e+002 +1.749350168e+002 +2.3111e+000 -2.7970e+000
7 0 +6.302573484e-001 +1.735002573e+002 +1.735002573e+002 +2.5151e+000 -2.2245e-001
14 0 +5.083468350e-001 +1.733783468e+002 +1.733783468e+002 +3.3676e+000 -1.2721e+000
16 0 +2.563387917e-001 +1.731263388e+002 +1.731263388e+002 +2.9752e+000 -5.4437e-001
24 0 +1.736195923e-001 +1.730436196e+002 +1.730436196e+002 +3.3129e+000 -9.4074e-001
38 0 +2.681432017e-002 +1.728968143e+002 +1.728968143e+002 +3.2385e+000 -8.0025e-001
44 0 +1.745096713e-002 +1.728874510e+002 +1.728874510e+002 +2.9550e+000 -8.2168e-001
70 0 +8.258403929e-004 +1.728708258e+002 +1.728708258e+002 +2.9660e+000 -8.0381e-001
131 0 +5.508581872e-004 +1.728705509e+002 +1.728705509e+002 +2.9644e+000 -8.0367e-001
144 0 +4.777816471e-004 +1.728704778e+002 +1.728704778e+002 +2.9507e+000 -8.0477e-001
155 0 +2.968160445e-004 +1.728702968e+002 +1.728702968e+002 +2.9716e+000 -8.0219e-001
167 0 +1.380997205e-004 +1.728701381e+002 +1.728701381e+002 +2.9854e+000 -8.0090e-001
180 0 +1.372386058e-004 +1.728701372e+002 +1.728701372e+002 +2.9755e+000 -8.0200e-001
190 0 +7.917027287e-005 +1.728700792e+002 +1.728700792e+002 +2.9844e+000 -8.0114e-001
222 0 +7.223426459e-005 +1.728700722e+002 +1.728700722e+002 +2.9852e+000 -8.0105e-001
231 0 +6.427546981e-005 +1.728700643e+002 +1.728700643e+002 +2.9879e+000 -8.0079e-001
238 0 +5.838208489e-005 +1.728700584e+002 +1.728700584e+002 +2.9879e+000 -8.0077e-001
242 0 +5.018851223e-005 +1.728700502e+002 +1.728700502e+002 +2.9933e+000 -8.0017e-001
244 0 +3.840881959e-005 +1.728700384e+002 +1.728700384e+002 +2.9931e+000 -8.0022e-001
246 0 +3.596198260e-005 +1.728700360e+002 +1.728700360e+002 +2.9936e+000 -8.0018e-001
260 0 +3.441597798e-005 +1.728700344e+002 +1.728700344e+002 +2.9941e+000 -8.0012e-001
292 0 +3.373855341e-005 +1.728700337e+002 +1.728700337e+002 +2.9944e+000 -8.0008e-001
297 0 +3.301983250e-005 +1.728700330e+002 +1.728700330e+002 +2.9946e+000 -8.0006e-001
313 0 +3.229561401e-005 +1.728700323e+002 +1.728700323e+002 +2.9948e+000 -8.0005e-001
378 0 +3.152820685e-005 +1.728700315e+002 +1.728700315e+002 +2.9950e+000 -8.0003e-001
480 0 +3.089961550e-005 +1.728700309e+002 +1.728700309e+002 +2.9952e+000 -8.0001e-001
524 0 +3.017730228e-005 +1.728700302e+002 +1.728700302e+002 +2.9954e+000 -7.9999e-001
531 0 +2.949465932e-005 +1.728700295e+002 +1.728700295e+002 +2.9957e+000 -7.9996e-001
547 0 +2.836539539e-005 +1.728700284e+002 +1.728700284e+002 +2.9961e+000 -7.9991e-001
567 0 +2.786177265e-005 +1.728700279e+002 +1.728700279e+002 +2.9963e+000 -7.9989e-001
580 0 +2.691552740e-005 +1.728700269e+002 +1.728700269e+002 +2.9966e+000 -7.9986e-001
581 0 +2.682044638e-005 +1.728700268e+002 +1.728700268e+002 +2.9967e+000 -7.9985e-001
585 0 +2.601057795e-005 +1.728700260e+002 +1.728700260e+002 +2.9969e+000 -7.9983e-001
588 0 +2.499635826e-005 +1.728700250e+002 +1.728700250e+002 +2.9973e+000 -7.9979e-001
592 0 +2.450698827e-005 +1.728700245e+002 +1.728700245e+002 +2.9975e+000 -7.9977e-001
596 0 +2.380553428e-005 +1.728700238e+002 +1.728700238e+002 +2.9978e+000 -7.9974e-001
597 0 +2.255158591e-005 +1.728700226e+002 +1.728700226e+002 +2.9984e+000 -7.9969e-001
602 0 +2.039763490e-005 +1.728700204e+002 +1.728700204e+002 +2.9997e+000 -7.9955e-001
613 0 +1.972975900e-005 +1.728700197e+002 +1.728700197e+002 +3.0011e+000 -7.9941e-001
636 0 +1.929489176e-005 +1.728700193e+002 +1.728700193e+002 +3.0009e+000 -7.9943e-001
643 0 +1.890581169e-005 +1.728700189e+002 +1.728700189e+002 +3.0022e+000 -7.9930e-001
644 0 +1.839019342e-005 +1.728700184e+002 +1.728700184e+002 +3.0018e+000 -7.9934e-001
646 0 +1.818351561e-005 +1.728700182e+002 +1.728700182e+002 +3.0024e+000 -7.9928e-001
648 0 +1.758328651e-005 +1.728700176e+002 +1.728700176e+002 +3.0019e+000 -7.9933e-001
651 0 +1.714019686e-005 +1.728700171e+002 +1.728700171e+002 +3.0032e+000 -7.9920e-001
654 0 +1.686357143e-005 +1.728700169e+002 +1.728700169e+002 +3.0026e+000 -7.9925e-001
655 0 +1.627584541e-005 +1.728700163e+002 +1.728700163e+002 +3.0031e+000 -7.9921e-001
657 0 +1.431050646e-005 +1.728700143e+002 +1.728700143e+002 +3.0042e+000 -7.9909e-001
660 0 +1.353026789e-005 +1.728700135e+002 +1.728700135e+002 +3.0054e+000 -7.9897e-001
666 0 +1.180090408e-005 +1.728700118e+002 +1.728700118e+002 +3.0075e+000 -7.9875e-001
669 0 +1.172352427e-005 +1.728700117e+002 +1.728700117e+002 +3.0085e+000 -7.9865e-001
673 0 +1.014088357e-005 +1.728700101e+002 +1.728700101e+002 +3.0087e+000 -7.9863e-001
674 0 +9.697038280e-006 +1.728700097e+002 +1.728700097e+002 +3.0124e+000 -7.9825e-001
675 0 +9.412799955e-006 +1.728700094e+002 +1.728700094e+002 +3.0098e+000 -7.9851e-001
676 0 +8.299272622e-006 +1.728700083e+002 +1.728700083e+002 +3.0097e+000 -7.9853e-001
678 0 +6.923044651e-006 +1.728700069e+002 +1.728700069e+002 +3.0165e+000 -7.9783e-001
681 0 +3.882367537e-006 +1.728700039e+002 +1.728700039e+002 +3.0171e+000 -7.9776e-001
684 0 +1.093118726e-006 +1.728700011e+002 +1.728700011e+002 +3.0168e+000 -7.9779e-001
697 0 +5.791560795e-007 +1.728700006e+002 +1.728700006e+002 +3.0188e+000 -7.9758e-001
700 0 +1.662131695e-007 +1.728700002e+002 +1.728700002e+002 +3.0252e+000 -7.9693e-001
717 0 +5.145858495e-008 +1.728700001e+002 +1.728700001e+002 +3.0231e+000 -7.9714e-001
753 0 +3.138075044e-008 +1.728700000e+002 +1.728700000e+002 +3.0233e+000 -7.9712e-001
755 0 +2.924065257e-008 +1.728700000e+002 +1.728700000e+002 +3.0244e+000 -7.9701e-001
765 0 +2.168948754e-008 +1.728700000e+002 +1.728700000e+002 +3.0292e+000 -7.9652e-001
777 0 +3.539668114e-009 +1.728700000e+002 +1.728700000e+002 +3.0274e+000 -7.9670e-001
% f evaluations | g evaluations | best noise-free fitness - Fopt (1.577200000000e+002) + sum g_i+ | measured fitness | best measured fitness or single-digit g-values | x1 | x2...
1 0 +3.152405992e+001 +1.892440599e+002 +1.892440599e+002 +2.4197e+000 +3.9384e+000
2 0 +3.523814117e+000 +1.612438141e+002 +1.612438141e+002 -1.7435e+000 -3.0120e+000
6 0 +2.855555698e+000 +1.605755557e+002 +1.605755557e+002 -1.8535e+000 +1.0036e+000
14 0 +2.519934745e+000 +1.602399347e+002 +1.602399347e+002 -1.1473e+000 -4.9941e-001
18 0 +3.830746088e-001 +1.581030746e+002 +1.581030746e+002 -3.0874e+000 -1.9956e+000
22 0 +2.468877519e-001 +1.579668878e+002 +1.579668878e+002 -2.6095e+000 -1.4958e+000
30 0 +2.014143725e-001 +1.579214144e+002 +1.579214144e+002 -3.4255e+000 -1.5836e+000
36 0 +1.947764036e-001 +1.579147764e+002 +1.579147764e+002 -2.3458e+000 -1.6909e+000
44 0 +4.946037220e-002 +1.577694604e+002 +1.577694604e+002 -3.1395e+000 -1.5282e+000
62 0 +3.854274206e-002 +1.577585427e+002 +1.577585427e+002 -3.0596e+000 -1.5601e+000
73 0 +1.548766984e-002 +1.577354877e+002 +1.577354877e+002 -2.9621e+000 -1.6500e+000
78 0 +1.183485647e-002 +1.577318349e+002 +1.577318349e+002 -2.9085e+000 -1.6399e+000
89 0 +5.683543445e-003 +1.577256835e+002 +1.577256835e+002 -2.9105e+000 -1.6457e+000
91 0 +2.560016282e-003 +1.577225600e+002 +1.577225600e+002 -2.9912e+000 -1.6223e+000
102 0 +4.249144291e-004 +1.577204249e+002 +1.577204249e+002 -2.9369e+000 -1.6426e+000
122 0 +2.151085453e-004 +1.577202151e+002 +1.577202151e+002 -2.8648e+000 -1.6680e+000
140 0 +1.732781127e-004 +1.577201733e+002 +1.577201733e+002 -2.9084e+000 -1.6526e+000
154 0 +7.439872866e-005 +1.577200744e+002 +1.577200744e+002 -2.8671e+000 -1.6669e+000
162 0 +3.078222318e-005 +1.577200308e+002 +1.577200308e+002 -2.8601e+000 -1.6694e+000
168 0 +1.493551306e-005 +1.577200149e+002 +1.577200149e+002 -2.8677e+000 -1.6668e+000
197 0 +8.276824417e-007 +1.577200008e+002 +1.577200008e+002 -2.8582e+000 -1.6701e+000
246 0 +6.399769177e-007 +1.577200006e+002 +1.577200006e+002 -2.8629e+000 -1.6684e+000
256 0 +1.387688542e-007 +1.577200001e+002 +1.577200001e+002 -2.8646e+000 -1.6678e+000
275 0 +7.668333524e-008 +1.577200001e+002 +1.577200001e+002 -2.8624e+000 -1.6686e+000
288 0 +2.883552952e-008 +1.577200000e+002 +1.577200000e+002 -2.8635e+000 -1.6682e+000
318 0 +2.480553007e-008 +1.577200000e+002 +1.577200000e+002 -2.8637e+000 -1.6682e+000
324 0 +2.086423478e-008 +1.577200000e+002 +1.577200000e+002 -2.8638e+000 -1.6681e+000
330 0 +1.377853209e-008 +1.577200000e+002 +1.577200000e+002 -2.8642e+000 -1.6680e+000
333 0 +1.103094860e-008 +1.577200000e+002 +1.577200000e+002 -2.8643e+000 -1.6679e+000
334 0 +7.037584737e-009 +1.577200000e+002 +1.577200000e+002 -2.8646e+000 -1.6678e+000
% f evaluations | g evaluations | best noise-free fitness - Fopt (2.819000000000e+001) + sum g_i+ | measured fitness | best measured fitness or single-digit g-values | x1 | x2...
1 0 +8.367650442e+000 +3.655765044e+001 +3.655765044e+001 -3.9551e-001 +3.0635e+000
2 0 +4.397783739e+000 +3.258778374e+001 +3.258778374e+001 +2.8321e+000 +3.2211e+000
7 0 +2.332330770e+000 +3.052233077e+001 +3.052233077e+001 +2.2878e+000 -3.0294e+000
8 0 +1.587980041e+000 +2.977798004e+001 +2.977798004e+001 +1.5737e+000 +8.4672e-001
13 0 +1.537475841e+000 +2.972747584e+001 +2.972747584e+001 +1.2218e+000 -2.2561e+000
15 0 +1.385812370e+000 +2.957581237e+001 +2.957581237e+001 +2.5118e+000 -2.0523e+000
23 0 +9.961307905e-001 +2.918613079e+001 +2.918613079e+001 +2.4599e+000 +2.7131e-001
29 0 +6.366296754e-001 +2.882662968e+001 +2.882662968e+001 +1.6280e+000 -1.0331e-001
33 0 +3.301671504e-001 +2.852016715e+001 +2.852016715e+001 +1.2453e+000 -5.1397e-001
49 0 +1.112549660e-001 +2.830125497e+001 +2.830125497e+001 +1.5642e+000 -8.5514e-001
59 0 +3.214745297e-002 +2.822214745e+001 +2.822214745e+001 +1.9313e+000 -6.8577e-001
90 0 +1.976841759e-002 +2.820976842e+001 +2.820976842e+001 +1.9396e+000 -6.9754e-001
116 0 +1.421071799e-002 +2.820421072e+001 +2.820421072e+001 +1.7667e+000 -7.1673e-001
136 0 +4.859014933e-003 +2.819485901e+001 +2.819485901e+001 +2.0154e+000 -7.1396e-001
139 0 +1.366142849e-003 +2.819136614e+001 +2.819136614e+001 +1.9435e+000 -7.1823e-001
172 0 +1.453823452e-004 +2.819014538e+001 +2.819014538e+001 +1.8466e+000 -7.2482e-001
182 0 +1.309440465e-005 +2.819001309e+001 +2.819001309e+001 +1.8317e+000 -7.2585e-001
233 0 +8.768714952e-006 +2.819000877e+001 +2.819000877e+001 +1.8430e+000 -7.2497e-001
240 0 +5.633549829e-006 +2.819000563e+001 +2.819000563e+001 +1.8466e+000 -7.2469e-001
256 0 +3.324679991e-006 +2.819000332e+001 +2.819000332e+001 +1.8434e+000 -7.2492e-001
259 0 +2.020277307e-006 +2.819000202e+001 +2.819000202e+001 +1.8436e+000 -7.2492e-001
272 0 +6.689587906e-007 +2.819000067e+001 +2.819000067e+001 +1.8466e+000 -7.2468e-001
288 0 +2.040987752e-007 +2.819000020e+001 +2.819000020e+001 +1.8526e+000 -7.2421e-001
302 0 +1.543747103e-007 +2.819000015e+001 +2.819000015e+001 +1.8529e+000 -7.2418e-001
304 0 +5.462897334e-008 +2.819000005e+001 +2.819000005e+001 +1.8553e+000 -7.2399e-001
322 0 +2.272869182e-008 +2.819000002e+001 +2.819000002e+001 +1.8551e+000 -7.2401e-001
328 0 +1.270159089e-008 +2.819000001e+001 +2.819000001e+001 +1.8568e+000 -7.2387e-001
337 0 +2.987778913e-009 +2.819000000e+001 +2.819000000e+001 +1.8563e+000 -7.2391e-001
% f evaluations | g evaluations | best noise-free fitness - Fopt (-9.925000000000e+001) + sum g_i+ | measured fitness | best measured fitness or single-digit g-values | x1 | x2...
1 0 +4.042138876e+001 -5.882861124e+001 -5.882861124e+001 +4.1341e+000 +2.2574e+000
4 0 +2.266792060e+001 -7.658207940e+001 -7.658207940e+001 +5.0000e+000 -5.0000e+000
7 0 +2.074288409e+000 -9.717571159e+001 -9.717571159e+001 +6.3399e-001 -4.8327e+000
8 0 +1.929577611e+000 -9.732042239e+001 -9.732042239e+001 +8.4552e-001 -4.8684e+000
9 0 +1.662072943e+000 -9.758792706e+001 -9.758792706e+001 +3.0545e+000 -1.9610e+000
10 0 +1.025671225e+000 -9.822432877e+001 -9.822432877e+001 +1.7845e+000 -4.5858e+000
20 0 +1.491384763e-001 -9.910086152e+001 -9.910086152e+001 +2.5960e+000 -3.9615e+000
39 0 +1.188072929e-001 -9.913119271e+001 -9.913119271e+001 +2.2899e+000 -3.7756e+000
44 0 +4.219816330e-002 -9.920780184e+001 -9.920780184e+001 +2.0419e+000 -3.2975e+000
52 0 +2.524637100e-002 -9.922475363e+001 -9.922475363e+001 +2.0869e+000 -3.3511e+000
59 0 +1.527139587e-002 -9.923472860e+001 -9.923472860e+001 +2.1715e+000 -3.4078e+000
67 0 +1.101776704e-002 -9.923898223e+001 -9.923898223e+001 +2.2916e+000 -3.5673e+000
68 0 +8.987847153e-004 -9.924910122e+001 -9.924910122e+001 +2.2076e+000 -3.4768e+000
91 0 +1.574810529e-004 -9.924984252e+001 -9.924984252e+001 +2.2300e+000 -3.5063e+000
102 0 +7.770139339e-005 -9.924992230e+001 -9.924992230e+001 +2.2496e+000 -3.5315e+000
126 0 +2.761920055e-005 -9.924997238e+001 -9.924997238e+001 +2.2470e+000 -3.5281e+000
144 0 +2.630921676e-005 -9.924997369e+001 -9.924997369e+001 +2.2477e+000 -3.5290e+000
158 0 +6.035876055e-006 -9.924999396e+001 -9.924999396e+001 +2.2523e+000 -3.5348e+000
186 0 +5.695400901e-006 -9.924999430e+001 -9.924999430e+001 +2.2530e+000 -3.5358e+000
188 0 +7.534734010e-007 -9.924999925e+001 -9.924999925e+001 +2.2581e+000 -3.5423e+000
214 0 +5.804613608e-007 -9.924999942e+001 -9.924999942e+001 +2.2588e+000 -3.5432e+000
221 0 +1.691297342e-007 -9.924999983e+001 -9.924999983e+001 +2.2603e+000 -3.5451e+000
269 0 +1.299262067e-007 -9.924999987e+001 -9.924999987e+001 +2.2603e+000 -3.5451e+000
271 0 +6.582730805e-008 -9.924999993e+001 -9.924999993e+001 +2.2617e+000 -3.5468e+000
272 0 +5.328065811e-008 -9.924999995e+001 -9.924999995e+001 +2.2609e+000 -3.5459e+000
287 0 +1.649921444e-008 -9.924999998e+001 -9.924999998e+001 +2.2619e+000 -3.5471e+000
304 0 +1.202730004e-008 -9.924999999e+001 -9.924999999e+001 +2.2618e+000 -3.5470e+000
313 0 +9.696179859e-009 -9.924999999e+001 -9.924999999e+001 +2.2619e+000 -3.5471e+000
