% f evaluations | g evaluations | best noise-free fitness - Fopt (-5.235000000000e+001) + sum g_i+ | measured fitness | best measured fitness or single-digit g-values | x1 | x2...
1 0 +1.852026623e+001 -3.382973377e+001 -3.382973377e+001 -1.6020e+000 +1.5848e+000 +4.0313e+000
2 0 +7.153475916e+000 -4.519652408e+001 -4.519652408e+001 -1.9093e+000 +1.7784e+000 -5.0392e-001
10 0 +3.563745968e+000 -4.878625403e+001 -4.878625403e+001 -3.9652e+000 -3.2322e-001 +9.3096e-001
38 0 +3.508631609e+000 -4.884136839e+001 -4.884136839e+001 -2.2454e+000 +8.5649e-001 +3.3899e-001
39 0 +1.939760587e+000 -5.041023941e+001 -5.041023941e+001 -2.2347e+000 +1.0938e-001 +1.9380e+000
42 0 +1.152172668e+000 -5.119782733e+001 -5.119782733e+001 +4.0787e-003 -1.0386e+000 +3.5715e+000
74 0 +8.012854475e-001 -5.154871455e+001 -5.154871455e+001 -1.7629e+000 -1.3546e+000 +2.3266e+000
91 0 +6.984758443e-001 -5.165152416e+001 -5.165152416e+001 -1.3812e+000 -7.6366e-001 +2.3421e+000
96 0 +3.608658505e-001 -5.198913415e+001 -5.198913415e+001 -1.0677e+000 -1.3964e+000 +3.2617e+000
98 0 +6.480680944e-002 -5.228519319e+001 -5.228519319e+001 -6.8192e-001 -1.2520e+000 +2.3266e+000
143 0 +6.431564239e-002 -5.228568436e+001 -5.228568436e+001 -6.4498e-001 -1.2040e+000 +2.2471e+000
168 0 +2.519386825e-002 -5.232480613e+001 -5.232480613e+001 -8.0893e-001 -1.3903e+000 +2.3057e+000
195 0 +2.349590990e-002 -5.232650409e+001 -5.232650409e+001 -8.3120e-001 -1.3277e+000 +2.3344e+000
202 0 +1.938795518e-002 -5.233061204e+001 -5.233061204e+001 -8.6587e-001 -1.4322e+000 +2.3453e+000
223 0 +2.966218128e-003 -5.234703378e+001 -5.234703378e+001 -8.1750e-001 -1.2758e+000 +2.4112e+000
272 0 +2.760713651e-003 -5.234723929e+001 -5.234723929e+001 -8.1778e-001 -1.2471e+000 +2.4420e+000
310 0 +1.104283183e-003 -5.234889572e+001 -5.234889572e+001 -8.3662e-001 -1.2724e+000 +2.4474e+000
321 0 +9.857051667e-004 -5.234901429e+001 -5.234901429e+001 -8.3516e-001 -1.2638e+000 +2.4548e+000
340 0 +5.504740374e-004 -5.234944953e+001 -5.234944953e+001 -8.4832e-001 -1.2740e+000 +2.4673e+000
341 0 +5.281263484e-004 -5.234947187e+001 -5.234947187e+001 -8.5068e-001 -1.2543e+000 +2.4929e+000
355 0 +2.259485741e-004 -5.234977405e+001 -5.234977405e+001 -8.5723e-001 -1.2577e+000 +2.5006e+000
382 0 +8.976407470e-005 -5.234991024e+001 -5.234991024e+001 -8.6533e-001 -1.2567e+000 +2.5156e+000
417 0 +8.416800076e-005 -5.234991583e+001 -5.234991583e+001 -8.5904e-001 -1.2601e+000 +2.5010e+000
427 0 +2.408643238e-005 -5.234997591e+001 -5.234997591e+001 -8.6567e-001 -1.2556e+000 +2.5175e+000
450 0 +2.285575466e-005 -5.234997714e+001 -5.234997714e+001 -8.6506e-001 -1.2561e+000 +2.5159e+000
473 0 +1.396153403e-005 -5.234998604e+001 -5.234998604e+001 -8.6596e-001 -1.2546e+000 +2.5191e+000
489 0 +1.347787251e-005 -5.234998652e+001 -5.234998652e+001 -8.6812e-001 -1.2559e+000 +2.5217e+000
521 0 +1.235442868e-005 -5.234998765e+001 -5.234998765e+001 -8.6751e-001 -1.2554e+000 +2.5210e+000
535 0 +1.157557203e-005 -5.234998842e+001 -5.234998842e+001 -8.6733e-001 -1.2549e+000 +2.5213e+000
545 0 +1.098475200e-005 -5.234998902e+001 -5.234998902e+001 -8.6754e-001 -1.2550e+000 +2.5215e+000
556 0 +6.916088026e-006 -5.234999308e+001 -5.234999308e+001 -8.6922e-001 -1.2530e+000 +2.5266e+000
561 0 +6.743015419e-006 -5.234999326e+001 -5.234999326e+001 -8.6825e-001 -1.2534e+000 +2.5245e+000
562 0 +3.102159816e-006 -5.234999690e+001 -5.234999690e+001 -8.6891e-001 -1.2512e+000 +2.5279e+000
566 0 +2.522271650e-006 -5.234999748e+001 -5.234999748e+001 -8.6925e-001 -1.2468e+000 +2.5330e+000
570 0 +1.948879060e-006 -5.234999805e+001 -5.234999805e+001 -8.6945e-001 -1.2479e+000 +2.5322e+000
577 0 +1.102946989e-006 -5.234999890e+001 -5.234999890e+001 -8.6915e-001 -1.2485e+000 +2.5311e+000
601 0 +6.330700515e-007 -5.234999937e+001 -5.234999937e+001 -8.7004e-001 -1.2470e+000 +2.5342e+000
614 0 +2.420684666e-007 -5.234999976e+001 -5.234999976e+001 -8.7041e-001 -1.2471e+000 +2.5348e+000
621 0 +1.888334822e-007 -5.234999981e+001 -5.234999981e+001 -8.7080e-001 -1.2472e+000 +2.5354e+000
634 0 +9.717458482e-008 -5.234999990e+001 -5.234999990e+001 -8.7194e-001 -1.2452e+000 +2.5395e+000
641 0 +3.079728117e-008 -5.234999997e+001 -5.234999997e+001 -8.7158e-001 -1.2455e+000 +2.5386e+000
672 0 +2.939047761e-008 -5.234999997e+001 -5.234999997e+001 -8.7124e-001 -1.2460e+000 +2.5374e+000
691 0 +1.954209239e-008 -5.234999998e+001 -5.234999998e+001 -8.7174e-001 -1.2452e+000 +2.5391e+000
725 0 +7.655735601e-009 -5.234999999e+001 -5.234999999e+001 -8.7149e-001 -1.2456e+000 +2.5383e+000
% f evaluations | g evaluations | best noise-free fitness - Fopt (-1.795400000000e+002) + sum g_i+ | measured fitness | best measured fitness or single-digit g-values | x1 | x2...
1 0 +3.411699616e+001 -1.454230038e+002 -1.454230038e+002 -2.4059e+000 +2.2041e+000 -1.5465e+000
3 0 +1.353888712e+001 -1.660011129e+002 -1.660011129e+002 -1.8904e+000 -1.3359e+000 -2.3994e+000
6 0 +2.213002022e+000 -1.773269980e+002 -1.773269980e+002 +1.9175e+000 -5.1240e-002 -2.4150e+000
12 0 +1.051527888e+000 -1.784884721e+002 -1.784884721e+002 +1.2877e+000 +1.4514e+000 -2.8775e+000
20 0 +3.164593327e-001 -1.792235407e+002 -1.792235407e+002 +9.6478e-001 +1.8393e-001 -3.5726e+000
32 0 +2.551160006e-001 -1.792848840e+002 -1.792848840e+002 +1.0617e+000 +2.3437e-001 -3.5517e+000
73 0 +1.651844522e-001 -1.793748155e+002 -1.793748155e+002 +7.3609e-001 +3.6279e-001 -3.5737e+000
89 0 +1.971788490e-002 -1.795202821e+002 -1.795202821e+002 +9.0866e-001 +5.2424e-001 -3.5208e+000
125 0 +9.649401973e-003 -1.795303506e+002 -1.795303506e+002 +8.7154e-001 +5.1759e-001 -3.5108e+000
146 0 +3.430089911e-003 -1.795365699e+002 -1.795365699e+002 +9.1712e-001 +5.0396e-001 -3.4729e+000
158 0 +2.903388213e-003 -1.795370966e+002 -1.795370966e+002 +8.4995e-001 +5.1130e-001 -3.4971e+000
210 0 +1.720009085e-003 -1.795382800e+002 -1.795382800e+002 +7.6709e-001 +5.1809e-001 -3.4856e+000
266 0 +7.039509057e-004 -1.795392960e+002 -1.795392960e+002 +8.5942e-001 +5.0774e-001 -3.4653e+000
286 0 +3.872848384e-004 -1.795396127e+002 -1.795396127e+002 +7.9750e-001 +5.1461e-001 -3.4666e+000
297 0 +2.768562662e-004 -1.795397231e+002 -1.795397231e+002 +7.7250e-001 +5.1725e-001 -3.4627e+000
304 0 +2.514889435e-004 -1.795397485e+002 -1.795397485e+002 +7.9677e-001 +5.1439e-001 -3.4627e+000
310 0 +2.466318861e-004 -1.795397534e+002 -1.795397534e+002 +7.5400e-001 +5.1932e-001 -3.4623e+000
321 0 +1.700808256e-004 -1.795398299e+002 -1.795398299e+002 +7.7958e-001 +5.1558e-001 -3.4558e+000
328 0 +1.407589921e-004 -1.795398592e+002 -1.795398592e+002 +7.7553e-001 +5.1649e-001 -3.4581e+000
332 0 +5.339962684e-005 -1.795399466e+002 -1.795399466e+002 +7.7622e-001 +5.1616e-001 -3.4557e+000
356 0 +4.062780758e-005 -1.795399594e+002 -1.795399594e+002 +7.6459e-001 +5.1743e-001 -3.4556e+000
390 0 +2.371195143e-005 -1.795399763e+002 -1.795399763e+002 +7.7276e-001 +5.1641e-001 -3.4541e+000
412 0 +2.182343559e-005 -1.795399782e+002 -1.795399782e+002 +7.7059e-001 +5.1663e-001 -3.4538e+000
418 0 +7.347540247e-006 -1.795399927e+002 -1.795399927e+002 +7.7798e-001 +5.1562e-001 -3.4514e+000
426 0 +4.864162605e-006 -1.795399951e+002 -1.795399951e+002 +7.8695e-001 +5.1455e-001 -3.4507e+000
436 0 +4.096371896e-006 -1.795399959e+002 -1.795399959e+002 +7.8546e-001 +5.1471e-001 -3.4505e+000
457 0 +4.026127840e-006 -1.795399960e+002 -1.795399960e+002 +7.8856e-001 +5.1430e-001 -3.4498e+000
470 0 +3.174063920e-006 -1.795399968e+002 -1.795399968e+002 +7.9740e-001 +5.1323e-001 -3.4489e+000
471 0 +2.983242979e-006 -1.795399970e+002 -1.795399970e+002 +7.8871e-001 +5.1428e-001 -3.4498e+000
475 0 +1.623891848e-006 -1.795399984e+002 -1.795399984e+002 +7.8660e-001 +5.1451e-001 -3.4497e+000
481 0 +1.054947319e-006 -1.795399989e+002 -1.795399989e+002 +7.9276e-001 +5.1377e-001 -3.4490e+000
492 0 +3.315824983e-007 -1.795399997e+002 -1.795399997e+002 +7.9008e-001 +5.1406e-001 -3.4488e+000
521 0 +2.048578551e-007 -1.795399998e+002 -1.795399998e+002 +7.9236e-001 +5.1378e-001 -3.4485e+000
544 0 +1.859279166e-007 -1.795399998e+002 -1.795399998e+002 +7.8925e-001 +5.1414e-001 -3.4487e+000
553 0 +1.210937626e-007 -1.795399999e+002 -1.795399999e+002 +7.9243e-001 +5.1376e-001 -3.4484e+000
564 0 +5.839328310e-008 -1.795399999e+002 -1.795399999e+002 +7.9156e-001 +5.1385e-001 -3.4483e+000
582 0 +1.803090299e-008 -1.795400000e+002 -1.795400000e+002 +7.9590e-001 +5.1333e-001 -3.4479e+000
612 0 +1.627375923e-008 -1.795400000e+002 -1.795400000e+002 +7.9438e-001 +5.1352e-001 -3.4481e+000
626 0 +1.030764452e-008 -1.795400000e+002 -1.795400000e+002 +7.9499e-001 +5.1344e-001 -3.4480e+000
639 0 +8.458329148e-009 -1.795400000e+002 -1.795400000e+002 +7.9298e-001 +5.1368e-001 -3.4481e+000
% f evaluations | g evaluations | best noise-free fitness - Fopt (7.731000000000e+001) + sum g_i+ | measured fitness | best measured fitness or single-digit g-values | x1 | x2...
1 0 +9.962807173e+001 +1.769380717e+002 +1.769380717e+002 +1.1414e+000 +4.7654e+000 +2.0948e+000
2 0 +2.610070131e+001 +1.034107013e+002 +1.034107013e+002 -2.6674e+000 -2.3879e+000 +1.4017e+000
3 0 +1.069923007e+001 +8.800923007e+001 +8.800923007e+001 +2.2645e+000 +2.6455e+000 -4.7994e+000
7 0 +3.605477998e+000 +8.091547800e+001 +8.091547800e+001 +7.2224e-001 +2.4549e+000 -3.4810e+000
10 0 +2.188215861e+000 +7.949821586e+001 +7.949821586e+001 +1.6386e+000 -2.6053e+000 -1.4417e+000
19 0 +4.189158220e-001 +7.772891582e+001 +7.772891582e+001 +1.4499e+000 -7.5451e-001 -2.4899e+000
43 0 +2.312075406e-001 +7.754120754e+001 +7.754120754e+001 +9.4797e-001 -1.5128e-001 -1.8464e+000
66 0 +1.371078947e-001 +7.744710789e+001 +7.744710789e+001 +1.2325e+000 -2.7247e-001 -2.0409e+000
80 0 +2.479964035e-002 +7.733479964e+001 +7.733479964e+001 +1.0394e+000 -4.3664e-001 -2.0091e+000
134 0 +2.172950441e-002 +7.733172950e+001 +7.733172950e+001 +1.0552e+000 -4.3994e-001 -1.9701e+000
156 0 +1.320808039e-002 +7.732320808e+001 +7.732320808e+001 +9.1952e-001 -5.3866e-001 -2.0603e+000
159 0 +1.199641748e-002 +7.732199642e+001 +7.732199642e+001 +9.9873e-001 -4.8160e-001 -1.9938e+000
181 0 +1.088825499e-002 +7.732088825e+001 +7.732088825e+001 +1.0190e+000 -4.9302e-001 -2.0620e+000
183 0 +9.444796606e-003 +7.731944480e+001 +7.731944480e+001 +1.0404e+000 -5.2516e-001 -2.0962e+000
200 0 +4.547040479e-003 +7.731454704e+001 +7.731454704e+001 +9.7763e-001 -5.3176e-001 -2.0629e+000
204 0 +2.268270061e-003 +7.731226827e+001 +7.731226827e+001 +9.8932e-001 -5.3514e-001 -2.0891e+000
267 0 +2.084865772e-003 +7.731208487e+001 +7.731208487e+001 +9.8078e-001 -5.3898e-001 -2.0830e+000
272 0 +8.911169528e-004 +7.731089112e+001 +7.731089112e+001 +9.5967e-001 -5.5137e-001 -2.0875e+000
304 0 +3.216193718e-004 +7.731032162e+001 +7.731032162e+001 +9.4030e-001 -5.7395e-001 -2.1082e+000
323 0 +2.943553685e-004 +7.731029436e+001 +7.731029436e+001 +9.4443e-001 -5.6947e-001 -2.1050e+000
333 0 +2.622690808e-004 +7.731026227e+001 +7.731026227e+001 +9.4404e-001 -5.7122e-001 -2.1074e+000
334 0 +1.009215169e-004 +7.731010092e+001 +7.731010092e+001 +9.2117e-001 -5.8269e-001 -2.1069e+000
364 0 +9.573196107e-005 +7.731009573e+001 +7.731009573e+001 +9.2984e-001 -5.8461e-001 -2.1175e+000
365 0 +8.237343266e-005 +7.731008237e+001 +7.731008237e+001 +9.2336e-001 -5.9175e-001 -2.1235e+000
373 0 +7.899842169e-005 +7.731007900e+001 +7.731007900e+001 +9.1885e-001 -5.8919e-001 -2.1154e+000
385 0 +5.946468238e-005 +7.731005946e+001 +7.731005946e+001 +9.2438e-001 -5.8634e-001 -2.1155e+000
399 0 +5.143811553e-005 +7.731005144e+001 +7.731005144e+001 +9.2010e-001 -5.8694e-001 -2.1129e+000
419 0 +5.086228910e-005 +7.731005086e+001 +7.731005086e+001 +9.1215e-001 -5.9145e-001 -2.1136e+000
423 0 +3.776356772e-005 +7.731003776e+001 +7.731003776e+001 +9.0934e-001 -5.9416e-001 -2.1156e+000
443 0 +2.338622896e-005 +7.731002339e+001 +7.731002339e+001 +9.0671e-001 -5.9651e-001 -2.1173e+000
452 0 +1.990687448e-005 +7.731001991e+001 +7.731001991e+001 +9.1134e-001 -5.9324e-001 -2.1159e+000
455 0 +1.564355961e-005 +7.731001564e+001 +7.731001564e+001 +9.1227e-001 -5.9379e-001 -2.1175e+000
465 0 +3.103794228e-006 +7.731000310e+001 +7.731000310e+001 +9.0316e-001 -6.0088e-001 -2.1215e+000
508 0 +2.332173210e-006 +7.731000233e+001 +7.731000233e+001 +9.0078e-001 -6.0296e-001 -2.1229e+000
520 0 +1.606935768e-006 +7.731000161e+001 +7.731000161e+001 +9.0022e-001 -6.0360e-001 -2.1235e+000
540 0 +1.356370007e-006 +7.731000136e+001 +7.731000136e+001 +8.9972e-001 -6.0383e-001 -2.1234e+000
554 0 +4.675428187e-007 +7.731000047e+001 +7.731000047e+001 +9.0066e-001 -6.0366e-001 -2.1239e+000
583 0 +2.938845398e-007 +7.731000029e+001 +7.731000029e+001 +8.9907e-001 -6.0528e-001 -2.1252e+000
591 0 +2.747391932e-007 +7.731000027e+001 +7.731000027e+001 +8.9788e-001 -6.0563e-001 -2.1248e+000
595 0 +1.076110436e-007 +7.731000011e+001 +7.731000011e+001 +8.9629e-001 -6.0725e-001 -2.1261e+000
634 0 +1.627239499e-008 +7.731000002e+001 +7.731000002e+001 +8.9370e-001 -6.0908e-001 -2.1269e+000
680 0 +6.824578236e-009 +7.731000001e+001 +7.731000001e+001 +8.9550e-001 -6.0772e-001 -2.1262e+000
% f evaluations | g evaluations | best noise-free fitness - Fopt (3.992000000000e+001) + sum g_i+ | measured fitness | best measured fitness or single-digit g-values | x1 | x2...
1 0 +3.426993375e+001 +7.418993375e+001 +7.418993375e+001 +6.0908e-001 -1.8647e+000 -1.8661e+000
2 0 +3.153684853e+001 +7.145684853e+001 +7.145684853e+001 -4.7545e-001 -4.3852e+000 +4.9448e+000
3 0 +3.963546152e+000 +4.388354615e+001 +4.388354615e+001 +3.6988e+000 -4.3421e-001 +1.9868e-001
6 0 +1.357400287e+000 +4.127740029e+001 +4.127740029e+001 +3.2961e+000 +2.5560e-001 +2.0864e+000
61 0 +4.700272095e-001 +4.039002721e+001 +4.039002721e+001 +4.2990e+000 -3.5069e-001 +2.0652e+000
83 0 +3.537423199e-001 +4.027374232e+001 +4.027374232e+001 +4.1170e+000 -7.7695e-001 +1.8955e+000
107 0 +3.451700749e-001 +4.026517007e+001 +4.026517007e+001 +4.1072e+000 -7.6001e-001 +1.9102e+000
132 0 +2.239018608e-001 +4.014390186e+001 +4.014390186e+001 +4.2778e+000 -7.6129e-001 +2.1529e+000
135 0 +1.676989632e-001 +4.008769896e+001 +4.008769896e+001 +4.0863e+000 -9.0394e-001 +2.0411e+000
137 0 +1.410773832e-001 +4.006107738e+001 +4.006107738e+001 +3.9769e+000 -1.0717e+000 +2.0062e+000
163 0 +1.317104029e-001 +4.005171040e+001 +4.005171040e+001 +4.0160e+000 -9.6569e-001 +2.0676e+000
164 0 +1.072991873e-001 +4.002729919e+001 +4.002729919e+001 +4.1555e+000 -8.8251e-001 +2.2213e+000
171 0 +3.830213257e-002 +3.995830213e+001 +3.995830213e+001 +4.0249e+000 -1.0486e+000 +2.1987e+000
201 0 +3.614840440e-002 +3.995614840e+001 +3.995614840e+001 +4.0049e+000 -9.2186e-001 +2.2986e+000
207 0 +2.982117828e-002 +3.994982118e+001 +3.994982118e+001 +4.0217e+000 -1.0410e+000 +2.2298e+000
211 0 +2.687670726e-002 +3.994687671e+001 +3.994687671e+001 +4.0162e+000 -1.0172e+000 +2.2450e+000
213 0 +2.312240756e-002 +3.994312241e+001 +3.994312241e+001 +4.0049e+000 -1.0222e+000 +2.2557e+000
227 0 +1.536668325e-002 +3.993536668e+001 +3.993536668e+001 +3.9947e+000 -1.0410e+000 +2.2746e+000
250 0 +1.185123031e-002 +3.993185123e+001 +3.993185123e+001 +3.9859e+000 -1.0359e+000 +2.2984e+000
261 0 +3.800409694e-003 +3.992380041e+001 +3.992380041e+001 +3.9853e+000 -1.0090e+000 +2.3556e+000
296 0 +3.480869479e-003 +3.992348087e+001 +3.992348087e+001 +3.9762e+000 -1.0398e+000 +2.3522e+000
302 0 +2.114110325e-003 +3.992211411e+001 +3.992211411e+001 +3.9663e+000 -1.0547e+000 +2.3620e+000
307 0 +1.203505935e-003 +3.992120351e+001 +3.992120351e+001 +3.9473e+000 -1.0957e+000 +2.3608e+000
321 0 +9.138618648e-004 +3.992091386e+001 +3.992091386e+001 +3.9550e+000 -1.0793e+000 +2.3582e+000
324 0 +5.900459175e-004 +3.992059005e+001 +3.992059005e+001 +3.9581e+000 -1.0456e+000 +2.3924e+000
340 0 +2.677761495e-004 +3.992026778e+001 +3.992026778e+001 +3.9539e+000 -1.0454e+000 +2.4024e+000
355 0 +2.044172603e-004 +3.992020442e+001 +3.992020442e+001 +3.9473e+000 -1.0957e+000 +2.3655e+000
357 0 +1.639423235e-004 +3.992016394e+001 +3.992016394e+001 +3.9510e+000 -1.0791e+000 +2.3724e+000
387 0 +2.648231038e-005 +3.992002648e+001 +3.992002648e+001 +3.9528e+000 -1.0625e+000 +2.3866e+000
413 0 +9.483910794e-006 +3.992000948e+001 +3.992000948e+001 +3.9515e+000 -1.0689e+000 +2.3832e+000
452 0 +4.652115187e-006 +3.992000465e+001 +3.992000465e+001 +3.9506e+000 -1.0708e+000 +2.3836e+000
469 0 +2.993653439e-006 +3.992000299e+001 +3.992000299e+001 +3.9478e+000 -1.0820e+000 +2.3790e+000
476 0 +1.718481947e-006 +3.992000172e+001 +3.992000172e+001 +3.9491e+000 -1.0769e+000 +2.3811e+000
504 0 +1.165067722e-006 +3.992000117e+001 +3.992000117e+001 +3.9485e+000 -1.0787e+000 +2.3808e+000
535 0 +7.086165894e-007 +3.992000071e+001 +3.992000071e+001 +3.9490e+000 -1.0767e+000 +2.3816e+000
547 0 +3.469436862e-007 +3.992000035e+001 +3.992000035e+001 +3.9490e+000 -1.0758e+000 +2.3827e+000
557 0 +3.191976674e-007 +3.992000032e+001 +3.992000032e+001 +3.9492e+000 -1.0755e+000 +2.3824e+000
570 0 +1.941930492e-007 +3.992000019e+001 +3.992000019e+001 +3.9498e+000 -1.0730e+000 +2.3835e+000
580 0 +1.688069986e-007 +3.992000017e+001 +3.992000017e+001 +3.9502e+000 -1.0710e+000 +2.3845e+000
588 0 +1.185402994e-007 +3.992000012e+001 +3.992000012e+001 +3.9497e+000 -1.0732e+000 +2.3836e+000
598 0 +3.816667515e-008 +3.992000004e+001 +3.992000004e+001 +3.9498e+000 -1.0722e+000 +2.3844e+000
629 0 +3.037111895e-008 +3.992000003e+001 +3.992000003e+001 +3.9500e+000 -1.0715e+000 +2.3848e+000
643 0 +2.730050142e-008 +3.992000003e+001 +3.992000003e+001 +3.9498e+000 -1.0722e+000 +2.3843e+000
647 0 +1.762155932e-008 +3.992000002e+001 +3.992000002e+001 +3.9500e+000 -1.0714e+000 +2.3848e+000
672 0 +1.244237069e-008 +3.992000001e+001 +3.992000001e+001 +3.9500e+000 -1.0716e+000 +2.3846e+000
674 0 +1.097436808e-008 +3.992000001e+001 +3.992000001e+001 +3.9501e+000 -1.0709e+000 +2.3850e+000
706 0 +7.859775053e-009 +3.992000001e+001 +3.992000001e+001 +3.9501e+000 -1.0712e+000 +2.3848e+000
% f evaluations | g evaluations | best noise-free fitness - Fopt (-5.661000000000e+001) + sum g_i+ | measured fitness | best measured fitness or single-digit g-values | x1 | x2...
1 0 +4.878516327e+001 -7.824836733e+000 -7.824836733e+000 -1.5639e+000 -3.1200e+000 +5.9816e-001
3 0 +3.622702946e+001 -2.038297054e+001 -2.038297054e+001 -2.0137e+000 -2.1781e+000 +1.0988e+000
4 0 +2.459672714e+001 -3.201327286e+001 -3.201327286e+001 +1.4246e+000 -1.3689e+000 +7.3887e-001
5 0 +1.050975537e+001 -4.610024463e+001 -4.610024463e+001 +5.0000e+000 +5.0000e+000 +5.0000e+000
6 0 +1.627726609e+000 -5.498227339e+001 -5.498227339e+001 +1.0585e+000 +1.7663e+000 +3.0126e+000
11 0 +1.484384155e+000 -5.512561584e+001 -5.512561584e+001 +3.3776e+000 +2.5022e+000 +2.9740e+000
18 0 +1.014619924e-001 -5.650853801e+001 -5.650853801e+001 +2.0379e+000 +3.3121e+000 +3.0126e+000
90 0 +6.861540083e-002 -5.654138460e+001 -5.654138460e+001 +1.9356e+000 +3.1734e+000 +3.2397e+000
119 0 +5.144039453e-002 -5.655855961e+001 -5.655855961e+001 +1.9249e+000 +2.6984e+000 +3.1384e+000
120 0 +3.970184522e-002 -5.657029815e+001 -5.657029815e+001 +1.9677e+000 +3.1929e+000 +2.9947e+000
132 0 +3.406067348e-002 -5.657593933e+001 -5.657593933e+001 +1.9132e+000 +2.9822e+000 +3.1370e+000
145 0 +1.299602708e-002 -5.659700397e+001 -5.659700397e+001 +1.9667e+000 +3.0051e+000 +3.1608e+000
157 0 +3.298337043e-003 -5.660670166e+001 -5.660670166e+001 +1.9429e+000 +2.8614e+000 +3.2223e+000
174 0 +2.986099438e-003 -5.660701390e+001 -5.660701390e+001 +1.9397e+000 +2.9750e+000 +3.0756e+000
192 0 +2.821106318e-003 -5.660717889e+001 -5.660717889e+001 +1.9402e+000 +2.9743e+000 +3.0792e+000
217 0 +2.735831145e-003 -5.660726417e+001 -5.660726417e+001 +1.9425e+000 +2.8656e+000 +3.1979e+000
228 0 +4.275246890e-004 -5.660957248e+001 -5.660957248e+001 +1.9476e+000 +2.9656e+000 +3.1477e+000
284 0 +1.583823722e-004 -5.660984162e+001 -5.660984162e+001 +1.9493e+000 +2.9573e+000 +3.1682e+000
291 0 +9.445899465e-005 -5.660990554e+001 -5.660990554e+001 +1.9491e+000 +2.9500e+000 +3.1737e+000
301 0 +4.179100620e-005 -5.660995821e+001 -5.660995821e+001 +1.9483e+000 +2.9285e+000 +3.1853e+000
321 0 +1.959753327e-005 -5.660998040e+001 -5.660998040e+001 +1.9490e+000 +2.9313e+000 +3.1877e+000
399 0 +9.638238048e-006 -5.660999036e+001 -5.660999036e+001 +1.9502e+000 +2.9164e+000 +3.2090e+000
410 0 +5.002008649e-006 -5.660999500e+001 -5.660999500e+001 +1.9494e+000 +2.9271e+000 +3.1947e+000
411 0 +8.863143535e-007 -5.660999911e+001 -5.660999911e+001 +1.9500e+000 +2.9236e+000 +3.2018e+000
442 0 +4.178238484e-007 -5.660999958e+001 -5.660999958e+001 +1.9504e+000 +2.9213e+000 +3.2064e+000
454 0 +1.982426099e-007 -5.660999980e+001 -5.660999980e+001 +1.9502e+000 +2.9224e+000 +3.2043e+000
548 0 +6.441271694e-008 -5.660999994e+001 -5.660999994e+001 +1.9502e+000 +2.9238e+000 +3.2032e+000
578 0 +6.082900939e-008 -5.660999994e+001 -5.660999994e+001 +1.9504e+000 +2.9214e+000 +3.2069e+000
592 0 +2.090943951e-008 -5.660999998e+001 -5.660999998e+001 +1.9503e+000 +2.9219e+000 +3.2057e+000
628 0 +7.415074776e-009 -5.660999999e+001 -5.660999999e+001 +1.9503e+000 +2.9222e+000 +3.2054e+000
% f evaluations | g evaluations | best noise-free fitness - Fopt (3.270000000000e+001) + sum g_i+ | measured fitness | best measured fitness or single-digit g-values | x1 | x2...
1 0 +4.854860414e+002 +5.181860414e+002 +5.181860414e+002 -4.0969e+000 +4.9401e+000 -4.6042e+000
2 0 +1.493506693e+001 +4.763506693e+001 +4.763506693e+001 -4.5845e+000 -4.5451e+000 -2.9970e+000
4 0 +3.765703881e+000 +3.646570388e+001 +3.646570388e+001 -2.6013e+000 +3.4228e-001 +1.9051e+000
10 0 +3.168109851e+000 +3.586810985e+001 +3.586810985e+001 -3.6786e+000 -2.7616e+000 +1.5412e+000
22 0 +2.287163010e+000 +3.498716301e+001 +3.498716301e+001 -2.9478e+000 -1.1899e+000 +2.3620e+000
32 0 +1.003555507e+000 +3.370355551e+001 +3.370355551e+001 -2.3054e+000 -2.2533e+000 -6.5254e-001
44 0 +7.081261308e-001 +3.340812613e+001 +3.340812613e+001 -2.2993e+000 -1.6502e+000 +9.7843e-001
46 0 +4.550678734e-001 +3.315506787e+001 +3.315506787e+001 -2.6383e+000 -1.3736e+000 +4.8842e-001
60 0 +3.751511068e-001 +3.307515111e+001 +3.307515111e+001 -2.5431e+000 -1.4572e+000 +4.7060e-001
68 0 +1.688913605e-001 +3.286889136e+001 +3.286889136e+001 -2.0912e+000 -1.6502e+000 +4.6207e-001
89 0 +1.041170302e-002 +3.271041170e+001 +3.271041170e+001 -2.0056e+000 -1.6255e+000 +2.9013e-001
155 0 +3.001671588e-003 +3.270300167e+001 +3.270300167e+001 -2.0748e+000 -1.5501e+000 +2.5697e-001
182 0 +7.565224265e-004 +3.270075652e+001 +3.270075652e+001 -2.0511e+000 -1.6628e+000 +2.9651e-001
227 0 +2.106718463e-004 +3.270021067e+001 +3.270021067e+001 -2.0633e+000 -1.6538e+000 +2.8996e-001
310 0 +1.814645601e-004 +3.270018146e+001 +3.270018146e+001 -2.0639e+000 -1.6535e+000 +2.8961e-001
314 0 +1.449812082e-004 +3.270014498e+001 +3.270014498e+001 -2.0644e+000 -1.6473e+000 +2.8780e-001
331 0 +1.066236464e-004 +3.270010662e+001 +3.270010662e+001 -2.0716e+000 -1.6449e+000 +2.8510e-001
339 0 +1.003229935e-004 +3.270010032e+001 +3.270010032e+001 -2.0673e+000 -1.6404e+000 +2.8533e-001
347 0 +7.174146252e-005 +3.270007174e+001 +3.270007174e+001 -2.0686e+000 -1.6391e+000 +2.8448e-001
371 0 +5.611478621e-005 +3.270005611e+001 +3.270005611e+001 -2.0721e+000 -1.6382e+000 +2.8322e-001
392 0 +5.277467721e-005 +3.270005277e+001 +3.270005277e+001 -2.0721e+000 -1.6361e+000 +2.8272e-001
404 0 +3.364690377e-005 +3.270003365e+001 +3.270003365e+001 -2.0762e+000 -1.6309e+000 +2.8013e-001
422 0 +3.265617374e-005 +3.270003266e+001 +3.270003266e+001 -2.0747e+000 -1.6314e+000 +2.8070e-001
453 0 +2.643175474e-005 +3.270002643e+001 +3.270002643e+001 -2.0752e+000 -1.6297e+000 +2.8013e-001
468 0 +2.405905774e-005 +3.270002406e+001 +3.270002406e+001 -2.0748e+000 -1.6291e+000 +2.8012e-001
477 0 +1.882928126e-005 +3.270001883e+001 +3.270001883e+001 -2.0754e+000 -1.6252e+000 +2.7893e-001
483 0 +1.845293755e-005 +3.270001845e+001 +3.270001845e+001 -2.0770e+000 -1.6200e+000 +2.7713e-001
487 0 +8.918300196e-006 +3.270000892e+001 +3.270000892e+001 -2.0757e+000 -1.6201e+000 +2.7757e-001
503 0 +3.646811919e-006 +3.270000365e+001 +3.270000365e+001 -2.0759e+000 -1.6140e+000 +2.7595e-001
512 0 +3.077370543e-006 +3.270000308e+001 +3.270000308e+001 -2.0755e+000 -1.6128e+000 +2.7580e-001
524 0 +2.236539196e-006 +3.270000224e+001 +3.270000224e+001 -2.0757e+000 -1.6125e+000 +2.7564e-001
533 0 +1.840668382e-006 +3.270000184e+001 +3.270000184e+001 -2.0757e+000 -1.6115e+000 +2.7538e-001
544 0 +1.556609661e-006 +3.270000156e+001 +3.270000156e+001 -2.0763e+000 -1.6082e+000 +2.7438e-001
548 0 +1.075364736e-006 +3.270000108e+001 +3.270000108e+001 -2.0762e+000 -1.6076e+000 +2.7425e-001
558 0 +7.413569350e-007 +3.270000074e+001 +3.270000074e+001 -2.0763e+000 -1.6052e+000 +2.7362e-001
562 0 +6.588807082e-007 +3.270000066e+001 +3.270000066e+001 -2.0770e+000 -1.5998e+000 +2.7202e-001
592 0 +6.345664190e-007 +3.270000063e+001 +3.270000063e+001 -2.0775e+000 -1.5965e+000 +2.7106e-001
593 0 +5.812632935e-007 +3.270000058e+001 +3.270000058e+001 -2.0774e+000 -1.5965e+000 +2.7108e-001
603 0 +5.325224848e-007 +3.270000053e+001 +3.270000053e+001 -2.0774e+000 -1.5965e+000 +2.7107e-001
627 0 +4.861537448e-007 +3.270000049e+001 +3.270000049e+001 -2.0773e+000 -1.5969e+000 +2.7121e-001
638 0 +4.565356235e-007 +3.270000046e+001 +3.270000046e+001 -2.0774e+000 -1.5953e+000 +2.7078e-001
652 0 +3.931439778e-007 +3.270000039e+001 +3.270000039e+001 -2.0771e+000 -1.5980e+000 +2.7157e-001
653 0 +3.732828873e-007 +3.270000037e+001 +3.270000037e+001 -2.0767e+000 -1.6000e+000 +2.7217e-001
657 0 +2.949562443e-007 +3.270000029e+001 +3.270000029e+001 -2.0769e+000 -1.5986e+000 +2.7177e-001
667 0 +2.616507970e-007 +3.270000026e+001 +3.270000026e+001 -2.0768e+000 -1.5990e+000 +2.7189e-001
668 0 +1.761189026e-007 +3.270000018e+001 +3.270000018e+001 -2.0767e+000 -1.5992e+000 +2.7196e-001
673 0 +1.495863913e-007 +3.270000015e+001 +3.270000015e+001 -2.0768e+000 -1.5986e+000 +2.7181e-001
675 0 +1.404465522e-007 +3.270000014e+001 +3.270000014e+001 -2.0768e+000 -1.5981e+000 +2.7168e-001
685 0 +1.246547541e-007 +3.270000012e+001 +3.270000012e+001 -2.0767e+000 -1.5987e+000 +2.7185e-001
692 0 +1.185344232e-007 +3.270000012e+001 +3.270000012e+001 -2.0768e+000 -1.5982e+000 +2.7171e-001
696 0 +1.117124100e-007 +3.270000011e+001 +3.270000011e+001 -2.0766e+000 -1.5995e+000 +2.7208e-001
712 0 +1.062612256e-007 +3.270000011e+001 +3.270000011e+001 -2.0762e+000 -1.6020e+000 +2.7284e-001
717 0 +9.903095588e-008 +3.270000010e+001 +3.270000010e+001 -2.0764e+000 -1.6009e+000 +2.7249e-001
726 0 +9.684725200e-008 +3.270000010e+001 +3.270000010e+001 -2.0766e+000 -1.5992e+000 +2.7200e-001
732 0 +9.347426300e-008 +3.270000009e+001 +3.270000009e+001 -2.0764e+000 -1.6011e+000 +2.7257e-001
739 0 +9.169927750e-008 +3.270000009e+001 +3.270000009e+001 -2.0763e+000 -1.6015e+000 +2.7269e-001
740 0 +9.099379383e-008 +3.270000009e+001 +3.270000009e+001 -2.0764e+000 -1.6009e+000 +2.7250e-001
757 0 +7.789340373e-008 +3.270000008e+001 +3.270000008e+001 -2.0766e+000 -1.5994e+000 +2.7206e-001
762 0 +7.673203584e-008 +3.270000008e+001 +3.270000008e+001 -2.0765e+000 -1.6000e+000 +2.7225e-001
771 0 +7.511834355e-008 +3.270000008e+001 +3.270000008e+001 -2.0765e+000 -1.6001e+000 +2.7229e-001
774 0 +6.300217592e-008 +3.270000006e+001 +3.270000006e+001 -2.0765e+000 -1.6001e+000 +2.7227e-001
775 0 +6.093421234e-008 +3.270000006e+001 +3.270000006e+001 -2.0765e+000 -1.5999e+000 +2.7224e-001
783 0 +5.685161142e-008 +3.270000006e+001 +3.270000006e+001 -2.0766e+000 -1.5989e+000 +2.7194e-001
784 0 +3.851067731e-008 +3.270000004e+001 +3.270000004e+001 -2.0764e+000 -1.5998e+000 +2.7222e-001
794 0 +3.578853125e-008 +3.270000004e+001 +3.270000004e+001 -2.0765e+000 -1.5996e+000 +2.7215e-001
803 0 +3.349634881e-008 +3.270000003e+001 +3.270000003e+001 -2.0765e+000 -1.5991e+000 +2.7203e-001
816 0 +2.726079629e-008 +3.270000003e+001 +3.270000003e+001 -2.0763e+000 -1.6001e+000 +2.7232e-001
841 0 +2.024758317e-008 +3.270000002e+001 +3.270000002e+001 -2.0763e+000 -1.6000e+000 +2.7230e-001
843 0 +9.363674280e-009 +3.270000001e+001 +3.270000001e+001 -2.0763e+000 -1.6003e+000 +2.7239e-001
% f evaluations | g evaluations | best noise-free fitness - Fopt (-3.943000000000e+001) + sum g_i+ | measured fitness | best measured fitness or single-digit g-values | x1 | x2...
1 0 +8.784745900e+002 +8.390445900e+002 +8.390445900e+002 -4.6393e+000 +2.9515e+000 -3.7482e+000
2 0 +7.155211154e+000 -3.227478885e+001 -3.227478885e+001 +4.7020e+000 -2.3281e+000 -1.6526e-001
6 0 +3.151714085e+000 -3.627828592e+001 -3.627828592e+001 +3.9868e+000 +4.3442e-001 +1.5834e+000
43 0 +2.395298768e+000 -3.703470123e+001 -3.703470123e+001 +2.8743e+000 +2.0562e+000 +1.1240e+000
62 0 +1.800136377e+000 -3.762986362e+001 -3.762986362e+001 +2.9707e+000 +2.2693e+000 +1.5957e+000
66 0 +5.172965047e-001 -3.891270350e+001 -3.891270350e+001 +3.9868e+000 +2.6751e+000 +2.9714e+000
102 0 +5.059661547e-001 -3.892403385e+001 -3.892403385e+001 +3.4501e+000 +4.1286e+000 +2.5728e+000
106 0 +3.677686408e-001 -3.906223136e+001 -3.906223136e+001 +3.5558e+000 +3.0085e+000 +2.7917e+000
120 0 +6.335585352e-002 -3.936664415e+001 -3.936664415e+001 +3.8077e+000 +3.2457e+000 +2.9757e+000
128 0 +3.269622056e-002 -3.939730378e+001 -3.939730378e+001 +3.7557e+000 +3.3285e+000 +3.0232e+000
167 0 +1.041461026e-002 -3.941958539e+001 -3.941958539e+001 +3.6362e+000 +3.4146e+000 +2.8632e+000
200 0 +9.481291534e-003 -3.942051871e+001 -3.942051871e+001 +3.7002e+000 +3.3815e+000 +2.9302e+000
216 0 +5.979558858e-003 -3.942402044e+001 -3.942402044e+001 +3.6811e+000 +3.4049e+000 +2.8799e+000
221 0 +4.174379579e-003 -3.942582562e+001 -3.942582562e+001 +3.6739e+000 +3.4376e+000 +2.8566e+000
226 0 +2.359643847e-003 -3.942764036e+001 -3.942764036e+001 +3.6868e+000 +3.4219e+000 +2.8724e+000
240 0 +1.419332927e-003 -3.942858067e+001 -3.942858067e+001 +3.6820e+000 +3.4169e+000 +2.8766e+000
285 0 +1.253062949e-003 -3.942874694e+001 -3.942874694e+001 +3.6820e+000 +3.4122e+000 +2.8818e+000
294 0 +7.451002293e-004 -3.942925490e+001 -3.942925490e+001 +3.7029e+000 +3.4135e+000 +2.8792e+000
299 0 +5.141083723e-004 -3.942948589e+001 -3.942948589e+001 +3.7056e+000 +3.3976e+000 +2.8977e+000
300 0 +2.648778599e-004 -3.942973512e+001 -3.942973512e+001 +3.7102e+000 +3.3939e+000 +2.9016e+000
310 0 +2.231483519e-004 -3.942977685e+001 -3.942977685e+001 +3.7451e+000 +3.3949e+000 +2.8997e+000
320 0 +5.432874470e-005 -3.942994567e+001 -3.942994567e+001 +3.7467e+000 +3.3810e+000 +2.9156e+000
335 0 +3.806642268e-005 -3.942996193e+001 -3.942996193e+001 +3.7362e+000 +3.3891e+000 +2.9064e+000
367 0 +5.393557508e-006 -3.942999461e+001 -3.942999461e+001 +3.7506e+000 +3.3829e+000 +2.9134e+000
406 0 +3.611905868e-006 -3.942999639e+001 -3.942999639e+001 +3.7565e+000 +3.3823e+000 +2.9140e+000
430 0 +2.328801934e-006 -3.942999767e+001 -3.942999767e+001 +3.7606e+000 +3.3799e+000 +2.9168e+000
484 0 +1.021981589e-006 -3.942999898e+001 -3.942999898e+001 +3.7576e+000 +3.3813e+000 +2.9151e+000
488 0 +9.250991582e-007 -3.942999907e+001 -3.942999907e+001 +3.7673e+000 +3.3777e+000 +2.9192e+000
501 0 +8.439613595e-007 -3.942999916e+001 -3.942999916e+001 +3.7623e+000 +3.3795e+000 +2.9172e+000
508 0 +2.752389534e-007 -3.942999972e+001 -3.942999972e+001 +3.7620e+000 +3.3799e+000 +2.9168e+000
520 0 +1.340038693e-007 -3.942999987e+001 -3.942999987e+001 +3.7626e+000 +3.3793e+000 +2.9174e+000
529 0 +7.938492530e-008 -3.942999992e+001 -3.942999992e+001 +3.7650e+000 +3.3787e+000 +2.9180e+000
602 0 +6.308510336e-008 -3.942999994e+001 -3.942999994e+001 +3.7682e+000 +3.3776e+000 +2.9193e+000
603 0 +1.280803019e-008 -3.942999999e+001 -3.942999999e+001 +3.7665e+000 +3.3782e+000 +2.9187e+000
629 0 +2.376410180e-009 -3.943000000e+001 -3.943000000e+001 +3.7659e+000 +3.3783e+000 +2.9185e+000
% f evaluations | g evaluations | best noise-free fitness - Fopt (4.197200000000e+002) + sum g_i+ | measured fitness | best measured fitness or single-digit g-values | x1 | x2...
1 0 +1.600770803e+002 +5.797970803e+002 +5.797970803e+002 -3.0193e+000 -2.9319e+000 -2.0955e-001
2 0 +8.936925365e+001 +5.090892537e+002 +5.090892537e+002 +4.5552e+000 -3.1454e+000 +4.4651e+000
3 0 +3.835016586e+001 +4.580701659e+002 +4.580701659e+002 +4.9347e+000 +2.9972e+000 +4.1316e+000
4 0 +2.485351514e+001 +4.445735151e+002 +4.445735151e+002 -2.1399e-001 -3.8343e+000 -4.8403e+000
7 0 +1.274523306e+001 +4.324652331e+002 +4.324652331e+002 -3.0682e+000 +3.8306e+000 +4.0872e+000
17 0 +9.528862459e+000 +4.292488625e+002 +4.292488625e+002 +9.7270e-001 +5.0000e+000 +1.4128e+000
19 0 +4.989009459e+000 +4.247090095e+002 +4.247090095e+002 +1.0585e+000 +2.2602e+000 -3.8670e-001
21 0 +2.253921928e+000 +4.219739219e+002 +4.219739219e+002 -4.1552e-001 +2.1141e+000 +2.7818e-001
41 0 +2.075257014e+000 +4.217952570e+002 +4.217952570e+002 +4.7772e-001 +2.9360e+000 -1.1389e+000
42 0 +1.329224436e+000 +4.210492244e+002 +4.210492244e+002 -1.6641e+000 +1.6815e+000 -1.2450e+000
49 0 +5.734861381e-001 +4.202934861e+002 +4.202934861e+002 -1.2523e+000 +2.7687e+000 -6.8295e-001
51 0 +5.179913365e-001 +4.202379913e+002 +4.202379913e+002 -6.6530e-001 +2.9322e+000 -8.5194e-001
56 0 +4.200731541e-001 +4.201400732e+002 +4.201400732e+002 -5.9463e-001 +2.8820e+000 -9.6795e-001
63 0 +8.515570415e-002 +4.198051557e+002 +4.198051557e+002 -7.4818e-001 +2.8147e+000 -1.3174e+000
75 0 +4.773120604e-002 +4.197677312e+002 +4.197677312e+002 -1.2371e+000 +2.6057e+000 -1.1875e+000
120 0 +4.403100504e-002 +4.197640310e+002 +4.197640310e+002 -1.3107e+000 +2.5850e+000 -1.2758e+000
122 0 +5.652850453e-003 +4.197256529e+002 +4.197256529e+002 -1.2230e+000 +2.6532e+000 -1.2557e+000
130 0 +3.482805827e-003 +4.197234828e+002 +4.197234828e+002 -1.2738e+000 +2.6717e+000 -1.2712e+000
186 0 +2.254527716e-003 +4.197222545e+002 +4.197222545e+002 -1.2094e+000 +2.7108e+000 -1.2905e+000
199 0 +6.924483997e-004 +4.197206924e+002 +4.197206924e+002 -1.2050e+000 +2.7300e+000 -1.2962e+000
206 0 +5.997410258e-004 +4.197205997e+002 +4.197205997e+002 -1.1641e+000 +2.7538e+000 -1.3077e+000
241 0 +6.184806205e-005 +4.197200618e+002 +4.197200618e+002 -1.1748e+000 +2.7496e+000 -1.3062e+000
248 0 +5.213826637e-005 +4.197200521e+002 +4.197200521e+002 -1.1427e+000 +2.7791e+000 -1.3203e+000
253 0 +3.552097058e-005 +4.197200355e+002 +4.197200355e+002 -1.1661e+000 +2.7585e+000 -1.3105e+000
289 0 +6.409350704e-006 +4.197200064e+002 +4.197200064e+002 -1.1693e+000 +2.7536e+000 -1.3082e+000
316 0 +1.370752614e-006 +4.197200014e+002 +4.197200014e+002 -1.1606e+000 +2.7628e+000 -1.3125e+000
368 0 +6.669263257e-007 +4.197200007e+002 +4.197200007e+002 -1.1631e+000 +2.7611e+000 -1.3117e+000
381 0 +6.368354661e-007 +4.197200006e+002 +4.197200006e+002 -1.1671e+000 +2.7577e+000 -1.3101e+000
398 0 +5.373130421e-007 +4.197200005e+002 +4.197200005e+002 -1.1704e+000 +2.7548e+000 -1.3087e+000
403 0 +8.315151945e-008 +4.197200001e+002 +4.197200001e+002 -1.1664e+000 +2.7581e+000 -1.3103e+000
454 0 +7.982748684e-008 +4.197200001e+002 +4.197200001e+002 -1.1662e+000 +2.7584e+000 -1.3105e+000
478 0 +3.721999065e-008 +4.197200000e+002 +4.197200000e+002 -1.1661e+000 +2.7584e+000 -1.3104e+000
529 0 +3.053969522e-008 +4.197200000e+002 +4.197200000e+002 -1.1666e+000 +2.7580e+000 -1.3103e+000
556 0 +2.360451390e-008 +4.197200000e+002 +4.197200000e+002 -1.1662e+000 +2.7584e+000 -1.3104e+000
561 0 +2.175704594e-008 +4.197200000e+002 +4.197200000e+002 -1.1661e+000 +2.7585e+000 -1.3105e+000
568 0 +1.986944653e-008 +4.197200000e+002 +4.197200000e+002 -1.1657e+000 +2.7589e+000 -1.3107e+000
572 0 +1.920432169e-008 +4.197200000e+002 +4.197200000e+002 -1.1664e+000 +2.7582e+000 -1.3104e+000
575 0 +1.615933343e-008 +4.197200000e+002 +4.197200000e+002 -1.1660e+000 +2.7586e+000 -1.3106e+000
579 0 +9.811969903e-009 +4.197200000e+002 +4.197200000e+002 -1.1658e+000 +2.7589e+000 -1.3107e+000
% f evaluations | g evaluations | best noise-free fitness - Fopt (7.640000000000e+000) + sum g_i+ | measured fitness | best measured fitness or single-digit g-values | x1 | x2...
1 0 +3.595830712e+001 +4.359830712e+001 +4.359830712e+001 -4.2636e+000 +3.0410e+000 +3.9046e+000
2 0 +1.756686277e+001 +2.520686277e+001 +2.520686277e+001 -2.7304e+000 +1.3858e+000 +4.5493e+000
3 0 +1.515009130e+001 +2.279009130e+001 +2.279009130e+001 +4.5156e-001 +4.9755e+000 +3.4391e+000
8 0 +3.660370515e+000 +1.130037051e+001 +1.130037051e+001 +6.4945e-001 +2.9823e-001 +2.6891e+000
20 0 +2.588853217e+000 +1.022885322e+001 +1.022885322e+001 +1.2446e+000 +1.3100e+000 +2.5869e+000
32 0 +1.915040782e+000 +9.555040782e+000 +9.555040782e+000 +2.3576e+000 +1.0727e+000 +2.6954e+000
37 0 +3.837198831e-001 +8.023719883e+000 +8.023719883e+000 +3.8837e+000 +2.6542e+000 +3.3220e+000
61 0 +1.336823740e-001 +7.773682374e+000 +7.773682374e+000 +3.3788e+000 +2.5858e+000 +3.2534e+000
65 0 +8.693404445e-002 +7.726934044e+000 +7.726934044e+000 +3.4321e+000 +2.5973e+000 +2.7554e+000
72 0 +4.983925798e-002 +7.689839258e+000 +7.689839258e+000 +3.6134e+000 +2.5426e+000 +3.0446e+000
110 0 +2.455349371e-002 +7.664553494e+000 +7.664553494e+000 +3.5587e+000 +2.5205e+000 +3.0157e+000
130 0 +2.305247064e-002 +7.663052471e+000 +7.663052471e+000 +3.5676e+000 +2.5210e+000 +3.0279e+000
150 0 +2.016858744e-002 +7.660168587e+000 +7.660168587e+000 +3.5301e+000 +2.5572e+000 +3.0184e+000
159 0 +1.729502765e-002 +7.657295028e+000 +7.657295028e+000 +3.5892e+000 +2.5155e+000 +2.9925e+000
167 0 +1.609004629e-002 +7.656090046e+000 +7.656090046e+000 +3.5730e+000 +2.5294e+000 +2.9981e+000
200 0 +1.218668530e-002 +7.652186685e+000 +7.652186685e+000 +3.5530e+000 +2.5480e+000 +2.9700e+000
260 0 +1.157456006e-002 +7.651574560e+000 +7.651574560e+000 +3.5541e+000 +2.5490e+000 +2.9722e+000
264 0 +9.207947772e-003 +7.649207948e+000 +7.649207948e+000 +3.5768e+000 +2.5370e+000 +2.9290e+000
265 0 +8.734479788e-003 +7.648734480e+000 +7.648734480e+000 +3.5343e+000 +2.5739e+000 +2.9290e+000
272 0 +7.792330763e-003 +7.647792331e+000 +7.647792331e+000 +3.5505e+000 +2.5597e+000 +2.9429e+000
288 0 +6.688005207e-003 +7.646688005e+000 +7.646688005e+000 +3.5656e+000 +2.5514e+000 +2.9272e+000
301 0 +6.267919483e-003 +7.646267919e+000 +7.646267919e+000 +3.5554e+000 +2.5595e+000 +2.9288e+000
315 0 +5.945771543e-003 +7.645945772e+000 +7.645945772e+000 +3.5675e+000 +2.5531e+000 +2.9134e+000
317 0 +5.837119934e-003 +7.645837120e+000 +7.645837120e+000 +3.5632e+000 +2.5586e+000 +2.9213e+000
318 0 +4.792451875e-003 +7.644792452e+000 +7.644792452e+000 +3.5586e+000 +2.5628e+000 +2.9134e+000
325 0 +4.531968481e-003 +7.644531968e+000 +7.644531968e+000 +3.5576e+000 +2.5667e+000 +2.9087e+000
335 0 +4.378333988e-003 +7.644378334e+000 +7.644378334e+000 +3.5507e+000 +2.5696e+000 +2.9000e+000
337 0 +4.132087522e-003 +7.644132088e+000 +7.644132088e+000 +3.5547e+000 +2.5680e+000 +2.9085e+000
339 0 +3.666749772e-003 +7.643666750e+000 +7.643666750e+000 +3.5559e+000 +2.5684e+000 +2.8971e+000
341 0 +3.449227123e-003 +7.643449227e+000 +7.643449227e+000 +3.5461e+000 +2.5776e+000 +2.8852e+000
343 0 +3.283160579e-003 +7.643283161e+000 +7.643283161e+000 +3.5380e+000 +2.5895e+000 +2.8617e+000
344 0 +2.671886039e-003 +7.642671886e+000 +7.642671886e+000 +3.5513e+000 +2.5759e+000 +2.8836e+000
361 0 +2.257563098e-003 +7.642257563e+000 +7.642257563e+000 +3.5490e+000 +2.5795e+000 +2.8765e+000
387 0 +2.032290848e-003 +7.642032291e+000 +7.642032291e+000 +3.5429e+000 +2.5859e+000 +2.8679e+000
391 0 +1.469669490e-003 +7.641469669e+000 +7.641469669e+000 +3.5432e+000 +2.5880e+000 +2.8626e+000
394 0 +1.437091975e-003 +7.641437092e+000 +7.641437092e+000 +3.5425e+000 +2.5889e+000 +2.8603e+000
396 0 +1.025562172e-003 +7.641025562e+000 +7.641025562e+000 +3.5314e+000 +2.6013e+000 +2.8530e+000
398 0 +8.984125151e-004 +7.640898413e+000 +7.640898413e+000 +3.5384e+000 +2.5970e+000 +2.8464e+000
401 0 +2.764207617e-004 +7.640276421e+000 +7.640276421e+000 +3.5187e+000 +2.6218e+000 +2.8178e+000
407 0 +1.956110938e-004 +7.640195611e+000 +7.640195611e+000 +3.5223e+000 +2.6184e+000 +2.8192e+000
434 0 +1.159748579e-004 +7.640115975e+000 +7.640115975e+000 +3.5190e+000 +2.6226e+000 +2.8136e+000
451 0 +8.490625057e-005 +7.640084906e+000 +7.640084906e+000 +3.5211e+000 +2.6217e+000 +2.8081e+000
476 0 +7.733842304e-005 +7.640077338e+000 +7.640077338e+000 +3.5190e+000 +2.6240e+000 +2.8065e+000
484 0 +6.874927739e-005 +7.640068749e+000 +7.640068749e+000 +3.5200e+000 +2.6232e+000 +2.8056e+000
496 0 +6.052058729e-005 +7.640060521e+000 +7.640060521e+000 +3.5184e+000 +2.6255e+000 +2.8024e+000
506 0 +5.119236600e-005 +7.640051192e+000 +7.640051192e+000 +3.5198e+000 +2.6241e+000 +2.8021e+000
552 0 +4.731802716e-005 +7.640047318e+000 +7.640047318e+000 +3.5214e+000 +2.6227e+000 +2.8012e+000
566 0 +4.458065917e-005 +7.640044581e+000 +7.640044581e+000 +3.5225e+000 +2.6218e+000 +2.7999e+000
585 0 +4.152309591e-005 +7.640041523e+000 +7.640041523e+000 +3.5210e+000 +2.6234e+000 +2.7998e+000
588 0 +4.047819395e-005 +7.640040478e+000 +7.640040478e+000 +3.5215e+000 +2.6233e+000 +2.7974e+000
594 0 +3.917772225e-005 +7.640039178e+000 +7.640039178e+000 +3.5220e+000 +2.6225e+000 +2.7989e+000
600 0 +3.550227972e-005 +7.640035502e+000 +7.640035502e+000 +3.5226e+000 +2.6222e+000 +2.7975e+000
604 0 +3.011576314e-005 +7.640030116e+000 +7.640030116e+000 +3.5224e+000 +2.6228e+000 +2.7955e+000
618 0 +2.882775718e-005 +7.640028828e+000 +7.640028828e+000 +3.5246e+000 +2.6211e+000 +2.7928e+000
634 0 +2.069230268e-005 +7.640020692e+000 +7.640020692e+000 +3.5235e+000 +2.6225e+000 +2.7915e+000
642 0 +1.575331952e-005 +7.640015753e+000 +7.640015753e+000 +3.5239e+000 +2.6226e+000 +2.7892e+000
659 0 +1.426354361e-005 +7.640014264e+000 +7.640014264e+000 +3.5234e+000 +2.6234e+000 +2.7876e+000
661 0 +1.202178509e-005 +7.640012022e+000 +7.640012022e+000 +3.5240e+000 +2.6233e+000 +2.7849e+000
683 0 +1.033469352e-005 +7.640010335e+000 +7.640010335e+000 +3.5235e+000 +2.6246e+000 +2.7811e+000
687 0 +5.195683696e-006 +7.640005196e+000 +7.640005196e+000 +3.5234e+000 +2.6247e+000 +2.7808e+000
727 0 +4.260994876e-006 +7.640004261e+000 +7.640004261e+000 +3.5234e+000 +2.6249e+000 +2.7803e+000
749 0 +4.159683828e-006 +7.640004160e+000 +7.640004160e+000 +3.5237e+000 +2.6256e+000 +2.7747e+000
768 0 +2.958307326e-006 +7.640002958e+000 +7.640002958e+000 +3.5233e+000 +2.6260e+000 +2.7752e+000
773 0 +2.322615412e-006 +7.640002323e+000 +7.640002323e+000 +3.5232e+000 +2.6262e+000 +2.7746e+000
780 0 +1.412814776e-006 +7.640001413e+000 +7.640001413e+000 +3.5228e+000 +2.6263e+000 +2.7763e+000
791 0 +8.787164489e-007 +7.640000879e+000 +7.640000879e+000 +3.5228e+000 +2.6267e+000 +2.7740e+000
793 0 +8.681312860e-007 +7.640000868e+000 +7.640000868e+000 +3.5226e+000 +2.6276e+000 +2.7705e+000
799 0 +7.638799904e-007 +7.640000764e+000 +7.640000764e+000 +3.5225e+000 +2.6274e+000 +2.7718e+000
821 0 +2.745706826e-007 +7.640000275e+000 +7.640000275e+000 +3.5224e+000 +2.6285e+000 +2.7670e+000
846 0 +1.935006084e-007 +7.640000194e+000 +7.640000194e+000 +3.5225e+000 +2.6284e+000 +2.7668e+000
852 0 +3.577937058e-008 +7.640000036e+000 +7.640000036e+000 +3.5224e+000 +2.6287e+000 +2.7660e+000
890 0 +6.514293993e-009 +7.640000007e+000 +7.640000007e+000 +3.5224e+000 +2.6286e+000 +2.7663e+000
% f evaluations | g evaluations | best noise-free fitness - Fopt (-1.276800000000e+002) + sum g_i+ | measured fitness | best measured fitness or single-digit g-values | x1 | x2...
1 0 +4.472679329e+001 -8.295320671e+001 -8.295320671e+001 -3.7225e+000 +1.5051e+000 +3.4199e+000
6 0 +2.358783795e+001 -1.040921621e+002 -1.040921621e+002 -2.9412e+000 +4.2956e+000 +3.6499e+000
9 0 +1.373441347e+000 -1.263065587e+002 -1.263065587e+002 +1.7285e+000 +2.7156e+000 +3.2387e+000
55 0 +9.651382087e-001 -1.267148618e+002 -1.267148618e+002 +2.7982e+000 +3.4632e+000 +1.5432e+000
61 0 +7.446174092e-001 -1.269353826e+002 -1.269353826e+002 +2.0504e+000 +2.9027e+000 +2.2080e+000
69 0 +5.328440629e-001 -1.271471559e+002 -1.271471559e+002 +1.5372e+000 +3.2689e+000 +2.5432e+000
79 0 +2.030142253e-001 -1.274769858e+002 -1.274769858e+002 +1.9576e+000 +3.6937e+000 +2.0693e+000
100 0 +1.499383991e-001 -1.275300616e+002 -1.275300616e+002 +2.2066e+000 +3.5666e+000 +2.3755e+000
107 0 +7.961127192e-002 -1.276003887e+002 -1.276003887e+002 +2.2003e+000 +3.6340e+000 +2.3482e+000
115 0 +4.481987218e-002 -1.276351801e+002 -1.276351801e+002 +2.2195e+000 +3.6543e+000 +2.2407e+000
116 0 +4.329736061e-002 -1.276367026e+002 -1.276367026e+002 +2.2590e+000 +3.6724e+000 +2.1938e+000
176 0 +3.127735782e-002 -1.276487226e+002 -1.276487226e+002 +2.3717e+000 +3.7766e+000 +2.3690e+000
178 0 +2.435671342e-002 -1.276556433e+002 -1.276556433e+002 +2.3317e+000 +3.7696e+000 +2.3383e+000
182 0 +1.602563550e-002 -1.276639744e+002 -1.276639744e+002 +2.1712e+000 +3.6923e+000 +2.3171e+000
185 0 +2.379232565e-003 -1.276776208e+002 -1.276776208e+002 +2.2140e+000 +3.7445e+000 +2.4085e+000
224 0 +8.229300661e-004 -1.276791771e+002 -1.276791771e+002 +2.2202e+000 +3.7770e+000 +2.4972e+000
248 0 +5.761905805e-004 -1.276794238e+002 -1.276794238e+002 +2.2207e+000 +3.7732e+000 +2.4877e+000
284 0 +3.447496579e-004 -1.276796553e+002 -1.276796553e+002 +2.2458e+000 +3.7846e+000 +2.4953e+000
307 0 +2.872078599e-004 -1.276797128e+002 -1.276797128e+002 +2.2847e+000 +3.8095e+000 +2.5291e+000
313 0 +5.680351235e-005 -1.276799432e+002 -1.276799432e+002 +2.2523e+000 +3.7870e+000 +2.4947e+000
332 0 +5.494093352e-005 -1.276799451e+002 -1.276799451e+002 +2.2578e+000 +3.7892e+000 +2.4950e+000
404 0 +4.347173228e-005 -1.276799565e+002 -1.276799565e+002 +2.2575e+000 +3.7894e+000 +2.4962e+000
430 0 +3.407650513e-005 -1.276799659e+002 -1.276799659e+002 +2.2534e+000 +3.7866e+000 +2.4919e+000
451 0 +2.466540850e-005 -1.276799753e+002 -1.276799753e+002 +2.2546e+000 +3.7881e+000 +2.4951e+000
485 0 +1.752591483e-005 -1.276799825e+002 -1.276799825e+002 +2.2511e+000 +3.7869e+000 +2.4953e+000
492 0 +1.538397076e-005 -1.276799846e+002 -1.276799846e+002 +2.2517e+000 +3.7875e+000 +2.4966e+000
494 0 +1.345945651e-005 -1.276799865e+002 -1.276799865e+002 +2.2537e+000 +3.7884e+000 +2.4972e+000
500 0 +1.237113003e-005 -1.276799876e+002 -1.276799876e+002 +2.2589e+000 +3.7926e+000 +2.5044e+000
501 0 +1.063906679e-005 -1.276799894e+002 -1.276799894e+002 +2.2514e+000 +3.7891e+000 +2.5019e+000
506 0 +1.006710755e-005 -1.276799899e+002 -1.276799899e+002 +2.2513e+000 +3.7885e+000 +2.5000e+000
507 0 +8.680419796e-006 -1.276799913e+002 -1.276799913e+002 +2.2564e+000 +3.7926e+000 +2.5072e+000
508 0 +5.577289670e-006 -1.276799944e+002 -1.276799944e+002 +2.2535e+000 +3.7904e+000 +2.5035e+000
521 0 +4.556473002e-006 -1.276799954e+002 -1.276799954e+002 +2.2565e+000 +3.7933e+000 +2.5093e+000
533 0 +1.510352575e-006 -1.276799985e+002 -1.276799985e+002 +2.2568e+000 +3.7929e+000 +2.5076e+000
536 0 +1.045339275e-006 -1.276799990e+002 -1.276799990e+002 +2.2602e+000 +3.7954e+000 +2.5115e+000
544 0 +5.933525387e-007 -1.276799994e+002 -1.276799994e+002 +2.2645e+000 +3.7997e+000 +2.5202e+000
552 0 +2.881337764e-007 -1.276799997e+002 -1.276799997e+002 +2.2610e+000 +3.7963e+000 +2.5134e+000
574 0 +2.724725476e-007 -1.276799997e+002 -1.276799997e+002 +2.2620e+000 +3.7975e+000 +2.5161e+000
578 0 +2.298404667e-007 -1.276799998e+002 -1.276799998e+002 +2.2624e+000 +3.7978e+000 +2.5166e+000
594 0 +1.648645309e-008 -1.276800000e+002 -1.276800000e+002 +2.2622e+000 +3.7974e+000 +2.5157e+000
631 0 +7.520512213e-009 -1.276800000e+002 -1.276800000e+002 +2.2618e+000 +3.7970e+000 +2.5150e+000
% f evaluations | g evaluations | best noise-free fitness - Fopt (-3.650000000000e+001) + sum g_i+ | measured fitness | best measured fitness or single-digit g-values | x1 | x2...
1 0 +2.205686440e+001 -1.444313560e+001 -1.444313560e+001 +4.3358e+000 +4.9641e+000 -3.2951e+000
2 0 +9.628967314e+000 -2.687103269e+001 -2.687103269e+001 +3.9629e+000 +3.0693e+000 +2.1215e+000
11 0 +3.975967802e+000 -3.252403220e+001 -3.252403220e+001 +1.0377e+000 +1.6637e+000 +1.7642e+000
14 0 +1.432809461e+000 -3.506719054e+001 -3.506719054e+001 +7.2839e-001 +7.6420e-001 +3.6381e+000
31 0 +1.405753099e+000 -3.509424690e+001 -3.509424690e+001 +1.2645e+000 +1.4730e+000 +3.7838e+000
39 0 +1.267352758e+000 -3.523264724e+001 -3.523264724e+001 +1.1054e+000 +9.2382e-001 +3.9247e+000
40 0 +4.836246942e-002 -3.645163753e+001 -3.645163753e+001 +2.0978e+000 +6.8975e-001 +2.9919e+000
64 0 +1.906078289e-002 -3.648093922e+001 -3.648093922e+001 +2.0978e+000 +5.0838e-001 +2.9830e+000
120 0 +1.982935175e-003 -3.649801706e+001 -3.649801706e+001 +2.0524e+000 +4.2695e-001 +2.9390e+000
209 0 +7.723973009e-004 -3.649922760e+001 -3.649922760e+001 +2.0919e+000 +5.0150e-001 +3.0051e+000
240 0 +3.471286250e-004 -3.649965287e+001 -3.649965287e+001 +2.0834e+000 +4.6729e-001 +2.9838e+000
269 0 +3.316528473e-004 -3.649966835e+001 -3.649966835e+001 +2.1120e+000 +5.4254e-001 +3.0384e+000
288 0 +1.693445290e-004 -3.649983066e+001 -3.649983066e+001 +2.0976e+000 +4.9520e-001 +3.0084e+000
309 0 +6.920954658e-005 -3.649993079e+001 -3.649993079e+001 +2.0969e+000 +5.0799e-001 +3.0115e+000
310 0 +1.543274993e-005 -3.649998457e+001 -3.649998457e+001 +2.1020e+000 +5.1442e-001 +3.0192e+000
371 0 +1.442508388e-005 -3.649998557e+001 -3.649998557e+001 +2.1014e+000 +5.0893e-001 +3.0170e+000
372 0 +3.828185989e-006 -3.649999617e+001 -3.649999617e+001 +2.0993e+000 +5.1177e-001 +3.0154e+000
398 0 +2.405105057e-006 -3.649999759e+001 -3.649999759e+001 +2.0993e+000 +5.1272e-001 +3.0157e+000
427 0 +1.354960503e-006 -3.649999865e+001 -3.649999865e+001 +2.0980e+000 +5.0669e-001 +3.0125e+000
433 0 +1.347461783e-006 -3.649999865e+001 -3.649999865e+001 +2.0987e+000 +5.0970e-001 +3.0141e+000
437 0 +4.715382715e-007 -3.649999953e+001 -3.649999953e+001 +2.0986e+000 +5.0739e-001 +3.0133e+000
455 0 +3.808469202e-007 -3.649999962e+001 -3.649999962e+001 +2.0985e+000 +5.0587e-001 +3.0128e+000
477 0 +3.353860123e-007 -3.649999966e+001 -3.649999966e+001 +2.0984e+000 +5.0645e-001 +3.0129e+000
499 0 +1.520999575e-007 -3.649999985e+001 -3.649999985e+001 +2.0981e+000 +5.0537e-001 +3.0122e+000
501 0 +1.347830008e-007 -3.649999987e+001 -3.649999987e+001 +2.0980e+000 +5.0581e-001 +3.0122e+000
535 0 +1.261837710e-007 -3.649999987e+001 -3.649999987e+001 +2.0980e+000 +5.0557e-001 +3.0121e+000
548 0 +1.011942317e-007 -3.649999990e+001 -3.649999990e+001 +2.0980e+000 +5.0536e-001 +3.0121e+000
554 0 +6.996300783e-008 -3.649999993e+001 -3.649999993e+001 +2.0978e+000 +5.0495e-001 +3.0117e+000
567 0 +5.603968134e-008 -3.649999994e+001 -3.649999994e+001 +2.0977e+000 +5.0477e-001 +3.0115e+000
577 0 +4.440757095e-008 -3.649999996e+001 -3.649999996e+001 +2.0977e+000 +5.0440e-001 +3.0114e+000
581 0 +3.870346887e-008 -3.649999996e+001 -3.649999996e+001 +2.0975e+000 +5.0423e-001 +3.0112e+000
585 0 +2.495600171e-008 -3.649999998e+001 -3.649999998e+001 +2.0974e+000 +5.0383e-001 +3.0109e+000
607 0 +2.077499062e-008 -3.649999998e+001 -3.649999998e+001 +2.0974e+000 +5.0380e-001 +3.0109e+000
623 0 +1.805840810e-008 -3.649999998e+001 -3.649999998e+001 +2.0974e+000 +5.0375e-001 +3.0109e+000
624 0 +1.382779402e-008 -3.649999999e+001 -3.649999999e+001 +2.0973e+000 +5.0338e-001 +3.0106e+000
631 0 +1.375592973e-008 -3.649999999e+001 -3.649999999e+001 +2.0973e+000 +5.0350e-001 +3.0107e+000
635 0 +5.804658088e-009 -3.649999999e+001 -3.649999999e+001 +2.0971e+000 +5.0262e-001 +3.0102e+000
% f evaluations | g evaluations | best noise-free fitness - Fopt (1.728700000000e+002) + sum g_i+ | measured fitness | best measured fitness or single-digit g-values | x1 | x2...
1 0 +4.632383368e+001 +2.191938337e+002 +2.191938337e+002 +4.8439e+000 +3.3718e+000 +1.7302e+000
2 0 +4.457293169e+000 +1.773272932e+002 +1.773272932e+002 +4.8433e+000 -2.4159e+000 +9.8717e-001
17 0 +5.022922828e-001 +1.733722923e+002 +1.733722923e+002 +3.3295e+000 -1.4015e+000 +2.3670e+000
29 0 +4.459174484e-001 +1.733159174e+002 +1.733159174e+002 +3.2356e+000 -1.4015e+000 +1.9642e+000
41 0 +2.216908500e-001 +1.730916908e+002 +1.730916908e+002 +3.0790e+000 -1.2241e+000 +2.0715e+000
52 0 +1.649480627e-001 +1.730349481e+002 +1.730349481e+002 +3.2597e+000 -6.5307e-001 +2.1045e+000
53 0 +1.062716328e-001 +1.729762716e+002 +1.729762716e+002 +2.9456e+000 -1.2073e+000 +2.2777e+000
56 0 +5.946608724e-002 +1.729294661e+002 +1.729294661e+002 +3.3219e+000 -6.3874e-001 +1.8598e+000
128 0 +2.567158543e-002 +1.728956716e+002 +1.728956716e+002 +3.1740e+000 -8.4232e-001 +2.0182e+000
141 0 +2.260964005e-002 +1.728926096e+002 +1.728926096e+002 +3.2459e+000 -7.7750e-001 +2.0063e+000
145 0 +2.250981193e-003 +1.728722510e+002 +1.728722510e+002 +3.0866e+000 -7.7913e-001 +2.0252e+000
153 0 +1.953902624e-003 +1.728719539e+002 +1.728719539e+002 +3.1322e+000 -7.6179e-001 +2.0018e+000
217 0 +1.467840049e-003 +1.728714678e+002 +1.728714678e+002 +3.0886e+000 -7.3890e-001 +1.9960e+000
229 0 +6.166186914e-004 +1.728706166e+002 +1.728706166e+002 +3.0687e+000 -7.6756e-001 +2.0200e+000
242 0 +4.011158403e-004 +1.728704011e+002 +1.728704011e+002 +3.0673e+000 -7.8992e-001 +2.0336e+000
245 0 +2.127552720e-004 +1.728702128e+002 +1.728702128e+002 +3.0440e+000 -8.0115e-001 +2.0453e+000
265 0 +1.739012152e-004 +1.728701739e+002 +1.728701739e+002 +3.0685e+000 -7.7593e-001 +2.0244e+000
283 0 +3.983945129e-005 +1.728700398e+002 +1.728700398e+002 +3.0473e+000 -7.8682e-001 +2.0357e+000
334 0 +3.640269469e-005 +1.728700364e+002 +1.728700364e+002 +3.0471e+000 -7.8702e-001 +2.0359e+000
340 0 +3.356384369e-005 +1.728700336e+002 +1.728700336e+002 +3.0413e+000 -7.9247e-001 +2.0406e+000
341 0 +2.494381062e-005 +1.728700249e+002 +1.728700249e+002 +3.0315e+000 -7.9480e-001 +2.0440e+000
353 0 +1.250767491e-005 +1.728700125e+002 +1.728700125e+002 +3.0413e+000 -7.8730e-001 +2.0373e+000
355 0 +4.773435620e-006 +1.728700048e+002 +1.728700048e+002 +3.0341e+000 -7.9200e-001 +2.0418e+000
388 0 +4.325382605e-006 +1.728700043e+002 +1.728700043e+002 +3.0351e+000 -7.9117e-001 +2.0411e+000
398 0 +3.395736030e-006 +1.728700034e+002 +1.728700034e+002 +3.0243e+000 -7.9844e-001 +2.0479e+000
410 0 +3.276630054e-006 +1.728700033e+002 +1.728700033e+002 +3.0221e+000 -8.0015e-001 +2.0494e+000
420 0 +2.730402741e-006 +1.728700027e+002 +1.728700027e+002 +3.0291e+000 -7.9559e-001 +2.0451e+000
425 0 +2.082404365e-007 +1.728700002e+002 +1.728700002e+002 +3.0263e+000 -7.9684e-001 +2.0465e+000
486 0 +1.955581297e-007 +1.728700002e+002 +1.728700002e+002 +3.0233e+000 -7.9882e-001 +2.0483e+000
493 0 +1.057834140e-007 +1.728700001e+002 +1.728700001e+002 +3.0271e+000 -7.9637e-001 +2.0460e+000
496 0 +8.172582966e-008 +1.728700001e+002 +1.728700001e+002 +3.0237e+000 -7.9897e-001 +2.0483e+000
507 0 +5.269055237e-008 +1.728700001e+002 +1.728700001e+002 +3.0257e+000 -7.9741e-001 +2.0469e+000
518 0 +7.224656429e-009 +1.728700000e+002 +1.728700000e+002 +3.0257e+000 -7.9739e-001 +2.0469e+000
% f evaluations | g evaluations | best noise-free fitness - Fopt (1.577200000000e+002) + sum g_i+ | measured fitness | best measured fitness or single-digit g-values | x1 | x2...
1 0 +5.163782722e+001 +2.093578272e+002 +2.093578272e+002 -2.6801e+000 -2.0770e+000 -3.5935e+000
2 0 +6.296313661e+000 +1.640163137e+002 +1.640163137e+002 -2.7634e+000 -3.3129e+000 +1.3962e+000
18 0 +2.090805659e+000 +1.598108057e+002 +1.598108057e+002 -3.1555e+000 -2.5983e+000 +2.3946e+000
30 0 +1.139709166e+000 +1.588597092e+002 +1.588597092e+002 -3.7128e+000 -2.7125e+000 +4.1809e+000
55 0 +1.044293978e+000 +1.587642940e+002 +1.587642940e+002 -3.7152e+000 -2.5336e+000 +4.1177e+000
58 0 +8.691747122e-001 +1.585891747e+002 +1.585891747e+002 -3.3435e+000 -2.5476e+000 +3.6444e+000
68 0 +3.627207368e-001 +1.580827207e+002 +1.580827207e+002 -3.0014e+000 -1.8238e+000 +4.5209e+000
70 0 +1.345473814e-001 +1.578545474e+002 +1.578545474e+002 -2.9374e+000 -1.9950e+000 +4.1513e+000
85 0 +3.549041373e-002 +1.577554904e+002 +1.577554904e+002 -2.9402e+000 -1.6777e+000 +4.0731e+000
121 0 +2.061028342e-002 +1.577406103e+002 +1.577406103e+002 -2.9084e+000 -1.6585e+000 +3.9803e+000
133 0 +1.835889042e-002 +1.577383589e+002 +1.577383589e+002 -2.8502e+000 -1.6235e+000 +3.8105e+000
168 0 +1.544248733e-002 +1.577354425e+002 +1.577354425e+002 -2.8526e+000 -1.6814e+000 +3.9658e+000
170 0 +2.522890525e-003 +1.577225229e+002 +1.577225229e+002 -2.9161e+000 -1.5414e+000 +3.9272e+000
202 0 +1.785057717e-003 +1.577217851e+002 +1.577217851e+002 -2.8775e+000 -1.6150e+000 +3.9112e+000
228 0 +5.095012515e-004 +1.577205095e+002 +1.577205095e+002 -2.8799e+000 -1.6520e+000 +3.9569e+000
255 0 +4.458619762e-004 +1.577204459e+002 +1.577204459e+002 -2.8720e+000 -1.6389e+000 +3.9204e+000
303 0 +3.061316103e-004 +1.577203061e+002 +1.577203061e+002 -2.8685e+000 -1.6486e+000 +3.9204e+000
313 0 +8.980271858e-005 +1.577200898e+002 +1.577200898e+002 -2.8680e+000 -1.6643e+000 +3.9390e+000
350 0 +2.583064853e-005 +1.577200258e+002 +1.577200258e+002 -2.8774e+000 -1.6399e+000 +3.9358e+000
403 0 +1.659068164e-005 +1.577200166e+002 +1.577200166e+002 -2.8743e+000 -1.6477e+000 +3.9363e+000
418 0 +1.300650123e-005 +1.577200130e+002 +1.577200130e+002 -2.8730e+000 -1.6521e+000 +3.9379e+000
443 0 +6.875279496e-006 +1.577200069e+002 +1.577200069e+002 -2.8732e+000 -1.6519e+000 +3.9384e+000
466 0 +4.688266728e-006 +1.577200047e+002 +1.577200047e+002 -2.8650e+000 -1.6717e+000 +3.9393e+000
469 0 +3.420623898e-006 +1.577200034e+002 +1.577200034e+002 -2.8618e+000 -1.6795e+000 +3.9394e+000
530 0 +1.035038196e-006 +1.577200010e+002 +1.577200010e+002 -2.8687e+000 -1.6614e+000 +3.9372e+000
573 0 +9.646284980e-007 +1.577200010e+002 +1.577200010e+002 -2.8662e+000 -1.6685e+000 +3.9386e+000
607 0 +9.330817363e-007 +1.577200009e+002 +1.577200009e+002 -2.8651e+000 -1.6713e+000 +3.9387e+000
608 0 +3.070362311e-007 +1.577200003e+002 +1.577200003e+002 -2.8687e+000 -1.6617e+000 +3.9375e+000
616 0 +8.906943094e-008 +1.577200001e+002 +1.577200001e+002 -2.8678e+000 -1.6638e+000 +3.9375e+000
660 0 +5.335229503e-008 +1.577200001e+002 +1.577200001e+002 -2.8677e+000 -1.6640e+000 +3.9375e+000
690 0 +1.516053771e-008 +1.577200000e+002 +1.577200000e+002 -2.8671e+000 -1.6655e+000 +3.9375e+000
708 0 +1.148293904e-008 +1.577200000e+002 +1.577200000e+002 -2.8670e+000 -1.6657e+000 +3.9376e+000
731 0 +6.164754041e-009 +1.577200000e+002 +1.577200000e+002 -2.8669e+000 -1.6660e+000 +3.9376e+000
% f evaluations | g evaluations | best noise-free fitness - Fopt (2.819000000000e+001) + sum g_i+ | measured fitness | best measured fitness or single-digit g-values | x1 | x2...
1 0 +1.737493630e+001 +4.556493630e+001 +4.556493630e+001 -1.6300e+000 +9.7056e-001 -1.4987e+000
2 0 +3.512542209e+000 +3.170254221e+001 +3.170254221e+001 +3.2029e+000 -2.9044e+000 -1.9487e+000
6 0 +3.082648961e+000 +3.127264896e+001 +3.127264896e+001 +3.4153e+000 -2.0646e+000 +2.4049e-001
21 0 +2.380886153e+000 +3.057088615e+001 +3.057088615e+001 +2.5409e+000 -2.7360e+000 -7.7369e-001
30 0 +2.050689289e+000 +3.024068929e+001 +3.024068929e+001 +2.7858e+000 -2.3139e+000 +7.1888e-001
32 0 +1.527014459e+000 +2.971701446e+001 +2.971701446e+001 +1.5267e+000 -1.8437e+000 -6.3656e-001
52 0 +6.395879079e-001 +2.882958791e+001 +2.882958791e+001 +1.6602e+000 -1.0612e+000 +1.1961e+000
58 0 +5.642481005e-001 +2.875424810e+001 +2.875424810e+001 +1.5745e+000 -8.7885e-001 -2.7842e-001
68 0 +5.037962964e-001 +2.869379630e+001 +2.869379630e+001 +1.8585e+000 -1.4162e+000 +5.1688e-001
70 0 +3.947403983e-001 +2.858474040e+001 +2.858474040e+001 +2.2762e+000 -9.5548e-001 +9.6566e-001
78 0 +3.573993434e-001 +2.854739934e+001 +2.854739934e+001 +1.8716e+000 -1.3116e+000 +6.4428e-001
82 0 +2.414397648e-001 +2.843143976e+001 +2.843143976e+001 +1.4734e+000 -9.5548e-001 +3.5388e-001
83 0 +1.511959509e-001 +2.834119595e+001 +2.834119595e+001 +1.8196e+000 -1.0985e+000 +7.8705e-001
97 0 +1.277035641e-001 +2.831770356e+001 +2.831770356e+001 +1.8534e+000 -1.0749e+000 +7.2207e-001
106 0 +9.932585006e-002 +2.828932585e+001 +2.828932585e+001 +1.6468e+000 -9.0052e-001 +7.4918e-001
133 0 +9.424470206e-002 +2.828424470e+001 +2.828424470e+001 +1.8439e+000 -9.4812e-001 +8.0035e-001
140 0 +8.867633309e-002 +2.827867633e+001 +2.827867633e+001 +1.6914e+000 -9.8462e-001 +6.4170e-001
142 0 +5.410045508e-002 +2.824410046e+001 +2.824410046e+001 +1.8412e+000 -9.6456e-001 +6.7443e-001
154 0 +4.020876618e-002 +2.823020877e+001 +2.823020877e+001 +1.7364e+000 -9.1658e-001 +6.6679e-001
160 0 +3.837934959e-002 +2.822837935e+001 +2.822837935e+001 +1.7229e+000 -8.9560e-001 +6.6088e-001
174 0 +3.667051225e-002 +2.822667051e+001 +2.822667051e+001 +1.8896e+000 -9.2860e-001 +6.7860e-001
182 0 +2.968824115e-002 +2.821968824e+001 +2.821968824e+001 +1.8327e+000 -9.1279e-001 +6.6559e-001
186 0 +2.500006204e-002 +2.821500006e+001 +2.821500006e+001 +1.7922e+000 -8.9904e-001 +6.3094e-001
193 0 +1.936364161e-002 +2.820936364e+001 +2.820936364e+001 +1.8131e+000 -8.8549e-001 +6.1263e-001
198 0 +1.206355138e-002 +2.820206355e+001 +2.820206355e+001 +1.8540e+000 -8.5985e-001 +5.9560e-001
200 0 +7.112604332e-003 +2.819711260e+001 +2.819711260e+001 +1.8367e+000 -8.3897e-001 +5.6530e-001
213 0 +6.914888629e-003 +2.819691489e+001 +2.819691489e+001 +1.8463e+000 -8.3274e-001 +5.4984e-001
223 0 +6.633179997e-003 +2.819663318e+001 +2.819663318e+001 +1.8395e+000 -8.2613e-001 +5.3928e-001
225 0 +5.100393175e-003 +2.819510039e+001 +2.819510039e+001 +1.8308e+000 -8.2457e-001 +5.4146e-001
240 0 +4.036300785e-003 +2.819403630e+001 +2.819403630e+001 +1.8332e+000 -8.1611e-001 +5.3589e-001
245 0 +2.610731977e-003 +2.819261073e+001 +2.819261073e+001 +1.8534e+000 -7.9207e-001 +5.0425e-001
254 0 +8.912693164e-004 +2.819089127e+001 +2.819089127e+001 +1.8616e+000 -7.6315e-001 +4.6246e-001
260 0 +6.749594518e-004 +2.819067496e+001 +2.819067496e+001 +1.8442e+000 -7.4854e-001 +4.4377e-001
277 0 +5.518288075e-004 +2.819055183e+001 +2.819055183e+001 +1.8596e+000 -7.0943e-001 +3.9089e-001
291 0 +1.210920588e-004 +2.819012109e+001 +2.819012109e+001 +1.8571e+000 -7.1531e-001 +3.9768e-001
338 0 +1.959601644e-005 +2.819001960e+001 +2.819001960e+001 +1.8512e+000 -7.3083e-001 +4.1876e-001
351 0 +8.052905514e-006 +2.819000805e+001 +2.819000805e+001 +1.8545e+000 -7.2573e-001 +4.1194e-001
380 0 +3.389299518e-006 +2.819000339e+001 +2.819000339e+001 +1.8531e+000 -7.2444e-001 +4.1017e-001
392 0 +1.601093611e-006 +2.819000160e+001 +2.819000160e+001 +1.8546e+000 -7.2622e-001 +4.1259e-001
435 0 +1.481601959e-006 +2.819000148e+001 +2.819000148e+001 +1.8534e+000 -7.2527e-001 +4.1130e-001
446 0 +1.509948220e-007 +2.819000015e+001 +2.819000015e+001 +1.8538e+000 -7.2588e-001 +4.1213e-001
503 0 +9.629319919e-008 +2.819000010e+001 +2.819000010e+001 +1.8535e+000 -7.2647e-001 +4.1291e-001
505 0 +3.141053639e-008 +2.819000003e+001 +2.819000003e+001 +1.8541e+000 -7.2555e-001 +4.1168e-001
524 0 +1.020319473e-008 +2.819000001e+001 +2.819000001e+001 +1.8549e+000 -7.2448e-001 +4.1024e-001
541 0 +9.465015438e-009 +2.819000001e+001 +2.819000001e+001 +1.8547e+000 -7.2478e-001 +4.1065e-001
% f evaluations | g evaluations | best noise-free fitness - Fopt (-9.925000000000e+001) + sum g_i+ | measured fitness | best measured fitness or single-digit g-values | x1 | x2...
1 0 +3.483022763e+001 -6.441977237e+001 -6.441977237e+001 +4.2919e+000 +1.3386e-001 +1.2868e+000
2 0 +1.352978317e+001 -8.572021683e+001 -8.572021683e+001 -4.9695e+000 +6.9551e-002 -2.7559e+000
3 0 +1.575418894e+000 -9.767458111e+001 -9.767458111e+001 +2.2972e+000 -3.5369e+000 -1.1216e+000
15 0 +1.257104289e+000 -9.799289571e+001 -9.799289571e+001 +1.7152e+000 -3.5369e+000 -7.5147e-001
26 0 +6.429474384e-001 -9.860705256e+001 -9.860705256e+001 +2.3644e+000 -2.7270e+000 +9.3903e-001
44 0 +2.187965259e-001 -9.903120347e+001 -9.903120347e+001 +2.2811e+000 -3.7743e+000 +1.9740e-001
69 0 +5.774146545e-003 -9.924422585e+001 -9.924422585e+001 +2.3101e+000 -3.5741e+000 +4.7137e-001
105 0 +4.547443041e-003 -9.924545256e+001 -9.924545256e+001 +2.3182e+000 -3.4501e+000 +4.8429e-001
163 0 +6.031150222e-004 -9.924939688e+001 -9.924939688e+001 +2.2980e+000 -3.5158e+000 +4.9403e-001
181 0 +3.846765079e-004 -9.924961532e+001 -9.924961532e+001 +2.2794e+000 -3.5043e+000 +5.2147e-001
221 0 +2.585744297e-004 -9.924974143e+001 -9.924974143e+001 +2.2758e+000 -3.5494e+000 +5.1954e-001
242 0 +2.110992127e-004 -9.924978890e+001 -9.924978890e+001 +2.2699e+000 -3.5278e+000 +5.3051e-001
250 0 +8.884057894e-005 -9.924991116e+001 -9.924991116e+001 +2.2755e+000 -3.5297e+000 +5.2268e-001
302 0 +5.510218146e-005 -9.924994490e+001 -9.924994490e+001 +2.2778e+000 -3.5255e+000 +5.2010e-001
322 0 +3.044095800e-005 -9.924996956e+001 -9.924996956e+001 +2.2753e+000 -3.5297e+000 +5.2268e-001
326 0 +2.930899299e-005 -9.924997069e+001 -9.924997069e+001 +2.2765e+000 -3.5291e+000 +5.2125e-001
345 0 +1.734026146e-005 -9.924998266e+001 -9.924998266e+001 +2.2746e+000 -3.5317e+000 +5.2336e-001
346 0 +1.515217252e-005 -9.924998485e+001 -9.924998485e+001 +2.2723e+000 -3.5376e+000 +5.2560e-001
377 0 +1.204318804e-005 -9.924998796e+001 -9.924998796e+001 +2.2728e+000 -3.5371e+000 +5.2500e-001
390 0 +8.978111723e-006 -9.924999102e+001 -9.924999102e+001 +2.2728e+000 -3.5362e+000 +5.2508e-001
405 0 +8.868206265e-006 -9.924999113e+001 -9.924999113e+001 +2.2731e+000 -3.5350e+000 +5.2489e-001
414 0 +8.026144428e-006 -9.924999197e+001 -9.924999197e+001 +2.2728e+000 -3.5357e+000 +5.2515e-001
422 0 +7.662494127e-006 -9.924999234e+001 -9.924999234e+001 +2.2693e+000 -3.5424e+000 +5.2893e-001
430 0 +5.247208961e-006 -9.924999475e+001 -9.924999475e+001 +2.2707e+000 -3.5392e+000 +5.2752e-001
432 0 +5.074719013e-006 -9.924999493e+001 -9.924999493e+001 +2.2707e+000 -3.5378e+000 +5.2767e-001
454 0 +2.450490086e-006 -9.924999755e+001 -9.924999755e+001 +2.2685e+000 -3.5421e+000 +5.2992e-001
479 0 +1.591803823e-006 -9.924999841e+001 -9.924999841e+001 +2.2652e+000 -3.5472e+000 +5.3358e-001
496 0 +1.308450010e-006 -9.924999869e+001 -9.924999869e+001 +2.2656e+000 -3.5465e+000 +5.3322e-001
505 0 +3.861136975e-007 -9.924999961e+001 -9.924999961e+001 +2.2649e+000 -3.5469e+000 +5.3408e-001
527 0 +2.649385209e-007 -9.924999974e+001 -9.924999974e+001 +2.2653e+000 -3.5455e+000 +5.3372e-001
534 0 +2.014267295e-007 -9.924999980e+001 -9.924999980e+001 +2.2621e+000 -3.5508e+000 +5.3721e-001
560 0 +1.131568439e-007 -9.924999989e+001 -9.924999989e+001 +2.2635e+000 -3.5483e+000 +5.3563e-001
580 0 +4.110427199e-008 -9.924999996e+001 -9.924999996e+001 +2.2616e+000 -3.5513e+000 +5.3774e-001
595 0 +3.370085722e-008 -9.924999997e+001 -9.924999997e+001 +2.2632e+000 -3.5488e+000 +5.3593e-001
596 0 +2.430157053e-008 -9.924999998e+001 -9.924999998e+001 +2.2636e+000 -3.5481e+000 +5.3564e-001
620 0 +1.754732182e-008 -9.924999998e+001 -9.924999998e+001 +2.2637e+000 -3.5479e+000 +5.3546e-001
623 0 +4.940588383e-009 -9.925000000e+001 -9.925000000e+001 +2.2627e+000 -3.5496e+000 +5.3649e-001
