% f evaluations | g evaluations | best noise-free fitness - Fopt (-5.494000000000e+001) + sum g_i+ | measured fitness | best measured fitness or single-digit g-values | x1 | x2...
1 0 +3.573528384e+006 +3.573473444e+006 +3.573473444e+006 -3.7389e+000 +8.7264e-001 -7.0392e-001
2 0 +3.472887653e+006 +3.472832713e+006 +3.472832713e+006 -1.1422e+000 -2.8611e+000 +1.0159e+000
3 0 +1.323609757e+006 +1.323554817e+006 +1.323554817e+006 -6.1462e-002 -2.4955e+000 -2.1733e-001
6 0 +3.111250129e+005 +3.110700729e+005 +3.110700729e+005 -3.2862e+000 -2.0820e+000 -2.0426e+000
9 0 +9.935330385e+004 +9.929836385e+004 +9.929836385e+004 +5.0000e+000 -1.8675e+000 -6.2665e-001
10 0 +6.673648925e+004 +6.668154925e+004 +6.668154925e+004 -5.0508e-002 -1.1894e+000 -5.3532e-001
11 0 +1.854965732e+004 +1.849471732e+004 +1.849471732e+004 -2.7625e-001 -1.8215e+000 -1.3492e+000
12 0 +1.688174429e+004 +1.682680429e+004 +1.682680429e+004 -2.3428e-001 -1.8119e+000 -1.3498e+000
20 0 +5.461291145e+003 +5.406351145e+003 +5.406351145e+003 -8.3588e-001 -1.5404e+000 -1.3728e+000
68 0 +4.073553841e+003 +4.018613841e+003 +4.018613841e+003 -1.1437e+000 -2.0850e+000 -3.1931e+000
116 0 +2.041860675e+003 +1.986920675e+003 +1.986920675e+003 -5.8661e-001 -1.1892e+000 +8.3174e-003
117 0 +9.773167819e+002 +9.223767819e+002 +9.223767819e+002 -2.1539e+000 -5.9131e-001 +1.4494e+000
126 0 +9.134971349e+002 +8.585571349e+002 +8.585571349e+002 -2.5948e+000 -8.5389e-001 +3.1718e-001
186 0 +8.224807697e+002 +7.675407697e+002 +7.675407697e+002 -1.4973e+000 -1.2114e+000 -2.5111e-001
194 0 +4.667391668e+002 +4.117991668e+002 +4.117991668e+002 -1.0125e+000 -1.5524e+000 -1.2492e+000
216 0 +1.089603742e+002 +5.402037424e+001 +5.402037424e+001 -1.9805e+000 -1.0726e+000 -1.0289e-001
220 0 +3.283523418e+001 -2.210476582e+001 -2.210476582e+001 -1.5290e+000 -1.2494e+000 -4.6941e-001
264 0 +2.608599875e+001 -2.885400125e+001 -2.885400125e+001 -1.6353e+000 -1.4325e+000 -1.1108e+000
294 0 +2.348089084e+001 -3.145910916e+001 -3.145910916e+001 -1.5708e+000 -1.3904e+000 -9.3436e-001
325 0 +1.217979501e+001 -4.276020499e+001 -4.276020499e+001 -1.7273e+000 -1.0132e+000 +2.0595e-001
340 0 +6.509458564e-001 -5.428905414e+001 -5.428905414e+001 -1.6962e+000 -1.2800e+000 -6.3560e-001
422 0 +4.462317227e-001 -5.449376828e+001 -5.449376828e+001 -1.7346e+000 -1.4948e+000 -1.3330e+000
471 0 +3.213961382e-002 -5.490786039e+001 -5.490786039e+001 -1.7322e+000 -1.5586e+000 -1.5365e+000
554 0 +2.251917525e-002 -5.491748082e+001 -5.491748082e+001 -1.7334e+000 -1.5433e+000 -1.4885e+000
648 0 +2.096623421e-002 -5.491903377e+001 -5.491903377e+001 -1.7321e+000 -1.5336e+000 -1.4575e+000
666 0 +9.794131007e-004 -5.493902059e+001 -5.493902059e+001 -1.7254e+000 -1.4994e+000 -1.3457e+000
708 0 +2.811436073e-004 -5.493971886e+001 -5.493971886e+001 -1.7258e+000 -1.5033e+000 -1.3583e+000
721 0 +1.841605560e-004 -5.493981584e+001 -5.493981584e+001 -1.7264e+000 -1.5052e+000 -1.3646e+000
769 0 +3.266326222e-005 -5.493996734e+001 -5.493996734e+001 -1.7266e+000 -1.5097e+000 -1.3791e+000
804 0 +2.033246252e-005 -5.493997967e+001 -5.493997967e+001 -1.7265e+000 -1.5083e+000 -1.3746e+000
873 0 +1.845075948e-005 -5.493998155e+001 -5.493998155e+001 -1.7266e+000 -1.5090e+000 -1.3770e+000
957 0 +1.362865795e-005 -5.493998637e+001 -5.493998637e+001 -1.7263e+000 -1.5071e+000 -1.3707e+000
1009 0 +8.986238008e-006 -5.493999101e+001 -5.493999101e+001 -1.7265e+000 -1.5085e+000 -1.3753e+000
1044 0 +1.757594198e-006 -5.493999824e+001 -5.493999824e+001 -1.7264e+000 -1.5084e+000 -1.3749e+000
1066 0 +4.747137723e-007 -5.493999953e+001 -5.493999953e+001 -1.7264e+000 -1.5081e+000 -1.3740e+000
1147 0 +2.076596175e-007 -5.493999979e+001 -5.493999979e+001 -1.7264e+000 -1.5079e+000 -1.3734e+000
1184 0 +1.319045921e-007 -5.493999987e+001 -5.493999987e+001 -1.7264e+000 -1.5080e+000 -1.3737e+000
1202 0 +1.065859578e-008 -5.493999999e+001 -5.493999999e+001 -1.7264e+000 -1.5080e+000 -1.3736e+000
1278 0 +7.430891458e-009 -5.493999999e+001 -5.493999999e+001 -1.7264e+000 -1.5080e+000 -1.3736e+000
% f evaluations | g evaluations | best noise-free fitness - Fopt (5.913000000000e+001) + sum g_i+ | measured fitness | best measured fitness or single-digit g-values | x1 | x2...
1 0 +2.517078294e+007 +2.517084207e+007 +2.517084207e+007 -4.5174e+000 -3.8278e+000 +2.8179e+000
2 0 +7.884203155e+006 +7.884262285e+006 +7.884262285e+006 +2.1965e+000 -3.0548e+000 -4.6056e+000
3 0 +2.198698058e+006 +2.198757188e+006 +2.198757188e+006 -3.6696e+000 +4.2151e+000 +6.9273e-001
4 0 +2.460908316e+005 +2.461499616e+005 +2.461499616e+005 -1.8575e+000 +2.8887e+000 -3.1801e+000
11 0 +5.270561049e+004 +5.276474049e+004 +5.276474049e+004 -1.2733e+000 +1.6343e+000 -2.9323e+000
12 0 +4.118167049e+003 +4.177297049e+003 +4.177297049e+003 -1.7667e+000 +1.9318e+000 -2.2715e+000
40 0 +2.292604881e+003 +2.351734881e+003 +2.351734881e+003 -2.9404e+000 +1.9435e+000 +4.8113e-001
110 0 +1.069634386e+003 +1.128764386e+003 +1.128764386e+003 -2.7310e+000 +2.5707e+000 -2.2013e+000
218 0 +6.938767350e+002 +7.530067350e+002 +7.530067350e+002 +4.1056e-001 +9.3086e-001 -2.8433e+000
235 0 +3.658445180e+000 +6.278844518e+001 +6.278844518e+001 -1.7080e+000 +1.9084e+000 -2.0018e+000
330 0 +8.735052641e-001 +6.000350526e+001 +6.000350526e+001 -2.0166e+000 +2.0381e+000 -1.8142e+000
495 0 +2.283410554e-001 +5.935834106e+001 +5.935834106e+001 -2.0093e+000 +2.0327e+000 -1.8126e+000
533 0 +1.641856181e-002 +5.914641856e+001 +5.914641856e+001 -2.1828e+000 +2.0912e+000 -1.6573e+000
584 0 +1.499462905e-002 +5.914499463e+001 +5.914499463e+001 -2.2307e+000 +2.1086e+000 -1.6186e+000
635 0 +6.876845971e-003 +5.913687685e+001 +5.913687685e+001 -2.2010e+000 +2.0976e+000 -1.6416e+000
695 0 +3.075394847e-003 +5.913307539e+001 +5.913307539e+001 -2.2642e+000 +2.1205e+000 -1.5911e+000
754 0 +1.671896608e-003 +5.913167190e+001 +5.913167190e+001 -2.2340e+000 +2.1097e+000 -1.6158e+000
784 0 +1.143577834e-003 +5.913114358e+001 +5.913114358e+001 -2.2377e+000 +2.1110e+000 -1.6129e+000
834 0 +1.980804859e-004 +5.913019808e+001 +5.913019808e+001 -2.2512e+000 +2.1158e+000 -1.6015e+000
863 0 +1.935051222e-004 +5.913019351e+001 +5.913019351e+001 -2.2526e+000 +2.1164e+000 -1.6006e+000
874 0 +1.263937547e-004 +5.913012639e+001 +5.913012639e+001 -2.2560e+000 +2.1175e+000 -1.5977e+000
926 0 +1.606842516e-005 +5.913001607e+001 +5.913001607e+001 -2.2591e+000 +2.1186e+000 -1.5949e+000
1016 0 +9.226660872e-006 +5.913000923e+001 +5.913000923e+001 -2.2597e+000 +2.1188e+000 -1.5946e+000
1039 0 +2.653771531e-006 +5.913000265e+001 +5.913000265e+001 -2.2602e+000 +2.1190e+000 -1.5942e+000
1064 0 +1.393858639e-006 +5.913000139e+001 +5.913000139e+001 -2.2603e+000 +2.1190e+000 -1.5940e+000
1085 0 +1.245075161e-006 +5.913000125e+001 +5.913000125e+001 -2.2606e+000 +2.1191e+000 -1.5938e+000
1126 0 +1.322146730e-007 +5.913000013e+001 +5.913000013e+001 -2.2607e+000 +2.1192e+000 -1.5937e+000
1196 0 +8.768282100e-008 +5.913000009e+001 +5.913000009e+001 -2.2609e+000 +2.1192e+000 -1.5935e+000
1297 0 +1.861938159e-008 +5.913000002e+001 +5.913000002e+001 -2.2607e+000 +2.1192e+000 -1.5936e+000
1314 0 +6.231189786e-009 +5.913000001e+001 +5.913000001e+001 -2.2609e+000 +2.1192e+000 -1.5936e+000
% f evaluations | g evaluations | best noise-free fitness - Fopt (-4.915300000000e+002) + sum g_i+ | measured fitness | best measured fitness or single-digit g-values | x1 | x2...
1 0 +1.485752489e+007 +1.485703336e+007 +1.485703336e+007 -5.6734e-001 -6.5092e-001 +2.2597e+000
2 0 +6.703262758e+004 +6.654109758e+004 +6.654109758e+004 -2.1666e+000 +1.2647e+000 -3.1151e+000
11 0 +1.000015834e+004 +9.508628338e+003 +9.508628338e+003 -1.1560e+000 -6.2695e-001 -2.5692e+000
118 0 +6.565512821e+003 +6.073982821e+003 +6.073982821e+003 -2.5360e+000 +5.8108e-001 -2.1867e+000
134 0 +3.197062496e+003 +2.705532496e+003 +2.705532496e+003 -2.1368e+000 -7.1169e-001 -1.7128e+000
135 0 +2.665446821e+003 +2.173916821e+003 +2.173916821e+003 +4.3163e-001 -2.5171e-001 -3.6045e+000
164 0 +7.600493382e+001 -4.155250662e+002 -4.155250662e+002 -2.2803e+000 -2.3180e+000 -7.9454e-001
231 0 +6.417300239e+001 -4.273569976e+002 -4.273569976e+002 -3.0320e+000 -3.0468e+000 +8.2094e-002
267 0 +1.969804585e+001 -4.718319542e+002 -4.718319542e+002 -2.1372e+000 -2.4008e+000 -8.4842e-001
299 0 +1.450707500e+001 -4.770229250e+002 -4.770229250e+002 -1.6064e+000 -2.0738e+000 -1.3681e+000
327 0 +1.051122263e+001 -4.810187774e+002 -4.810187774e+002 -1.9559e+000 -2.2602e+000 -1.0442e+000
346 0 +9.220392815e+000 -4.823096072e+002 -4.823096072e+002 -1.8118e+000 -2.1584e+000 -1.1916e+000
459 0 +4.854802955e-001 -4.910445197e+002 -4.910445197e+002 +4.8390e-001 -5.1326e-001 -3.5598e+000
504 0 +1.095864906e-001 -4.914204135e+002 -4.914204135e+002 +2.4263e-001 -6.8893e-001 -3.3096e+000
525 0 +9.741984177e-002 -4.914325802e+002 -4.914325802e+002 +2.2179e-001 -7.0117e-001 -3.2896e+000
576 0 +2.571028111e-002 -4.915042897e+002 -4.915042897e+002 +5.6138e-002 -8.1374e-001 -3.1216e+000
613 0 +1.978166338e-002 -4.915102183e+002 -4.915102183e+002 +6.1774e-002 -8.0897e-001 -3.1279e+000
635 0 +1.426602220e-002 -4.915157340e+002 -4.915157340e+002 +9.2789e-002 -7.8746e-001 -3.1596e+000
677 0 +2.121822432e-003 -4.915278782e+002 -4.915278782e+002 +7.1472e-002 -8.0514e-001 -3.1364e+000
739 0 +1.982297672e-004 -4.915298018e+002 -4.915298018e+002 +6.9925e-002 -8.0758e-001 -3.1340e+000
807 0 +4.172508056e-006 -4.915299958e+002 -4.915299958e+002 +7.1372e-002 -8.0690e-001 -3.1353e+000
1048 0 +3.798569594e-006 -4.915299962e+002 -4.915299962e+002 +7.2708e-002 -8.0595e-001 -3.1367e+000
1107 0 +7.074935979e-007 -4.915299993e+002 -4.915299993e+002 +7.1518e-002 -8.0674e-001 -3.1355e+000
1127 0 +5.758150223e-007 -4.915299994e+002 -4.915299994e+002 +7.1793e-002 -8.0654e-001 -3.1358e+000
1169 0 +1.397870619e-008 -4.915300000e+002 -4.915300000e+002 +7.2067e-002 -8.0635e-001 -3.1361e+000
1181 0 +3.680781901e-009 -4.915300000e+002 -4.915300000e+002 +7.2011e-002 -8.0639e-001 -3.1360e+000
% f evaluations | g evaluations | best noise-free fitness - Fopt (-1.702000000000e+002) + sum g_i+ | measured fitness | best measured fitness or single-digit g-values | x1 | x2...
1 0 +6.706734169e+006 +6.706563969e+006 +6.706563969e+006 -2.8055e+000 +2.0428e+000 -7.3076e-001
3 0 +2.045637554e+005 +2.043935554e+005 +2.043935554e+005 -1.9924e+000 -2.5732e+000 -2.0092e-001
11 0 +9.944739348e+003 +9.774539348e+003 +9.774539348e+003 -5.0000e+000 -9.2722e-001 +2.7025e-001
101 0 +2.202527112e+003 +2.032327112e+003 +2.032327112e+003 -4.6981e+000 -1.2636e-001 -9.7990e-001
160 0 +1.032257080e+003 +8.620570803e+002 +8.620570803e+002 -3.5702e+000 -1.2317e+000 -9.1619e-001
169 0 +1.101134338e+002 -6.008656619e+001 -6.008656619e+001 -2.3730e+000 -1.9327e+000 -1.5033e+000
199 0 +6.324290900e+001 -1.069570910e+002 -1.069570910e+002 -2.4062e+000 -1.9422e+000 -1.4530e+000
234 0 +3.669373095e+001 -1.335062690e+002 -1.335062690e+002 -2.8867e+000 -1.4636e+000 -1.5110e+000
321 0 +2.688525468e+001 -1.433147453e+002 -1.433147453e+002 -2.9892e+000 -1.5567e+000 -1.2529e+000
345 0 +1.300044159e+001 -1.571995584e+002 -1.571995584e+002 -3.5390e+000 -7.7743e-001 -1.6208e+000
346 0 +1.150691053e+001 -1.586930895e+002 -1.586930895e+002 -3.0522e+000 -1.3049e+000 -1.5152e+000
377 0 +3.873355501e+000 -1.663266445e+002 -1.663266445e+002 -3.1058e+000 -1.2620e+000 -1.5033e+000
504 0 +8.064975877e-001 -1.693935024e+002 -1.693935024e+002 -2.9895e+000 -1.4266e+000 -1.4245e+000
517 0 +2.725036813e-001 -1.699274963e+002 -1.699274963e+002 -3.5951e+000 -7.2231e-001 -1.6183e+000
607 0 +4.616091298e-002 -1.701538391e+002 -1.701538391e+002 -3.4735e+000 -8.5690e-001 -1.5877e+000
701 0 +9.553721796e-003 -1.701904463e+002 -1.701904463e+002 -3.5689e+000 -7.4109e-001 -1.6252e+000
732 0 +1.777322534e-003 -1.701982227e+002 -1.701982227e+002 -3.5367e+000 -7.8129e-001 -1.6110e+000
769 0 +4.121590008e-004 -1.701995878e+002 -1.701995878e+002 -3.5515e+000 -7.6374e-001 -1.6162e+000
793 0 +3.001502153e-004 -1.701996998e+002 -1.701996998e+002 -3.5543e+000 -7.6041e-001 -1.6172e+000
840 0 +7.174680067e-005 -1.701999283e+002 -1.701999283e+002 -3.5617e+000 -7.5154e-001 -1.6199e+000
878 0 +1.030382825e-005 -1.701999897e+002 -1.701999897e+002 -3.5594e+000 -7.5426e-001 -1.6192e+000
1046 0 +4.769881343e-006 -1.701999952e+002 -1.701999952e+002 -3.5595e+000 -7.5405e-001 -1.6194e+000
1064 0 +1.657461837e-006 -1.701999983e+002 -1.701999983e+002 -3.5599e+000 -7.5350e-001 -1.6195e+000
1188 0 +1.429157180e-006 -1.701999986e+002 -1.701999986e+002 -3.5599e+000 -7.5359e-001 -1.6194e+000
1189 0 +3.398559159e-007 -1.701999997e+002 -1.701999997e+002 -3.5589e+000 -7.5471e-001 -1.6191e+000
1202 0 +1.142743429e-007 -1.701999999e+002 -1.701999999e+002 -3.5591e+000 -7.5452e-001 -1.6192e+000
1290 0 +1.355135737e-008 -1.702000000e+002 -1.702000000e+002 -3.5592e+000 -7.5440e-001 -1.6192e+000
1303 0 +1.074712941e-008 -1.702000000e+002 -1.702000000e+002 -3.5592e+000 -7.5435e-001 -1.6192e+000
1339 0 +5.536747949e-009 -1.702000000e+002 -1.702000000e+002 -3.5592e+000 -7.5436e-001 -1.6192e+000
% f evaluations | g evaluations | best noise-free fitness - Fopt (-4.697500000000e+002) + sum g_i+ | measured fitness | best measured fitness or single-digit g-values | x1 | x2...
1 0 +1.590209929e+006 +1.589740179e+006 +1.589740179e+006 +7.2902e-001 -2.2992e-001 +2.7109e+000
8 0 +1.166982681e+006 +1.166512931e+006 +1.166512931e+006 -3.2622e-001 -5.0000e+000 +5.0000e+000
11 0 +1.559225402e+003 +1.089475402e+003 +1.089475402e+003 +7.6857e-001 -2.9911e+000 +3.0952e+000
39 0 +7.655205754e+002 +2.957705754e+002 +2.957705754e+002 +2.2107e+000 -4.8470e+000 +2.4023e-001
151 0 +1.878662020e+002 -2.818837980e+002 -2.818837980e+002 +3.9117e-001 -2.8506e+000 +3.5665e+000
229 0 +1.090963455e+002 -3.606536545e+002 -3.606536545e+002 +2.8194e-001 -3.6356e+000 +3.2842e+000
241 0 +1.119365267e+001 -4.585563473e+002 -4.585563473e+002 -1.7497e-001 -2.8072e+000 +4.2766e+000
366 0 +4.525538906e+000 -4.652244611e+002 -4.652244611e+002 +3.2449e-001 -3.2751e+000 +3.4174e+000
497 0 +1.572572766e+000 -4.681774272e+002 -4.681774272e+002 +4.5488e-001 -3.5707e+000 +3.0969e+000
523 0 +2.029720632e-001 -4.695470279e+002 -4.695470279e+002 +1.5750e-001 -3.1465e+000 +3.6916e+000
556 0 +7.186636730e-002 -4.696781336e+002 -4.696781336e+002 +5.6776e-002 -3.0132e+000 +3.8862e+000
688 0 +6.898354337e-003 -4.697431016e+002 -4.697431016e+002 +5.3582e-003 -2.9364e+000 +3.9912e+000
706 0 +5.962348262e-003 -4.697440377e+002 -4.697440377e+002 +4.5255e-002 -2.9949e+000 +3.9107e+000
769 0 +2.866404592e-003 -4.697471336e+002 -4.697471336e+002 +2.7536e-002 -2.9699e+000 +3.9460e+000
802 0 +6.133157607e-004 -4.697493867e+002 -4.697493867e+002 +2.0626e-002 -2.9594e+000 +3.9601e+000
821 0 +3.450102082e-005 -4.697499655e+002 -4.697499655e+002 +2.4620e-002 -2.9648e+000 +3.9523e+000
977 0 +2.068098098e-005 -4.697499793e+002 -4.697499793e+002 +2.5299e-002 -2.9655e+000 +3.9510e+000
1068 0 +1.114091219e-006 -4.697499989e+002 -4.697499989e+002 +2.6219e-002 -2.9670e+000 +3.9491e+000
1124 0 +6.136150432e-008 -4.697499999e+002 -4.697499999e+002 +2.6364e-002 -2.9671e+000 +3.9489e+000
1217 0 +4.693526989e-008 -4.697500000e+002 -4.697500000e+002 +2.6371e-002 -2.9672e+000 +3.9489e+000
1274 0 +2.479004024e-008 -4.697500000e+002 -4.697500000e+002 +2.6341e-002 -2.9671e+000 +3.9489e+000
1354 0 +3.214779554e-009 -4.697500000e+002 -4.697500000e+002 +2.6398e-002 -2.9672e+000 +3.9488e+000
% f evaluations | g evaluations | best noise-free fitness - Fopt (-5.191000000000e+001) + sum g_i+ | measured fitness | best measured fitness or single-digit g-values | x1 | x2...
1 0 +3.454539470e+006 +3.454487560e+006 +3.454487560e+006 +4.6875e-001 +3.7055e+000 -4.8678e+000
2 0 +1.680252423e+005 +1.679733323e+005 +1.679733323e+005 +1.2385e+000 -7.5371e-002 -3.3322e-001
10 0 +1.345884752e+005 +1.345365652e+005 +1.345365652e+005 +2.8444e+000 -2.3885e-001 -3.5621e+000
12 0 +1.195632593e+004 +1.190441593e+004 +1.190441593e+004 +6.3890e-001 +2.2693e+000 +2.2032e+000
49 0 +7.195158783e+003 +7.143248783e+003 +7.143248783e+003 +1.8886e+000 +9.6037e-001 -1.4661e+000
57 0 +4.691499750e+001 -4.995002496e+000 -4.995002496e+000 +1.6544e+000 +1.8666e+000 -1.3008e+000
249 0 +5.248019336e+000 -4.666198066e+001 -4.666198066e+001 +1.7216e+000 +2.7658e+000 -2.0521e+000
297 0 +4.666659552e+000 -4.724334045e+001 -4.724334045e+001 +1.6401e+000 +2.2520e+000 -1.4626e+000
328 0 +3.005491322e+000 -4.890450868e+001 -4.890450868e+001 +1.7596e+000 +2.8008e+000 -2.2214e+000
408 0 +3.806564106e-001 -5.152934359e+001 -5.152934359e+001 +1.7215e+000 +2.6449e+000 -1.9847e+000
557 0 +3.161777743e-002 -5.187838222e+001 -5.187838222e+001 +1.6902e+000 +2.4048e+000 -1.7395e+000
594 0 +5.440836559e-003 -5.190455916e+001 -5.190455916e+001 +1.6813e+000 +2.3502e+000 -1.6771e+000
665 0 +1.975942962e-003 -5.190802406e+001 -5.190802406e+001 +1.6731e+000 +2.2936e+000 -1.6156e+000
711 0 +1.038281228e-003 -5.190896172e+001 -5.190896172e+001 +1.6774e+000 +2.3209e+000 -1.6467e+000
787 0 +1.184600053e-005 -5.190998815e+001 -5.190998815e+001 +1.6760e+000 +2.3129e+000 -1.6369e+000
979 0 +5.164586526e-006 -5.190999484e+001 -5.190999484e+001 +1.6758e+000 +2.3115e+000 -1.6353e+000
1011 0 +3.267182827e-006 -5.190999673e+001 -5.190999673e+001 +1.6759e+000 +2.3119e+000 -1.6359e+000
1087 0 +9.063795261e-007 -5.190999909e+001 -5.190999909e+001 +1.6760e+000 +2.3125e+000 -1.6365e+000
1112 0 +1.084593251e-007 -5.190999989e+001 -5.190999989e+001 +1.6760e+000 +2.3126e+000 -1.6366e+000
1235 0 +7.305857963e-008 -5.190999993e+001 -5.190999993e+001 +1.6760e+000 +2.3126e+000 -1.6366e+000
1290 0 +2.308956226e-008 -5.190999998e+001 -5.190999998e+001 +1.6760e+000 +2.3129e+000 -1.6369e+000
1319 0 +8.568825649e-009 -5.190999999e+001 -5.190999999e+001 +1.6760e+000 +2.3128e+000 -1.6368e+000
% f evaluations | g evaluations | best noise-free fitness - Fopt (4.808000000000e+001) + sum g_i+ | measured fitness | best measured fitness or single-digit g-values | x1 | x2...
1 0 +2.251209442e+007 +2.251214250e+007 +2.251214250e+007 -2.6121e+000 -5.2615e-001 -3.0364e-001
2 0 +8.970188322e+006 +8.970236402e+006 +8.970236402e+006 +1.5598e+000 -2.7734e+000 +7.1450e-001
4 0 +3.238406775e+006 +3.238454855e+006 +3.238454855e+006 -4.4916e+000 -3.1203e+000 -4.3097e+000
25 0 +8.576920205e+005 +8.577401005e+005 +8.577401005e+005 +8.8243e-002 +4.3349e-001 -3.6695e+000
34 0 +1.966857249e+005 +1.967338049e+005 +1.967338049e+005 -2.7910e-001 -4.6205e+000 -3.9855e+000
39 0 +6.530284186e+003 +6.578364186e+003 +6.578364186e+003 +1.4681e+000 -7.9643e-001 -3.5978e+000
129 0 +2.430449412e+003 +2.478529412e+003 +2.478529412e+003 +1.9806e+000 -2.4494e+000 -2.7514e+000
159 0 +1.089806029e+003 +1.137886029e+003 +1.137886029e+003 +1.0268e+000 -3.4546e+000 -3.0859e+000
171 0 +6.182811699e+002 +6.663611699e+002 +6.663611699e+002 +2.3085e-001 -3.0118e+000 -3.6527e+000
256 0 +5.399658341e+001 +1.020765834e+002 +1.020765834e+002 -1.5660e+000 -4.8116e+000 -4.1141e+000
315 0 +7.687338038e+000 +5.576733804e+001 +5.576733804e+001 +6.0712e-001 -3.6367e+000 -3.2259e+000
444 0 +4.369224432e+000 +5.244922443e+001 +5.244922443e+001 +2.5135e+000 -2.6832e+000 -2.4242e+000
461 0 +1.840108074e+000 +4.992010807e+001 +4.992010807e+001 -5.8434e-002 -3.8915e+000 -3.5335e+000
562 0 +1.243469994e-001 +4.820434700e+001 +4.820434700e+001 +7.5241e-001 -3.4937e+000 -3.1891e+000
707 0 +5.106384656e-002 +4.813106385e+001 +4.813106385e+001 +9.1099e-001 -3.4290e+000 -3.1174e+000
777 0 +2.286759896e-002 +4.810286760e+001 +4.810286760e+001 +9.6958e-001 -3.3980e+000 -3.0932e+000
814 0 +4.568668323e-003 +4.808456867e+001 +4.808456867e+001 +1.0220e+000 -3.3704e+000 -3.0716e+000
844 0 +3.814098963e-003 +4.808381410e+001 +4.808381410e+001 +9.5488e-001 -3.4019e+000 -3.1006e+000
947 0 +6.570493120e-004 +4.808065705e+001 +4.808065705e+001 +9.7821e-001 -3.3903e+000 -3.0907e+000
987 0 +3.227156208e-004 +4.808032272e+001 +4.808032272e+001 +9.8256e-001 -3.3889e+000 -3.0887e+000
1042 0 +8.132388447e-005 +4.808008132e+001 +4.808008132e+001 +9.7850e-001 -3.3909e+000 -3.0904e+000
1063 0 +5.040318044e-006 +4.808000504e+001 +4.808000504e+001 +9.8357e-001 -3.3882e+000 -3.0883e+000
1194 0 +2.900207022e-006 +4.808000290e+001 +4.808000290e+001 +9.8242e-001 -3.3888e+000 -3.0888e+000
1314 0 +7.891614615e-007 +4.808000079e+001 +4.808000079e+001 +9.8301e-001 -3.3885e+000 -3.0885e+000
1361 0 +1.863267940e-007 +4.808000019e+001 +4.808000019e+001 +9.8234e-001 -3.3888e+000 -3.0888e+000
1409 0 +1.590276213e-007 +4.808000016e+001 +4.808000016e+001 +9.8254e-001 -3.3887e+000 -3.0887e+000
1431 0 +1.333814765e-007 +4.808000013e+001 +4.808000013e+001 +9.8265e-001 -3.3887e+000 -3.0887e+000
1443 0 +4.131067044e-008 +4.808000004e+001 +4.808000004e+001 +9.8253e-001 -3.3887e+000 -3.0887e+000
1474 0 +3.392643322e-008 +4.808000003e+001 +4.808000003e+001 +9.8241e-001 -3.3888e+000 -3.0888e+000
1565 0 +4.086260219e-009 +4.808000000e+001 +4.808000000e+001 +9.8239e-001 -3.3888e+000 -3.0888e+000
% f evaluations | g evaluations | best noise-free fitness - Fopt (3.058000000000e+001) + sum g_i+ | measured fitness | best measured fitness or single-digit g-values | x1 | x2...
1 0 +7.431563593e+006 +7.431594173e+006 +7.431594173e+006 +2.8429e+000 -2.6411e+000 +4.0119e+000
4 0 +3.691231191e+006 +3.691261771e+006 +3.691261771e+006 +1.5754e+000 -1.3196e+000 -3.6730e-001
5 0 +3.230977265e+004 +3.234035265e+004 +3.234035265e+004 +5.0000e+000 +5.0000e+000 -5.0000e+000
11 0 +1.923954978e+004 +1.927012978e+004 +1.927012978e+004 -5.7489e-001 -6.1125e-001 -9.1748e-001
73 0 +1.828626647e+004 +1.831684647e+004 +1.831684647e+004 +1.7575e-001 -1.2908e-001 +8.1712e-002
115 0 +1.132798728e+004 +1.135856728e+004 +1.135856728e+004 -1.1312e+000 -1.2839e+000 +5.8002e-001
137 0 +6.336450475e+003 +6.367030475e+003 +6.367030475e+003 -1.0161e+000 -8.2729e-001 -8.9409e-001
168 0 +2.383122401e+003 +2.413702401e+003 +2.413702401e+003 -3.1563e+000 -2.4410e+000 -9.2531e-001
176 0 +2.138484324e+003 +2.169064324e+003 +2.169064324e+003 -3.1685e+000 -2.5924e+000 -7.8364e-001
198 0 +5.013227314e+002 +5.319027314e+002 +5.319027314e+002 -3.2480e+000 -2.5509e+000 -9.2710e-001
229 0 +4.299891509e+000 +3.487989151e+001 +3.487989151e+001 -2.9717e+000 -2.0473e+000 -2.1583e+000
311 0 +4.047999347e+000 +3.462799935e+001 +3.462799935e+001 -3.7109e+000 -2.8776e+000 -1.1504e+000
439 0 +3.363954731e+000 +3.394395473e+001 +3.394395473e+001 -3.4356e+000 -2.5455e+000 -1.6105e+000
467 0 +2.736457372e+000 +3.331645737e+001 +3.331645737e+001 -3.2718e+000 -2.3472e+000 -1.8951e+000
487 0 +2.562700469e+000 +3.314270047e+001 +3.314270047e+001 -3.4499e+000 -2.5731e+000 -1.5465e+000
515 0 +1.068596362e+000 +3.164859636e+001 +3.164859636e+001 -3.2998e+000 -2.3929e+000 -1.8012e+000
545 0 +5.654043645e-002 +3.063654044e+001 +3.063654044e+001 -2.8418e+000 -1.8717e+000 -2.4532e+000
630 0 +5.746993621e-003 +3.058574699e+001 +3.058574699e+001 -2.8422e+000 -1.8692e+000 -2.4639e+000
660 0 +4.227937997e-003 +3.058422794e+001 +3.058422794e+001 -2.8012e+000 -1.8225e+000 -2.5223e+000
688 0 +3.419265801e-004 +3.058034193e+001 +3.058034193e+001 -2.8296e+000 -1.8550e+000 -2.4808e+000
844 0 +2.320492357e-004 +3.058023205e+001 +3.058023205e+001 -2.8397e+000 -1.8670e+000 -2.4645e+000
879 0 +1.163376383e-004 +3.058011634e+001 +3.058011634e+001 -2.8370e+000 -1.8638e+000 -2.4689e+000
939 0 +9.720251361e-005 +3.058009720e+001 +3.058009720e+001 -2.8320e+000 -1.8581e+000 -2.4761e+000
1020 0 +6.140219700e-006 +3.058000614e+001 +3.058000614e+001 -2.8353e+000 -1.8619e+000 -2.4714e+000
1095 0 +1.232664104e-007 +3.058000012e+001 +3.058000012e+001 -2.8344e+000 -1.8608e+000 -2.4728e+000
1170 0 +4.428018485e-008 +3.058000004e+001 +3.058000004e+001 -2.8345e+000 -1.8609e+000 -2.4727e+000
1331 0 +9.247745680e-009 +3.058000001e+001 +3.058000001e+001 -2.8344e+000 -1.8608e+000 -2.4728e+000
% f evaluations | g evaluations | best noise-free fitness - Fopt (1.000000000000e+003) + sum g_i+ | measured fitness | best measured fitness or single-digit g-values | x1 | x2...
1 0 +2.377524424e+005 +2.387524424e+005 +2.387524424e+005 +8.8811e-001 +1.8711e+000 -1.8934e+000
11 0 +1.759494692e+004 +1.859494692e+004 +1.859494692e+004 +7.3907e-001 +3.4522e-001 +7.3827e-001
41 0 +6.741929638e+003 +7.741929638e+003 +7.741929638e+003 -3.9391e+000 +5.0000e+000 -5.0000e+000
105 0 +1.078106034e+003 +2.078106034e+003 +2.078106034e+003 -2.0822e+000 -9.8985e-001 +2.0279e+000
186 0 +7.572895289e+002 +1.757289529e+003 +1.757289529e+003 -2.8110e+000 +1.1525e+000 -4.0459e-001
220 0 +1.249882770e+002 +1.124988277e+003 +1.124988277e+003 -1.3781e+000 -5.4404e-001 +1.5801e+000
293 0 +2.583105248e+001 +1.025831052e+003 +1.025831052e+003 -1.8533e+000 +1.0998e+000 -3.3247e-001
355 0 +5.480634198e+000 +1.005480634e+003 +1.005480634e+003 -2.2905e+000 +2.6002e+000 -2.0721e+000
397 0 +3.062836201e+000 +1.003062836e+003 +1.003062836e+003 -2.6069e+000 +3.4189e+000 -3.0237e+000
447 0 +7.970997874e-002 +1.000079710e+003 +1.000079710e+003 -2.5986e+000 +3.5160e+000 -3.1335e+000
530 0 +5.294089818e-003 +1.000005294e+003 +1.000005294e+003 -2.6265e+000 +3.6286e+000 -3.2640e+000
620 0 +4.487271854e-003 +1.000004487e+003 +1.000004487e+003 -2.6338e+000 +3.6544e+000 -3.2937e+000
641 0 +2.470375939e-003 +1.000002470e+003 +1.000002470e+003 -2.6356e+000 +3.6665e+000 -3.3077e+000
710 0 +1.567596362e-003 +1.000001568e+003 +1.000001568e+003 -2.6252e+000 +3.6313e+000 -3.2670e+000
735 0 +7.293949898e-005 +1.000000073e+003 +1.000000073e+003 -2.6284e+000 +3.6391e+000 -3.2760e+000
773 0 +3.520954135e-005 +1.000000035e+003 +1.000000035e+003 -2.6295e+000 +3.6434e+000 -3.2810e+000
797 0 +4.496029874e-006 +1.000000004e+003 +1.000000004e+003 -2.6294e+000 +3.6426e+000 -3.2801e+000
1004 0 +2.013630706e-006 +1.000000002e+003 +1.000000002e+003 -2.6297e+000 +3.6437e+000 -3.2814e+000
1040 0 +7.048504358e-008 +1.000000000e+003 +1.000000000e+003 -2.6296e+000 +3.6433e+000 -3.2809e+000
1166 0 +6.068830771e-009 +1.000000000e+003 +1.000000000e+003 -2.6296e+000 +3.6432e+000 -3.2808e+000
% f evaluations | g evaluations | best noise-free fitness - Fopt (-4.236000000000e+001) + sum g_i+ | measured fitness | best measured fitness or single-digit g-values | x1 | x2...
1 0 +4.450705757e+006 +4.450663397e+006 +4.450663397e+006 -1.4444e+000 +2.5570e-001 +2.2290e+000
4 0 +1.735164097e+006 +1.735121737e+006 +1.735121737e+006 +2.8823e-001 +4.2019e+000 -7.3150e-001
5 0 +1.001665352e+006 +1.001622992e+006 +1.001622992e+006 -5.0000e+000 -5.0000e+000 -5.0000e+000
11 0 +6.088122374e+003 +6.045762374e+003 +6.045762374e+003 -1.8832e+000 -1.1051e+000 -1.4580e+000
73 0 +3.031944742e+003 +2.989584742e+003 +2.989584742e+003 -1.3963e+000 -1.4600e+000 -3.6166e-001
163 0 +2.997172805e+003 +2.954812805e+003 +2.954812805e+003 -6.9460e-001 -1.0114e+000 +3.3941e-001
222 0 +1.535350578e+003 +1.492990578e+003 +1.492990578e+003 -1.4269e+000 -2.5521e+000 +6.3609e-001
243 0 +1.382340671e+003 +1.339980671e+003 +1.339980671e+003 -1.7592e+000 -1.6984e+000 -7.5719e-001
246 0 +1.250826198e+003 +1.208466198e+003 +1.208466198e+003 -1.6633e+000 -2.9011e+000 +4.7829e-001
258 0 +8.337672040e+001 +4.101672040e+001 +4.101672040e+001 -1.3799e+000 -2.2050e+000 +2.9172e-001
324 0 +1.880820243e+001 -2.355179757e+001 -2.355179757e+001 -1.7974e+000 -2.3304e+000 -2.6129e-001
342 0 +1.432871302e+001 -2.803128698e+001 -2.803128698e+001 -1.4737e+000 -2.0361e+000 -2.5718e-002
389 0 +1.028992122e+001 -3.207007878e+001 -3.207007878e+001 -1.3816e+000 -2.0300e+000 +1.2311e-001
488 0 +5.718402445e+000 -3.664159756e+001 -3.664159756e+001 -8.2470e-001 -1.6611e+000 +6.6386e-001
514 0 +1.862994576e+000 -4.049700542e+001 -4.049700542e+001 +9.8380e-002 -1.0897e+000 +1.6042e+000
569 0 +1.811722071e-001 -4.217882779e+001 -4.217882779e+001 +5.9135e-001 -7.7978e-001 +2.1054e+000
600 0 +1.281466145e-002 -4.234718534e+001 -4.234718534e+001 +5.4912e-001 -8.0451e-001 +2.0600e+000
656 0 +9.614782240e-003 -4.235038522e+001 -4.235038522e+001 +5.2553e-001 -8.1858e-001 +2.0357e+000
687 0 +5.071582121e-003 -4.235492842e+001 -4.235492842e+001 +5.8577e-001 -7.8118e-001 +2.0970e+000
735 0 +6.203329546e-004 -4.235937967e+001 -4.235937967e+001 +5.7242e-001 -7.8753e-001 +2.0815e+000
842 0 +1.891143360e-004 -4.235981089e+001 -4.235981089e+001 +5.8073e-001 -7.8311e-001 +2.0906e+000
887 0 +1.189648313e-004 -4.235988104e+001 -4.235988104e+001 +5.7150e-001 -7.8872e-001 +2.0811e+000
912 0 +6.098708980e-005 -4.235993901e+001 -4.235993901e+001 +5.8070e-001 -7.8297e-001 +2.0904e+000
965 0 +2.286884289e-005 -4.235997713e+001 -4.235997713e+001 +5.7924e-001 -7.8386e-001 +2.0890e+000
1002 0 +1.067938577e-006 -4.235999893e+001 -4.235999893e+001 +5.7742e-001 -7.8490e-001 +2.0870e+000
1045 0 +9.986769740e-007 -4.235999900e+001 -4.235999900e+001 +5.7768e-001 -7.8472e-001 +2.0873e+000
1059 0 +4.001251313e-007 -4.235999960e+001 -4.235999960e+001 +5.7776e-001 -7.8469e-001 +2.0874e+000
1103 0 +2.685267262e-007 -4.235999973e+001 -4.235999973e+001 +5.7748e-001 -7.8487e-001 +2.0871e+000
1122 0 +2.594336266e-007 -4.235999974e+001 -4.235999974e+001 +5.7757e-001 -7.8481e-001 +2.0872e+000
1146 0 +7.619231468e-008 -4.235999992e+001 -4.235999992e+001 +5.7753e-001 -7.8484e-001 +2.0871e+000
1177 0 +6.471956482e-008 -4.235999994e+001 -4.235999994e+001 +5.7765e-001 -7.8477e-001 +2.0873e+000
1249 0 +2.797563781e-008 -4.235999997e+001 -4.235999997e+001 +5.7764e-001 -7.8478e-001 +2.0872e+000
1305 0 +2.487586670e-008 -4.235999998e+001 -4.235999998e+001 +5.7762e-001 -7.8479e-001 +2.0872e+000
1353 0 +1.575348563e-008 -4.235999998e+001 -4.235999998e+001 +5.7761e-001 -7.8479e-001 +2.0872e+000
1388 0 +3.107537339e-009 -4.236000000e+001 -4.236000000e+001 +5.7757e-001 -7.8482e-001 +2.0872e+000
% f evaluations | g evaluations | best noise-free fitness - Fopt (-7.187000000000e+001) + sum g_i+ | measured fitness | best measured fitness or single-digit g-values | x1 | x2...
1 0 +8.029791822e+006 +8.029719952e+006 +8.029719952e+006 +3.3844e-001 -2.6978e+000 -4.6453e+000
2 0 +1.053799920e+006 +1.053728050e+006 +1.053728050e+006 +4.2918e+000 +9.6468e-001 -2.8695e+000
4 0 +6.253552521e+005 +6.252833821e+005 +6.252833821e+005 -4.3794e+000 +2.8687e+000 -2.0640e+000
11 0 +2.859921335e+004 +2.852734335e+004 +2.852734335e+004 -3.4239e+000 +2.6275e+000 +5.4149e-001
24 0 +4.892071905e+003 +4.820201905e+003 +4.820201905e+003 -2.8299e+000 +1.8520e+000 -1.1935e+000
51 0 +5.988004437e+002 +5.269304437e+002 +5.269304437e+002 -2.7610e-001 +1.6547e+000 +4.7311e-002
60 0 +1.120706714e+002 +4.020067144e+001 +4.020067144e+001 -9.4119e-001 +1.3528e+000 -1.6860e+000
202 0 +8.345114003e+000 -6.352488600e+001 -6.352488600e+001 -1.2441e+000 +2.6356e+000 +2.9035e+000
341 0 +7.664409817e+000 -6.420559018e+001 -6.420559018e+001 -1.3129e+000 +2.5733e+000 +2.6171e+000
352 0 +3.849985770e+000 -6.802001423e+001 -6.802001423e+001 -1.3253e+000 +2.5769e+000 +2.6154e+000
429 0 +3.740967084e+000 -6.812903292e+001 -6.812903292e+001 -1.4487e+000 +2.8436e+000 +3.5086e+000
478 0 +7.940356048e-001 -7.107596440e+001 -7.107596440e+001 -1.4526e+000 +3.0169e+000 +4.1565e+000
494 0 +1.694343180e-001 -7.170056568e+001 -7.170056568e+001 -1.3747e+000 +2.8241e+000 +3.4960e+000
502 0 +1.029921265e-001 -7.176700787e+001 -7.176700787e+001 -1.4396e+000 +2.9742e+000 +4.0031e+000
538 0 +1.290413501e-002 -7.185709586e+001 -7.185709586e+001 -1.4052e+000 +2.8847e+000 +3.6972e+000
567 0 +2.471505048e-003 -7.186752849e+001 -7.186752849e+001 -1.4174e+000 +2.9163e+000 +3.8058e+000
712 0 +1.601073565e-003 -7.186839893e+001 -7.186839893e+001 -1.4148e+000 +2.9121e+000 +3.7920e+000
723 0 +2.291336275e-004 -7.186977087e+001 -7.186977087e+001 -1.4134e+000 +2.9091e+000 +3.7819e+000
767 0 +6.784220822e-005 -7.186993216e+001 -7.186993216e+001 -1.4143e+000 +2.9107e+000 +3.7874e+000
825 0 +5.259122484e-005 -7.186994741e+001 -7.186994741e+001 -1.4137e+000 +2.9095e+000 +3.7835e+000
912 0 +3.804200901e-007 -7.186999962e+001 -7.186999962e+001 -1.4137e+000 +2.9090e+000 +3.7813e+000
1061 0 +5.533622982e-008 -7.186999994e+001 -7.186999994e+001 -1.4136e+000 +2.9088e+000 +3.7808e+000
1106 0 +2.341312211e-008 -7.186999998e+001 -7.186999998e+001 -1.4136e+000 +2.9088e+000 +3.7807e+000
1161 0 +7.232486610e-009 -7.186999999e+001 -7.186999999e+001 -1.4136e+000 +2.9088e+000 +3.7807e+000
% f evaluations | g evaluations | best noise-free fitness - Fopt (-1.650000000000e+001) + sum g_i+ | measured fitness | best measured fitness or single-digit g-values | x1 | x2...
1 0 +3.543064930e+007 +3.543063280e+007 +3.543063280e+007 +2.6974e+000 -3.4565e+000 -4.9351e+000
3 0 +1.880501927e+007 +1.880500277e+007 +1.880500277e+007 +4.4023e+000 +1.0266e-001 -3.0149e+000
7 0 +2.170002234e+006 +2.169985734e+006 +2.169985734e+006 +2.9098e+000 -4.1586e+000 +4.7565e+000
15 0 +1.086383817e+005 +1.086218817e+005 +1.086218817e+005 +1.1037e+000 -3.9247e+000 +4.5498e+000
37 0 +2.098655095e+004 +2.097005095e+004 +2.097005095e+004 +1.9912e+000 -3.1810e+000 +3.6872e+000
96 0 +1.416800855e+004 +1.415150855e+004 +1.415150855e+004 +9.7772e-001 -2.9015e+000 +4.4505e+000
112 0 +8.081808675e+003 +8.065308675e+003 +8.065308675e+003 +1.9447e+000 -1.4074e+000 +4.0744e+000
176 0 +4.297104948e+003 +4.280604948e+003 +4.280604948e+003 +2.6853e+000 -1.6165e-002 +3.7522e+000
210 0 +2.161824580e+003 +2.145324580e+003 +2.145324580e+003 +3.1603e+000 +1.7087e+000 +3.8056e+000
251 0 +1.974668513e+003 +1.958168513e+003 +1.958168513e+003 +3.1890e+000 +1.1175e+000 +3.6233e+000
252 0 +5.011191074e+002 +4.846191074e+002 +4.846191074e+002 +4.3690e+000 +2.9582e+000 +3.1133e+000
255 0 +1.046400781e+001 -6.035992195e+000 -6.035992195e+000 +4.1855e+000 +3.1898e+000 +3.2747e+000
298 0 +5.753088561e+000 -1.074691144e+001 -1.074691144e+001 +3.7599e+000 +2.9349e+000 +3.5432e+000
381 0 +5.079650972e+000 -1.142034903e+001 -1.142034903e+001 +4.4151e+000 +3.2435e+000 +3.1096e+000
429 0 +3.633878023e+000 -1.286612198e+001 -1.286612198e+001 +4.2949e+000 +3.2422e+000 +3.1989e+000
474 0 +3.043723740e+000 -1.345627626e+001 -1.345627626e+001 +4.0901e+000 +3.0427e+000 +3.3143e+000
506 0 +1.567706408e+000 -1.493229359e+001 -1.493229359e+001 +3.1502e+000 +2.4360e+000 +3.9063e+000
520 0 +1.382108854e+000 -1.511789115e+001 -1.511789115e+001 +3.5833e+000 +2.7653e+000 +3.6426e+000
589 0 +1.248446774e+000 -1.525155323e+001 -1.525155323e+001 +3.5905e+000 +2.7463e+000 +3.6348e+000
590 0 +5.353238045e-002 -1.644646762e+001 -1.644646762e+001 +3.0462e+000 +2.3851e+000 +3.9733e+000
616 0 +2.367668037e-002 -1.647632332e+001 -1.647632332e+001 +3.1842e+000 +2.4740e+000 +3.8868e+000
642 0 +1.950324779e-002 -1.648049675e+001 -1.648049675e+001 +3.1481e+000 +2.4503e+000 +3.9093e+000
668 0 +1.595978882e-002 -1.648404021e+001 -1.648404021e+001 +3.1683e+000 +2.4623e+000 +3.8965e+000
758 0 +5.395635089e-003 -1.649460436e+001 -1.649460436e+001 +3.0488e+000 +2.3832e+000 +3.9711e+000
807 0 +6.731335364e-004 -1.649932687e+001 -1.649932687e+001 +3.0793e+000 +2.4022e+000 +3.9518e+000
878 0 +3.714963561e-004 -1.649962850e+001 -1.649962850e+001 +3.0957e+000 +2.4122e+000 +3.9414e+000
930 0 +1.007216989e-004 -1.649989928e+001 -1.649989928e+001 +3.0900e+000 +2.4086e+000 +3.9450e+000
951 0 +2.943726697e-005 -1.649997056e+001 -1.649997056e+001 +3.0829e+000 +2.4039e+000 +3.9495e+000
967 0 +1.341447060e-007 -1.649999987e+001 -1.649999987e+001 +3.0838e+000 +2.4047e+000 +3.9489e+000
1116 0 +4.278351540e-008 -1.649999996e+001 -1.649999996e+001 +3.0840e+000 +2.4048e+000 +3.9488e+000
1289 0 +3.429704520e-009 -1.650000000e+001 -1.650000000e+001 +3.0840e+000 +2.4048e+000 +3.9488e+000
% f evaluations | g evaluations | best noise-free fitness - Fopt (1.000000000000e+003) + sum g_i+ | measured fitness | best measured fitness or single-digit g-values | x1 | x2...
1 0 +2.597466966e+006 +2.598466966e+006 +2.598466966e+006 -1.2928e+000 +2.6902e+000 -4.4872e+000
3 0 +1.231890388e+006 +1.232890388e+006 +1.232890388e+006 +1.9394e-001 -3.5324e+000 +1.9651e+000
10 0 +5.243579785e+005 +5.253579785e+005 +5.253579785e+005 +1.8355e-001 -2.9884e+000 +9.6987e-001
11 0 +8.275883577e+003 +9.275883577e+003 +9.275883577e+003 -6.5129e-001 -3.2239e+000 -5.5737e-001
40 0 +7.451617826e+003 +8.451617826e+003 +8.451617826e+003 -9.9427e-001 -2.0388e+000 -1.6695e+000
87 0 +6.782079002e+002 +1.678207900e+003 +1.678207900e+003 -7.6860e-001 -3.3924e+000 -3.4851e-001
147 0 +5.502231299e+002 +1.550223130e+003 +1.550223130e+003 -3.1152e-001 -2.5413e+000 -8.9756e-001
227 0 +2.282375051e+002 +1.228237505e+003 +1.228237505e+003 -1.0172e+000 -4.2754e+000 +4.4642e-001
239 0 +2.234964692e+002 +1.223496469e+003 +1.223496469e+003 -2.6664e-001 -3.2000e+000 -2.6495e-001
257 0 +1.973641616e+002 +1.197364162e+003 +1.197364162e+003 -1.0576e-001 -2.3521e+000 -1.0336e+000
322 0 +7.428972828e+001 +1.074289728e+003 +1.074289728e+003 +1.2794e-001 -9.5355e-001 -2.3087e+000
331 0 +5.159660663e+001 +1.051596607e+003 +1.051596607e+003 +2.3464e-001 -9.0974e-001 -2.2971e+000
370 0 +4.646404317e+001 +1.046464043e+003 +1.046464043e+003 -4.4904e-001 -3.6584e+000 +1.2631e-001
397 0 +4.516744077e+000 +1.004516744e+003 +1.004516744e+003 +3.0382e-001 -8.6192e-001 -2.2985e+000
484 0 +3.269177835e+000 +1.003269178e+003 +1.003269178e+003 +5.7313e-001 +1.3249e-001 -3.1557e+000
533 0 +2.290578388e+000 +1.002290578e+003 +1.002290578e+003 +5.5411e-001 +6.9142e-002 -3.1025e+000
557 0 +1.296757096e+000 +1.001296757e+003 +1.001296757e+003 +9.1614e-001 +1.2342e+000 -4.0870e+000
559 0 +8.658676642e-002 +1.000086587e+003 +1.000086587e+003 +7.9212e-001 +8.7907e-001 -3.7946e+000
609 0 +4.115139704e-002 +1.000041151e+003 +1.000041151e+003 +7.1593e-001 +5.8603e-001 -3.5398e+000
647 0 +1.195157980e-002 +1.000011952e+003 +1.000011952e+003 +7.4308e-001 +7.0306e-001 -3.6431e+000
685 0 +4.269283940e-003 +1.000004269e+003 +1.000004269e+003 +7.4363e-001 +6.9130e-001 -3.6310e+000
715 0 +7.899373161e-004 +1.000000790e+003 +1.000000790e+003 +7.3917e-001 +6.8235e-001 -3.6244e+000
769 0 +6.841049178e-004 +1.000000684e+003 +1.000000684e+003 +7.3419e-001 +6.6402e-001 -3.6085e+000
787 0 +6.008114816e-004 +1.000000601e+003 +1.000000601e+003 +7.3290e-001 +6.5808e-001 -3.6033e+000
820 0 +2.673379319e-004 +1.000000267e+003 +1.000000267e+003 +7.3315e-001 +6.5932e-001 -3.6044e+000
853 0 +3.035361715e-005 +1.000000030e+003 +1.000000030e+003 +7.3612e-001 +6.6950e-001 -3.6130e+000
898 0 +2.046159841e-005 +1.000000020e+003 +1.000000020e+003 +7.3493e-001 +6.6508e-001 -3.6092e+000
1043 0 +2.185134235e-006 +1.000000002e+003 +1.000000002e+003 +7.3514e-001 +6.6606e-001 -3.6101e+000
1095 0 +1.670910024e-006 +1.000000002e+003 +1.000000002e+003 +7.3512e-001 +6.6622e-001 -3.6103e+000
1170 0 +7.884603974e-007 +1.000000001e+003 +1.000000001e+003 +7.3532e-001 +6.6679e-001 -3.6107e+000
1197 0 +6.981383649e-008 +1.000000000e+003 +1.000000000e+003 +7.3524e-001 +6.6653e-001 -3.6105e+000
1227 0 +6.707148259e-008 +1.000000000e+003 +1.000000000e+003 +7.3517e-001 +6.6628e-001 -3.6103e+000
1257 0 +2.587376002e-008 +1.000000000e+003 +1.000000000e+003 +7.3517e-001 +6.6628e-001 -3.6103e+000
1270 0 +1.405987859e-008 +1.000000000e+003 +1.000000000e+003 +7.3518e-001 +6.6633e-001 -3.6103e+000
1308 0 +2.874685379e-009 +1.000000000e+003 +1.000000000e+003 +7.3520e-001 +6.6641e-001 -3.6104e+000
% f evaluations | g evaluations | best noise-free fitness - Fopt (-1.000000000000e+003) + sum g_i+ | measured fitness | best measured fitness or single-digit g-values | x1 | x2...
1 0 +2.900213248e+007 +2.900113248e+007 +2.900113248e+007 +4.4351e+000 -1.3228e+000 +7.1145e-001
2 0 +2.199461715e+007 +2.199361715e+007 +2.199361715e+007 -4.9799e+000 +2.5992e+000 +2.9259e+000
4 0 +5.645179635e+005 +5.635179635e+005 +5.635179635e+005 -3.4365e+000 -4.0595e+000 -1.4850e-001
8 0 +3.577145582e+005 +3.567145582e+005 +3.567145582e+005 -3.8148e+000 -1.7655e+000 -7.0282e-001
9 0 +1.799784013e+005 +1.789784013e+005 +1.789784013e+005 -3.9556e+000 -1.9949e+000 -6.6226e-001
11 0 +5.492590624e+003 +4.492590624e+003 +4.492590624e+003 -3.0396e+000 -2.5599e+000 -1.8051e+000
81 0 +3.590331956e+003 +2.590331956e+003 +2.590331956e+003 -2.0057e+000 -2.5044e+000 -3.7235e+000
168 0 +2.099902347e+003 +1.099902347e+003 +1.099902347e+003 -2.7869e+000 -2.0377e+000 -3.3941e+000
220 0 +1.339020198e+003 +3.390201981e+002 +3.390201981e+002 -7.1902e-001 -3.2863e+000 -3.7159e+000
229 0 +7.468063902e+002 -2.531936098e+002 -2.531936098e+002 -2.1066e+000 -2.1688e+000 -4.2740e+000
262 0 +1.671380890e+002 -8.328619110e+002 -8.328619110e+002 -4.0950e-001 -4.2865e+000 -1.7356e+000
326 0 +1.322899762e+001 -9.867710024e+002 -9.867710024e+002 -6.0347e-001 -3.9021e+000 -2.3545e+000
412 0 +1.543778588e+000 -9.984562214e+002 -9.984562214e+002 -5.7395e-001 -3.8835e+000 -2.4357e+000
470 0 +3.877296355e-001 -9.996122704e+002 -9.996122704e+002 -6.9595e-001 -3.7381e+000 -2.6009e+000
527 0 +1.369203509e-001 -9.998630796e+002 -9.998630796e+002 -6.8030e-001 -3.7506e+000 -2.5937e+000
543 0 +9.079187241e-002 -9.999092081e+002 -9.999092081e+002 -6.2777e-001 -3.8086e+000 -2.5351e+000
575 0 +1.363093015e-003 -9.999986369e+002 -9.999986369e+002 -4.9048e-001 -3.9571e+000 -2.3891e+000
662 0 +4.250825820e-004 -9.999995749e+002 -9.999995749e+002 -4.7646e-001 -3.9722e+000 -2.3744e+000
699 0 +1.556832556e-004 -9.999998443e+002 -9.999998443e+002 -4.7033e-001 -3.9790e+000 -2.3676e+000
831 0 +7.888820539e-005 -9.999999211e+002 -9.999999211e+002 -4.7192e-001 -3.9772e+000 -2.3694e+000
896 0 +6.102859868e-005 -9.999999390e+002 -9.999999390e+002 -4.7728e-001 -3.9713e+000 -2.3753e+000
920 0 +1.280760705e-005 -9.999999872e+002 -9.999999872e+002 -4.7639e-001 -3.9724e+000 -2.3741e+000
990 0 +4.141097293e-006 -9.999999959e+002 -9.999999959e+002 -4.7600e-001 -3.9728e+000 -2.3736e+000
1018 0 +5.173823183e-007 -9.999999995e+002 -9.999999995e+002 -4.7713e-001 -3.9716e+000 -2.3747e+000
1070 0 +3.111542810e-007 -9.999999997e+002 -9.999999997e+002 -4.7670e-001 -3.9721e+000 -2.3743e+000
1084 0 +1.588392706e-007 -9.999999998e+002 -9.999999998e+002 -4.7691e-001 -3.9719e+000 -2.3745e+000
1131 0 +1.242793815e-007 -9.999999999e+002 -9.999999999e+002 -4.7680e-001 -3.9720e+000 -2.3744e+000
1161 0 +4.009621080e-008 -1.000000000e+003 -1.000000000e+003 -4.7690e-001 -3.9719e+000 -2.3745e+000
1247 0 +2.060869519e-008 -1.000000000e+003 -1.000000000e+003 -4.7676e-001 -3.9720e+000 -2.3743e+000
1314 0 +1.621629053e-009 -1.000000000e+003 -1.000000000e+003 -4.7681e-001 -3.9720e+000 -2.3744e+000
% f evaluations | g evaluations | best noise-free fitness - Fopt (-1.527400000000e+002) + sum g_i+ | measured fitness | best measured fitness or single-digit g-values | x1 | x2...
1 0 +1.689594347e+007 +1.689579073e+007 +1.689579073e+007 -4.0914e+000 -1.8426e+000 +2.3773e+000
2 0 +3.936913230e+006 +3.936760490e+006 +3.936760490e+006 -2.1384e+000 -7.0140e-001 +1.1157e+000
3 0 +2.807350459e+006 +2.807197719e+006 +2.807197719e+006 -2.2092e+000 -9.6744e-001 +8.0765e-001
8 0 +3.094905619e+004 +3.079631619e+004 +3.079631619e+004 -1.6312e+000 -7.6921e-002 -1.4900e+000
31 0 +1.448483565e+004 +1.433209565e+004 +1.433209565e+004 +1.7314e+000 -2.8230e-001 +1.9537e+000
167 0 +1.167514049e+004 +1.152240049e+004 +1.152240049e+004 +2.4902e+000 +3.0272e-001 +2.5692e+000
183 0 +4.309913245e+003 +4.157173245e+003 +4.157173245e+003 +3.3506e+000 +1.7727e+000 +3.2244e+000
227 0 +2.612375358e+003 +2.459635358e+003 +2.459635358e+003 +4.8357e+000 +2.7887e+000 +4.5064e+000
280 0 +7.358172883e+002 +5.830772883e+002 +5.830772883e+002 +1.2105e+000 +2.5213e+000 +1.0240e+000
303 0 +8.785754929e+001 -6.488245071e+001 -6.488245071e+001 +2.6384e+000 +3.5601e+000 +2.2150e+000
438 0 +5.079989828e+001 -1.019401017e+002 -1.019401017e+002 +8.7221e-001 +3.1580e+000 +5.7395e-001
477 0 +4.005729636e+001 -1.126827036e+002 -1.126827036e+002 -3.8563e-001 +3.2170e+000 -6.4685e-001
507 0 +3.512594965e+001 -1.176140504e+002 -1.176140504e+002 +1.3334e-001 +3.2431e+000 -1.5186e-001
531 0 +2.016491921e+001 -1.325750808e+002 -1.325750808e+002 -1.2767e+000 +3.0028e+000 -1.4660e+000
533 0 +1.269821299e+001 -1.400417870e+002 -1.400417870e+002 -1.1505e+000 +2.9740e+000 -1.3425e+000
561 0 +1.099754202e+001 -1.417424580e+002 -1.417424580e+002 -1.3947e+000 +2.9501e+000 -1.5733e+000
623 0 +8.754816465e+000 -1.439851835e+002 -1.439851835e+002 -4.7688e+000 +2.4282e+000 -4.7403e+000
641 0 +1.288122719e+000 -1.514518773e+002 -1.514518773e+002 -3.7987e+000 +2.5070e+000 -3.8168e+000
653 0 +9.029638462e-002 -1.526497036e+002 -1.526497036e+002 -3.9010e+000 +2.5211e+000 -3.9167e+000
661 0 +6.498766625e-002 -1.526750123e+002 -1.526750123e+002 -3.8778e+000 +2.5229e+000 -3.8948e+000
701 0 +1.752554243e-002 -1.527224745e+002 -1.527224745e+002 -3.7689e+000 +2.5420e+000 -3.7929e+000
730 0 +1.050321002e-002 -1.527294968e+002 -1.527294968e+002 -3.7251e+000 +2.5496e+000 -3.7520e+000
809 0 +6.934819940e-003 -1.527330652e+002 -1.527330652e+002 -3.7429e+000 +2.5425e+000 -3.7681e+000
837 0 +6.799122112e-003 -1.527332009e+002 -1.527332009e+002 -3.7464e+000 +2.5414e+000 -3.7712e+000
852 0 +9.118470464e-004 -1.527390882e+002 -1.527390882e+002 -3.7190e+000 +2.5474e+000 -3.7457e+000
917 0 +7.971107175e-004 -1.527392029e+002 -1.527392029e+002 -3.7145e+000 +2.5481e+000 -3.7415e+000
937 0 +7.912006194e-004 -1.527392088e+002 -1.527392088e+002 -3.7015e+000 +2.5492e+000 -3.7292e+000
946 0 +3.805863636e-005 -1.527399619e+002 -1.527399619e+002 -3.6965e+000 +2.5507e+000 -3.7246e+000
1048 0 +1.377425139e-005 -1.527399862e+002 -1.527399862e+002 -3.6995e+000 +2.5504e+000 -3.7275e+000
1122 0 +6.319024209e-006 -1.527399937e+002 -1.527399937e+002 -3.6973e+000 +2.5507e+000 -3.7254e+000
1148 0 +4.692345072e-006 -1.527399953e+002 -1.527399953e+002 -3.6982e+000 +2.5506e+000 -3.7263e+000
1178 0 +3.082296388e-006 -1.527399969e+002 -1.527399969e+002 -3.6987e+000 +2.5505e+000 -3.7267e+000
1224 0 +2.131974952e-008 -1.527400000e+002 -1.527400000e+002 -3.6993e+000 +2.5504e+000 -3.7273e+000
1410 0 +5.160813998e-009 -1.527400000e+002 -1.527400000e+002 -3.6992e+000 +2.5504e+000 -3.7272e+000
