% f evaluations | g evaluations | best noise-free fitness - Fopt (-5.494000000000e+001) + sum g_i+ | measured fitness | best measured fitness or single-digit g-values | x1 | x2...
1 0 +3.607591386e+007 +3.607585892e+007 +3.607585892e+007 +4.9103e+000 +3.1525e+000
2 0 +2.438332392e+006 +2.438277452e+006 +2.438277452e+006 -2.9358e+000 -2.7075e+000
5 0 +4.286411725e+004 +4.280917725e+004 +4.280917725e+004 +1.1267e+000 -2.3342e+000
7 0 +2.674428589e+004 +2.668934589e+004 +2.668934589e+004 -1.8913e+000 -1.6299e+000
9 0 +3.535518094e+003 +3.480578094e+003 +3.480578094e+003 -1.1592e-001 -1.9216e+000
23 0 +5.058829039e-002 -5.488941171e+001 -5.488941171e+001 -1.9055e+000 -1.4693e+000
238 0 +3.170810927e-002 -5.490829189e+001 -5.490829189e+001 -1.7405e+000 -1.5051e+000
391 0 +4.438693019e-003 -5.493556131e+001 -5.493556131e+001 -1.7807e+000 -1.4962e+000
433 0 +1.530697083e-003 -5.493846930e+001 -5.493846930e+001 -1.7188e+000 -1.5096e+000
436 0 +1.116112157e-004 -5.493988839e+001 -5.493988839e+001 -1.7220e+000 -1.5089e+000
475 0 +3.048714366e-005 -5.493996951e+001 -5.493996951e+001 -1.7312e+000 -1.5070e+000
494 0 +5.641954374e-006 -5.493999436e+001 -5.493999436e+001 -1.7288e+000 -1.5075e+000
529 0 +1.951738071e-006 -5.493999805e+001 -5.493999805e+001 -1.7252e+000 -1.5083e+000
546 0 +5.278914941e-007 -5.493999947e+001 -5.493999947e+001 -1.7270e+000 -1.5079e+000
565 0 +4.967191813e-008 -5.493999995e+001 -5.493999995e+001 -1.7262e+000 -1.5080e+000
634 0 +2.755786710e-008 -5.493999997e+001 -5.493999997e+001 -1.7265e+000 -1.5080e+000
645 0 +9.521031075e-009 -5.493999999e+001 -5.493999999e+001 -1.7264e+000 -1.5080e+000
% f evaluations | g evaluations | best noise-free fitness - Fopt (5.913000000000e+001) + sum g_i+ | measured fitness | best measured fitness or single-digit g-values | x1 | x2...
1 0 +1.476359383e+007 +1.476365296e+007 +1.476365296e+007 +3.6305e-001 +4.9159e+000
4 0 +1.066115854e+005 +1.066707154e+005 +1.066707154e+005 +5.0000e+000 -5.0000e+000
25 0 +4.692190388e+002 +5.283490388e+002 +5.283490388e+002 +3.1700e+000 -2.8547e+000
62 0 +6.707496297e+001 +1.262049630e+002 +1.262049630e+002 +3.2343e+000 -2.9454e+000
128 0 +6.034879906e+001 +1.194787991e+002 +1.194787991e+002 +1.2769e+000 -1.1477e+000
139 0 +4.446104591e+001 +1.035910459e+002 +1.035910459e+002 +2.1549e+000 -1.9516e+000
199 0 +3.914293566e+001 +9.827293566e+001 +9.827293566e+001 +2.1996e+000 -1.9902e+000
204 0 +1.921474447e+001 +7.834474447e+001 +7.834474447e+001 +7.0976e-001 -6.1893e-001
227 0 +4.097210206e+000 +6.322721021e+001 +6.322721021e+001 -8.9092e-001 +8.5899e-001
231 0 +1.363120560e+000 +6.049312056e+001 +6.049312056e+001 -1.7809e+000 +1.6786e+000
253 0 +2.750668004e-001 +5.940506680e+001 +5.940506680e+001 -2.6087e+000 +2.4399e+000
271 0 +7.156003175e-003 +5.913715600e+001 +5.913715600e+001 -2.2213e+000 +2.0829e+000
298 0 +1.842367709e-003 +5.913184237e+001 +5.913184237e+001 -2.2432e+000 +2.1030e+000
390 0 +3.395875124e-004 +5.913033959e+001 +5.913033959e+001 -2.2687e+000 +2.1265e+000
439 0 +7.595047932e-005 +5.913007595e+001 +5.913007595e+001 -2.2665e+000 +2.1244e+000
452 0 +2.685897251e-005 +5.913002686e+001 +5.913002686e+001 -2.2587e+000 +2.1173e+000
458 0 +7.097036345e-007 +5.913000071e+001 +5.913000071e+001 -2.2604e+000 +2.1188e+000
611 0 +1.990963483e-008 +5.913000002e+001 +5.913000002e+001 -2.2607e+000 +2.1191e+000
673 0 +1.192886145e-008 +5.913000001e+001 +5.913000001e+001 -2.2607e+000 +2.1191e+000
739 0 +4.657678687e-010 +5.913000000e+001 +5.913000000e+001 -2.2608e+000 +2.1192e+000
% f evaluations | g evaluations | best noise-free fitness - Fopt (-4.915300000000e+002) + sum g_i+ | measured fitness | best measured fitness or single-digit g-values | x1 | x2...
1 0 +9.412103923e+006 +9.411612393e+006 +9.411612393e+006 +9.9673e-002 +3.1127e+000
3 0 +6.464894627e+005 +6.459979327e+005 +6.459979327e+005 -3.9095e+000 +3.3199e+000
7 0 +3.353251803e+002 -1.562048197e+002 -1.562048197e+002 -2.3402e+000 +1.0642e+000
8 0 +1.796395737e+002 -3.118904263e+002 -3.118904263e+002 -2.6912e+000 +1.3268e+000
91 0 +1.712852181e+002 -3.202447819e+002 -3.202447819e+002 -1.8636e+000 +6.9270e-001
100 0 +4.147212604e+000 -4.873827874e+002 -4.873827874e+002 -6.1175e-001 -2.8487e-001
160 0 +1.372745158e+000 -4.901572548e+002 -4.901572548e+002 -1.4264e-001 -6.4049e-001
173 0 +1.951406464e-001 -4.913348594e+002 -4.913348594e+002 +2.2612e-001 -9.2496e-001
228 0 +7.733088137e-002 -4.914526691e+002 -4.914526691e+002 -2.7888e-002 -7.2954e-001
280 0 +4.738328475e-003 -4.915252617e+002 -4.915252617e+002 +8.6790e-002 -8.1782e-001
331 0 +3.082841312e-003 -4.915269172e+002 -4.915269172e+002 +4.3915e-002 -7.8483e-001
345 0 +1.229812256e-003 -4.915287702e+002 -4.915287702e+002 +5.9074e-002 -7.9646e-001
362 0 +5.828897621e-004 -4.915294171e+002 -4.915294171e+002 +6.1729e-002 -7.9856e-001
398 0 +6.174334806e-005 -4.915299383e+002 -4.915299383e+002 +7.5617e-002 -8.0918e-001
420 0 +2.759451655e-005 -4.915299724e+002 -4.915299724e+002 +7.0042e-002 -8.0489e-001
478 0 +9.624839549e-006 -4.915299904e+002 -4.915299904e+002 +7.0438e-002 -8.0521e-001
482 0 +9.437316521e-006 -4.915299906e+002 -4.915299906e+002 +7.0448e-002 -8.0521e-001
502 0 +4.577288450e-006 -4.915299954e+002 -4.915299954e+002 +7.2349e-002 -8.0667e-001
516 0 +2.979344345e-006 -4.915299970e+002 -4.915299970e+002 +7.3392e-002 -8.0747e-001
540 0 +2.212681068e-006 -4.915299978e+002 -4.915299978e+002 +7.1089e-002 -8.0570e-001
551 0 +1.589221824e-006 -4.915299984e+002 -4.915299984e+002 +7.2590e-002 -8.0685e-001
563 0 +1.204023249e-006 -4.915299988e+002 -4.915299988e+002 +7.2822e-002 -8.0703e-001
579 0 +2.562399573e-007 -4.915299997e+002 -4.915299997e+002 +7.1711e-002 -8.0618e-001
596 0 +2.705763791e-008 -4.915300000e+002 -4.915300000e+002 +7.1867e-002 -8.0630e-001
608 0 +1.649857495e-008 -4.915300000e+002 -4.915300000e+002 +7.1905e-002 -8.0633e-001
639 0 +1.933244675e-010 -4.915300000e+002 -4.915300000e+002 +7.2000e-002 -8.0640e-001
% f evaluations | g evaluations | best noise-free fitness - Fopt (-1.702000000000e+002) + sum g_i+ | measured fitness | best measured fitness or single-digit g-values | x1 | x2...
1 0 +3.948462010e+004 +3.931442010e+004 +3.931442010e+004 -3.8074e+000 -3.0798e-001
7 0 +4.880475564e+003 +4.710275564e+003 +4.710275564e+003 -3.2425e+000 -1.1029e+000
40 0 +8.564652177e+001 -8.455347823e+001 -8.455347823e+001 -1.3937e+000 -2.4783e+000
82 0 +5.355018246e+001 -1.166498175e+002 -1.166498175e+002 -6.0508e-001 -3.0812e+000
159 0 +4.222224708e+001 -1.279777529e+002 -1.279777529e+002 -3.1904e+000 -1.0546e+000
191 0 +1.184621268e+001 -1.583537873e+002 -1.583537873e+002 -2.6387e+000 -1.4777e+000
193 0 +8.545516631e+000 -1.616544834e+002 -1.616544834e+002 -3.2203e+000 -1.0183e+000
214 0 +7.866487186e+000 -1.623335128e+002 -1.623335128e+002 -1.5541e+000 -2.3405e+000
231 0 +6.911381923e+000 -1.632886181e+002 -1.632886181e+002 -1.6128e+000 -2.2927e+000
241 0 +2.507591689e+000 -1.676924083e+002 -1.676924083e+002 -2.2203e+000 -1.8130e+000
248 0 +6.015995330e-001 -1.695984005e+002 -1.695984005e+002 -3.3469e+000 -9.2319e-001
254 0 +5.661768619e-001 -1.696338231e+002 -1.696338231e+002 -3.0571e+000 -1.1517e+000
284 0 +2.312352500e-001 -1.699687647e+002 -1.699687647e+002 -3.9344e+000 -4.5789e-001
298 0 +1.615540715e-001 -1.700384459e+002 -1.700384459e+002 -3.3303e+000 -9.3497e-001
314 0 +5.871362544e-003 -1.701941286e+002 -1.701941286e+002 -3.5454e+000 -7.6519e-001
337 0 +6.551066527e-004 -1.701993449e+002 -1.701993449e+002 -3.5785e+000 -7.3912e-001
369 0 +4.092698325e-004 -1.701995907e+002 -1.701995907e+002 -3.5493e+000 -7.6218e-001
391 0 +2.009708244e-004 -1.701997990e+002 -1.701997990e+002 -3.5661e+000 -7.4895e-001
439 0 +6.401855663e-005 -1.701999360e+002 -1.701999360e+002 -3.5583e+000 -7.5512e-001
462 0 +1.499182176e-005 -1.701999850e+002 -1.701999850e+002 -3.5620e+000 -7.5220e-001
530 0 +1.813655757e-006 -1.701999982e+002 -1.701999982e+002 -3.5591e+000 -7.5444e-001
543 0 +7.963362236e-008 -1.701999999e+002 -1.701999999e+002 -3.5593e+000 -7.5430e-001
577 0 +4.805093567e-008 -1.702000000e+002 -1.702000000e+002 -3.5592e+000 -7.5443e-001
617 0 +3.534495363e-009 -1.702000000e+002 -1.702000000e+002 -3.5592e+000 -7.5444e-001
% f evaluations | g evaluations | best noise-free fitness - Fopt (-4.697500000000e+002) + sum g_i+ | measured fitness | best measured fitness or single-digit g-values | x1 | x2...
1 0 +7.853570578e+006 +7.853100828e+006 +7.853100828e+006 -4.6643e+000 -5.7184e-001
2 0 +1.611832653e+006 +1.611362903e+006 +1.611362903e+006 -1.9541e+000 -1.9638e+000
5 0 +2.281232379e+005 +2.276534879e+005 +2.276534879e+005 +3.4648e+000 -2.2093e+000
9 0 +2.934039045e+003 +2.464289045e+003 +2.464289045e+003 +4.6191e+000 -2.6583e+000
21 0 +2.479229736e+003 +2.009479736e+003 +2.009479736e+003 +1.2864e+000 -2.8210e+000
32 0 +1.939197730e+002 -2.758302270e+002 -2.758302270e+002 -4.6767e+000 -3.3261e+000
62 0 +3.894830736e+000 -4.658551693e+002 -4.658551693e+002 -1.0935e-001 -2.9800e+000
201 0 +3.297938255e+000 -4.664520617e+002 -4.664520617e+002 +7.5574e-001 -2.9112e+000
206 0 +2.364718813e+000 -4.673852812e+002 -4.673852812e+002 -2.3742e-001 -2.9896e+000
208 0 +8.187811682e-001 -4.689312188e+002 -4.689312188e+002 -4.5168e-001 -3.0042e+000
251 0 +6.529754869e-001 -4.690970245e+002 -4.690970245e+002 +8.8999e-001 -2.8991e+000
252 0 +3.361248941e-001 -4.694138751e+002 -4.694138751e+002 -3.3628e-001 -2.9954e+000
268 0 +1.359641806e-001 -4.696140358e+002 -4.696140358e+002 -3.2967e-001 -2.9954e+000
283 0 +4.200543414e-003 -4.697457995e+002 -4.697457995e+002 +8.8875e-004 -2.9692e+000
340 0 +5.053653837e-004 -4.697494946e+002 -4.697494946e+002 +3.8046e-003 -2.9690e+000
376 0 +2.882456738e-005 -4.697499712e+002 -4.697499712e+002 +3.1972e-002 -2.9668e+000
438 0 +4.718393939e-006 -4.697499953e+002 -4.697499953e+002 +2.5198e-002 -2.9673e+000
459 0 +3.895965108e-006 -4.697499961e+002 -4.697499961e+002 +2.5303e-002 -2.9673e+000
486 0 +9.518994943e-007 -4.697499990e+002 -4.697499990e+002 +2.6217e-002 -2.9672e+000
507 0 +7.461499081e-007 -4.697499993e+002 -4.697499993e+002 +2.6961e-002 -2.9672e+000
532 0 +1.608088382e-007 -4.697499998e+002 -4.697499998e+002 +2.6243e-002 -2.9672e+000
556 0 +2.242387609e-008 -4.697500000e+002 -4.697500000e+002 +2.6276e-002 -2.9672e+000
652 0 +1.880852096e-008 -4.697500000e+002 -4.697500000e+002 +2.6490e-002 -2.9672e+000
660 0 +4.121488928e-009 -4.697500000e+002 -4.697500000e+002 +2.6344e-002 -2.9672e+000
% f evaluations | g evaluations | best noise-free fitness - Fopt (-5.191000000000e+001) + sum g_i+ | measured fitness | best measured fitness or single-digit g-values | x1 | x2...
1 0 +3.386523412e+006 +3.386471502e+006 +3.386471502e+006 -2.4919e+000 +2.6655e+000
4 0 +1.804935193e+006 +1.804883283e+006 +1.804883283e+006 +5.0000e+000 +5.0000e+000
7 0 +4.801562635e+002 +4.282462635e+002 +4.282462635e+002 -9.4401e-002 +1.5625e+000
8 0 +4.807418557e+001 -3.835814435e+000 -3.835814435e+000 +2.3132e-001 +1.7122e+000
52 0 +1.314386509e+001 -3.876613491e+001 -3.876613491e+001 -1.6801e+000 +9.3538e-001
108 0 +1.266945609e+001 -3.924054391e+001 -3.924054391e+001 +5.2016e-001 +1.8350e+000
150 0 +4.327691718e+000 -4.758230828e+001 -4.758230828e+001 +2.2569e+000 +2.5490e+000
159 0 +3.771839179e+000 -4.813816082e+001 -4.813816082e+001 +2.5648e+000 +2.6757e+000
195 0 +2.803467485e-001 -5.162965325e+001 -5.162965325e+001 +1.8509e+000 +2.3841e+000
239 0 +6.845715701e-002 -5.184154284e+001 -5.184154284e+001 +1.8925e+000 +2.4018e+000
270 0 +1.200328578e-003 -5.190879967e+001 -5.190879967e+001 +1.6502e+000 +2.3022e+000
350 0 +2.893695737e-004 -5.190971063e+001 -5.190971063e+001 +1.6627e+000 +2.3073e+000
390 0 +1.017801276e-004 -5.190989822e+001 -5.190989822e+001 +1.6727e+000 +2.3114e+000
412 0 +4.138751719e-005 -5.190995861e+001 -5.190995861e+001 +1.6751e+000 +2.3124e+000
440 0 +4.416794901e-006 -5.190999558e+001 -5.190999558e+001 +1.6762e+000 +2.3129e+000
454 0 +2.973996430e-006 -5.190999703e+001 -5.190999703e+001 +1.6750e+000 +2.3124e+000
471 0 +9.525426066e-007 -5.190999905e+001 -5.190999905e+001 +1.6760e+000 +2.3128e+000
545 0 +3.167755054e-007 -5.190999968e+001 -5.190999968e+001 +1.6764e+000 +2.3129e+000
567 0 +3.829417494e-008 -5.190999996e+001 -5.190999996e+001 +1.6761e+000 +2.3129e+000
598 0 +2.718820724e-010 -5.191000000e+001 -5.191000000e+001 +1.6760e+000 +2.3128e+000
% f evaluations | g evaluations | best noise-free fitness - Fopt (4.808000000000e+001) + sum g_i+ | measured fitness | best measured fitness or single-digit g-values | x1 | x2...
1 0 +8.296497214e+006 +8.296545294e+006 +8.296545294e+006 +3.4737e+000 -1.7380e+000
2 0 +1.553606910e+005 +1.554087710e+005 +1.554087710e+005 +1.7298e+000 -3.4936e+000
7 0 +2.785107313e+003 +2.833187313e+003 +2.833187313e+003 -4.4613e-001 -2.1879e+000
8 0 +2.271538881e+003 +2.319618881e+003 +2.319618881e+003 +1.0435e+000 -3.5034e+000
13 0 +3.888470081e+002 +4.369270081e+002 +4.369270081e+002 -2.7462e+000 -9.7835e-002
94 0 +7.206590167e+001 +1.201459017e+002 +1.201459017e+002 -1.6368e+000 -1.0705e+000
107 0 +5.002805405e+001 +9.810805405e+001 +9.810805405e+001 -1.8237e-001 -2.3627e+000
133 0 +4.680091382e+001 +9.488091382e+001 +9.488091382e+001 -2.2380e+000 -5.3104e-001
134 0 +1.465514086e+001 +6.273514086e+001 +6.273514086e+001 -1.8580e+000 -8.6339e-001
176 0 +6.135219891e+000 +5.421521989e+001 +5.421521989e+001 +5.8826e-001 -3.0353e+000
227 0 +2.329010035e+000 +5.040901004e+001 +5.040901004e+001 +1.4359e+000 -3.7941e+000
247 0 +9.407192683e-001 +4.902071927e+001 +4.902071927e+001 +9.0139e-001 -3.3181e+000
248 0 +2.858576146e-001 +4.836585761e+001 +4.836585761e+001 +6.7554e-001 -3.1163e+000
257 0 +6.568353745e-002 +4.814568354e+001 +4.814568354e+001 +1.0617e+000 -3.4597e+000
263 0 +5.649327996e-002 +4.813649328e+001 +4.813649328e+001 +1.0363e+000 -3.4371e+000
321 0 +1.307990879e-002 +4.809307991e+001 +4.809307991e+001 +9.1922e-001 -3.3325e+000
352 0 +4.497814556e-003 +4.808449781e+001 +4.808449781e+001 +9.5329e-001 -3.3630e+000
365 0 +2.107842588e-003 +4.808210784e+001 +4.808210784e+001 +9.5476e-001 -3.3643e+000
383 0 +4.936565248e-004 +4.808049366e+001 +4.808049366e+001 +9.9915e-001 -3.4037e+000
419 0 +4.294221781e-004 +4.808042942e+001 +4.808042942e+001 +9.9520e-001 -3.4002e+000
427 0 +1.497197413e-004 +4.808014972e+001 +4.808014972e+001 +9.8632e-001 -3.3923e+000
459 0 +5.440968657e-005 +4.808005441e+001 +4.808005441e+001 +9.8758e-001 -3.3934e+000
463 0 +4.972177918e-005 +4.808004972e+001 +4.808004972e+001 +9.8807e-001 -3.3938e+000
517 0 +1.845931521e-005 +4.808001846e+001 +4.808001846e+001 +9.8491e-001 -3.3910e+000
531 0 +7.400798040e-006 +4.808000740e+001 +4.808000740e+001 +9.8381e-001 -3.3901e+000
548 0 +3.445589535e-006 +4.808000345e+001 +4.808000345e+001 +9.8164e-001 -3.3881e+000
564 0 +3.728205655e-007 +4.808000037e+001 +4.808000037e+001 +9.8258e-001 -3.3890e+000
586 0 +2.963110717e-007 +4.808000030e+001 +4.808000030e+001 +9.8277e-001 -3.3891e+000
602 0 +1.609504352e-008 +4.808000002e+001 +4.808000002e+001 +9.8244e-001 -3.3888e+000
629 0 +5.584325891e-009 +4.808000001e+001 +4.808000001e+001 +9.8238e-001 -3.3888e+000
% f evaluations | g evaluations | best noise-free fitness - Fopt (3.058000000000e+001) + sum g_i+ | measured fitness | best measured fitness or single-digit g-values | x1 | x2...
1 0 +3.148068871e+007 +3.148071929e+007 +3.148071929e+007 +2.8996e+000 -1.6929e-001
2 0 +3.459746137e+004 +3.462804137e+004 +3.462804137e+004 -3.0034e+000 -1.6733e+000
7 0 +9.357451841e+002 +9.663251841e+002 +9.663251841e+002 -2.5147e+000 +5.0000e+000
107 0 +3.166915039e+002 +3.472715039e+002 +3.472715039e+002 -2.4681e+000 +5.0000e+000
152 0 +9.503893966e+001 +1.256189397e+002 +1.256189397e+002 -2.6557e+000 +1.4749e+000
153 0 +3.352971810e+001 +6.410971810e+001 +6.410971810e+001 -2.6099e+000 +2.6200e+000
161 0 +2.438892078e+001 +5.496892078e+001 +5.496892078e+001 -2.5923e+000 +2.9253e+000
167 0 +1.511344438e+001 +4.569344438e+001 +4.569344438e+001 -2.6827e+000 +1.0654e+000
230 0 +1.163769433e+001 +4.221769433e+001 +4.221769433e+001 -2.6781e+000 +1.2426e+000
243 0 +2.265140787e+000 +3.284514079e+001 +3.284514079e+001 -2.7666e+000 -5.3617e-001
252 0 +8.700808925e-001 +3.145008089e+001 +3.145008089e+001 -2.7873e+000 -9.4031e-001
276 0 +4.260368107e-001 +3.100603681e+001 +3.100603681e+001 -2.7982e+000 -1.1497e+000
292 0 +3.191611730e-001 +3.089916117e+001 +3.089916117e+001 -2.8161e+000 -1.5092e+000
294 0 +1.968400265e-002 +3.059968400e+001 +3.059968400e+001 -2.8280e+000 -1.7342e+000
311 0 +7.350703481e-003 +3.058735070e+001 +3.058735070e+001 -2.8342e+000 -1.8592e+000
328 0 +4.694094465e-003 +3.058469409e+001 +3.058469409e+001 -2.8370e+000 -1.9117e+000
346 0 +4.550445109e-003 +3.058455045e+001 +3.058455045e+001 -2.8375e+000 -1.9215e+000
380 0 +1.967379917e-003 +3.058196738e+001 +3.058196738e+001 -2.8326e+000 -1.8262e+000
397 0 +5.535277112e-004 +3.058055353e+001 +3.058055353e+001 -2.8332e+000 -1.8376e+000
420 0 +9.488286739e-006 +3.058000949e+001 +3.058000949e+001 -2.8343e+000 -1.8589e+000
462 0 +7.873159682e-006 +3.058000787e+001 +3.058000787e+001 -2.8345e+000 -1.8635e+000
489 0 +2.324448936e-006 +3.058000232e+001 +3.058000232e+001 -2.8343e+000 -1.8593e+000
527 0 +2.648937070e-008 +3.058000003e+001 +3.058000003e+001 -2.8344e+000 -1.8607e+000
576 0 +2.600076243e-008 +3.058000003e+001 +3.058000003e+001 -2.8344e+000 -1.8607e+000
620 0 +2.688260281e-009 +3.058000000e+001 +3.058000000e+001 -2.8344e+000 -1.8608e+000
% f evaluations | g evaluations | best noise-free fitness - Fopt (1.000000000000e+003) + sum g_i+ | measured fitness | best measured fitness or single-digit g-values | x1 | x2...
1 0 +7.900709262e+005 +7.910709262e+005 +7.910709262e+005 -3.9092e+000 +7.8194e-001
2 0 +2.943504159e+005 +2.953504159e+005 +2.953504159e+005 -3.0774e+000 -4.2664e+000
6 0 +1.147030474e+005 +1.157030474e+005 +1.157030474e+005 -2.7956e+000 +5.0000e+000
7 0 +2.481470030e+003 +3.481470030e+003 +3.481470030e+003 -2.9273e+000 +8.4949e-001
8 0 +1.041547118e+003 +2.041547118e+003 +2.041547118e+003 -2.8567e+000 +1.5129e+000
26 0 +8.142236221e+002 +1.814223622e+003 +1.814223622e+003 -2.8400e+000 +1.7190e+000
35 0 +7.215320864e+002 +1.721532086e+003 +1.721532086e+003 -2.9557e+000 +7.9542e-001
95 0 +7.137464645e+001 +1.071374646e+003 +1.071374646e+003 -3.0793e+000 -6.5650e-002
109 0 +1.086894304e+001 +1.010868943e+003 +1.010868943e+003 -2.4700e+000 +4.9108e+000
193 0 +3.230130421e+000 +1.003230130e+003 +1.003230130e+003 -2.7692e+000 +2.5223e+000
201 0 +1.875972324e+000 +1.001875972e+003 +1.001875972e+003 -2.6523e+000 +3.4473e+000
217 0 +9.847285271e-002 +1.000098473e+003 +1.000098473e+003 -2.6407e+000 +3.5511e+000
346 0 +8.924552582e-002 +1.000089246e+003 +1.000089246e+003 -2.6541e+000 +3.4428e+000
384 0 +5.336393524e-002 +1.000053364e+003 +1.000053364e+003 -2.6092e+000 +3.8075e+000
397 0 +3.682615667e-002 +1.000036826e+003 +1.000036826e+003 -2.6404e+000 +3.5546e+000
404 0 +3.745213608e-003 +1.000003745e+003 +1.000003745e+003 -2.6271e+000 +3.6641e+000
432 0 +2.215808183e-003 +1.000002216e+003 +1.000002216e+003 -2.6350e+000 +3.5992e+000
466 0 +9.450316975e-005 +1.000000095e+003 +1.000000095e+003 -2.6292e+000 +3.6463e+000
507 0 +4.398520969e-005 +1.000000044e+003 +1.000000044e+003 -2.6304e+000 +3.6368e+000
530 0 +5.191308674e-006 +1.000000005e+003 +1.000000005e+003 -2.6298e+000 +3.6418e+000
553 0 +2.183609922e-006 +1.000000002e+003 +1.000000002e+003 -2.6295e+000 +3.6438e+000
582 0 +1.891712600e-007 +1.000000000e+003 +1.000000000e+003 -2.6296e+000 +3.6436e+000
655 0 +4.183675628e-009 +1.000000000e+003 +1.000000000e+003 -2.6296e+000 +3.6433e+000
% f evaluations | g evaluations | best noise-free fitness - Fopt (-4.236000000000e+001) + sum g_i+ | measured fitness | best measured fitness or single-digit g-values | x1 | x2...
1 0 +1.386006636e+007 +1.386002400e+007 +1.386002400e+007 -3.9710e+000 -2.5266e+000
3 0 +6.400169527e+006 +6.400127167e+006 +6.400127167e+006 +4.2375e+000 +1.9267e+000
5 0 +4.151226638e+005 +4.150803038e+005 +4.150803038e+005 +1.5721e+000 -2.8448e-002
7 0 +3.504423140e+001 -7.315768604e+000 -7.315768604e+000 +7.7347e-001 -2.1516e-001
79 0 +8.327158083e+000 -3.403284192e+001 -3.403284192e+001 +1.2942e+000 +1.3611e+000
141 0 +6.833599765e+000 -3.552640023e+001 -3.552640023e+001 +9.4800e-001 +3.1959e-001
170 0 +3.202456842e+000 -3.915754316e+001 -3.915754316e+001 +8.4987e-001 +3.7878e-002
208 0 +1.333697999e+000 -4.102630200e+001 -4.102630200e+001 +7.4450e-001 -2.8713e-001
214 0 +9.327710064e-001 -4.142722899e+001 -4.142722899e+001 +8.4034e-001 +5.8134e-003
282 0 +1.016706953e-001 -4.225832930e+001 -4.225832930e+001 +4.9928e-001 -1.0193e+000
284 0 +4.877697495e-002 -4.231122303e+001 -4.231122303e+001 +6.4151e-001 -5.9320e-001
328 0 +4.084124428e-002 -4.231915876e+001 -4.231915876e+001 +6.3187e-001 -6.2223e-001
337 0 +3.920101946e-003 -4.235607990e+001 -4.235607990e+001 +5.9542e-001 -7.3137e-001
400 0 +5.214485949e-004 -4.235947855e+001 -4.235947855e+001 +5.8245e-001 -7.7019e-001
416 0 +1.223997733e-004 -4.235987760e+001 -4.235987760e+001 +5.8076e-001 -7.7529e-001
426 0 +1.169394962e-004 -4.235988306e+001 -4.235988306e+001 +5.7795e-001 -7.8371e-001
458 0 +9.081914023e-005 -4.235990918e+001 -4.235990918e+001 +5.7774e-001 -7.8441e-001
468 0 +4.711992005e-005 -4.235995288e+001 -4.235995288e+001 +5.7798e-001 -7.8367e-001
493 0 +7.543035892e-006 -4.235999246e+001 -4.235999246e+001 +5.7803e-001 -7.8350e-001
573 0 +4.345305292e-006 -4.235999565e+001 -4.235999565e+001 +5.7743e-001 -7.8530e-001
596 0 +1.453386034e-008 -4.235999999e+001 -4.235999999e+001 +5.7758e-001 -7.8487e-001
681 0 +5.399598990e-009 -4.235999999e+001 -4.235999999e+001 +5.7758e-001 -7.8487e-001
% f evaluations | g evaluations | best noise-free fitness - Fopt (-7.187000000000e+001) + sum g_i+ | measured fitness | best measured fitness or single-digit g-values | x1 | x2...
1 0 +4.232022615e+005 +4.231303915e+005 +4.231303915e+005 -1.5981e+000 +1.5380e+000
2 0 +2.072248252e+004 +2.065061252e+004 +2.065061252e+004 +1.3205e+000 -3.0659e+000
15 0 +3.016581624e+003 +2.944711624e+003 +2.944711624e+003 -2.2259e+000 +4.6556e+000
26 0 +9.230824546e+002 +8.512124546e+002 +8.512124546e+002 +9.7411e-001 -2.5642e+000
54 0 +1.184681396e+002 +4.659813963e+001 +4.659813963e+001 -2.4850e-001 +1.7403e-001
119 0 +1.180436823e+001 -6.006563177e+001 -6.006563177e+001 -1.5642e-001 -8.4738e-003
195 0 +8.160189081e+000 -6.370981092e+001 -6.370981092e+001 -6.0919e-001 +1.0344e+000
215 0 +6.633931722e+000 -6.523606828e+001 -6.523606828e+001 -1.0741e+000 +2.1135e+000
220 0 +5.409513798e+000 -6.646048620e+001 -6.646048620e+001 -5.0952e-001 +8.0966e-001
241 0 +3.290472969e+000 -6.857952703e+001 -6.857952703e+001 -1.2298e+000 +2.4772e+000
249 0 +1.002827534e+000 -7.086717247e+001 -7.086717247e+001 -1.0382e+000 +2.0355e+000
267 0 +8.258279435e-001 -7.104417206e+001 -7.104417206e+001 -1.6307e+000 +3.4150e+000
272 0 +9.965647454e-002 -7.177034353e+001 -7.177034353e+001 -1.3263e+000 +2.7054e+000
298 0 +4.723579921e-003 -7.186527642e+001 -7.186527642e+001 -1.4289e+000 +2.9441e+000
333 0 +8.956956304e-004 -7.186910430e+001 -7.186910430e+001 -1.4224e+000 +2.9293e+000
355 0 +6.782525852e-004 -7.186932175e+001 -7.186932175e+001 -1.4184e+000 +2.9198e+000
406 0 +8.110439795e-005 -7.186991890e+001 -7.186991890e+001 -1.4158e+000 +2.9138e+000
434 0 +3.063105353e-005 -7.186996937e+001 -7.186996937e+001 -1.4116e+000 +2.9041e+000
450 0 +2.057425195e-005 -7.186997943e+001 -7.186997943e+001 -1.4152e+000 +2.9126e+000
478 0 +1.447926792e-007 -7.186999986e+001 -7.186999986e+001 -1.4136e+000 +2.9088e+000
508 0 +1.427976173e-007 -7.186999986e+001 -7.186999986e+001 -1.4135e+000 +2.9085e+000
534 0 +6.840224387e-009 -7.186999999e+001 -7.186999999e+001 -1.4136e+000 +2.9088e+000
% f evaluations | g evaluations | best noise-free fitness - Fopt (-1.650000000000e+001) + sum g_i+ | measured fitness | best measured fitness or single-digit g-values | x1 | x2...
1 0 +2.926900824e+007 +2.926899174e+007 +2.926899174e+007 -4.0601e+000 -4.4966e+000
2 0 +1.515873809e+007 +1.515872159e+007 +1.515872159e+007 +2.7638e+000 -1.6356e+000
3 0 +2.051946164e+004 +2.050296164e+004 +2.050296164e+004 +4.2744e+000 +2.7664e+000
7 0 +8.988865397e+002 +8.823865397e+002 +8.823865397e+002 -7.8899e-002 +1.7809e+000
55 0 +8.895464155e+002 +8.730464155e+002 +8.730464155e+002 +3.9563e-001 +1.8704e+000
92 0 +2.166205404e+002 +2.001205404e+002 +2.001205404e+002 +4.0251e-001 +1.9158e+000
133 0 +1.215540187e+002 +1.050540187e+002 +1.050540187e+002 +1.2123e+000 +2.0648e+000
135 0 +1.044676503e+001 -6.053234965e+000 -6.053234965e+000 +7.6082e-002 +1.8413e+000
148 0 +1.206290078e-001 -1.637937099e+001 -1.637937099e+001 +3.4126e+000 +2.4664e+000
247 0 +7.793603416e-002 -1.642206397e+001 -1.642206397e+001 +2.9811e+000 +2.3858e+000
254 0 +5.938371526e-003 -1.649406163e+001 -1.649406163e+001 +3.0051e+000 +2.3900e+000
310 0 +7.694290647e-005 -1.649992306e+001 -1.649992306e+001 +3.0892e+000 +2.4058e+000
386 0 +2.077307707e-005 -1.649997923e+001 -1.649997923e+001 +3.0802e+000 +2.4041e+000
463 0 +1.787389906e-005 -1.649998213e+001 -1.649998213e+001 +3.0862e+000 +2.4052e+000
493 0 +1.772614802e-007 -1.649999982e+001 -1.649999982e+001 +3.0837e+000 +2.4047e+000
521 0 +5.720268703e-008 -1.649999994e+001 -1.649999994e+001 +3.0842e+000 +2.4048e+000
558 0 +3.005948557e-008 -1.649999997e+001 -1.649999997e+001 +3.0839e+000 +2.4048e+000
573 0 +2.818392986e-008 -1.649999997e+001 -1.649999997e+001 +3.0839e+000 +2.4048e+000
599 0 +7.470056573e-009 -1.649999999e+001 -1.649999999e+001 +3.0841e+000 +2.4048e+000
% f evaluations | g evaluations | best noise-free fitness - Fopt (1.000000000000e+003) + sum g_i+ | measured fitness | best measured fitness or single-digit g-values | x1 | x2...
1 0 +2.367414494e+007 +2.367514494e+007 +2.367514494e+007 +4.0192e+000 +4.7343e+000
2 0 +5.022929380e+005 +5.032929380e+005 +5.032929380e+005 +2.5366e+000 -3.8104e+000
7 0 +2.338796337e+003 +3.338796337e+003 +3.338796337e+003 +1.0877e+000 -6.5423e-003
23 0 +7.878613224e+002 +1.787861322e+003 +1.787861322e+003 -9.9300e-001 +3.5803e+000
79 0 +8.481939357e+000 +1.008481939e+003 +1.008481939e+003 -4.2514e-001 +2.5925e+000
123 0 +5.225663981e+000 +1.005225664e+003 +1.005225664e+003 -3.8793e-001 +2.5269e+000
151 0 +4.808705055e+000 +1.004808705e+003 +1.004808705e+003 +7.5471e-001 +6.2964e-001
219 0 +4.619622832e+000 +1.004619623e+003 +1.004619623e+003 -3.4509e-001 +2.4569e+000
235 0 +2.299776804e+000 +1.002299777e+003 +1.002299777e+003 +1.4439e+000 -5.0845e-001
237 0 +1.062682079e+000 +1.001062682e+003 +1.001062682e+003 +2.9085e-001 +1.4040e+000
252 0 +2.729141318e-001 +1.000272914e+003 +1.000272914e+003 +8.9686e-001 +3.9931e-001
297 0 +1.735379069e-002 +1.000017354e+003 +1.000017354e+003 +6.7531e-001 +7.6576e-001
340 0 +7.415328872e-004 +1.000000742e+003 +1.000000742e+003 +7.2613e-001 +6.8138e-001
391 0 +9.833727859e-006 +1.000000010e+003 +1.000000010e+003 +7.3504e-001 +6.6667e-001
443 0 +4.980956760e-006 +1.000000005e+003 +1.000000005e+003 +7.3415e-001 +6.6814e-001
539 0 +5.136830623e-007 +1.000000001e+003 +1.000000001e+003 +7.3535e-001 +6.6615e-001
543 0 +4.723412985e-007 +1.000000000e+003 +1.000000000e+003 +7.3527e-001 +6.6628e-001
573 0 +2.226048537e-007 +1.000000000e+003 +1.000000000e+003 +7.3542e-001 +6.6604e-001
594 0 +5.270214842e-008 +1.000000000e+003 +1.000000000e+003 +7.3525e-001 +6.6631e-001
611 0 +3.758657385e-008 +1.000000000e+003 +1.000000000e+003 +7.3518e-001 +6.6644e-001
624 0 +2.101182872e-008 +1.000000000e+003 +1.000000000e+003 +7.3513e-001 +6.6652e-001
642 0 +7.886910680e-009 +1.000000000e+003 +1.000000000e+003 +7.3518e-001 +6.6644e-001
% f evaluations | g evaluations | best noise-free fitness - Fopt (-1.000000000000e+003) + sum g_i+ | measured fitness | best measured fitness or single-digit g-values | x1 | x2...
1 0 +5.489197824e+003 +4.489197824e+003 +4.489197824e+003 -3.6531e+000 +1.1263e+000
42 0 +9.516947191e+002 -4.830528089e+001 -4.830528089e+001 -3.7553e+000 +1.5130e+000
96 0 +8.877070508e+001 -9.112292949e+002 -9.112292949e+002 -4.1354e+000 +2.0676e+000
98 0 +6.816842070e+001 -9.318315793e+002 -9.318315793e+002 -2.3295e+000 -9.2231e-001
126 0 +4.862264219e+001 -9.513773578e+002 -9.513773578e+002 -3.1242e+000 +4.1697e-001
170 0 +2.431728567e+001 -9.756827143e+002 -9.756827143e+002 -2.6455e+000 -3.7871e-001
186 0 +1.879779657e+001 -9.812022034e+002 -9.812022034e+002 -2.3378e+000 -8.8862e-001
205 0 +1.430341318e+001 -9.856965868e+002 -9.856965868e+002 -2.4281e+000 -7.4387e-001
235 0 +1.037421591e+001 -9.896257841e+002 -9.896257841e+002 -1.2252e+000 -2.7277e+000
260 0 +7.300995544e+000 -9.926990045e+002 -9.926990045e+002 -7.4511e-001 -3.5225e+000
264 0 +6.624969198e+000 -9.933750308e+002 -9.933750308e+002 -4.5104e-001 -4.0095e+000
267 0 +4.577151919e+000 -9.954228481e+002 -9.954228481e+002 -3.8945e-001 -4.1208e+000
290 0 +2.155935937e+000 -9.978440641e+002 -9.978440641e+002 -1.1603e+000 -2.8417e+000
304 0 +1.099076875e+000 -9.989009231e+002 -9.989009231e+002 -5.1603e-001 -3.9092e+000
305 0 +5.079277744e-001 -9.994920722e+002 -9.994920722e+002 -9.0788e-002 -4.6106e+000
320 0 +4.221791128e-001 -9.995778209e+002 -9.995778209e+002 -5.9456e-001 -3.7783e+000
321 0 +5.621291545e-003 -9.999943787e+002 -9.999943787e+002 -5.1906e-001 -3.9021e+000
360 0 +1.035156771e-003 -9.999989648e+002 -9.999989648e+002 -4.7919e-001 -3.9680e+000
427 0 +8.774082741e-004 -9.999991226e+002 -9.999991226e+002 -4.6194e-001 -3.9966e+000
444 0 +1.417838507e-005 -9.999999858e+002 -9.999999858e+002 -4.7862e-001 -3.9690e+000
464 0 +5.187293368e-006 -9.999999948e+002 -9.999999948e+002 -4.7726e-001 -3.9712e+000
499 0 +2.175473469e-006 -9.999999978e+002 -9.999999978e+002 -4.7746e-001 -3.9709e+000
521 0 +7.738213981e-007 -9.999999992e+002 -9.999999992e+002 -4.7665e-001 -3.9723e+000
598 0 +3.598920557e-007 -9.999999996e+002 -9.999999996e+002 -4.7667e-001 -3.9722e+000
614 0 +1.925131983e-007 -9.999999998e+002 -9.999999998e+002 -4.7693e-001 -3.9718e+000
621 0 +4.847481705e-008 -1.000000000e+003 -1.000000000e+003 -4.7680e-001 -3.9720e+000
641 0 +4.004641596e-008 -1.000000000e+003 -1.000000000e+003 -4.7673e-001 -3.9721e+000
680 0 +1.144576345e-008 -1.000000000e+003 -1.000000000e+003 -4.7675e-001 -3.9721e+000
699 0 +3.267700777e-009 -1.000000000e+003 -1.000000000e+003 -4.7678e-001 -3.9720e+000
% f evaluations | g evaluations | best noise-free fitness - Fopt (-1.527400000000e+002) + sum g_i+ | measured fitness | best measured fitness or single-digit g-values | x1 | x2...
1 0 +2.122668881e+007 +2.122653607e+007 +2.122653607e+007 +3.3325e+000 +1.6504e+000
2 0 +8.898359389e+004 +8.883085389e+004 +8.883085389e+004 -1.7705e+000 +4.1762e+000
7 0 +4.465669622e+004 +4.450395622e+004 +4.450395622e+004 -3.5343e+000 +2.9090e+000
8 0 +1.037715195e+004 +1.022441195e+004 +1.022441195e+004 -3.3322e+000 +2.9175e+000
37 0 +5.951715776e+002 +4.424315776e+002 +4.424315776e+002 -2.8681e+000 +3.0707e+000
66 0 +2.727691400e+001 -1.254630860e+002 -1.254630860e+002 -2.7662e+000 +3.1597e+000
165 0 +8.826453137e+000 -1.439135469e+002 -1.439135469e+002 -1.3164e+000 +4.1206e+000
167 0 +2.258221920e+000 -1.504817781e+002 -1.504817781e+002 -2.7875e+000 +3.1528e+000
253 0 +1.906426160e+000 -1.508335738e+002 -1.508335738e+002 -3.7147e+000 +2.5384e+000
265 0 +9.781004784e-001 -1.517618995e+002 -1.517618995e+002 -3.2405e+000 +2.8519e+000
297 0 +5.335716617e-001 -1.522064283e+002 -1.522064283e+002 -3.0390e+000 +2.9858e+000
316 0 +3.567402670e-001 -1.523832597e+002 -1.523832597e+002 -4.0415e+000 +2.3242e+000
317 0 +3.288350797e-001 -1.524111649e+002 -1.524111649e+002 -4.2106e+000 +2.2131e+000
321 0 +2.049752151e-001 -1.525350248e+002 -1.525350248e+002 -4.0699e+000 +2.3060e+000
330 0 +2.992694048e-004 -1.527397007e+002 -1.527397007e+002 -3.6841e+000 +2.5603e+000
495 0 +9.039528408e-006 -1.527399910e+002 -1.527399910e+002 -3.6980e+000 +2.5512e+000
531 0 +2.801189254e-006 -1.527399972e+002 -1.527399972e+002 -3.7001e+000 +2.5498e+000
561 0 +2.251650017e-006 -1.527399977e+002 -1.527399977e+002 -3.7000e+000 +2.5499e+000
616 0 +2.440314688e-007 -1.527399998e+002 -1.527399998e+002 -3.6996e+000 +2.5502e+000
619 0 +6.687241694e-008 -1.527399999e+002 -1.527399999e+002 -3.6991e+000 +2.5505e+000
643 0 +4.038793122e-008 -1.527400000e+002 -1.527400000e+002 -3.6991e+000 +2.5504e+000
688 0 +1.611658718e-008 -1.527400000e+002 -1.527400000e+002 -3.6993e+000 +2.5504e+000
710 0 +1.243776637e-008 -1.527400000e+002 -1.527400000e+002 -3.6992e+000 +2.5504e+000
732 0 +2.699863444e-009 -1.527400000e+002 -1.527400000e+002 -3.6992e+000 +2.5504e+000
