% f evaluations | g evaluations | best noise-free fitness - Fopt (7.948000000000e+001) + sum g_i+ | measured fitness | best measured fitness or single-digit g-values | x1 | x2...
1 0 +1.577790768e+002 +2.372590768e+002 +2.372590768e+002 -4.7869e+000 +2.8518e+000 -3.2796e+000 +3.4100e+000 +4.5370e-001 -4.3264e+000 +4.7482e+000 -1.2150e-001 +1.7279e+000 +3.2726e+000
2 0 +1.091481470e+002 +1.886281470e+002 +1.886281470e+002 +3.0126e+000 +4.2364e+000 +2.1058e+000 +2.9915e+000 +1.1284e+000 +6.8426e-001 -2.1255e+000 -3.6629e+000 +3.8719e+000 -2.8665e+000
3 0 +5.777130843e+001 +1.372513084e+002 +1.372513084e+002 +3.4940e-001 -3.5026e-001 -4.5935e+000 +1.6014e+000 -7.1072e-001 +4.1927e+000 -1.4217e+000 -2.6534e+000 -2.6117e+000 +6.5272e-001
22 0 +0.000000000e+000 +7.948000000e+001 +7.948000000e+001 +2.5280e-001 -1.1568e+000 -7.2400e-001 +1.9264e+000 -2.6808e+000 +4.3920e-001 -1.1680e-001 +1.2000e-001 -1.6376e+000 -3.0512e+000
% f evaluations | g evaluations | best noise-free fitness - Fopt (3.944800000000e+002) + sum g_i+ | measured fitness | best measured fitness or single-digit g-values | x1 | x2...
1 0 +1.888115051e+002 +5.832915051e+002 +5.832915051e+002 -3.9371e+000 -1.6771e+000 -4.2913e+000 -3.7565e+000 -1.5282e+000 -3.7479e+000 -4.6388e+000 +1.3811e+000 +3.1752e+000 +2.2854e+000
2 0 +1.248206361e+002 +5.193006361e+002 +5.193006361e+002 +4.2107e+000 -5.1244e-001 -2.7347e-001 +3.6579e+000 +1.9805e+000 -3.6097e+000 +1.9790e+000 -3.1373e+000 +4.3807e+000 -2.0461e+000
5 0 +1.199919213e+002 +5.144719213e+002 +5.144719213e+002 +1.0238e+000 +8.9089e-001 +2.6623e-002 +1.6493e+000 -1.0461e+000 +2.6816e+000 +3.1355e+000 -6.8930e-001 -3.5471e+000 +7.0012e-001
6 0 +9.229861364e+001 +4.867786136e+002 +4.867786136e+002 -3.6205e-001 -1.8559e+000 -1.5376e+000 +2.2688e+000 +2.4577e+000 +4.9143e+000 +2.2032e+000 +5.8799e-002 -3.1206e+000 -4.2202e+000
13 0 +6.438250708e+001 +4.588625071e+002 +4.588625071e+002 -4.6573e+000 -4.1272e+000 -1.3011e+000 +1.3354e+000 +3.8489e+000 +2.1953e+000 +1.9611e+000 -7.5194e-001 -4.3750e+000 -3.9410e+000
22 0 +0.000000000e+000 +3.944800000e+002 +3.944800000e+002 -3.8984e+000 -2.8904e+000 -3.8024e+000 +3.9056e+000 +8.5920e-001 -2.9048e+000 +3.4448e+000 -6.0000e-001 -8.8240e-001 -3.7352e+000
% f evaluations | g evaluations | best noise-free fitness - Fopt (-2.471100000000e+002) + sum g_i+ | measured fitness | best measured fitness or single-digit g-values | x1 | x2...
1 0 +3.034095266e+002 +5.629952663e+001 +5.629952663e+001 +3.3264e+000 +1.1342e+000 -2.9425e+000 +3.7121e+000 -2.4853e-001 +2.2344e+000 -2.8715e+000 +4.5916e+000 -4.0237e+000 -4.8367e+000
2 0 +1.545595273e+002 -9.255047270e+001 -9.255047270e+001 +1.0294e+000 +4.9041e+000 +3.6148e+000 -1.0854e+000 +1.2973e+000 +7.0009e-002 +3.5577e+000 +2.6321e+000 -3.1827e+000 +2.2016e-001
4 0 +1.320108798e+002 -1.150991202e+002 -1.150991202e+002 +1.6704e-001 +4.6368e-001 -1.9306e+000 +4.3381e+000 -3.3179e+000 +3.3772e+000 -3.4190e+000 -2.0060e+000 -1.2113e+000 +2.9505e+000
7 0 +5.299825297e+001 -1.941117470e+002 -1.941117470e+002 -4.6201e+000 +6.5095e-002 +1.2621e+000 -2.6415e+000 -7.1676e-001 -9.8756e-001 -9.3662e-001 -5.9637e-001 -1.4955e+000 +3.5050e+000
9 0 +3.961880739e+001 -2.074911926e+002 -2.074911926e+002 +4.3899e-002 -2.7871e+000 -2.1422e+000 -1.5721e+000 -4.1328e+000 +2.9146e+000 +3.5078e+000 -4.3278e+000 -2.4454e+000 +4.2375e+000
22 0 +0.000000000e+000 -2.471100000e+002 -2.471100000e+002 -3.7984e+000 +2.0320e-001 -6.9120e-001 -3.6912e+000 -3.0992e+000 +2.3168e+000 +3.2200e+000 -3.9160e+000 -7.1200e-002 +2.8224e+000
% f evaluations | g evaluations | best noise-free fitness - Fopt (-1.520400000000e+002) + sum g_i+ | measured fitness | best measured fitness or single-digit g-values | x1 | x2...
1 0 +1.908874647e+002 +3.884746468e+001 +3.884746468e+001 -3.5551e+000 +2.9700e-001 +4.0130e+000 +9.4304e-002 +4.2386e+000 +2.8456e+000 +1.4955e+000 +4.0661e+000 +6.5225e-001 -4.6365e+000
3 0 +1.496389729e+002 -2.401027060e+000 -2.401027060e+000 +3.4546e+000 -3.0940e+000 +9.9854e-001 -1.2616e+000 -9.8759e-001 +3.3063e+000 -1.8509e+000 +1.2893e+000 -4.9521e+000 +1.9792e+000
5 0 +6.535157050e+001 -8.668842950e+001 -8.668842950e+001 -4.4911e+000 -3.5712e+000 -3.3876e+000 +4.1417e+000 +3.6794e+000 -4.4685e-001 +6.5437e-001 +1.6016e+000 +3.2599e+000 +5.0367e-001
22 0 +0.000000000e+000 -1.520400000e+002 -1.520400000e+002 -2.6720e-001 +1.4240e+000 -3.9248e+000 +3.2968e+000 +2.4192e+000 +1.5040e-001 -8.7840e-001 -7.0080e-001 +1.5000e+000 +3.4808e+000
% f evaluations | g evaluations | best noise-free fitness - Fopt (-2.525000000000e+001) + sum g_i+ | measured fitness | best measured fitness or single-digit g-values | x1 | x2...
1 0 +1.641077489e+002 +1.388577489e+002 +1.388577489e+002 -4.6673e+000 -4.2695e+000 -6.2373e-002 +1.2553e+000 -2.3393e+000 -2.9268e+000 +1.2900e+000 -1.0858e+000 -5.7061e-001 -2.6642e+000
2 0 +1.590015046e+002 +1.337515046e+002 +1.337515046e+002 -4.0274e+000 +2.8210e+000 +1.8778e+000 +1.2145e+000 -9.0770e-001 -1.7390e+000 +3.7414e+000 -1.1364e-001 +4.7037e+000 -3.1233e+000
3 0 +1.215745035e+002 +9.632450354e+001 +9.632450354e+001 -3.3057e+000 -1.7685e+000 +1.6179e+000 +9.4390e-001 +6.0573e-001 +9.5495e-001 -1.0791e+000 +3.5931e+000 +4.1282e+000 -1.4089e+000
4 0 +7.481422997e+001 +4.956422997e+001 +4.956422997e+001 -3.6220e-001 -4.0006e+000 -3.0183e-002 -2.6321e+000 -6.6797e-001 +3.0948e+000 -1.5089e+000 -2.9628e+000 -7.0453e-001 -4.4300e+000
5 0 +7.171879614e+001 +4.646879614e+001 +4.646879614e+001 +2.1635e+000 -4.5852e+000 -1.9539e+000 -4.5391e-001 +4.9105e+000 +4.8232e+000 -4.4364e+000 -6.5088e-001 +1.1354e+000 -8.1493e-003
17 0 +5.626710019e+001 +3.101710019e+001 +3.101710019e+001 +4.4212e+000 +2.1727e+000 -7.4302e-001 +1.4282e+000 +4.9026e+000 -6.6731e-002 +1.7894e+000 -2.4271e+000 -3.0198e+000 -2.9097e+000
22 0 +0.000000000e+000 -2.525000000e+001 -2.525000000e+001 +3.6144e+000 +6.3520e-001 -1.4216e+000 -2.1528e+000 +3.2968e+000 -1.0160e-001 -2.4752e+000 -1.8152e+000 +1.3128e+000 -2.6728e+000
% f evaluations | g evaluations | best noise-free fitness - Fopt (1.830100000000e+002) + sum g_i+ | measured fitness | best measured fitness or single-digit g-values | x1 | x2...
1 0 +1.370715850e+002 +3.200815850e+002 +3.200815850e+002 +1.9781e+000 +3.9768e+000 +1.0426e+000 -1.4850e+000 -4.6588e+000 +5.1943e-001 +3.7794e+000 -6.9716e-001 +2.3115e+000 +2.8927e+000
6 0 +1.207919615e+002 +3.038019615e+002 +3.038019615e+002 +1.8644e+000 +1.9384e+000 -2.2889e+000 -3.5989e+000 -1.4496e+000 +3.4657e-002 +3.6461e+000 -1.0320e+000 +3.2271e-001 -2.3612e+000
9 0 +8.759609086e+001 +2.706060909e+002 +2.706060909e+002 -2.3072e+000 -2.1020e+000 +1.4593e+000 +1.6136e+000 -1.9061e+000 -2.4028e+000 -3.3508e+000 +2.7167e+000 -2.1034e+000 -4.7837e+000
11 0 +3.976992796e+001 +2.227799280e+002 +2.227799280e+002 -4.3228e+000 +2.9545e+000 +8.0592e-001 -6.6635e-001 -3.7382e+000 -1.1067e+000 -2.6689e+000 +7.9317e-001 +4.7380e+000 +7.0471e-001
22 0 +0.000000000e+000 +1.830100000e+002 +1.830100000e+002 -2.1360e+000 +3.1032e+000 -2.8520e+000 +1.0296e+000 -3.5568e+000 +2.7760e-001 -3.9568e+000 +2.5720e+000 +2.8464e+000 -2.1864e+000
% f evaluations | g evaluations | best noise-free fitness - Fopt (1.835200000000e+002) + sum g_i+ | measured fitness | best measured fitness or single-digit g-values | x1 | x2...
1 0 +1.383182839e+002 +3.218382839e+002 +3.218382839e+002 +4.6147e+000 -2.3487e+000 +4.4468e+000 +2.4692e+000 -1.9377e-001 -2.6919e+000 +2.2083e+000 +1.5672e+000 -1.0887e+000 -3.8119e+000
2 0 +7.080786392e+001 +2.543278639e+002 +2.543278639e+002 -2.4233e-001 +8.2218e-002 +1.0814e+000 -1.4362e+000 -1.8261e+000 +2.0882e+000 +2.6927e+000 -3.5149e+000 +1.3557e-001 +1.3827e+000
3 0 +3.337374149e+001 +2.168937415e+002 +2.168937415e+002 -5.5357e-001 -2.9964e+000 +8.8053e-002 -1.8386e+000 +1.7756e+000 -1.6198e+000 +3.9080e+000 +2.9596e+000 +2.7732e+000 +6.8830e-002
22 0 +0.000000000e+000 +1.835200000e+002 +1.835200000e+002 -2.1600e-002 -3.9416e+000 -2.3344e+000 -2.0432e+000 -6.5760e-001 +2.5064e+000 +3.6328e+000 +2.5576e+000 +1.0288e+000 -1.7760e-001
% f evaluations | g evaluations | best noise-free fitness - Fopt (-5.938400000000e+002) + sum g_i+ | measured fitness | best measured fitness or single-digit g-values | x1 | x2...
1 0 +1.448306368e+002 -4.490093632e+002 -4.490093632e+002 -3.7122e+000 +3.0699e+000 +4.1039e+000 -3.8589e+000 +4.8166e+000 +4.8788e+000 +3.9839e+000 -4.3893e+000 -4.9180e+000 +2.7963e+000
3 0 +5.081049289e+001 -5.430295071e+002 -5.430295071e+002 +1.8351e+000 +3.3476e-001 +3.6267e+000 -1.8884e+000 +1.9668e+000 +4.2088e+000 -4.2925e+000 -4.1747e-001 -3.5546e+000 +2.1743e+000
22 0 +0.000000000e+000 -5.938400000e+002 -5.938400000e+002 -2.5696e+000 +9.4400e-002 +5.7200e-001 +2.1336e+000 +1.3664e+000 +2.4672e+000 -3.6240e+000 -1.7408e+000 -3.0680e+000 +2.2968e+000
% f evaluations | g evaluations | best noise-free fitness - Fopt (-1.000000000000e+003) + sum g_i+ | measured fitness | best measured fitness or single-digit g-values | x1 | x2...
1 0 +1.241010595e+002 -8.758989405e+002 -8.758989405e+002 -1.7023e+000 +7.9885e-001 -1.7680e+000 +3.7637e+000 +1.6854e+000 -4.4443e+000 +4.4693e+000 -2.4440e+000 +2.2603e+000 -2.9817e-001
2 0 +9.121031349e+001 -9.087896865e+002 -9.087896865e+002 -4.1940e+000 +1.7710e+000 -2.0201e+000 +1.8748e+000 +8.8261e-001 +4.5660e+000 +2.1872e+000 -4.5783e+000 +1.9127e+000 +3.5981e+000
11 0 +9.095600321e+001 -9.090439968e+002 -9.090439968e+002 +1.2190e+000 +1.2906e+000 -4.3685e+000 +1.0457e+000 +3.5480e+000 -3.5016e+000 +1.6503e+000 -1.8100e+000 +1.1808e+000 +2.3063e+000
21 0 +8.233348807e+001 -9.176665119e+002 -9.176665119e+002 -4.4256e+000 -2.9533e-001 +2.6675e+000 -9.5065e-001 +9.9111e-002 +6.1095e-001 +1.2397e+000 +3.2359e+000 -4.3709e-002 -1.8113e-002
22 0 +0.000000000e+000 -1.000000000e+003 -1.000000000e+003 -3.8432e+000 +3.8528e+000 -3.8216e+000 -2.4456e+000 +2.3008e+000 +1.3064e+000 +3.7192e+000 +1.4208e+000 -1.4160e+000 +1.9280e+000
% f evaluations | g evaluations | best noise-free fitness - Fopt (-2.531000000000e+001) + sum g_i+ | measured fitness | best measured fitness or single-digit g-values | x1 | x2...
1 0 +1.142518062e+002 +8.894180620e+001 +8.894180620e+001 -2.7561e+000 +4.8274e+000 -1.6675e+000 +1.5656e+000 +4.4009e+000 +2.0313e+000 +3.5120e+000 -7.4562e-001 -2.0609e-002 -1.6695e+000
2 0 +7.109151631e+001 +4.578151631e+001 +4.578151631e+001 +1.8418e+000 -9.7720e-001 +1.6667e+000 -1.5144e+000 +6.7051e-001 -1.5593e+000 +4.4951e-001 +3.9619e+000 -2.5932e+000 +2.8411e+000
22 0 +0.000000000e+000 -2.531000000e+001 -2.531000000e+001 +3.4688e+000 +3.5328e+000 +8.5280e-001 +3.1864e+000 +2.3872e+000 -1.7624e+000 -1.6648e+000 +2.6480e-001 -3.4312e+000 +9.6640e-001
% f evaluations | g evaluations | best noise-free fitness - Fopt (2.228000000000e+001) + sum g_i+ | measured fitness | best measured fitness or single-digit g-values | x1 | x2...
1 0 +1.082636307e+002 +1.305436307e+002 +1.305436307e+002 -8.1799e-001 +1.1889e+000 -4.1530e+000 -1.9599e+000 -5.2909e-001 -4.2909e-002 -1.4893e-001 +8.1172e-001 +7.7360e-001 -4.5549e+000
2 0 +1.025104238e+002 +1.247904238e+002 +1.247904238e+002 -8.2312e-002 -4.1056e+000 +3.1236e+000 -6.9819e-002 -1.0127e+000 -6.7352e-001 -3.4391e+000 -2.9572e+000 +3.6078e+000 +3.3079e+000
3 0 +1.022767434e+002 +1.245567434e+002 +1.245567434e+002 -3.0500e+000 -1.0392e+000 +2.7454e+000 -3.2906e+000 +1.4122e+000 +3.7405e-001 -3.3046e+000 +2.8922e+000 +2.7668e+000 +1.5521e+000
9 0 +9.888824406e+001 +1.211682441e+002 +1.211682441e+002 -2.2208e-001 -4.1033e+000 +4.1830e+000 -4.5698e+000 -7.6970e-001 +3.6236e+000 +8.0844e-001 +3.6186e+000 -1.5162e+000 +3.7650e+000
10 0 +9.352462075e+001 +1.158046208e+002 +1.158046208e+002 +4.0403e+000 -4.8613e+000 +4.4652e+000 +3.5158e+000 +1.5233e+000 +6.0588e-001 +7.6402e-001 +2.0213e+000 +3.6360e+000 +1.2254e+000
11 0 +5.434645700e+001 +7.662645700e+001 +7.662645700e+001 -6.3356e-001 -4.1155e-001 -1.0362e+000 -4.8053e+000 -4.3325e+000 +3.3409e+000 -2.2449e+000 +3.9985e+000 +4.2389e+000 +2.1581e+000
22 0 +0.000000000e+000 +2.228000000e+001 +2.228000000e+001 +1.4128e+000 -1.7768e+000 -1.8216e+000 +1.0176e+000 -2.6616e+000 +3.7464e+000 +2.8480e-001 +2.7000e+000 +2.7080e+000 +2.7792e+000
% f evaluations | g evaluations | best noise-free fitness - Fopt (3.561400000000e+002) + sum g_i+ | measured fitness | best measured fitness or single-digit g-values | x1 | x2...
1 0 +1.539244513e+002 +5.100644513e+002 +5.100644513e+002 -4.1053e+000 +4.7970e-001 -1.8590e-001 -3.6016e+000 -1.0510e+000 -1.2111e+000 +3.5110e+000 +2.9403e+000 -4.8521e+000 -2.7170e+000
2 0 +1.206972000e+002 +4.768372000e+002 +4.768372000e+002 +4.5567e+000 -4.3494e+000 +3.9938e+000 +1.3586e+000 +6.6136e-001 +2.9396e+000 -1.3846e+000 +3.2775e+000 +6.7495e-001 -1.4536e+000
3 0 +1.059539162e+002 +4.620939162e+002 +4.620939162e+002 +4.3875e+000 -1.6171e+000 -3.4867e+000 -2.9077e+000 -4.7085e+000 -8.2405e-001 +9.0468e-002 -1.4660e+000 +1.9791e+000 +7.2966e-002
4 0 +6.601892669e+001 +4.221589267e+002 +4.221589267e+002 +3.9268e-001 -1.2987e+000 -3.5418e+000 -2.5064e+000 +2.1273e+000 -3.3969e-001 -2.0298e-001 +2.8217e+000 -3.4628e+000 -1.8155e+000
8 0 +5.315499258e+001 +4.092949926e+002 +4.092949926e+002 +1.7013e+000 +1.5249e+000 -4.7055e+000 -4.4322e-001 +1.9893e+000 +2.9753e+000 +4.2127e+000 +4.8564e+000 +1.9927e+000 +1.6655e+000
22 0 +0.000000000e+000 +3.561400000e+002 +3.561400000e+002 +1.4584e+000 -5.2480e-001 -3.5376e+000 +2.2224e+000 +1.4280e+000 +1.6232e+000 +8.8800e-001 +9.4240e-001 -1.0104e+000 +3.3656e+000
% f evaluations | g evaluations | best noise-free fitness - Fopt (-4.757000000000e+002) + sum g_i+ | measured fitness | best measured fitness or single-digit g-values | x1 | x2...
1 0 +9.305059846e+001 -3.826494015e+002 -3.826494015e+002 -6.7877e-001 +2.1728e+000 +3.5607e+000 -4.5722e+000 -3.4405e+000 -3.3504e+000 -8.2492e-001 -3.2113e+000 -3.9071e+000 +3.8659e+000
2 0 +6.291869022e+001 -4.127813098e+002 -4.127813098e+002 -4.8104e-001 +3.4393e+000 +4.5870e+000 +4.7719e+000 -2.2689e-001 +9.0577e-001 -3.1656e+000 -1.2362e+000 -2.3407e+000 -2.7932e+000
22 0 +0.000000000e+000 -4.757000000e+002 -4.757000000e+002 -8.2960e-001 -4.4400e-001 +3.7872e+000 +3.0064e+000 -1.6832e+000 -2.7352e+000 +8.4800e-001 -1.8000e-001 -3.8344e+000 +2.2800e-001
% f evaluations | g evaluations | best noise-free fitness - Fopt (-1.000000000000e+003) + sum g_i+ | measured fitness | best measured fitness or single-digit g-values | x1 | x2...
1 0 +1.898674814e+002 -8.101325186e+002 -8.101325186e+002 -4.9258e+000 -2.7208e+000 -3.9641e+000 -1.7514e+000 -3.4972e+000 +4.1133e+000 -3.8850e-001 -3.9903e+000 +4.1840e-001 -8.1947e-001
2 0 +8.605170494e+001 -9.139482951e+002 -9.139482951e+002 -3.7414e+000 +1.4690e+000 +2.6357e+000 -4.4472e+000 -1.7463e+000 +4.5661e+000 -3.3517e+000 -1.2359e+000 -2.4916e+000 -3.3103e-001
19 0 +6.507724864e+001 -9.349227514e+002 -9.349227514e+002 -2.8979e+000 -5.1161e-001 +2.9606e+000 -1.9398e+000 -3.0924e+000 +8.2935e-001 -2.7273e+000 +4.2283e+000 -1.7673e+000 +1.9210e+000
22 0 +0.000000000e+000 -1.000000000e+003 -1.000000000e+003 -3.8024e+000 +3.3216e+000 +3.7328e+000 -1.4208e+000 -1.8336e+000 -2.2920e+000 -3.8944e+000 +1.6688e+000 +5.9840e-001 -2.9640e+000
% f evaluations | g evaluations | best noise-free fitness - Fopt (-4.158000000000e+001) + sum g_i+ | measured fitness | best measured fitness or single-digit g-values | x1 | x2...
1 0 +2.109851901e+002 +1.694051901e+002 +1.694051901e+002 -1.4712e+000 -7.0138e-001 +2.9560e+000 -4.0884e+000 +3.0985e+000 -4.3682e+000 +4.4251e+000 -3.4231e+000 -2.6507e+000 -2.8677e+000
2 0 +1.337463464e+002 +9.216634638e+001 +9.216634638e+001 -3.1520e+000 -5.3999e-001 -2.8485e+000 -2.5605e-002 -1.1228e+000 +2.9802e+000 -4.4979e+000 +2.3529e+000 -2.3743e+000 -3.2816e+000
3 0 +1.312178592e+002 +8.963785916e+001 +8.963785916e+001 +4.2252e+000 +4.2013e+000 -2.3759e+000 -4.9149e+000 +3.2563e+000 -1.0273e+000 -3.2862e+000 -2.2002e+000 -4.6611e+000 +4.7420e+000
4 0 +1.159750080e+002 +7.439500798e+001 +7.439500798e+001 +2.6509e+000 -4.7243e+000 -2.7384e+000 +2.4824e+000 +1.1706e+000 +4.7615e+000 +1.8224e-001 +3.6449e+000 +1.5962e+000 +1.7221e+000
5 0 +8.467777364e+001 +4.309777364e+001 +4.309777364e+001 +3.8518e+000 +4.5758e+000 -1.8537e+000 -3.4144e+000 +1.3650e+000 +2.8623e+000 +3.8520e-001 +1.6927e+000 -1.6132e+000 -1.9268e+000
21 0 +6.629530409e+001 +2.471530409e+001 +2.471530409e+001 -3.6225e+000 +4.3639e+000 -4.4581e+000 +2.9666e+000 +6.2773e-001 -2.8816e-001 -2.7888e+000 -4.0501e+000 +2.8293e+000 +2.3807e+000
22 0 +0.000000000e+000 -4.158000000e+001 -4.158000000e+001 +5.9760e-001 +2.8528e+000 -3.1376e+000 -1.0480e-001 -1.1320e+000 +3.2112e+000 +9.3600e-001 -2.4240e+000 +1.2672e+000 +3.2320e+000
