% f evaluations | g evaluations | best noise-free fitness - Fopt (1.026100000000e+002) + sum g_i+ | measured fitness | best measured fitness or single-digit g-values | x1 | x2...
1 0 +7.932895476e+001 +1.819389548e+002 +1.819389548e+002 -3.6105e+000 -4.6744e+000 -1.0143e+000
2 0 +6.416201615e+001 +1.667720162e+002 +1.667720162e+002 +3.5999e+000 +1.8872e+000 -4.5856e+000
6 0 +4.482624126e+001 +1.474362413e+002 +1.474362413e+002 -4.4229e+000 +1.9645e+000 -3.3643e+000
7 0 +4.406196588e+001 +1.466719659e+002 +1.466719659e+002 -3.7865e-001 +2.6794e+000 +1.8141e+000
8 0 +4.269536340e+001 +1.453053634e+002 +1.453053634e+002 -7.9722e-001 +5.0000e+000 -2.3608e+000
10 0 +1.099298907e+001 +1.136029891e+002 +1.136029891e+002 -4.0745e-001 +1.5033e+000 -2.2171e+000
66 0 +9.536860597e+000 +1.121468606e+002 +1.121468606e+002 -1.8767e+000 +3.3255e+000 -3.6618e+000
289 0 +9.126233897e+000 +1.117362339e+002 +1.117362339e+002 -5.5151e-001 +2.5970e+000 -2.2654e+000
522 0 +8.200071015e+000 +1.108100710e+002 +1.108100710e+002 -3.2274e+000 +1.7891e+000 -2.3259e+000
670 0 +6.336560861e+000 +1.089465609e+002 +1.089465609e+002 -1.2770e+000 +1.2910e+000 -2.1753e+000
1120 0 +4.936540151e+000 +1.075465402e+002 +1.075465402e+002 -1.7290e+000 +1.1023e+000 -2.1641e+000
1699 0 +4.542206017e+000 +1.071522060e+002 +1.071522060e+002 -1.8184e+000 +2.2476e+000 -1.7360e+000
2297 0 +4.209434973e+000 +1.068194350e+002 +1.068194350e+002 -1.8197e+000 +2.2490e+000 -1.7308e+000
2327 0 +3.705212467e+000 +1.063152125e+002 +1.063152125e+002 -2.0741e+000 +2.4511e+000 -1.8525e+000
2506 0 +3.621805737e+000 +1.062318057e+002 +1.062318057e+002 -2.5192e+000 +2.2436e+000 -1.6733e+000
2573 0 +3.399909934e+000 +1.060099099e+002 +1.060099099e+002 -2.1700e+000 +2.2461e+000 -1.7004e+000
2623 0 +3.112290235e+000 +1.057222902e+002 +1.057222902e+002 -1.9352e+000 +2.1159e+000 -2.2309e+000
3674 0 +3.043272892e+000 +1.056532729e+002 +1.056532729e+002 -2.2615e+000 +2.1531e+000 -2.0400e+000
4721 0 +3.019070379e+000 +1.056290704e+002 +1.056290704e+002 -2.2772e+000 +2.1698e+000 -2.2099e+000
7643 0 +2.426505167e+000 +1.050365052e+002 +1.050365052e+002 +9.8779e-001 -1.8476e+000 +1.5679e+000
8160 0 +1.501021362e+000 +1.041110214e+002 +1.041110214e+002 +1.5404e+000 -1.2778e+000 +8.9104e-001
8783 0 +1.426881208e+000 +1.040368812e+002 +1.040368812e+002 +1.0354e+000 -1.0432e+000 +1.6162e+000
8898 0 +8.201218566e-001 +1.034301219e+002 +1.034301219e+002 +1.1143e+000 -1.5779e+000 +1.4102e+000
9176 0 +7.873120044e-001 +1.033973120e+002 +1.033973120e+002 +1.5924e+000 -1.2286e+000 +1.0535e+000
9498 0 +6.714000169e-001 +1.032814000e+002 +1.032814000e+002 +1.1773e+000 -1.3037e+000 +1.0713e+000
9751 0 +1.670382016e-001 +1.027770382e+002 +1.027770382e+002 +1.2001e+000 -1.2977e+000 +1.0787e+000
9831 0 +1.231073798e-001 +1.027331074e+002 +1.027331074e+002 +1.2524e+000 -1.2497e+000 +1.2476e+000
10122 0 +1.224227630e-001 +1.027324228e+002 +1.027324228e+002 +1.2491e+000 -1.2504e+000 +1.2463e+000
10146 0 +1.127759977e-001 +1.027227760e+002 +1.027227760e+002 +1.2499e+000 -1.2491e+000 +1.2517e+000
10152 0 +7.533803228e-002 +1.026853380e+002 +1.026853380e+002 +1.2452e+000 -1.2509e+000 +1.2503e+000
10172 0 +7.372120194e-002 +1.026837212e+002 +1.026837212e+002 +1.2495e+000 -1.2499e+000 +1.2523e+000
10254 0 +5.661701658e-002 +1.026666170e+002 +1.026666170e+002 +1.2522e+000 -1.2491e+000 +1.2528e+000
10260 0 +5.482973493e-002 +1.026648297e+002 +1.026648297e+002 +1.2502e+000 -1.2497e+000 +1.2521e+000
10267 0 +3.696990978e-002 +1.026469699e+002 +1.026469699e+002 +1.2510e+000 -1.2501e+000 +1.2525e+000
10295 0 +3.529333435e-002 +1.026452933e+002 +1.026452933e+002 +1.2537e+000 -1.2488e+000 +1.2525e+000
10345 0 +2.696052625e-002 +1.026369605e+002 +1.026369605e+002 +1.2517e+000 -1.2493e+000 +1.2519e+000
10391 0 +2.588800541e-002 +1.026358880e+002 +1.026358880e+002 +1.2478e+000 -1.2503e+000 +1.2502e+000
10399 0 +1.934492846e-002 +1.026293449e+002 +1.026293449e+002 +1.2506e+000 -1.2503e+000 +1.2517e+000
10445 0 +1.519540905e-002 +1.026251954e+002 +1.026251954e+002 +1.2492e+000 -1.2501e+000 +1.2508e+000
10450 0 +6.803889702e-003 +1.026168039e+002 +1.026168039e+002 +1.2484e+000 -1.2503e+000 +1.2501e+000
10477 0 +3.121547861e-003 +1.026131215e+002 +1.026131215e+002 +1.2500e+000 -1.2502e+000 +1.2500e+000
10564 0 +1.192772090e-003 +1.026111928e+002 +1.026111928e+002 +1.2499e+000 -1.2501e+000 +1.2503e+000
10573 0 +7.873013609e-004 +1.026107873e+002 +1.026107873e+002 +1.2497e+000 -1.2502e+000 +1.2502e+000
10803 0 +7.418166914e-004 +1.026107418e+002 +1.026107418e+002 +1.2493e+000 -1.2501e+000 +1.2499e+000
10806 0 +3.159553233e-004 +1.026103160e+002 +1.026103160e+002 +1.2498e+000 -1.2501e+000 +1.2498e+000
10815 0 +2.617678392e-004 +1.026102618e+002 +1.026102618e+002 +1.2495e+000 -1.2502e+000 +1.2499e+000
10817 0 +8.436101457e-005 +1.026100844e+002 +1.026100844e+002 +1.2498e+000 -1.2501e+000 +1.2500e+000
10869 0 +2.696765877e-005 +1.026100270e+002 +1.026100270e+002 +1.2498e+000 -1.2500e+000 +1.2500e+000
10955 0 +2.004417681e-006 +1.026100020e+002 +1.026100020e+002 +1.2500e+000 -1.2500e+000 +1.2500e+000
11007 0 +0.000000000e+000 +1.026100000e+002 +1.026100000e+002 +1.2500e+000 -1.2500e+000 +1.2500e+000
% f evaluations | g evaluations | best noise-free fitness - Fopt (9.330000000000e+001) + sum g_i+ | measured fitness | best measured fitness or single-digit g-values | x1 | x2...
1 0 +5.404189085e+001 +1.473418908e+002 +1.473418908e+002 -1.1691e+000 -3.4984e-001 -4.1891e+000
8 0 +3.398931813e+001 +1.272893181e+002 +1.272893181e+002 +2.8614e-001 +5.0000e+000 -1.2866e+000
29 0 +3.306667461e+001 +1.263666746e+002 +1.263666746e+002 +3.7117e+000 -7.5532e-001 -2.9131e+000
37 0 +2.604655680e+001 +1.193465568e+002 +1.193465568e+002 +1.7423e+000 +2.8433e+000 -1.9957e+000
51 0 +1.578462163e+001 +1.090846216e+002 +1.090846216e+002 +8.8970e-001 +3.1891e+000 -1.1000e+000
145 0 +1.255104309e+001 +1.058510431e+002 +1.058510431e+002 -1.9391e+000 -4.0678e-001 +2.2663e+000
249 0 +7.778223591e+000 +1.010782236e+002 +1.010782236e+002 +1.5889e+000 +2.0291e+000 -2.0564e+000
831 0 +3.883472499e+000 +9.718347250e+001 +9.718347250e+001 +2.1445e+000 +2.5598e+000 -1.4347e+000
2303 0 +3.485911182e+000 +9.678591118e+001 +9.678591118e+001 +2.2213e+000 +1.5907e+000 -2.2773e+000
3366 0 +3.304867523e+000 +9.660486752e+001 +9.660486752e+001 +2.0623e+000 +2.2670e+000 -2.0041e+000
3396 0 +3.176806547e+000 +9.647680655e+001 +9.647680655e+001 +2.0650e+000 +2.2670e+000 -2.0059e+000
3437 0 +3.078001834e+000 +9.637800183e+001 +9.637800183e+001 +2.0635e+000 +2.2675e+000 -2.0049e+000
19762 0 +1.144735799e+000 +9.444473580e+001 +9.444473580e+001 -1.2614e+000 -1.1318e+000 +1.4272e+000
20811 0 +8.698182919e-001 +9.416981829e+001 +9.416981829e+001 -1.2591e+000 -1.1294e+000 +1.4257e+000
20826 0 +6.951072680e-001 +9.399510727e+001 +9.399510727e+001 -1.2591e+000 -1.1294e+000 +1.4272e+000
20869 0 +6.802148308e-001 +9.398021483e+001 +9.398021483e+001 -1.2593e+000 -1.1296e+000 +1.4272e+000
20889 0 +6.745971515e-001 +9.397459715e+001 +9.397459715e+001 -1.2595e+000 -1.1298e+000 +1.4272e+000
20894 0 +5.934018201e-001 +9.389340182e+001 +9.389340182e+001 -1.2609e+000 -1.1274e+000 +1.4305e+000
20931 0 +4.736492958e-001 +9.377364930e+001 +9.377364930e+001 -1.2599e+000 -1.1259e+000 +1.4306e+000
20957 0 +3.674997904e-001 +9.366749979e+001 +9.366749979e+001 -1.2603e+000 -1.1204e+000 +1.4359e+000
21000 0 +3.354341364e-001 +9.363543414e+001 +9.363543414e+001 -1.2611e+000 -1.1196e+000 +1.4366e+000
21098 0 +3.195114960e-001 +9.361951150e+001 +9.361951150e+001 -1.2614e+000 -1.1198e+000 +1.4360e+000
21104 0 +3.151835477e-001 +9.361518355e+001 +9.361518355e+001 -1.2619e+000 -1.1179e+000 +1.4375e+000
21125 0 +2.852399292e-001 +9.358523993e+001 +9.358523993e+001 -1.2637e+000 -1.1143e+000 +1.4389e+000
21155 0 +2.391360742e-001 +9.353913607e+001 +9.353913607e+001 -1.2642e+000 -1.1117e+000 +1.4389e+000
21170 0 +2.263415685e-001 +9.352634157e+001 +9.352634157e+001 -1.2647e+000 -1.1129e+000 +1.4376e+000
21190 0 +2.201701114e-001 +9.352017011e+001 +9.352017011e+001 -1.2653e+000 -1.1112e+000 +1.4380e+000
28293 0 +1.902347297e-001 +9.349023473e+001 +9.349023473e+001 -1.2489e+000 -1.2585e+000 +1.2437e+000
28328 0 +5.557366897e-002 +9.335557367e+001 +9.335557367e+001 -1.2500e+000 -1.2493e+000 +1.2489e+000
28696 0 +5.361929329e-002 +9.335361929e+001 +9.335361929e+001 -1.2509e+000 -1.2507e+000 +1.2474e+000
28728 0 +1.031419869e-003 +9.330103142e+001 +9.330103142e+001 -1.2498e+000 -1.2501e+000 +1.2503e+000
29015 0 +5.037634310e-009 +9.330000001e+001 +9.330000001e+001 -1.2500e+000 -1.2500e+000 +1.2500e+000
% f evaluations | g evaluations | best noise-free fitness - Fopt (1.364000000000e+001) + sum g_i+ | measured fitness | best measured fitness or single-digit g-values | x1 | x2...
1 0 +7.198171789e+001 +8.562171789e+001 +8.562171789e+001 +3.1925e+000 -5.2191e-001 -1.4241e+000
5 0 +5.214559205e+001 +6.578559205e+001 +6.578559205e+001 -5.0000e+000 -5.0000e+000 -5.0000e+000
7 0 +3.157148649e+001 +4.521148649e+001 +4.521148649e+001 -8.0522e-001 +5.4890e-002 +3.3601e-001
47 0 +2.978026865e+001 +4.342026865e+001 +4.342026865e+001 -8.8536e-001 -1.7014e+000 -4.2401e+000
65 0 +2.633172575e+001 +3.997172575e+001 +3.997172575e+001 +1.8920e-003 -3.3184e+000 -1.9503e+000
89 0 +2.347498747e+001 +3.711498747e+001 +3.711498747e+001 -1.9526e+000 -9.5213e-001 -1.6424e+000
107 0 +2.294003831e+001 +3.658003831e+001 +3.658003831e+001 -8.8536e-001 -2.3773e+000 -3.4004e+000
110 0 +1.328589996e+001 +2.692589996e+001 +2.692589996e+001 -3.6243e+000 -1.1005e+000 -1.7794e+000
206 0 +1.162070628e+001 +2.526070628e+001 +2.526070628e+001 -1.1026e+000 -3.2242e+000 -3.1985e+000
453 0 +9.839864712e+000 +2.347986471e+001 +2.347986471e+001 -1.7356e+000 -2.1603e+000 -2.0474e+000
610 0 +7.927407309e+000 +2.156740731e+001 +2.156740731e+001 +1.0500e-001 +5.8709e-001 +1.0478e+000
1057 0 +5.600006008e+000 +1.924000601e+001 +1.924000601e+001 +1.2235e+000 +1.6936e+000 +3.8238e-001
1680 0 +5.358880843e+000 +1.899888084e+001 +1.899888084e+001 +1.2771e+000 +1.1546e+000 +1.1371e+000
1763 0 +4.484550467e+000 +1.812455047e+001 +1.812455047e+001 +1.0050e+000 +1.8713e+000 +1.3883e+000
1958 0 +3.825622644e+000 +1.746562264e+001 +1.746562264e+001 +1.0113e+000 +1.7665e+000 +5.5682e-001
2033 0 +3.247846306e+000 +1.688784631e+001 +1.688784631e+001 +6.6830e-001 +9.9282e-001 +1.3531e+000
2618 0 +2.625864993e+000 +1.626586499e+001 +1.626586499e+001 +1.1528e+000 +1.3897e+000 +1.0824e+000
2688 0 +2.564998339e+000 +1.620499834e+001 +1.620499834e+001 +1.1532e+000 +1.3896e+000 +1.0826e+000
2790 0 +2.440984481e+000 +1.608098448e+001 +1.608098448e+001 +7.5662e-001 +1.1549e+000 +1.1242e+000
3012 0 +1.605066665e+000 +1.524506666e+001 +1.524506666e+001 +1.1579e+000 +1.3882e+000 +1.0837e+000
3061 0 +1.310064060e+000 +1.495006406e+001 +1.495006406e+001 +1.1619e+000 +1.3869e+000 +1.0844e+000
3074 0 +1.256619846e+000 +1.489661985e+001 +1.489661985e+001 +1.1627e+000 +1.3868e+000 +1.0848e+000
3211 0 +1.099264877e+000 +1.473926488e+001 +1.473926488e+001 +1.5417e+000 +1.6001e+000 +1.0489e+000
3238 0 +1.078270692e+000 +1.471827069e+001 +1.471827069e+001 +1.5423e+000 +1.6000e+000 +1.0491e+000
3253 0 +1.053412875e+000 +1.469341287e+001 +1.469341287e+001 +1.5431e+000 +1.5999e+000 +1.0495e+000
3276 0 +1.022254544e+000 +1.466225454e+001 +1.466225454e+001 +1.1306e+000 +1.3696e+000 +1.0870e+000
3334 0 +9.566695669e-001 +1.459666957e+001 +1.459666957e+001 +1.1399e+000 +1.3669e+000 +1.0891e+000
3345 0 +9.028791415e-001 +1.454287914e+001 +1.454287914e+001 +1.1325e+000 +1.3702e+000 +1.0872e+000
3370 0 +8.754589556e-001 +1.451545896e+001 +1.451545896e+001 +1.1336e+000 +1.3708e+000 +1.0871e+000
3430 0 +5.957298010e-001 +1.423572980e+001 +1.423572980e+001 +1.2313e+000 +1.1171e+000 +1.1471e+000
3532 0 +5.440507672e-001 +1.418405077e+001 +1.418405077e+001 +1.1520e+000 +1.3762e+000 +1.0886e+000
3572 0 +4.334315375e-001 +1.407343154e+001 +1.407343154e+001 +1.2518e+000 +1.1238e+000 +1.1500e+000
3640 0 +2.194469693e-001 +1.385944697e+001 +1.385944697e+001 +1.1481e+000 +1.3719e+000 +1.0922e+000
3742 0 +1.292857398e-001 +1.376928574e+001 +1.376928574e+001 +1.2385e+000 +1.1143e+000 +1.1522e+000
4192 0 +1.267044326e-001 +1.376670443e+001 +1.376670443e+001 +1.2329e+000 +1.1121e+000 +1.1522e+000
4281 0 +1.219020390e-001 +1.376190204e+001 +1.376190204e+001 +1.2370e+000 +1.1146e+000 +1.1518e+000
4302 0 +1.198401593e-001 +1.375984016e+001 +1.375984016e+001 +1.2342e+000 +1.1126e+000 +1.1524e+000
4396 0 +1.172887697e-001 +1.375728877e+001 +1.375728877e+001 +1.2342e+000 +1.1124e+000 +1.1524e+000
4436 0 +1.139960388e-001 +1.375399604e+001 +1.375399604e+001 +1.2358e+000 +1.1132e+000 +1.1523e+000
1511947 0 +6.400297648e-002 +1.370400298e+001 +1.370400298e+001 +1.2453e+000 +1.2464e+000 +1.2517e+000
1512151 0 +6.061984979e-002 +1.370061985e+001 +1.370061985e+001 +1.2455e+000 +1.2466e+000 +1.2516e+000
1512172 0 +5.736836953e-002 +1.369736837e+001 +1.369736837e+001 +1.2457e+000 +1.2467e+000 +1.2516e+000
1512318 0 +5.186224707e-002 +1.369186225e+001 +1.369186225e+001 +1.2461e+000 +1.2469e+000 +1.2516e+000
1512350 0 +4.897195639e-002 +1.368897196e+001 +1.368897196e+001 +1.2464e+000 +1.2471e+000 +1.2515e+000
1512374 0 +3.918179087e-002 +1.367918179e+001 +1.367918179e+001 +1.2472e+000 +1.2475e+000 +1.2515e+000
1512378 0 +3.594297580e-002 +1.367594298e+001 +1.367594298e+001 +1.2479e+000 +1.2479e+000 +1.2514e+000
1512391 0 +3.503610091e-002 +1.367503610e+001 +1.367503610e+001 +1.2483e+000 +1.2482e+000 +1.2514e+000
1512400 0 +3.036960487e-002 +1.367036960e+001 +1.367036960e+001 +1.2482e+000 +1.2481e+000 +1.2514e+000
1512404 0 +2.346651993e-002 +1.366346652e+001 +1.366346652e+001 +1.2492e+000 +1.2487e+000 +1.2513e+000
1512458 0 +1.714246882e-002 +1.365714247e+001 +1.365714247e+001 +1.2519e+000 +1.2502e+000 +1.2509e+000
1512460 0 +1.688091487e-002 +1.365688091e+001 +1.365688091e+001 +1.2516e+000 +1.2500e+000 +1.2510e+000
1512463 0 +1.501762773e-002 +1.365501763e+001 +1.365501763e+001 +1.2514e+000 +1.2499e+000 +1.2509e+000
1512513 0 +1.456301939e-002 +1.365456302e+001 +1.365456302e+001 +1.2521e+000 +1.2503e+000 +1.2508e+000
1512514 0 +1.329014323e-002 +1.365329014e+001 +1.365329014e+001 +1.2515e+000 +1.2500e+000 +1.2508e+000
1512524 0 +1.194282196e-002 +1.365194282e+001 +1.365194282e+001 +1.2517e+000 +1.2501e+000 +1.2507e+000
1512547 0 +8.826171216e-003 +1.364882617e+001 +1.364882617e+001 +1.2506e+000 +1.2495e+000 +1.2507e+000
1512650 0 +2.465336455e-003 +1.364246534e+001 +1.364246534e+001 +1.2497e+000 +1.2495e+000 +1.2504e+000
1512670 0 +1.942582404e-003 +1.364194258e+001 +1.364194258e+001 +1.2500e+000 +1.2496e+000 +1.2502e+000
1512679 0 +1.784203548e-003 +1.364178420e+001 +1.364178420e+001 +1.2502e+000 +1.2497e+000 +1.2503e+000
1512685 0 +1.360595994e-003 +1.364136060e+001 +1.364136060e+001 +1.2497e+000 +1.2496e+000 +1.2503e+000
1512740 0 +1.005431075e-003 +1.364100543e+001 +1.364100543e+001 +1.2495e+000 +1.2497e+000 +1.2499e+000
1512784 0 +9.032554215e-004 +1.364090326e+001 +1.364090326e+001 +1.2495e+000 +1.2495e+000 +1.2502e+000
1512790 0 +3.421085637e-011 +1.364000000e+001 +1.364000000e+001 +1.2500e+000 +1.2500e+000 +1.2500e+000
% f evaluations | g evaluations | best noise-free fitness - Fopt (1.948000000000e+002) + sum g_i+ | measured fitness | best measured fitness or single-digit g-values | x1 | x2...
1 0 +2.747399665e+001 +2.222739967e+002 +2.222739967e+002 +5.6913e-001 +7.5807e-001 +1.5239e+000
38 0 +2.235922400e+001 +2.171592240e+002 +2.171592240e+002 -2.3361e-001 +2.2483e+000 +1.8377e+000
58 0 +1.733982799e+001 +2.121398280e+002 +2.121398280e+002 -3.8859e+000 +3.2401e+000 +2.9181e+000
107 0 +1.086055809e+001 +2.056605581e+002 +2.056605581e+002 -2.8226e+000 +2.9134e+000 +7.8771e-001
129 0 +7.496816391e+000 +2.022968164e+002 +2.022968164e+002 -1.6423e+000 +2.8745e+000 +2.6470e+000
608 0 +6.609575549e+000 +2.014095755e+002 +2.014095755e+002 -2.7739e+000 +2.6698e+000 +3.1061e+000
1209 0 +6.494559477e+000 +2.012945595e+002 +2.012945595e+002 -1.3711e+000 +3.3967e+000 +1.6719e+000
1349 0 +4.442028968e+000 +1.992420290e+002 +1.992420290e+002 -2.2330e+000 +2.9977e+000 +1.7706e+000
1586 0 +4.151096316e+000 +1.989510963e+002 +1.989510963e+002 -2.1540e+000 +2.3623e+000 +1.4955e+000
1790 0 +3.688760781e+000 +1.984887608e+002 +1.984887608e+002 -1.7345e+000 +2.5097e+000 +1.9752e+000
1848 0 +3.398515457e+000 +1.981985155e+002 +1.981985155e+002 -1.9363e+000 +2.2165e+000 +2.3690e+000
3543 0 +3.325625959e+000 +1.981256260e+002 +1.981256260e+002 -1.6911e+000 +2.2269e+000 +2.1143e+000
3688 0 +3.237040460e+000 +1.980370405e+002 +1.980370405e+002 -2.0749e+000 +1.8586e+000 +2.3891e+000
3743 0 +3.158912014e+000 +1.979589120e+002 +1.979589120e+002 -2.0379e+000 +2.2314e+000 +2.1201e+000
4367 0 +3.080684279e+000 +1.978806843e+002 +1.978806843e+002 -2.0771e+000 +2.1813e+000 +2.1863e+000
5363 0 +3.018683501e+000 +1.978186835e+002 +1.978186835e+002 -2.1214e+000 +2.1305e+000 +2.2510e+000
8012 0 +2.735985124e+000 +1.975359851e+002 +1.975359851e+002 +1.2634e+000 -6.6938e-001 -1.3449e+000
8700 0 +1.197577305e+000 +1.959975773e+002 +1.959975773e+002 +1.6037e+000 -1.0508e+000 -1.0827e+000
9813 0 +1.173622998e+000 +1.959736230e+002 +1.959736230e+002 +1.6037e+000 -1.0507e+000 -1.0825e+000
9839 0 +1.142584486e+000 +1.959425845e+002 +1.959425845e+002 +1.6036e+000 -1.0505e+000 -1.0823e+000
9851 0 +1.114195702e+000 +1.959141957e+002 +1.959141957e+002 +1.6039e+000 -1.0505e+000 -1.0818e+000
9861 0 +1.090184041e+000 +1.958901840e+002 +1.958901840e+002 +1.6033e+000 -1.0492e+000 -1.0822e+000
9864 0 +1.061211741e+000 +1.958612117e+002 +1.958612117e+002 +1.6031e+000 -1.0489e+000 -1.0818e+000
9875 0 +1.039616872e+000 +1.958396169e+002 +1.958396169e+002 +1.6031e+000 -1.0479e+000 -1.0815e+000
9987 0 +1.001092564e+000 +1.958010926e+002 +1.958010926e+002 +1.6046e+000 -1.0463e+000 -1.0816e+000
9994 0 +9.996374357e-001 +1.957996374e+002 +1.957996374e+002 +1.6052e+000 -1.0480e+000 -1.0816e+000
10005 0 +9.427759928e-001 +1.957427760e+002 +1.957427760e+002 +1.6071e+000 -1.0460e+000 -1.0815e+000
10011 0 +9.326770941e-001 +1.957326771e+002 +1.957326771e+002 +1.6086e+000 -1.0438e+000 -1.0813e+000
10029 0 +9.112010417e-001 +1.957112010e+002 +1.957112010e+002 +1.6111e+000 -1.0424e+000 -1.0811e+000
10058 0 +8.687394896e-001 +1.956687395e+002 +1.956687395e+002 +1.6122e+000 -1.0449e+000 -1.0811e+000
10070 0 +8.372782888e-001 +1.956372783e+002 +1.956372783e+002 +1.6171e+000 -1.0421e+000 -1.0811e+000
55894 0 +7.580493441e-001 +1.955580493e+002 +1.955580493e+002 +1.2026e+000 -9.6911e-001 -1.3860e+000
55900 0 +5.223297354e-001 +1.953223297e+002 +1.953223297e+002 +1.0495e+000 -1.1780e+000 -1.1261e+000
55905 0 +4.831716989e-001 +1.952831717e+002 +1.952831717e+002 +1.1708e+000 -1.0192e+000 -1.3206e+000
55907 0 +3.836070969e-001 +1.951836071e+002 +1.951836071e+002 +1.1116e+000 -1.1159e+000 -1.1908e+000
55937 0 +2.257041765e-001 +1.950257042e+002 +1.950257042e+002 +1.0968e+000 -1.1235e+000 -1.1914e+000
56172 0 +1.489064915e-001 +1.949489065e+002 +1.949489065e+002 +1.2936e+000 -1.2009e+000 -1.3148e+000
56923 0 +1.285240730e-001 +1.949285241e+002 +1.949285241e+002 +1.2145e+000 -1.2955e+000 -1.1837e+000
56960 0 +6.182190544e-002 +1.948618219e+002 +1.948618219e+002 +1.2161e+000 -1.2993e+000 -1.1842e+000
57199 0 +2.881196269e-002 +1.948288120e+002 +1.948288120e+002 +1.2443e+000 -1.2516e+000 -1.2500e+000
57433 0 +1.197962247e-002 +1.948119796e+002 +1.948119796e+002 +1.2503e+000 -1.2489e+000 -1.2501e+000
57613 0 +1.141673123e-002 +1.948114167e+002 +1.948114167e+002 +1.2531e+000 -1.2496e+000 -1.2499e+000
57688 0 +5.233552814e-003 +1.948052336e+002 +1.948052336e+002 +1.2510e+000 -1.2494e+000 -1.2502e+000
57718 0 +2.590274623e-003 +1.948025903e+002 +1.948025903e+002 +1.2509e+000 -1.2502e+000 -1.2500e+000
57830 0 +2.436488267e-003 +1.948024365e+002 +1.948024365e+002 +1.2494e+000 -1.2498e+000 -1.2501e+000
58000 0 +8.552725526e-004 +1.948008553e+002 +1.948008553e+002 +1.2509e+000 -1.2499e+000 -1.2500e+000
58040 0 +4.841008671e-004 +1.948004841e+002 +1.948004841e+002 +1.2502e+000 -1.2497e+000 -1.2500e+000
58183 0 +1.159343584e-004 +1.948001159e+002 +1.948001159e+002 +1.2500e+000 -1.2501e+000 -1.2500e+000
58387 0 +4.257014950e-005 +1.948000426e+002 +1.948000426e+002 +1.2501e+000 -1.2499e+000 -1.2500e+000
58484 0 +7.078428865e-006 +1.948000071e+002 +1.948000071e+002 +1.2500e+000 -1.2500e+000 -1.2500e+000
58509 0 +0.000000000e+000 +1.948000000e+002 +1.948000000e+002 +1.2500e+000 -1.2500e+000 -1.2500e+000
% f evaluations | g evaluations | best noise-free fitness - Fopt (-1.335900000000e+002) + sum g_i+ | measured fitness | best measured fitness or single-digit g-values | x1 | x2...
1 0 +4.949143940e+001 -8.409856060e+001 -8.409856060e+001 +3.4282e+000 +1.5522e+000 -2.9028e-001
7 0 +3.518210475e+001 -9.840789525e+001 -9.840789525e+001 +3.7980e+000 -3.8835e+000 -4.7852e-001
11 0 +3.047450395e+001 -1.031154960e+002 -1.031154960e+002 +1.0703e+000 -4.3686e+000 -2.2723e+000
13 0 +2.364726909e+001 -1.099427309e+002 -1.099427309e+002 +3.6287e+000 -1.8787e-002 +8.8147e-001
43 0 +1.919672207e+001 -1.143932779e+002 -1.143932779e+002 +2.3096e+000 -2.5969e+000 -1.2245e+000
88 0 +7.583788217e+000 -1.260062118e+002 -1.260062118e+002 +2.0793e+000 -2.1545e+000 -1.1234e+000
157 0 +4.198906962e+000 -1.293910930e+002 -1.293910930e+002 +2.6647e+000 -2.7185e+000 -2.1171e+000
903 0 +3.996078809e+000 -1.295939212e+002 -1.295939212e+002 +2.0400e+000 -2.8586e+000 -1.6882e+000
1029 0 +3.730155509e+000 -1.298598445e+002 -1.298598445e+002 +2.2770e+000 -2.8416e+000 -2.0540e+000
1715 0 +3.686802017e+000 -1.299031980e+002 -1.299031980e+002 +2.2732e+000 -2.0728e+000 -1.4016e+000
1838 0 +3.607885297e+000 -1.299821147e+002 -1.299821147e+002 +2.5103e+000 -2.0559e+000 -1.7674e+000
1864 0 +3.472930522e+000 -1.301170695e+002 -1.301170695e+002 +2.1226e+000 -2.1790e+000 -1.7043e+000
2427 0 +3.466267795e+000 -1.301237322e+002 -1.301237322e+002 +2.5109e+000 -2.0586e+000 -1.7674e+000
2835 0 +3.378283297e+000 -1.302117167e+002 -1.302117167e+002 +2.5093e+000 -2.0578e+000 -1.7674e+000
2883 0 +3.290487410e+000 -1.302995126e+002 -1.302995126e+002 +2.1181e+000 -2.1756e+000 -1.7037e+000
3347 0 +3.230256700e+000 -1.303597433e+002 -1.303597433e+002 +2.1227e+000 -2.1770e+000 -1.7093e+000
7737 0 +3.146208702e+000 -1.304437913e+002 -1.304437913e+002 +2.0939e+000 -2.3425e+000 -1.8907e+000
16710 0 +2.979929076e+000 -1.306100709e+002 -1.306100709e+002 -1.4069e+000 +7.7879e-001 +1.3210e+000
18156 0 +2.510209455e+000 -1.310797905e+002 -1.310797905e+002 -1.3148e+000 +1.5442e+000 +1.3976e+000
18328 0 +1.965248247e+000 -1.316247518e+002 -1.316247518e+002 -1.5087e+000 +1.4251e+000 +1.0598e+000
18408 0 +1.886768927e+000 -1.317032311e+002 -1.317032311e+002 -1.1910e+000 +8.0816e-001 +9.6549e-001
18654 0 +1.811041725e+000 -1.317789583e+002 -1.317789583e+002 -1.2913e+000 +7.7457e-001 +1.4902e+000
18770 0 +8.274396643e-001 -1.327625603e+002 -1.327625603e+002 -1.0514e+000 +8.7682e-001 +1.2322e+000
19255 0 +7.617023161e-001 -1.328282977e+002 -1.328282977e+002 -1.0529e+000 +8.7639e-001 +1.2317e+000
19509 0 +7.494531456e-001 -1.328405469e+002 -1.328405469e+002 -1.0526e+000 +8.7648e-001 +1.2318e+000
19563 0 +7.333687494e-001 -1.328566313e+002 -1.328566313e+002 -1.0507e+000 +8.7679e-001 +1.2285e+000
19660 0 +7.241139348e-001 -1.328658861e+002 -1.328658861e+002 -1.0512e+000 +8.7689e-001 +1.2296e+000
26480 0 +6.104266640e-001 -1.329795733e+002 -1.329795733e+002 -1.3633e+000 +1.3077e+000 +1.1224e+000
26486 0 +2.148934812e-001 -1.333751065e+002 -1.333751065e+002 -1.3671e+000 +1.3108e+000 +1.1215e+000
26590 0 +2.071273704e-001 -1.333828726e+002 -1.333828726e+002 -1.3653e+000 +1.3097e+000 +1.1178e+000
26592 0 +1.533497632e-001 -1.334366502e+002 -1.334366502e+002 -1.3682e+000 +1.3110e+000 +1.1209e+000
26713 0 +1.488028897e-001 -1.334411971e+002 -1.334411971e+002 -1.3686e+000 +1.3112e+000 +1.1214e+000
26893 0 +1.385559594e-001 -1.334514440e+002 -1.334514440e+002 -1.3709e+000 +1.3116e+000 +1.1243e+000
27156 0 +1.373395605e-001 -1.334526604e+002 -1.334526604e+002 -1.3708e+000 +1.3118e+000 +1.1238e+000
65064 0 +1.340866759e-001 -1.334559133e+002 -1.334559133e+002 -1.1445e+000 +1.1055e+000 +1.2859e+000
114070 0 +1.061520051e-001 -1.334838480e+002 -1.334838480e+002 -1.2369e+000 +1.3348e+000 +1.3416e+000
114389 0 +9.169360804e-002 -1.334983064e+002 -1.334983064e+002 -1.2360e+000 +1.3342e+000 +1.3396e+000
114398 0 +6.706838459e-002 -1.335229316e+002 -1.335229316e+002 -1.2613e+000 +1.2111e+000 +1.2084e+000
114414 0 +6.443051747e-002 -1.335255695e+002 -1.335255695e+002 -1.2646e+000 +1.1669e+000 +1.1598e+000
114651 0 +2.927402781e-002 -1.335607260e+002 -1.335607260e+002 -1.2599e+000 +1.2100e+000 +1.2061e+000
114797 0 +1.793398274e-002 -1.335720660e+002 -1.335720660e+002 -1.2583e+000 +1.2089e+000 +1.2059e+000
114875 0 +9.048222365e-003 -1.335809518e+002 -1.335809518e+002 -1.2518e+000 +1.2504e+000 +1.2517e+000
115240 0 +7.568452024e-003 -1.335824315e+002 -1.335824315e+002 -1.2492e+000 +1.2491e+000 +1.2494e+000
115274 0 +2.151004362e-003 -1.335878490e+002 -1.335878490e+002 -1.2505e+000 +1.2499e+000 +1.2507e+000
115350 0 +9.016259201e-004 -1.335890984e+002 -1.335890984e+002 -1.2497e+000 +1.2501e+000 +1.2496e+000
115483 0 +8.393656803e-004 -1.335891606e+002 -1.335891606e+002 -1.2500e+000 +1.2499e+000 +1.2503e+000
115813 0 +2.705158346e-004 -1.335897295e+002 -1.335897295e+002 -1.2500e+000 +1.2500e+000 +1.2498e+000
115899 0 +1.107940438e-004 -1.335898892e+002 -1.335898892e+002 -1.2499e+000 +1.2499e+000 +1.2500e+000
115972 0 +9.961920085e-005 -1.335899004e+002 -1.335899004e+002 -1.2501e+000 +1.2501e+000 +1.2500e+000
116008 0 +5.520158084e-005 -1.335899448e+002 -1.335899448e+002 -1.2501e+000 +1.2500e+000 +1.2501e+000
116063 0 +2.557953849e-013 -1.335900000e+002 -1.335900000e+002 -1.2500e+000 +1.2500e+000 +1.2500e+000
% f evaluations | g evaluations | best noise-free fitness - Fopt (-3.085000000000e+001) + sum g_i+ | measured fitness | best measured fitness or single-digit g-values | x1 | x2...
1 0 +4.679061647e+001 +1.594061647e+001 +1.594061647e+001 +7.5214e-001 -6.5084e-001 +9.3078e-001
4 0 +4.471957422e+001 +1.386957422e+001 +1.386957422e+001 +3.1038e-001 +1.5814e+000 +2.4139e-001
12 0 +7.360482330e+000 -2.348951767e+001 -2.348951767e+001 +9.4741e-001 +2.3428e+000 +1.3711e+000
321 0 +5.959858128e+000 -2.489014187e+001 -2.489014187e+001 +3.3615e-001 +7.3059e-001 +8.6596e-001
1297 0 +5.422726096e+000 -2.542727390e+001 -2.542727390e+001 +9.7631e-001 +2.0371e+000 +9.9201e-001
1490 0 +5.205918381e+000 -2.564408162e+001 -2.564408162e+001 +8.7164e-001 +7.5344e-001 +4.4743e-001
1572 0 +4.812652257e+000 -2.603734774e+001 -2.603734774e+001 +1.0326e+000 +1.9038e+000 +9.9936e-001
1734 0 +2.281213442e+000 -2.856878656e+001 -2.856878656e+001 +1.7822e+000 +1.6021e+000 +9.4525e-001
1738 0 +2.206939160e+000 -2.864306084e+001 -2.864306084e+001 +1.5375e+000 +1.4159e+000 +8.7486e-001
1884 0 +2.170335520e+000 -2.867966448e+001 -2.867966448e+001 +1.7822e+000 +1.5952e+000 +9.4525e-001
2007 0 +1.505356530e+000 -2.934464347e+001 -2.934464347e+001 +1.2854e+000 +1.5444e+000 +9.3722e-001
2124 0 +1.004799026e+000 -2.984520097e+001 -2.984520097e+001 +1.1468e+000 +1.1737e+000 +9.8642e-001
3263 0 +6.622517365e-001 -3.018774826e+001 -3.018774826e+001 +1.3357e+000 +1.1571e+000 +9.6753e-001
3612 0 +5.615795813e-001 -3.028842042e+001 -3.028842042e+001 +1.1825e+000 +1.3489e+000 +1.3152e+000
3661 0 +4.309350370e-001 -3.041906496e+001 -3.041906496e+001 +1.4363e+000 +1.2256e+000 +1.2393e+000
4535 0 +3.316274138e-001 -3.051837259e+001 -3.051837259e+001 +1.3153e+000 +1.1468e+000 +1.1885e+000
5030 0 +2.545679732e-001 -3.059543203e+001 -3.059543203e+001 +1.1078e+000 +1.1649e+000 +1.4350e+000
5295 0 +6.761367250e-002 -3.078238633e+001 -3.078238633e+001 +1.2505e+000 +1.2526e+000 +1.2514e+000
5834 0 +5.595992799e-002 -3.079404007e+001 -3.079404007e+001 +1.2492e+000 +1.2447e+000 +1.2558e+000
6640 0 +4.693757747e-002 -3.080306242e+001 -3.080306242e+001 +1.2510e+000 +1.2533e+000 +1.2488e+000
6706 0 +9.782182232e-003 -3.084021782e+001 -3.084021782e+001 +1.2503e+000 +1.2510e+000 +1.2503e+000
7054 0 +6.159704375e-003 -3.084384030e+001 -3.084384030e+001 +1.2497e+000 +1.2488e+000 +1.2503e+000
7128 0 +4.496167364e-003 -3.084550383e+001 -3.084550383e+001 +1.2501e+000 +1.2494e+000 +1.2507e+000
7227 0 +1.548220371e-003 -3.084845178e+001 -3.084845178e+001 +1.2498e+000 +1.2492e+000 +1.2504e+000
7244 0 +6.332480061e-004 -3.084936675e+001 -3.084936675e+001 +1.2500e+000 +1.2503e+000 +1.2495e+000
7354 0 +4.454434813e-004 -3.084955456e+001 -3.084955456e+001 +1.2499e+000 +1.2497e+000 +1.2500e+000
7447 0 +4.598262780e-005 -3.084995402e+001 -3.084995402e+001 +1.2500e+000 +1.2501e+000 +1.2499e+000
7494 0 +8.881784197e-014 -3.085000000e+001 -3.085000000e+001 +1.2500e+000 +1.2500e+000 +1.2500e+000
% f evaluations | g evaluations | best noise-free fitness - Fopt (-9.200000000000e+000) + sum g_i+ | measured fitness | best measured fitness or single-digit g-values | x1 | x2...
1 0 +4.772454415e+001 +3.852454415e+001 +3.852454415e+001 +3.6433e+000 -2.7859e+000 +3.5861e+000
3 0 +3.740286257e+001 +2.820286257e+001 +2.820286257e+001 -1.3288e+000 -1.9673e+000 -8.0797e-001
6 0 +3.152816291e+001 +2.232816291e+001 +2.232816291e+001 -2.8456e+000 +2.6134e+000 -1.9805e+000
12 0 +2.945186686e+001 +2.025186686e+001 +2.025186686e+001 -1.3728e+000 -1.4359e+000 +9.3256e-001
27 0 +2.750853995e+001 +1.830853995e+001 +1.830853995e+001 +2.2669e-001 -3.1742e+000 +4.4117e+000
48 0 +2.129333481e+001 +1.209333481e+001 +1.209333481e+001 +3.0786e+000 +6.6672e-001 +1.1925e+000
87 0 +1.918581472e+001 +9.985814724e+000 +9.985814724e+000 +4.0259e+000 -3.1742e+000 +2.0609e+000
96 0 +8.100796637e+000 -1.099203363e+000 -1.099203363e+000 -5.6712e-001 +1.1933e+000 -1.0026e+000
723 0 +7.159953476e+000 -2.040046524e+000 -2.040046524e+000 +3.2039e+000 -3.1302e+000 +2.1317e+000
1534 0 +6.843068552e+000 -2.356931448e+000 -2.356931448e+000 -3.0347e-001 +1.7337e+000 -1.2671e+000
2235 0 +4.568652101e+000 -4.631347899e+000 -4.631347899e+000 +1.7630e+000 -2.8966e+000 +1.8841e+000
2867 0 +4.000078489e+000 -5.199921511e+000 -5.199921511e+000 +2.1998e+000 -1.9158e+000 +2.0882e+000
3298 0 +3.946547038e+000 -5.253452962e+000 -5.253452962e+000 +1.6312e+000 -2.4343e+000 +1.7934e+000
3333 0 +3.797037881e+000 -5.402962119e+000 -5.402962119e+000 +1.9543e+000 -1.9576e+000 +1.7468e+000
3588 0 +3.687992629e+000 -5.512007371e+000 -5.512007371e+000 +1.6375e+000 -2.4310e+000 +1.7945e+000
3786 0 +3.580451291e+000 -5.619548709e+000 -5.619548709e+000 +2.3896e+000 -1.7522e+000 +1.9801e+000
3923 0 +3.358736811e+000 -5.841263189e+000 -5.841263189e+000 +1.8683e+000 -2.3149e+000 +2.3236e+000
4503 0 +3.301014661e+000 -5.898985339e+000 -5.898985339e+000 +1.9173e+000 -2.5589e+000 +1.9578e+000
4632 0 +3.139686790e+000 -6.060313210e+000 -6.060313210e+000 +1.8923e+000 -2.1027e+000 +2.0344e+000
7858 0 +2.067635888e+000 -7.132364112e+000 -7.132364112e+000 -1.3677e+000 +1.2281e+000 -1.4286e+000
8222 0 +1.139609412e+000 -8.060390588e+000 -8.060390588e+000 -1.1012e+000 +1.6739e+000 -1.0008e+000
9049 0 +1.113451346e+000 -8.086548654e+000 -8.086548654e+000 -1.1004e+000 +1.6752e+000 -1.0008e+000
9091 0 +1.083517179e+000 -8.116482821e+000 -8.116482821e+000 -1.1016e+000 +1.6753e+000 -1.0008e+000
9151 0 +1.071216483e+000 -8.128783517e+000 -8.128783517e+000 -1.1004e+000 +1.6765e+000 -1.0008e+000
9212 0 +1.036551868e+000 -8.163448132e+000 -8.163448132e+000 -1.3671e+000 +1.2316e+000 -1.4286e+000
9238 0 +7.371578040e-001 -8.462842196e+000 -8.462842196e+000 -1.3671e+000 +1.2328e+000 -1.4286e+000
9334 0 +5.210989162e-001 -8.678901084e+000 -8.678901084e+000 -1.3654e+000 +1.2360e+000 -1.4286e+000
9364 0 +3.448193303e-001 -8.855180670e+000 -8.855180670e+000 -1.3668e+000 +1.2360e+000 -1.4288e+000
9370 0 +3.141017574e-001 -8.885898243e+000 -8.885898243e+000 -1.3664e+000 +1.2367e+000 -1.4286e+000
9388 0 +2.778142327e-001 -8.922185767e+000 -8.922185767e+000 -1.3651e+000 +1.2389e+000 -1.4286e+000
9420 0 +2.657354466e-001 -8.934264553e+000 -8.934264553e+000 -1.3647e+000 +1.2394e+000 -1.4284e+000
9539 0 +2.552483654e-001 -8.944751635e+000 -8.944751635e+000 -1.3641e+000 +1.2406e+000 -1.4284e+000
9594 0 +2.336832507e-001 -8.966316749e+000 -8.966316749e+000 -1.3629e+000 +1.2420e+000 -1.4277e+000
9616 0 +2.199457660e-001 -8.980054234e+000 -8.980054234e+000 -1.3624e+000 +1.2430e+000 -1.4268e+000
9654 0 +2.035260985e-001 -8.996473901e+000 -8.996473901e+000 -1.3657e+000 +1.2393e+000 -1.4267e+000
9753 0 +1.785440730e-001 -9.021455927e+000 -9.021455927e+000 -1.3670e+000 +1.2376e+000 -1.4247e+000
10051 0 +1.777436195e-001 -9.022256380e+000 -9.022256380e+000 -1.3668e+000 +1.2377e+000 -1.4249e+000
19165 0 +4.682104251e-002 -9.153178957e+000 -9.153178957e+000 -1.3029e+000 +1.2981e+000 -1.2468e+000
19398 0 +3.107940277e-002 -9.168920597e+000 -9.168920597e+000 -1.3061e+000 +1.2951e+000 -1.2458e+000
19841 0 +2.566966321e-002 -9.174330337e+000 -9.174330337e+000 -1.2507e+000 +1.2492e+000 -1.2514e+000
20020 0 +2.367682704e-002 -9.176323173e+000 -9.176323173e+000 -1.2510e+000 +1.2485e+000 -1.2514e+000
20062 0 +2.143494881e-002 -9.178565051e+000 -9.178565051e+000 -1.2512e+000 +1.2481e+000 -1.2512e+000
20067 0 +3.726860726e-003 -9.196273139e+000 -9.196273139e+000 -1.2496e+000 +1.2501e+000 -1.2502e+000
20204 0 +1.716235315e-003 -9.198283765e+000 -9.198283765e+000 -1.2494e+000 +1.2506e+000 -1.2505e+000
20260 0 +1.122465337e-003 -9.198877535e+000 -9.198877535e+000 -1.2497e+000 +1.2502e+000 -1.2503e+000
20496 0 +5.730135156e-004 -9.199426986e+000 -9.199426986e+000 -1.2495e+000 +1.2506e+000 -1.2501e+000
20519 0 +4.726609026e-004 -9.199527339e+000 -9.199527339e+000 -1.2496e+000 +1.2504e+000 -1.2502e+000
20549 0 +2.690715276e-004 -9.199730928e+000 -9.199730928e+000 -1.2497e+000 +1.2504e+000 -1.2501e+000
20666 0 +1.524289660e-004 -9.199847571e+000 -9.199847571e+000 -1.2498e+000 +1.2502e+000 -1.2501e+000
20721 0 +1.188755582e-004 -9.199881124e+000 -9.199881124e+000 -1.2498e+000 +1.2503e+000 -1.2500e+000
20787 0 +2.551914785e-005 -9.199974481e+000 -9.199974481e+000 -1.2500e+000 +1.2501e+000 -1.2500e+000
20938 0 +1.417028912e-005 -9.199985830e+000 -9.199985830e+000 -1.2501e+000 +1.2499e+000 -1.2500e+000
20985 0 +1.180122491e-005 -9.199988199e+000 -9.199988199e+000 -1.2500e+000 +1.2501e+000 -1.2500e+000
21007 0 +0.000000000e+000 -9.200000000e+000 -9.200000000e+000 -1.2500e+000 +1.2500e+000 -1.2500e+000
% f evaluations | g evaluations | best noise-free fitness - Fopt (-2.037600000000e+002) + sum g_i+ | measured fitness | best measured fitness or single-digit g-values | x1 | x2...
1 0 +3.557615386e+001 -1.681838461e+002 -1.681838461e+002 +4.2722e+000 +8.9064e-001 +3.0080e+000
25 0 +3.234873734e+001 -1.714112627e+002 -1.714112627e+002 +2.6706e+000 +2.5210e+000 +1.2461e+000
43 0 +1.400955225e+001 -1.897504477e+002 -1.897504477e+002 +3.2975e+000 +9.5905e-001 +3.7997e-001
113 0 +1.246195267e+001 -1.912980473e+002 -1.912980473e+002 +2.4159e+000 +3.5804e+000 +2.8034e+000
272 0 +9.750394007e+000 -1.940096060e+002 -1.940096060e+002 +3.5229e+000 +3.1181e+000 +2.4484e+000
533 0 +9.008307419e+000 -1.947516926e+002 -1.947516926e+002 +2.6134e+000 +2.7081e+000 +1.9094e+000
543 0 +7.753452737e+000 -1.960065473e+002 -1.960065473e+002 +2.0128e+000 +2.0295e+000 +2.1696e+000
814 0 +5.650353780e+000 -1.981096462e+002 -1.981096462e+002 +2.1632e+000 +1.8302e+000 +1.8319e+000
1009 0 +5.235977682e+000 -1.985240223e+002 -1.985240223e+002 +2.5972e+000 +1.6907e+000 +1.1167e+000
1475 0 +4.089388395e+000 -1.996706116e+002 -1.996706116e+002 +2.2815e+000 +2.0514e+000 +1.2778e+000
2296 0 +3.479905516e+000 -2.002800945e+002 -2.002800945e+002 +2.6671e+000 +1.9574e+000 +2.1139e+000
2461 0 +3.438233742e+000 -2.003217663e+002 -2.003217663e+002 +2.0952e+000 +2.2627e+000 +2.1383e+000
2629 0 +3.315000981e+000 -2.004449990e+002 -2.004449990e+002 +2.0022e+000 +2.3658e+000 +1.9994e+000
2915 0 +3.180807246e+000 -2.005791928e+002 -2.005791928e+002 +2.0022e+000 +2.3647e+000 +2.1139e+000
2958 0 +3.159826214e+000 -2.006001738e+002 -2.006001738e+002 +2.0022e+000 +2.3632e+000 +2.1139e+000
3359 0 +3.081592322e+000 -2.006784077e+002 -2.006784077e+002 +2.1074e+000 +2.2412e+000 +2.1338e+000
4105 0 +3.014860139e+000 -2.007451399e+002 -2.007451399e+002 +2.2061e+000 +2.1302e+000 +2.1579e+000
18034 0 +2.505893936e+000 -2.012541061e+002 -2.012541061e+002 -1.3269e+000 -1.1795e+000 -1.1648e+000
19282 0 +1.099017924e+000 -2.026609821e+002 -2.026609821e+002 -1.2326e+000 -1.2810e+000 -1.1438e+000
20306 0 +7.878261077e-001 -2.029721739e+002 -2.029721739e+002 -1.1422e+000 -1.3768e+000 -1.2325e+000
20527 0 +7.373149217e-001 -2.030226851e+002 -2.030226851e+002 -1.4043e+000 -1.4244e+000 -1.0276e+000
20539 0 +4.945450532e-001 -2.032654549e+002 -2.032654549e+002 -1.0968e+000 -1.0741e+000 -1.2461e+000
21082 0 +4.220343286e-001 -2.033379657e+002 -2.033379657e+002 -1.3599e+000 -1.1281e+000 -1.3831e+000
21357 0 +2.115590956e-001 -2.035484409e+002 -2.035484409e+002 -1.1513e+000 -1.3521e+000 -1.3385e+000
22316 0 +1.903851307e-001 -2.035696149e+002 -2.035696149e+002 -1.3527e+000 -1.1368e+000 -1.1586e+000
22414 0 +1.575347978e-001 -2.036024652e+002 -2.036024652e+002 -1.1525e+000 -1.3612e+000 -1.3405e+000
22491 0 +1.353333665e-001 -2.036246666e+002 -2.036246666e+002 -1.1498e+000 -1.3634e+000 -1.3409e+000
22625 0 +1.291584428e-001 -2.036308416e+002 -2.036308416e+002 -1.1501e+000 -1.3611e+000 -1.3408e+000
22715 0 +7.084254235e-002 -2.036891575e+002 -2.036891575e+002 -1.2493e+000 -1.2526e+000 -1.2514e+000
22755 0 +3.518082765e-002 -2.037248192e+002 -2.037248192e+002 -1.2486e+000 -1.2551e+000 -1.2513e+000
22929 0 +3.396147942e-002 -2.037260385e+002 -2.037260385e+002 -1.2482e+000 -1.2555e+000 -1.2513e+000
22977 0 +2.865541454e-002 -2.037313446e+002 -2.037313446e+002 -1.2482e+000 -1.2553e+000 -1.2512e+000
23110 0 +1.545554987e-002 -2.037445445e+002 -2.037445445e+002 -1.2483e+000 -1.2509e+000 -1.2502e+000
23141 0 +1.459992293e-002 -2.037454001e+002 -2.037454001e+002 -1.2483e+000 -1.2513e+000 -1.2505e+000
23193 0 +1.083466229e-002 -2.037491653e+002 -2.037491653e+002 -1.2490e+000 -1.2503e+000 -1.2498e+000
23203 0 +7.497199068e-004 -2.037592503e+002 -2.037592503e+002 -1.2498e+000 -1.2497e+000 -1.2500e+000
23428 0 +2.870226133e-004 -2.037597130e+002 -2.037597130e+002 -1.2500e+000 -1.2499e+000 -1.2500e+000
23488 0 +8.981260180e-012 -2.037600000e+002 -2.037600000e+002 -1.2500e+000 -1.2500e+000 -1.2500e+000
% f evaluations | g evaluations | best noise-free fitness - Fopt (3.399000000000e+001) + sum g_i+ | measured fitness | best measured fitness or single-digit g-values | x1 | x2...
1 0 +3.268786184e+001 +6.667786184e+001 +6.667786184e+001 +2.0155e+000 -1.8265e+000 -1.2823e+000
28 0 +2.391777357e+001 +5.790777357e+001 +5.790777357e+001 +2.4432e+000 +3.9901e+000 -2.3390e+000
46 0 +9.726801124e+000 +4.371680112e+001 +4.371680112e+001 +1.8295e+000 +3.5062e+000 -4.0148e+000
186 0 +7.643521478e+000 +4.163352148e+001 +4.163352148e+001 +2.5120e+000 +1.2112e+000 -2.8663e+000
1526 0 +6.846169559e+000 +4.083616956e+001 +4.083616956e+001 +1.2363e+000 +1.6535e+000 -3.5693e+000
1957 0 +5.243442393e+000 +3.923344239e+001 +3.923344239e+001 +2.1094e+000 +1.6930e+000 -2.1668e+000
2349 0 +4.267472600e+000 +3.825747260e+001 +3.825747260e+001 +2.5297e+000 +1.5357e+000 -2.6388e+000
2373 0 +4.181407092e+000 +3.817140709e+001 +3.817140709e+001 +2.1271e+000 +2.0175e+000 -1.9394e+000
2504 0 +3.786451678e+000 +3.777645168e+001 +3.777645168e+001 +2.2907e+000 +2.1778e+000 -1.7957e+000
2510 0 +3.532618879e+000 +3.752261888e+001 +3.752261888e+001 +2.2739e+000 +1.9401e+000 -2.6383e+000
2887 0 +3.342521013e+000 +3.733252101e+001 +3.733252101e+001 +2.3791e+000 +2.2440e+000 -1.7151e+000
3774 0 +3.188968227e+000 +3.717896823e+001 +3.717896823e+001 +1.9421e+000 +2.1636e+000 -2.0857e+000
4198 0 +3.159483323e+000 +3.714948332e+001 +3.714948332e+001 +1.9396e+000 +2.1658e+000 -2.0877e+000
4363 0 +3.086354476e+000 +3.707635448e+001 +3.707635448e+001 +1.9396e+000 +2.1676e+000 -2.0910e+000
13447 0 +3.017894877e+000 +3.700789488e+001 +3.700789488e+001 +2.1541e+000 +2.0697e+000 -2.0899e+000
20683 0 +1.166193937e+000 +3.515619394e+001 +3.515619394e+001 -1.2834e+000 -1.2856e+000 +1.3757e+000
20943 0 +8.730599954e-001 +3.486306000e+001 +3.486306000e+001 -1.3658e+000 -1.3609e+000 +1.3036e+000
21177 0 +8.671997239e-001 +3.485719972e+001 +3.485719972e+001 -1.3658e+000 -1.3608e+000 +1.3036e+000
21223 0 +6.551853637e-001 +3.464518536e+001 +3.464518536e+001 -1.3662e+000 -1.3561e+000 +1.2971e+000
21432 0 +6.312206593e-001 +3.462122066e+001 +3.462122066e+001 -1.3667e+000 -1.3514e+000 +1.2905e+000
21504 0 +5.832518464e-001 +3.457325185e+001 +3.457325185e+001 -1.3663e+000 -1.3537e+000 +1.2940e+000
21505 0 +4.059143746e-001 +3.439591437e+001 +3.439591437e+001 -1.3649e+000 -1.3534e+000 +1.2941e+000
21524 0 +3.757280835e-001 +3.436572808e+001 +3.436572808e+001 -1.3648e+000 -1.3522e+000 +1.2928e+000
21548 0 +3.156809980e-001 +3.430568100e+001 +3.430568100e+001 -1.3623e+000 -1.3541e+000 +1.2962e+000
21554 0 +1.513087730e-001 +3.414130877e+001 +3.414130877e+001 -1.2781e+000 -1.2822e+000 +1.3737e+000
21609 0 +1.106587209e-001 +3.410065872e+001 +3.410065872e+001 -1.2768e+000 -1.2871e+000 +1.3805e+000
21740 0 +1.082688183e-001 +3.409826882e+001 +3.409826882e+001 -1.2774e+000 -1.2853e+000 +1.3781e+000
21741 0 +9.080200204e-002 +3.408080200e+001 +3.408080200e+001 -1.2766e+000 -1.2844e+000 +1.3769e+000
22019 0 +8.760816819e-002 +3.407760817e+001 +3.407760817e+001 -1.2744e+000 -1.2873e+000 +1.3804e+000
22038 0 +8.681949524e-002 +3.407681950e+001 +3.407681950e+001 -1.2763e+000 -1.2854e+000 +1.3783e+000
22069 0 +8.291635930e-002 +3.407291636e+001 +3.407291636e+001 -1.2748e+000 -1.2855e+000 +1.3777e+000
22102 0 +8.099515565e-002 +3.407099516e+001 +3.407099516e+001 -1.2745e+000 -1.2865e+000 +1.3792e+000
22115 0 +7.706199082e-002 +3.406706199e+001 +3.406706199e+001 -1.2748e+000 -1.2869e+000 +1.3792e+000
22161 0 +7.524782198e-002 +3.406524782e+001 +3.406524782e+001 -1.2748e+000 -1.2869e+000 +1.3795e+000
56546 0 +7.399958274e-002 +3.406399958e+001 +3.406399958e+001 -1.1676e+000 -1.1784e+000 +1.3310e+000
596783 0 +6.021898296e-002 +3.405021898e+001 +3.405021898e+001 -1.2480e+000 -1.2555e+000 +1.2563e+000
596851 0 +4.215614774e-002 +3.403215615e+001 +3.403215615e+001 -1.2475e+000 -1.2512e+000 +1.2512e+000
596861 0 +2.752645314e-002 +3.401752645e+001 +3.401752645e+001 -1.2489e+000 -1.2535e+000 +1.2543e+000
596863 0 +4.616756687e-003 +3.399461676e+001 +3.399461676e+001 -1.2491e+000 -1.2508e+000 +1.2506e+000
596941 0 +2.534653774e-003 +3.399253465e+001 +3.399253465e+001 -1.2497e+000 -1.2497e+000 +1.2494e+000
596994 0 +5.127973388e-006 +3.399000513e+001 +3.399000513e+001 -1.2500e+000 -1.2500e+000 +1.2500e+000
597041 0 +1.724887341e-006 +3.399000172e+001 +3.399000172e+001 -1.2500e+000 -1.2500e+000 +1.2500e+000
597081 0 +6.924949503e-011 +3.399000000e+001 +3.399000000e+001 -1.2500e+000 -1.2500e+000 +1.2500e+000
% f evaluations | g evaluations | best noise-free fitness - Fopt (-1.000000000000e+003) + sum g_i+ | measured fitness | best measured fitness or single-digit g-values | x1 | x2...
1 0 +9.203824369e+001 -9.079617563e+002 -9.079617563e+002 +4.5501e+000 +2.2490e+000 +2.9118e+000
2 0 +5.166225687e+001 -9.483377431e+002 -9.483377431e+002 -2.8042e+000 -1.0631e+000 -4.2394e-001
8 0 +4.914241647e+001 -9.508575835e+002 -9.508575835e+002 +3.1096e-002 +1.4237e+000 +5.0000e+000
11 0 +4.597372259e+001 -9.540262774e+002 -9.540262774e+002 -3.3658e+000 +2.1429e+000 +5.0000e+000
14 0 +3.129035838e+001 -9.687096416e+002 -9.687096416e+002 -3.5142e+000 -5.4247e-001 +4.5543e-001
38 0 +2.662854787e+001 -9.733714521e+002 -9.733714521e+002 -1.6877e+000 +5.0507e-001 +3.2997e+000
49 0 +1.170867501e+001 -9.882913250e+002 -9.882913250e+002 -5.4318e-001 -3.2790e+000 +1.2423e+000
264 0 +8.234197221e+000 -9.917658028e+002 -9.917658028e+002 -1.3022e+000 -2.5688e+000 +1.5931e+000
380 0 +6.365987616e+000 -9.936340124e+002 -9.936340124e+002 -7.5971e-001 -2.4913e+000 +1.8442e+000
507 0 +5.201520425e+000 -9.947984796e+002 -9.947984796e+002 -1.8671e+000 -2.3228e+000 +2.5056e+000
622 0 +5.000703484e+000 -9.949992965e+002 -9.949992965e+002 -1.7126e+000 -2.0381e+000 +1.9450e+000
955 0 +4.014758994e+000 -9.959852410e+002 -9.959852410e+002 -2.3635e+000 -2.7716e+000 +1.5934e+000
1857 0 +3.587375727e+000 -9.964126243e+002 -9.964126243e+002 -2.0111e+000 -2.6698e+000 +1.9531e+000
3620 0 +3.547849286e+000 -9.964521507e+002 -9.964521507e+002 -2.1180e+000 -2.1876e+000 +1.9738e+000
3850 0 +3.431064624e+000 -9.965689354e+002 -9.965689354e+002 -2.1179e+000 -2.1889e+000 +1.9754e+000
3909 0 +3.324519603e+000 -9.966754804e+002 -9.966754804e+002 -2.1180e+000 -2.1882e+000 +1.9770e+000
3912 0 +3.301986499e+000 -9.966980135e+002 -9.966980135e+002 -2.1180e+000 -2.1888e+000 +1.9776e+000
4056 0 +3.232493234e+000 -9.967675068e+002 -9.967675068e+002 -2.1184e+000 -2.1875e+000 +1.9809e+000
4150 0 +3.156661151e+000 -9.968433388e+002 -9.968433388e+002 -2.1193e+000 -2.1916e+000 +1.9804e+000
4176 0 +3.083507136e+000 -9.969164929e+002 -9.969164929e+002 -2.1212e+000 -2.1976e+000 +1.9826e+000
30627 0 +2.637111682e+000 -9.973628883e+002 -9.973628883e+002 +1.5535e+000 +1.4852e+000 -1.5183e+000
31182 0 +2.098322034e+000 -9.979016780e+002 -9.979016780e+002 +8.7248e-001 +1.3376e+000 -1.5302e+000
32029 0 +5.286160123e-001 -9.994713840e+002 -9.994713840e+002 +1.3108e+000 +1.0359e+000 -1.2658e+000
32413 0 +4.663767037e-001 -9.995336233e+002 -9.995336233e+002 +1.2550e+000 +1.2587e+000 -1.2551e+000
32736 0 +4.347182919e-001 -9.995652817e+002 -9.995652817e+002 +1.2643e+000 +1.4493e+000 -1.0854e+000
32744 0 +2.801075514e-001 -9.997198924e+002 -9.997198924e+002 +1.0193e+000 +1.2865e+000 -1.2231e+000
32775 0 +8.043887102e-002 -9.999195611e+002 -9.999195611e+002 +1.2507e+000 +1.2544e+000 -1.2524e+000
33339 0 +5.399617570e-002 -9.999460038e+002 -9.999460038e+002 +1.2498e+000 +1.2518e+000 -1.2511e+000
33354 0 +5.227365728e-002 -9.999477263e+002 -9.999477263e+002 +1.2489e+000 +1.2492e+000 -1.2498e+000
33430 0 +2.569929694e-002 -9.999743007e+002 -9.999743007e+002 +1.2492e+000 +1.2492e+000 -1.2501e+000
33508 0 +1.042207199e-002 -9.999895779e+002 -9.999895779e+002 +1.2495e+000 +1.2492e+000 -1.2504e+000
33894 0 +7.552290926e-003 -9.999924477e+002 -9.999924477e+002 +1.2500e+000 +1.2506e+000 -1.2506e+000
33949 0 +3.374444938e-003 -9.999966256e+002 -9.999966256e+002 +1.2497e+000 +1.2486e+000 -1.2499e+000
33965 0 +1.338080193e-003 -9.999986619e+002 -9.999986619e+002 +1.2498e+000 +1.2495e+000 -1.2502e+000
33994 0 +1.279073727e-003 -9.999987209e+002 -9.999987209e+002 +1.2498e+000 +1.2495e+000 -1.2502e+000
33997 0 +3.847731023e-009 -1.000000000e+003 -1.000000000e+003 +1.2500e+000 +1.2500e+000 -1.2500e+000
% f evaluations | g evaluations | best noise-free fitness - Fopt (-1.000000000000e+003) + sum g_i+ | measured fitness | best measured fitness or single-digit g-values | x1 | x2...
1 0 +4.034757640e+001 -9.596524236e+002 -9.596524236e+002 -2.0595e+000 +3.6286e-001 -4.5216e+000
10 0 +1.067533733e+001 -9.893246627e+002 -9.893246627e+002 -1.2509e-001 +4.4871e-001 +1.5705e+000
157 0 +8.144661190e+000 -9.918553388e+002 -9.918553388e+002 +1.2299e+000 +8.0365e-001 +1.4560e+000
251 0 +5.784796809e+000 -9.942152032e+002 -9.942152032e+002 +8.4502e-001 +1.2993e+000 +2.7821e-001
755 0 +2.764980284e+000 -9.972350197e+002 -9.972350197e+002 +8.7691e-001 +1.2552e+000 +8.8903e-001
1099 0 +2.288038220e+000 -9.977119618e+002 -9.977119618e+002 +1.5256e+000 +1.4917e+000 +5.9609e-001
1572 0 +1.835826870e+000 -9.981641731e+002 -9.981641731e+002 +1.0343e+000 +8.7423e-001 +1.4308e+000
1948 0 +1.285153809e+000 -9.987148462e+002 -9.987148462e+002 +7.7935e-001 +1.0466e+000 +1.1189e+000
2952 0 +7.176314077e-001 -9.992823686e+002 -9.992823686e+002 +1.4158e+000 +1.1728e+000 +9.5553e-001
3396 0 +7.053600909e-001 -9.992946399e+002 -9.992946399e+002 +1.4159e+000 +1.1731e+000 +9.5519e-001
3416 0 +6.000095223e-001 -9.993999905e+002 -9.993999905e+002 +1.4181e+000 +1.1735e+000 +9.5555e-001
3450 0 +5.124017918e-001 -9.994875982e+002 -9.994875982e+002 +1.4168e+000 +1.1744e+000 +9.5713e-001
3514 0 +5.005422987e-001 -9.994994577e+002 -9.994994577e+002 +1.4170e+000 +1.1745e+000 +9.5687e-001
3570 0 +4.856547176e-001 -9.995143453e+002 -9.995143453e+002 +1.4173e+000 +1.1747e+000 +9.5632e-001
3875 0 +4.679598033e-001 -9.995320402e+002 -9.995320402e+002 +1.3325e+000 +9.6730e-001 +1.1911e+000
3884 0 +4.482082917e-001 -9.995517917e+002 -9.995517917e+002 +1.3335e+000 +9.6673e-001 +1.1918e+000
3889 0 +4.462119642e-001 -9.995537880e+002 -9.995537880e+002 +1.3339e+000 +9.6659e-001 +1.1924e+000
3899 0 +4.319597368e-001 -9.995680403e+002 -9.995680403e+002 +1.3349e+000 +9.6602e-001 +1.1931e+000
3927 0 +4.235308924e-001 -9.995764691e+002 -9.995764691e+002 +1.3351e+000 +9.6652e-001 +1.1924e+000
3931 0 +4.114873523e-001 -9.995885126e+002 -9.995885126e+002 +1.3366e+000 +9.6537e-001 +1.1938e+000
3951 0 +3.986106808e-001 -9.996013893e+002 -9.996013893e+002 +1.3376e+000 +9.6549e-001 +1.1939e+000
3981 0 +3.959475190e-001 -9.996040525e+002 -9.996040525e+002 +1.3377e+000 +9.6558e-001 +1.1937e+000
3991 0 +3.873124152e-001 -9.996126876e+002 -9.996126876e+002 +1.3389e+000 +9.6513e-001 +1.1944e+000
4050 0 +3.801664898e-001 -9.996198335e+002 -9.996198335e+002 +1.3433e+000 +9.6402e-001 +1.1960e+000
4209 0 +3.399956574e-001 -9.996600043e+002 -9.996600043e+002 +1.3805e+000 +1.0703e+000 +1.0746e+000
4223 0 +3.314662619e-001 -9.996685337e+002 -9.996685337e+002 +1.3796e+000 +1.0703e+000 +1.0750e+000
4269 0 +3.196854134e-001 -9.996803146e+002 -9.996803146e+002 +1.3801e+000 +1.0693e+000 +1.0759e+000
18360 0 +1.842163247e-001 -9.998157837e+002 -9.998157837e+002 +1.3954e+000 +1.2934e+000 +1.1333e+000
18937 0 +1.620065424e-001 -9.998379935e+002 -9.998379935e+002 +1.3955e+000 +1.2934e+000 +1.1338e+000
18987 0 +1.578804101e-001 -9.998421196e+002 -9.998421196e+002 +1.3949e+000 +1.2940e+000 +1.1332e+000
19167 0 +1.532915943e-001 -9.998467084e+002 -9.998467084e+002 +1.3964e+000 +1.2935e+000 +1.1339e+000
19221 0 +1.501764861e-001 -9.998498235e+002 -9.998498235e+002 +1.3967e+000 +1.2934e+000 +1.1342e+000
282627 0 +1.084286290e-001 -9.998915714e+002 -9.998915714e+002 +1.2585e+000 +1.2459e+000 +1.2553e+000
282780 0 +1.044958478e-001 -9.998955042e+002 -9.998955042e+002 +1.3603e+000 +1.1880e+000 +1.2552e+000
282982 0 +6.496227856e-002 -9.999350377e+002 -9.999350377e+002 +1.3598e+000 +1.1881e+000 +1.2539e+000
283141 0 +4.774749502e-002 -9.999522525e+002 -9.999522525e+002 +1.2493e+000 +1.2484e+000 +1.2518e+000
283188 0 +4.669011576e-002 -9.999533099e+002 -9.999533099e+002 +1.2491e+000 +1.2485e+000 +1.2517e+000
283197 0 +3.817162015e-002 -9.999618284e+002 -9.999618284e+002 +1.2479e+000 +1.2493e+000 +1.2510e+000
283527 0 +2.875268188e-002 -9.999712473e+002 -9.999712473e+002 +1.2467e+000 +1.2508e+000 +1.2481e+000
283642 0 +2.056462143e-002 -9.999794354e+002 -9.999794354e+002 +1.2505e+000 +1.2506e+000 +1.2500e+000
283808 0 +1.420883345e-002 -9.999857912e+002 -9.999857912e+002 +1.2506e+000 +1.2506e+000 +1.2499e+000
283879 0 +2.213566064e-003 -9.999977864e+002 -9.999977864e+002 +1.2514e+000 +1.2495e+000 +1.2506e+000
283979 0 +5.982276176e-004 -9.999994018e+002 -9.999994018e+002 +1.2501e+000 +1.2500e+000 +1.2501e+000
284202 0 +5.544014630e-004 -9.999994456e+002 -9.999994456e+002 +1.2501e+000 +1.2498e+000 +1.2503e+000
284274 0 +4.208693642e-004 -9.999995791e+002 -9.999995791e+002 +1.2495e+000 +1.2501e+000 +1.2498e+000
284280 0 +2.164270459e-004 -9.999997836e+002 -9.999997836e+002 +1.2500e+000 +1.2500e+000 +1.2501e+000
284293 0 +0.000000000e+000 -1.000000000e+003 -1.000000000e+003 +1.2500e+000 +1.2500e+000 +1.2500e+000
% f evaluations | g evaluations | best noise-free fitness - Fopt (-1.272000000000e+001) + sum g_i+ | measured fitness | best measured fitness or single-digit g-values | x1 | x2...
1 0 +6.926313140e+001 +5.654313140e+001 +5.654313140e+001 -3.6623e-001 -3.4099e+000 +3.2708e+000
4 0 +3.693191685e+001 +2.421191685e+001 +2.421191685e+001 +6.1469e-001 -3.9937e-001 +2.7519e+000
29 0 +2.277965787e+001 +1.005965787e+001 +1.005965787e+001 -6.6174e-001 +4.5328e-001 +5.0787e-001
104 0 +1.979518579e+001 +7.075185792e+000 +7.075185792e+000 +1.6376e+000 +9.6218e-001 +1.6011e+000
116 0 +1.871859907e+001 +5.998599075e+000 +5.998599075e+000 -1.8085e+000 -7.5665e-001 +1.5118e-001
130 0 +1.837767510e+001 +5.657675100e+000 +5.657675100e+000 +1.1320e+000 +1.0605e+000 +1.9738e+000
134 0 +1.810457024e+001 +5.384570242e+000 +5.384570242e+000 -4.0793e+000 -1.9309e+000 -1.2366e+000
167 0 +1.545032690e+001 +2.730326896e+000 +2.730326896e+000 -1.6402e+000 -8.5491e-001 -1.1278e+000
211 0 +6.157058951e+000 -6.562941049e+000 -6.562941049e+000 -2.8856e+000 -2.9381e+000 -1.7307e+000
494 0 +5.779929403e+000 -6.940070597e+000 -6.940070597e+000 -2.4315e+000 -2.7002e+000 -1.4034e+000
884 0 +4.608184403e+000 -8.111815597e+000 -8.111815597e+000 -2.7052e+000 -2.5363e+000 -2.4484e+000
1233 0 +4.286925827e+000 -8.433074173e+000 -8.433074173e+000 -1.9936e+000 -2.5809e+000 -2.0889e+000
1795 0 +3.953877338e+000 -8.766122662e+000 -8.766122662e+000 -1.8165e+000 -1.8066e+000 -2.3325e+000
2289 0 +3.665139158e+000 -9.054860842e+000 -9.054860842e+000 -2.3858e+000 -2.3815e+000 -1.6384e+000
3067 0 +3.607651698e+000 -9.112348302e+000 -9.112348302e+000 -2.3879e+000 -2.3830e+000 -1.6365e+000
3179 0 +3.412926156e+000 -9.307073844e+000 -9.307073844e+000 -1.8147e+000 -1.8095e+000 -2.3287e+000
3192 0 +3.382878860e+000 -9.337121140e+000 -9.337121140e+000 -1.8156e+000 -1.8105e+000 -2.3276e+000
3433 0 +3.257045240e+000 -9.462954760e+000 -9.462954760e+000 -2.2004e+000 -2.1950e+000 -1.8639e+000
3545 0 +3.186520897e+000 -9.533479103e+000 -9.533479103e+000 -2.1995e+000 -2.1939e+000 -1.8643e+000
3707 0 +3.136698222e+000 -9.583301778e+000 -9.583301778e+000 -2.1980e+000 -2.1941e+000 -1.8620e+000
3750 0 +3.062576812e+000 -9.657423188e+000 -9.657423188e+000 -2.0072e+000 -2.0016e+000 -2.0969e+000
8227 0 +2.685118659e+000 -1.003488134e+001 -1.003488134e+001 +1.1874e+000 +1.0729e+000 +1.8041e+000
8704 0 +1.688521951e+000 -1.103147805e+001 -1.103147805e+001 +1.1837e+000 +1.0680e+000 +1.7962e+000
8813 0 +1.655148744e+000 -1.106485126e+001 -1.106485126e+001 +1.3868e+000 +1.2650e+000 +1.5563e+000
8975 0 +1.469000090e+000 -1.125099991e+001 -1.125099991e+001 +1.1912e+000 +1.0755e+000 +1.7874e+000
9007 0 +1.435988088e+000 -1.128401191e+001 -1.128401191e+001 +1.1910e+000 +1.0750e+000 +1.7885e+000
9082 0 +1.380242153e+000 -1.133975785e+001 -1.133975785e+001 +1.1906e+000 +1.0736e+000 +1.7915e+000
9277 0 +7.479133530e-001 -1.197208665e+001 -1.197208665e+001 +1.3813e+000 +1.2645e+000 +1.5498e+000
9279 0 +6.604243424e-001 -1.205957566e+001 -1.205957566e+001 +1.3817e+000 +1.2661e+000 +1.5471e+000
9290 0 +5.311050163e-001 -1.218889498e+001 -1.218889498e+001 +1.3784e+000 +1.2627e+000 +1.5601e+000
9328 0 +4.825932192e-001 -1.223740678e+001 -1.223740678e+001 +1.3789e+000 +1.2641e+000 +1.5559e+000
9532 0 +4.391561197e-001 -1.228084388e+001 -1.228084388e+001 +1.3783e+000 +1.2648e+000 +1.5479e+000
9911 0 +4.299321160e-001 -1.229006788e+001 -1.229006788e+001 +1.3770e+000 +1.2641e+000 +1.5493e+000
10000 0 +4.250874578e-001 -1.229491254e+001 -1.229491254e+001 +1.3776e+000 +1.2646e+000 +1.5488e+000
16973 0 +3.344795858e-001 -1.238552041e+001 -1.238552041e+001 +1.2461e+000 +1.2508e+000 +1.2332e+000
17016 0 +2.631289609e-001 -1.245687104e+001 -1.245687104e+001 +1.3150e+000 +1.1358e+000 +1.3439e+000
17236 0 +1.780324970e-001 -1.254196750e+001 -1.254196750e+001 +1.2481e+000 +1.2519e+000 +1.2356e+000
17456 0 +1.761655992e-001 -1.254383440e+001 -1.254383440e+001 +1.2486e+000 +1.2501e+000 +1.2532e+000
17661 0 +1.429237188e-001 -1.257707628e+001 -1.257707628e+001 +1.2516e+000 +1.2477e+000 +1.2624e+000
17685 0 +4.758792790e-002 -1.267241207e+001 -1.267241207e+001 +1.2505e+000 +1.2507e+000 +1.2521e+000
17919 0 +2.733497097e-002 -1.269266503e+001 -1.269266503e+001 +1.2506e+000 +1.2514e+000 +1.2470e+000
17933 0 +1.409059259e-002 -1.270590941e+001 -1.270590941e+001 +1.2506e+000 +1.2510e+000 +1.2480e+000
18065 0 +3.820043819e-003 -1.271617996e+001 -1.271617996e+001 +1.2505e+000 +1.2499e+000 +1.2511e+000
18102 0 +3.081206854e-003 -1.271691879e+001 -1.271691879e+001 +1.2505e+000 +1.2503e+000 +1.2501e+000
18327 0 +9.615800899e-004 -1.271903842e+001 -1.271903842e+001 +1.2502e+000 +1.2502e+000 +1.2497e+000
18338 0 +7.078782005e-011 -1.272000000e+001 -1.272000000e+001 +1.2500e+000 +1.2500e+000 +1.2500e+000
% f evaluations | g evaluations | best noise-free fitness - Fopt (-5.954000000000e+001) + sum g_i+ | measured fitness | best measured fitness or single-digit g-values | x1 | x2...
1 0 +5.293248553e+001 -6.607514471e+000 -6.607514471e+000 +3.6048e+000 -2.7165e+000 -4.0623e+000
2 0 +3.722000081e+001 -2.231999919e+001 -2.231999919e+001 -1.0519e+000 -2.2120e+000 +1.3247e+000
4 0 +2.863655443e+001 -3.090344557e+001 -3.090344557e+001 -1.0211e+000 -1.7772e+000 +1.6594e+000
16 0 +1.925257158e+001 -4.028742842e+001 -4.028742842e+001 -1.9650e-001 +6.0661e-001 -1.1731e+000
64 0 +7.719565892e+000 -5.182043411e+001 -5.182043411e+001 -1.2930e+000 -4.0356e-001 +1.6594e+000
657 0 +6.771522922e+000 -5.276847708e+001 -5.276847708e+001 -2.0148e+000 -5.2290e-001 +1.6572e+000
735 0 +4.239064520e+000 -5.530093548e+001 -5.530093548e+001 -1.1177e+000 -1.3921e+000 +1.4784e+000
1016 0 +3.227079800e+000 -5.631292020e+001 -5.631292020e+001 -1.2782e+000 -1.6044e+000 +9.4260e-001
1323 0 +2.537317783e+000 -5.700268222e+001 -5.700268222e+001 -8.2552e-001 -1.6868e+000 +1.1477e+000
1437 0 +2.416742444e+000 -5.712325756e+001 -5.712325756e+001 -1.3015e+000 -1.5952e+000 +1.1370e+000
1794 0 +1.587036607e+000 -5.795296339e+001 -5.795296339e+001 -1.3775e+000 -1.4238e+000 +1.1557e+000
1831 0 +1.122325421e+000 -5.841767458e+001 -5.841767458e+001 -1.0411e+000 -1.5639e+000 +1.4587e+000
1926 0 +1.024829736e+000 -5.851517026e+001 -5.851517026e+001 -1.0418e+000 -1.5635e+000 +1.4596e+000
2102 0 +8.080351109e-001 -5.873196489e+001 -5.873196489e+001 -1.1199e+000 -1.4197e+000 +1.4807e+000
2454 0 +7.433342338e-001 -5.879666577e+001 -5.879666577e+001 -1.1192e+000 -1.4201e+000 +1.4798e+000
2502 0 +4.907931866e-001 -5.904920681e+001 -5.904920681e+001 -1.4584e+000 -1.2753e+000 +1.1754e+000
2630 0 +4.635740390e-001 -5.907642596e+001 -5.907642596e+001 -1.4576e+000 -1.2757e+000 +1.1745e+000
2787 0 +3.767329619e-001 -5.916326704e+001 -5.916326704e+001 -1.2447e+000 -1.2486e+000 +1.3596e+000
2841 0 +3.324574375e-001 -5.920754256e+001 -5.920754256e+001 -1.2595e+000 -1.2473e+000 +1.1361e+000
3085 0 +3.242126768e-001 -5.921578732e+001 -5.921578732e+001 -1.1573e+000 -1.4041e+000 +1.2409e+000
3146 0 +1.837137041e-001 -5.935628630e+001 -5.935628630e+001 -1.2615e+000 -1.2517e+000 +1.1357e+000
3409 0 +1.446211537e-001 -5.939537885e+001 -5.939537885e+001 -1.1586e+000 -1.4089e+000 +1.2396e+000
3931 0 +9.677104664e-002 -5.944322895e+001 -5.944322895e+001 -1.2314e+000 -1.2525e+000 +1.3688e+000
4012 0 +5.266237846e-002 -5.948733762e+001 -5.948733762e+001 -1.2494e+000 -1.2517e+000 +1.2512e+000
4339 0 +4.332318810e-002 -5.949667681e+001 -5.949667681e+001 -1.2487e+000 -1.2521e+000 +1.2503e+000
4554 0 +1.190215659e-002 -5.952809784e+001 -5.952809784e+001 -1.2488e+000 -1.2513e+000 +1.2505e+000
4797 0 +8.067068679e-003 -5.953193293e+001 -5.953193293e+001 -1.2486e+000 -1.2508e+000 +1.2507e+000
4835 0 +7.893952438e-003 -5.953210605e+001 -5.953210605e+001 -1.2504e+000 -1.2509e+000 +1.2496e+000
4859 0 +6.987783150e-003 -5.953301222e+001 -5.953301222e+001 -1.2492e+000 -1.2509e+000 +1.2508e+000
5009 0 +2.269058180e-003 -5.953773094e+001 -5.953773094e+001 -1.2500e+000 -1.2496e+000 +1.2501e+000
5106 0 +1.375018479e-003 -5.953862498e+001 -5.953862498e+001 -1.2495e+000 -1.2500e+000 +1.2503e+000
5116 0 +1.242109496e-003 -5.953875789e+001 -5.953875789e+001 -1.2506e+000 -1.2496e+000 +1.2495e+000
5242 0 +4.763682516e-004 -5.953952363e+001 -5.953952363e+001 -1.2502e+000 -1.2501e+000 +1.2498e+000
5265 0 +3.781049269e-004 -5.953962190e+001 -5.953962190e+001 -1.2503e+000 -1.2501e+000 +1.2498e+000
5279 0 +5.801180951e-005 -5.953994199e+001 -5.953994199e+001 -1.2502e+000 -1.2499e+000 +1.2498e+000
5429 0 +5.107014425e-005 -5.953994893e+001 -5.953994893e+001 -1.2499e+000 -1.2501e+000 +1.2501e+000
5512 0 +1.740869340e-005 -5.953998259e+001 -5.953998259e+001 -1.2501e+000 -1.2500e+000 +1.2499e+000
5654 0 +0.000000000e+000 -5.954000000e+001 -5.954000000e+001 -1.2500e+000 -1.2500e+000 +1.2500e+000
% f evaluations | g evaluations | best noise-free fitness - Fopt (-1.000000000000e+003) + sum g_i+ | measured fitness | best measured fitness or single-digit g-values | x1 | x2...
1 0 +7.220138079e+001 -9.277986192e+002 -9.277986192e+002 -1.0549e+000 +2.5688e+000 -2.9901e+000
3 0 +4.101201937e+001 -9.589879806e+002 -9.589879806e+002 +1.1187e+000 -2.1518e+000 +4.7741e-001
13 0 +2.775126935e+001 -9.722487306e+002 -9.722487306e+002 +1.6839e+000 -2.6509e+000 +2.6196e+000
44 0 +2.115329267e+001 -9.788467073e+002 -9.788467073e+002 +4.9667e-001 -2.0024e-001 -6.9113e-001
159 0 +1.161558564e+001 -9.883844144e+002 -9.883844144e+002 +1.9575e-001 -2.3305e+000 +2.8202e+000
329 0 +9.341442062e+000 -9.906585579e+002 -9.906585579e+002 -2.4306e+000 -1.3159e+000 +3.3037e+000
358 0 +7.646857966e+000 -9.923531420e+002 -9.923531420e+002 -3.6640e+000 -1.3856e+000 +1.5938e+000
418 0 +6.517920993e+000 -9.934820790e+002 -9.934820790e+002 -3.1042e+000 -1.0482e+000 +1.5938e+000
1613 0 +6.257520162e+000 -9.937424798e+002 -9.937424798e+002 -2.3355e+000 -1.3657e+000 +1.2230e+000
1769 0 +5.785553965e+000 -9.942144460e+002 -9.942144460e+002 -3.2133e+000 -1.4621e+000 +2.2935e+000
1800 0 +4.848960553e+000 -9.951510394e+002 -9.951510394e+002 -1.5077e+000 -2.3610e+000 +1.9296e+000
2212 0 +4.575087562e+000 -9.954249124e+002 -9.954249124e+002 -2.5613e+000 -2.2472e+000 +2.0000e+000
2536 0 +4.536252246e+000 -9.954637478e+002 -9.954637478e+002 -2.5600e+000 -2.2488e+000 +1.9994e+000
2687 0 +4.455957556e+000 -9.955440424e+002 -9.955440424e+002 -2.5603e+000 -2.2484e+000 +2.0000e+000
2784 0 +4.365034232e+000 -9.956349658e+002 -9.956349658e+002 -2.5604e+000 -2.2484e+000 +2.0017e+000
2879 0 +4.252650626e+000 -9.957473494e+002 -9.957473494e+002 -2.5597e+000 -2.2489e+000 +2.0049e+000
2888 0 +4.034995836e+000 -9.959650042e+002 -9.959650042e+002 -2.5563e+000 -2.2470e+000 +2.0069e+000
2896 0 +3.925293805e+000 -9.960747062e+002 -9.960747062e+002 -2.5532e+000 -2.2453e+000 +2.0077e+000
2902 0 +3.837195046e+000 -9.961628050e+002 -9.961628050e+002 -2.5513e+000 -2.2452e+000 +2.0071e+000
2913 0 +3.638944284e+000 -9.963610557e+002 -9.963610557e+002 -2.5488e+000 -2.2446e+000 +2.0107e+000
2933 0 +3.625354960e+000 -9.963746450e+002 -9.963746450e+002 -2.5486e+000 -2.2444e+000 +2.0134e+000
2938 0 +3.220824930e+000 -9.967791751e+002 -9.967791751e+002 -2.5336e+000 -2.2399e+000 +2.0243e+000
5358 0 +3.030770361e+000 -9.969692296e+002 -9.969692296e+002 -2.1887e+000 -2.2459e+000 +2.0894e+000
6301 0 +3.018220207e+000 -9.969817798e+002 -9.969817798e+002 -2.1911e+000 -2.2468e+000 +2.0878e+000
24988 0 +1.971369311e+000 -9.980286307e+002 -9.980286307e+002 +1.5434e+000 +1.3258e+000 -9.2753e-001
26091 0 +1.274183087e+000 -9.987258169e+002 -9.987258169e+002 +1.0297e+000 +1.2291e+000 -9.9319e-001
26311 0 +7.778707587e-001 -9.992221292e+002 -9.992221292e+002 +1.0305e+000 +1.2275e+000 -9.9243e-001
26514 0 +6.633295481e-001 -9.993366705e+002 -9.993366705e+002 +1.0283e+000 +1.2256e+000 -9.9325e-001
26545 0 +6.586532426e-001 -9.993413468e+002 -9.993413468e+002 +1.0290e+000 +1.2260e+000 -9.9273e-001
26578 0 +6.047486245e-001 -9.993952514e+002 -9.993952514e+002 +1.0275e+000 +1.2251e+000 -9.9253e-001
26607 0 +5.959239083e-001 -9.994040761e+002 -9.994040761e+002 +1.0270e+000 +1.2244e+000 -9.9242e-001
26613 0 +5.716184454e-001 -9.994283816e+002 -9.994283816e+002 +1.0260e+000 +1.2240e+000 -9.9194e-001
26647 0 +5.599889473e-001 -9.994400111e+002 -9.994400111e+002 +1.0286e+000 +1.2243e+000 -9.9033e-001
26653 0 +5.157063210e-001 -9.994842937e+002 -9.994842937e+002 +1.0279e+000 +1.2240e+000 -9.8845e-001
26654 0 +5.095055580e-001 -9.994904944e+002 -9.994904944e+002 +1.0286e+000 +1.2241e+000 -9.8730e-001
26658 0 +4.724549378e-001 -9.995275451e+002 -9.995275451e+002 +1.0329e+000 +1.2259e+000 -9.8497e-001
139160 0 +3.762217450e-001 -9.996237783e+002 -9.996237783e+002 +1.3620e+000 +1.2458e+000 -1.2229e+000
139660 0 +1.740966095e-001 -9.998259034e+002 -9.998259034e+002 +1.2390e+000 +1.2460e+000 -1.2579e+000
140146 0 +1.393193825e-001 -9.998606806e+002 -9.998606806e+002 +1.3687e+000 +1.2485e+000 -1.2258e+000
140705 0 +4.549581184e-002 -9.999545042e+002 -9.999545042e+002 +1.2527e+000 +1.2504e+000 -1.2457e+000
141172 0 +1.560420441e-002 -9.999843958e+002 -9.999843958e+002 +1.2504e+000 +1.2505e+000 -1.2513e+000
141390 0 +1.169390861e-002 -9.999883061e+002 -9.999883061e+002 +1.2508e+000 +1.2504e+000 -1.2507e+000
141515 0 +1.065687460e-002 -9.999893431e+002 -9.999893431e+002 +1.2508e+000 +1.2504e+000 -1.2506e+000
141594 0 +8.745955643e-003 -9.999912540e+002 -9.999912540e+002 +1.2509e+000 +1.2504e+000 -1.2505e+000
141653 0 +3.663024434e-003 -9.999963370e+002 -9.999963370e+002 +1.2505e+000 +1.2503e+000 -1.2504e+000
141660 0 +3.024050703e-003 -9.999969759e+002 -9.999969759e+002 +1.2509e+000 +1.2502e+000 -1.2497e+000
141725 0 +2.034237544e-003 -9.999979658e+002 -9.999979658e+002 +1.2509e+000 +1.2504e+000 -1.2497e+000
141743 0 +1.320151358e-003 -9.999986798e+002 -9.999986798e+002 +1.2498e+000 +1.2499e+000 -1.2504e+000
141772 0 +1.214115411e-003 -9.999987859e+002 -9.999987859e+002 +1.2497e+000 +1.2498e+000 -1.2498e+000
141810 0 +8.972367935e-004 -9.999991028e+002 -9.999991028e+002 +1.2507e+000 +1.2502e+000 -1.2498e+000
142026 0 +5.250977315e-004 -9.999994749e+002 -9.999994749e+002 +1.2499e+000 +1.2499e+000 -1.2501e+000
142065 0 +4.194094270e-004 -9.999995806e+002 -9.999995806e+002 +1.2498e+000 +1.2500e+000 -1.2502e+000
142073 0 +3.496879758e-004 -9.999996503e+002 -9.999996503e+002 +1.2500e+000 +1.2500e+000 -1.2501e+000
142123 0 +1.476585209e-004 -9.999998523e+002 -9.999998523e+002 +1.2502e+000 +1.2501e+000 -1.2500e+000
142147 0 +5.613523649e-005 -9.999999439e+002 -9.999999439e+002 +1.2498e+000 +1.2500e+000 -1.2502e+000
142180 0 +6.821210263e-013 -1.000000000e+003 -1.000000000e+003 +1.2500e+000 +1.2500e+000 -1.2500e+000
% f evaluations | g evaluations | best noise-free fitness - Fopt (4.303000000000e+001) + sum g_i+ | measured fitness | best measured fitness or single-digit g-values | x1 | x2...
1 0 +5.314164646e+001 +9.617164646e+001 +9.617164646e+001 -7.0379e-001 -2.4581e+000 +2.4271e+000
2 0 +5.062930004e+001 +9.365930004e+001 +9.365930004e+001 +3.3455e+000 -7.1796e-001 -1.4966e+000
3 0 +2.522879722e+001 +6.825879722e+001 +6.825879722e+001 +3.8799e+000 +3.4954e+000 +2.3652e+000
19 0 +2.207568578e+001 +6.510568578e+001 +6.510568578e+001 +1.0239e+000 +3.0599e+000 +2.4781e+000
74 0 +1.321752747e+001 +5.624752747e+001 +5.624752747e+001 +1.7019e+000 +2.2596e+000 +3.0996e+000
93 0 +1.312252831e+001 +5.615252831e+001 +5.615252831e+001 +3.7495e+000 +2.3116e+000 +3.1101e+000
249 0 +5.540003728e+000 +4.857000373e+001 +4.857000373e+001 +2.6354e+000 +1.7047e+000 +1.6179e+000
1170 0 +4.393823699e+000 +4.742382370e+001 +4.742382370e+001 +2.0880e+000 +1.6574e+000 +2.0982e+000
2274 0 +4.260495869e+000 +4.729049587e+001 +4.729049587e+001 +2.0712e+000 +2.9983e+000 +2.4310e+000
2359 0 +4.129754373e+000 +4.715975437e+001 +4.715975437e+001 +1.9355e+000 +1.6671e+000 +2.2780e+000
2716 0 +3.831393130e+000 +4.686139313e+001 +4.686139313e+001 +2.2148e+000 +2.2222e+000 +1.9404e+000
2780 0 +3.600179783e+000 +4.663017978e+001 +4.663017978e+001 +2.1991e+000 +2.2781e+000 +2.3478e+000
2791 0 +3.435880564e+000 +4.646588056e+001 +4.646588056e+001 +2.5043e+000 +2.2589e+000 +1.9881e+000
3161 0 +3.348962935e+000 +4.637896293e+001 +4.637896293e+001 +2.6447e+000 +2.2969e+000 +2.2096e+000
3403 0 +3.273237333e+000 +4.630323733e+001 +4.630323733e+001 +2.2299e+000 +2.4333e+000 +2.0357e+000
4082 0 +3.227577762e+000 +4.625757776e+001 +4.625757776e+001 +2.3491e+000 +2.2630e+000 +2.1647e+000
4302 0 +3.159250575e+000 +4.618925058e+001 +4.618925058e+001 +2.3448e+000 +2.2654e+000 +2.1688e+000
4497 0 +3.065158544e+000 +4.609515854e+001 +4.609515854e+001 +2.3399e+000 +2.2654e+000 +2.1735e+000
19098 0 +2.778391512e+000 +4.580839151e+001 +4.580839151e+001 -1.4019e+000 -1.5858e+000 -1.7663e+000
19315 0 +2.278069323e+000 +4.530806932e+001 +4.530806932e+001 -1.3987e+000 -1.5890e+000 -1.7645e+000
19354 0 +2.007447632e+000 +4.503744763e+001 +4.503744763e+001 -1.3990e+000 -1.5888e+000 -1.7663e+000
19531 0 +1.974256372e+000 +4.500425637e+001 +4.500425637e+001 -1.3992e+000 -1.5894e+000 -1.7665e+000
19562 0 +1.949107216e+000 +4.497910722e+001 +4.497910722e+001 -1.3993e+000 -1.5899e+000 -1.7667e+000
19590 0 +1.889221034e+000 +4.491922103e+001 +4.491922103e+001 -1.3995e+000 -1.5917e+000 -1.7677e+000
19601 0 +1.860058806e+000 +4.489005881e+001 +4.489005881e+001 -1.3984e+000 -1.5922e+000 -1.7684e+000
19704 0 +1.799561060e+000 +4.482956106e+001 +4.482956106e+001 -1.3965e+000 -1.5921e+000 -1.7703e+000
19725 0 +1.773787584e+000 +4.480378758e+001 +4.480378758e+001 -1.3949e+000 -1.5941e+000 -1.7718e+000
19745 0 +1.732808558e+000 +4.476280856e+001 +4.476280856e+001 -1.3923e+000 -1.5945e+000 -1.7739e+000
19779 0 +1.685894867e+000 +4.471589487e+001 +4.471589487e+001 -1.3840e+000 -1.5949e+000 -1.7804e+000
23248 0 +1.196763751e+000 +4.422676375e+001 +4.422676375e+001 -1.4630e+000 -9.1515e-001 -1.5271e+000
23549 0 +8.604382359e-001 +4.389043824e+001 +4.389043824e+001 -1.3256e+000 -1.4185e+000 -1.5098e+000
24173 0 +2.586110358e-001 +4.328861104e+001 +4.328861104e+001 -1.1343e+000 -1.4165e+000 -1.1170e+000
24727 0 +2.509972698e-001 +4.328099727e+001 +4.328099727e+001 -1.1363e+000 -1.4159e+000 -1.1153e+000
24961 0 +2.402191945e-001 +4.327021919e+001 +4.327021919e+001 -1.1369e+000 -1.4164e+000 -1.1153e+000
24966 0 +2.361660218e-001 +4.326616602e+001 +4.326616602e+001 -1.1376e+000 -1.4167e+000 -1.1148e+000
49968 0 +1.787899216e-001 +4.320878992e+001 +4.320878992e+001 -1.2181e+000 -1.2876e+000 -1.0684e+000
50137 0 +1.391503849e-001 +4.316915038e+001 +4.316915038e+001 -1.2152e+000 -1.2880e+000 -1.0715e+000
50423 0 +1.112979618e-001 +4.314129796e+001 +4.314129796e+001 -1.1747e+000 -1.3794e+000 -1.2917e+000
50631 0 +1.033980118e-001 +4.313339801e+001 +4.313339801e+001 -1.2492e+000 -1.2535e+000 -1.2524e+000
50660 0 +9.465988939e-002 +4.312465989e+001 +4.312465989e+001 -1.2548e+000 -1.2514e+000 -1.2480e+000
50714 0 +6.410783294e-002 +4.309410783e+001 +4.309410783e+001 -1.2511e+000 -1.2514e+000 -1.2509e+000
50732 0 +4.610207071e-002 +4.307610207e+001 +4.307610207e+001 -1.2527e+000 -1.2514e+000 -1.2482e+000
50855 0 +8.046336943e-003 +4.303804634e+001 +4.303804634e+001 -1.2496e+000 -1.2498e+000 -1.2506e+000
51137 0 +3.014264394e-010 +4.303000000e+001 +4.303000000e+001 -1.2500e+000 -1.2500e+000 -1.2500e+000
