% f evaluations | g evaluations | best noise-free fitness - Fopt (3.590000000000e+001) + sum g_i+ | measured fitness | best measured fitness or single-digit g-values | x1 | x2...
1 0 +1.100253220e+006 +1.100289120e+006 +1.100289120e+006 -3.9198e+000 -1.8311e+000
2 0 +2.957618618e+005 +2.957977618e+005 +2.957977618e+005 -1.5966e+000 +4.1769e+000
3 0 +2.418726258e+005 +2.419085258e+005 +2.419085258e+005 -3.9909e-001 +9.4665e-001
4 0 +1.169056977e+004 +1.172646977e+004 +1.172646977e+004 +5.0000e+000 +5.0000e+000
8 0 +7.474108300e+003 +7.510008300e+003 +7.510008300e+003 +3.6119e+000 +3.5000e+000
14 0 +6.925256130e+003 +6.961156130e+003 +6.961156130e+003 +4.3096e+000 +3.9215e+000
16 0 +3.740782253e+003 +3.776682253e+003 +3.776682253e+003 +4.7305e+000 +3.8055e+000
24 0 +1.933963876e+003 +1.969863876e+003 +1.969863876e+003 +4.4340e+000 +3.1726e+000
32 0 +1.042789900e+003 +1.078689900e+003 +1.078689900e+003 +4.8315e+000 +3.2536e+000
35 0 +1.031784779e+001 +4.621784779e+001 +4.621784779e+001 +3.7930e+000 +1.6237e+000
37 0 +8.217220000e+000 +4.411722000e+001 +4.411722000e+001 +3.5546e+000 +1.7257e+000
45 0 +3.221615524e+000 +3.912161552e+001 +3.912161552e+001 +3.4196e+000 +1.1265e+000
56 0 +7.307133176e-001 +3.663071332e+001 +3.663071332e+001 +3.0502e+000 +1.1531e+000
67 0 +4.196950671e-001 +3.631969507e+001 +3.631969507e+001 +3.0062e+000 +1.0683e+000
74 0 +1.447820871e-001 +3.604478209e+001 +3.604478209e+001 +2.8797e+000 +1.1531e+000
76 0 +3.371143269e-002 +3.593371143e+001 +3.593371143e+001 +2.8361e+000 +9.7543e-001
110 0 +2.647189863e-002 +3.592647190e+001 +3.592647190e+001 +2.8373e+000 +1.0724e+000
111 0 +1.134510409e-002 +3.591134510e+001 +3.591134510e+001 +2.8186e+000 +1.0681e+000
113 0 +7.862744562e-003 +3.590786274e+001 +3.590786274e+001 +2.8052e+000 +1.1070e+000
118 0 +2.936092370e-003 +3.590293609e+001 +3.590293609e+001 +2.7996e+000 +1.0877e+000
126 0 +2.402141073e-003 +3.590240214e+001 +3.590240214e+001 +2.7953e+000 +1.0834e+000
138 0 +2.315747339e-003 +3.590231575e+001 +3.590231575e+001 +2.7953e+000 +1.1033e+000
154 0 +2.218109653e-003 +3.590221811e+001 +3.590221811e+001 +2.7938e+000 +1.1088e+000
156 0 +1.506002914e-003 +3.590150600e+001 +3.590150600e+001 +2.7929e+000 +1.0902e+000
158 0 +5.389876415e-004 +3.590053899e+001 +3.590053899e+001 +2.7863e+000 +1.1152e+000
169 0 +5.023709820e-004 +3.590050237e+001 +3.590050237e+001 +2.7863e+000 +1.1138e+000
196 0 +3.119187369e-004 +3.590031192e+001 +3.590031192e+001 +2.7864e+000 +1.1100e+000
205 0 +1.074230915e-004 +3.590010742e+001 +3.590010742e+001 +2.7839e+000 +1.1127e+000
212 0 +1.892704402e-005 +3.590001893e+001 +3.590001893e+001 +2.7826e+000 +1.1116e+000
245 0 +1.700518796e-005 +3.590001701e+001 +3.590001701e+001 +2.7825e+000 +1.1115e+000
249 0 +3.571008705e-006 +3.590000357e+001 +3.590000357e+001 +2.7820e+000 +1.1130e+000
253 0 +3.387444536e-006 +3.590000339e+001 +3.590000339e+001 +2.7819e+000 +1.1135e+000
261 0 +3.241729999e-006 +3.590000324e+001 +3.590000324e+001 +2.7820e+000 +1.1132e+000
265 0 +2.791635808e-006 +3.590000279e+001 +3.590000279e+001 +2.7820e+000 +1.1131e+000
268 0 +1.710006856e-006 +3.590000171e+001 +3.590000171e+001 +2.7819e+000 +1.1132e+000
276 0 +9.361640920e-007 +3.590000094e+001 +3.590000094e+001 +2.7818e+000 +1.1132e+000
284 0 +4.538192471e-007 +3.590000045e+001 +3.590000045e+001 +2.7817e+000 +1.1133e+000
292 0 +4.301741825e-007 +3.590000043e+001 +3.590000043e+001 +2.7817e+000 +1.1135e+000
298 0 +3.404354558e-007 +3.590000034e+001 +3.590000034e+001 +2.7817e+000 +1.1134e+000
306 0 +1.283582662e-008 +3.590000001e+001 +3.590000001e+001 +2.7816e+000 +1.1136e+000
319 0 +1.107749625e-008 +3.590000001e+001 +3.590000001e+001 +2.7816e+000 +1.1136e+000
344 0 +4.918661034e-009 +3.590000000e+001 +3.590000000e+001 +2.7816e+000 +1.1136e+000
% f evaluations | g evaluations | best noise-free fitness - Fopt (3.137000000000e+001) + sum g_i+ | measured fitness | best measured fitness or single-digit g-values | x1 | x2...
1 0 +3.653058771e+005 +3.653372471e+005 +3.653372471e+005 -3.3790e+000 -3.6797e+000
2 0 +2.388078600e+004 +2.391215600e+004 +2.391215600e+004 -5.5170e-001 -3.4876e-001
5 0 +6.806698599e+000 +3.817669860e+001 +3.817669860e+001 +4.6910e-001 +3.1118e+000
13 0 +1.894819040e+000 +3.326481904e+001 +3.326481904e+001 -1.5695e-001 +3.1237e+000
24 0 +1.389604077e+000 +3.275960408e+001 +3.275960408e+001 +7.7219e-002 +2.2072e+000
30 0 +3.297182595e-001 +3.169971826e+001 +3.169971826e+001 -1.4675e-001 +2.1527e+000
46 0 +2.319476289e-001 +3.160194763e+001 +3.160194763e+001 -2.0010e-001 +2.2049e+000
52 0 +3.895848259e-002 +3.140895848e+001 +3.140895848e+001 -2.2802e-001 +1.9435e+000
77 0 +2.390296680e-002 +3.139390297e+001 +3.139390297e+001 -2.7758e-001 +2.0222e+000
86 0 +1.761793801e-003 +3.137176179e+001 +3.137176179e+001 -2.7021e-001 +1.9232e+000
125 0 +6.466469357e-004 +3.137064665e+001 +3.137064665e+001 -2.7021e-001 +1.9109e+000
128 0 +5.070739828e-004 +3.137050707e+001 +3.137050707e+001 -2.7180e-001 +1.9107e+000
136 0 +4.586184593e-004 +3.137045862e+001 +3.137045862e+001 -2.7180e-001 +1.9094e+000
143 0 +7.299731274e-005 +3.137007300e+001 +3.137007300e+001 -2.7168e-001 +1.9013e+000
155 0 +6.145667975e-005 +3.137006146e+001 +3.137006146e+001 -2.7205e-001 +1.9013e+000
162 0 +2.910267694e-005 +3.137002910e+001 +3.137002910e+001 -2.7205e-001 +1.8996e+000
169 0 +4.194389685e-006 +3.137000419e+001 +3.137000419e+001 -2.7205e-001 +1.8978e+000
192 0 +1.748349000e-006 +3.137000175e+001 +3.137000175e+001 -2.7181e-001 +1.8969e+000
218 0 +9.179242966e-007 +3.137000092e+001 +3.137000092e+001 -2.7186e-001 +1.8968e+000
225 0 +8.413405865e-007 +3.137000084e+001 +3.137000084e+001 -2.7188e-001 +1.8969e+000
226 0 +4.973401104e-007 +3.137000050e+001 +3.137000050e+001 -2.7191e-001 +1.8969e+000
229 0 +4.169900478e-007 +3.137000042e+001 +3.137000042e+001 -2.7191e-001 +1.8968e+000
231 0 +4.015791255e-007 +3.137000040e+001 +3.137000040e+001 -2.7192e-001 +1.8968e+000
234 0 +3.642881126e-007 +3.137000036e+001 +3.137000036e+001 -2.7192e-001 +1.8968e+000
237 0 +1.815626547e-007 +3.137000018e+001 +3.137000018e+001 -2.7195e-001 +1.8968e+000
239 0 +1.009860000e-007 +3.137000010e+001 +3.137000010e+001 -2.7197e-001 +1.8969e+000
251 0 +6.862348201e-008 +3.137000007e+001 +3.137000007e+001 -2.7199e-001 +1.8969e+000
255 0 +1.076256240e-008 +3.137000001e+001 +3.137000001e+001 -2.7200e-001 +1.8968e+000
268 0 +3.480920441e-009 +3.137000000e+001 +3.137000000e+001 -2.7200e-001 +1.8968e+000
% f evaluations | g evaluations | best noise-free fitness - Fopt (-1.000000000000e+003) + sum g_i+ | measured fitness | best measured fitness or single-digit g-values | x1 | x2...
1 0 +1.204004625e+005 +1.194004625e+005 +1.194004625e+005 -4.2814e-001 +7.9109e-001
3 0 +1.151851382e+002 -8.848148618e+002 -8.848148618e+002 +3.8116e+000 +4.0660e+000
4 0 +7.005543782e+001 -9.299445622e+002 -9.299445622e+002 +5.0000e+000 +5.0000e+000
7 0 +4.767772079e+001 -9.523222792e+002 -9.523222792e+002 +3.8820e+000 +3.7375e+000
41 0 +4.399938024e+001 -9.560006198e+002 -9.560006198e+002 +3.6355e+000 +3.4799e+000
48 0 +4.334504929e+001 -9.566549507e+002 -9.566549507e+002 +3.5511e+000 +3.5005e+000
70 0 +4.222547207e+001 -9.577745279e+002 -9.577745279e+002 +3.5296e+000 +3.2162e+000
83 0 +4.141644867e+001 -9.585835513e+002 -9.585835513e+002 +3.5194e+000 +2.9694e+000
88 0 +4.046127950e+001 -9.595387205e+002 -9.595387205e+002 +3.4964e+000 +2.6977e+000
102 0 +3.950581038e+001 -9.604941896e+002 -9.604941896e+002 +3.4296e+000 +2.6456e+000
154 0 +3.878137468e+001 -9.612186253e+002 -9.612186253e+002 +3.3811e+000 +2.6182e+000
172 0 +3.773774787e+001 -9.622622521e+002 -9.622622521e+002 +3.3359e+000 +2.5046e+000
189 0 +3.713790476e+001 -9.628620952e+002 -9.628620952e+002 +3.2952e+000 +2.5130e+000
227 0 +3.628829162e+001 -9.637117084e+002 -9.637117084e+002 +3.2147e+000 +2.6028e+000
265 0 +3.545743569e+001 -9.645425643e+002 -9.645425643e+002 +3.2016e+000 +2.4780e+000
295 0 +3.465630403e+001 -9.653436960e+002 -9.653436960e+002 +3.1931e+000 +2.3410e+000
310 0 +3.369458776e+001 -9.663054122e+002 -9.663054122e+002 +3.1582e+000 +2.2733e+000
319 0 +3.260029478e+001 -9.673997052e+002 -9.673997052e+002 +3.1278e+000 +2.1626e+000
320 0 +3.187183124e+001 -9.681281688e+002 -9.681281688e+002 +3.1130e+000 +2.0627e+000
323 0 +3.064234307e+001 -9.693576569e+002 -9.693576569e+002 +3.0837e+000 +1.9006e+000
324 0 +2.998352996e+001 -9.700164700e+002 -9.700164700e+002 +3.0618e+000 +1.8402e+000
332 0 +2.912914313e+001 -9.708708569e+002 -9.708708569e+002 +3.0354e+000 +1.7400e+000
333 0 +2.845710328e+001 -9.715428967e+002 -9.715428967e+002 +3.0343e+000 +1.4717e+000
338 0 +2.793712472e+001 -9.720628753e+002 -9.720628753e+002 +3.0131e+000 +1.4192e+000
342 0 +2.658445642e+001 -9.734155436e+002 -9.734155436e+002 +2.9611e+000 +8.2023e-001
349 0 +2.547086324e+001 -9.745291368e+002 -9.745291368e+002 +2.8954e+000 +8.4163e-001
352 0 +2.504172198e+001 -9.749582780e+002 -9.749582780e+002 +2.8598e+000 +5.9734e-001
353 0 +2.447190356e+001 -9.755280964e+002 -9.755280964e+002 +2.8105e+000 +6.1339e-001
358 0 +2.396840207e+001 -9.760315979e+002 -9.760315979e+002 +2.7450e+000 +7.7740e-001
367 0 +2.334228879e+001 -9.766577112e+002 -9.766577112e+002 +2.5893e+000 +7.7404e-001
375 0 +2.231603856e+001 -9.776839614e+002 -9.776839614e+002 +2.4058e+000 +8.4957e-001
380 0 +2.097737202e+001 -9.790226280e+002 -9.790226280e+002 +2.2581e+000 +9.4884e-001
387 0 +2.039396650e+001 -9.796060335e+002 -9.796060335e+002 +2.1962e+000 +9.8867e-001
396 0 +1.987800438e+001 -9.801219956e+002 -9.801219956e+002 +2.1899e+000 +9.0647e-001
403 0 +1.877134447e+001 -9.812286555e+002 -9.812286555e+002 +2.1457e+000 +8.2275e-001
405 0 +1.789388010e+001 -9.821061199e+002 -9.821061199e+002 +2.1002e+000 +7.9027e-001
419 0 +1.659400239e+001 -9.834059976e+002 -9.834059976e+002 +2.0623e+000 +6.6427e-001
442 0 +1.484522419e+001 -9.851547758e+002 -9.851547758e+002 +2.0203e+000 +4.1378e-001
444 0 +1.331016829e+001 -9.866898317e+002 -9.866898317e+002 +1.9364e+000 +1.6736e-001
446 0 +1.278377633e+001 -9.872162237e+002 -9.872162237e+002 +1.7981e+000 +2.7181e-001
449 0 +1.173730275e+001 -9.882626973e+002 -9.882626973e+002 +1.6125e+000 -3.5095e-001
451 0 +1.023813079e+001 -9.897618692e+002 -9.897618692e+002 +1.4954e+000 -4.4992e-001
452 0 +7.093284489e+000 -9.929067155e+002 -9.929067155e+002 +1.2794e+000 -8.7823e-001
453 0 +7.005067822e+000 -9.929949322e+002 -9.929949322e+002 +1.2615e+000 -8.9311e-001
455 0 +3.554919525e+000 -9.964450805e+002 -9.964450805e+002 +7.5612e-001 -1.6369e+000
459 0 +2.984623110e+000 -9.970153769e+002 -9.970153769e+002 +7.0643e-001 -1.8614e+000
460 0 +1.519796329e+000 -9.984802037e+002 -9.984802037e+002 +4.5623e-001 -2.3715e+000
467 0 +3.882842519e-001 -9.996117157e+002 -9.996117157e+002 +1.0066e-001 -3.0026e+000
471 0 +3.717645833e-001 -9.996282354e+002 -9.996282354e+002 +4.3812e-002 -3.2284e+000
479 0 +2.663932972e-001 -9.997336067e+002 -9.997336067e+002 +1.4793e-002 -3.2189e+000
482 0 +1.464176755e-001 -9.998535823e+002 -9.998535823e+002 -2.9486e-002 -3.1896e+000
487 0 +2.272555796e-002 -9.999772744e+002 -9.999772744e+002 -1.2778e-001 -3.2686e+000
490 0 +2.012029724e-002 -9.999798797e+002 -9.999798797e+002 -1.5560e-001 -3.3494e+000
496 0 +1.596799689e-002 -9.999840320e+002 -9.999840320e+002 -1.5560e-001 -3.3390e+000
501 0 +8.666411808e-003 -9.999913336e+002 -9.999913336e+002 -1.5560e-001 -3.3099e+000
511 0 +2.154674339e-003 -9.999978453e+002 -9.999978453e+002 -1.7574e-001 -3.3312e+000
519 0 +1.047784929e-003 -9.999989522e+002 -9.999989522e+002 -1.7574e-001 -3.3192e+000
536 0 +4.476493410e-004 -9.999995524e+002 -9.999995524e+002 -1.8264e-001 -3.3322e+000
559 0 +1.649149392e-004 -9.999998351e+002 -9.999998351e+002 -1.8436e-001 -3.3322e+000
566 0 +5.479192180e-005 -9.999999452e+002 -9.999999452e+002 -1.8436e-001 -3.3270e+000
597 0 +3.016575874e-005 -9.999999698e+002 -9.999999698e+002 -1.8494e-001 -3.3277e+000
603 0 +1.969866946e-005 -9.999999803e+002 -9.999999803e+002 -1.8518e-001 -3.3286e+000
610 0 +7.715922266e-006 -9.999999923e+002 -9.999999923e+002 -1.8573e-001 -3.3292e+000
626 0 +7.276308565e-006 -9.999999927e+002 -9.999999927e+002 -1.8576e-001 -3.3292e+000
652 0 +5.260750072e-006 -9.999999947e+002 -9.999999947e+002 -1.8583e-001 -3.3297e+000
655 0 +9.075602065e-007 -9.999999991e+002 -9.999999991e+002 -1.8619e-001 -3.3302e+000
660 0 +8.851735629e-007 -9.999999991e+002 -9.999999991e+002 -1.8628e-001 -3.3304e+000
671 0 +3.846001846e-007 -9.999999996e+002 -9.999999996e+002 -1.8628e-001 -3.3303e+000
679 0 +3.164896043e-007 -9.999999997e+002 -9.999999997e+002 -1.8632e-001 -3.3304e+000
703 0 +2.501917606e-007 -9.999999997e+002 -9.999999997e+002 -1.8633e-001 -3.3304e+000
704 0 +1.940662742e-007 -9.999999998e+002 -9.999999998e+002 -1.8636e-001 -3.3305e+000
710 0 +1.764140052e-007 -9.999999998e+002 -9.999999998e+002 -1.8633e-001 -3.3304e+000
713 0 +1.549117314e-007 -9.999999998e+002 -9.999999998e+002 -1.8636e-001 -3.3304e+000
716 0 +5.552476523e-008 -9.999999999e+002 -9.999999999e+002 -1.8635e-001 -3.3303e+000
724 0 +1.868590971e-008 -1.000000000e+003 -1.000000000e+003 -1.8638e-001 -3.3304e+000
749 0 +9.773771126e-009 -1.000000000e+003 -1.000000000e+003 -1.8639e-001 -3.3304e+000
% f evaluations | g evaluations | best noise-free fitness - Fopt (1.319200000000e+002) + sum g_i+ | measured fitness | best measured fitness or single-digit g-values | x1 | x2...
1 0 +2.063750916e+002 +3.382950916e+002 +3.382950916e+002 -9.1458e-001 -4.8160e+000
3 0 +3.732082984e+000 +1.356520830e+002 +1.356520830e+002 -2.4220e+000 +1.0892e+000
11 0 +3.558126628e+000 +1.354781266e+002 +1.354781266e+002 -2.4311e+000 +1.1156e+000
36 0 +7.634102517e-001 +1.326834103e+002 +1.326834103e+002 -3.7422e+000 +1.5663e+000
48 0 +6.465999937e-001 +1.325666000e+002 +1.325666000e+002 -3.9053e+000 +1.8862e+000
52 0 +1.793112405e-001 +1.320993112e+002 +1.320993112e+002 -3.8230e+000 +1.7540e+000
84 0 +1.733357505e-001 +1.320933358e+002 +1.320933358e+002 -3.7929e+000 +1.7540e+000
99 0 +3.649187986e-002 +1.319564919e+002 +1.319564919e+002 -3.9066e+000 +1.8846e+000
100 0 +7.615335905e-003 +1.319276153e+002 +1.319276153e+002 -3.9536e+000 +1.8846e+000
131 0 +6.277442463e-003 +1.319262774e+002 +1.319262774e+002 -3.9841e+000 +1.8912e+000
138 0 +4.579367526e-003 +1.319245794e+002 +1.319245794e+002 -3.9513e+000 +1.8907e+000
142 0 +2.472808701e-003 +1.319224728e+002 +1.319224728e+002 -3.9557e+000 +1.8963e+000
149 0 +1.629452507e-003 +1.319216295e+002 +1.319216295e+002 -3.9624e+000 +1.8989e+000
165 0 +2.708741136e-004 +1.319202709e+002 +1.319202709e+002 -3.9750e+000 +1.9062e+000
195 0 +1.968469824e-004 +1.319201968e+002 +1.319201968e+002 -3.9767e+000 +1.9068e+000
219 0 +7.703170573e-005 +1.319200770e+002 +1.319200770e+002 -3.9786e+000 +1.9083e+000
228 0 +6.616899674e-005 +1.319200662e+002 +1.319200662e+002 -3.9779e+000 +1.9088e+000
232 0 +5.913469465e-005 +1.319200591e+002 +1.319200591e+002 -3.9795e+000 +1.9086e+000
233 0 +5.552666892e-005 +1.319200555e+002 +1.319200555e+002 -3.9785e+000 +1.9089e+000
236 0 +2.955522302e-005 +1.319200296e+002 +1.319200296e+002 -3.9796e+000 +1.9094e+000
240 0 +2.733005618e-005 +1.319200273e+002 +1.319200273e+002 -3.9800e+000 +1.9094e+000
242 0 +8.943040058e-006 +1.319200089e+002 +1.319200089e+002 -3.9810e+000 +1.9098e+000
252 0 +9.796551126e-007 +1.319200010e+002 +1.319200010e+002 -3.9820e+000 +1.9102e+000
276 0 +5.811868675e-007 +1.319200006e+002 +1.319200006e+002 -3.9822e+000 +1.9103e+000
279 0 +5.545848580e-008 +1.319200001e+002 +1.319200001e+002 -3.9824e+000 +1.9104e+000
317 0 +5.357921395e-008 +1.319200001e+002 +1.319200001e+002 -3.9824e+000 +1.9104e+000
319 0 +4.860930858e-008 +1.319200000e+002 +1.319200000e+002 -3.9823e+000 +1.9104e+000
326 0 +3.978129826e-008 +1.319200000e+002 +1.319200000e+002 -3.9824e+000 +1.9104e+000
330 0 +3.418315941e-008 +1.319200000e+002 +1.319200000e+002 -3.9824e+000 +1.9104e+000
336 0 +3.262434234e-008 +1.319200000e+002 +1.319200000e+002 -3.9823e+000 +1.9104e+000
340 0 +2.895393436e-008 +1.319200000e+002 +1.319200000e+002 -3.9824e+000 +1.9104e+000
342 0 +2.674482857e-008 +1.319200000e+002 +1.319200000e+002 -3.9824e+000 +1.9104e+000
351 0 +2.414026312e-008 +1.319200000e+002 +1.319200000e+002 -3.9824e+000 +1.9104e+000
377 0 +2.397291610e-008 +1.319200000e+002 +1.319200000e+002 -3.9824e+000 +1.9104e+000
384 0 +2.246807185e-008 +1.319200000e+002 +1.319200000e+002 -3.9824e+000 +1.9104e+000
385 0 +2.232238216e-008 +1.319200000e+002 +1.319200000e+002 -3.9824e+000 +1.9104e+000
392 0 +2.182511594e-008 +1.319200000e+002 +1.319200000e+002 -3.9824e+000 +1.9104e+000
396 0 +2.136849275e-008 +1.319200000e+002 +1.319200000e+002 -3.9824e+000 +1.9104e+000
397 0 +1.995013577e-008 +1.319200000e+002 +1.319200000e+002 -3.9824e+000 +1.9104e+000
410 0 +1.823545404e-008 +1.319200000e+002 +1.319200000e+002 -3.9824e+000 +1.9104e+000
413 0 +1.634182922e-008 +1.319200000e+002 +1.319200000e+002 -3.9824e+000 +1.9104e+000
427 0 +1.507649472e-008 +1.319200000e+002 +1.319200000e+002 -3.9824e+000 +1.9104e+000
456 0 +1.476058742e-008 +1.319200000e+002 +1.319200000e+002 -3.9824e+000 +1.9104e+000
460 0 +1.440182018e-008 +1.319200000e+002 +1.319200000e+002 -3.9824e+000 +1.9104e+000
463 0 +1.410688810e-008 +1.319200000e+002 +1.319200000e+002 -3.9824e+000 +1.9104e+000
468 0 +1.277552997e-008 +1.319200000e+002 +1.319200000e+002 -3.9824e+000 +1.9104e+000
476 0 +1.208181288e-008 +1.319200000e+002 +1.319200000e+002 -3.9824e+000 +1.9104e+000
479 0 +1.199288135e-008 +1.319200000e+002 +1.319200000e+002 -3.9824e+000 +1.9104e+000
485 0 +1.145241413e-008 +1.319200000e+002 +1.319200000e+002 -3.9824e+000 +1.9104e+000
496 0 +1.119485660e-008 +1.319200000e+002 +1.319200000e+002 -3.9824e+000 +1.9104e+000
1059 0 +1.056901056e-008 +1.319200000e+002 +1.319200000e+002 -3.9824e+000 +1.9104e+000
1067 0 +6.191015700e-009 +1.319200000e+002 +1.319200000e+002 -3.9824e+000 +1.9104e+000
% f evaluations | g evaluations | best noise-free fitness - Fopt (5.908400000000e+002) + sum g_i+ | measured fitness | best measured fitness or single-digit g-values | x1 | x2...
1 0 +1.667219421e+004 +1.726303421e+004 +1.726303421e+004 -7.6454e-001 +5.0621e-001
3 0 +2.519677023e+001 +6.160367702e+002 +6.160367702e+002 -3.4341e-001 -4.1594e+000
18 0 +6.903138412e+000 +5.977431384e+002 +5.977431384e+002 +8.2735e-001 -4.2068e+000
26 0 +4.268369711e+000 +5.951083697e+002 +5.951083697e+002 +1.5465e+000 -4.1443e+000
48 0 +2.659487056e+000 +5.934994871e+002 +5.934994871e+002 +1.2422e+000 -4.1071e+000
59 0 +1.961645672e+000 +5.928016457e+002 +5.928016457e+002 +8.2860e-001 -3.0175e+000
60 0 +1.869906468e+000 +5.927099065e+002 +5.927099065e+002 +8.4097e-001 -3.0299e+000
61 0 +1.785407138e+000 +5.926254071e+002 +5.926254071e+002 +9.9157e-001 -3.4042e+000
74 0 +1.086535091e+000 +5.919265351e+002 +5.919265351e+002 +1.1441e+000 -3.4568e+000
80 0 +6.123857225e-001 +5.914523857e+002 +5.914523857e+002 +1.0916e+000 -3.0377e+000
92 0 +2.056628442e-001 +5.910456628e+002 +5.910456628e+002 +1.2846e+000 -3.2924e+000
116 0 +1.559756529e-001 +5.909959757e+002 +5.909959757e+002 +1.2776e+000 -3.2117e+000
126 0 +1.415589805e-001 +5.909815590e+002 +5.909815590e+002 +1.3453e+000 -3.3657e+000
132 0 +7.537802922e-002 +5.909153780e+002 +5.909153780e+002 +1.3970e+000 -3.3986e+000
139 0 +4.260377273e-002 +5.908826038e+002 +5.908826038e+002 +1.4457e+000 -3.4431e+000
156 0 +2.079399709e-002 +5.908607940e+002 +5.908607940e+002 +1.4210e+000 -3.3682e+000
174 0 +1.153854713e-002 +5.908515385e+002 +5.908515385e+002 +1.4042e+000 -3.2975e+000
196 0 +9.744103493e-003 +5.908497441e+002 +5.908497441e+002 +1.4430e+000 -3.3807e+000
224 0 +5.231219694e-004 +5.908405231e+002 +5.908405231e+002 +1.4468e+000 -3.3469e+000
277 0 +1.737534226e-004 +5.908401738e+002 +5.908401738e+002 +1.4453e+000 -3.3408e+000
299 0 +1.445752986e-004 +5.908401446e+002 +5.908401446e+002 +1.4440e+000 -3.3379e+000
325 0 +5.455292319e-005 +5.908400546e+002 +5.908400546e+002 +1.4440e+000 -3.3356e+000
342 0 +5.298339443e-005 +5.908400530e+002 +5.908400530e+002 +1.4442e+000 -3.3361e+000
349 0 +3.025619890e-005 +5.908400303e+002 +5.908400303e+002 +1.4441e+000 -3.3349e+000
354 0 +2.932970392e-005 +5.908400293e+002 +5.908400293e+002 +1.4441e+000 -3.3344e+000
359 0 +7.211698630e-006 +5.908400072e+002 +5.908400072e+002 +1.4451e+000 -3.3358e+000
391 0 +5.000832289e-006 +5.908400050e+002 +5.908400050e+002 +1.4453e+000 -3.3362e+000
399 0 +4.125726036e-006 +5.908400041e+002 +5.908400041e+002 +1.4454e+000 -3.3363e+000
400 0 +1.937058300e-006 +5.908400019e+002 +5.908400019e+002 +1.4456e+000 -3.3364e+000
416 0 +1.645695534e-006 +5.908400016e+002 +5.908400016e+002 +1.4455e+000 -3.3363e+000
422 0 +3.646929372e-007 +5.908400004e+002 +5.908400004e+002 +1.4455e+000 -3.3361e+000
440 0 +9.035443327e-008 +5.908400001e+002 +5.908400001e+002 +1.4456e+000 -3.3360e+000
445 0 +6.938114439e-008 +5.908400001e+002 +5.908400001e+002 +1.4456e+000 -3.3360e+000
451 0 +6.685581866e-008 +5.908400001e+002 +5.908400001e+002 +1.4456e+000 -3.3360e+000
455 0 +3.589889275e-009 +5.908400000e+002 +5.908400000e+002 +1.4456e+000 -3.3360e+000
% f evaluations | g evaluations | best noise-free fitness - Fopt (6.749000000000e+001) + sum g_i+ | measured fitness | best measured fitness or single-digit g-values | x1 | x2...
1 0 +6.851851352e+000 +7.434185135e+001 +7.434185135e+001 -2.9274e+000 -3.0354e+000
7 0 +6.690737465e+000 +7.418073746e+001 +7.418073746e+001 -2.9993e+000 -2.8528e+000
15 0 +1.317720726e+000 +6.880772073e+001 +6.880772073e+001 -1.5147e+000 -1.7187e+000
19 0 +1.016667544e+000 +6.850666754e+001 +6.850666754e+001 -1.3940e+000 -1.6256e+000
72 0 +8.336913594e-001 +6.832369136e+001 +6.832369136e+001 -1.1834e+000 -1.5057e+000
78 0 +7.819798237e-001 +6.827197982e+001 +6.827197982e+001 -1.2043e+000 -1.5035e+000
89 0 +7.637772985e-001 +6.825377730e+001 +6.825377730e+001 -1.3738e+000 -1.5594e+000
93 0 +7.494873719e-001 +6.823948737e+001 +6.823948737e+001 -1.1924e+000 -1.4836e+000
94 0 +7.295387515e-001 +6.821953875e+001 +6.821953875e+001 -1.2608e+000 -1.4914e+000
105 0 +7.243758291e-001 +6.821437583e+001 +6.821437583e+001 -1.2855e+000 -1.4914e+000
107 0 +6.240980058e-001 +6.811409801e+001 +6.811409801e+001 -1.2479e+000 -1.4350e+000
112 0 +5.943262255e-001 +6.808432623e+001 +6.808432623e+001 -1.3635e+000 -1.4387e+000
113 0 +4.861587001e-001 +6.797615870e+001 +6.797615870e+001 -1.2855e+000 -1.4053e+000
118 0 +4.675697187e-001 +6.795756972e+001 +6.795756972e+001 -1.0959e+000 -1.3327e+000
119 0 +3.916263706e-001 +6.788162637e+001 +6.788162637e+001 -1.1369e+000 -1.3159e+000
124 0 +3.752795490e-001 +6.786527955e+001 +6.786527955e+001 -1.2158e+000 -1.3262e+000
128 0 +3.051790482e-001 +6.779517905e+001 +6.779517905e+001 -1.0881e+000 -1.2536e+000
132 0 +2.811448915e-001 +6.777114489e+001 +6.777114489e+001 -1.1268e+000 -1.2579e+000
142 0 +2.612791240e-001 +6.775127912e+001 +6.775127912e+001 -9.5354e-001 -1.1585e+000
143 0 +1.896033390e-001 +6.767960334e+001 +6.767960334e+001 -1.0922e+000 -1.1948e+000
144 0 +1.720497964e-001 +6.766204980e+001 +6.766204980e+001 -9.1893e-001 -1.0954e+000
147 0 +8.927349287e-002 +6.757927349e+001 +6.757927349e+001 -9.6666e-001 -1.0779e+000
151 0 +8.098899865e-002 +6.757098900e+001 +6.757098900e+001 -1.0092e+000 -1.0876e+000
160 0 +5.600111411e-002 +6.754600111e+001 +6.754600111e+001 -1.0202e+000 -1.0538e+000
165 0 +5.332408555e-002 +6.754332409e+001 +6.754332409e+001 -1.0156e+000 -1.0523e+000
169 0 +5.220125683e-003 +6.749522013e+001 +6.749522013e+001 -9.1714e-001 -9.4769e-001
193 0 +4.730844263e-003 +6.749473084e+001 +6.749473084e+001 -9.2256e-001 -9.4070e-001
196 0 +4.638555669e-003 +6.749463856e+001 +6.749463856e+001 -9.0974e-001 -9.4248e-001
200 0 +3.735984198e-003 +6.749373598e+001 +6.749373598e+001 -9.1496e-001 -9.3644e-001
203 0 +2.828848767e-003 +6.749282885e+001 +6.749282885e+001 -9.0829e-001 -9.3561e-001
204 0 +1.449596403e-003 +6.749144960e+001 +6.749144960e+001 -9.0127e-001 -9.2577e-001
205 0 +9.707698862e-004 +6.749097077e+001 +6.749097077e+001 -8.9368e-001 -9.2150e-001
213 0 +7.082202785e-004 +6.749070822e+001 +6.749070822e+001 -8.9115e-001 -9.1874e-001
225 0 +3.248599671e-004 +6.749032486e+001 +6.749032486e+001 -8.8735e-001 -9.1416e-001
230 0 +2.695342766e-004 +6.749026953e+001 +6.749026953e+001 -8.8422e-001 -9.1149e-001
243 0 +2.655557462e-004 +6.749026556e+001 +6.749026556e+001 -8.8418e-001 -9.1134e-001
248 0 +2.573520811e-004 +6.749025735e+001 +6.749025735e+001 -8.8415e-001 -9.1120e-001
251 0 +2.516743343e-004 +6.749025167e+001 +6.749025167e+001 -8.8408e-001 -9.1110e-001
256 0 +2.322263379e-004 +6.749023223e+001 +6.749023223e+001 -8.8406e-001 -9.1095e-001
257 0 +2.170856302e-004 +6.749021709e+001 +6.749021709e+001 -8.8394e-001 -9.1077e-001
263 0 +2.098794281e-004 +6.749020988e+001 +6.749020988e+001 -8.8402e-001 -9.1078e-001
268 0 +1.548592282e-004 +6.749015486e+001 +6.749015486e+001 -8.8414e-001 -9.1045e-001
273 0 +1.350182352e-004 +6.749013502e+001 +6.749013502e+001 -8.8419e-001 -9.1006e-001
275 0 +1.105595947e-004 +6.749011056e+001 +6.749011056e+001 -8.8439e-001 -9.0991e-001
276 0 +7.708713669e-005 +6.749007709e+001 +6.749007709e+001 -8.8438e-001 -9.0942e-001
281 0 +5.850516078e-005 +6.749005851e+001 +6.749005851e+001 -8.8436e-001 -9.0911e-001
283 0 +5.446904959e-005 +6.749005447e+001 +6.749005447e+001 -8.8415e-001 -9.0886e-001
284 0 +2.769385451e-005 +6.749002769e+001 +6.749002769e+001 -8.8443e-001 -9.0834e-001
291 0 +1.584888409e-005 +6.749001585e+001 +6.749001585e+001 -8.8410e-001 -9.0789e-001
296 0 +8.470127398e-006 +6.749000847e+001 +6.749000847e+001 -8.8432e-001 -9.0743e-001
297 0 +7.916893551e-006 +6.749000792e+001 +6.749000792e+001 -8.8428e-001 -9.0730e-001
299 0 +7.341940005e-006 +6.749000734e+001 +6.749000734e+001 -8.8423e-001 -9.0730e-001
308 0 +4.547552663e-006 +6.749000455e+001 +6.749000455e+001 -8.8399e-001 -9.0698e-001
325 0 +3.455604997e-006 +6.749000346e+001 +6.749000346e+001 -8.8379e-001 -9.0709e-001
326 0 +1.749620580e-006 +6.749000175e+001 +6.749000175e+001 -8.8366e-001 -9.0686e-001
327 0 +1.728879170e-006 +6.749000173e+001 +6.749000173e+001 -8.8366e-001 -9.0683e-001
357 0 +1.315610035e-006 +6.749000132e+001 +6.749000132e+001 -8.8360e-001 -9.0671e-001
361 0 +4.820412300e-007 +6.749000048e+001 +6.749000048e+001 -8.8343e-001 -9.0659e-001
375 0 +3.565186546e-007 +6.749000036e+001 +6.749000036e+001 -8.8340e-001 -9.0657e-001
384 0 +3.214088906e-007 +6.749000032e+001 +6.749000032e+001 -8.8338e-001 -9.0657e-001
393 0 +2.044010614e-007 +6.749000020e+001 +6.749000020e+001 -8.8335e-001 -9.0653e-001
399 0 +1.641134446e-007 +6.749000016e+001 +6.749000016e+001 -8.8332e-001 -9.0649e-001
447 0 +1.422933877e-007 +6.749000014e+001 +6.749000014e+001 -8.8332e-001 -9.0649e-001
456 0 +1.072086633e-007 +6.749000011e+001 +6.749000011e+001 -8.8331e-001 -9.0648e-001
458 0 +1.027530203e-007 +6.749000010e+001 +6.749000010e+001 -8.8330e-001 -9.0648e-001
460 0 +8.028423792e-008 +6.749000008e+001 +6.749000008e+001 -8.8328e-001 -9.0646e-001
462 0 +3.274112714e-008 +6.749000003e+001 +6.749000003e+001 -8.8325e-001 -9.0644e-001
475 0 +1.169104280e-008 +6.749000001e+001 +6.749000001e+001 -8.8323e-001 -9.0643e-001
483 0 +5.802206715e-009 +6.749000001e+001 +6.749000001e+001 -8.8321e-001 -9.0642e-001
% f evaluations | g evaluations | best noise-free fitness - Fopt (3.085000000000e+001) + sum g_i+ | measured fitness | best measured fitness or single-digit g-values | x1 | x2...
1 0 +2.162657185e+002 +2.471157185e+002 +2.471157185e+002 -3.4077e+000 -1.8935e+000
3 0 +9.968227877e+001 +1.305322788e+002 +1.305322788e+002 -6.4577e-001 +9.7242e-001
11 0 +9.588009392e+001 +1.267300939e+002 +1.267300939e+002 -7.4813e-001 -2.9729e-001
12 0 +6.525870893e+001 +9.610870893e+001 +9.610870893e+001 +5.5703e-001 +2.7049e+000
18 0 +3.664717201e+001 +6.749717201e+001 +6.749717201e+001 +8.2552e-001 -1.2243e+000
23 0 +2.262539306e+001 +5.347539306e+001 +5.347539306e+001 +1.1896e+000 -4.5473e+000
33 0 +1.272185727e+001 +4.357185727e+001 +4.357185727e+001 +1.5698e+000 -4.5473e+000
36 0 +5.656830753e+000 +3.650683075e+001 +3.650683075e+001 +2.3596e+000 -1.9781e+000
46 0 +5.611096147e+000 +3.646109615e+001 +3.646109615e+001 +2.1016e+000 -3.6650e+000
48 0 +2.655680690e+000 +3.350568069e+001 +3.350568069e+001 +2.3596e+000 -3.8764e+000
56 0 +2.626340466e+000 +3.347634047e+001 +3.347634047e+001 +2.3703e+000 -4.1162e+000
59 0 +1.505270699e+000 +3.235527070e+001 +3.235527070e+001 +2.5799e+000 -3.0207e+000
61 0 +1.214162673e+000 +3.206416267e+001 +3.206416267e+001 +2.5799e+000 -3.5821e+000
67 0 +1.089469544e+000 +3.193946954e+001 +3.193946954e+001 +2.5922e+000 -3.5861e+000
77 0 +1.015014819e+000 +3.186501482e+001 +3.186501482e+001 +2.6007e+000 -3.5647e+000
83 0 +8.824025869e-001 +3.173240259e+001 +3.173240259e+001 +2.6056e+000 -3.7382e+000
91 0 +7.187752688e-001 +3.156877527e+001 +3.156877527e+001 +2.6535e+000 -3.8656e+000
99 0 +6.549391591e-001 +3.150493916e+001 +3.150493916e+001 +2.6707e+000 -3.8656e+000
104 0 +4.162682380e-001 +3.126626824e+001 +3.126626824e+001 +2.7105e+000 -3.8061e+000
156 0 +4.051147709e-001 +3.125511477e+001 +3.125511477e+001 +2.7154e+000 -3.7229e+000
180 0 +3.971949857e-001 +3.124719499e+001 +3.124719499e+001 +2.7208e+000 -3.6770e+000
199 0 +3.889079416e-001 +3.123890794e+001 +3.123890794e+001 +2.7223e+000 -3.7620e+000
220 0 +3.764511520e-001 +3.122645115e+001 +3.122645115e+001 +2.7274e+000 -3.7705e+000
224 0 +3.695339068e-001 +3.121953391e+001 +3.121953391e+001 +2.7300e+000 -3.7856e+000
248 0 +3.546015593e-001 +3.120460156e+001 +3.120460156e+001 +2.7347e+000 -3.7934e+000
259 0 +3.405309927e-001 +3.119053099e+001 +3.119053099e+001 +2.7388e+000 -3.8090e+000
265 0 +3.337865721e-001 +3.118378657e+001 +3.118378657e+001 +2.7407e+000 -3.8162e+000
268 0 +3.263405752e-001 +3.117634058e+001 +3.117634058e+001 +2.7429e+000 -3.8252e+000
271 0 +3.089872802e-001 +3.115898728e+001 +3.115898728e+001 +2.7481e+000 -3.8448e+000
279 0 +2.912844297e-001 +3.114128443e+001 +3.114128443e+001 +2.7542e+000 -3.8682e+000
282 0 +2.795496079e-001 +3.112954961e+001 +3.112954961e+001 +2.7542e+000 -3.7934e+000
288 0 +2.728537981e-001 +3.112285380e+001 +3.112285380e+001 +2.7566e+000 -3.8055e+000
301 0 +2.655406305e-001 +3.111554063e+001 +3.111554063e+001 +2.7588e+000 -3.7982e+000
304 0 +2.620401555e-001 +3.111204016e+001 +3.111204016e+001 +2.7612e+000 -3.8320e+000
306 0 +2.553530508e-001 +3.110535305e+001 +3.110535305e+001 +2.7621e+000 -3.7881e+000
323 0 +2.510094522e-001 +3.110100945e+001 +3.110100945e+001 +2.7636e+000 -3.7365e+000
328 0 +2.413758508e-001 +3.109137585e+001 +3.109137585e+001 +2.7670e+000 -3.7739e+000
331 0 +2.326876938e-001 +3.108268769e+001 +3.108268769e+001 +2.7706e+000 -3.7982e+000
341 0 +2.232104483e-001 +3.107321045e+001 +3.107321045e+001 +2.7740e+000 -3.8028e+000
348 0 +2.180242362e-001 +3.106802424e+001 +3.106802424e+001 +2.7760e+000 -3.8129e+000
356 0 +1.980315174e-001 +3.104803152e+001 +3.104803152e+001 +2.7848e+000 -3.8564e+000
357 0 +1.939285482e-001 +3.104392855e+001 +3.104392855e+001 +2.7877e+000 -3.8737e+000
367 0 +1.865062029e-001 +3.103650620e+001 +3.103650620e+001 +2.7910e+000 -3.8830e+000
370 0 +1.843926153e-001 +3.103439262e+001 +3.103439262e+001 +2.7952e+000 -3.9105e+000
378 0 +1.629142539e-001 +3.101291425e+001 +3.101291425e+001 +2.7952e+000 -3.8382e+000
393 0 +1.548834205e-001 +3.100488342e+001 +3.100488342e+001 +2.7999e+000 -3.8418e+000
397 0 +1.505273134e-001 +3.100052731e+001 +3.100052731e+001 +2.7994e+000 -3.7568e+000
401 0 +1.475810589e-001 +3.099758106e+001 +3.099758106e+001 +2.8027e+000 -3.7892e+000
404 0 +1.341275644e-001 +3.098412756e+001 +3.098412756e+001 +2.8114e+000 -3.7990e+000
417 0 +1.308860990e-001 +3.098088610e+001 +3.098088610e+001 +2.8188e+000 -3.8642e+000
425 0 +1.116548425e-001 +3.096165484e+001 +3.096165484e+001 +2.8238e+000 -3.8543e+000
428 0 +9.351450726e-002 +3.094351451e+001 +3.094351451e+001 +2.8277e+000 -3.8391e+000
429 0 +8.632635492e-002 +3.093632635e+001 +3.093632635e+001 +2.8309e+000 -3.8380e+000
436 0 +7.801164942e-002 +3.092801165e+001 +3.092801165e+001 +2.8391e+000 -3.8017e+000
444 0 +5.264901304e-002 +3.090264901e+001 +3.090264901e+001 +2.8495e+000 -3.7923e+000
448 0 +5.101761843e-002 +3.090101762e+001 +3.090101762e+001 +2.8495e+000 -3.7842e+000
449 0 +3.155290736e-002 +3.088155291e+001 +3.088155291e+001 +2.8676e+000 -3.7879e+000
452 0 +1.347019772e-002 +3.086347020e+001 +3.086347020e+001 +2.8838e+000 -3.7611e+000
453 0 +7.738675705e-003 +3.085773868e+001 +3.085773868e+001 +2.8905e+000 -3.7107e+000
454 0 +7.264504643e-003 +3.085726450e+001 +3.085726450e+001 +2.8905e+000 -3.7320e+000
457 0 +7.186376347e-003 +3.085718638e+001 +3.085718638e+001 +2.8905e+000 -3.7242e+000
462 0 +2.235423850e-003 +3.085223542e+001 +3.085223542e+001 +2.9000e+000 -3.7214e+000
498 0 +4.699087534e-004 +3.085046991e+001 +3.085046991e+001 +2.9071e+000 -3.7131e+000
500 0 +2.723114442e-004 +3.085027231e+001 +3.085027231e+001 +2.9071e+000 -3.7238e+000
501 0 +1.444153618e-004 +3.085014442e+001 +3.085014442e+001 +2.9084e+000 -3.7173e+000
512 0 +1.110231940e-004 +3.085011102e+001 +3.085011102e+001 +2.9084e+000 -3.7200e+000
516 0 +2.999662271e-005 +3.085003000e+001 +3.085003000e+001 +2.9094e+000 -3.7208e+000
543 0 +2.936419125e-005 +3.085002936e+001 +3.085002936e+001 +2.9095e+000 -3.7208e+000
548 0 +2.880041492e-005 +3.085002880e+001 +3.085002880e+001 +2.9095e+000 -3.7207e+000
551 0 +1.420346880e-005 +3.085001420e+001 +3.085001420e+001 +2.9098e+000 -3.7214e+000
562 0 +8.629629512e-006 +3.085000863e+001 +3.085000863e+001 +2.9100e+000 -3.7201e+000
572 0 +5.560023698e-006 +3.085000556e+001 +3.085000556e+001 +2.9102e+000 -3.7199e+000
582 0 +2.069733991e-006 +3.085000207e+001 +3.085000207e+001 +2.9102e+000 -3.7207e+000
596 0 +1.904012393e-006 +3.085000190e+001 +3.085000190e+001 +2.9102e+000 -3.7208e+000
600 0 +1.716234486e-006 +3.085000172e+001 +3.085000172e+001 +2.9102e+000 -3.7211e+000
609 0 +9.897280826e-007 +3.085000099e+001 +3.085000099e+001 +2.9103e+000 -3.7207e+000
610 0 +9.181418612e-007 +3.085000092e+001 +3.085000092e+001 +2.9103e+000 -3.7204e+000
611 0 +8.880688185e-007 +3.085000089e+001 +3.085000089e+001 +2.9103e+000 -3.7207e+000
614 0 +6.590141410e-008 +3.085000007e+001 +3.085000007e+001 +2.9104e+000 -3.7208e+000
621 0 +5.818951010e-008 +3.085000006e+001 +3.085000006e+001 +2.9104e+000 -3.7208e+000
630 0 +3.072239707e-008 +3.085000003e+001 +3.085000003e+001 +2.9104e+000 -3.7208e+000
648 0 +2.854369541e-008 +3.085000003e+001 +3.085000003e+001 +2.9104e+000 -3.7208e+000
658 0 +2.660603471e-008 +3.085000003e+001 +3.085000003e+001 +2.9104e+000 -3.7208e+000
664 0 +1.843627473e-009 +3.085000000e+001 +3.085000000e+001 +2.9104e+000 -3.7208e+000
% f evaluations | g evaluations | best noise-free fitness - Fopt (-1.255000000000e+001) + sum g_i+ | measured fitness | best measured fitness or single-digit g-values | x1 | x2...
1 0 +2.094737348e+003 +2.082187348e+003 +2.082187348e+003 +3.2320e+000 -1.9678e+000
2 0 +3.413566840e+001 +2.158566840e+001 +2.158566840e+001 +2.4769e+000 -2.6882e+000
9 0 +2.496638047e+001 +1.241638047e+001 +1.241638047e+001 +2.4852e+000 -1.8407e+000
14 0 +1.209737817e+001 -4.526218335e-001 -4.526218335e-001 +2.4852e+000 +8.0042e-001
32 0 +2.464786982e+000 -1.008521302e+001 -1.008521302e+001 +2.8661e+000 +2.4869e+000
38 0 +2.225506847e+000 -1.032449315e+001 -1.032449315e+001 +2.8661e+000 +2.9310e+000
59 0 +2.183168143e+000 -1.036683186e+001 -1.036683186e+001 +2.8693e+000 +3.0069e+000
62 0 +1.376126319e+000 -1.117387368e+001 -1.117387368e+001 +2.9699e+000 +2.9325e+000
93 0 +1.080347402e+000 -1.146965260e+001 -1.146965260e+001 +3.0354e+000 +3.0299e+000
109 0 +1.046039252e+000 -1.150396075e+001 -1.150396075e+001 +3.0354e+000 +2.9564e+000
113 0 +7.561911921e-001 -1.179380881e+001 -1.179380881e+001 +3.0810e+000 +3.0024e+000
117 0 +7.198388798e-001 -1.183016112e+001 -1.183016112e+001 +3.1054e+000 +2.9377e+000
123 0 +6.924171285e-001 -1.185758287e+001 -1.185758287e+001 +3.1180e+000 +2.9492e+000
126 0 +5.693801345e-001 -1.198061987e+001 -1.198061987e+001 +3.1389e+000 +2.9190e+000
150 0 +5.549278457e-001 -1.199507215e+001 -1.199507215e+001 +3.1411e+000 +2.9184e+000
174 0 +5.354421726e-001 -1.201455783e+001 -1.201455783e+001 +3.1450e+000 +2.9176e+000
198 0 +5.241266567e-001 -1.202587334e+001 -1.202587334e+001 +3.1455e+000 +2.9106e+000
207 0 +5.094129724e-001 -1.204058703e+001 -1.204058703e+001 +3.1477e+000 +2.9057e+000
222 0 +5.007760806e-001 -1.204922392e+001 -1.204922392e+001 +3.1494e+000 +2.9077e+000
247 0 +4.869840527e-001 -1.206301595e+001 -1.206301595e+001 +3.1521e+000 +2.9058e+000
292 0 +4.773334450e-001 -1.207266655e+001 -1.207266655e+001 +3.1532e+000 +2.8988e+000
313 0 +4.674850373e-001 -1.208251496e+001 -1.208251496e+001 +3.1549e+000 +2.8936e+000
330 0 +4.567613337e-001 -1.209323867e+001 -1.209323867e+001 +3.1572e+000 +2.8916e+000
347 0 +4.455691761e-001 -1.210443082e+001 -1.210443082e+001 +3.1601e+000 +2.8913e+000
781 0 +4.365146661e-001 -1.211348533e+001 -1.211348533e+001 +3.1623e+000 +2.8860e+000
925 0 +4.265290444e-001 -1.212347096e+001 -1.212347096e+001 +3.1653e+000 +2.8818e+000
978 0 +4.161777624e-001 -1.213382224e+001 -1.213382224e+001 +3.1663e+000 +2.8427e+000
997 0 +4.070404927e-001 -1.214295951e+001 -1.214295951e+001 +3.1673e+000 +2.7558e+000
1060 0 +3.978355814e-001 -1.215216442e+001 -1.215216442e+001 +3.1717e+000 +2.7379e+000
1091 0 +3.876543730e-001 -1.216234563e+001 -1.216234563e+001 +3.1778e+000 +2.6754e+000
1096 0 +3.795913318e-001 -1.217040867e+001 -1.217040867e+001 +3.1806e+000 +2.6967e+000
1097 0 +3.696547923e-001 -1.218034521e+001 -1.218034521e+001 +3.1842e+000 +2.7432e+000
1099 0 +3.534452296e-001 -1.219655477e+001 -1.219655477e+001 +3.1898e+000 +2.6853e+000
1102 0 +3.461262077e-001 -1.220387379e+001 -1.220387379e+001 +3.1962e+000 +2.6000e+000
1111 0 +3.029924070e-001 -1.224700759e+001 -1.224700759e+001 +3.2192e+000 +2.4895e+000
1117 0 +2.639945695e-001 -1.228600543e+001 -1.228600543e+001 +3.2400e+000 +2.4325e+000
1122 0 +2.235853585e-001 -1.232641464e+001 -1.232641464e+001 +3.2400e+000 +2.5252e+000
1123 0 +1.792944159e-001 -1.237070558e+001 -1.237070558e+001 +3.2600e+000 +2.4773e+000
1126 0 +1.540738228e-001 -1.239592618e+001 -1.239592618e+001 +3.2680e+000 +2.4946e+000
1138 0 +1.443634947e-001 -1.240563651e+001 -1.240563651e+001 +3.3040e+000 +2.3706e+000
1139 0 +1.410692965e-001 -1.240893070e+001 -1.240893070e+001 +3.2803e+000 +2.4824e+000
1140 0 +1.259419457e-001 -1.242405805e+001 -1.242405805e+001 +3.2949e+000 +2.4399e+000
1143 0 +8.203052837e-002 -1.246796947e+001 -1.246796947e+001 +3.3177e+000 +2.4161e+000
1145 0 +1.482899045e-002 -1.253517101e+001 -1.253517101e+001 +3.3454e+000 +2.5418e+000
1153 0 +1.368534583e-002 -1.253631465e+001 -1.253631465e+001 +3.3454e+000 +2.5768e+000
1157 0 +5.258896704e-003 -1.254474110e+001 -1.254474110e+001 +3.3569e+000 +2.5588e+000
1159 0 +1.105582483e-003 -1.254889442e+001 -1.254889442e+001 +3.3696e+000 +2.5341e+000
1191 0 +8.321119669e-004 -1.254916789e+001 -1.254916789e+001 +3.3711e+000 +2.5333e+000
1193 0 +7.838870306e-004 -1.254921611e+001 -1.254921611e+001 +3.3711e+000 +2.5341e+000
1203 0 +4.101353906e-004 -1.254958986e+001 -1.254958986e+001 +3.3717e+000 +2.5431e+000
1206 0 +5.867692702e-005 -1.254994132e+001 -1.254994132e+001 +3.3745e+000 +2.5403e+000
1222 0 +2.999783577e-005 -1.254997000e+001 -1.254997000e+001 +3.3750e+000 +2.5415e+000
1228 0 +8.153622597e-006 -1.254999185e+001 -1.254999185e+001 +3.3755e+000 +2.5404e+000
1258 0 +2.473576128e-006 -1.254999753e+001 -1.254999753e+001 +3.3757e+000 +2.5402e+000
1260 0 +1.765381661e-006 -1.254999823e+001 -1.254999823e+001 +3.3758e+000 +2.5402e+000
1284 0 +1.730445952e-006 -1.254999827e+001 -1.254999827e+001 +3.3758e+000 +2.5399e+000
1295 0 +1.418125331e-006 -1.254999858e+001 -1.254999858e+001 +3.3758e+000 +2.5401e+000
1303 0 +1.359350199e-006 -1.254999864e+001 -1.254999864e+001 +3.3759e+000 +2.5398e+000
1306 0 +1.269198881e-006 -1.254999873e+001 -1.254999873e+001 +3.3758e+000 +2.5399e+000
1313 0 +1.136302517e-006 -1.254999886e+001 -1.254999886e+001 +3.3758e+000 +2.5399e+000
1316 0 +9.288921987e-007 -1.254999907e+001 -1.254999907e+001 +3.3759e+000 +2.5399e+000
1325 0 +9.014507008e-007 -1.254999910e+001 -1.254999910e+001 +3.3759e+000 +2.5400e+000
1335 0 +8.555272561e-007 -1.254999914e+001 -1.254999914e+001 +3.3759e+000 +2.5399e+000
1339 0 +7.862911673e-007 -1.254999921e+001 -1.254999921e+001 +3.3759e+000 +2.5400e+000
1340 0 +5.979371327e-007 -1.254999940e+001 -1.254999940e+001 +3.3759e+000 +2.5400e+000
1353 0 +5.038014717e-007 -1.254999950e+001 -1.254999950e+001 +3.3759e+000 +2.5400e+000
1358 0 +4.484250251e-007 -1.254999955e+001 -1.254999955e+001 +3.3759e+000 +2.5401e+000
1367 0 +4.319885800e-007 -1.254999957e+001 -1.254999957e+001 +3.3759e+000 +2.5401e+000
1372 0 +3.512324920e-007 -1.254999965e+001 -1.254999965e+001 +3.3759e+000 +2.5401e+000
1374 0 +2.504060230e-007 -1.254999975e+001 -1.254999975e+001 +3.3759e+000 +2.5400e+000
1376 0 +2.011613169e-007 -1.254999980e+001 -1.254999980e+001 +3.3759e+000 +2.5401e+000
1378 0 +1.816609814e-007 -1.254999982e+001 -1.254999982e+001 +3.3759e+000 +2.5400e+000
1379 0 +1.013024651e-007 -1.254999990e+001 -1.254999990e+001 +3.3760e+000 +2.5400e+000
1391 0 +7.474936048e-008 -1.254999993e+001 -1.254999993e+001 +3.3760e+000 +2.5400e+000
1396 0 +5.762614919e-008 -1.254999994e+001 -1.254999994e+001 +3.3760e+000 +2.5400e+000
1398 0 +5.579299689e-008 -1.254999994e+001 -1.254999994e+001 +3.3760e+000 +2.5400e+000
1403 0 +2.518343756e-008 -1.254999997e+001 -1.254999997e+001 +3.3760e+000 +2.5400e+000
1411 0 +1.908862046e-008 -1.254999998e+001 -1.254999998e+001 +3.3760e+000 +2.5400e+000
1415 0 +8.254520623e-009 -1.254999999e+001 -1.254999999e+001 +3.3760e+000 +2.5400e+000
% f evaluations | g evaluations | best noise-free fitness - Fopt (5.383900000000e+002) + sum g_i+ | measured fitness | best measured fitness or single-digit g-values | x1 | x2...
1 0 +3.835592923e+002 +9.219492923e+002 +9.219492923e+002 -7.9962e-001 -4.2189e-001
7 0 +7.261226647e+001 +6.110022665e+002 +6.110022665e+002 -4.2845e+000 -2.5078e+000
8 0 +3.256071366e+001 +5.709507137e+002 +5.709507137e+002 -1.3978e+000 -4.8967e-001
29 0 +1.868127482e+001 +5.570712748e+002 +5.570712748e+002 -3.7153e-003 +5.0799e-001
46 0 +1.859680028e+001 +5.569868003e+002 +5.569868003e+002 +8.6954e-001 +8.6148e-001
48 0 +1.319673170e+001 +5.515867317e+002 +5.515867317e+002 +5.5568e-001 +6.4601e-001
60 0 +1.014979146e+001 +5.485397915e+002 +5.485397915e+002 +1.0068e+000 +1.1710e+000
65 0 +8.326252499e+000 +5.467162525e+002 +5.467162525e+002 +1.1277e+000 +1.1843e+000
68 0 +3.736297399e+000 +5.421262974e+002 +5.421262974e+002 +2.3231e+000 +2.3705e+000
71 0 +3.221431201e+000 +5.416114312e+002 +5.416114312e+002 +3.3778e+000 +3.4814e+000
74 0 +2.595612497e+000 +5.409856125e+002 +5.409856125e+002 +3.2905e+000 +3.3058e+000
78 0 +1.073798002e+000 +5.394637980e+002 +5.394637980e+002 +2.9479e+000 +2.6182e+000
93 0 +1.035515033e+000 +5.394255150e+002 +5.394255150e+002 +3.5036e+000 +3.1902e+000
94 0 +9.886080659e-001 +5.393786081e+002 +5.393786081e+002 +3.5468e+000 +3.2176e+000
97 0 +5.436006533e-001 +5.389336007e+002 +5.389336007e+002 +3.4672e+000 +3.0306e+000
106 0 +2.341901345e-001 +5.386241901e+002 +5.386241901e+002 +3.3610e+000 +2.8205e+000
133 0 +2.613723438e-002 +5.384161372e+002 +5.384161372e+002 +3.3893e+000 +2.7071e+000
140 0 +1.626627432e-002 +5.384062663e+002 +5.384062663e+002 +3.4032e+000 +2.7067e+000
155 0 +7.154079874e-003 +5.383971541e+002 +5.383971541e+002 +3.4072e+000 +2.6890e+000
168 0 +4.570561208e-003 +5.383945706e+002 +5.383945706e+002 +3.4119e+000 +2.6847e+000
186 0 +4.406958794e-003 +5.383944070e+002 +5.383944070e+002 +3.4125e+000 +2.6838e+000
190 0 +2.919412784e-003 +5.383929194e+002 +5.383929194e+002 +3.4273e+000 +2.7048e+000
191 0 +1.521261313e-003 +5.383915213e+002 +5.383915213e+002 +3.4414e+000 +2.7145e+000
204 0 +2.764225084e-004 +5.383902764e+002 +5.383902764e+002 +3.4414e+000 +2.7069e+000
225 0 +2.747889417e-004 +5.383902748e+002 +5.383902748e+002 +3.4384e+000 +2.7023e+000
226 0 +2.678973884e-004 +5.383902679e+002 +5.383902679e+002 +3.4393e+000 +2.7034e+000
232 0 +2.206813743e-004 +5.383902207e+002 +5.383902207e+002 +3.4408e+000 +2.7050e+000
235 0 +1.805584806e-004 +5.383901806e+002 +5.383901806e+002 +3.4423e+000 +2.7067e+000
238 0 +1.535506551e-004 +5.383901536e+002 +5.383901536e+002 +3.4415e+000 +2.7054e+000
243 0 +1.406971325e-004 +5.383901407e+002 +5.383901407e+002 +3.4410e+000 +2.7041e+000
245 0 +8.107195367e-005 +5.383900811e+002 +5.383900811e+002 +3.4433e+000 +2.7063e+000
249 0 +5.441753308e-005 +5.383900544e+002 +5.383900544e+002 +3.4428e+000 +2.7048e+000
250 0 +1.587302995e-005 +5.383900159e+002 +5.383900159e+002 +3.4444e+000 +2.7060e+000
251 0 +4.507774747e-006 +5.383900045e+002 +5.383900045e+002 +3.4450e+000 +2.7063e+000
274 0 +2.278752618e-006 +5.383900023e+002 +5.383900023e+002 +3.4453e+000 +2.7064e+000
279 0 +9.335408322e-007 +5.383900009e+002 +5.383900009e+002 +3.4454e+000 +2.7063e+000
309 0 +5.999651194e-007 +5.383900006e+002 +5.383900006e+002 +3.4455e+000 +2.7065e+000
312 0 +5.062830724e-007 +5.383900005e+002 +5.383900005e+002 +3.4455e+000 +2.7065e+000
326 0 +3.818640835e-007 +5.383900004e+002 +5.383900004e+002 +3.4456e+000 +2.7065e+000
327 0 +2.938679700e-007 +5.383900003e+002 +5.383900003e+002 +3.4456e+000 +2.7065e+000
331 0 +2.588867574e-007 +5.383900003e+002 +5.383900003e+002 +3.4456e+000 +2.7065e+000
336 0 +1.665405307e-007 +5.383900002e+002 +5.383900002e+002 +3.4456e+000 +2.7065e+000
341 0 +6.480331649e-008 +5.383900001e+002 +5.383900001e+002 +3.4456e+000 +2.7064e+000
344 0 +4.849141533e-008 +5.383900000e+002 +5.383900000e+002 +3.4456e+000 +2.7064e+000
361 0 +3.969023510e-008 +5.383900000e+002 +5.383900000e+002 +3.4455e+000 +2.7064e+000
362 0 +1.953048923e-008 +5.383900000e+002 +5.383900000e+002 +3.4456e+000 +2.7064e+000
365 0 +1.825731033e-008 +5.383900000e+002 +5.383900000e+002 +3.4456e+000 +2.7064e+000
373 0 +1.066973709e-008 +5.383900000e+002 +5.383900000e+002 +3.4456e+000 +2.7064e+000
379 0 +7.788798939e-009 +5.383900000e+002 +5.383900000e+002 +3.4456e+000 +2.7064e+000
% f evaluations | g evaluations | best noise-free fitness - Fopt (-1.055600000000e+002) + sum g_i+ | measured fitness | best measured fitness or single-digit g-values | x1 | x2...
1 0 +6.238470851e+004 +6.227914851e+004 +6.227914851e+004 +1.7463e+000 -1.0646e+000
2 0 +1.740956697e+004 +1.730400697e+004 +1.730400697e+004 -2.3201e+000 -3.2611e+000
3 0 +8.447449640e+000 -9.711255036e+001 -9.711255036e+001 +7.1096e-001 -4.9295e+000
15 0 +5.830848954e+000 -9.972915105e+001 -9.972915105e+001 +6.4589e-001 -4.1493e+000
29 0 +1.959656850e+000 -1.036003432e+002 -1.036003432e+002 +1.2090e+000 -4.4910e+000
32 0 +7.285414701e-001 -1.048314585e+002 -1.048314585e+002 +1.2940e+000 -4.1950e+000
37 0 +4.488427594e-001 -1.051111572e+002 -1.051111572e+002 +1.3312e+000 -4.1268e+000
53 0 +3.425966303e-001 -1.052174034e+002 -1.052174034e+002 +1.3312e+000 -4.0424e+000
59 0 +2.727821857e-001 -1.052872178e+002 -1.052872178e+002 +1.3312e+000 -4.0004e+000
61 0 +1.573728825e-001 -1.054026271e+002 -1.054026271e+002 +1.3312e+000 -3.9109e+000
67 0 +1.331143595e-001 -1.054268856e+002 -1.054268856e+002 +1.3539e+000 -3.9112e+000
68 0 +7.706929784e-002 -1.054829307e+002 -1.054829307e+002 +1.4309e+000 -3.9109e+000
77 0 +6.257173123e-002 -1.054974283e+002 -1.054974283e+002 +1.3705e+000 -3.8585e+000
84 0 +4.470853307e-002 -1.055152915e+002 -1.055152915e+002 +1.3783e+000 -3.8492e+000
102 0 +4.102586828e-002 -1.055189741e+002 -1.055189741e+002 +1.3294e+000 -3.7565e+000
103 0 +1.752451041e-002 -1.055424755e+002 -1.055424755e+002 +1.3543e+000 -3.7600e+000
111 0 +1.525060502e-002 -1.055447494e+002 -1.055447494e+002 +1.3511e+000 -3.7482e+000
115 0 +1.388928333e-002 -1.055461107e+002 -1.055461107e+002 +1.3584e+000 -3.7561e+000
116 0 +8.372269459e-003 -1.055516277e+002 -1.055516277e+002 +1.3751e+000 -3.7557e+000
129 0 +1.327514584e-003 -1.055586725e+002 -1.055586725e+002 +1.3632e+000 -3.7140e+000
139 0 +6.801379769e-004 -1.055593199e+002 -1.055593199e+002 +1.3591e+000 -3.7032e+000
169 0 +5.367743688e-004 -1.055594632e+002 -1.055594632e+002 +1.3620e+000 -3.7058e+000
171 0 +1.064073536e-004 -1.055598936e+002 -1.055598936e+002 +1.3613e+000 -3.6978e+000
195 0 +8.394962607e-005 -1.055599161e+002 -1.055599161e+002 +1.3587e+000 -3.6935e+000
201 0 +4.725849951e-005 -1.055599527e+002 -1.055599527e+002 +1.3590e+000 -3.6928e+000
206 0 +2.133123338e-005 -1.055599787e+002 -1.055599787e+002 +1.3596e+000 -3.6931e+000
210 0 +7.586890121e-006 -1.055599924e+002 -1.055599924e+002 +1.3599e+000 -3.6928e+000
217 0 +5.683812972e-006 -1.055599943e+002 -1.055599943e+002 +1.3599e+000 -3.6928e+000
226 0 +1.813772514e-006 -1.055599982e+002 -1.055599982e+002 +1.3599e+000 -3.6921e+000
237 0 +1.349853179e-006 -1.055599987e+002 -1.055599987e+002 +1.3599e+000 -3.6921e+000
239 0 +4.319638123e-007 -1.055599996e+002 -1.055599996e+002 +1.3600e+000 -3.6921e+000
240 0 +2.675072608e-008 -1.055600000e+002 -1.055600000e+002 +1.3600e+000 -3.6921e+000
246 0 +5.915268275e-009 -1.055600000e+002 -1.055600000e+002 +1.3600e+000 -3.6920e+000
% f evaluations | g evaluations | best noise-free fitness - Fopt (9.803000000000e+001) + sum g_i+ | measured fitness | best measured fitness or single-digit g-values | x1 | x2...
1 0 +1.308349279e+004 +1.318152279e+004 +1.318152279e+004 -1.8777e+000 +2.5348e+000
3 0 +2.143066987e+001 +1.194606699e+002 +1.194606699e+002 -4.5080e+000 -3.0759e+000
11 0 +1.514514414e+001 +1.131751441e+002 +1.131751441e+002 -4.5080e+000 -4.0356e+000
19 0 +1.048669382e+001 +1.085166938e+002 +1.085166938e+002 -3.6592e+000 -3.2637e+000
36 0 +8.141253195e+000 +1.061712532e+002 +1.061712532e+002 -3.4533e+000 -3.2637e+000
38 0 +7.011922680e+000 +1.050419227e+002 +1.050419227e+002 -3.2009e+000 -3.3497e+000
54 0 +6.841467049e+000 +1.048714670e+002 +1.048714670e+002 -3.2009e+000 -3.1425e+000
57 0 +6.496938213e+000 +1.045269382e+002 +1.045269382e+002 -3.0619e+000 -3.0925e+000
61 0 +6.391350303e+000 +1.044213503e+002 +1.044213503e+002 -3.0443e+000 -2.8717e+000
64 0 +6.256321667e+000 +1.042863217e+002 +1.042863217e+002 -3.0152e+000 -2.9372e+000
66 0 +5.924269007e+000 +1.039542690e+002 +1.039542690e+002 -2.9178e+000 -3.0392e+000
78 0 +5.839514778e+000 +1.038695148e+002 +1.038695148e+002 -2.9182e+000 -2.9889e+000
80 0 +5.397105046e+000 +1.034271050e+002 +1.034271050e+002 -2.8352e+000 -2.9656e+000
85 0 +5.274746104e+000 +1.033047461e+002 +1.033047461e+002 -2.8337e+000 -2.9020e+000
93 0 +5.195023602e+000 +1.032250236e+002 +1.032250236e+002 -2.8319e+000 -2.8379e+000
98 0 +4.877803403e+000 +1.029078034e+002 +1.029078034e+002 -2.7840e+000 -2.7232e+000
99 0 +4.732129426e+000 +1.027621294e+002 +1.027621294e+002 -2.7573e+000 -2.6752e+000
100 0 +4.558349048e+000 +1.025883490e+002 +1.025883490e+002 -2.7262e+000 -2.6770e+000
104 0 +4.133212574e+000 +1.021632126e+002 +1.021632126e+002 -2.6282e+000 -2.5640e+000
109 0 +3.969585714e+000 +1.019995857e+002 +1.019995857e+002 -2.5889e+000 -2.5719e+000
124 0 +3.825795238e+000 +1.018557952e+002 +1.018557952e+002 -2.5490e+000 -2.4999e+000
146 0 +3.791035381e+000 +1.018210354e+002 +1.018210354e+002 -2.5370e+000 -2.4682e+000
182 0 +3.707152871e+000 +1.017371529e+002 +1.017371529e+002 -2.5128e+000 -2.4304e+000
206 0 +3.627486119e+000 +1.016574861e+002 +1.016574861e+002 -2.4913e+000 -2.4024e+000
210 0 +3.536274594e+000 +1.015662746e+002 +1.015662746e+002 -2.4775e+000 -2.4258e+000
220 0 +3.437836143e+000 +1.014678361e+002 +1.014678361e+002 -2.4512e+000 -2.3821e+000
228 0 +3.378005882e+000 +1.014080059e+002 +1.014080059e+002 -2.4368e+000 -2.3650e+000
264 0 +3.305515620e+000 +1.013355156e+002 +1.013355156e+002 -2.4173e+000 -2.3351e+000
267 0 +3.224272087e+000 +1.012542721e+002 +1.012542721e+002 -2.3981e+000 -2.3146e+000
277 0 +3.146785842e+000 +1.011767858e+002 +1.011767858e+002 -2.3754e+000 -2.2788e+000
283 0 +3.081011462e+000 +1.011110115e+002 +1.011110115e+002 -2.3777e+000 -2.3431e+000
304 0 +3.015476682e+000 +1.010454767e+002 +1.010454767e+002 -2.3649e+000 -2.3448e+000
330 0 +2.878873630e+000 +1.009088736e+002 +1.009088736e+002 -2.3269e+000 -2.2924e+000
343 0 +2.801005197e+000 +1.008310052e+002 +1.008310052e+002 -2.3135e+000 -2.3276e+000
353 0 +2.738006317e+000 +1.007680063e+002 +1.007680063e+002 -2.2970e+000 -2.3465e+000
366 0 +2.680985816e+000 +1.007109858e+002 +1.007109858e+002 -2.2777e+000 -2.3618e+000
384 0 +2.622853370e+000 +1.006528534e+002 +1.006528534e+002 -2.2527e+000 -2.2844e+000
395 0 +2.567687764e+000 +1.005976878e+002 +1.005976878e+002 -2.2264e+000 -2.2514e+000
419 0 +2.503096914e+000 +1.005330969e+002 +1.005330969e+002 -2.1978e+000 -2.2510e+000
426 0 +2.422221926e+000 +1.004522219e+002 +1.004522219e+002 -2.1618e+000 -2.2305e+000
443 0 +2.391324552e+000 +1.004213246e+002 +1.004213246e+002 -2.1357e+000 -2.3429e+000
446 0 +2.309575238e+000 +1.003395752e+002 +1.003395752e+002 -2.1173e+000 -2.2914e+000
452 0 +2.278663143e+000 +1.003086631e+002 +1.003086631e+002 -2.1133e+000 -2.2543e+000
462 0 +2.175315802e+000 +1.002053158e+002 +1.002053158e+002 -2.0877e+000 -2.2295e+000
465 0 +2.132711025e+000 +1.001627110e+002 +1.001627110e+002 -2.0777e+000 -2.2265e+000
469 0 +1.907652204e+000 +9.993765220e+001 +9.993765220e+001 -2.0322e+000 -2.1288e+000
472 0 +1.767238702e+000 +9.979723870e+001 +9.979723870e+001 -2.0013e+000 -2.0815e+000
478 0 +1.451674852e+000 +9.948167485e+001 +9.948167485e+001 -1.8455e+000 -1.8097e+000
480 0 +1.122312104e+000 +9.915231210e+001 +9.915231210e+001 -1.6863e+000 -1.7451e+000
487 0 +9.712711018e-001 +9.900127110e+001 +9.900127110e+001 -1.6498e+000 -1.7167e+000
491 0 +4.140105574e-001 +9.844401056e+001 +9.844401056e+001 -1.3881e+000 -1.5658e+000
494 0 +2.156673065e-001 +9.824566731e+001 +9.824566731e+001 -1.2555e+000 -1.5127e+000
499 0 +2.038441664e-001 +9.823384417e+001 +9.823384417e+001 -1.2455e+000 -1.5026e+000
500 0 +1.534115568e-001 +9.818341156e+001 +9.818341156e+001 -1.1764e+000 -1.4236e+000
512 0 +8.742555903e-002 +9.811742556e+001 +9.811742556e+001 -1.0913e+000 -1.3568e+000
517 0 +6.036713471e-002 +9.809036713e+001 +9.809036713e+001 -1.0612e+000 -1.3535e+000
521 0 +3.802166585e-002 +9.806802167e+001 +9.806802167e+001 -1.0628e+000 -1.4049e+000
524 0 +2.474464302e-002 +9.805474464e+001 +9.805474464e+001 -1.0433e+000 -1.4033e+000
544 0 +2.116357016e-002 +9.805116357e+001 +9.805116357e+001 -1.0330e+000 -1.3918e+000
550 0 +1.734905646e-002 +9.804734906e+001 +9.804734906e+001 -1.0241e+000 -1.3803e+000
560 0 +1.334842544e-002 +9.804334843e+001 +9.804334843e+001 -1.0095e+000 -1.3611e+000
568 0 +9.899367312e-003 +9.803989937e+001 +9.803989937e+001 -9.8783e-001 -1.3328e+000
574 0 +8.827367337e-003 +9.803882737e+001 +9.803882737e+001 -9.7710e-001 -1.3229e+000
594 0 +2.506501829e-003 +9.803250650e+001 +9.803250650e+001 -9.5971e-001 -1.3212e+000
612 0 +1.615326973e-003 +9.803161533e+001 +9.803161533e+001 -9.6048e-001 -1.3266e+000
615 0 +1.147757578e-003 +9.803114776e+001 +9.803114776e+001 -9.5885e-001 -1.3277e+000
622 0 +1.092150503e-003 +9.803109215e+001 +9.803109215e+001 -9.5988e-001 -1.3300e+000
625 0 +9.577831586e-004 +9.803095778e+001 +9.803095778e+001 -9.5989e-001 -1.3351e+000
626 0 +7.365974369e-004 +9.803073660e+001 +9.803073660e+001 -9.5730e-001 -1.3337e+000
638 0 +6.390025102e-004 +9.803063900e+001 +9.803063900e+001 -9.5645e-001 -1.3291e+000
645 0 +6.057286655e-004 +9.803060573e+001 +9.803060573e+001 -9.5662e-001 -1.3302e+000
646 0 +5.129804235e-004 +9.803051298e+001 +9.803051298e+001 -9.5534e-001 -1.3312e+000
648 0 +5.101337732e-004 +9.803051013e+001 +9.803051013e+001 -9.5534e-001 -1.3303e+000
654 0 +4.777004568e-004 +9.803047770e+001 +9.803047770e+001 -9.5420e-001 -1.3307e+000
662 0 +4.604716431e-004 +9.803046047e+001 +9.803046047e+001 -9.5400e-001 -1.3305e+000
677 0 +4.152824781e-004 +9.803041528e+001 +9.803041528e+001 -9.5366e-001 -1.3300e+000
683 0 +3.945724851e-004 +9.803039457e+001 +9.803039457e+001 -9.5366e-001 -1.3290e+000
684 0 +3.206756483e-004 +9.803032068e+001 +9.803032068e+001 -9.5289e-001 -1.3294e+000
685 0 +2.808604887e-004 +9.803028086e+001 +9.803028086e+001 -9.5216e-001 -1.3292e+000
703 0 +2.682582012e-004 +9.803026826e+001 +9.803026826e+001 -9.5149e-001 -1.3284e+000
715 0 +2.537029853e-004 +9.803025370e+001 +9.803025370e+001 -9.5115e-001 -1.3280e+000
718 0 +1.748719757e-004 +9.803017487e+001 +9.803017487e+001 -9.5029e-001 -1.3271e+000
720 0 +1.500197584e-004 +9.803015002e+001 +9.803015002e+001 -9.4981e-001 -1.3266e+000
722 0 +1.467318982e-004 +9.803014673e+001 +9.803014673e+001 -9.4968e-001 -1.3264e+000
728 0 +7.029357120e-005 +9.803007029e+001 +9.803007029e+001 -9.4778e-001 -1.3244e+000
736 0 +6.133453664e-005 +9.803006133e+001 +9.803006133e+001 -9.4753e-001 -1.3242e+000
743 0 +4.279279916e-005 +9.803004279e+001 +9.803004279e+001 -9.4678e-001 -1.3235e+000
751 0 +3.199657532e-005 +9.803003200e+001 +9.803003200e+001 -9.4648e-001 -1.3232e+000
754 0 +2.918527214e-005 +9.803002919e+001 +9.803002919e+001 -9.4613e-001 -1.3229e+000
755 0 +1.468326043e-005 +9.803001468e+001 +9.803001468e+001 -9.4506e-001 -1.3218e+000
756 0 +1.337493812e-005 +9.803001337e+001 +9.803001337e+001 -9.4501e-001 -1.3218e+000
763 0 +1.281075083e-005 +9.803001281e+001 +9.803001281e+001 -9.4494e-001 -1.3217e+000
767 0 +1.190582046e-005 +9.803001191e+001 +9.803001191e+001 -9.4477e-001 -1.3216e+000
772 0 +1.170183062e-005 +9.803001170e+001 +9.803001170e+001 -9.4476e-001 -1.3216e+000
777 0 +1.131369763e-005 +9.803001131e+001 +9.803001131e+001 -9.4458e-001 -1.3214e+000
779 0 +1.104735034e-005 +9.803001105e+001 +9.803001105e+001 -9.4471e-001 -1.3215e+000
782 0 +1.074571142e-005 +9.803001075e+001 +9.803001075e+001 -9.4471e-001 -1.3215e+000
784 0 +8.502698563e-006 +9.803000850e+001 +9.803000850e+001 -9.4458e-001 -1.3215e+000
787 0 +6.801336909e-006 +9.803000680e+001 +9.803000680e+001 -9.4453e-001 -1.3215e+000
789 0 +4.744205924e-006 +9.803000474e+001 +9.803000474e+001 -9.4441e-001 -1.3215e+000
794 0 +4.558746610e-006 +9.803000456e+001 +9.803000456e+001 -9.4439e-001 -1.3215e+000
796 0 +3.367307812e-006 +9.803000337e+001 +9.803000337e+001 -9.4438e-001 -1.3216e+000
798 0 +3.124640884e-006 +9.803000312e+001 +9.803000312e+001 -9.4435e-001 -1.3216e+000
800 0 +3.079490739e-006 +9.803000308e+001 +9.803000308e+001 -9.4435e-001 -1.3216e+000
803 0 +2.659007976e-006 +9.803000266e+001 +9.803000266e+001 -9.4434e-001 -1.3216e+000
806 0 +1.676426862e-006 +9.803000168e+001 +9.803000168e+001 -9.4427e-001 -1.3216e+000
807 0 +1.230661880e-006 +9.803000123e+001 +9.803000123e+001 -9.4429e-001 -1.3217e+000
808 0 +9.295891914e-007 +9.803000093e+001 +9.803000093e+001 -9.4426e-001 -1.3217e+000
809 0 +6.806385642e-007 +9.803000068e+001 +9.803000068e+001 -9.4423e-001 -1.3217e+000
812 0 +3.627801419e-007 +9.803000036e+001 +9.803000036e+001 -9.4420e-001 -1.3217e+000
814 0 +3.539422551e-007 +9.803000035e+001 +9.803000035e+001 -9.4418e-001 -1.3217e+000
815 0 +3.234198687e-007 +9.803000032e+001 +9.803000032e+001 -9.4418e-001 -1.3217e+000
819 0 +2.896723288e-007 +9.803000029e+001 +9.803000029e+001 -9.4417e-001 -1.3217e+000
825 0 +2.773169285e-007 +9.803000028e+001 +9.803000028e+001 -9.4417e-001 -1.3217e+000
839 0 +2.297608717e-007 +9.803000023e+001 +9.803000023e+001 -9.4416e-001 -1.3217e+000
851 0 +2.154737047e-007 +9.803000022e+001 +9.803000022e+001 -9.4415e-001 -1.3217e+000
853 0 +1.945264074e-007 +9.803000019e+001 +9.803000019e+001 -9.4414e-001 -1.3217e+000
861 0 +1.879470517e-007 +9.803000019e+001 +9.803000019e+001 -9.4413e-001 -1.3217e+000
862 0 +1.861981502e-007 +9.803000019e+001 +9.803000019e+001 -9.4413e-001 -1.3217e+000
873 0 +1.783889871e-007 +9.803000018e+001 +9.803000018e+001 -9.4413e-001 -1.3217e+000
876 0 +1.765934456e-007 +9.803000018e+001 +9.803000018e+001 -9.4413e-001 -1.3217e+000
887 0 +1.572302608e-007 +9.803000016e+001 +9.803000016e+001 -9.4412e-001 -1.3217e+000
894 0 +1.429790331e-007 +9.803000014e+001 +9.803000014e+001 -9.4412e-001 -1.3217e+000
903 0 +1.326369130e-007 +9.803000013e+001 +9.803000013e+001 -9.4412e-001 -1.3217e+000
911 0 +1.233479168e-007 +9.803000012e+001 +9.803000012e+001 -9.4411e-001 -1.3217e+000
917 0 +1.054266932e-007 +9.803000011e+001 +9.803000011e+001 -9.4411e-001 -1.3217e+000
924 0 +1.013710715e-007 +9.803000010e+001 +9.803000010e+001 -9.4410e-001 -1.3217e+000
925 0 +9.810011647e-008 +9.803000010e+001 +9.803000010e+001 -9.4409e-001 -1.3217e+000
932 0 +8.846828337e-008 +9.803000009e+001 +9.803000009e+001 -9.4408e-001 -1.3216e+000
934 0 +5.986571239e-008 +9.803000006e+001 +9.803000006e+001 -9.4407e-001 -1.3216e+000
938 0 +3.654729142e-008 +9.803000004e+001 +9.803000004e+001 -9.4406e-001 -1.3216e+000
948 0 +2.520215503e-008 +9.803000003e+001 +9.803000003e+001 -9.4403e-001 -1.3216e+000
952 0 +2.234288843e-008 +9.803000002e+001 +9.803000002e+001 -9.4403e-001 -1.3216e+000
959 0 +1.413511086e-008 +9.803000001e+001 +9.803000001e+001 -9.4401e-001 -1.3216e+000
963 0 +6.620382464e-009 +9.803000001e+001 +9.803000001e+001 -9.4402e-001 -1.3216e+000
% f evaluations | g evaluations | best noise-free fitness - Fopt (1.000000000000e+003) + sum g_i+ | measured fitness | best measured fitness or single-digit g-values | x1 | x2...
1 0 +2.897125513e+001 +1.028971255e+003 +1.028971255e+003 +2.2491e+000 -8.8596e-001
2 0 +2.250973676e+001 +1.022509737e+003 +1.022509737e+003 +2.1986e+000 +3.3216e-001
7 0 +2.132727303e+001 +1.021327273e+003 +1.021327273e+003 +1.8179e+000 -7.1391e-001
10 0 +1.191011435e+001 +1.011910114e+003 +1.011910114e+003 +5.3649e-001 -5.6172e-002
17 0 +4.934689254e+000 +1.004934689e+003 +1.004934689e+003 -6.1934e-001 -6.2253e-001
20 0 +3.649250856e+000 +1.003649251e+003 +1.003649251e+003 -1.0964e+000 -6.4355e-001
34 0 +3.291464035e+000 +1.003291464e+003 +1.003291464e+003 -1.0964e+000 -7.4301e-001
42 0 +2.470132087e+000 +1.002470132e+003 +1.002470132e+003 -1.6815e+000 -7.4301e-001
45 0 +1.667400226e+000 +1.001667400e+003 +1.001667400e+003 -1.7324e+000 -8.8665e-001
50 0 +1.435327878e+000 +1.001435328e+003 +1.001435328e+003 -1.7324e+000 -9.6598e-001
57 0 +1.400526311e+000 +1.001400526e+003 +1.001400526e+003 -1.7324e+000 -1.0028e+000
64 0 +7.426701899e-001 +1.000742670e+003 +1.000742670e+003 -2.1400e+000 -1.3309e+000
74 0 +7.388105336e-001 +1.000738811e+003 +1.000738811e+003 -2.1415e+000 -1.3266e+000
98 0 +7.016544917e-001 +1.000701654e+003 +1.000701654e+003 -2.1415e+000 -1.2348e+000
117 0 +6.500286770e-001 +1.000650029e+003 +1.000650029e+003 -2.1714e+000 -1.2322e+000
123 0 +5.888459549e-001 +1.000588846e+003 +1.000588846e+003 -2.2043e+000 -1.2581e+000
131 0 +5.757427381e-001 +1.000575743e+003 +1.000575743e+003 -2.2043e+000 -1.2425e+000
133 0 +5.564173789e-001 +1.000556417e+003 +1.000556417e+003 -2.2097e+000 -1.2208e+000
143 0 +5.263893913e-001 +1.000526389e+003 +1.000526389e+003 -2.2223e+000 -1.2259e+000
148 0 +4.668441940e-001 +1.000466844e+003 +1.000466844e+003 -2.2514e+000 -1.2326e+000
149 0 +4.285355818e-001 +1.000428536e+003 +1.000428536e+003 -2.2823e+000 -1.2199e+000
151 0 +4.243924365e-001 +1.000424392e+003 +1.000424392e+003 -2.2823e+000 -1.2425e+000
152 0 +4.062347151e-001 +1.000406235e+003 +1.000406235e+003 -2.3060e+000 -1.2708e+000
158 0 +3.483293348e-001 +1.000348329e+003 +1.000348329e+003 -2.3758e+000 -1.2408e+000
162 0 +2.926265631e-001 +1.000292627e+003 +1.000292627e+003 -2.4976e+000 -1.2082e+000
172 0 +1.629401909e-001 +1.000162940e+003 +1.000162940e+003 -2.6615e+000 -1.2548e+000
180 0 +1.166195430e-001 +1.000116620e+003 +1.000116620e+003 -2.6615e+000 -1.2909e+000
184 0 +7.586261678e-002 +1.000075863e+003 +1.000075863e+003 -2.6801e+000 -1.3413e+000
189 0 +5.583206495e-002 +1.000055832e+003 +1.000055832e+003 -2.7089e+000 -1.3413e+000
195 0 +1.361585408e-002 +1.000013616e+003 +1.000013616e+003 -2.8161e+000 -1.4019e+000
204 0 +8.342425003e-003 +1.000008342e+003 +1.000008342e+003 -2.8343e+000 -1.4019e+000
211 0 +4.188912436e-003 +1.000004189e+003 +1.000004189e+003 -2.8525e+000 -1.4019e+000
217 0 +3.433075573e-003 +1.000003433e+003 +1.000003433e+003 -2.8573e+000 -1.4060e+000
227 0 +5.915341524e-004 +1.000000592e+003 +1.000000592e+003 -2.8812e+000 -1.4059e+000
235 0 +5.536783666e-004 +1.000000554e+003 +1.000000554e+003 -2.8812e+000 -1.4094e+000
248 0 +1.011666759e-004 +1.000000101e+003 +1.000000101e+003 -2.8941e+000 -1.4102e+000
258 0 +5.603892032e-005 +1.000000056e+003 +1.000000056e+003 -2.8930e+000 -1.4102e+000
282 0 +3.145726123e-005 +1.000000031e+003 +1.000000031e+003 -2.8934e+000 -1.4107e+000
287 0 +2.994350370e-005 +1.000000030e+003 +1.000000030e+003 -2.8946e+000 -1.4107e+000
321 0 +2.158922587e-005 +1.000000022e+003 +1.000000022e+003 -2.8944e+000 -1.4109e+000
334 0 +1.723815456e-005 +1.000000017e+003 +1.000000017e+003 -2.8944e+000 -1.4110e+000
339 0 +1.618332601e-005 +1.000000016e+003 +1.000000016e+003 -2.8942e+000 -1.4111e+000
348 0 +1.228131509e-005 +1.000000012e+003 +1.000000012e+003 -2.8946e+000 -1.4112e+000
353 0 +1.170261612e-005 +1.000000012e+003 +1.000000012e+003 -2.8946e+000 -1.4113e+000
358 0 +1.081013204e-005 +1.000000011e+003 +1.000000011e+003 -2.8944e+000 -1.4114e+000
360 0 +1.027093049e-005 +1.000000010e+003 +1.000000010e+003 -2.8945e+000 -1.4113e+000
361 0 +9.853688653e-006 +1.000000010e+003 +1.000000010e+003 -2.8946e+000 -1.4113e+000
364 0 +9.484893098e-006 +1.000000009e+003 +1.000000009e+003 -2.8945e+000 -1.4114e+000
366 0 +8.494953477e-006 +1.000000008e+003 +1.000000008e+003 -2.8947e+000 -1.4114e+000
369 0 +8.188440574e-006 +1.000000008e+003 +1.000000008e+003 -2.8949e+000 -1.4114e+000
372 0 +7.876360883e-006 +1.000000008e+003 +1.000000008e+003 -2.8949e+000 -1.4114e+000
376 0 +7.708022281e-006 +1.000000008e+003 +1.000000008e+003 -2.8949e+000 -1.4114e+000
377 0 +6.856575169e-006 +1.000000007e+003 +1.000000007e+003 -2.8952e+000 -1.4114e+000
389 0 +6.682102139e-006 +1.000000007e+003 +1.000000007e+003 -2.8951e+000 -1.4114e+000
395 0 +6.408448598e-006 +1.000000006e+003 +1.000000006e+003 -2.8952e+000 -1.4115e+000
397 0 +6.151219281e-006 +1.000000006e+003 +1.000000006e+003 -2.8952e+000 -1.4115e+000
399 0 +5.968880373e-006 +1.000000006e+003 +1.000000006e+003 -2.8952e+000 -1.4115e+000
417 0 +5.515099588e-006 +1.000000006e+003 +1.000000006e+003 -2.8953e+000 -1.4115e+000
425 0 +5.419672107e-006 +1.000000005e+003 +1.000000005e+003 -2.8953e+000 -1.4115e+000
431 0 +5.273447755e-006 +1.000000005e+003 +1.000000005e+003 -2.8954e+000 -1.4115e+000
438 0 +5.041231816e-006 +1.000000005e+003 +1.000000005e+003 -2.8954e+000 -1.4115e+000
439 0 +4.786957220e-006 +1.000000005e+003 +1.000000005e+003 -2.8955e+000 -1.4115e+000
441 0 +4.300171440e-006 +1.000000004e+003 +1.000000004e+003 -2.8953e+000 -1.4116e+000
450 0 +4.201641445e-006 +1.000000004e+003 +1.000000004e+003 -2.8954e+000 -1.4116e+000
458 0 +3.578840847e-006 +1.000000004e+003 +1.000000004e+003 -2.8954e+000 -1.4116e+000
460 0 +3.388324330e-006 +1.000000003e+003 +1.000000003e+003 -2.8954e+000 -1.4116e+000
468 0 +3.021733733e-006 +1.000000003e+003 +1.000000003e+003 -2.8955e+000 -1.4116e+000
476 0 +2.146490488e-006 +1.000000002e+003 +1.000000002e+003 -2.8956e+000 -1.4117e+000
477 0 +1.780754928e-006 +1.000000002e+003 +1.000000002e+003 -2.8956e+000 -1.4117e+000
485 0 +1.741663368e-006 +1.000000002e+003 +1.000000002e+003 -2.8956e+000 -1.4117e+000
491 0 +1.730452254e-006 +1.000000002e+003 +1.000000002e+003 -2.8955e+000 -1.4118e+000
495 0 +1.696113372e-006 +1.000000002e+003 +1.000000002e+003 -2.8955e+000 -1.4118e+000
501 0 +8.854635780e-007 +1.000000001e+003 +1.000000001e+003 -2.8956e+000 -1.4119e+000
507 0 +6.560632073e-007 +1.000000001e+003 +1.000000001e+003 -2.8957e+000 -1.4119e+000
514 0 +6.007570619e-007 +1.000000001e+003 +1.000000001e+003 -2.8957e+000 -1.4119e+000
517 0 +4.740859367e-007 +1.000000000e+003 +1.000000000e+003 -2.8958e+000 -1.4119e+000
521 0 +3.040462389e-007 +1.000000000e+003 +1.000000000e+003 -2.8958e+000 -1.4119e+000
522 0 +1.003545549e-007 +1.000000000e+003 +1.000000000e+003 -2.8959e+000 -1.4120e+000
538 0 +6.585935353e-008 +1.000000000e+003 +1.000000000e+003 -2.8959e+000 -1.4120e+000
546 0 +5.438016615e-008 +1.000000000e+003 +1.000000000e+003 -2.8959e+000 -1.4120e+000
548 0 +5.203423825e-008 +1.000000000e+003 +1.000000000e+003 -2.8959e+000 -1.4120e+000
551 0 +5.071228770e-008 +1.000000000e+003 +1.000000000e+003 -2.8959e+000 -1.4120e+000
555 0 +2.850379133e-008 +1.000000000e+003 +1.000000000e+003 -2.8959e+000 -1.4120e+000
561 0 +2.307467639e-008 +1.000000000e+003 +1.000000000e+003 -2.8960e+000 -1.4120e+000
569 0 +2.225283424e-008 +1.000000000e+003 +1.000000000e+003 -2.8960e+000 -1.4120e+000
573 0 +1.165381036e-008 +1.000000000e+003 +1.000000000e+003 -2.8960e+000 -1.4120e+000
576 0 +2.061824489e-009 +1.000000000e+003 +1.000000000e+003 -2.8960e+000 -1.4120e+000
% f evaluations | g evaluations | best noise-free fitness - Fopt (1.490000000000e+000) + sum g_i+ | measured fitness | best measured fitness or single-digit g-values | x1 | x2...
1 0 +1.514402466e+005 +1.514417366e+005 +1.514417366e+005 -1.7935e+000 +1.5688e-001
2 0 +5.313911266e+004 +5.314060266e+004 +5.314060266e+004 -1.5175e+000 -3.4802e+000
4 0 +8.709166368e+003 +8.710656368e+003 +8.710656368e+003 +5.0000e+000 -5.0000e+000
5 0 +2.144396512e+002 +2.159296512e+002 +2.159296512e+002 +2.0416e+000 -3.7935e+000
6 0 +2.546085832e+001 +2.695085832e+001 +2.695085832e+001 +2.4253e+000 -5.0000e+000
7 0 +2.446649515e+001 +2.595649515e+001 +2.595649515e+001 +2.3874e+000 -4.5704e+000
8 0 +1.259417047e+001 +1.408417047e+001 +1.408417047e+001 +3.0602e+000 -4.3749e+000
12 0 +6.895208071e+000 +8.385208071e+000 +8.385208071e+000 +3.9976e+000 -4.7791e+000
16 0 +6.488827522e+000 +7.978827522e+000 +7.978827522e+000 +4.1907e+000 -4.5971e+000
20 0 +4.249508402e+000 +5.739508402e+000 +5.739508402e+000 +3.9367e+000 -4.0194e+000
41 0 +3.648848193e+000 +5.138848193e+000 +5.138848193e+000 +3.4864e+000 -2.9870e+000
46 0 +2.999664748e+000 +4.489664748e+000 +4.489664748e+000 +3.6822e+000 -3.3052e+000
59 0 +2.544452435e+000 +4.034452435e+000 +4.034452435e+000 +3.7736e+000 -3.2692e+000
64 0 +1.385315254e+000 +2.875315254e+000 +2.875315254e+000 +3.9593e+000 -3.0246e+000
72 0 +1.303287814e+000 +2.793287814e+000 +2.793287814e+000 +4.0579e+000 -2.9176e+000
80 0 +8.260852617e-001 +2.316085262e+000 +2.316085262e+000 +4.0247e+000 -2.7578e+000
106 0 +8.003554960e-001 +2.290355496e+000 +2.290355496e+000 +3.9679e+000 -2.7384e+000
110 0 +7.549722401e-001 +2.244972240e+000 +2.244972240e+000 +4.0295e+000 -2.7093e+000
119 0 +7.334725828e-001 +2.223472583e+000 +2.223472583e+000 +3.9447e+000 -2.6551e+000
146 0 +7.239710144e-001 +2.213971014e+000 +2.213971014e+000 +3.9891e+000 -2.6427e+000
190 0 +7.079078109e-001 +2.197907811e+000 +2.197907811e+000 +3.9889e+000 -2.6170e+000
215 0 +6.788235671e-001 +2.168823567e+000 +2.168823567e+000 +3.9921e+000 -2.5934e+000
216 0 +6.726066085e-001 +2.162606609e+000 +2.162606609e+000 +3.9927e+000 -2.5895e+000
229 0 +6.538172886e-001 +2.143817289e+000 +2.143817289e+000 +3.9925e+000 -2.5789e+000
234 0 +6.432326281e-001 +2.133232628e+000 +2.133232628e+000 +3.9911e+000 -2.5734e+000
245 0 +6.177084337e-001 +2.107708434e+000 +2.107708434e+000 +3.9891e+000 -2.5612e+000
250 0 +5.986962197e-001 +2.088696220e+000 +2.088696220e+000 +3.9876e+000 -2.5527e+000
252 0 +5.748977832e-001 +2.064897783e+000 +2.064897783e+000 +3.9869e+000 -2.5425e+000
266 0 +5.578978528e-001 +2.047897853e+000 +2.047897853e+000 +3.9856e+000 -2.5351e+000
268 0 +5.489309423e-001 +2.038930942e+000 +2.038930942e+000 +3.9854e+000 -2.5313e+000
273 0 +5.212649485e-001 +2.011264949e+000 +2.011264949e+000 +3.9829e+000 -2.5188e+000
276 0 +4.760446564e-001 +1.966044656e+000 +1.966044656e+000 +3.9794e+000 -2.4957e+000
279 0 +4.516930937e-001 +1.941693094e+000 +1.941693094e+000 +3.9769e+000 -2.4803e+000
281 0 +4.133429020e-001 +1.903342902e+000 +1.903342902e+000 +3.9713e+000 -2.4447e+000
284 0 +3.306180362e-001 +1.820618036e+000 +1.820618036e+000 +3.9563e+000 -2.3476e+000
285 0 +2.586938861e-001 +1.748693886e+000 +1.748693886e+000 +3.9456e+000 -2.2795e+000
287 0 +1.469881824e-001 +1.636988182e+000 +1.636988182e+000 +3.9209e+000 -2.1211e+000
292 0 +1.064488496e-001 +1.596448850e+000 +1.596448850e+000 +3.9092e+000 -2.0462e+000
304 0 +9.635866188e-002 +1.586358662e+000 +1.586358662e+000 +3.9077e+000 -2.0322e+000
307 0 +8.631363154e-002 +1.576313632e+000 +1.576313632e+000 +3.9142e+000 -2.0330e+000
309 0 +8.364252378e-002 +1.573642524e+000 +1.573642524e+000 +3.9456e+000 -2.0741e+000
314 0 +7.076609659e-002 +1.560766097e+000 +1.560766097e+000 +3.9360e+000 -2.0199e+000
320 0 +4.381742403e-002 +1.533817424e+000 +1.533817424e+000 +3.9555e+000 -2.0015e+000
322 0 +3.710324855e-002 +1.527103249e+000 +1.527103249e+000 +3.9520e+000 -1.9727e+000
324 0 +3.590416079e-002 +1.525904161e+000 +1.525904161e+000 +3.9555e+000 -1.9727e+000
334 0 +2.719178878e-002 +1.517191789e+000 +1.517191789e+000 +3.9521e+000 -1.9555e+000
352 0 +2.534639163e-002 +1.515346392e+000 +1.515346392e+000 +3.9513e+000 -1.9499e+000
364 0 +2.445600104e-002 +1.514456001e+000 +1.514456001e+000 +3.9510e+000 -1.9466e+000
372 0 +2.384434367e-002 +1.513844344e+000 +1.513844344e+000 +3.9497e+000 -1.9431e+000
376 0 +2.325539141e-002 +1.513255391e+000 +1.513255391e+000 +3.9495e+000 -1.9404e+000
393 0 +2.290317613e-002 +1.512903176e+000 +1.512903176e+000 +3.9502e+000 -1.9395e+000
399 0 +2.077254009e-002 +1.510772540e+000 +1.510772540e+000 +3.9502e+000 -1.9320e+000
404 0 +1.925417942e-002 +1.509254179e+000 +1.509254179e+000 +3.9492e+000 -1.9266e+000
408 0 +1.756430311e-002 +1.507564303e+000 +1.507564303e+000 +3.9480e+000 -1.9202e+000
410 0 +1.728516212e-002 +1.507285162e+000 +1.507285162e+000 +3.9475e+000 -1.9189e+000
411 0 +1.663066984e-002 +1.506630670e+000 +1.506630670e+000 +3.9503e+000 -1.9196e+000
416 0 +1.280022432e-002 +1.502800224e+000 +1.502800224e+000 +3.9482e+000 -1.9026e+000
419 0 +7.551160985e-003 +1.497551161e+000 +1.497551161e+000 +3.9458e+000 -1.8739e+000
427 0 +4.628019238e-003 +1.494628019e+000 +1.494628019e+000 +3.9458e+000 -1.8580e+000
432 0 +4.550148341e-003 +1.494550148e+000 +1.494550148e+000 +3.9450e+000 -1.8540e+000
433 0 +2.646734892e-003 +1.492646735e+000 +1.492646735e+000 +3.9448e+000 -1.8403e+000
434 0 +2.400362362e-003 +1.492400362e+000 +1.492400362e+000 +3.9451e+000 -1.8321e+000
457 0 +2.374600699e-003 +1.492374601e+000 +1.492374601e+000 +3.9452e+000 -1.8348e+000
462 0 +2.269575094e-003 +1.492269575e+000 +1.492269575e+000 +3.9453e+000 -1.8332e+000
478 0 +2.225112720e-003 +1.492225113e+000 +1.492225113e+000 +3.9453e+000 -1.8325e+000
488 0 +2.147841131e-003 +1.492147841e+000 +1.492147841e+000 +3.9455e+000 -1.8327e+000
493 0 +2.027086234e-003 +1.492027086e+000 +1.492027086e+000 +3.9459e+000 -1.8333e+000
500 0 +1.940882735e-003 +1.491940883e+000 +1.491940883e+000 +3.9459e+000 -1.8327e+000
504 0 +1.826505424e-003 +1.491826505e+000 +1.491826505e+000 +3.9460e+000 -1.8314e+000
516 0 +1.779655273e-003 +1.491779655e+000 +1.491779655e+000 +3.9460e+000 -1.8313e+000
527 0 +1.750488881e-003 +1.491750489e+000 +1.491750489e+000 +3.9461e+000 -1.8313e+000
528 0 +1.696871765e-003 +1.491696872e+000 +1.491696872e+000 +3.9462e+000 -1.8313e+000
538 0 +1.649602829e-003 +1.491649603e+000 +1.491649603e+000 +3.9463e+000 -1.8309e+000
541 0 +1.614237846e-003 +1.491614238e+000 +1.491614238e+000 +3.9464e+000 -1.8309e+000
557 0 +1.579899133e-003 +1.491579899e+000 +1.491579899e+000 +3.9465e+000 -1.8310e+000
565 0 +1.536336511e-003 +1.491536337e+000 +1.491536337e+000 +3.9466e+000 -1.8305e+000
581 0 +1.489869556e-003 +1.491489870e+000 +1.491489870e+000 +3.9467e+000 -1.8304e+000
589 0 +1.478426742e-003 +1.491478427e+000 +1.491478427e+000 +3.9468e+000 -1.8303e+000
611 0 +1.444412966e-003 +1.491444413e+000 +1.491444413e+000 +3.9469e+000 -1.8303e+000
630 0 +1.402271712e-003 +1.491402272e+000 +1.491402272e+000 +3.9471e+000 -1.8302e+000
650 0 +1.378230899e-003 +1.491378231e+000 +1.491378231e+000 +3.9472e+000 -1.8302e+000
662 0 +1.347350310e-003 +1.491347350e+000 +1.491347350e+000 +3.9473e+000 -1.8301e+000
670 0 +1.295650512e-003 +1.491295651e+000 +1.491295651e+000 +3.9475e+000 -1.8300e+000
678 0 +1.282781701e-003 +1.491282782e+000 +1.491282782e+000 +3.9475e+000 -1.8300e+000
683 0 +1.237010575e-003 +1.491237011e+000 +1.491237011e+000 +3.9477e+000 -1.8299e+000
687 0 +1.218667288e-003 +1.491218667e+000 +1.491218667e+000 +3.9477e+000 -1.8299e+000
698 0 +1.166051405e-003 +1.491166051e+000 +1.491166051e+000 +3.9479e+000 -1.8298e+000
699 0 +1.142736139e-003 +1.491142736e+000 +1.491142736e+000 +3.9480e+000 -1.8298e+000
704 0 +1.075042912e-003 +1.491075043e+000 +1.491075043e+000 +3.9482e+000 -1.8297e+000
706 0 +1.033747795e-003 +1.491033748e+000 +1.491033748e+000 +3.9484e+000 -1.8297e+000
711 0 +9.565033462e-004 +1.490956503e+000 +1.490956503e+000 +3.9487e+000 -1.8295e+000
714 0 +9.075337718e-004 +1.490907534e+000 +1.490907534e+000 +3.9490e+000 -1.8294e+000
717 0 +8.358677637e-004 +1.490835868e+000 +1.490835868e+000 +3.9493e+000 -1.8295e+000
718 0 +5.502355758e-004 +1.490550236e+000 +1.490550236e+000 +3.9504e+000 -1.8294e+000
720 0 +4.973918498e-004 +1.490497392e+000 +1.490497392e+000 +3.9511e+000 -1.8294e+000
724 0 +4.450984396e-004 +1.490445098e+000 +1.490445098e+000 +3.9515e+000 -1.8294e+000
728 0 +2.818296953e-004 +1.490281830e+000 +1.490281830e+000 +3.9523e+000 -1.8293e+000
744 0 +2.712408784e-004 +1.490271241e+000 +1.490271241e+000 +3.9526e+000 -1.8293e+000
745 0 +2.671920402e-004 +1.490267192e+000 +1.490267192e+000 +3.9528e+000 -1.8293e+000
755 0 +2.611624949e-004 +1.490261162e+000 +1.490261162e+000 +3.9530e+000 -1.8295e+000
756 0 +2.527302287e-004 +1.490252730e+000 +1.490252730e+000 +3.9530e+000 -1.8293e+000
757 0 +2.407515774e-004 +1.490240752e+000 +1.490240752e+000 +3.9532e+000 -1.8295e+000
758 0 +2.394713458e-004 +1.490239471e+000 +1.490239471e+000 +3.9533e+000 -1.8296e+000
759 0 +2.174253052e-004 +1.490217425e+000 +1.490217425e+000 +3.9536e+000 -1.8296e+000
767 0 +2.118059257e-004 +1.490211806e+000 +1.490211806e+000 +3.9534e+000 -1.8294e+000
773 0 +2.081532093e-004 +1.490208153e+000 +1.490208153e+000 +3.9533e+000 -1.8291e+000
775 0 +2.039520649e-004 +1.490203952e+000 +1.490203952e+000 +3.9534e+000 -1.8292e+000
778 0 +1.885360754e-004 +1.490188536e+000 +1.490188536e+000 +3.9534e+000 -1.8290e+000
783 0 +1.746192772e-004 +1.490174619e+000 +1.490174619e+000 +3.9536e+000 -1.8290e+000
785 0 +1.680099600e-004 +1.490168010e+000 +1.490168010e+000 +3.9534e+000 -1.8285e+000
788 0 +1.572071808e-004 +1.490157207e+000 +1.490157207e+000 +3.9535e+000 -1.8284e+000
793 0 +1.532385747e-004 +1.490153239e+000 +1.490153239e+000 +3.9533e+000 -1.8279e+000
795 0 +1.489761317e-004 +1.490148976e+000 +1.490148976e+000 +3.9534e+000 -1.8279e+000
796 0 +1.459474685e-004 +1.490145947e+000 +1.490145947e+000 +3.9534e+000 -1.8277e+000
799 0 +1.435239274e-004 +1.490143524e+000 +1.490143524e+000 +3.9534e+000 -1.8276e+000
803 0 +1.394535592e-004 +1.490139454e+000 +1.490139454e+000 +3.9535e+000 -1.8275e+000
810 0 +1.378649675e-004 +1.490137865e+000 +1.490137865e+000 +3.9535e+000 -1.8274e+000
815 0 +1.329146302e-004 +1.490132915e+000 +1.490132915e+000 +3.9535e+000 -1.8272e+000
819 0 +1.299055894e-004 +1.490129906e+000 +1.490129906e+000 +3.9535e+000 -1.8271e+000
820 0 +1.287757505e-004 +1.490128776e+000 +1.490128776e+000 +3.9535e+000 -1.8271e+000
821 0 +1.073679189e-004 +1.490107368e+000 +1.490107368e+000 +3.9535e+000 -1.8265e+000
825 0 +1.067526616e-004 +1.490106753e+000 +1.490106753e+000 +3.9535e+000 -1.8265e+000
828 0 +1.013611558e-004 +1.490101361e+000 +1.490101361e+000 +3.9535e+000 -1.8264e+000
831 0 +9.889219653e-005 +1.490098892e+000 +1.490098892e+000 +3.9535e+000 -1.8263e+000
833 0 +9.263136692e-005 +1.490092631e+000 +1.490092631e+000 +3.9535e+000 -1.8261e+000
835 0 +8.639108481e-005 +1.490086391e+000 +1.490086391e+000 +3.9535e+000 -1.8258e+000
839 0 +7.101203426e-005 +1.490071012e+000 +1.490071012e+000 +3.9535e+000 -1.8252e+000
841 0 +6.794823466e-005 +1.490067948e+000 +1.490067948e+000 +3.9535e+000 -1.8251e+000
843 0 +5.658651905e-005 +1.490056587e+000 +1.490056587e+000 +3.9535e+000 -1.8246e+000
845 0 +5.573255443e-005 +1.490055733e+000 +1.490055733e+000 +3.9535e+000 -1.8245e+000
847 0 +5.495320135e-005 +1.490054953e+000 +1.490054953e+000 +3.9536e+000 -1.8244e+000
850 0 +5.121551582e-005 +1.490051216e+000 +1.490051216e+000 +3.9536e+000 -1.8242e+000
851 0 +4.071263583e-005 +1.490040713e+000 +1.490040713e+000 +3.9536e+000 -1.8237e+000
853 0 +3.428133571e-005 +1.490034281e+000 +1.490034281e+000 +3.9536e+000 -1.8234e+000
855 0 +3.082820516e-005 +1.490030828e+000 +1.490030828e+000 +3.9536e+000 -1.8230e+000
861 0 +2.938209868e-005 +1.490029382e+000 +1.490029382e+000 +3.9536e+000 -1.8227e+000
881 0 +2.836112232e-005 +1.490028361e+000 +1.490028361e+000 +3.9536e+000 -1.8226e+000
884 0 +2.553503074e-005 +1.490025535e+000 +1.490025535e+000 +3.9536e+000 -1.8225e+000
887 0 +2.383110277e-005 +1.490023831e+000 +1.490023831e+000 +3.9537e+000 -1.8225e+000
890 0 +2.255860751e-005 +1.490022559e+000 +1.490022559e+000 +3.9537e+000 -1.8225e+000
893 0 +2.005454894e-005 +1.490020055e+000 +1.490020055e+000 +3.9537e+000 -1.8225e+000
898 0 +1.980526186e-005 +1.490019805e+000 +1.490019805e+000 +3.9537e+000 -1.8225e+000
900 0 +1.655551555e-005 +1.490016556e+000 +1.490016556e+000 +3.9538e+000 -1.8224e+000
904 0 +1.600746606e-005 +1.490016007e+000 +1.490016007e+000 +3.9538e+000 -1.8224e+000
909 0 +1.361711764e-005 +1.490013617e+000 +1.490013617e+000 +3.9539e+000 -1.8223e+000
914 0 +1.161150276e-005 +1.490011612e+000 +1.490011612e+000 +3.9539e+000 -1.8225e+000
916 0 +1.043825124e-005 +1.490010438e+000 +1.490010438e+000 +3.9540e+000 -1.8224e+000
921 0 +9.234969756e-006 +1.490009235e+000 +1.490009235e+000 +3.9540e+000 -1.8225e+000
922 0 +8.446775876e-006 +1.490008447e+000 +1.490008447e+000 +3.9540e+000 -1.8223e+000
923 0 +7.203082055e-006 +1.490007203e+000 +1.490007203e+000 +3.9540e+000 -1.8222e+000
929 0 +5.276964898e-006 +1.490005277e+000 +1.490005277e+000 +3.9541e+000 -1.8220e+000
930 0 +4.632068310e-006 +1.490004632e+000 +1.490004632e+000 +3.9541e+000 -1.8220e+000
934 0 +3.678130492e-006 +1.490003678e+000 +1.490003678e+000 +3.9541e+000 -1.8219e+000
940 0 +1.232924494e-006 +1.490001233e+000 +1.490001233e+000 +3.9543e+000 -1.8218e+000
963 0 +2.206508558e-007 +1.490000221e+000 +1.490000221e+000 +3.9544e+000 -1.8218e+000
966 0 +1.483909233e-007 +1.490000148e+000 +1.490000148e+000 +3.9544e+000 -1.8218e+000
968 0 +1.461876213e-007 +1.490000146e+000 +1.490000146e+000 +3.9544e+000 -1.8218e+000
971 0 +1.434096351e-007 +1.490000143e+000 +1.490000143e+000 +3.9544e+000 -1.8218e+000
983 0 +1.210042060e-007 +1.490000121e+000 +1.490000121e+000 +3.9544e+000 -1.8217e+000
985 0 +9.186816685e-008 +1.490000092e+000 +1.490000092e+000 +3.9544e+000 -1.8217e+000
989 0 +8.593875611e-008 +1.490000086e+000 +1.490000086e+000 +3.9544e+000 -1.8217e+000
990 0 +5.675302406e-008 +1.490000057e+000 +1.490000057e+000 +3.9544e+000 -1.8217e+000
995 0 +4.450458624e-008 +1.490000045e+000 +1.490000045e+000 +3.9544e+000 -1.8216e+000
998 0 +3.372014179e-008 +1.490000034e+000 +1.490000034e+000 +3.9544e+000 -1.8217e+000
999 0 +1.087924217e-008 +1.490000011e+000 +1.490000011e+000 +3.9544e+000 -1.8216e+000
1005 0 +3.710271645e-009 +1.490000004e+000 +1.490000004e+000 +3.9544e+000 -1.8216e+000
% f evaluations | g evaluations | best noise-free fitness - Fopt (5.963500000000e+002) + sum g_i+ | measured fitness | best measured fitness or single-digit g-values | x1 | x2...
1 0 +5.351816310e+005 +5.357779810e+005 +5.357779810e+005 +4.3926e+000 +3.3813e+000
2 0 +3.665072153e+003 +4.261422153e+003 +4.261422153e+003 +1.8085e+000 -2.1018e+000
4 0 +1.297289138e+002 +7.260789138e+002 +7.260789138e+002 -5.0000e+000 -5.0000e+000
6 0 +2.352890501e+001 +6.198789050e+002 +6.198789050e+002 -5.0000e+000 -1.8838e+000
8 0 +2.438214287e+000 +5.987882143e+002 +5.987882143e+002 -4.6031e+000 -5.3542e-001
11 0 +2.339047191e+000 +5.986890472e+002 +5.986890472e+002 -3.1357e+000 -6.3623e-001
24 0 +1.433218421e+000 +5.977832184e+002 +5.977832184e+002 -4.4092e+000 -4.5588e-001
27 0 +7.434140222e-001 +5.970934140e+002 +5.970934140e+002 -3.4481e+000 -4.3075e-001
51 0 +4.637847527e-001 +5.968137848e+002 +5.968137848e+002 -3.5000e+000 -3.6517e-001
67 0 +4.519708619e-001 +5.968019709e+002 +5.968019709e+002 -3.5862e+000 -3.6517e-001
75 0 +7.517644425e-002 +5.964251764e+002 +5.964251764e+002 -3.7711e+000 -2.1612e-001
77 0 +7.016751385e-002 +5.964201675e+002 +5.964201675e+002 -3.7564e+000 -2.1612e-001
83 0 +2.854863543e-002 +5.963785486e+002 +5.963785486e+002 -3.7711e+000 -1.8420e-001
86 0 +2.456407383e-002 +5.963745641e+002 +5.963745641e+002 -3.7564e+000 -1.8420e-001
90 0 +8.801713643e-003 +5.963588017e+002 +5.963588017e+002 -3.7104e+000 -1.7366e-001
96 0 +8.130688171e-003 +5.963581307e+002 +5.963581307e+002 -3.6437e+000 -1.7366e-001
101 0 +6.473550536e-003 +5.963564736e+002 +5.963564736e+002 -3.6745e+000 -1.7366e-001
118 0 +1.675374283e-003 +5.963516754e+002 +5.963516754e+002 -3.6741e+000 -1.6364e-001
144 0 +9.002714004e-004 +5.963509003e+002 +5.963509003e+002 -3.6675e+000 -1.6025e-001
145 0 +7.757998585e-004 +5.963507758e+002 +5.963507758e+002 -3.6766e+000 -1.6025e-001
154 0 +1.561934766e-004 +5.963501562e+002 +5.963501562e+002 -3.6748e+000 -1.5686e-001
185 0 +8.799774366e-005 +5.963500880e+002 +5.963500880e+002 -3.6783e+000 -1.5613e-001
206 0 +8.694330756e-005 +5.963500869e+002 +5.963500869e+002 -3.6781e+000 -1.5613e-001
214 0 +2.988279448e-005 +5.963500299e+002 +5.963500299e+002 -3.6777e+000 -1.5538e-001
233 0 +1.138557911e-005 +5.963500114e+002 +5.963500114e+002 -3.6768e+000 -1.5494e-001
235 0 +9.818658555e-006 +5.963500098e+002 +5.963500098e+002 -3.6772e+000 -1.5494e-001
249 0 +3.257477488e-006 +5.963500033e+002 +5.963500033e+002 -3.6781e+000 -1.5461e-001
258 0 +3.228606602e-006 +5.963500032e+002 +5.963500032e+002 -3.6778e+000 -1.5466e-001
263 0 +2.179784587e-006 +5.963500022e+002 +5.963500022e+002 -3.6772e+000 -1.5461e-001
270 0 +1.967955541e-006 +5.963500020e+002 +5.963500020e+002 -3.6773e+000 -1.5462e-001
271 0 +1.666689855e-006 +5.963500017e+002 +5.963500017e+002 -3.6776e+000 -1.5459e-001
274 0 +2.378302497e-007 +5.963500002e+002 +5.963500002e+002 -3.6775e+000 -1.5447e-001
292 0 +2.309024012e-007 +5.963500002e+002 +5.963500002e+002 -3.6776e+000 -1.5447e-001
321 0 +1.701597512e-007 +5.963500002e+002 +5.963500002e+002 -3.6776e+000 -1.5445e-001
325 0 +1.616602958e-007 +5.963500002e+002 +5.963500002e+002 -3.6776e+000 -1.5445e-001
333 0 +1.439369726e-007 +5.963500001e+002 +5.963500001e+002 -3.6776e+000 -1.5445e-001
344 0 +1.068191295e-007 +5.963500001e+002 +5.963500001e+002 -3.6776e+000 -1.5444e-001
346 0 +1.037956281e-007 +5.963500001e+002 +5.963500001e+002 -3.6776e+000 -1.5444e-001
354 0 +1.003619445e-007 +5.963500001e+002 +5.963500001e+002 -3.6776e+000 -1.5444e-001
356 0 +9.694088021e-008 +5.963500001e+002 +5.963500001e+002 -3.6776e+000 -1.5444e-001
357 0 +6.304469480e-008 +5.963500001e+002 +5.963500001e+002 -3.6776e+000 -1.5443e-001
362 0 +5.486083410e-008 +5.963500001e+002 +5.963500001e+002 -3.6776e+000 -1.5443e-001
371 0 +3.205639132e-008 +5.963500000e+002 +5.963500000e+002 -3.6776e+000 -1.5442e-001
372 0 +2.770502761e-008 +5.963500000e+002 +5.963500000e+002 -3.6776e+000 -1.5442e-001
374 0 +2.040894742e-008 +5.963500000e+002 +5.963500000e+002 -3.6776e+000 -1.5442e-001
376 0 +8.208985491e-009 +5.963500000e+002 +5.963500000e+002 -3.6776e+000 -1.5441e-001
% f evaluations | g evaluations | best noise-free fitness - Fopt (-1.189700000000e+002) + sum g_i+ | measured fitness | best measured fitness or single-digit g-values | x1 | x2...
1 0 +1.313689235e+002 +1.239892354e+001 +1.239892354e+001 +8.2179e-002 -9.1877e-001
9 0 +5.724672669e+001 -6.172327331e+001 -6.172327331e+001 -1.4394e-002 +1.0531e+000
17 0 +4.232447698e+001 -7.664552302e+001 -7.664552302e+001 -2.5443e+000 +1.0531e+000
22 0 +3.830196090e+001 -8.066803910e+001 -8.066803910e+001 -2.7777e+000 +1.1927e+000
25 0 +2.930547336e+001 -8.966452664e+001 -8.966452664e+001 -2.5443e+000 +1.4715e+000
28 0 +2.614871852e+001 -9.282128148e+001 -9.282128148e+001 -3.5544e+000 +1.4715e+000
33 0 +2.338969984e+001 -9.558030016e+001 -9.558030016e+001 -3.1522e+000 +1.7300e+000
38 0 +1.786968184e+001 -1.011003182e+002 -1.011003182e+002 -4.7970e+000 +2.0694e+000
44 0 +1.473116132e+001 -1.042388387e+002 -1.042388387e+002 -3.3042e+000 +2.1002e+000
45 0 +1.084473026e+001 -1.081252697e+002 -1.081252697e+002 -3.9032e+000 +2.5478e+000
47 0 +7.622507046e+000 -1.113474930e+002 -1.113474930e+002 -3.2775e+000 +2.6563e+000
55 0 +7.336873456e+000 -1.116331265e+002 -1.116331265e+002 -3.2775e+000 +2.6835e+000
58 0 +6.664676077e+000 -1.123053239e+002 -1.123053239e+002 -3.0583e+000 +2.7785e+000
63 0 +4.245851901e+000 -1.147241481e+002 -1.147241481e+002 -2.5683e+000 +3.0055e+000
70 0 +3.495757104e+000 -1.154742429e+002 -1.154742429e+002 -2.8646e+000 +3.1714e+000
72 0 +8.665564030e-001 -1.181034436e+002 -1.181034436e+002 -1.8835e+000 +3.5018e+000
81 0 +7.824400775e-001 -1.181875599e+002 -1.181875599e+002 -1.6341e+000 +3.5041e+000
89 0 +3.469072839e-001 -1.186230927e+002 -1.186230927e+002 -1.6341e+000 +3.6602e+000
91 0 +3.256736312e-001 -1.186443264e+002 -1.186443264e+002 -1.3160e+000 +3.6602e+000
98 0 +1.242951824e-001 -1.188457048e+002 -1.188457048e+002 -1.1904e+000 +3.7538e+000
109 0 +6.004292092e-002 -1.189099571e+002 -1.189099571e+002 -1.2156e+000 +3.7806e+000
117 0 +4.667171020e-003 -1.189653328e+002 -1.189653328e+002 -1.2156e+000 +3.8321e+000
156 0 +2.266151405e-003 -1.189677338e+002 -1.189677338e+002 -1.1964e+000 +3.8408e+000
159 0 +1.822649564e-003 -1.189681774e+002 -1.189681774e+002 -1.2014e+000 +3.8408e+000
183 0 +1.060474230e-003 -1.189689395e+002 -1.189689395e+002 -1.2099e+000 +3.8427e+000
192 0 +6.453742660e-004 -1.189693546e+002 -1.189693546e+002 -1.1924e+000 +3.8470e+000
200 0 +5.536743642e-004 -1.189694463e+002 -1.189694463e+002 -1.1936e+000 +3.8470e+000
201 0 +5.266638552e-004 -1.189694733e+002 -1.189694733e+002 -1.1942e+000 +3.8470e+000
209 0 +2.805141010e-004 -1.189697195e+002 -1.189697195e+002 -1.2028e+000 +3.8470e+000
219 0 +2.593292555e-004 -1.189697407e+002 -1.189697407e+002 -1.2054e+000 +3.8478e+000
223 0 +6.017318707e-005 -1.189699398e+002 -1.189699398e+002 -1.1977e+000 +3.8497e+000
233 0 +2.930370789e-005 -1.189699707e+002 -1.189699707e+002 -1.1988e+000 +3.8501e+000
237 0 +2.572237558e-005 -1.189699743e+002 -1.189699743e+002 -1.1993e+000 +3.8502e+000
247 0 +1.583255975e-005 -1.189699842e+002 -1.189699842e+002 -1.1992e+000 +3.8504e+000
256 0 +1.519944792e-005 -1.189699848e+002 -1.189699848e+002 -1.1988e+000 +3.8504e+000
265 0 +6.079907877e-006 -1.189699939e+002 -1.189699939e+002 -1.1984e+000 +3.8507e+000
276 0 +4.478702849e-006 -1.189699955e+002 -1.189699955e+002 -1.1981e+000 +3.8508e+000
283 0 +3.384520781e-006 -1.189699966e+002 -1.189699966e+002 -1.1976e+000 +3.8509e+000
284 0 +3.074403665e-006 -1.189699969e+002 -1.189699969e+002 -1.1980e+000 +3.8509e+000
288 0 +2.298670140e-006 -1.189699977e+002 -1.189699977e+002 -1.1980e+000 +3.8509e+000
304 0 +2.147328075e-006 -1.189699979e+002 -1.189699979e+002 -1.1979e+000 +3.8509e+000
315 0 +1.669788077e-006 -1.189699983e+002 -1.189699983e+002 -1.1978e+000 +3.8510e+000
323 0 +8.665552684e-007 -1.189699991e+002 -1.189699991e+002 -1.1978e+000 +3.8510e+000
326 0 +6.303428819e-007 -1.189699994e+002 -1.189699994e+002 -1.1977e+000 +3.8511e+000
329 0 +2.789072084e-007 -1.189699997e+002 -1.189699997e+002 -1.1977e+000 +3.8511e+000
332 0 +2.038849232e-007 -1.189699998e+002 -1.189699998e+002 -1.1977e+000 +3.8511e+000
335 0 +7.107409772e-008 -1.189699999e+002 -1.189699999e+002 -1.1977e+000 +3.8512e+000
336 0 +5.837853223e-008 -1.189699999e+002 -1.189699999e+002 -1.1977e+000 +3.8512e+000
344 0 +7.233978749e-009 -1.189700000e+002 -1.189700000e+002 -1.1976e+000 +3.8512e+000
