% f evaluations | g evaluations | best noise-free fitness - Fopt (1.238300000000e+002) + sum g_i+ | measured fitness | best measured fitness or single-digit g-values | x1 | x2...
1 0 +7.781082259e+003 +7.904912259e+003 +7.904912259e+003 +2.0158e-001 +4.8100e+000
2 0 +2.573993329e+001 +1.495699333e+002 +1.495699333e+002 +2.3147e+000 -6.6441e-002
18 0 +6.272824029e+000 +1.301028240e+002 +1.301028240e+002 +2.6301e+000 -6.6441e-002
41 0 +3.747537905e+000 +1.275775379e+002 +1.275775379e+002 +1.3068e+000 -6.8697e-001
55 0 +2.971618583e+000 +1.268016186e+002 +1.268016186e+002 +3.9332e-001 -9.3259e-001
99 0 +1.903871510e+000 +1.257338715e+002 +1.257338715e+002 +1.0136e-001 -8.4657e-001
116 0 +1.695920901e+000 +1.255259209e+002 +1.255259209e+002 +3.1707e-001 -8.3818e-001
132 0 +1.520218418e+000 +1.253502184e+002 +1.253502184e+002 +2.2121e-001 -8.3156e-001
133 0 +1.436582220e+000 +1.252665822e+002 +1.252665822e+002 +1.8160e-001 -8.1931e-001
136 0 +1.387521039e+000 +1.252175210e+002 +1.252175210e+002 +1.7487e-001 -7.7493e-001
138 0 +1.255388935e+000 +1.250853889e+002 +1.250853889e+002 +8.6343e-002 -7.8089e-001
142 0 +1.223476229e+000 +1.250534762e+002 +1.250534762e+002 +8.6343e-002 -7.7493e-001
147 0 +9.965514089e-001 +1.248265514e+002 +1.248265514e+002 +1.8008e-002 -7.0924e-001
148 0 +9.372362370e-001 +1.247672362e+002 +1.247672362e+002 -1.9541e-002 -6.8382e-001
155 0 +8.752247237e-001 +1.247052247e+002 +1.247052247e+002 -2.7958e-002 -6.6259e-001
179 0 +8.121427013e-001 +1.246421427e+002 +1.246421427e+002 -8.0456e-002 -6.1506e-001
181 0 +7.616633677e-001 +1.245916634e+002 +1.245916634e+002 -5.0001e-002 -5.8442e-001
189 0 +7.353354914e-001 +1.245653355e+002 +1.245653355e+002 -5.8154e-002 -5.7155e-001
190 0 +6.568559726e-001 +1.244868560e+002 +1.244868560e+002 -9.6808e-002 -5.5244e-001
196 0 +5.872829732e-001 +1.244172830e+002 +1.244172830e+002 -1.2315e-001 -5.0224e-001
215 0 +5.345603645e-001 +1.243645604e+002 +1.243645604e+002 -1.5158e-001 -4.4016e-001
219 0 +5.225727803e-001 +1.243525728e+002 +1.243525728e+002 -1.3077e-001 -4.6264e-001
225 0 +5.098898786e-001 +1.243398899e+002 +1.243398899e+002 -1.5419e-001 -4.2490e-001
246 0 +4.789836359e-001 +1.243089836e+002 +1.243089836e+002 -1.5213e-001 -4.1408e-001
247 0 +4.644064773e-001 +1.242944065e+002 +1.242944065e+002 -1.4851e-001 -4.1130e-001
265 0 +4.462988844e-001 +1.242762989e+002 +1.242762989e+002 -1.5578e-001 -3.9008e-001
266 0 +4.336356758e-001 +1.242636357e+002 +1.242636357e+002 -1.5735e-001 -3.7987e-001
270 0 +4.197773501e-001 +1.242497774e+002 +1.242497774e+002 -1.5783e-001 -3.7022e-001
281 0 +4.142067474e-001 +1.242442067e+002 +1.242442067e+002 -1.5949e-001 -3.6388e-001
294 0 +4.058812140e-001 +1.242358812e+002 +1.242358812e+002 -1.6228e-001 -3.5346e-001
303 0 +3.960974724e-001 +1.242260975e+002 +1.242260975e+002 -1.6498e-001 -3.4165e-001
306 0 +3.881165176e-001 +1.242181165e+002 +1.242181165e+002 -1.6297e-001 -3.3978e-001
323 0 +3.788990595e-001 +1.242088991e+002 +1.242088991e+002 -1.6110e-001 -3.3537e-001
348 0 +3.705453550e-001 +1.242005454e+002 +1.242005454e+002 -1.6386e-001 -3.2476e-001
388 0 +3.630551670e-001 +1.241930552e+002 +1.241930552e+002 -1.6649e-001 -3.1433e-001
441 0 +3.543156148e-001 +1.241843156e+002 +1.241843156e+002 -1.6783e-001 -3.0469e-001
452 0 +3.428283175e-001 +1.241728283e+002 +1.241728283e+002 -1.6900e-001 -2.9271e-001
453 0 +3.380149642e-001 +1.241680150e+002 +1.241680150e+002 -1.6959e-001 -2.8735e-001
455 0 +3.262173350e-001 +1.241562173e+002 +1.241562173e+002 -1.6725e-001 -2.7995e-001
460 0 +3.233583710e-001 +1.241533584e+002 +1.241533584e+002 -1.6912e-001 -2.7456e-001
463 0 +3.042532628e-001 +1.241342533e+002 +1.241342533e+002 -1.7081e-001 -2.5243e-001
466 0 +3.006293133e-001 +1.241306293e+002 +1.241306293e+002 -1.6933e-001 -2.5041e-001
468 0 +2.857491249e-001 +1.241157491e+002 +1.241157491e+002 -1.6989e-001 -2.3253e-001
475 0 +2.750202490e-001 +1.241050202e+002 +1.241050202e+002 -1.6713e-001 -2.1809e-001
486 0 +2.690795615e-001 +1.240990796e+002 +1.240990796e+002 -1.7166e-001 -2.1037e-001
490 0 +2.597056264e-001 +1.240897056e+002 +1.240897056e+002 -1.7551e-001 -1.9204e-001
498 0 +2.537381479e-001 +1.240837381e+002 +1.240837381e+002 -1.7340e-001 -1.8842e-001
500 0 +2.468507223e-001 +1.240768507e+002 +1.240768507e+002 -1.7457e-001 -1.7726e-001
503 0 +2.422033694e-001 +1.240722034e+002 +1.240722034e+002 -1.7297e-001 -1.7310e-001
506 0 +2.327776144e-001 +1.240627776e+002 +1.240627776e+002 -1.7129e-001 -1.6001e-001
511 0 +2.188901776e-001 +1.240488902e+002 +1.240488902e+002 -1.7485e-001 -1.3599e-001
513 0 +2.018660715e-001 +1.240318661e+002 +1.240318661e+002 -1.7378e-001 -1.1010e-001
514 0 +1.803430693e-001 +1.240103431e+002 +1.240103431e+002 -1.7512e-001 -6.6694e-002
516 0 +1.755338424e-001 +1.240055338e+002 +1.240055338e+002 -1.7290e-001 -6.3622e-002
522 0 +1.319707208e-001 +1.239619707e+002 +1.239619707e+002 -1.6603e-001 +2.2251e-002
526 0 +1.095295070e-001 +1.239395295e+002 +1.239395295e+002 -1.6198e-001 +7.6269e-002
530 0 +9.907738443e-002 +1.239290774e+002 +1.239290774e+002 -1.5717e-001 +1.0272e-001
534 0 +7.685506441e-002 +1.239068551e+002 +1.239068551e+002 -1.5141e-001 +1.8152e-001
556 0 +7.499536791e-002 +1.239049954e+002 +1.239049954e+002 -1.5012e-001 +1.9662e-001
560 0 +7.379285516e-002 +1.239037929e+002 +1.239037929e+002 -1.4500e-001 +2.4713e-001
565 0 +6.143222572e-002 +1.238914322e+002 +1.238914322e+002 -1.4202e-001 +2.4715e-001
569 0 +5.837681404e-002 +1.238883768e+002 +1.238883768e+002 -1.3990e-001 +2.5946e-001
576 0 +5.398220275e-002 +1.238839822e+002 +1.238839822e+002 -1.3845e-001 +2.5270e-001
579 0 +4.977428216e-002 +1.238797743e+002 +1.238797743e+002 -1.3406e-001 +2.6342e-001
585 0 +4.837393505e-002 +1.238783739e+002 +1.238783739e+002 -1.3406e-001 +2.8295e-001
587 0 +4.338602986e-002 +1.238733860e+002 +1.238733860e+002 -1.2987e-001 +3.0585e-001
588 0 +4.265338838e-002 +1.238726534e+002 +1.238726534e+002 -1.2951e-001 +3.0585e-001
603 0 +4.145204498e-002 +1.238714520e+002 +1.238714520e+002 -1.2703e-001 +3.2488e-001
608 0 +3.994459000e-002 +1.238699446e+002 +1.238699446e+002 -1.2748e-001 +3.1210e-001
613 0 +3.830774165e-002 +1.238683077e+002 +1.238683077e+002 -1.2541e-001 +3.2771e-001
619 0 +3.548052846e-002 +1.238654805e+002 +1.238654805e+002 -1.2330e-001 +3.2986e-001
622 0 +3.068931443e-002 +1.238606893e+002 +1.238606893e+002 -1.1785e-001 +3.6264e-001
627 0 +2.863300951e-002 +1.238586330e+002 +1.238586330e+002 -1.1251e-001 +3.9533e-001
629 0 +2.702575667e-002 +1.238570258e+002 +1.238570258e+002 -1.1377e-001 +3.8032e-001
631 0 +2.480023826e-002 +1.238548002e+002 +1.238548002e+002 -1.0115e-001 +4.5174e-001
636 0 +1.761372525e-002 +1.238476137e+002 +1.238476137e+002 -9.8692e-002 +4.5148e-001
643 0 +1.736031153e-002 +1.238473603e+002 +1.238473603e+002 -9.9591e-002 +4.4441e-001
646 0 +1.687743276e-002 +1.238468774e+002 +1.238468774e+002 -9.8367e-002 +4.5078e-001
648 0 +1.625545631e-002 +1.238462555e+002 +1.238462555e+002 -9.6812e-002 +4.5840e-001
650 0 +1.476612301e-002 +1.238447661e+002 +1.238447661e+002 -9.3471e-002 +4.7336e-001
651 0 +1.401208576e-002 +1.238440121e+002 +1.238440121e+002 -9.0194e-002 +4.8919e-001
658 0 +1.310639016e-002 +1.238431064e+002 +1.238431064e+002 -8.3528e-002 +5.1985e-001
671 0 +1.168958752e-002 +1.238416896e+002 +1.238416896e+002 -8.1369e-002 +5.2744e-001
684 0 +1.127631377e-002 +1.238412763e+002 +1.238412763e+002 -7.8671e-002 +5.3896e-001
685 0 +1.068717291e-002 +1.238406872e+002 +1.238406872e+002 -8.3487e-002 +5.1524e-001
691 0 +8.910012527e-003 +1.238389100e+002 +1.238389100e+002 -8.0642e-002 +5.2445e-001
695 0 +8.069199755e-003 +1.238380692e+002 +1.238380692e+002 -7.7477e-002 +5.3782e-001
698 0 +7.564970960e-003 +1.238375650e+002 +1.238375650e+002 -7.2514e-002 +5.5969e-001
707 0 +6.361061631e-003 +1.238363611e+002 +1.238363611e+002 -6.5025e-002 +5.8952e-001
725 0 +5.810523644e-003 +1.238358105e+002 +1.238358105e+002 -5.9633e-002 +6.1051e-001
727 0 +4.607795474e-003 +1.238346078e+002 +1.238346078e+002 -6.3714e-002 +5.9140e-001
748 0 +4.416392514e-003 +1.238344164e+002 +1.238344164e+002 -5.9196e-002 +6.0981e-001
758 0 +3.922622348e-003 +1.238339226e+002 +1.238339226e+002 -5.1855e-002 +6.3785e-001
759 0 +3.200869788e-003 +1.238332009e+002 +1.238332009e+002 -5.1840e-002 +6.3658e-001
761 0 +2.610759398e-003 +1.238326108e+002 +1.238326108e+002 -4.5090e-002 +6.6108e-001
764 0 +2.404109169e-003 +1.238324041e+002 +1.238324041e+002 -5.1606e-002 +6.3569e-001
768 0 +1.483511915e-003 +1.238314835e+002 +1.238314835e+002 -4.5543e-002 +6.5678e-001
772 0 +6.683548821e-004 +1.238306684e+002 +1.238306684e+002 -4.5601e-002 +6.5201e-001
773 0 +2.471681326e-004 +1.238302472e+002 +1.238302472e+002 -3.9282e-002 +6.7494e-001
788 0 +5.211830825e-007 +1.238300005e+002 +1.238300005e+002 -2.9791e-002 +7.0749e-001
806 0 +4.901193051e-008 +1.238300000e+002 +1.238300000e+002 -2.9980e-002 +7.0672e-001
830 0 +5.870788300e-009 +1.238300000e+002 +1.238300000e+002 -3.0013e-002 +7.0663e-001
% f evaluations | g evaluations | best noise-free fitness - Fopt (4.751000000000e+001) + sum g_i+ | measured fitness | best measured fitness or single-digit g-values | x1 | x2...
1 0 +4.048075838e+004 +4.052826838e+004 +4.052826838e+004 -4.7015e+000 -1.9690e+000
2 0 +1.105979803e+004 +1.110730803e+004 +1.110730803e+004 +2.6609e-001 +3.4603e+000
3 0 +6.951678721e+002 +7.426778721e+002 +7.426778721e+002 -1.3815e+000 +2.1140e+000
11 0 +6.892889938e+002 +7.367989938e+002 +7.367989938e+002 -1.3803e+000 +2.1073e+000
13 0 +7.921608080e+001 +1.267260808e+002 +1.267260808e+002 -4.8965e-001 +8.3545e-001
15 0 +5.039878375e+001 +9.790878375e+001 +9.790878375e+001 -8.8113e-001 +7.2730e-001
18 0 +2.808208564e+001 +7.559208564e+001 +7.559208564e+001 -9.2123e-002 +5.1426e-001
23 0 +2.328579400e+000 +4.983857940e+001 +4.983857940e+001 -2.2346e-001 +3.0032e-001
34 0 +1.087743341e+000 +4.859774334e+001 +4.859774334e+001 +6.9421e-002 +9.3357e-002
51 0 +6.410875356e-001 +4.815108754e+001 +4.815108754e+001 -4.8590e-001 +1.9955e-001
58 0 +3.084656319e-001 +4.781846563e+001 +4.781846563e+001 +1.6073e-002 +1.4101e-001
74 0 +5.904356917e-002 +4.756904357e+001 +4.756904357e+001 +2.4765e-001 +1.0978e-001
141 0 +5.645411248e-002 +4.756645411e+001 +4.756645411e+001 +2.7852e-001 +1.0298e-001
153 0 +5.280104676e-002 +4.756280105e+001 +4.756280105e+001 +2.7415e-001 +1.0219e-001
180 0 +5.225247185e-002 +4.756225247e+001 +4.756225247e+001 +2.7242e-001 +1.0196e-001
212 0 +5.102934207e-002 +4.756102934e+001 +4.756102934e+001 +2.7534e-001 +1.0049e-001
222 0 +5.001916578e-002 +4.756001917e+001 +4.756001917e+001 +2.7892e-001 +9.9210e-002
243 0 +4.894233118e-002 +4.755894233e+001 +4.755894233e+001 +2.8423e-001 +9.7886e-002
249 0 +4.762622829e-002 +4.755762623e+001 +4.755762623e+001 +2.8815e-001 +9.6115e-002
268 0 +4.664925017e-002 +4.755664925e+001 +4.755664925e+001 +2.9330e-001 +9.2442e-002
279 0 +4.451919049e-002 +4.755451919e+001 +4.755451919e+001 +3.0141e-001 +9.0112e-002
281 0 +4.296784248e-002 +4.755296784e+001 +4.755296784e+001 +3.0723e-001 +8.8621e-002
285 0 +4.144890835e-002 +4.755144891e+001 +4.755144891e+001 +3.1670e-001 +8.4560e-002
288 0 +3.982473589e-002 +4.754982474e+001 +4.754982474e+001 +3.2146e-001 +8.3760e-002
301 0 +3.973064306e-002 +4.754973064e+001 +4.754973064e+001 +3.2107e-001 +8.4543e-002
309 0 +3.886764315e-002 +4.754886764e+001 +4.754886764e+001 +3.2524e-001 +8.2830e-002
317 0 +3.791807152e-002 +4.754791807e+001 +4.754791807e+001 +3.3080e-001 +8.0426e-002
323 0 +3.625334043e-002 +4.754625334e+001 +4.754625334e+001 +3.4310e-001 +7.5335e-002
325 0 +3.488239579e-002 +4.754488240e+001 +4.754488240e+001 +3.5679e-001 +6.9809e-002
327 0 +3.432211818e-002 +4.754432212e+001 +4.754432212e+001 +3.6477e-001 +6.6590e-002
330 0 +3.382466022e-002 +4.754382466e+001 +4.754382466e+001 +3.7296e-001 +6.3318e-002
339 0 +2.790129940e-002 +4.753790130e+001 +4.753790130e+001 +4.0282e-001 +5.3110e-002
340 0 +2.321259473e-002 +4.753321259e+001 +4.753321259e+001 +4.1251e-001 +5.4714e-002
341 0 +1.470321837e-002 +4.752470322e+001 +4.752470322e+001 +4.6512e-001 +3.3583e-002
345 0 +9.191731745e-003 +4.751919173e+001 +4.751919173e+001 +5.2613e-001 +1.2045e-002
354 0 +4.016288278e-003 +4.751401629e+001 +4.751401629e+001 +5.7709e-001 -1.0318e-002
362 0 +2.552737905e-003 +4.751255274e+001 +4.751255274e+001 +6.0608e-001 -2.2724e-002
367 0 +2.265763367e-003 +4.751226576e+001 +4.751226576e+001 +6.0831e-001 -2.3113e-002
377 0 +1.349504642e-003 +4.751134950e+001 +4.751134950e+001 +6.3013e-001 -3.2245e-002
389 0 +3.244970311e-004 +4.751032450e+001 +4.751032450e+001 +6.6758e-001 -4.8031e-002
394 0 +2.601716852e-004 +4.751026017e+001 +4.751026017e+001 +6.9123e-001 -5.8922e-002
395 0 +3.669024299e-005 +4.751003669e+001 +4.751003669e+001 +6.9874e-001 -6.1203e-002
396 0 +1.159242164e-005 +4.751001159e+001 +4.751001159e+001 +6.9978e-001 -6.2051e-002
399 0 +2.717565692e-007 +4.751000027e+001 +4.751000027e+001 +7.0360e-001 -6.3572e-002
412 0 +1.486305905e-007 +4.751000015e+001 +4.751000015e+001 +7.0356e-001 -6.3565e-002
432 0 +4.803837328e-010 +4.751000000e+001 +4.751000000e+001 +7.0417e-001 -6.3845e-002
% f evaluations | g evaluations | best noise-free fitness - Fopt (5.534000000000e+001) + sum g_i+ | measured fitness | best measured fitness or single-digit g-values | x1 | x2...
1 0 +1.478524859e+004 +1.484058859e+004 +1.484058859e+004 +8.3351e-002 +4.9253e+000
2 0 +3.804285768e+003 +3.859625768e+003 +3.859625768e+003 -4.8177e+000 -5.2023e-001
3 0 +6.010775251e+001 +1.154477525e+002 +1.154477525e+002 +1.0446e+000 -4.3636e-001
6 0 +4.805157296e+000 +6.014515730e+001 +6.014515730e+001 +2.6660e-001 -2.5749e-001
8 0 +4.584434782e+000 +5.992443478e+001 +5.992443478e+001 +2.8515e-001 -2.5005e-001
14 0 +1.077394384e+000 +5.641739438e+001 +5.641739438e+001 +3.7002e-001 +7.0066e-003
42 0 +8.382679649e-001 +5.617826796e+001 +5.617826796e+001 +1.4553e-001 -8.4660e-002
47 0 +2.413023232e-001 +5.558130232e+001 +5.558130232e+001 +1.3838e-001 -1.5749e-001
63 0 +1.972294431e-001 +5.553722944e+001 +5.553722944e+001 -4.3808e-002 -1.5749e-001
66 0 +1.525849005e-001 +5.549258490e+001 +5.549258490e+001 +6.0313e-002 -1.6072e-001
79 0 +1.268965577e-001 +5.546689656e+001 +5.546689656e+001 +6.2933e-003 -1.6960e-001
94 0 +1.137545526e-001 +5.545375455e+001 +5.545375455e+001 -3.2075e-002 -1.7767e-001
110 0 +1.120502744e-001 +5.545205027e+001 +5.545205027e+001 -3.9021e-002 -1.7913e-001
119 0 +1.076806789e-001 +5.544768068e+001 +5.544768068e+001 -4.3522e-002 -1.7832e-001
126 0 +9.197844240e-002 +5.543197844e+001 +5.543197844e+001 -8.2529e-002 -1.8227e-001
171 0 +9.044483871e-002 +5.543044484e+001 +5.543044484e+001 -9.1759e-002 -1.8468e-001
187 0 +8.893284952e-002 +5.542893285e+001 +5.542893285e+001 -9.6434e-002 -1.8527e-001
262 0 +8.706972515e-002 +5.542706973e+001 +5.542706973e+001 -9.7585e-002 -1.8435e-001
355 0 +8.497947081e-002 +5.542497947e+001 +5.542497947e+001 -1.0090e-001 -1.8314e-001
380 0 +8.284387207e-002 +5.542284387e+001 +5.542284387e+001 -1.0893e-001 -1.8518e-001
388 0 +8.105356495e-002 +5.542105356e+001 +5.542105356e+001 -1.1339e-001 -1.8520e-001
406 0 +7.743012862e-002 +5.541743013e+001 +5.541743013e+001 -1.2387e-001 -1.8544e-001
425 0 +7.448847753e-002 +5.541448848e+001 +5.541448848e+001 -1.3367e-001 -1.8709e-001
430 0 +7.390770976e-002 +5.541390771e+001 +5.541390771e+001 -1.4225e-001 -1.8993e-001
436 0 +6.955851089e-002 +5.540955851e+001 +5.540955851e+001 -1.5281e-001 -1.9007e-001
437 0 +6.717110183e-002 +5.540717110e+001 +5.540717110e+001 -1.6684e-001 -1.9247e-001
440 0 +6.366359403e-002 +5.540366359e+001 +5.540366359e+001 -2.0079e-001 -1.9743e-001
443 0 +6.225326034e-002 +5.540225326e+001 +5.540225326e+001 -2.0115e-001 -1.9705e-001
454 0 +6.133423282e-002 +5.540133423e+001 +5.540133423e+001 -2.1923e-001 -1.9941e-001
465 0 +5.817676154e-002 +5.539817676e+001 +5.539817676e+001 -1.9710e-001 -1.9454e-001
490 0 +5.704129700e-002 +5.539704130e+001 +5.539704130e+001 -2.0383e-001 -1.9541e-001
507 0 +5.588637286e-002 +5.539588637e+001 +5.539588637e+001 -2.1134e-001 -1.9634e-001
512 0 +5.416381535e-002 +5.539416382e+001 +5.539416382e+001 -2.2241e-001 -1.9758e-001
513 0 +5.286458861e-002 +5.539286459e+001 +5.539286459e+001 -2.2391e-001 -1.9727e-001
515 0 +5.212429865e-002 +5.539212430e+001 +5.539212430e+001 -2.2321e-001 -1.9676e-001
517 0 +5.059458778e-002 +5.539059459e+001 +5.539059459e+001 -2.3427e-001 -1.9806e-001
520 0 +4.712967230e-002 +5.538712967e+001 +5.538712967e+001 -2.4153e-001 -1.9758e-001
529 0 +4.601746447e-002 +5.538601746e+001 +5.538601746e+001 -2.5221e-001 -1.9896e-001
530 0 +4.495532717e-002 +5.538495533e+001 +5.538495533e+001 -2.5531e-001 -1.9896e-001
532 0 +4.415406652e-002 +5.538415407e+001 +5.538415407e+001 -2.5774e-001 -1.9896e-001
533 0 +4.236083295e-002 +5.538236083e+001 +5.538236083e+001 -2.7474e-001 -2.0076e-001
540 0 +4.086611589e-002 +5.538086612e+001 +5.538086612e+001 -2.9113e-001 -2.0227e-001
541 0 +4.054121872e-002 +5.538054122e+001 +5.538054122e+001 -2.8493e-001 -2.0139e-001
543 0 +3.173381860e-002 +5.537173382e+001 +5.537173382e+001 -3.1965e-001 -1.9715e-001
545 0 +2.640192715e-002 +5.536640193e+001 +5.536640193e+001 -3.3820e-001 -2.0053e-001
547 0 +2.021315346e-002 +5.536021315e+001 +5.536021315e+001 -3.8769e-001 -2.0001e-001
551 0 +9.349621126e-003 +5.534934962e+001 +5.534934962e+001 -4.8849e-001 -2.0121e-001
556 0 +2.950653949e-003 +5.534295065e+001 +5.534295065e+001 -5.5976e-001 -2.0250e-001
558 0 +2.253328048e-003 +5.534225333e+001 +5.534225333e+001 -6.2677e-001 -2.0321e-001
561 0 +6.688257220e-004 +5.534066883e+001 +5.534066883e+001 -6.4053e-001 -2.0182e-001
569 0 +8.801153235e-005 +5.534008801e+001 +5.534008801e+001 -6.5972e-001 -2.0015e-001
577 0 +4.952539193e-005 +5.534004953e+001 +5.534004953e+001 -6.6633e-001 -1.9992e-001
591 0 +4.088188968e-005 +5.534004088e+001 +5.534004088e+001 -6.8772e-001 -1.9957e-001
592 0 +1.397658878e-009 +5.534000000e+001 +5.534000000e+001 -6.7831e-001 -1.9970e-001
% f evaluations | g evaluations | best noise-free fitness - Fopt (-9.033000000000e+001) + sum g_i+ | measured fitness | best measured fitness or single-digit g-values | x1 | x2...
1 0 +1.272752328e+005 +1.271849028e+005 +1.271849028e+005 +4.4072e+000 +4.7109e+000
2 0 +1.741088787e+004 +1.732055787e+004 +1.732055787e+004 -3.5972e+000 -4.2098e+000
3 0 +5.730566980e+002 +4.827266980e+002 +4.827266980e+002 -3.3383e+000 +1.1378e+000
10 0 +3.176967973e+002 +2.273667973e+002 +2.273667973e+002 -3.5030e+000 -1.5347e+000
11 0 +2.300414569e+002 +1.397114569e+002 +1.397114569e+002 -3.6978e+000 +1.6227e+000
18 0 +1.061929693e+002 +1.586296931e+001 +1.586296931e+001 -3.2189e+000 -1.7229e+000
19 0 +4.313844346e+001 -4.719155654e+001 -4.719155654e+001 -2.1628e+000 -1.6218e+000
34 0 +6.269501675e+000 -8.406049833e+001 -8.406049833e+001 +6.7721e-002 -8.4914e-002
51 0 +1.218114191e-001 -9.020818858e+001 -9.020818858e+001 +5.6328e-002 +1.6643e-001
107 0 +1.105731732e-001 -9.021942683e+001 -9.021942683e+001 +6.1694e-002 +1.6643e-001
168 0 +9.756574941e-002 -9.023243425e+001 -9.023243425e+001 -3.2079e-001 +4.5705e-001
173 0 +1.477252117e-002 -9.031522748e+001 -9.031522748e+001 -4.1735e-001 +5.3333e-001
202 0 +6.491166711e-003 -9.032350883e+001 -9.032350883e+001 -4.6650e-001 +5.7606e-001
227 0 +3.967477559e-003 -9.032603252e+001 -9.032603252e+001 -4.4976e-001 +5.6440e-001
231 0 +2.469102332e-004 -9.032975309e+001 -9.032975309e+001 -4.1004e-001 +5.3500e-001
235 0 +8.472699903e-006 -9.032999153e+001 -9.032999153e+001 -4.4410e-001 +5.5734e-001
244 0 +7.801405133e-006 -9.032999220e+001 -9.032999220e+001 -4.3758e-001 +5.5330e-001
251 0 +2.783466726e-006 -9.032999722e+001 -9.032999722e+001 -4.4132e-001 +5.5566e-001
261 0 +1.211080445e-006 -9.032999879e+001 -9.032999879e+001 -4.4053e-001 +5.5512e-001
265 0 +2.459096180e-007 -9.032999975e+001 -9.032999975e+001 -4.3981e-001 +5.5459e-001
278 0 +1.456344023e-008 -9.032999999e+001 -9.032999999e+001 -4.3938e-001 +5.5433e-001
282 0 +2.281794309e-009 -9.033000000e+001 -9.033000000e+001 -4.3926e-001 +5.5425e-001
% f evaluations | g evaluations | best noise-free fitness - Fopt (6.561000000000e+001) + sum g_i+ | measured fitness | best measured fitness or single-digit g-values | x1 | x2...
1 0 +4.042583945e+003 +4.108193945e+003 +4.108193945e+003 -2.0537e+000 +1.2529e+000
2 0 +3.606790204e+003 +3.672400204e+003 +3.672400204e+003 +2.5470e+000 +1.6644e+000
5 0 +1.594320690e+001 +8.155320690e+001 +8.155320690e+001 -1.9083e-001 -5.6873e-001
6 0 +3.714742661e+000 +6.932474266e+001 +6.932474266e+001 +3.8511e-001 +7.4615e-001
8 0 +1.350341474e+000 +6.696034147e+001 +6.696034147e+001 +5.5321e-001 +5.7008e-001
71 0 +4.295304992e-001 +6.603953050e+001 +6.603953050e+001 +5.7461e-002 +3.9779e-001
73 0 +2.785300322e-001 +6.588853003e+001 +6.588853003e+001 -3.7802e-001 -4.2331e-001
97 0 +2.717761250e-001 +6.588177612e+001 +6.588177612e+001 -3.9232e-001 -4.7074e-001
100 0 +1.252439696e-001 +6.573524397e+001 +6.573524397e+001 -2.5164e-001 -1.8755e-001
153 0 +1.922206058e-002 +6.562922206e+001 +6.562922206e+001 -3.2604e-001 -3.3466e-001
161 0 +1.403717164e-002 +6.562403717e+001 +6.562403717e+001 -3.3286e-001 -3.5793e-001
165 0 +1.338544493e-002 +6.562338544e+001 +6.562338544e+001 -4.4276e-001 -7.2010e-001
166 0 +4.392650747e-004 +6.561043927e+001 +6.561043927e+001 -4.0982e-001 -6.1679e-001
209 0 +3.225586757e-004 +6.561032256e+001 +6.561032256e+001 -3.9613e-001 -5.6413e-001
217 0 +5.752032280e-006 +6.561000575e+001 +6.561000575e+001 -3.9982e-001 -5.7914e-001
245 0 +3.738715833e-006 +6.561000374e+001 +6.561000374e+001 -4.0074e-001 -5.8292e-001
257 0 +3.285618106e-007 +6.561000033e+001 +6.561000033e+001 -4.0076e-001 -5.8277e-001
274 0 +3.330563914e-008 +6.561000003e+001 +6.561000003e+001 -4.0070e-001 -5.8251e-001
291 0 +1.193711796e-012 +6.561000000e+001 +6.561000000e+001 -4.0073e-001 -5.8259e-001
% f evaluations | g evaluations | best noise-free fitness - Fopt (9.348200000000e+002) + sum g_i+ | measured fitness | best measured fitness or single-digit g-values | x1 | x2...
1 0 +2.047048862e+004 +2.140530862e+004 +2.140530862e+004 -4.2804e+000 -6.6698e-001
2 0 +3.267261194e+003 +4.202081194e+003 +4.202081194e+003 +1.1599e+000 +2.2509e+000
6 0 +4.048894915e+002 +1.339709492e+003 +1.339709492e+003 -1.1272e+000 +2.3069e+000
13 0 +1.948231355e+002 +1.129643135e+003 +1.129643135e+003 +8.4135e-001 -1.7747e+000
17 0 +5.327243022e+001 +9.880924302e+002 +9.880924302e+002 -9.9523e-001 +9.6063e-001
30 0 +2.215315117e+001 +9.569731512e+002 +9.569731512e+002 -1.1272e+000 +4.7541e-001
35 0 +2.714979742e+000 +9.375349797e+002 +9.375349797e+002 +2.2297e-001 -1.1127e-001
43 0 +9.081304302e-001 +9.357281304e+002 +9.357281304e+002 -3.2691e-002 +1.6726e-001
66 0 +3.218746282e-001 +9.351418746e+002 +9.351418746e+002 -7.7555e-002 +2.8568e-001
81 0 +3.035015707e-001 +9.351235016e+002 +9.351235016e+002 -1.0063e-001 +2.7662e-001
89 0 +2.594052971e-001 +9.350794053e+002 +9.350794053e+002 -5.2475e-002 +2.5621e-001
97 0 +2.356932101e-001 +9.350556932e+002 +9.350556932e+002 -1.6328e-002 +2.3424e-001
100 0 +1.857070009e-001 +9.350057070e+002 +9.350057070e+002 +4.8949e-002 +1.6760e-001
104 0 +1.684601505e-001 +9.349884602e+002 +9.349884602e+002 +6.0061e-002 +1.6721e-001
134 0 +1.406974676e-001 +9.349606975e+002 +9.349606975e+002 +1.2232e-001 +1.0491e-001
138 0 +1.299095314e-001 +9.349499095e+002 +9.349499095e+002 +1.2119e-001 +1.1317e-001
150 0 +1.215673711e-001 +9.349415674e+002 +9.349415674e+002 +1.4486e-001 +8.7495e-002
158 0 +1.129100266e-001 +9.349329100e+002 +9.349329100e+002 +1.5038e-001 +8.8069e-002
164 0 +1.050652223e-001 +9.349250652e+002 +9.349250652e+002 +1.7001e-001 +6.6209e-002
166 0 +9.491059041e-002 +9.349149106e+002 +9.349149106e+002 +1.8600e-001 +5.7315e-002
170 0 +7.219341516e-002 +9.348921934e+002 +9.348921934e+002 +2.3475e-001 +5.8699e-003
177 0 +6.153887446e-002 +9.348815389e+002 +9.348815389e+002 +2.6124e-001 -1.7423e-002
181 0 +5.245308814e-002 +9.348724531e+002 +9.348724531e+002 +2.9385e-001 -4.8848e-002
191 0 +4.957301717e-002 +9.348695730e+002 +9.348695730e+002 +3.0910e-001 -6.3883e-002
214 0 +4.747706128e-002 +9.348674771e+002 +9.348674771e+002 +3.1678e-001 -7.2016e-002
238 0 +4.480730867e-002 +9.348648073e+002 +9.348648073e+002 +3.0873e-001 -7.2016e-002
241 0 +4.160298667e-002 +9.348616030e+002 +9.348616030e+002 +3.1710e-001 -7.6800e-002
254 0 +3.974595803e-002 +9.348597460e+002 +9.348597460e+002 +3.2394e-001 -8.3815e-002
266 0 +3.886328587e-002 +9.348588633e+002 +9.348588633e+002 +3.2618e-001 -8.6555e-002
272 0 +3.735971153e-002 +9.348573597e+002 +9.348573597e+002 +3.3028e-001 -9.1521e-002
274 0 +3.647358249e-002 +9.348564736e+002 +9.348564736e+002 +3.3536e-001 -9.6137e-002
276 0 +3.404948918e-002 +9.348540495e+002 +9.348540495e+002 +3.4207e-001 -1.0427e-001
278 0 +3.085312648e-002 +9.348508531e+002 +9.348508531e+002 +3.5262e-001 -1.1656e-001
282 0 +2.611884580e-002 +9.348461188e+002 +9.348461188e+002 +3.6988e-001 -1.3698e-001
283 0 +2.516281045e-002 +9.348451628e+002 +9.348451628e+002 +3.7370e-001 -1.4154e-001
286 0 +1.511791705e-002 +9.348351179e+002 +9.348351179e+002 +4.2142e-001 -1.9823e-001
288 0 +9.451395181e-003 +9.348294514e+002 +9.348294514e+002 +4.5380e-001 -2.3603e-001
289 0 +8.889744948e-003 +9.348288897e+002 +9.348288897e+002 +4.5762e-001 -2.4059e-001
298 0 +6.186012315e-003 +9.348261860e+002 +9.348261860e+002 +4.7998e-001 -2.6669e-001
303 0 +5.001284243e-003 +9.348250013e+002 +9.348250013e+002 +4.9364e-001 -2.8303e-001
307 0 +4.449528591e-003 +9.348244495e+002 +9.348244495e+002 +5.0937e-001 -3.0163e-001
324 0 +4.264915716e-003 +9.348242649e+002 +9.348242649e+002 +5.1290e-001 -3.0598e-001
339 0 +4.157847024e-003 +9.348241578e+002 +9.348241578e+002 +5.0713e-001 -2.9934e-001
341 0 +3.899740064e-003 +9.348238997e+002 +9.348238997e+002 +5.2238e-001 -3.1770e-001
350 0 +3.657135438e-003 +9.348236571e+002 +9.348236571e+002 +5.1994e-001 -3.1498e-001
364 0 +3.496082364e-003 +9.348234961e+002 +9.348234961e+002 +5.1116e-001 -3.0486e-001
380 0 +3.377588926e-003 +9.348233776e+002 +9.348233776e+002 +5.1287e-001 -3.0699e-001
390 0 +3.255056266e-003 +9.348232551e+002 +9.348232551e+002 +5.1349e-001 -3.0790e-001
393 0 +3.168025462e-003 +9.348231680e+002 +9.348231680e+002 +5.1156e-001 -3.0854e-001
399 0 +3.015802274e-003 +9.348230158e+002 +9.348230158e+002 +5.1293e-001 -3.0772e-001
400 0 +2.641131886e-003 +9.348226411e+002 +9.348226411e+002 +5.1986e-001 -3.1620e-001
401 0 +2.535442316e-003 +9.348225354e+002 +9.348225354e+002 +5.2527e-001 -3.2265e-001
407 0 +2.348953376e-003 +9.348223490e+002 +9.348223490e+002 +5.1936e-001 -3.1640e-001
411 0 +2.305693998e-003 +9.348223057e+002 +9.348223057e+002 +5.2170e-001 -3.1898e-001
414 0 +2.286160397e-003 +9.348222862e+002 +9.348222862e+002 +5.2262e-001 -3.2004e-001
415 0 +2.040798750e-003 +9.348220408e+002 +9.348220408e+002 +5.2475e-001 -3.2304e-001
416 0 +1.905833517e-003 +9.348219058e+002 +9.348219058e+002 +5.2527e-001 -3.2507e-001
418 0 +1.815964141e-003 +9.348218160e+002 +9.348218160e+002 +5.2619e-001 -3.2553e-001
422 0 +1.672161279e-003 +9.348216722e+002 +9.348216722e+002 +5.2963e-001 -3.3081e-001
431 0 +1.652829439e-003 +9.348216528e+002 +9.348216528e+002 +5.3036e-001 -3.3184e-001
432 0 +1.547051401e-003 +9.348215471e+002 +9.348215471e+002 +5.3149e-001 -3.3312e-001
442 0 +1.510056326e-003 +9.348215101e+002 +9.348215101e+002 +5.3127e-001 -3.3253e-001
450 0 +1.406112975e-003 +9.348214061e+002 +9.348214061e+002 +5.3300e-001 -3.3466e-001
451 0 +1.361311619e-003 +9.348213613e+002 +9.348213613e+002 +5.3389e-001 -3.3587e-001
454 0 +1.283661537e-003 +9.348212837e+002 +9.348212837e+002 +5.3636e-001 -3.3938e-001
461 0 +1.257425791e-003 +9.348212574e+002 +9.348212574e+002 +5.3674e-001 -3.3984e-001
464 0 +1.228075280e-003 +9.348212281e+002 +9.348212281e+002 +5.3747e-001 -3.4081e-001
467 0 +1.158797856e-003 +9.348211588e+002 +9.348211588e+002 +5.3934e-001 -3.4331e-001
468 0 +1.119059336e-003 +9.348211191e+002 +9.348211191e+002 +5.4038e-001 -3.4468e-001
469 0 +1.080492396e-003 +9.348210805e+002 +9.348210805e+002 +5.4203e-001 -3.4694e-001
472 0 +1.058726194e-003 +9.348210587e+002 +9.348210587e+002 +5.4210e-001 -3.4697e-001
473 0 +1.003843708e-003 +9.348210038e+002 +9.348210038e+002 +5.4312e-001 -3.4826e-001
477 0 +9.897759556e-004 +9.348209898e+002 +9.348209898e+002 +5.4359e-001 -3.4889e-001
485 0 +9.603590499e-004 +9.348209604e+002 +9.348209604e+002 +5.4425e-001 -3.4974e-001
488 0 +9.395730924e-004 +9.348209396e+002 +9.348209396e+002 +5.4473e-001 -3.5035e-001
492 0 +9.258176899e-004 +9.348209258e+002 +9.348209258e+002 +5.4527e-001 -3.5107e-001
498 0 +9.074675254e-004 +9.348209075e+002 +9.348209075e+002 +5.4564e-001 -3.5154e-001
510 0 +8.738102392e-004 +9.348208738e+002 +9.348208738e+002 +5.4666e-001 -3.5288e-001
512 0 +8.351792093e-004 +9.348208352e+002 +9.348208352e+002 +5.4783e-001 -3.5442e-001
522 0 +7.764427374e-004 +9.348207764e+002 +9.348207764e+002 +5.4964e-001 -3.5680e-001
523 0 +7.248353081e-004 +9.348207248e+002 +9.348207248e+002 +5.5134e-001 -3.5903e-001
527 0 +7.005014687e-004 +9.348207005e+002 +9.348207005e+002 +5.5217e-001 -3.6011e-001
531 0 +6.683020915e-004 +9.348206683e+002 +9.348206683e+002 +5.5336e-001 -3.6168e-001
535 0 +6.586306378e-004 +9.348206586e+002 +9.348206586e+002 +5.5377e-001 -3.6222e-001
538 0 +6.126523743e-004 +9.348206127e+002 +9.348206127e+002 +5.5548e-001 -3.6447e-001
542 0 +5.555305181e-004 +9.348205555e+002 +9.348205555e+002 +5.5787e-001 -3.6761e-001
545 0 +5.439242354e-004 +9.348205439e+002 +9.348205439e+002 +5.5512e-001 -3.6221e-001
550 0 +4.941215311e-004 +9.348204941e+002 +9.348204941e+002 +5.5965e-001 -3.6989e-001
552 0 +4.532314019e-004 +9.348204532e+002 +9.348204532e+002 +5.5671e-001 -3.6444e-001
557 0 +4.404037347e-004 +9.348204404e+002 +9.348204404e+002 +5.6013e-001 -3.7039e-001
559 0 +4.311246679e-004 +9.348204311e+002 +9.348204311e+002 +5.6056e-001 -3.7096e-001
562 0 +3.628766312e-004 +9.348203629e+002 +9.348203629e+002 +5.6148e-001 -3.7200e-001
567 0 +3.247891927e-004 +9.348203248e+002 +9.348203248e+002 +5.6180e-001 -3.7229e-001
568 0 +2.808139003e-004 +9.348202808e+002 +9.348202808e+002 +5.6254e-001 -3.7313e-001
576 0 +2.669718282e-004 +9.348202670e+002 +9.348202670e+002 +5.6234e-001 -3.7276e-001
578 0 +2.307158642e-004 +9.348202307e+002 +9.348202307e+002 +5.6287e-001 -3.7317e-001
584 0 +2.241432018e-004 +9.348202241e+002 +9.348202241e+002 +5.6318e-001 -3.7359e-001
588 0 +2.005561706e-004 +9.348202006e+002 +9.348202006e+002 +5.6446e-001 -3.7532e-001
592 0 +1.758427270e-004 +9.348201758e+002 +9.348201758e+002 +5.6536e-001 -3.7632e-001
600 0 +1.680706557e-004 +9.348201681e+002 +9.348201681e+002 +5.6576e-001 -3.7683e-001
604 0 +1.646464492e-004 +9.348201646e+002 +9.348201646e+002 +5.6601e-001 -3.7708e-001
619 0 +1.620836066e-004 +9.348201621e+002 +9.348201621e+002 +5.6621e-001 -3.7731e-001
623 0 +1.571907360e-004 +9.348201572e+002 +9.348201572e+002 +5.6672e-001 -3.7790e-001
644 0 +1.537198209e-004 +9.348201537e+002 +9.348201537e+002 +5.6713e-001 -3.7838e-001
649 0 +1.469659537e-004 +9.348201470e+002 +9.348201470e+002 +5.6822e-001 -3.7969e-001
652 0 +1.424459858e-004 +9.348201424e+002 +9.348201424e+002 +5.6922e-001 -3.8093e-001
667 0 +1.399905353e-004 +9.348201400e+002 +9.348201400e+002 +5.6907e-001 -3.8077e-001
671 0 +1.207761328e-004 +9.348201208e+002 +9.348201208e+002 +5.6863e-001 -3.8045e-001
674 0 +1.128292880e-004 +9.348201128e+002 +9.348201128e+002 +5.6935e-001 -3.8134e-001
675 0 +1.075462320e-004 +9.348201075e+002 +9.348201075e+002 +5.7053e-001 -3.8276e-001
679 0 +1.003315307e-004 +9.348201003e+002 +9.348201003e+002 +5.6981e-001 -3.8205e-001
688 0 +8.670424677e-005 +9.348200867e+002 +9.348200867e+002 +5.7113e-001 -3.8368e-001
697 0 +8.395007285e-005 +9.348200840e+002 +9.348200840e+002 +5.7098e-001 -3.8375e-001
700 0 +6.788637177e-005 +9.348200679e+002 +9.348200679e+002 +5.7293e-001 -3.8600e-001
708 0 +6.693361468e-005 +9.348200669e+002 +9.348200669e+002 +5.7296e-001 -3.8605e-001
712 0 +6.114020641e-005 +9.348200611e+002 +9.348200611e+002 +5.7449e-001 -3.8796e-001
718 0 +5.225809844e-005 +9.348200523e+002 +9.348200523e+002 +5.7535e-001 -3.8910e-001
721 0 +4.549777566e-005 +9.348200455e+002 +9.348200455e+002 +5.7733e-001 -3.9164e-001
723 0 +4.396519603e-005 +9.348200440e+002 +9.348200440e+002 +5.7797e-001 -3.9246e-001
724 0 +4.237252460e-005 +9.348200424e+002 +9.348200424e+002 +5.7672e-001 -3.9089e-001
726 0 +3.995835323e-005 +9.348200400e+002 +9.348200400e+002 +5.7694e-001 -3.9118e-001
738 0 +3.831049980e-005 +9.348200383e+002 +9.348200383e+002 +5.7754e-001 -3.9195e-001
740 0 +3.743033824e-005 +9.348200374e+002 +9.348200374e+002 +5.7694e-001 -3.9121e-001
747 0 +3.653720705e-005 +9.348200365e+002 +9.348200365e+002 +5.7719e-001 -3.9152e-001
773 0 +3.630533683e-005 +9.348200363e+002 +9.348200363e+002 +5.7719e-001 -3.9153e-001
784 0 +3.421464135e-005 +9.348200342e+002 +9.348200342e+002 +5.7749e-001 -3.9193e-001
788 0 +3.242074229e-005 +9.348200324e+002 +9.348200324e+002 +5.7771e-001 -3.9222e-001
795 0 +2.903982386e-005 +9.348200290e+002 +9.348200290e+002 +5.7842e-001 -3.9315e-001
800 0 +2.645132633e-005 +9.348200265e+002 +9.348200265e+002 +5.7951e-001 -3.9456e-001
804 0 +2.350598982e-005 +9.348200235e+002 +9.348200235e+002 +5.8043e-001 -3.9577e-001
809 0 +2.185487074e-005 +9.348200219e+002 +9.348200219e+002 +5.7924e-001 -3.9426e-001
812 0 +1.926572872e-005 +9.348200193e+002 +9.348200193e+002 +5.8081e-001 -3.9630e-001
821 0 +1.797621974e-005 +9.348200180e+002 +9.348200180e+002 +5.7855e-001 -3.9380e-001
822 0 +1.758194844e-005 +9.348200176e+002 +9.348200176e+002 +5.7832e-001 -3.9317e-001
823 0 +7.024457545e-006 +9.348200070e+002 +9.348200070e+002 +5.8064e-001 -3.9624e-001
832 0 +2.277456133e-006 +9.348200023e+002 +9.348200023e+002 +5.8153e-001 -3.9748e-001
834 0 +6.423078958e-009 +9.348200000e+002 +9.348200000e+002 +5.8313e-001 -3.9966e-001
% f evaluations | g evaluations | best noise-free fitness - Fopt (-6.371000000000e+001) + sum g_i+ | measured fitness | best measured fitness or single-digit g-values | x1 | x2...
1 0 +1.857658065e+003 +1.793948065e+003 +1.793948065e+003 +3.4470e+000 -4.8834e+000
2 0 +4.805286641e+002 +4.168186641e+002 +4.168186641e+002 +8.8926e-001 -1.7559e+000
18 0 +2.445475285e+002 +1.808375285e+002 +1.808375285e+002 +1.6576e+000 -4.5427e-001
19 0 +5.984871300e+000 -5.772512870e+001 -5.772512870e+001 -1.1336e-001 +4.2932e-002
35 0 +1.613386752e+000 -6.209661325e+001 -6.209661325e+001 +1.3802e-001 +3.4155e-002
64 0 +1.454271981e+000 -6.225572802e+001 -6.225572802e+001 +1.0227e+000 -4.5841e-001
84 0 +4.990352934e-002 -6.366009647e+001 -6.366009647e+001 +9.1312e-001 -4.1576e-001
92 0 +1.705007418e-002 -6.369294993e+001 -6.369294993e+001 +9.0353e-001 -4.1576e-001
169 0 +1.541763280e-002 -6.369458237e+001 -6.369458237e+001 +7.7790e-001 -3.0821e-001
175 0 +3.415176102e-003 -6.370658482e+001 -6.370658482e+001 +7.4596e-001 -2.8655e-001
212 0 +2.810798772e-003 -6.370718920e+001 -6.370718920e+001 +7.6441e-001 -3.0322e-001
219 0 +8.772754633e-004 -6.370912272e+001 -6.370912272e+001 +6.5976e-001 -2.2357e-001
221 0 +8.295119839e-005 -6.370991705e+001 -6.370991705e+001 +6.6295e-001 -2.2388e-001
225 0 +7.327772053e-006 -6.370999267e+001 -6.370999267e+001 +6.7352e-001 -2.3237e-001
246 0 +4.639746599e-006 -6.370999536e+001 -6.370999536e+001 +6.6943e-001 -2.2918e-001
253 0 +2.294138142e-007 -6.370999977e+001 -6.370999977e+001 +6.6984e-001 -2.2961e-001
270 0 +7.832852589e-009 -6.370999999e+001 -6.370999999e+001 +6.6916e-001 -2.2909e-001
% f evaluations | g evaluations | best noise-free fitness - Fopt (1.000000000000e+003) + sum g_i+ | measured fitness | best measured fitness or single-digit g-values | x1 | x2...
1 0 +3.792367067e+002 +1.379236707e+003 +1.379236707e+003 +2.4744e-001 -4.2361e+000
6 0 +7.200122455e+000 +1.007200122e+003 +1.007200122e+003 +2.4219e-001 +5.1748e-002
15 0 +4.452027247e+000 +1.004452027e+003 +1.004452027e+003 +2.3965e-002 +4.2622e-002
20 0 +3.597571534e+000 +1.003597572e+003 +1.003597572e+003 -2.9759e-001 +1.4062e-001
31 0 +1.430115795e-001 +1.000143012e+003 +1.000143012e+003 -1.2823e+000 -7.8262e-001
71 0 +7.935722490e-002 +1.000079357e+003 +1.000079357e+003 -1.1875e+000 -6.9869e-001
72 0 +1.886152162e-002 +1.000018862e+003 +1.000018862e+003 -8.9437e-001 -4.3557e-001
112 0 +1.321486396e-002 +1.000013215e+003 +1.000013215e+003 -5.7131e-001 -1.7494e-001
130 0 +4.901208166e-004 +1.000000490e+003 +1.000000490e+003 -6.2605e-001 -2.1099e-001
175 0 +4.122093159e-004 +1.000000412e+003 +1.000000412e+003 -6.3623e-001 -2.1827e-001
180 0 +1.595780050e-004 +1.000000160e+003 +1.000000160e+003 -6.5003e-001 -2.2926e-001
187 0 +1.189957295e-004 +1.000000119e+003 +1.000000119e+003 -6.4641e-001 -2.2677e-001
189 0 +1.022510584e-004 +1.000000102e+003 +1.000000102e+003 -6.5543e-001 -2.3456e-001
195 0 +7.468226318e-005 +1.000000075e+003 +1.000000075e+003 -6.5506e-001 -2.3416e-001
199 0 +2.341819823e-005 +1.000000023e+003 +1.000000023e+003 -6.6058e-001 -2.3789e-001
200 0 +7.404894632e-006 +1.000000007e+003 +1.000000007e+003 -6.6008e-001 -2.3778e-001
216 0 +5.205695174e-006 +1.000000005e+003 +1.000000005e+003 -6.6087e-001 -2.3841e-001
220 0 +4.787219609e-006 +1.000000005e+003 +1.000000005e+003 -6.6093e-001 -2.3844e-001
223 0 +2.955507739e-006 +1.000000003e+003 +1.000000003e+003 -6.6190e-001 -2.3923e-001
226 0 +1.250323066e-006 +1.000000001e+003 +1.000000001e+003 -6.6366e-001 -2.4063e-001
233 0 +1.186702548e-006 +1.000000001e+003 +1.000000001e+003 -6.6421e-001 -2.4108e-001
246 0 +8.509089184e-007 +1.000000001e+003 +1.000000001e+003 -6.6415e-001 -2.4102e-001
249 0 +6.355651294e-008 +1.000000000e+003 +1.000000000e+003 -6.6463e-001 -2.4136e-001
262 0 +1.818989404e-012 +1.000000000e+003 +1.000000000e+003 -6.6464e-001 -2.4135e-001
% f evaluations | g evaluations | best noise-free fitness - Fopt (3.197000000000e+001) + sum g_i+ | measured fitness | best measured fitness or single-digit g-values | x1 | x2...
1 0 +1.821299993e+004 +1.824496993e+004 +1.824496993e+004 +2.8478e+000 -4.8148e+000
2 0 +4.370814060e+002 +4.690514060e+002 +4.690514060e+002 -1.2266e+000 +1.8717e+000
10 0 +3.855447277e+002 +4.175147277e+002 +4.175147277e+002 +2.1701e+000 +1.9309e+000
13 0 +6.675425133e+001 +9.872425133e+001 +9.872425133e+001 +5.9997e-001 +6.3268e-001
17 0 +6.481448657e+000 +3.845144866e+001 +3.845144866e+001 +2.3570e+000 -2.2027e+000
33 0 +2.193930674e+000 +3.416393067e+001 +3.416393067e+001 +2.3873e+000 -2.1107e+000
56 0 +9.506211599e-001 +3.292062116e+001 +3.292062116e+001 -1.0586e-001 -2.2737e-001
59 0 +8.940471668e-001 +3.286404717e+001 +3.286404717e+001 -3.8976e-001 +3.1049e-001
98 0 +2.535150070e-001 +3.222351501e+001 +3.222351501e+001 -1.3481e-001 -6.2192e-002
122 0 +1.955440309e-001 +3.216554403e+001 +3.216554403e+001 -1.9856e-001 +7.2511e-004
129 0 +1.894627379e-001 +3.215946274e+001 +3.215946274e+001 +2.8310e-002 -3.4030e-001
132 0 +1.055662735e-001 +3.207556627e+001 +3.207556627e+001 -6.6714e-002 -2.0557e-001
140 0 +9.406978768e-002 +3.206406979e+001 +3.206406979e+001 -7.6476e-002 -1.7891e-001
156 0 +7.716866878e-002 +3.204716867e+001 +3.204716867e+001 +1.0053e-003 -2.6481e-001
160 0 +7.252819633e-002 +3.204252820e+001 +3.204252820e+001 +6.8872e-002 -3.4041e-001
163 0 +5.794076095e-002 +3.202794076e+001 +3.202794076e+001 +7.2757e-003 -2.7909e-001
174 0 +2.897381885e-002 +3.199897382e+001 +3.199897382e+001 +8.2659e-002 -3.7076e-001
201 0 +2.817625757e-002 +3.199817626e+001 +3.199817626e+001 +1.6173e-001 -4.6609e-001
203 0 +2.524632760e-002 +3.199524633e+001 +3.199524633e+001 +1.1396e-001 -4.1080e-001
204 0 +2.217327639e-002 +3.199217328e+001 +3.199217328e+001 +1.1769e-001 -4.1321e-001
214 0 +2.150974840e-002 +3.199150975e+001 +3.199150975e+001 +1.2665e-001 -4.2380e-001
217 0 +2.109384187e-002 +3.199109384e+001 +3.199109384e+001 +1.3005e-001 -4.2762e-001
219 0 +1.850898294e-002 +3.198850898e+001 +3.198850898e+001 +1.3542e-001 -4.3217e-001
224 0 +1.332047693e-002 +3.198332048e+001 +3.198332048e+001 +1.6979e-001 -4.6895e-001
245 0 +1.153674449e-002 +3.198153674e+001 +3.198153674e+001 +1.8137e-001 -4.8087e-001
247 0 +8.446633820e-003 +3.197844663e+001 +3.197844663e+001 +2.1634e-001 -5.1734e-001
256 0 +7.914965220e-003 +3.197791497e+001 +3.197791497e+001 +2.2658e-001 -5.2794e-001
267 0 +2.310418562e-003 +3.197231042e+001 +3.197231042e+001 +2.5728e-001 -5.5382e-001
270 0 +1.601322639e-003 +3.197160132e+001 +3.197160132e+001 +2.6752e-001 -5.6441e-001
278 0 +7.729971793e-004 +3.197077300e+001 +3.197077300e+001 +2.9324e-001 -5.8902e-001
287 0 +1.970104338e-004 +3.197019701e+001 +3.197019701e+001 +3.0993e-001 -6.0659e-001
293 0 +1.314684059e-004 +3.197013147e+001 +3.197013147e+001 +3.1223e-001 -6.0860e-001
297 0 +1.242047316e-004 +3.197012420e+001 +3.197012420e+001 +3.1352e-001 -6.0992e-001
314 0 +7.357381975e-007 +3.197000074e+001 +3.197000074e+001 +3.3059e-001 -6.2605e-001
323 0 +2.666516110e-007 +3.197000027e+001 +3.197000027e+001 +3.2989e-001 -6.2530e-001
344 0 +5.278974768e-008 +3.197000005e+001 +3.197000005e+001 +3.2993e-001 -6.2536e-001
347 0 +4.663395003e-008 +3.197000005e+001 +3.197000005e+001 +3.2992e-001 -6.2536e-001
359 0 +1.369286906e-010 +3.197000000e+001 +3.197000000e+001 +3.2994e-001 -6.2539e-001
% f evaluations | g evaluations | best noise-free fitness - Fopt (5.819000000000e+001) + sum g_i+ | measured fitness | best measured fitness or single-digit g-values | x1 | x2...
1 0 +7.792979931e+003 +7.851169931e+003 +7.851169931e+003 -7.8566e-001 +3.4156e+000
3 0 +9.247085974e+001 +1.506608597e+002 +1.506608597e+002 -9.8869e-001 -2.2471e-001
22 0 +3.036137699e+001 +8.855137699e+001 +8.855137699e+001 -5.6571e-001 +1.1911e+000
24 0 +2.118271734e+001 +7.937271734e+001 +7.937271734e+001 -8.8569e-001 +7.6220e-001
26 0 +1.367310119e+000 +5.955731012e+001 +5.955731012e+001 +2.8837e+000 -1.1746e+000
46 0 +5.948775896e-002 +5.824948776e+001 +5.824948776e+001 +2.3651e-001 -3.2858e-001
70 0 +5.731913324e-002 +5.824731913e+001 +5.824731913e+001 +6.0053e-001 -5.0057e-001
119 0 +4.186793522e-002 +5.823186794e+001 +5.823186794e+001 +9.4538e-001 -6.4518e-001
127 0 +4.085408014e-002 +5.823085408e+001 +5.823085408e+001 +8.7098e-001 -6.1521e-001
146 0 +3.712244796e-002 +5.822712245e+001 +5.822712245e+001 +9.5177e-001 -6.5023e-001
150 0 +2.118257283e-002 +5.821118257e+001 +5.821118257e+001 +6.7436e-001 -5.4854e-001
152 0 +1.090366058e-002 +5.820090366e+001 +5.820090366e+001 +7.2031e-001 -5.6368e-001
163 0 +6.392379599e-003 +5.819639238e+001 +5.819639238e+001 +6.8852e-001 -5.4927e-001
179 0 +4.271180554e-003 +5.819427118e+001 +5.819427118e+001 +6.4212e-001 -5.3083e-001
195 0 +2.149503623e-003 +5.819214950e+001 +5.819214950e+001 +5.9671e-001 -5.1152e-001
218 0 +1.956055159e-003 +5.819195606e+001 +5.819195606e+001 +6.0701e-001 -5.1533e-001
228 0 +1.713368875e-003 +5.819171337e+001 +5.819171337e+001 +5.9949e-001 -5.1217e-001
236 0 +1.633490192e-003 +5.819163349e+001 +5.819163349e+001 +6.0146e-001 -5.1278e-001
237 0 +1.461656114e-003 +5.819146166e+001 +5.819146166e+001 +5.8886e-001 -5.0774e-001
238 0 +1.169875926e-003 +5.819116988e+001 +5.819116988e+001 +5.8331e-001 -5.0520e-001
246 0 +9.672910474e-004 +5.819096729e+001 +5.819096729e+001 +5.6956e-001 -4.9944e-001
253 0 +5.646502533e-004 +5.819056465e+001 +5.819056465e+001 +5.6760e-001 -4.9800e-001
257 0 +3.750309602e-004 +5.819037503e+001 +5.819037503e+001 +5.5902e-001 -4.9419e-001
264 0 +2.638020491e-004 +5.819026380e+001 +5.819026380e+001 +5.3907e-001 -4.8444e-001
270 0 +2.274953597e-004 +5.819022750e+001 +5.819022750e+001 +5.4085e-001 -4.8532e-001
280 0 +1.405500549e-004 +5.819014055e+001 +5.819014055e+001 +5.3491e-001 -4.8279e-001
289 0 +8.629807723e-005 +5.819008630e+001 +5.819008630e+001 +5.3179e-001 -4.8152e-001
290 0 +2.601374882e-005 +5.819002601e+001 +5.819002601e+001 +5.2791e-001 -4.7998e-001
295 0 +2.482976100e-007 +5.819000025e+001 +5.819000025e+001 +5.2210e-001 -4.7758e-001
304 0 +6.727541546e-008 +5.819000007e+001 +5.819000007e+001 +5.2121e-001 -4.7720e-001
306 0 +3.923235425e-008 +5.819000004e+001 +5.819000004e+001 +5.2132e-001 -4.7725e-001
325 0 +5.897007327e-010 +5.819000000e+001 +5.819000000e+001 +5.2158e-001 -4.7737e-001
% f evaluations | g evaluations | best noise-free fitness - Fopt (-4.840000000000e+000) + sum g_i+ | measured fitness | best measured fitness or single-digit g-values | x1 | x2...
1 0 +2.203493310e+002 +2.155093310e+002 +2.155093310e+002 +9.5167e-001 +5.3353e-001
7 0 +4.909050727e+001 +4.425050727e+001 +4.425050727e+001 -7.3190e-001 -7.6236e-001
20 0 +2.513491074e+001 +2.029491074e+001 +2.029491074e+001 +2.4073e-001 -2.6667e-001
23 0 +5.330109859e-001 -4.306989014e+000 -4.306989014e+000 -1.7013e-001 -3.9473e-001
38 0 +3.785571697e-001 -4.461442830e+000 -4.461442830e+000 -2.1262e-001 -2.8320e-001
80 0 +3.048964263e-001 -4.535103574e+000 -4.535103574e+000 -1.8133e-001 -1.8361e-001
91 0 +8.512678431e-002 -4.754873216e+000 -4.754873216e+000 -6.3634e-002 +4.2176e-001
103 0 +8.137508593e-002 -4.758624914e+000 -4.758624914e+000 -9.1218e-002 +3.3738e-001
112 0 +6.287579369e-002 -4.777124206e+000 -4.777124206e+000 -4.6424e-002 +4.6302e-001
115 0 +6.090635923e-002 -4.779093641e+000 -4.779093641e+000 -5.2172e-002 +4.4635e-001
117 0 +3.466688506e-002 -4.805333115e+000 -4.805333115e+000 +2.7609e-002 +6.4254e-001
123 0 +2.740099631e-002 -4.812599004e+000 -4.812599004e+000 -4.7271e-002 +4.1802e-001
129 0 +1.969611940e-002 -4.820303881e+000 -4.820303881e+000 -4.5740e-002 +4.3933e-001
132 0 +1.594492028e-002 -4.824055080e+000 -4.824055080e+000 -2.0896e-002 +4.9091e-001
133 0 +5.181036679e-003 -4.834818963e+000 -4.834818963e+000 +7.4320e-003 +5.6857e-001
157 0 +4.466072676e-003 -4.835533927e+000 -4.835533927e+000 +1.7458e-002 +6.0159e-001
166 0 +3.743371890e-003 -4.836256628e+000 -4.836256628e+000 +1.7928e-002 +6.0159e-001
170 0 +3.299339434e-003 -4.836700661e+000 -4.836700661e+000 +1.4292e-002 +5.8940e-001
186 0 +3.136380973e-003 -4.836863619e+000 -4.836863619e+000 +1.5880e-002 +5.9388e-001
194 0 +3.068307397e-003 -4.836931693e+000 -4.836931693e+000 +1.5880e-002 +5.9282e-001
196 0 +2.613183211e-003 -4.837386817e+000 -4.837386817e+000 +2.0620e-002 +6.0585e-001
204 0 +2.284005008e-003 -4.837715995e+000 -4.837715995e+000 +2.2908e-002 +6.1101e-001
208 0 +2.098926359e-003 -4.837901074e+000 -4.837901074e+000 +2.3739e-002 +6.1193e-001
209 0 +1.896566532e-003 -4.838103433e+000 -4.838103433e+000 +2.5640e-002 +6.1621e-001
211 0 +1.583295045e-003 -4.838416705e+000 -4.838416705e+000 +2.9939e-002 +6.2793e-001
218 0 +1.496849886e-003 -4.838503150e+000 -4.838503150e+000 +3.0458e-002 +6.2690e-001
219 0 +1.472458868e-003 -4.838527541e+000 -4.838527541e+000 +3.0349e-002 +6.2838e-001
220 0 +8.707459919e-004 -4.839129254e+000 -4.839129254e+000 +3.8086e-002 +6.4675e-001
223 0 +8.098209147e-004 -4.839190179e+000 -4.839190179e+000 +3.9582e-002 +6.5054e-001
225 0 +5.105202619e-004 -4.839489480e+000 -4.839489480e+000 +4.3515e-002 +6.5903e-001
239 0 +3.894584225e-004 -4.839610542e+000 -4.839610542e+000 +4.5966e-002 +6.6470e-001
242 0 +3.816128363e-004 -4.839618387e+000 -4.839618387e+000 +4.6159e-002 +6.6517e-001
247 0 +2.972147141e-004 -4.839702785e+000 -4.839702785e+000 +4.8163e-002 +6.6983e-001
250 0 +2.460500209e-004 -4.839753950e+000 -4.839753950e+000 +4.9539e-002 +6.7303e-001
253 0 +2.226918855e-004 -4.839777308e+000 -4.839777308e+000 +5.0107e-002 +6.7424e-001
258 0 +1.422065909e-004 -4.839857793e+000 -4.839857793e+000 +5.2962e-002 +6.8033e-001
259 0 +1.388778920e-004 -4.839861122e+000 -4.839861122e+000 +5.4972e-002 +6.8448e-001
262 0 +1.229526787e-004 -4.839877047e+000 -4.839877047e+000 +5.6303e-002 +6.8747e-001
269 0 +9.448277643e-005 -4.839905517e+000 -4.839905517e+000 +5.7242e-002 +6.8973e-001
276 0 +7.510708315e-005 -4.839924893e+000 -4.839924893e+000 +6.1845e-002 +7.0012e-001
279 0 +5.668556169e-005 -4.839943314e+000 -4.839943314e+000 +6.2754e-002 +7.0231e-001
280 0 +3.507418163e-005 -4.839964926e+000 -4.839964926e+000 +6.2487e-002 +7.0188e-001
283 0 +1.333674906e-005 -4.839986663e+000 -4.839986663e+000 +5.9984e-002 +6.9683e-001
287 0 +8.582047198e-006 -4.839991418e+000 -4.839991418e+000 +6.4544e-002 +7.0695e-001
288 0 +3.714912501e-006 -4.839996285e+000 -4.839996285e+000 +6.4571e-002 +7.0716e-001
291 0 +2.355823708e-006 -4.839997644e+000 -4.839997644e+000 +6.4621e-002 +7.0742e-001
292 0 +4.700076195e-007 -4.839999530e+000 -4.839999530e+000 +6.3841e-002 +7.0561e-001
297 0 +5.975180084e-008 -4.839999940e+000 -4.839999940e+000 +6.3044e-002 +7.0382e-001
303 0 +2.765636609e-010 -4.840000000e+000 -4.840000000e+000 +6.3261e-002 +7.0430e-001
% f evaluations | g evaluations | best noise-free fitness - Fopt (-6.337000000000e+001) + sum g_i+ | measured fitness | best measured fitness or single-digit g-values | x1 | x2...
1 0 +5.540499963e+004 +5.534162963e+004 +5.534162963e+004 -4.3681e+000 +4.4776e+000
2 0 +2.085285215e+003 +2.021915215e+003 +2.021915215e+003 -3.8957e+000 +2.1702e+000
6 0 +8.626859910e+002 +7.993159910e+002 +7.993159910e+002 -3.1134e+000 -1.6358e+000
7 0 +6.929535436e+002 +6.295835436e+002 +6.295835436e+002 -3.2266e+000 +3.5513e-001
10 0 +6.227996015e+002 +5.594296015e+002 +5.594296015e+002 -3.3901e+000 +4.4286e-001
11 0 +8.857901693e+000 -5.451209831e+001 -5.451209831e+001 -2.0571e-002 +2.8857e-002
18 0 +3.318925975e+000 -6.005107402e+001 -6.005107402e+001 +2.8072e-002 +8.2314e-001
50 0 +6.517520682e-001 -6.271824793e+001 -6.271824793e+001 +3.2807e-001 +4.3531e-001
63 0 +2.578635367e-001 -6.311213646e+001 -6.311213646e+001 +1.5365e-002 -2.2727e-001
64 0 +2.461419834e-001 -6.312385802e+001 -6.312385802e+001 -3.3235e-001 -6.3012e-001
76 0 +6.317299223e-002 -6.330682701e+001 -6.330682701e+001 -3.9229e-001 -7.3635e-001
92 0 +3.678966473e-002 -6.333321034e+001 -6.333321034e+001 -5.1004e-001 -8.4317e-001
112 0 +1.307524551e-002 -6.335692475e+001 -6.335692475e+001 -4.0105e-001 -7.2436e-001
156 0 +2.758583941e-003 -6.336724142e+001 -6.336724142e+001 -3.1109e-001 -6.4354e-001
164 0 +1.922079923e-003 -6.336807792e+001 -6.336807792e+001 -2.4096e-001 -5.6709e-001
171 0 +8.567149485e-004 -6.336914329e+001 -6.336914329e+001 -2.8850e-001 -6.1866e-001
178 0 +6.875483054e-004 -6.336931245e+001 -6.336931245e+001 -3.1845e-001 -6.4610e-001
180 0 +1.750945347e-004 -6.336982491e+001 -6.336982491e+001 -3.1367e-001 -6.4202e-001
182 0 +4.362979438e-005 -6.336995637e+001 -6.336995637e+001 -3.1688e-001 -6.4630e-001
185 0 +4.176936444e-005 -6.336995823e+001 -6.336995823e+001 -3.1592e-001 -6.4488e-001
199 0 +2.329944081e-006 -6.336999767e+001 -6.336999767e+001 -3.0750e-001 -6.3642e-001
217 0 +6.185243961e-008 -6.336999994e+001 -6.336999994e+001 -3.0799e-001 -6.3702e-001
240 0 +7.619931353e-010 -6.337000000e+001 -6.337000000e+001 -3.0761e-001 -6.3663e-001
% f evaluations | g evaluations | best noise-free fitness - Fopt (2.750000000000e+000) + sum g_i+ | measured fitness | best measured fitness or single-digit g-values | x1 | x2...
1 0 +6.277090897e+003 +6.279840897e+003 +6.279840897e+003 -2.6584e+000 +2.5303e+000
2 0 +6.912527025e+002 +6.940027025e+002 +6.940027025e+002 -5.8287e-001 -2.1260e+000
3 0 +1.320616306e+001 +1.595616306e+001 +1.595616306e+001 +9.9834e-001 -3.3194e+000
19 0 +2.248940273e+000 +4.998940273e+000 +4.998940273e+000 +9.0693e-001 -3.5696e+000
41 0 +1.511618824e+000 +4.261618824e+000 +4.261618824e+000 +4.7016e-001 -5.5810e-001
53 0 +3.304724723e-001 +3.080472472e+000 +3.080472472e+000 +1.8327e-001 +7.0563e-002
72 0 +1.564907442e-002 +2.765649074e+000 +2.765649074e+000 +3.6301e-001 -3.9564e-001
114 0 +1.105020327e-002 +2.761050203e+000 +2.761050203e+000 +3.9734e-001 -4.9402e-001
116 0 +6.842876893e-003 +2.756842877e+000 +2.756842877e+000 +3.8210e-001 -4.5444e-001
147 0 +6.229810461e-003 +2.756229810e+000 +2.756229810e+000 +3.8149e-001 -4.5350e-001
154 0 +2.994453934e-003 +2.752994454e+000 +2.752994454e+000 +3.7999e-001 -4.5833e-001
157 0 +2.441280208e-003 +2.752441280e+000 +2.752441280e+000 +3.8471e-001 -4.6948e-001
181 0 +2.386059397e-003 +2.752386059e+000 +2.752386059e+000 +3.8540e-001 -4.7129e-001
189 0 +2.106526520e-003 +2.752106527e+000 +2.752106527e+000 +3.8663e-001 -4.7561e-001
206 0 +1.890295959e-003 +2.751890296e+000 +2.751890296e+000 +3.8858e-001 -4.8111e-001
209 0 +1.841219603e-003 +2.751841220e+000 +2.751841220e+000 +3.8938e-001 -4.8319e-001
218 0 +1.726532669e-003 +2.751726533e+000 +2.751726533e+000 +3.8927e-001 -4.8387e-001
219 0 +1.610683645e-003 +2.751610684e+000 +2.751610684e+000 +3.9116e-001 -4.8860e-001
222 0 +1.513313940e-003 +2.751513314e+000 +2.751513314e+000 +3.9341e-001 -4.9452e-001
223 0 +1.472123980e-003 +2.751472124e+000 +2.751472124e+000 +3.9231e-001 -4.9207e-001
227 0 +1.323399885e-003 +2.751323400e+000 +2.751323400e+000 +3.9339e-001 -4.9556e-001
234 0 +1.249975964e-003 +2.751249976e+000 +2.751249976e+000 +3.9449e-001 -4.9856e-001
235 0 +1.187099165e-003 +2.751187099e+000 +2.751187099e+000 +3.9612e-001 -5.0290e-001
242 0 +1.146507268e-003 +2.751146507e+000 +2.751146507e+000 +3.9568e-001 -5.0203e-001
243 0 +1.104290031e-003 +2.751104290e+000 +2.751104290e+000 +3.9826e-001 -5.0882e-001
247 0 +1.053052120e-003 +2.751053052e+000 +2.751053052e+000 +4.0067e-001 -5.1554e-001
248 0 +9.758098814e-004 +2.750975810e+000 +2.750975810e+000 +4.0043e-001 -5.1519e-001
253 0 +9.272218355e-004 +2.750927222e+000 +2.750927222e+000 +4.0119e-001 -5.1744e-001
255 0 +8.527751474e-004 +2.750852775e+000 +2.750852775e+000 +4.0220e-001 -5.2050e-001
260 0 +8.107011816e-004 +2.750810701e+000 +2.750810701e+000 +4.0282e-001 -5.2240e-001
273 0 +6.790767127e-004 +2.750679077e+000 +2.750679077e+000 +4.0578e-001 -5.3124e-001
281 0 +6.721301497e-004 +2.750672130e+000 +2.750672130e+000 +4.0699e-001 -5.3473e-001
288 0 +6.501980811e-004 +2.750650198e+000 +2.750650198e+000 +4.0838e-001 -5.3885e-001
294 0 +6.317809633e-004 +2.750631781e+000 +2.750631781e+000 +4.0837e-001 -5.3889e-001
296 0 +6.217402601e-004 +2.750621740e+000 +2.750621740e+000 +4.0767e-001 -5.3687e-001
297 0 +5.908411442e-004 +2.750590841e+000 +2.750590841e+000 +4.0794e-001 -5.3777e-001
298 0 +5.761481334e-004 +2.750576148e+000 +2.750576148e+000 +4.0764e-001 -5.3697e-001
307 0 +5.737886727e-004 +2.750573789e+000 +2.750573789e+000 +4.0727e-001 -5.3590e-001
329 0 +5.617626417e-004 +2.750561763e+000 +2.750561763e+000 +4.0673e-001 -5.3440e-001
340 0 +5.458817893e-004 +2.750545882e+000 +2.750545882e+000 +4.0605e-001 -5.3254e-001
345 0 +5.365918999e-004 +2.750536592e+000 +2.750536592e+000 +4.0573e-001 -5.3169e-001
376 0 +5.241475049e-004 +2.750524148e+000 +2.750524148e+000 +4.0595e-001 -5.3236e-001
383 0 +4.595975982e-004 +2.750459598e+000 +2.750459598e+000 +4.0558e-001 -5.3525e-001
384 0 +2.971250259e-004 +2.750297125e+000 +2.750297125e+000 +4.0608e-001 -5.3550e-001
392 0 +2.852796596e-004 +2.750285280e+000 +2.750285280e+000 +4.0615e-001 -5.3550e-001
403 0 +2.780478744e-004 +2.750278048e+000 +2.750278048e+000 +4.0624e-001 -5.3558e-001
409 0 +2.734033018e-004 +2.750273403e+000 +2.750273403e+000 +4.0632e-001 -5.3566e-001
427 0 +2.683130987e-004 +2.750268313e+000 +2.750268313e+000 +4.0642e-001 -5.3604e-001
440 0 +2.629885738e-004 +2.750262989e+000 +2.750262989e+000 +4.0654e-001 -5.3643e-001
443 0 +2.563727017e-004 +2.750256373e+000 +2.750256373e+000 +4.0669e-001 -5.3696e-001
448 0 +2.485478131e-004 +2.750248548e+000 +2.750248548e+000 +4.0686e-001 -5.3749e-001
452 0 +2.375693083e-004 +2.750237569e+000 +2.750237569e+000 +4.0715e-001 -5.3847e-001
460 0 +2.343749732e-004 +2.750234375e+000 +2.750234375e+000 +4.0721e-001 -5.3866e-001
463 0 +2.288977009e-004 +2.750228898e+000 +2.750228898e+000 +4.0733e-001 -5.3902e-001
467 0 +2.112230609e-004 +2.750211223e+000 +2.750211223e+000 +4.0777e-001 -5.4040e-001
472 0 +1.996547273e-004 +2.750199655e+000 +2.750199655e+000 +4.0808e-001 -5.4141e-001
478 0 +1.897057076e-004 +2.750189706e+000 +2.750189706e+000 +4.0835e-001 -5.4226e-001
482 0 +1.781431138e-004 +2.750178143e+000 +2.750178143e+000 +4.0880e-001 -5.4378e-001
483 0 +1.717866633e-004 +2.750171787e+000 +2.750171787e+000 +4.0900e-001 -5.4441e-001
486 0 +1.602093845e-004 +2.750160209e+000 +2.750160209e+000 +4.0949e-001 -5.4601e-001
488 0 +1.564415673e-004 +2.750156442e+000 +2.750156442e+000 +4.1011e-001 -5.4815e-001
497 0 +1.522438085e-004 +2.750152244e+000 +2.750152244e+000 +4.1097e-001 -5.5104e-001
513 0 +1.477650065e-004 +2.750147765e+000 +2.750147765e+000 +4.1030e-001 -5.4870e-001
539 0 +1.087931787e-004 +2.750108793e+000 +2.750108793e+000 +4.1057e-001 -5.4892e-001
546 0 +9.993942959e-005 +2.750099939e+000 +2.750099939e+000 +4.1105e-001 -5.5058e-001
552 0 +9.499925385e-005 +2.750094999e+000 +2.750094999e+000 +4.1126e-001 -5.5126e-001
556 0 +8.764949122e-005 +2.750087649e+000 +2.750087649e+000 +4.1178e-001 -5.5297e-001
557 0 +7.566258165e-005 +2.750075663e+000 +2.750075663e+000 +4.1214e-001 -5.5402e-001
559 0 +6.854879346e-005 +2.750068549e+000 +2.750068549e+000 +4.1198e-001 -5.5307e-001
561 0 +4.898232498e-005 +2.750048982e+000 +2.750048982e+000 +4.1302e-001 -5.5652e-001
563 0 +3.489228254e-005 +2.750034892e+000 +2.750034892e+000 +4.1361e-001 -5.5805e-001
577 0 +2.040772411e-005 +2.750020408e+000 +2.750020408e+000 +4.1506e-001 -5.6220e-001
585 0 +1.713923524e-005 +2.750017139e+000 +2.750017139e+000 +4.1704e-001 -5.6813e-001
594 0 +9.286308043e-006 +2.750009286e+000 +2.750009286e+000 +4.1727e-001 -5.6899e-001
596 0 +6.368069836e-007 +2.750000637e+000 +2.750000637e+000 +4.1742e-001 -5.6978e-001
605 0 +4.731315340e-009 +2.750000005e+000 +2.750000005e+000 +4.1760e-001 -5.7045e-001
% f evaluations | g evaluations | best noise-free fitness - Fopt (-4.681000000000e+001) + sum g_i+ | measured fitness | best measured fitness or single-digit g-values | x1 | x2...
1 0 +4.770886037e+003 +4.724076037e+003 +4.724076037e+003 -4.5848e+000 +4.9377e+000
2 0 +1.586340078e+003 +1.539530078e+003 +1.539530078e+003 -3.3920e+000 +1.4362e+000
5 0 +1.418805776e+002 +9.507057757e+001 +9.507057757e+001 -2.4963e+000 -3.7961e-001
8 0 +1.173798191e+001 -3.507201809e+001 -3.507201809e+001 -4.7423e+000 +3.7940e+000
20 0 +1.036603180e+001 -3.644396820e+001 -3.644396820e+001 -2.1332e+000 +2.6027e+000
39 0 +6.461688107e+000 -4.034831189e+001 -4.034831189e+001 -1.2150e+000 +2.2059e+000
44 0 +5.979449943e+000 -4.083055006e+001 -4.083055006e+001 -1.2180e+000 +2.1744e+000
76 0 +5.869037893e+000 -4.094096211e+001 -4.094096211e+001 -9.5007e-001 +2.0534e+000
84 0 +5.721039110e+000 -4.108896089e+001 -4.108896089e+001 -1.0240e+000 +2.0848e+000
104 0 +5.411744559e+000 -4.139825544e+001 -4.139825544e+001 -9.0662e-001 +2.0101e+000
105 0 +5.214742014e+000 -4.159525799e+001 -4.159525799e+001 -7.7726e-001 +1.9366e+000
109 0 +4.987426640e+000 -4.182257336e+001 -4.182257336e+001 -6.5893e-001 +1.8637e+000
124 0 +4.824364718e+000 -4.198563528e+001 -4.198563528e+001 -5.3033e-001 +1.7870e+000
134 0 +4.707083259e+000 -4.210291674e+001 -4.210291674e+001 -4.6499e-001 +1.7448e+000
136 0 +4.619088451e+000 -4.219091155e+001 -4.219091155e+001 -4.7153e-001 +1.7431e+000
139 0 +4.537223307e+000 -4.227277669e+001 -4.227277669e+001 -3.4297e-001 +1.6661e+000
157 0 +4.384670841e+000 -4.242532916e+001 -4.242532916e+001 -3.7219e-001 +1.6736e+000
166 0 +4.322216872e+000 -4.248778313e+001 -4.248778313e+001 -3.5434e-001 +1.6590e+000
297 0 +4.264271638e+000 -4.254572836e+001 -4.254572836e+001 -3.5611e-001 +1.6512e+000
388 0 +4.154708469e+000 -4.265529153e+001 -4.265529153e+001 -2.8634e-001 +1.6086e+000
421 0 +4.058373396e+000 -4.275162660e+001 -4.275162660e+001 -2.6401e-001 +1.5831e+000
439 0 +3.953459816e+000 -4.285654018e+001 -4.285654018e+001 -2.1714e-001 +1.5481e+000
450 0 +3.886153794e+000 -4.292384621e+001 -4.292384621e+001 -1.8642e-001 +1.5182e+000
457 0 +3.748255440e+000 -4.306174456e+001 -4.306174456e+001 -1.2135e-001 +1.4638e+000
459 0 +3.709047787e+000 -4.310095221e+001 -4.310095221e+001 -1.0481e-001 +1.4507e+000
464 0 +3.570728411e+000 -4.323927159e+001 -4.323927159e+001 -4.6702e-002 +1.4032e+000
466 0 +3.387745311e+000 -4.342225469e+001 -4.342225469e+001 +2.3749e-002 +1.3468e+000
473 0 +3.292279630e+000 -4.351772037e+001 -4.351772037e+001 +6.0053e-002 +1.3178e+000
477 0 +2.961185025e+000 -4.384881498e+001 -4.384881498e+001 +2.0083e-001 +1.2026e+000
478 0 +2.852291518e+000 -4.395770848e+001 -4.395770848e+001 +2.7416e-001 +1.1414e+000
530 0 +2.815899038e+000 -4.399410096e+001 -4.399410096e+001 +2.9573e-001 +1.1213e+000
560 0 +2.750076695e+000 -4.405992330e+001 -4.405992330e+001 +3.0157e-001 +1.1093e+000
565 0 +2.680940114e+000 -4.412905989e+001 -4.412905989e+001 +2.8140e-001 +1.0996e+000
572 0 +2.618747413e+000 -4.419125259e+001 -4.419125259e+001 +3.0157e-001 +1.0765e+000
579 0 +2.558493865e+000 -4.425150613e+001 -4.425150613e+001 +3.4178e-001 +9.9677e-001
580 0 +2.508373726e+000 -4.430162627e+001 -4.430162627e+001 +3.4842e-001 +9.9468e-001
585 0 +2.418696192e+000 -4.439130381e+001 -4.439130381e+001 +3.7170e-001 +9.6570e-001
596 0 +2.374177849e+000 -4.443582215e+001 -4.443582215e+001 +3.7605e-001 +9.8496e-001
604 0 +2.304280518e+000 -4.450571948e+001 -4.450571948e+001 +3.9559e-001 +9.4800e-001
605 0 +2.167366462e+000 -4.464263354e+001 -4.464263354e+001 +4.3576e-001 +8.7036e-001
611 0 +1.971044622e+000 -4.483895538e+001 -4.483895538e+001 +4.7684e-001 +8.1960e-001
614 0 +1.817572302e+000 -4.499242770e+001 -4.499242770e+001 +5.1204e-001 +7.6817e-001
625 0 +1.726283655e+000 -4.508371635e+001 -4.508371635e+001 +5.6827e-001 +7.0500e-001
641 0 +1.669125355e+000 -4.514087464e+001 -4.514087464e+001 +5.3993e-001 +7.0800e-001
660 0 +1.575218941e+000 -4.523478106e+001 -4.523478106e+001 +5.5337e-001 +6.6818e-001
663 0 +1.515557688e+000 -4.529444231e+001 -4.529444231e+001 +5.6706e-001 +6.4280e-001
670 0 +1.490345152e+000 -4.531965485e+001 -4.531965485e+001 +5.7155e-001 +6.3133e-001
671 0 +1.435398986e+000 -4.537460101e+001 -4.537460101e+001 +5.7790e-001 +6.0693e-001
673 0 +1.257739717e+000 -4.555226028e+001 -4.555226028e+001 +5.9514e-001 +5.2232e-001
674 0 +1.214928691e+000 -4.559507131e+001 -4.559507131e+001 +6.0997e-001 +4.7741e-001
676 0 +8.784773512e-001 -4.593152265e+001 -4.593152265e+001 +5.5494e-001 +2.1230e-001
678 0 +8.485351203e-001 -4.596146488e+001 -4.596146488e+001 +5.7020e-001 +2.8081e-001
686 0 +7.973792944e-001 -4.601262071e+001 -4.601262071e+001 +5.2143e-001 +1.6164e-001
690 0 +5.772108154e-001 -4.623278918e+001 -4.623278918e+001 +4.8094e-001 +1.7940e-001
708 0 +5.540183967e-001 -4.625598160e+001 -4.625598160e+001 +4.7247e-001 +1.4246e-001
712 0 +5.027674795e-001 -4.630723252e+001 -4.630723252e+001 +4.4710e-001 +1.1561e-001
713 0 +4.672160718e-001 -4.634278393e+001 -4.634278393e+001 +4.2944e-001 +1.0799e-001
716 0 +3.739291615e-001 -4.643607084e+001 -4.643607084e+001 +3.6590e-001 +4.7515e-002
722 0 +3.588646231e-001 -4.645113538e+001 -4.645113538e+001 +3.2508e-001 -6.1692e-003
730 0 +2.661971315e-001 -4.654380287e+001 -4.654380287e+001 +2.5430e-001 -5.0209e-002
737 0 +2.562732422e-001 -4.655372676e+001 -4.655372676e+001 +2.5450e-001 -4.3713e-002
740 0 +2.262038471e-001 -4.658379615e+001 -4.658379615e+001 +2.1863e-001 -6.3323e-002
742 0 +2.171387580e-001 -4.659286124e+001 -4.659286124e+001 +1.8844e-001 -9.3853e-002
753 0 +2.110004240e-001 -4.659899958e+001 -4.659899958e+001 +1.7336e-001 -1.0431e-001
759 0 +1.979770393e-001 -4.661202296e+001 -4.661202296e+001 +1.3056e-001 -1.3245e-001
768 0 +1.941644185e-001 -4.661583558e+001 -4.661583558e+001 +1.1548e-001 -1.4177e-001
781 0 +1.890181453e-001 -4.662098185e+001 -4.662098185e+001 +1.1548e-001 -1.4079e-001
783 0 +1.657392643e-001 -4.664426074e+001 -4.664426074e+001 +1.3056e-001 -1.2107e-001
784 0 +1.563468275e-001 -4.665365317e+001 -4.665365317e+001 +1.1548e-001 -1.2671e-001
786 0 +1.285829124e-001 -4.668141709e+001 -4.668141709e+001 +4.6480e-002 -1.7106e-001
798 0 +1.245284477e-001 -4.668547155e+001 -4.668547155e+001 +5.2980e-002 -1.5889e-001
800 0 +9.596935027e-002 -4.671403065e+001 -4.671403065e+001 -2.9423e-002 -2.0794e-001
802 0 +9.315014330e-002 -4.671684986e+001 -4.671684986e+001 -2.6325e-002 -1.9659e-001
804 0 +7.905366215e-002 -4.673094634e+001 -4.673094634e+001 -5.4628e-002 -2.1262e-001
816 0 +6.455056371e-002 -4.674544944e+001 -4.674544944e+001 -1.6566e-001 -2.5417e-001
817 0 +5.218444393e-002 -4.675781556e+001 -4.675781556e+001 -1.6101e-001 -2.6455e-001
824 0 +4.723939646e-002 -4.676276060e+001 -4.676276060e+001 -1.6566e-001 -2.6455e-001
829 0 +4.248168014e-002 -4.676751832e+001 -4.676751832e+001 -2.2544e-001 -2.9177e-001
838 0 +3.658365501e-002 -4.677341634e+001 -4.677341634e+001 -2.1833e-001 -2.8638e-001
854 0 +3.282146023e-002 -4.677717854e+001 -4.677717854e+001 -2.2412e-001 -2.8665e-001
859 0 +3.176936404e-002 -4.677823064e+001 -4.677823064e+001 -2.3153e-001 -2.8698e-001
866 0 +2.317694988e-002 -4.678682305e+001 -4.678682305e+001 -2.7657e-001 -3.0650e-001
868 0 +1.989181095e-002 -4.679010819e+001 -4.679010819e+001 -3.5576e-001 -3.3886e-001
873 0 +1.500451932e-002 -4.679499548e+001 -4.679499548e+001 -4.0752e-001 -3.5656e-001
874 0 +1.324655015e-002 -4.679675345e+001 -4.679675345e+001 -3.4923e-001 -3.3314e-001
881 0 +8.038716650e-003 -4.680196128e+001 -4.680196128e+001 -4.0268e-001 -3.5176e-001
889 0 +3.418804425e-003 -4.680658120e+001 -4.680658120e+001 -4.5678e-001 -3.6823e-001
895 0 +2.453369735e-003 -4.680754663e+001 -4.680754663e+001 -5.0053e-001 -3.8383e-001
897 0 +2.267367779e-003 -4.680773263e+001 -4.680773263e+001 -4.7890e-001 -3.7541e-001
910 0 +2.794332111e-004 -4.680972057e+001 -4.680972057e+001 -5.5051e-001 -3.9816e-001
918 0 +3.289143527e-005 -4.680996711e+001 -4.680996711e+001 -5.8954e-001 -4.0950e-001
924 0 +1.369282091e-005 -4.680998631e+001 -4.680998631e+001 -5.8110e-001 -4.0670e-001
944 0 +5.709509935e-006 -4.680999429e+001 -4.680999429e+001 -5.7442e-001 -4.0494e-001
950 0 +2.174814995e-008 -4.680999998e+001 -4.680999998e+001 -5.7857e-001 -4.0611e-001
959 0 +1.454526455e-008 -4.680999999e+001 -4.680999999e+001 -5.7864e-001 -4.0613e-001
964 0 +9.540812584e-010 -4.681000000e+001 -4.681000000e+001 -5.7887e-001 -4.0620e-001
% f evaluations | g evaluations | best noise-free fitness - Fopt (6.134000000000e+001) + sum g_i+ | measured fitness | best measured fitness or single-digit g-values | x1 | x2...
1 0 +6.498316212e+004 +6.504450212e+004 +6.504450212e+004 +3.6368e+000 -4.8838e+000
2 0 +2.923116263e+003 +2.984456263e+003 +2.984456263e+003 +4.0903e+000 +3.7754e+000
5 0 +4.418639920e+000 +6.575863992e+001 +6.575863992e+001 -3.0242e+000 -1.8842e+000
13 0 +1.304407027e+000 +6.264440703e+001 +6.264440703e+001 -2.4607e+000 -1.3227e+000
29 0 +3.731333205e-001 +6.171313332e+001 +6.171313332e+001 -1.1767e+000 -3.8357e-001
58 0 +1.475949329e-001 +6.148759493e+001 +6.148759493e+001 -1.2217e-001 +1.4914e-001
75 0 +3.117561474e-002 +6.137117561e+001 +6.137117561e+001 -6.4215e-001 -8.4342e-002
80 0 +7.812601283e-003 +6.134781260e+001 +6.134781260e+001 -5.5216e-001 -4.4582e-002
197 0 +1.818551090e-003 +6.134181855e+001 +6.134181855e+001 -6.3233e-001 -8.6768e-002
202 0 +8.170451408e-004 +6.134081705e+001 +6.134081705e+001 -6.9930e-001 -1.2244e-001
207 0 +6.296900516e-006 +6.134000630e+001 +6.134000630e+001 -6.9159e-001 -1.1974e-001
243 0 +2.992375414e-008 +6.134000003e+001 +6.134000003e+001 -6.9640e-001 -1.2232e-001
271 0 +8.840572718e-011 +6.134000000e+001 +6.134000000e+001 -6.9644e-001 -1.2234e-001
