% f evaluations | g evaluations | best noise-free fitness - Fopt (-4.620900000000e+002) + sum g_i+ | measured fitness | best measured fitness or single-digit g-values | x1 | x2...
1 0 +4.447560851e+002 -1.733391489e+001 -1.733391489e+001 -3.5390e+000 +2.9148e+000 -4.2746e+000
2 0 +2.267343229e+002 -2.353556771e+002 -2.353556771e+002 +3.7188e-001 -3.8051e+000 -8.2398e-001
4 0 +2.096485338e+002 -2.524414662e+002 -2.524414662e+002 +1.4752e+000 -4.5338e+000 +2.4385e+000
6 0 +9.586608291e+001 -3.662239171e+002 -3.662239171e+002 +8.9519e-001 +3.0915e+000 -1.2711e-001
7 0 +8.493794130e+001 -3.771520587e+002 -3.771520587e+002 -3.8609e+000 +9.2288e-001 +7.5904e-001
10 0 +3.701916222e+001 -4.250708378e+002 -4.250708378e+002 +2.3656e+000 +2.2399e+000 +1.0832e+000
19 0 +3.558019270e+001 -4.265098073e+002 -4.265098073e+002 -4.6650e-001 +8.1543e-001 +1.9478e+000
31 0 +2.041670676e+001 -4.416732932e+002 -4.416732932e+002 -8.7898e-001 +1.7214e+000 +1.5175e+000
88 0 +1.406220192e+001 -4.480277981e+002 -4.480277981e+002 +1.3227e+000 +2.2140e+000 +1.4685e+000
120 0 +9.294136190e+000 -4.527958638e+002 -4.527958638e+002 +3.9499e-001 +2.8460e+000 +1.5333e+000
221 0 +6.890749143e+000 -4.551992509e+002 -4.551992509e+002 +1.2863e+000 +2.8572e+000 +1.8781e+000
347 0 +6.727983303e+000 -4.553620167e+002 -4.553620167e+002 +3.3104e-001 +2.8589e+000 +2.1987e+000
471 0 +4.686280375e+000 -4.574037196e+002 -4.574037196e+002 +2.2050e+000 +2.3068e+000 +2.1926e+000
531 0 +3.959331827e+000 -4.581306682e+002 -4.581306682e+002 +2.2345e+000 +1.7137e+000 +2.1926e+000
556 0 +2.593409574e+000 -4.594965904e+002 -4.594965904e+002 +2.2551e+000 +2.3079e+000 +2.1873e+000
578 0 +2.468092732e+000 -4.596219073e+002 -4.596219073e+002 +2.2544e+000 +2.3071e+000 +2.1885e+000
589 0 +2.237440454e+000 -4.598525595e+002 -4.598525595e+002 +2.3045e+000 +2.3082e+000 +2.1832e+000
617 0 +2.120523579e+000 -4.599694764e+002 -4.599694764e+002 +2.2648e+000 +2.3079e+000 +2.1891e+000
619 0 +1.896888392e+000 -4.601931116e+002 -4.601931116e+002 +1.3530e+000 +2.3092e+000 +2.1931e+000
625 0 +1.502025916e+000 -4.605879741e+002 -4.605879741e+002 +2.2586e+000 +2.2997e+000 +2.1994e+000
634 0 +1.054700453e+000 -4.610352995e+002 -4.610352995e+002 +2.2756e+000 +2.3190e+000 +2.2050e+000
642 0 +6.792764196e-001 -4.614107236e+002 -4.614107236e+002 +2.2937e+000 +2.3081e+000 +2.2040e+000
676 0 +3.094957202e-001 -4.617805043e+002 -4.617805043e+002 +2.3244e+000 +2.3182e+000 +2.2080e+000
725 0 +1.362496388e-001 -4.619537504e+002 -4.619537504e+002 +2.3155e+000 +2.2964e+000 +2.2128e+000
728 0 +7.063928700e-002 -4.620193607e+002 -4.620193607e+002 +2.3328e+000 +2.2898e+000 +2.2130e+000
744 0 +6.059335507e-002 -4.620294066e+002 -4.620294066e+002 +2.3298e+000 +2.3038e+000 +2.2101e+000
755 0 +1.286914869e-002 -4.620771309e+002 -4.620771309e+002 +2.3410e+000 +2.2964e+000 +2.2137e+000
757 0 +1.101171761e-002 -4.620789883e+002 -4.620789883e+002 +2.3401e+000 +2.2966e+000 +2.2137e+000
784 0 +5.444789574e-004 -4.620894555e+002 -4.620894555e+002 +2.3404e+000 +2.3009e+000 +2.2134e+000
859 0 +3.472083632e-004 -4.620896528e+002 -4.620896528e+002 +2.3402e+000 +2.3000e+000 +2.2132e+000
865 0 +2.895924392e-004 -4.620897104e+002 -4.620897104e+002 +2.3401e+000 +2.2998e+000 +2.2133e+000
871 0 +3.735820002e-005 -4.620899626e+002 -4.620899626e+002 +2.3406e+000 +2.2999e+000 +2.2135e+000
880 0 +9.918722526e-006 -4.620899901e+002 -4.620899901e+002 +2.3406e+000 +2.3000e+000 +2.2136e+000
961 0 +4.161594120e-006 -4.620899958e+002 -4.620899958e+002 +2.3408e+000 +2.3001e+000 +2.2136e+000
997 0 +1.625350251e-006 -4.620899984e+002 -4.620899984e+002 +2.3407e+000 +2.3000e+000 +2.2136e+000
1028 0 +6.130478027e-007 -4.620899994e+002 -4.620899994e+002 +2.3408e+000 +2.3000e+000 +2.2136e+000
1042 0 +4.846701813e-007 -4.620899995e+002 -4.620899995e+002 +2.3408e+000 +2.3000e+000 +2.2136e+000
1075 0 +3.855257091e-007 -4.620899996e+002 -4.620899996e+002 +2.3408e+000 +2.3000e+000 +2.2136e+000
1099 0 +5.868042763e-008 -4.620899999e+002 -4.620899999e+002 +2.3408e+000 +2.3000e+000 +2.2136e+000
1115 0 +5.013873761e-009 -4.620900000e+002 -4.620900000e+002 +2.3408e+000 +2.3000e+000 +2.2136e+000
% f evaluations | g evaluations | best noise-free fitness - Fopt (7.766000000000e+001) + sum g_i+ | measured fitness | best measured fitness or single-digit g-values | x1 | x2...
1 0 +6.299778726e+001 +1.406577873e+002 +1.406577873e+002 -4.0759e+000 -1.3059e+000 +1.0921e-001
8 0 +4.522237017e+001 +1.228823702e+002 +1.228823702e+002 +2.1770e-001 +6.6556e-001 +3.3335e-001
49 0 +3.801599809e+001 +1.156759981e+002 +1.156759981e+002 +2.6063e-002 -1.0408e-001 +6.2769e-001
50 0 +2.972859980e+001 +1.073885998e+002 +1.073885998e+002 +3.6967e-001 +1.0035e+000 +6.7491e-001
103 0 +2.197203316e+001 +9.963203316e+001 +9.963203316e+001 -7.5706e-001 -3.8299e-001 +5.8578e-001
153 0 +1.594699008e+001 +9.360699008e+001 +9.360699008e+001 -6.2439e-001 -2.9160e-001 +6.0116e-001
286 0 +1.462417477e+001 +9.228417477e+001 +9.228417477e+001 -6.9822e-001 -8.7501e-001 +6.1230e-001
346 0 +1.419375420e+001 +9.185375420e+001 +9.185375420e+001 -6.9822e-001 -8.6051e-001 +6.0893e-001
352 0 +1.327740116e+001 +9.093740116e+001 +9.093740116e+001 -6.4493e-001 -8.6098e-001 +5.9963e-001
443 0 +1.296881929e+001 +9.062881929e+001 +9.062881929e+001 -6.4907e-001 -8.6255e-001 +5.8324e-001
1168 0 +9.325365852e+000 +8.698536585e+001 +8.698536585e+001 +1.3370e+000 -1.4659e+000 +9.1829e-001
1183 0 +7.356528222e+000 +8.501652822e+001 +8.501652822e+001 +5.0154e-001 -8.3810e-001 +1.2356e+000
1307 0 +7.070355589e+000 +8.473035559e+001 +8.473035559e+001 +1.3036e+000 -3.3660e-001 +9.6266e-001
1480 0 +4.602151692e+000 +8.226215169e+001 +8.226215169e+001 +1.4331e+000 -8.2160e-001 +1.2370e+000
1536 0 +3.988948465e+000 +8.164894847e+001 +8.164894847e+001 +1.4331e+000 -8.5276e-001 +1.2370e+000
1653 0 +2.473251904e+000 +8.013325190e+001 +8.013325190e+001 +1.4157e+000 -8.3294e-001 +1.2487e+000
1673 0 +1.799190178e+000 +7.945919018e+001 +7.945919018e+001 +1.4116e+000 -8.2126e-001 +1.2629e+000
1709 0 +1.708909950e+000 +7.936890995e+001 +7.936890995e+001 +1.4086e+000 -8.8766e-001 +1.2687e+000
1721 0 +1.341564257e+000 +7.900156426e+001 +7.900156426e+001 +1.3966e+000 -8.7714e-001 +1.2668e+000
1853 0 +1.100977699e+000 +7.876097770e+001 +7.876097770e+001 +1.4056e+000 -8.5610e-001 +1.2643e+000
1867 0 +1.041952440e+000 +7.870195244e+001 +7.870195244e+001 +1.4126e+000 -8.5610e-001 +1.2709e+000
1977 0 +1.014368028e+000 +7.867436803e+001 +7.867436803e+001 +1.4050e+000 -8.5613e-001 +1.2692e+000
2059 0 +9.996732781e-001 +7.865967328e+001 +7.865967328e+001 +1.4031e+000 -8.5357e-001 +1.2717e+000
5316 0 +7.667922641e-001 +7.842679226e+001 +7.842679226e+001 +2.3441e+000 -8.7252e-001 +1.2723e+000
5611 0 +4.311968795e-001 +7.809119688e+001 +7.809119688e+001 +2.3787e+000 -8.7984e-001 +1.2704e+000
5616 0 +2.334097091e-001 +7.789340971e+001 +7.789340971e+001 +2.3743e+000 -8.4239e-001 +1.2721e+000
5690 0 +1.507852847e-001 +7.781078528e+001 +7.781078528e+001 +2.3800e+000 -8.4624e-001 +1.2723e+000
5828 0 +6.404586141e-002 +7.772404586e+001 +7.772404586e+001 +2.3835e+000 -8.5066e-001 +1.2721e+000
5870 0 +3.874721130e-002 +7.769874721e+001 +7.769874721e+001 +2.3861e+000 -8.5545e-001 +1.2698e+000
5881 0 +2.578023899e-003 +7.766257802e+001 +7.766257802e+001 +2.3965e+000 -8.5636e-001 +1.2710e+000
6024 0 +1.142220611e-004 +7.766011422e+001 +7.766011422e+001 +2.3984e+000 -8.5633e-001 +1.2720e+000
6175 0 +1.034817200e-005 +7.766001035e+001 +7.766001035e+001 +2.3983e+000 -8.5590e-001 +1.2720e+000
6371 0 +1.043883756e-006 +7.766000104e+001 +7.766000104e+001 +2.3983e+000 -8.5602e-001 +1.2720e+000
6500 0 +7.935520046e-007 +7.766000079e+001 +7.766000079e+001 +2.3984e+000 -8.5599e-001 +1.2720e+000
6564 0 +5.968604455e-007 +7.766000060e+001 +7.766000060e+001 +2.3984e+000 -8.5599e-001 +1.2720e+000
6592 0 +2.524738534e-007 +7.766000025e+001 +7.766000025e+001 +2.3984e+000 -8.5600e-001 +1.2720e+000
6596 0 +1.558652656e-007 +7.766000016e+001 +7.766000016e+001 +2.3984e+000 -8.5599e-001 +1.2720e+000
6654 0 +6.044980694e-008 +7.766000006e+001 +7.766000006e+001 +2.3984e+000 -8.5600e-001 +1.2720e+000
6680 0 +4.285165289e-008 +7.766000004e+001 +7.766000004e+001 +2.3984e+000 -8.5600e-001 +1.2720e+000
6753 0 +2.657861842e-008 +7.766000003e+001 +7.766000003e+001 +2.3984e+000 -8.5599e-001 +1.2720e+000
6756 0 +9.731877526e-009 +7.766000001e+001 +7.766000001e+001 +2.3984e+000 -8.5600e-001 +1.2720e+000
% f evaluations | g evaluations | best noise-free fitness - Fopt (1.156800000000e+002) + sum g_i+ | measured fitness | best measured fitness or single-digit g-values | x1 | x2...
1 0 +1.951313707e+003 +2.066993707e+003 +2.066993707e+003 +2.3584e+000 -5.8301e-001 +1.5362e+000
3 0 +1.936194409e+002 +3.092994409e+002 +3.092994409e+002 +2.6548e+000 +4.6517e-001 -3.1062e+000
4 0 +1.900224827e+002 +3.057024827e+002 +3.057024827e+002 -1.7408e+000 +6.4824e-001 -3.3935e+000
8 0 +1.329372857e+002 +2.486172857e+002 +2.486172857e+002 +2.9339e-001 -1.4377e+000 -3.0634e+000
13 0 +1.228420746e+002 +2.385220746e+002 +2.385220746e+002 -1.6298e-001 +3.4910e-001 -2.4564e+000
20 0 +8.138885532e+001 +1.970688553e+002 +1.970688553e+002 +2.1850e+000 +7.7852e-001 -2.2845e+000
50 0 +6.351567192e+001 +1.791956719e+002 +1.791956719e+002 +1.4081e+000 -1.6224e+000 -2.0049e+000
63 0 +6.043187060e+001 +1.761118706e+002 +1.761118706e+002 +2.0257e+000 -1.0039e+000 -1.7310e+000
75 0 +4.452408250e+001 +1.602040825e+002 +1.602040825e+002 +2.0257e+000 +6.1109e-001 -9.3052e-001
78 0 +3.810862155e+001 +1.537886215e+002 +1.537886215e+002 +9.5678e-001 +7.1340e-001 -1.1327e-001
80 0 +3.718586422e+001 +1.528658642e+002 +1.528658642e+002 +4.4637e-001 -2.9424e-001 -9.1749e-001
116 0 +2.036845337e+001 +1.360484534e+002 +1.360484534e+002 +1.6444e-001 +5.0536e-004 -5.1415e-002
156 0 +1.215356526e+001 +1.278335653e+002 +1.278335653e+002 +2.5723e-001 +9.7826e-002 -9.6212e-002
317 0 +1.103998179e+001 +1.267199818e+002 +1.267199818e+002 +3.0523e-001 -4.1999e-001 -4.4977e-001
412 0 +8.462560632e+000 +1.241425606e+002 +1.241425606e+002 +2.1984e-001 -4.8775e-001 -6.1176e-002
485 0 +3.501121920e+000 +1.191811219e+002 +1.191811219e+002 +1.1308e+000 -9.6759e-001 -5.4057e-002
673 0 +3.123699415e+000 +1.188036994e+002 +1.188036994e+002 +1.1295e+000 -9.7595e-001 -6.4803e-002
705 0 +2.478867386e+000 +1.181588674e+002 +1.181588674e+002 +1.1647e+000 -9.6068e-001 -6.1818e-002
745 0 +2.050413604e+000 +1.177304136e+002 +1.177304136e+002 +1.1908e+000 -9.9052e-001 -6.4803e-002
757 0 +2.008314020e+000 +1.176883140e+002 +1.176883140e+002 +1.1838e+000 -9.7885e-001 -6.4002e-002
809 0 +1.990485826e+000 +1.176704858e+002 +1.176704858e+002 +1.1812e+000 -9.8371e-001 -6.4827e-002
1751 0 +1.717156513e+000 +1.173971565e+002 +1.173971565e+002 +2.1802e+000 -9.5545e-001 -7.2116e-002
1765 0 +1.658026509e+000 +1.173380265e+002 +1.173380265e+002 +2.1802e+000 -9.5545e-001 -7.0275e-002
1965 0 +1.206969726e+000 +1.168869697e+002 +1.168869697e+002 +2.1019e+000 -9.9909e-001 +2.3705e-001
1999 0 +1.029080925e+000 +1.167090809e+002 +1.167090809e+002 +2.1738e+000 -9.7624e-001 -6.5230e-002
2099 0 +3.556593865e-001 +1.160356594e+002 +1.160356594e+002 +2.1431e+000 -9.9363e-001 +2.4197e-001
2200 0 +1.181073765e-001 +1.157981074e+002 +1.157981074e+002 +2.1556e+000 -9.8627e-001 +2.4235e-001
2225 0 +6.002076353e-002 +1.157400208e+002 +1.157400208e+002 +2.1636e+000 -9.8629e-001 +2.4265e-001
2312 0 +4.315547018e-002 +1.157231555e+002 +1.157231555e+002 +2.1681e+000 -9.8937e-001 +2.4425e-001
2417 0 +1.224953995e-002 +1.156922495e+002 +1.156922495e+002 +2.1758e+000 -9.8118e-001 +2.4272e-001
2429 0 +1.002430855e-002 +1.156900243e+002 +1.156900243e+002 +2.1766e+000 -9.8216e-001 +2.4261e-001
2452 0 +3.443397503e-003 +1.156834434e+002 +1.156834434e+002 +2.1771e+000 -9.8118e-001 +2.4454e-001
2460 0 +1.182683759e-003 +1.156811827e+002 +1.156811827e+002 +2.1772e+000 -9.8441e-001 +2.4478e-001
2520 0 +1.145511303e-003 +1.156811455e+002 +1.156811455e+002 +2.1776e+000 -9.8291e-001 +2.4408e-001
2543 0 +1.737709554e-004 +1.156801738e+002 +1.156801738e+002 +2.1775e+000 -9.8304e-001 +2.4469e-001
2572 0 +3.196294216e-005 +1.156800320e+002 +1.156800320e+002 +2.1784e+000 -9.8337e-001 +2.4474e-001
2601 0 +1.219452459e-005 +1.156800122e+002 +1.156800122e+002 +2.1783e+000 -9.8321e-001 +2.4474e-001
2612 0 +9.728019393e-006 +1.156800097e+002 +1.156800097e+002 +2.1783e+000 -9.8323e-001 +2.4474e-001
2639 0 +6.767731321e-006 +1.156800068e+002 +1.156800068e+002 +2.1783e+000 -9.8321e-001 +2.4475e-001
2660 0 +3.392640693e-006 +1.156800034e+002 +1.156800034e+002 +2.1783e+000 -9.8322e-001 +2.4477e-001
2675 0 +1.121873964e-006 +1.156800011e+002 +1.156800011e+002 +2.1784e+000 -9.8317e-001 +2.4479e-001
2687 0 +6.081032922e-007 +1.156800006e+002 +1.156800006e+002 +2.1784e+000 -9.8319e-001 +2.4479e-001
2695 0 +3.289046902e-007 +1.156800003e+002 +1.156800003e+002 +2.1784e+000 -9.8320e-001 +2.4479e-001
2774 0 +2.530843375e-007 +1.156800003e+002 +1.156800003e+002 +2.1784e+000 -9.8320e-001 +2.4479e-001
2790 0 +2.440666123e-007 +1.156800002e+002 +1.156800002e+002 +2.1784e+000 -9.8321e-001 +2.4479e-001
2816 0 +1.683410602e-007 +1.156800002e+002 +1.156800002e+002 +2.1784e+000 -9.8320e-001 +2.4479e-001
2830 0 +2.207158900e-008 +1.156800000e+002 +1.156800000e+002 +2.1784e+000 -9.8320e-001 +2.4480e-001
2831 0 +1.040018560e-008 +1.156800000e+002 +1.156800000e+002 +2.1784e+000 -9.8320e-001 +2.4480e-001
2870 0 +8.739618806e-009 +1.156800000e+002 +1.156800000e+002 +2.1784e+000 -9.8320e-001 +2.4480e-001
% f evaluations | g evaluations | best noise-free fitness - Fopt (-3.710000000000e+000) + sum g_i+ | measured fitness | best measured fitness or single-digit g-values | x1 | x2...
1 0 +2.027881182e+002 +1.990781182e+002 +1.990781182e+002 -4.4319e+000 +2.4766e+000 -5.2970e-001
2 0 +1.469158725e+002 +1.432058725e+002 +1.432058725e+002 -4.5395e+000 -2.6082e+000 -2.3240e-001
3 0 +9.604775764e+001 +9.233775764e+001 +9.233775764e+001 +2.7241e+000 +1.7520e+000 +1.6095e+000
20 0 +5.116440613e+001 +4.745440613e+001 +4.745440613e+001 +3.0164e+000 -1.9300e+000 +7.0672e-001
40 0 +2.609356110e+001 +2.238356110e+001 +2.238356110e+001 +1.0738e+000 -2.4854e+000 +1.0660e+000
58 0 +1.286201944e+001 +9.152019442e+000 +9.152019442e+000 +1.1690e+000 -1.7411e+000 +1.0506e+000
154 0 +1.168150542e+001 +7.971505423e+000 +7.971505423e+000 +1.1918e+000 -2.3212e+000 +1.0506e+000
164 0 +8.529802363e+000 +4.819802363e+000 +4.819802363e+000 +1.1600e+000 -2.2951e+000 +1.1165e+000
313 0 +8.168299512e+000 +4.458299512e+000 +4.458299512e+000 +2.1549e+000 -1.7479e+000 +1.4301e+000
325 0 +6.675887701e+000 +2.965887701e+000 +2.965887701e+000 +2.1308e+000 -1.7479e+000 +1.4364e+000
365 0 +4.243553955e+000 +5.335539553e-001 +5.335539553e-001 +2.1300e+000 -1.7819e+000 +1.4592e+000
477 0 +3.875260259e+000 +1.652602589e-001 +1.652602589e-001 +2.1241e+000 -1.7842e+000 +1.4727e+000
500 0 +2.947133668e+000 -7.628663315e-001 -7.628663315e-001 +2.1319e+000 -2.3017e+000 +1.4922e+000
604 0 +2.813335847e+000 -8.966641532e-001 -8.966641532e-001 +2.1073e+000 -2.2610e+000 +1.4796e+000
620 0 +2.429329183e+000 -1.280670817e+000 -1.280670817e+000 +2.0988e+000 -2.3017e+000 +1.4814e+000
652 0 +2.194038872e+000 -1.515961128e+000 -1.515961128e+000 +2.1045e+000 -2.2880e+000 +1.4764e+000
687 0 +2.163961505e+000 -1.546038495e+000 -1.546038495e+000 +2.1128e+000 -2.3090e+000 +1.4745e+000
700 0 +2.123070931e+000 -1.586929069e+000 -1.586929069e+000 +2.1168e+000 -2.3075e+000 +1.4761e+000
708 0 +2.063414499e+000 -1.646585501e+000 -1.646585501e+000 +2.1110e+000 -2.2924e+000 +1.4719e+000
752 0 +2.019650329e+000 -1.690349671e+000 -1.690349671e+000 +2.1161e+000 -2.2954e+000 +1.4750e+000
825 0 +1.989969530e+000 -1.720030470e+000 -1.720030470e+000 +2.1235e+000 -2.2949e+000 +1.4733e+000
1941 0 +1.710016549e+000 -1.999983451e+000 -1.999983451e+000 +3.0940e+000 -2.2778e+000 +1.4859e+000
1952 0 +1.209956888e+000 -2.500043112e+000 -2.500043112e+000 +3.1156e+000 -2.2825e+000 +1.4669e+000
2042 0 +1.048555828e+000 -2.661444172e+000 -2.661444172e+000 +3.1124e+000 -2.2873e+000 +1.4722e+000
2091 0 +1.004531044e+000 -2.705468956e+000 -2.705468956e+000 +3.1133e+000 -2.2936e+000 +1.4731e+000
2117 0 +9.952161722e-001 -2.714783828e+000 -2.714783828e+000 +3.1201e+000 -2.2952e+000 +1.4734e+000
6098 0 +9.240463289e-001 -2.785953671e+000 -2.785953671e+000 +3.0710e+000 -2.2882e+000 +1.7694e+000
6226 0 +8.542639832e-001 -2.855736017e+000 -2.855736017e+000 +3.1037e+000 -2.2587e+000 +1.7750e+000
6273 0 +6.127644018e-001 -3.097235598e+000 -3.097235598e+000 +3.0915e+000 -2.2895e+000 +1.7688e+000
6278 0 +5.383573637e-001 -3.171642636e+000 -3.171642636e+000 +3.0710e+000 -2.2934e+000 +1.7795e+000
6418 0 +9.416302216e-002 -3.615836978e+000 -3.615836978e+000 +3.1126e+000 -2.2862e+000 +1.7795e+000
6484 0 +8.515704965e-002 -3.624842950e+000 -3.624842950e+000 +3.1205e+000 -2.2965e+000 +1.7767e+000
6491 0 +7.252406601e-002 -3.637475934e+000 -3.637475934e+000 +3.1130e+000 -2.2853e+000 +1.7823e+000
6561 0 +5.531904433e-002 -3.654680956e+000 -3.654680956e+000 +3.1210e+000 -2.2956e+000 +1.7794e+000
6603 0 +3.684478994e-003 -3.706315521e+000 -3.706315521e+000 +3.1171e+000 -2.2950e+000 +1.7822e+000
6684 0 +3.353241653e-003 -3.706646758e+000 -3.706646758e+000 +3.1163e+000 -2.2946e+000 +1.7831e+000
6815 0 +3.064058739e-003 -3.706935941e+000 -3.706935941e+000 +3.1170e+000 -2.2955e+000 +1.7824e+000
6855 0 +7.608577332e-004 -3.709239142e+000 -3.709239142e+000 +3.1193e+000 -2.2954e+000 +1.7827e+000
6948 0 +1.804870532e-004 -3.709819513e+000 -3.709819513e+000 +3.1193e+000 -2.2955e+000 +1.7831e+000
7016 0 +2.714322728e-005 -3.709972857e+000 -3.709972857e+000 +3.1199e+000 -2.2950e+000 +1.7832e+000
7063 0 +4.668117954e-006 -3.709995332e+000 -3.709995332e+000 +3.1200e+000 -2.2952e+000 +1.7832e+000
7275 0 +1.454045600e-006 -3.709998546e+000 -3.709998546e+000 +3.1199e+000 -2.2952e+000 +1.7832e+000
7284 0 +9.607023408e-007 -3.709999039e+000 -3.709999039e+000 +3.1200e+000 -2.2952e+000 +1.7832e+000
7362 0 +3.974421539e-007 -3.709999603e+000 -3.709999603e+000 +3.1200e+000 -2.2952e+000 +1.7832e+000
7402 0 +2.070790912e-007 -3.709999793e+000 -3.709999793e+000 +3.1200e+000 -2.2952e+000 +1.7832e+000
7438 0 +1.562338316e-007 -3.709999844e+000 -3.709999844e+000 +3.1200e+000 -2.2952e+000 +1.7832e+000
7446 0 +1.229922444e-007 -3.709999877e+000 -3.709999877e+000 +3.1200e+000 -2.2952e+000 +1.7832e+000
7451 0 +3.879964172e-008 -3.709999961e+000 -3.709999961e+000 +3.1200e+000 -2.2952e+000 +1.7832e+000
7471 0 +3.035310447e-008 -3.709999970e+000 -3.709999970e+000 +3.1200e+000 -2.2952e+000 +1.7832e+000
7501 0 +2.308257274e-008 -3.709999977e+000 -3.709999977e+000 +3.1200e+000 -2.2952e+000 +1.7832e+000
7506 0 +1.984532938e-008 -3.709999980e+000 -3.709999980e+000 +3.1200e+000 -2.2952e+000 +1.7832e+000
7514 0 +1.725710330e-008 -3.709999983e+000 -3.709999983e+000 +3.1200e+000 -2.2952e+000 +1.7832e+000
7520 0 +1.217016443e-008 -3.709999988e+000 -3.709999988e+000 +3.1200e+000 -2.2952e+000 +1.7832e+000
7526 0 +2.513433017e-009 -3.709999997e+000 -3.709999997e+000 +3.1200e+000 -2.2952e+000 +1.7832e+000
% f evaluations | g evaluations | best noise-free fitness - Fopt (1.321800000000e+002) + sum g_i+ | measured fitness | best measured fitness or single-digit g-values | x1 | x2...
1 0 +1.286527737e+002 +2.608327737e+002 +2.608327737e+002 -1.1034e+000 +5.1320e-001 +7.4836e-001
9 0 +1.050284320e+002 +2.372084320e+002 +2.372084320e+002 +2.4716e+000 +4.9503e+000 +1.7936e+000
13 0 +5.018125573e+001 +1.823612557e+002 +1.823612557e+002 +1.5369e+000 -9.7653e-001 +2.5295e+000
42 0 +4.366452995e+001 +1.758445299e+002 +1.758445299e+002 +1.0077e+000 +1.8481e+000 +3.1925e+000
49 0 +3.495071061e+001 +1.671307106e+002 +1.671307106e+002 +1.5765e+000 -6.4083e-001 +3.4983e+000
61 0 +3.290637844e+001 +1.650863784e+002 +1.650863784e+002 +1.8403e+000 -6.5263e-001 +3.4677e+000
73 0 +2.703295032e+001 +1.592129503e+002 +1.592129503e+002 +1.4066e+000 +8.0910e-001 +3.4677e+000
102 0 +1.284715059e+001 +1.450271506e+002 +1.450271506e+002 +1.6127e+000 +8.9133e-001 +2.7816e+000
179 0 +7.655164481e+000 +1.398351645e+002 +1.398351645e+002 +1.7511e+000 +8.8804e-001 +3.1751e+000
187 0 +6.559370236e+000 +1.387393702e+002 +1.387393702e+002 +1.7417e+000 +8.6728e-001 +3.1553e+000
224 0 +6.371116445e+000 +1.385511164e+002 +1.385511164e+002 +1.7564e+000 +9.0024e-001 +3.1571e+000
259 0 +6.067663880e+000 +1.382476639e+002 +1.382476639e+002 +1.8149e+000 +9.0405e-001 +3.1526e+000
345 0 +6.004681108e+000 +1.381846811e+002 +1.381846811e+002 +1.7932e+000 +8.9020e-001 +3.1500e+000
818 0 +5.437421257e+000 +1.376174213e+002 +1.376174213e+002 +1.8068e+000 +2.0097e+000 +3.4477e+000
840 0 +4.441839754e+000 +1.366218398e+002 +1.366218398e+002 +2.7780e+000 +2.0465e+000 +3.1519e+000
1090 0 +2.663887599e+000 +1.348438876e+002 +1.348438876e+002 +3.7021e+000 +1.4466e+000 +3.1458e+000
1310 0 +2.023094067e+000 +1.342030941e+002 +1.342030941e+002 +3.7139e+000 +1.4989e+000 +3.1402e+000
1536 0 +1.966874369e+000 +1.341468744e+002 +1.341468744e+002 +3.7317e+000 +1.4524e+000 +3.1440e+000
1606 0 +1.582919486e+000 +1.337629195e+002 +1.337629195e+002 +3.7317e+000 +1.5013e+000 +3.1440e+000
1826 0 +9.742583998e-001 +1.331542584e+002 +1.331542584e+002 +3.7101e+000 +1.4787e+000 +3.4477e+000
1910 0 +8.154486186e-001 +1.329954486e+002 +1.329954486e+002 +3.7101e+000 +1.4937e+000 +3.4519e+000
1972 0 +6.436163632e-001 +1.328236164e+002 +1.328236164e+002 +3.7205e+000 +1.4954e+000 +3.4535e+000
1985 0 +5.289547727e-001 +1.327089548e+002 +1.327089548e+002 +3.7431e+000 +1.5051e+000 +3.4543e+000
2027 0 +2.592921139e-001 +1.324392921e+002 +1.324392921e+002 +3.7393e+000 +1.4879e+000 +3.4531e+000
2056 0 +2.224315533e-001 +1.324024316e+002 +1.324024316e+002 +3.7600e+000 +1.4954e+000 +3.4535e+000
2061 0 +5.393955852e-002 +1.322339396e+002 +1.322339396e+002 +3.7543e+000 +1.4826e+000 +3.4576e+000
2129 0 +1.988819169e-002 +1.321998882e+002 +1.321998882e+002 +3.7561e+000 +1.4822e+000 +3.4593e+000
2147 0 +9.549770336e-003 +1.321895498e+002 +1.321895498e+002 +3.7568e+000 +1.4829e+000 +3.4612e+000
2161 0 +8.251886328e-003 +1.321882519e+002 +1.321882519e+002 +3.7576e+000 +1.4829e+000 +3.4612e+000
2211 0 +3.318885894e-003 +1.321833189e+002 +1.321833189e+002 +3.7612e+000 +1.4812e+000 +3.4617e+000
2270 0 +1.390373016e-003 +1.321813904e+002 +1.321813904e+002 +3.7615e+000 +1.4824e+000 +3.4613e+000
2279 0 +9.676605775e-004 +1.321809677e+002 +1.321809677e+002 +3.7634e+000 +1.4824e+000 +3.4609e+000
2289 0 +7.906304613e-004 +1.321807906e+002 +1.321807906e+002 +3.7620e+000 +1.4824e+000 +3.4614e+000
2296 0 +4.988149727e-004 +1.321804988e+002 +1.321804988e+002 +3.7641e+000 +1.4819e+000 +3.4616e+000
2304 0 +6.232876376e-005 +1.321800623e+002 +1.321800623e+002 +3.7637e+000 +1.4824e+000 +3.4615e+000
2405 0 +3.552899506e-005 +1.321800355e+002 +1.321800355e+002 +3.7636e+000 +1.4825e+000 +3.4616e+000
2430 0 +1.984124268e-005 +1.321800198e+002 +1.321800198e+002 +3.7639e+000 +1.4824e+000 +3.4615e+000
2433 0 +5.460428923e-006 +1.321800055e+002 +1.321800055e+002 +3.7639e+000 +1.4824e+000 +3.4616e+000
2478 0 +4.263667137e-006 +1.321800043e+002 +1.321800043e+002 +3.7639e+000 +1.4824e+000 +3.4616e+000
2489 0 +2.730099055e-006 +1.321800027e+002 +1.321800027e+002 +3.7639e+000 +1.4824e+000 +3.4616e+000
2518 0 +2.927661455e-007 +1.321800003e+002 +1.321800003e+002 +3.7640e+000 +1.4824e+000 +3.4616e+000
2620 0 +1.830586029e-007 +1.321800002e+002 +1.321800002e+002 +3.7640e+000 +1.4824e+000 +3.4616e+000
2635 0 +3.273916604e-008 +1.321800000e+002 +1.321800000e+002 +3.7640e+000 +1.4824e+000 +3.4616e+000
2648 0 +1.278067430e-008 +1.321800000e+002 +1.321800000e+002 +3.7640e+000 +1.4824e+000 +3.4616e+000
2664 0 +3.956586170e-009 +1.321800000e+002 +1.321800000e+002 +3.7640e+000 +1.4824e+000 +3.4616e+000
% f evaluations | g evaluations | best noise-free fitness - Fopt (-3.930000000000e+001) + sum g_i+ | measured fitness | best measured fitness or single-digit g-values | x1 | x2...
1 0 +1.627550920e+002 +1.234550920e+002 +1.234550920e+002 -2.1033e+000 +1.6951e+000 -4.4132e-001
3 0 +6.252889071e+001 +2.322889071e+001 +2.322889071e+001 +1.6961e+000 +4.9935e-001 +4.4432e-001
13 0 +5.813051717e+001 +1.883051717e+001 +1.883051717e+001 -2.3784e-002 +7.3450e-002 +1.6059e+000
37 0 +4.263804640e+001 +3.338046397e+000 +3.338046397e+000 -1.7496e+000 -1.8162e+000 +2.0956e+000
39 0 +1.876952312e+001 -2.053047688e+001 -2.053047688e+001 -4.7477e-001 -1.1901e-001 +2.0090e+000
59 0 +1.409913972e+001 -2.520086028e+001 -2.520086028e+001 +4.6464e-001 -1.6187e-001 +1.6682e+000
194 0 +1.041653400e+001 -2.888346600e+001 -2.888346600e+001 +5.7765e-001 -7.0537e-001 +1.6750e+000
196 0 +8.797905742e+000 -3.050209426e+001 -3.050209426e+001 +5.4621e-001 -1.2467e+000 +1.6241e+000
294 0 +6.415372562e+000 -3.288462744e+001 -3.288462744e+001 +1.5211e+000 -1.2769e+000 +2.0551e+000
452 0 +6.135719447e+000 -3.316428055e+001 -3.316428055e+001 +6.0107e-001 -1.2085e+000 +2.0386e+000
508 0 +5.790954382e+000 -3.350904562e+001 -3.350904562e+001 +6.5014e-001 -1.2467e+000 +2.0139e+000
596 0 +5.638733294e+000 -3.366126671e+001 -3.366126671e+001 +5.8905e-001 -1.2077e+000 +2.0091e+000
613 0 +5.441750373e+000 -3.385824963e+001 -3.385824963e+001 +6.3150e-001 -1.2165e+000 +2.0259e+000
668 0 +5.345425052e+000 -3.395457495e+001 -3.395457495e+001 +6.1582e-001 -1.2157e+000 +2.0142e+000
677 0 +5.122092765e+000 -3.417790724e+001 -3.417790724e+001 +5.6389e-001 -1.2157e+000 +2.0193e+000
747 0 +4.989158933e+000 -3.431084107e+001 -3.431084107e+001 +5.8142e-001 -1.2307e+000 +2.0227e+000
1251 0 +3.878970440e+000 -3.542102956e+001 -3.542102956e+001 +1.4686e+000 -1.2245e+000 +2.0189e+000
1264 0 +1.577698254e+000 -3.772230175e+001 -3.772230175e+001 +1.5552e+000 -1.2296e+000 +2.3155e+000
1542 0 +1.128624439e+000 -3.817137556e+001 -3.817137556e+001 +1.5508e+000 -1.2398e+000 +2.3298e+000
1580 0 +1.099657245e+000 -3.820034276e+001 -3.820034276e+001 +2.4880e+000 -1.2371e+000 +2.3130e+000
1636 0 +3.621485004e-001 -3.893785150e+001 -3.893785150e+001 +2.5300e+000 -1.2495e+000 +2.3222e+000
1768 0 +3.100472868e-001 -3.898995271e+001 -3.898995271e+001 +2.5248e+000 -1.2467e+000 +2.3224e+000
1796 0 +2.349525356e-001 -3.906504746e+001 -3.906504746e+001 +2.5255e+000 -1.2474e+000 +2.3272e+000
1859 0 +1.218592246e-001 -3.917814078e+001 -3.917814078e+001 +2.5342e+000 -1.2228e+000 +2.3234e+000
1867 0 +6.378776307e-002 -3.923621224e+001 -3.923621224e+001 +2.5297e+000 -1.2206e+000 +2.3284e+000
1885 0 +2.517461390e-002 -3.927482539e+001 -3.927482539e+001 +2.5331e+000 -1.2334e+000 +2.3277e+000
1901 0 +1.831153275e-002 -3.928168847e+001 -3.928168847e+001 +2.5280e+000 -1.2275e+000 +2.3282e+000
1922 0 +7.168869184e-003 -3.929283113e+001 -3.929283113e+001 +2.5299e+000 -1.2292e+000 +2.3290e+000
1943 0 +2.780218426e-003 -3.929721978e+001 -3.929721978e+001 +2.5332e+000 -1.2304e+000 +2.3293e+000
1966 0 +3.400414101e-004 -3.929965996e+001 -3.929965996e+001 +2.5334e+000 -1.2293e+000 +2.3300e+000
2008 0 +2.750569901e-004 -3.929972494e+001 -3.929972494e+001 +2.5334e+000 -1.2295e+000 +2.3300e+000
2025 0 +2.129453939e-004 -3.929978705e+001 -3.929978705e+001 +2.5330e+000 -1.2295e+000 +2.3301e+000
2029 0 +1.658704009e-004 -3.929983413e+001 -3.929983413e+001 +2.5329e+000 -1.2295e+000 +2.3302e+000
2057 0 +7.651328877e-005 -3.929992349e+001 -3.929992349e+001 +2.5332e+000 -1.2298e+000 +2.3303e+000
2072 0 +4.166736002e-005 -3.929995833e+001 -3.929995833e+001 +2.5336e+000 -1.2294e+000 +2.3303e+000
2078 0 +1.197839785e-005 -3.929998802e+001 -3.929998802e+001 +2.5334e+000 -1.2296e+000 +2.3303e+000
2098 0 +5.625282178e-006 -3.929999437e+001 -3.929999437e+001 +2.5334e+000 -1.2296e+000 +2.3304e+000
2140 0 +1.849235744e-006 -3.929999815e+001 -3.929999815e+001 +2.5336e+000 -1.2296e+000 +2.3304e+000
2241 0 +1.429831578e-006 -3.929999857e+001 -3.929999857e+001 +2.5336e+000 -1.2296e+000 +2.3304e+000
2247 0 +1.637836178e-007 -3.929999984e+001 -3.929999984e+001 +2.5336e+000 -1.2296e+000 +2.3304e+000
2266 0 +1.217130148e-007 -3.929999988e+001 -3.929999988e+001 +2.5336e+000 -1.2296e+000 +2.3304e+000
2308 0 +1.092162947e-007 -3.929999989e+001 -3.929999989e+001 +2.5336e+000 -1.2296e+000 +2.3304e+000
2332 0 +3.950412264e-008 -3.929999996e+001 -3.929999996e+001 +2.5336e+000 -1.2296e+000 +2.3304e+000
2343 0 +1.593353716e-008 -3.929999998e+001 -3.929999998e+001 +2.5336e+000 -1.2296e+000 +2.3304e+000
2390 0 +1.221815182e-008 -3.929999999e+001 -3.929999999e+001 +2.5336e+000 -1.2296e+000 +2.3304e+000
2394 0 +1.853045717e-009 -3.930000000e+001 -3.930000000e+001 +2.5336e+000 -1.2296e+000 +2.3304e+000
% f evaluations | g evaluations | best noise-free fitness - Fopt (4.296000000000e+001) + sum g_i+ | measured fitness | best measured fitness or single-digit g-values | x1 | x2...
1 0 +2.639445413e+002 +3.069045413e+002 +3.069045413e+002 +2.9899e+000 -4.4027e-001 +1.8979e+000
3 0 +1.619227554e+002 +2.048827554e+002 +2.048827554e+002 -4.6485e+000 +3.4400e+000 -4.8464e-001
12 0 +9.943900360e+001 +1.423990036e+002 +1.423990036e+002 +1.1795e+000 -1.0636e+000 +6.1340e-001
15 0 +9.427701983e+001 +1.372370198e+002 +1.372370198e+002 -4.5088e-001 +2.1321e-001 -1.5459e-001
22 0 +8.886738509e+001 +1.318273851e+002 +1.318273851e+002 +4.6988e-001 -3.3683e+000 +2.1086e+000
49 0 +6.236845514e+001 +1.053284551e+002 +1.053284551e+002 -4.8455e-001 -2.1960e+000 +1.8066e+000
109 0 +5.216601577e+001 +9.512601577e+001 +9.512601577e+001 -4.8455e-001 -1.5820e+000 +1.8066e+000
124 0 +4.316488227e+001 +8.612488227e+001 +8.612488227e+001 +4.9402e-001 -1.7020e+000 +2.0931e+000
147 0 +3.169835376e+001 +7.465835376e+001 +7.465835376e+001 -6.9839e-002 +2.1321e-001 +2.0395e+000
201 0 +2.983779743e+001 +7.279779743e+001 +7.279779743e+001 -5.3838e-001 +1.5966e-001 +2.3681e+000
206 0 +1.000366816e+001 +5.296366816e+001 +5.296366816e+001 -5.1847e-001 +1.1267e+000 +2.1006e+000
400 0 +9.305492211e+000 +5.226549221e+001 +5.226549221e+001 -4.5479e-001 +1.1200e+000 +2.0952e+000
456 0 +8.998825069e+000 +5.195882507e+001 +5.195882507e+001 -4.6026e-001 +1.1426e+000 +2.0801e+000
1022 0 +6.262021128e+000 +4.922202113e+001 +4.922202113e+001 +5.0902e-001 +1.7494e+000 +2.1131e+000
1269 0 +5.644915314e+000 +4.860491531e+001 +4.860491531e+001 +5.1325e-001 +1.7087e+000 +2.4249e+000
1396 0 +1.168173585e+000 +4.412817359e+001 +4.412817359e+001 +1.4620e+000 +1.7249e+000 +2.7540e+000
1676 0 +1.119787161e+000 +4.407978716e+001 +4.407978716e+001 +1.4620e+000 +1.7457e+000 +2.7542e+000
1717 0 +7.245175160e-001 +4.368451752e+001 +4.368451752e+001 +1.4767e+000 +1.7392e+000 +2.7720e+000
1797 0 +6.442688067e-001 +4.360426881e+001 +4.360426881e+001 +1.4848e+000 +1.7224e+000 +2.7572e+000
1847 0 +5.191385258e-001 +4.347913853e+001 +4.347913853e+001 +1.5037e+000 +1.7088e+000 +2.7688e+000
1851 0 +1.691008530e-001 +4.312910085e+001 +4.312910085e+001 +1.4843e+000 +1.7387e+000 +2.7702e+000
1893 0 +1.489001221e-001 +4.310890012e+001 +4.310890012e+001 +1.4858e+000 +1.7387e+000 +2.7702e+000
1931 0 +1.068239818e-001 +4.306682398e+001 +4.306682398e+001 +1.4969e+000 +1.7275e+000 +2.7683e+000
1970 0 +6.111516943e-002 +4.302111517e+001 +4.302111517e+001 +1.4999e+000 +1.7424e+000 +2.7706e+000
2048 0 +5.843949718e-002 +4.301843950e+001 +4.301843950e+001 +1.4977e+000 +1.7347e+000 +2.7682e+000
2053 0 +5.448084720e-002 +4.301448085e+001 +4.301448085e+001 +1.4983e+000 +1.7359e+000 +2.7680e+000
2056 0 +3.949946557e-002 +4.299949947e+001 +4.299949947e+001 +1.4999e+000 +1.7358e+000 +2.7688e+000
2074 0 +3.061890922e-002 +4.299061891e+001 +4.299061891e+001 +1.5036e+000 +1.7329e+000 +2.7688e+000
2080 0 +1.748900859e-002 +4.297748901e+001 +4.297748901e+001 +1.5029e+000 +1.7367e+000 +2.7700e+000
2091 0 +8.913309343e-003 +4.296891331e+001 +4.296891331e+001 +1.5108e+000 +1.7402e+000 +2.7695e+000
2092 0 +1.968096169e-003 +4.296196810e+001 +4.296196810e+001 +1.5108e+000 +1.7360e+000 +2.7697e+000
2120 0 +1.862202476e-003 +4.296186220e+001 +4.296186220e+001 +1.5108e+000 +1.7369e+000 +2.7696e+000
2148 0 +1.406396535e-003 +4.296140640e+001 +4.296140640e+001 +1.5122e+000 +1.7363e+000 +2.7696e+000
2194 0 +2.312469778e-004 +4.296023125e+001 +4.296023125e+001 +1.5120e+000 +1.7368e+000 +2.7701e+000
2234 0 +6.499045188e-005 +4.296006499e+001 +4.296006499e+001 +1.5124e+000 +1.7367e+000 +2.7703e+000
2254 0 +1.593991335e-005 +4.296001594e+001 +4.296001594e+001 +1.5125e+000 +1.7368e+000 +2.7704e+000
2295 0 +1.167000120e-005 +4.296001167e+001 +4.296001167e+001 +1.5127e+000 +1.7369e+000 +2.7704e+000
2351 0 +8.262590470e-006 +4.296000826e+001 +4.296000826e+001 +1.5126e+000 +1.7368e+000 +2.7704e+000
2353 0 +7.388914447e-006 +4.296000739e+001 +4.296000739e+001 +1.5126e+000 +1.7368e+000 +2.7704e+000
2378 0 +4.330114720e-006 +4.296000433e+001 +4.296000433e+001 +1.5127e+000 +1.7368e+000 +2.7704e+000
2381 0 +2.984597081e-006 +4.296000298e+001 +4.296000298e+001 +1.5127e+000 +1.7367e+000 +2.7704e+000
2401 0 +1.176417264e-006 +4.296000118e+001 +4.296000118e+001 +1.5127e+000 +1.7368e+000 +2.7704e+000
2425 0 +1.011335350e-006 +4.296000101e+001 +4.296000101e+001 +1.5128e+000 +1.7368e+000 +2.7704e+000
2437 0 +6.955082767e-007 +4.296000070e+001 +4.296000070e+001 +1.5128e+000 +1.7368e+000 +2.7704e+000
2451 0 +3.630100380e-007 +4.296000036e+001 +4.296000036e+001 +1.5128e+000 +1.7368e+000 +2.7704e+000
2455 0 +1.488382111e-007 +4.296000015e+001 +4.296000015e+001 +1.5128e+000 +1.7368e+000 +2.7704e+000
2468 0 +1.379678309e-007 +4.296000014e+001 +4.296000014e+001 +1.5128e+000 +1.7368e+000 +2.7704e+000
2469 0 +1.223831632e-007 +4.296000012e+001 +4.296000012e+001 +1.5128e+000 +1.7368e+000 +2.7704e+000
2508 0 +5.634833400e-008 +4.296000006e+001 +4.296000006e+001 +1.5128e+000 +1.7368e+000 +2.7704e+000
2521 0 +4.274625809e-008 +4.296000004e+001 +4.296000004e+001 +1.5128e+000 +1.7368e+000 +2.7704e+000
2558 0 +2.255049480e-008 +4.296000002e+001 +4.296000002e+001 +1.5128e+000 +1.7368e+000 +2.7704e+000
2568 0 +1.508140457e-008 +4.296000002e+001 +4.296000002e+001 +1.5128e+000 +1.7368e+000 +2.7704e+000
2576 0 +1.466619182e-008 +4.296000001e+001 +4.296000001e+001 +1.5128e+000 +1.7368e+000 +2.7704e+000
2585 0 +1.244936243e-008 +4.296000001e+001 +4.296000001e+001 +1.5128e+000 +1.7368e+000 +2.7704e+000
2586 0 +9.843503790e-010 +4.296000000e+001 +4.296000000e+001 +1.5128e+000 +1.7368e+000 +2.7704e+000
% f evaluations | g evaluations | best noise-free fitness - Fopt (2.842200000000e+002) + sum g_i+ | measured fitness | best measured fitness or single-digit g-values | x1 | x2...
1 0 +2.353833911e+003 +2.638053911e+003 +2.638053911e+003 +3.8826e+000 +3.1282e+000 +2.4716e+000
2 0 +1.583037901e+002 +4.425237901e+002 +4.425237901e+002 -1.6306e+000 +2.9896e+000 -1.8239e+000
3 0 +7.645194003e+001 +3.606719400e+002 +3.606719400e+002 -3.3182e+000 -1.6019e+000 +9.1755e-001
4 0 +4.513916645e+001 +3.293591664e+002 +3.293591664e+002 +1.8279e+000 +6.7190e-001 +6.6788e-001
28 0 +3.728130848e+001 +3.215013085e+002 +3.215013085e+002 -6.5455e-002 +7.8901e-001 -1.0000e-001
86 0 +2.202011001e+001 +3.062401100e+002 +3.062401100e+002 -9.4542e-001 +2.4636e-001 +3.3548e-001
132 0 +2.067717813e+001 +3.048971781e+002 +3.048971781e+002 -9.1320e-001 +3.4565e-001 +9.2259e-002
270 0 +1.383915090e+001 +2.980591509e+002 +2.980591509e+002 -9.6944e-001 -2.0636e-001 +3.4264e-001
371 0 +1.353523645e+001 +2.977552364e+002 +2.977552364e+002 -9.5966e-001 -1.8883e-001 +3.6979e-001
392 0 +1.302886217e+001 +2.972488622e+002 +2.972488622e+002 -9.6819e-001 -2.1235e-001 +3.6801e-001
840 0 +9.244376743e+000 +2.934643767e+002 +2.934643767e+002 +1.9085e+000 -1.7600e-001 +7.3029e-001
996 0 +7.936929915e+000 +2.921569299e+002 +2.921569299e+002 +1.0742e+000 +8.8154e-001 +1.0465e+000
1187 0 +3.659937342e+000 +2.878799373e+002 +2.878799373e+002 +2.0602e+000 -1.4156e-001 +1.0402e+000
1465 0 +3.348384996e+000 +2.875683850e+002 +2.875683850e+002 +2.0949e+000 +2.9823e-001 +7.2405e-001
1608 0 +2.693463471e+000 +2.869134635e+002 +2.869134635e+002 +1.9910e+000 -1.9765e-001 +1.0415e+000
1675 0 +2.102926219e+000 +2.863229262e+002 +2.863229262e+002 +2.0949e+000 +2.9823e-001 +1.0348e+000
2001 0 +1.065685008e+000 +2.852856850e+002 +2.852856850e+002 +2.0960e+000 +3.1778e-001 +1.0471e+000
2127 0 +1.012325009e+000 +2.852323250e+002 +2.852323250e+002 +2.0964e+000 +3.1778e-001 +1.0509e+000
2143 0 +6.536819635e-001 +2.848736820e+002 +2.848736820e+002 +2.0569e+000 -2.0650e-001 +1.0427e+000
2283 0 +5.364335190e-001 +2.847564335e+002 +2.847564335e+002 +2.0569e+000 -2.1014e-001 +1.0458e+000
2312 0 +3.712281966e-001 +2.845912282e+002 +2.845912282e+002 +2.0740e+000 -2.3775e-001 +1.0521e+000
2385 0 +7.658985306e-002 +2.842965899e+002 +2.842965899e+002 +2.0979e+000 -2.2896e-001 +1.0495e+000
2400 0 +6.135987867e-002 +2.842813599e+002 +2.842813599e+002 +2.0897e+000 -2.2264e-001 +1.0484e+000
2418 0 +5.951038306e-002 +2.842795104e+002 +2.842795104e+002 +2.0907e+000 -2.2316e-001 +1.0485e+000
2433 0 +3.941941703e-002 +2.842594194e+002 +2.842594194e+002 +2.1014e+000 -2.2105e-001 +1.0518e+000
2502 0 +6.831140483e-003 +2.842268311e+002 +2.842268311e+002 +2.0953e+000 -2.1998e-001 +1.0518e+000
2516 0 +5.403689429e-003 +2.842254037e+002 +2.842254037e+002 +2.0953e+000 -2.1874e-001 +1.0517e+000
2572 0 +1.754183828e-003 +2.842217542e+002 +2.842217542e+002 +2.0984e+000 -2.1874e-001 +1.0512e+000
2618 0 +1.689472787e-003 +2.842216895e+002 +2.842216895e+002 +2.0991e+000 -2.1843e-001 +1.0511e+000
2625 0 +1.230125196e-003 +2.842212301e+002 +2.842212301e+002 +2.0995e+000 -2.1853e-001 +1.0512e+000
2629 0 +7.932622323e-004 +2.842207933e+002 +2.842207933e+002 +2.0995e+000 -2.1883e-001 +1.0515e+000
2632 0 +5.439830741e-004 +2.842205440e+002 +2.842205440e+002 +2.0993e+000 -2.1887e-001 +1.0516e+000
2638 0 +3.336048592e-004 +2.842203336e+002 +2.842203336e+002 +2.0992e+000 -2.1782e-001 +1.0519e+000
2647 0 +5.292135012e-005 +2.842200529e+002 +2.842200529e+002 +2.1000e+000 -2.1816e-001 +1.0519e+000
2674 0 +3.051376984e-005 +2.842200305e+002 +2.842200305e+002 +2.0999e+000 -2.1853e-001 +1.0519e+000
2720 0 +2.217608687e-005 +2.842200222e+002 +2.842200222e+002 +2.0999e+000 -2.1830e-001 +1.0519e+000
2744 0 +1.117705085e-005 +2.842200112e+002 +2.842200112e+002 +2.0999e+000 -2.1843e-001 +1.0519e+000
2751 0 +3.221032557e-006 +2.842200032e+002 +2.842200032e+002 +2.1000e+000 -2.1844e-001 +1.0520e+000
2807 0 +3.105860799e-006 +2.842200031e+002 +2.842200031e+002 +2.1000e+000 -2.1843e-001 +1.0520e+000
2812 0 +2.327003756e-006 +2.842200023e+002 +2.842200023e+002 +2.1000e+000 -2.1844e-001 +1.0520e+000
2825 0 +1.282151629e-006 +2.842200013e+002 +2.842200013e+002 +2.1000e+000 -2.1841e-001 +1.0520e+000
2873 0 +1.116980229e-006 +2.842200011e+002 +2.842200011e+002 +2.1000e+000 -2.1837e-001 +1.0520e+000
2880 0 +8.931586422e-007 +2.842200009e+002 +2.842200009e+002 +2.1000e+000 -2.1843e-001 +1.0520e+000
2887 0 +3.464787142e-007 +2.842200003e+002 +2.842200003e+002 +2.1000e+000 -2.1838e-001 +1.0520e+000
2957 0 +3.084565492e-007 +2.842200003e+002 +2.842200003e+002 +2.1000e+000 -2.1838e-001 +1.0520e+000
2969 0 +2.931880658e-007 +2.842200003e+002 +2.842200003e+002 +2.1000e+000 -2.1838e-001 +1.0520e+000
2976 0 +1.694364187e-007 +2.842200002e+002 +2.842200002e+002 +2.1000e+000 -2.1839e-001 +1.0520e+000
2985 0 +1.500283702e-007 +2.842200002e+002 +2.842200002e+002 +2.1000e+000 -2.1839e-001 +1.0520e+000
2995 0 +2.620765827e-009 +2.842200000e+002 +2.842200000e+002 +2.1000e+000 -2.1840e-001 +1.0520e+000
% f evaluations | g evaluations | best noise-free fitness - Fopt (-3.217000000000e+001) + sum g_i+ | measured fitness | best measured fitness or single-digit g-values | x1 | x2...
1 0 +2.520030527e+002 +2.198330527e+002 +2.198330527e+002 -2.6110e+000 +2.9604e+000 +9.3135e-001
6 0 +2.930934058e+001 -2.860659423e+000 -2.860659423e+000 -7.2700e-001 -4.1128e-001 +1.1297e-001
32 0 +2.858883165e+001 -3.581168354e+000 -3.581168354e+000 +1.3585e+000 +3.1423e+000 +1.3675e-001
48 0 +2.362491060e+001 -8.545089397e+000 -8.545089397e+000 +1.2469e+000 +3.0482e-001 -2.7380e-001
67 0 +9.398957082e+000 -2.277104292e+001 -2.277104292e+001 +5.8985e-001 +1.2874e+000 +1.4779e-001
266 0 +8.473776139e+000 -2.369622386e+001 -2.369622386e+001 +5.0140e-001 +1.7526e+000 +1.4983e-001
319 0 +7.711066593e+000 -2.445893341e+001 -2.445893341e+001 +1.3591e+000 +2.4492e+000 +1.4779e-001
322 0 +6.502711556e+000 -2.566728844e+001 -2.566728844e+001 +5.4262e-001 +2.3747e+000 +1.4260e-001
390 0 +3.357880025e+000 -2.881211997e+001 -2.881211997e+001 +4.4644e-001 +2.3935e+000 +1.6199e-001
480 0 +3.272295980e+000 -2.889770402e+001 -2.889770402e+001 +3.9341e-001 +1.8535e+000 +1.5200e-001
504 0 +2.571329124e+000 -2.959867088e+001 -2.959867088e+001 +4.1852e-001 +1.8693e+000 +1.5512e-001
549 0 +2.056785322e+000 -3.011321468e+001 -3.011321468e+001 +4.5137e-001 +1.8455e+000 +1.5392e-001
615 0 +2.022200104e+000 -3.014779990e+001 -3.014779990e+001 +4.4304e-001 +1.8525e+000 +1.5298e-001
648 0 +1.990147241e+000 -3.017985276e+001 -3.017985276e+001 +4.4996e-001 +1.8539e+000 +1.5083e-001
1809 0 +1.529190118e+000 -3.064080988e+001 -3.064080988e+001 +1.3988e+000 +1.2661e+000 +4.5718e-001
1850 0 +1.110001801e+000 -3.105999820e+001 -3.105999820e+001 +1.4476e+000 +1.2421e+000 +4.5979e-001
2006 0 +1.093011499e+000 -3.107698850e+001 -3.107698850e+001 +1.4422e+000 +1.2551e+000 +4.5358e-001
2016 0 +1.061383150e+000 -3.110861685e+001 -3.110861685e+001 +1.4475e+000 +1.2495e+000 +4.5793e-001
2023 0 +1.036455604e+000 -3.113354440e+001 -3.113354440e+001 +1.4325e+000 +1.2580e+000 +4.5990e-001
2040 0 +1.012784452e+000 -3.115721555e+001 -3.115721555e+001 +1.4394e+000 +1.2564e+000 +4.5872e-001
2068 0 +9.983164416e-001 -3.117168356e+001 -3.117168356e+001 +1.4433e+000 +1.2600e+000 +4.6029e-001
3512 0 +6.927295600e-001 -3.147727044e+001 -3.147727044e+001 +1.4115e+000 +1.8752e+000 +4.5131e-001
3644 0 +4.107275653e-001 -3.175927243e+001 -3.175927243e+001 +1.4415e+000 +1.8691e+000 +4.4897e-001
3718 0 +3.832719630e-001 -3.178672804e+001 -3.178672804e+001 +1.4237e+000 +1.8704e+000 +4.5200e-001
3725 0 +1.389440173e-002 -3.215610560e+001 -3.215610560e+001 +1.4410e+000 +1.8557e+000 +4.5892e-001
4040 0 +4.653283768e-003 -3.216534672e+001 -3.216534672e+001 +1.4427e+000 +1.8546e+000 +4.5987e-001
4111 0 +2.710422524e-003 -3.216728958e+001 -3.216728958e+001 +1.4440e+000 +1.8558e+000 +4.6029e-001
4142 0 +9.596501929e-004 -3.216904035e+001 -3.216904035e+001 +1.4464e+000 +1.8544e+000 +4.6009e-001
4147 0 +3.892218832e-004 -3.216961078e+001 -3.216961078e+001 +1.4464e+000 +1.8546e+000 +4.6040e-001
4168 0 +1.916290042e-004 -3.216980837e+001 -3.216980837e+001 +1.4459e+000 +1.8542e+000 +4.6056e-001
4198 0 +1.635980309e-004 -3.216983640e+001 -3.216983640e+001 +1.4455e+000 +1.8546e+000 +4.6077e-001
4202 0 +1.276978453e-004 -3.216987230e+001 -3.216987230e+001 +1.4464e+000 +1.8542e+000 +4.6056e-001
4235 0 +8.416954503e-005 -3.216991583e+001 -3.216991583e+001 +1.4458e+000 +1.8544e+000 +4.6078e-001
4278 0 +2.026087193e-005 -3.216997974e+001 -3.216997974e+001 +1.4461e+000 +1.8545e+000 +4.6079e-001
4301 0 +1.432124863e-005 -3.216998568e+001 -3.216998568e+001 +1.4462e+000 +1.8544e+000 +4.6076e-001
4352 0 +1.351836686e-005 -3.216998648e+001 -3.216998648e+001 +1.4461e+000 +1.8544e+000 +4.6078e-001
4362 0 +3.307207351e-006 -3.216999669e+001 -3.216999669e+001 +1.4463e+000 +1.8544e+000 +4.6078e-001
4468 0 +2.622485219e-006 -3.216999738e+001 -3.216999738e+001 +1.4463e+000 +1.8544e+000 +4.6077e-001
4472 0 +1.164232820e-006 -3.216999884e+001 -3.216999884e+001 +1.4464e+000 +1.8544e+000 +4.6078e-001
4476 0 +1.017464236e-006 -3.216999898e+001 -3.216999898e+001 +1.4464e+000 +1.8544e+000 +4.6078e-001
4495 0 +7.244242610e-007 -3.216999928e+001 -3.216999928e+001 +1.4464e+000 +1.8544e+000 +4.6078e-001
4530 0 +6.918930282e-007 -3.216999931e+001 -3.216999931e+001 +1.4464e+000 +1.8544e+000 +4.6079e-001
4544 0 +6.015145289e-007 -3.216999940e+001 -3.216999940e+001 +1.4464e+000 +1.8544e+000 +4.6078e-001
4552 0 +5.859234449e-007 -3.216999941e+001 -3.216999941e+001 +1.4464e+000 +1.8544e+000 +4.6078e-001
4559 0 +2.252333786e-007 -3.216999977e+001 -3.216999977e+001 +1.4464e+000 +1.8544e+000 +4.6079e-001
4565 0 +2.127107663e-007 -3.216999979e+001 -3.216999979e+001 +1.4464e+000 +1.8544e+000 +4.6080e-001
4568 0 +2.066532190e-007 -3.216999979e+001 -3.216999979e+001 +1.4464e+000 +1.8544e+000 +4.6080e-001
4588 0 +1.983076885e-007 -3.216999980e+001 -3.216999980e+001 +1.4464e+000 +1.8544e+000 +4.6080e-001
4621 0 +4.385348262e-008 -3.216999996e+001 -3.216999996e+001 +1.4464e+000 +1.8544e+000 +4.6080e-001
4690 0 +1.693327789e-008 -3.216999998e+001 -3.216999998e+001 +1.4464e+000 +1.8544e+000 +4.6080e-001
4715 0 +9.577476590e-009 -3.216999999e+001 -3.216999999e+001 +1.4464e+000 +1.8544e+000 +4.6080e-001
% f evaluations | g evaluations | best noise-free fitness - Fopt (-5.858000000000e+001) + sum g_i+ | measured fitness | best measured fitness or single-digit g-values | x1 | x2...
1 0 +2.640350147e+002 +2.054550147e+002 +2.054550147e+002 +3.3651e+000 +4.4449e+000 -8.2161e-001
2 0 +7.131282091e+001 +1.273282091e+001 +1.273282091e+001 +2.6179e+000 -4.6991e+000 -3.2465e-001
10 0 +3.870637591e+001 -1.987362409e+001 -1.987362409e+001 -1.4363e+000 -3.6829e+000 +7.2588e-001
25 0 +2.734987999e+001 -3.123012001e+001 -3.123012001e+001 +1.5672e+000 -2.5350e+000 -4.4846e-001
89 0 +2.622261735e+001 -3.235738265e+001 -3.235738265e+001 -6.8360e-001 -3.0742e+000 +3.2324e-001
97 0 +1.415542893e+001 -4.442457107e+001 -4.442457107e+001 +5.5536e-001 -2.5350e+000 +1.7768e-002
101 0 +1.311443866e+001 -4.546556134e+001 -4.546556134e+001 +1.5304e+000 -1.9909e+000 +3.5353e-001
182 0 +1.177969628e+001 -4.680030372e+001 -4.680030372e+001 +2.5138e+000 -1.9506e+000 +9.2358e-003
185 0 +1.111462620e+001 -4.746537380e+001 -4.746537380e+001 +2.4993e+000 -2.4110e+000 +6.9725e-001
217 0 +1.041198154e+001 -4.816801846e+001 -4.816801846e+001 +5.6977e-001 -2.5350e+000 +2.5401e-001
240 0 +1.006822082e+001 -4.851177918e+001 -4.851177918e+001 +1.6133e+000 -1.3910e+000 +9.7326e-001
330 0 +9.242613816e+000 -4.933738618e+001 -4.933738618e+001 +2.4055e+000 -3.0411e+000 +9.5356e-001
346 0 +4.758349614e+000 -5.382165039e+001 -5.382165039e+001 +2.4909e+000 -3.0516e+000 +6.7326e-001
370 0 +3.816382812e+000 -5.476361719e+001 -5.476361719e+001 +2.4853e+000 -3.0516e+000 +9.6790e-001
378 0 +3.656604453e+000 -5.492339555e+001 -5.492339555e+001 +2.5082e+000 -1.9506e+000 +9.5356e-001
394 0 +2.581784499e+000 -5.599821550e+001 -5.599821550e+001 +2.5212e+000 -3.0516e+000 +9.6790e-001
428 0 +2.073271303e+000 -5.650672870e+001 -5.650672870e+001 +2.5386e+000 -3.0620e+000 +9.6790e-001
514 0 +2.003220289e+000 -5.657677971e+001 -5.657677971e+001 +2.5345e+000 -3.0654e+000 +9.7096e-001
541 0 +7.966465507e-001 -5.778335345e+001 -5.778335345e+001 +2.5486e+000 -2.5218e+000 +9.6106e-001
577 0 +7.889127630e-001 -5.779108724e+001 -5.779108724e+001 +2.5491e+000 -2.5218e+000 +9.6106e-001
848 0 +5.679593827e-001 -5.801204062e+001 -5.801204062e+001 +2.5401e+000 -2.5028e+000 +9.6915e-001
920 0 +1.097207242e-001 -5.847027928e+001 -5.847027928e+001 +2.5724e+000 -2.5115e+000 +9.6915e-001
968 0 +1.078435224e-001 -5.847215648e+001 -5.847215648e+001 +2.5724e+000 -2.5112e+000 +9.6915e-001
1151 0 +7.553938927e-002 -5.850446061e+001 -5.850446061e+001 +2.5818e+000 -2.5123e+000 +9.6850e-001
1183 0 +2.105168431e-002 -5.855894832e+001 -5.855894832e+001 +2.5895e+000 -2.5034e+000 +9.7035e-001
1220 0 +5.909801073e-004 -5.857940902e+001 -5.857940902e+001 +2.5895e+000 -2.5064e+000 +9.7259e-001
1231 0 +2.149089213e-004 -5.857978509e+001 -5.857978509e+001 +2.5895e+000 -2.5070e+000 +9.7263e-001
1316 0 +2.067668325e-004 -5.857979323e+001 -5.857979323e+001 +2.5895e+000 -2.5073e+000 +9.7262e-001
1319 0 +1.921120414e-004 -5.857980789e+001 -5.857980789e+001 +2.5899e+000 -2.5075e+000 +9.7282e-001
1351 0 +9.150599999e-005 -5.857990849e+001 -5.857990849e+001 +2.5900e+000 -2.5073e+000 +9.7263e-001
1374 0 +7.847215802e-005 -5.857992153e+001 -5.857992153e+001 +2.5901e+000 -2.5072e+000 +9.7263e-001
1386 0 +7.215987285e-005 -5.857992784e+001 -5.857992784e+001 +2.5901e+000 -2.5072e+000 +9.7263e-001
1390 0 +1.084452224e-005 -5.857998916e+001 -5.857998916e+001 +2.5903e+000 -2.5072e+000 +9.7273e-001
1402 0 +8.778607359e-006 -5.857999122e+001 -5.857999122e+001 +2.5904e+000 -2.5071e+000 +9.7274e-001
1436 0 +5.924734694e-006 -5.857999408e+001 -5.857999408e+001 +2.5904e+000 -2.5072e+000 +9.7275e-001
1446 0 +4.410085033e-006 -5.857999559e+001 -5.857999559e+001 +2.5904e+000 -2.5072e+000 +9.7276e-001
1466 0 +2.529949342e-006 -5.857999747e+001 -5.857999747e+001 +2.5903e+000 -2.5072e+000 +9.7278e-001
1491 0 +2.401227789e-006 -5.857999760e+001 -5.857999760e+001 +2.5903e+000 -2.5072e+000 +9.7278e-001
1511 0 +1.769090218e-006 -5.857999823e+001 -5.857999823e+001 +2.5904e+000 -2.5072e+000 +9.7278e-001
1514 0 +1.302695765e-007 -5.857999987e+001 -5.857999987e+001 +2.5904e+000 -2.5072e+000 +9.7279e-001
1586 0 +1.056947099e-007 -5.857999989e+001 -5.857999989e+001 +2.5904e+000 -2.5072e+000 +9.7280e-001
1591 0 +6.780738460e-008 -5.857999993e+001 -5.857999993e+001 +2.5904e+000 -2.5072e+000 +9.7280e-001
1636 0 +6.433312194e-008 -5.857999994e+001 -5.857999994e+001 +2.5904e+000 -2.5072e+000 +9.7280e-001
1639 0 +3.628830569e-008 -5.857999996e+001 -5.857999996e+001 +2.5904e+000 -2.5072e+000 +9.7280e-001
1659 0 +3.111226476e-008 -5.857999997e+001 -5.857999997e+001 +2.5904e+000 -2.5072e+000 +9.7280e-001
1668 0 +6.004086117e-010 -5.858000000e+001 -5.858000000e+001 +2.5904e+000 -2.5072e+000 +9.7280e-001
% f evaluations | g evaluations | best noise-free fitness - Fopt (-6.049200000000e+002) + sum g_i+ | measured fitness | best measured fitness or single-digit g-values | x1 | x2...
1 0 +5.039496422e+002 -1.009703578e+002 -1.009703578e+002 -1.2030e-001 +4.2494e+000 -4.5148e+000
2 0 +4.813516616e+002 -1.235683384e+002 -1.235683384e+002 +2.3845e+000 +7.1162e-001 -3.1892e+000
3 0 +4.611910108e+002 -1.437289892e+002 -1.437289892e+002 +8.8741e-001 -6.3997e-001 -4.9774e+000
4 0 +6.650971395e+001 -5.384102861e+002 -5.384102861e+002 -1.2248e+000 +2.4378e-001 +2.2295e+000
16 0 +5.879896063e+001 -5.461210394e+002 -5.461210394e+002 -2.4879e+000 -7.2156e-001 +1.8168e+000
28 0 +4.073888115e+001 -5.641811188e+002 -5.641811188e+002 -1.5944e+000 -4.9939e-001 +1.4853e+000
32 0 +3.931037831e+001 -5.656096217e+002 -5.656096217e+002 -2.2369e+000 -1.9204e+000 +1.7658e+000
44 0 +3.688863852e+001 -5.680313615e+002 -5.680313615e+002 -2.2128e+000 -1.9360e+000 +1.7682e+000
55 0 +2.621750687e+001 -5.787024931e+002 -5.787024931e+002 -1.0958e+000 -1.6309e+000 +1.8996e+000
67 0 +1.262615120e+001 -5.922938488e+002 -5.922938488e+002 -1.0732e+000 -1.6309e+000 +1.8125e+000
134 0 +8.070194639e+000 -5.968498054e+002 -5.968498054e+002 -1.0983e+000 -1.6230e+000 +1.7687e+000
198 0 +6.286903775e+000 -5.986330962e+002 -5.986330962e+002 -1.0088e+000 -1.6242e+000 +1.7646e+000
249 0 +5.401082820e+000 -5.995189172e+002 -5.995189172e+002 -2.9285e-002 -1.6834e+000 +1.7541e+000
277 0 +3.531651780e+000 -6.013883482e+002 -6.013883482e+002 -1.2699e-002 -1.6138e+000 +1.7505e+000
349 0 +3.364894697e+000 -6.015551053e+002 -6.015551053e+002 +9.7718e-001 -1.6320e+000 +1.7426e+000
360 0 +3.260552724e+000 -6.016594473e+002 -6.016594473e+002 +9.5939e-001 -1.5873e+000 +1.7466e+000
409 0 +2.658389190e+000 -6.022616108e+002 -6.022616108e+002 +9.9192e-001 -1.5944e+000 +1.7488e+000
431 0 +2.466672807e+000 -6.024533272e+002 -6.024533272e+002 +9.6412e-001 -1.5998e+000 +1.7555e+000
440 0 +2.364924062e+000 -6.025550759e+002 -6.025550759e+002 +9.8819e-001 -1.5846e+000 +1.7561e+000
443 0 +2.204664428e+000 -6.027153356e+002 -6.027153356e+002 +1.0017e+000 -1.6067e+000 +1.7609e+000
454 0 +2.098156457e+000 -6.028218435e+002 -6.028218435e+002 +9.9355e-001 -1.6178e+000 +1.7579e+000
455 0 +2.079542860e+000 -6.028404571e+002 -6.028404571e+002 +9.9650e-001 -1.6007e+000 +1.7591e+000
478 0 +2.029287172e+000 -6.028907128e+002 -6.028907128e+002 +9.9870e-001 -1.6113e+000 +1.7599e+000
485 0 +1.992760870e+000 -6.029272391e+002 -6.029272391e+002 +9.9870e-001 -1.6099e+000 +1.7642e+000
4766 0 +1.429072169e+000 -6.034909278e+002 -6.034909278e+002 +9.9820e-001 -9.9175e-001 +1.7681e+000
4996 0 +1.082762851e+000 -6.038372371e+002 -6.038372371e+002 +9.9775e-001 -1.0035e+000 +1.7643e+000
5228 0 +9.025676507e-001 -6.040174323e+002 -6.040174323e+002 +1.0018e+000 -1.0218e+000 +2.0554e+000
5412 0 +7.699033197e-001 -6.041500967e+002 -6.041500967e+002 +9.6163e-001 -1.0286e+000 +2.0750e+000
5448 0 +7.029145205e-001 -6.042170855e+002 -6.042170855e+002 +1.0018e+000 -1.0401e+000 +2.0657e+000
5568 0 +5.845911853e-001 -6.043354088e+002 -6.043354088e+002 +9.7637e-001 -1.0401e+000 +2.0657e+000
5655 0 +1.767372033e-001 -6.047432628e+002 -6.047432628e+002 +9.8098e-001 -1.0254e+000 +2.0687e+000
5779 0 +1.231049274e-001 -6.047968951e+002 -6.047968951e+002 +9.8548e-001 -1.0041e+000 +2.0739e+000
5792 0 +1.335679871e-002 -6.049066432e+002 -6.049066432e+002 +9.8959e-001 -1.0154e+000 +2.0733e+000
5993 0 +1.213908520e-002 -6.049078609e+002 -6.049078609e+002 +9.9354e-001 -1.0146e+000 +2.0717e+000
5999 0 +1.051125074e-002 -6.049094887e+002 -6.049094887e+002 +9.9442e-001 -1.0122e+000 +2.0725e+000
6078 0 +1.028550237e-002 -6.049097145e+002 -6.049097145e+002 +9.9653e-001 -1.0117e+000 +2.0725e+000
6079 0 +9.926063638e-003 -6.049100739e+002 -6.049100739e+002 +9.9209e-001 -1.0159e+000 +2.0725e+000
6092 0 +2.747991935e-003 -6.049172520e+002 -6.049172520e+002 +9.9558e-001 -1.0142e+000 +2.0731e+000
6108 0 +2.431019002e-003 -6.049175690e+002 -6.049175690e+002 +9.9716e-001 -1.0168e+000 +2.0731e+000
6124 0 +1.288123875e-003 -6.049187119e+002 -6.049187119e+002 +9.9745e-001 -1.0149e+000 +2.0728e+000
6164 0 +1.756552743e-004 -6.049198243e+002 -6.049198243e+002 +9.9808e-001 -1.0147e+000 +2.0736e+000
6215 0 +9.243414286e-005 -6.049199076e+002 -6.049199076e+002 +9.9802e-001 -1.0149e+000 +2.0736e+000
6274 0 +1.362275452e-005 -6.049199864e+002 -6.049199864e+002 +9.9812e-001 -1.0152e+000 +2.0736e+000
6380 0 +1.216515113e-005 -6.049199878e+002 -6.049199878e+002 +9.9831e-001 -1.0153e+000 +2.0736e+000
6383 0 +8.981578503e-006 -6.049199910e+002 -6.049199910e+002 +9.9819e-001 -1.0152e+000 +2.0736e+000
6390 0 +3.615886271e-006 -6.049199964e+002 -6.049199964e+002 +9.9829e-001 -1.0152e+000 +2.0736e+000
6440 0 +3.144469815e-006 -6.049199969e+002 -6.049199969e+002 +9.9837e-001 -1.0153e+000 +2.0736e+000
6453 0 +7.854538353e-007 -6.049199992e+002 -6.049199992e+002 +9.9834e-001 -1.0152e+000 +2.0736e+000
6461 0 +2.849969860e-008 -6.049200000e+002 -6.049200000e+002 +9.9840e-001 -1.0152e+000 +2.0736e+000
6603 0 +2.605429472e-008 -6.049200000e+002 -6.049200000e+002 +9.9839e-001 -1.0152e+000 +2.0736e+000
6614 0 +6.462869351e-009 -6.049200000e+002 -6.049200000e+002 +9.9840e-001 -1.0152e+000 +2.0736e+000
% f evaluations | g evaluations | best noise-free fitness - Fopt (1.337000000000e+002) + sum g_i+ | measured fitness | best measured fitness or single-digit g-values | x1 | x2...
1 0 +1.647918666e+002 +2.984918666e+002 +2.984918666e+002 +2.8301e+000 -4.2745e+000 -1.9035e+000
8 0 +1.188554216e+002 +2.525554216e+002 +2.525554216e+002 -5.0000e+000 +5.0000e+000 -3.6203e-001
11 0 +2.009492786e+001 +1.537949279e+002 +1.537949279e+002 +2.4724e+000 -7.5771e-001 +7.7787e-002
93 0 +1.283248146e+001 +1.465324815e+002 +1.465324815e+002 +2.4326e+000 +4.5436e-001 +1.3211e-001
122 0 +1.224807749e+001 +1.459480775e+002 +1.459480775e+002 +1.5300e+000 -7.0432e-002 +9.1367e-002
135 0 +1.109794291e+001 +1.447979429e+002 +1.447979429e+002 +7.1435e-001 +4.3112e-001 +7.5710e-002
140 0 +7.868359125e+000 +1.415683591e+002 +1.415683591e+002 +2.4555e+000 +8.5191e-001 +9.0677e-002
190 0 +6.160381785e+000 +1.398603818e+002 +1.398603818e+002 +2.3710e+000 +9.3794e-001 +3.3716e-002
204 0 +4.289170026e+000 +1.379891700e+002 +1.379891700e+002 +1.4278e+000 +1.4924e+000 +7.7913e-002
237 0 +3.218976620e+000 +1.369189766e+002 +1.369189766e+002 +2.4326e+000 +9.6466e-001 +9.5219e-002
302 0 +2.220753196e+000 +1.359207532e+002 +1.359207532e+002 +1.4591e+000 +9.4740e-001 +6.4235e-002
453 0 +1.299849774e+000 +1.349998498e+002 +1.349998498e+002 +2.4712e+000 +9.7511e-001 +6.4739e-002
537 0 +1.249706264e+000 +1.349497063e+002 +1.349497063e+002 +2.4585e+000 +9.7090e-001 +6.4739e-002
550 0 +1.183452283e+000 +1.348834523e+002 +1.348834523e+002 +2.4710e+000 +9.7186e-001 +7.0438e-002
639 0 +1.139890933e+000 +1.348398909e+002 +1.348398909e+002 +2.4559e+000 +9.4401e-001 +7.0409e-002
646 0 +1.111352575e+000 +1.348113526e+002 +1.348113526e+002 +2.4552e+000 +9.6175e-001 +6.7343e-002
755 0 +1.094197699e+000 +1.347941977e+002 +1.347941977e+002 +2.4619e+000 +9.5543e-001 +6.3654e-002
763 0 +1.043361016e+000 +1.347433610e+002 +1.347433610e+002 +2.4657e+000 +9.5945e-001 +7.1033e-002
832 0 +1.019327375e+000 +1.347193274e+002 +1.347193274e+002 +2.4703e+000 +9.5652e-001 +7.0949e-002
856 0 +9.950666268e-001 +1.346950666e+002 +1.346950666e+002 +2.4752e+000 +9.5426e-001 +6.8716e-002
5920 0 +7.226727316e-001 +1.344226727e+002 +1.344226727e+002 +2.4716e+000 +9.3889e-001 +3.8014e-001
5922 0 +6.632527950e-001 +1.343632528e+002 +1.343632528e+002 +2.4185e+000 +9.4697e-001 +3.7876e-001
5960 0 +4.700349294e-001 +1.341700349e+002 +1.341700349e+002 +2.4740e+000 +9.3889e-001 +3.7964e-001
6062 0 +4.204445138e-001 +1.341204445e+002 +1.341204445e+002 +2.4352e+000 +9.4697e-001 +3.7876e-001
6148 0 +3.750832189e-001 +1.340750832e+002 +1.340750832e+002 +2.4432e+000 +9.4409e-001 +3.7100e-001
6166 0 +2.409575834e-001 +1.339409576e+002 +1.339409576e+002 +2.4696e+000 +9.7011e-001 +3.7150e-001
6245 0 +2.089023805e-001 +1.339089024e+002 +1.339089024e+002 +2.4601e+000 +9.5351e-001 +3.6875e-001
6265 0 +2.003307154e-001 +1.339003307e+002 +1.339003307e+002 +2.4517e+000 +9.6122e-001 +3.7285e-001
6305 0 +1.703845436e-001 +1.338703845e+002 +1.338703845e+002 +2.4589e+000 +9.6265e-001 +3.7248e-001
6316 0 +1.581999992e-001 +1.338582000e+002 +1.338582000e+002 +2.4613e+000 +9.6397e-001 +3.7321e-001
6322 0 +8.467769686e-002 +1.337846777e+002 +1.337846777e+002 +2.4615e+000 +9.4620e-001 +3.7597e-001
6335 0 +3.996849302e-002 +1.337399685e+002 +1.337399685e+002 +2.4702e+000 +9.5314e-001 +3.7880e-001
6367 0 +2.534410095e-002 +1.337253441e+002 +1.337253441e+002 +2.4700e+000 +9.5972e-001 +3.7733e-001
6395 0 +5.679653059e-003 +1.337056797e+002 +1.337056797e+002 +2.4747e+000 +9.5174e-001 +3.7753e-001
6516 0 +5.337347393e-003 +1.337053373e+002 +1.337053373e+002 +2.4714e+000 +9.5555e-001 +3.7770e-001
6542 0 +1.078520369e-003 +1.337010785e+002 +1.337010785e+002 +2.4754e+000 +9.5432e-001 +3.7823e-001
6572 0 +1.055089553e-003 +1.337010551e+002 +1.337010551e+002 +2.4746e+000 +9.5441e-001 +3.7768e-001
6623 0 +7.212076862e-004 +1.337007212e+002 +1.337007212e+002 +2.4748e+000 +9.5440e-001 +3.7785e-001
6645 0 +6.554780851e-004 +1.337006555e+002 +1.337006555e+002 +2.4753e+000 +9.5465e-001 +3.7791e-001
6687 0 +4.240903383e-004 +1.337004241e+002 +1.337004241e+002 +2.4750e+000 +9.5476e-001 +3.7802e-001
6704 0 +1.907561423e-004 +1.337001908e+002 +1.337001908e+002 +2.4743e+000 +9.5462e-001 +3.7828e-001
6783 0 +6.545924288e-005 +1.337000655e+002 +1.337000655e+002 +2.4748e+000 +9.5438e-001 +3.7828e-001
6808 0 +4.933705091e-005 +1.337000493e+002 +1.337000493e+002 +2.4748e+000 +9.5446e-001 +3.7832e-001
6821 0 +8.334055849e-006 +1.337000083e+002 +1.337000083e+002 +2.4751e+000 +9.5431e-001 +3.7837e-001
6826 0 +3.266714373e-006 +1.337000033e+002 +1.337000033e+002 +2.4751e+000 +9.5441e-001 +3.7837e-001
6841 0 +2.372972716e-006 +1.337000024e+002 +1.337000024e+002 +2.4751e+000 +9.5437e-001 +3.7838e-001
6876 0 +2.249881902e-006 +1.337000022e+002 +1.337000022e+002 +2.4751e+000 +9.5443e-001 +3.7838e-001
6923 0 +1.496888245e-006 +1.337000015e+002 +1.337000015e+002 +2.4752e+000 +9.5444e-001 +3.7839e-001
6944 0 +5.799914788e-007 +1.337000006e+002 +1.337000006e+002 +2.4752e+000 +9.5441e-001 +3.7839e-001
6976 0 +3.021235102e-007 +1.337000003e+002 +1.337000003e+002 +2.4752e+000 +9.5440e-001 +3.7840e-001
7038 0 +6.430849453e-008 +1.337000001e+002 +1.337000001e+002 +2.4752e+000 +9.5440e-001 +3.7840e-001
7083 0 +3.506212920e-008 +1.337000000e+002 +1.337000000e+002 +2.4752e+000 +9.5440e-001 +3.7840e-001
7088 0 +2.340109972e-008 +1.337000000e+002 +1.337000000e+002 +2.4752e+000 +9.5440e-001 +3.7840e-001
7136 0 +1.544754014e-008 +1.337000000e+002 +1.337000000e+002 +2.4752e+000 +9.5440e-001 +3.7840e-001
7154 0 +7.491166798e-009 +1.337000000e+002 +1.337000000e+002 +2.4752e+000 +9.5440e-001 +3.7840e-001
% f evaluations | g evaluations | best noise-free fitness - Fopt (-2.098000000000e+001) + sum g_i+ | measured fitness | best measured fitness or single-digit g-values | x1 | x2...
1 0 +1.947772012e+004 +1.945674012e+004 +1.945674012e+004 +2.9077e+000 +3.0481e+000 +4.6627e+000
2 0 +7.984497881e+003 +7.963517881e+003 +7.963517881e+003 -3.5122e+000 +3.5437e+000 +3.0415e+000
4 0 +2.341658831e+002 +2.131858831e+002 +2.131858831e+002 -2.0650e+000 +2.8974e+000 -3.9704e+000
6 0 +1.802848927e+002 +1.593048927e+002 +1.593048927e+002 -1.5779e+000 -2.5995e+000 -2.6983e+000
7 0 +9.506280542e+001 +7.408280542e+001 +7.408280542e+001 -4.6266e+000 +8.8508e-001 -1.0921e+000
24 0 +8.061341935e+001 +5.963341935e+001 +5.963341935e+001 -2.2613e-001 +1.0229e+000 -1.6431e+000
29 0 +6.476768614e+001 +4.378768614e+001 +4.378768614e+001 -9.8932e-001 +3.3378e+000 -1.1264e+000
33 0 +5.721349933e+001 +3.623349933e+001 +3.623349933e+001 +6.9353e-001 +3.1893e+000 -3.5060e-001
46 0 +4.680728838e+001 +2.582728838e+001 +2.582728838e+001 -9.3685e-001 +2.8809e+000 +1.3824e-001
50 0 +4.300367818e+001 +2.202367818e+001 +2.202367818e+001 -2.9027e-001 +1.2497e+000 -6.1970e-001
56 0 +3.588028134e+001 +1.490028134e+001 +1.490028134e+001 -1.9088e+000 +8.6165e-001 -5.0987e-001
58 0 +2.878988596e+001 +7.809885955e+000 +7.809885955e+000 -1.2493e+000 +1.9498e+000 +2.0036e-001
87 0 +2.713101924e+001 +6.151019245e+000 +6.151019245e+000 -3.9245e-001 +2.4671e+000 -1.7938e-002
99 0 +2.294297658e+001 +1.962976577e+000 +1.962976577e+000 -1.5814e-001 +2.6013e+000 -5.1773e-002
109 0 +2.195482001e+001 +9.748200062e-001 +9.748200062e-001 -1.8695e-001 +1.9376e+000 -1.0933e-001
116 0 +9.060744970e+000 -1.191925503e+001 -1.191925503e+001 +9.4961e-001 +1.8975e+000 -7.3028e-002
131 0 +5.285019201e+000 -1.569498080e+001 -1.569498080e+001 +1.0466e+000 +1.8606e+000 -6.7723e-002
200 0 +3.793376247e+000 -1.718662375e+001 -1.718662375e+001 +1.0447e+000 +1.8975e+000 -2.2388e-002
224 0 +2.638371859e+000 -1.834162814e+001 -1.834162814e+001 +1.0447e+000 +1.9402e+000 -5.5233e-002
315 0 +2.078766001e+000 -1.890123400e+001 -1.890123400e+001 +1.0729e+000 +1.9224e+000 -5.0186e-002
500 0 +2.003172551e+000 -1.897682745e+001 -1.897682745e+001 +1.0636e+000 +1.9205e+000 -4.8035e-002
516 0 +1.994082359e+000 -1.898591764e+001 -1.898591764e+001 +1.0656e+000 +1.9177e+000 -4.6501e-002
1495 0 +1.296035603e+000 -1.968396440e+001 -1.968396440e+001 +1.0482e+000 +1.9380e+000 +2.6270e-001
1635 0 +1.260285436e+000 -1.971971456e+001 -1.971971456e+001 +1.0515e+000 +1.9380e+000 +2.6270e-001
1647 0 +1.010252098e+000 -1.996974790e+001 -1.996974790e+001 +1.0593e+000 +1.9228e+000 +2.6384e-001
1781 0 +9.983555061e-001 -1.998164449e+001 -1.998164449e+001 +1.0644e+000 +1.9209e+000 +2.6312e-001
3454 0 +8.734435283e-001 -2.010655647e+001 -2.010655647e+001 +2.0356e+000 +1.9534e+000 +2.5483e-001
3791 0 +6.436796878e-001 -2.033632031e+001 -2.033632031e+001 +2.0138e+000 +1.9364e+000 +2.6180e-001
3793 0 +5.887933094e-001 -2.039120669e+001 -2.039120669e+001 +2.0360e+000 +1.9422e+000 +2.5585e-001
3795 0 +5.576206504e-001 -2.042237935e+001 -2.042237935e+001 +2.0131e+000 +1.9303e+000 +2.6244e-001
3820 0 +4.814999998e-001 -2.049850000e+001 -2.049850000e+001 +2.0201e+000 +1.9239e+000 +2.5612e-001
3891 0 +3.206541852e-001 -2.065934581e+001 -2.065934581e+001 +2.0340e+000 +1.9209e+000 +2.5379e-001
3932 0 +3.011653065e-001 -2.067883469e+001 -2.067883469e+001 +2.0313e+000 +1.9191e+000 +2.5515e-001
3948 0 +2.767158865e-001 -2.070328411e+001 -2.070328411e+001 +2.0305e+000 +1.9243e+000 +2.5740e-001
3956 0 +2.435328613e-001 -2.073646714e+001 -2.073646714e+001 +2.0411e+000 +1.9236e+000 +2.5444e-001
3964 0 +2.192702785e-001 -2.076072972e+001 -2.076072972e+001 +2.0460e+000 +1.9215e+000 +2.5402e-001
3976 0 +2.032029619e-001 -2.077679704e+001 -2.077679704e+001 +2.0419e+000 +1.9204e+000 +2.5504e-001
3979 0 +1.846912157e-001 -2.079530878e+001 -2.079530878e+001 +2.0428e+000 +1.9257e+000 +2.5633e-001
4004 0 +1.753348646e-001 -2.080466514e+001 -2.080466514e+001 +2.0480e+000 +1.9255e+000 +2.5539e-001
4006 0 +6.422646965e-002 -2.091577353e+001 -2.091577353e+001 +2.0531e+000 +1.9214e+000 +2.5929e-001
4023 0 +5.246517236e-002 -2.092753483e+001 -2.092753483e+001 +2.0586e+000 +1.9191e+000 +2.5929e-001
4032 0 +3.974892413e-002 -2.094025108e+001 -2.094025108e+001 +2.0610e+000 +1.9209e+000 +2.6130e-001
4034 0 +2.451814305e-002 -2.095548186e+001 -2.095548186e+001 +2.0580e+000 +1.9224e+000 +2.6100e-001
4052 0 +1.861053794e-002 -2.096138946e+001 -2.096138946e+001 +2.0588e+000 +1.9162e+000 +2.6142e-001
4071 0 +7.577602535e-003 -2.097242240e+001 -2.097242240e+001 +2.0570e+000 +1.9171e+000 +2.6272e-001
4086 0 +6.174549573e-003 -2.097382545e+001 -2.097382545e+001 +2.0599e+000 +1.9188e+000 +2.6221e-001
4106 0 +4.337850327e-005 -2.097995662e+001 -2.097995662e+001 +2.0599e+000 +1.9190e+000 +2.6391e-001
4242 0 +1.947864310e-005 -2.097998052e+001 -2.097998052e+001 +2.0599e+000 +1.9191e+000 +2.6400e-001
4250 0 +1.186139577e-005 -2.097998814e+001 -2.097998814e+001 +2.0600e+000 +1.9193e+000 +2.6399e-001
4297 0 +1.167689138e-005 -2.097998832e+001 -2.097998832e+001 +2.0599e+000 +1.9192e+000 +2.6393e-001
4298 0 +2.918831338e-006 -2.097999708e+001 -2.097999708e+001 +2.0600e+000 +1.9192e+000 +2.6398e-001
4301 0 +2.507572358e-006 -2.097999749e+001 -2.097999749e+001 +2.0600e+000 +1.9192e+000 +2.6400e-001
4349 0 +8.653996026e-007 -2.097999913e+001 -2.097999913e+001 +2.0600e+000 +1.9192e+000 +2.6398e-001
4429 0 +6.812933862e-007 -2.097999932e+001 -2.097999932e+001 +2.0600e+000 +1.9192e+000 +2.6399e-001
4440 0 +5.730290376e-007 -2.097999943e+001 -2.097999943e+001 +2.0600e+000 +1.9192e+000 +2.6399e-001
4447 0 +4.469657000e-007 -2.097999955e+001 -2.097999955e+001 +2.0600e+000 +1.9192e+000 +2.6400e-001
4481 0 +1.557883245e-007 -2.097999984e+001 -2.097999984e+001 +2.0600e+000 +1.9192e+000 +2.6400e-001
4486 0 +1.698421670e-008 -2.097999998e+001 -2.097999998e+001 +2.0600e+000 +1.9192e+000 +2.6400e-001
4549 0 +1.378185033e-008 -2.097999999e+001 -2.097999999e+001 +2.0600e+000 +1.9192e+000 +2.6400e-001
4564 0 +5.093202304e-009 -2.097999999e+001 -2.097999999e+001 +2.0600e+000 +1.9192e+000 +2.6400e-001
% f evaluations | g evaluations | best noise-free fitness - Fopt (1.353300000000e+002) + sum g_i+ | measured fitness | best measured fitness or single-digit g-values | x1 | x2...
1 0 +1.098104416e+002 +2.451404416e+002 +2.451404416e+002 +2.6777e-001 -3.7428e+000 -3.3194e-001
4 0 +8.061463182e+001 +2.159446318e+002 +2.159446318e+002 -3.8088e+000 -1.0931e+000 -9.0328e-001
21 0 +6.325568140e+001 +1.985856814e+002 +1.985856814e+002 -2.1414e+000 +3.8275e-002 -5.5458e-001
25 0 +5.396536370e+001 +1.892953637e+002 +1.892953637e+002 -2.7858e-001 -3.2801e+000 +1.0437e+000
46 0 +4.652900456e+001 +1.818590046e+002 +1.818590046e+002 -1.4516e+000 -2.8059e+000 +1.1069e+000
49 0 +3.590293894e+001 +1.712329389e+002 +1.712329389e+002 -1.5136e+000 -2.4296e+000 +2.9826e-001
59 0 +2.651726182e+001 +1.618472618e+002 +1.618472618e+002 -1.2949e+000 -2.3515e+000 +6.8700e-001
93 0 +2.613305193e+001 +1.614630519e+002 +1.614630519e+002 -1.5913e+000 -1.0531e+000 +4.0405e-001
111 0 +2.498526151e+001 +1.603152615e+002 +1.603152615e+002 -1.5165e+000 -2.1087e-001 +6.7071e-001
123 0 +1.522591501e+001 +1.505559150e+002 +1.505559150e+002 -1.4488e+000 -7.0239e-001 +6.3294e-001
234 0 +1.031650357e+001 +1.456465036e+002 +1.456465036e+002 -1.3793e+000 -4.1874e-002 +2.9011e-001
261 0 +9.499906277e+000 +1.448299063e+002 +1.448299063e+002 -1.5440e+000 -5.4815e-001 +6.9230e-001
290 0 +7.456252900e+000 +1.427862529e+002 +1.427862529e+002 -1.4400e+000 -5.2386e-001 +6.4992e-001
303 0 +6.934332229e+000 +1.422643322e+002 +1.422643322e+002 -1.5021e+000 -5.6638e-001 +6.7376e-001
350 0 +6.786074023e+000 +1.421160740e+002 +1.421160740e+002 -1.4494e+000 -5.5198e-001 +6.5238e-001
351 0 +6.274108723e+000 +1.416041087e+002 +1.416041087e+002 -1.4602e+000 -5.6638e-001 +6.6243e-001
429 0 +5.998553270e+000 +1.413285533e+002 +1.413285533e+002 -1.4252e+000 -5.7182e-001 +6.6876e-001
1168 0 +1.925463600e+000 +1.372554636e+002 +1.372554636e+002 +4.7571e-001 -5.7204e-001 +9.6762e-001
1540 0 +1.183596542e+000 +1.365135965e+002 +1.365135965e+002 +5.2085e-001 +5.5745e-001 +9.7043e-001
1610 0 +1.166733528e+000 +1.364967335e+002 +1.364967335e+002 +5.2085e-001 +5.5745e-001 +9.7161e-001
1645 0 +4.917926561e-001 +1.358217927e+002 +1.358217927e+002 +5.2628e-001 +2.7562e-003 +9.6759e-001
1673 0 +4.574449928e-001 +1.357874450e+002 +1.357874450e+002 +5.2628e-001 +2.7562e-003 +9.6869e-001
1715 0 +1.820941942e-001 +1.355120942e+002 +1.355120942e+002 +5.2628e-001 +2.5961e-002 +9.6869e-001
1967 0 +1.410659518e-001 +1.354710660e+002 +1.354710660e+002 +5.2830e-001 +1.4523e-002 +9.7290e-001
2014 0 +5.986852914e-002 +1.353898685e+002 +1.353898685e+002 +5.3938e-001 +1.6363e-002 +9.7358e-001
2070 0 +5.722162346e-002 +1.353872216e+002 +1.353872216e+002 +5.4085e-001 +1.6363e-002 +9.7358e-001
2106 0 +1.999870641e-002 +1.353499987e+002 +1.353499987e+002 +5.4530e-001 +2.1196e-002 +9.7442e-001
2176 0 +1.453460693e-002 +1.353445346e+002 +1.353445346e+002 +5.4125e-001 +2.0178e-002 +9.7616e-001
2229 0 +4.760805890e-003 +1.353347608e+002 +1.353347608e+002 +5.4108e-001 +2.3219e-002 +9.7599e-001
2258 0 +4.370550084e-003 +1.353343706e+002 +1.353343706e+002 +5.4260e-001 +2.5744e-002 +9.7584e-001
2299 0 +2.239541247e-003 +1.353322395e+002 +1.353322395e+002 +5.4300e-001 +2.5676e-002 +9.7665e-001
2330 0 +7.457419036e-004 +1.353307457e+002 +1.353307457e+002 +5.4341e-001 +2.4309e-002 +9.7643e-001
2341 0 +1.367604089e-004 +1.353301368e+002 +1.353301368e+002 +5.4398e-001 +2.3912e-002 +9.7673e-001
2440 0 +1.503392824e-005 +1.353300150e+002 +1.353300150e+002 +5.4479e-001 +2.4000e-002 +9.7671e-001
2462 0 +4.211519155e-006 +1.353300042e+002 +1.353300042e+002 +5.4472e-001 +2.4030e-002 +9.7676e-001
2469 0 +8.664293318e-007 +1.353300009e+002 +1.353300009e+002 +5.4475e-001 +2.4013e-002 +9.7680e-001
2540 0 +7.227835681e-007 +1.353300007e+002 +1.353300007e+002 +5.4478e-001 +2.3969e-002 +9.7680e-001
2544 0 +3.389831420e-007 +1.353300003e+002 +1.353300003e+002 +5.4479e-001 +2.3997e-002 +9.7679e-001
2555 0 +2.317638348e-007 +1.353300002e+002 +1.353300002e+002 +5.4479e-001 +2.3992e-002 +9.7679e-001
2569 0 +5.962991168e-008 +1.353300001e+002 +1.353300001e+002 +5.4479e-001 +2.3992e-002 +9.7680e-001
2612 0 +3.691008033e-008 +1.353300000e+002 +1.353300000e+002 +5.4479e-001 +2.3998e-002 +9.7680e-001
2630 0 +2.179180569e-008 +1.353300000e+002 +1.353300000e+002 +5.4480e-001 +2.3999e-002 +9.7680e-001
2703 0 +1.677912564e-008 +1.353300000e+002 +1.353300000e+002 +5.4480e-001 +2.3999e-002 +9.7680e-001
2708 0 +1.364892910e-008 +1.353300000e+002 +1.353300000e+002 +5.4480e-001 +2.4002e-002 +9.7680e-001
2728 0 +1.163411412e-008 +1.353300000e+002 +1.353300000e+002 +5.4480e-001 +2.3999e-002 +9.7680e-001
2729 0 +9.053849226e-009 +1.353300000e+002 +1.353300000e+002 +5.4480e-001 +2.4000e-002 +9.7680e-001
% f evaluations | g evaluations | best noise-free fitness - Fopt (4.066000000000e+001) + sum g_i+ | measured fitness | best measured fitness or single-digit g-values | x1 | x2...
1 0 +2.613919246e+002 +3.020519246e+002 +3.020519246e+002 +2.1064e+000 -3.2328e+000 -5.1005e-001
4 0 +8.862814715e+001 +1.292881471e+002 +1.292881471e+002 -2.5948e+000 +2.8149e+000 +3.0139e+000
9 0 +6.295996443e+001 +1.036199644e+002 +1.036199644e+002 +2.6866e+000 -1.3286e+000 +3.5636e+000
21 0 +3.126590406e+001 +7.192590406e+001 +7.192590406e+001 +2.2597e+000 +1.0629e+000 +3.2472e+000
25 0 +2.484149163e+001 +6.550149163e+001 +6.550149163e+001 +1.2227e+000 +1.6440e+000 +3.2461e+000
77 0 +2.426618768e+001 +6.492618768e+001 +6.492618768e+001 -1.0592e-001 +1.2459e-001 +3.8568e+000
81 0 +2.310314493e+001 +6.376314493e+001 +6.376314493e+001 +2.3796e+000 +1.7543e+000 +3.6435e+000
84 0 +2.151972081e+001 +6.217972081e+001 +6.217972081e+001 +5.2210e-002 +2.3124e+000 +3.2958e+000
97 0 +1.786489296e+001 +5.852489296e+001 +5.852489296e+001 +1.2227e+000 +1.2207e+000 +2.9932e+000
114 0 +1.538507624e+001 +5.604507624e+001 +5.604507624e+001 +3.1550e+000 +1.8623e+000 +3.2585e+000
119 0 +1.446782349e+001 +5.512782349e+001 +5.512782349e+001 +1.8750e+000 +6.8517e-001 +3.8970e+000
129 0 +6.131780433e+000 +4.679178043e+001 +4.679178043e+001 +2.0285e+000 +1.2667e+000 +3.5757e+000
239 0 +3.991434199e+000 +4.465143420e+001 +4.465143420e+001 +2.0866e+000 +6.7834e-001 +3.9544e+000
443 0 +3.682134460e+000 +4.434213446e+001 +4.434213446e+001 +2.0295e+000 +6.4699e-001 +3.9544e+000
671 0 +2.445751224e+000 +4.310575122e+001 +4.310575122e+001 +2.0569e+000 +6.7373e-001 +3.9115e+000
731 0 +1.700655199e+000 +4.236065520e+001 +4.236065520e+001 +3.0182e+000 +6.7373e-001 +3.9115e+000
791 0 +1.665142362e+000 +4.232514236e+001 +4.232514236e+001 +3.0191e+000 +6.7373e-001 +3.9119e+000
800 0 +1.125736851e+000 +4.178573685e+001 +4.178573685e+001 +3.0412e+000 +6.6317e-001 +3.9183e+000
1040 0 +1.113592699e+000 +4.177359270e+001 +4.177359270e+001 +3.0446e+000 +6.6317e-001 +3.9183e+000
1234 0 +2.018230608e-001 +4.086182306e+001 +4.086182306e+001 +3.0538e+000 +1.2357e+000 +3.9191e+000
1330 0 +4.845454503e-002 +4.070845455e+001 +4.070845455e+001 +3.0419e+000 +1.2418e+000 +3.9216e+000
1366 0 +4.749855291e-002 +4.070749855e+001 +4.070749855e+001 +3.0389e+000 +1.2491e+000 +3.9216e+000
1414 0 +4.159299442e-002 +4.070159299e+001 +4.070159299e+001 +3.0392e+000 +1.2491e+000 +3.9222e+000
1551 0 +3.900466474e-002 +4.069900466e+001 +4.069900466e+001 +3.0459e+000 +1.2542e+000 +3.9229e+000
1556 0 +3.500423176e-002 +4.069500423e+001 +4.069500423e+001 +3.0443e+000 +1.2410e+000 +3.9231e+000
1568 0 +2.617438037e-002 +4.068617438e+001 +4.068617438e+001 +3.0476e+000 +1.2423e+000 +3.9226e+000
1577 0 +2.079748312e-002 +4.068079748e+001 +4.068079748e+001 +3.0448e+000 +1.2481e+000 +3.9215e+000
1580 0 +7.827518424e-003 +4.066782752e+001 +4.066782752e+001 +3.0487e+000 +1.2488e+000 +3.9226e+000
1590 0 +2.632839925e-003 +4.066263284e+001 +4.066263284e+001 +3.0490e+000 +1.2477e+000 +3.9234e+000
1617 0 +2.849139045e-004 +4.066028491e+001 +4.066028491e+001 +3.0518e+000 +1.2469e+000 +3.9237e+000
1647 0 +1.030569281e-004 +4.066010306e+001 +4.066010306e+001 +3.0515e+000 +1.2471e+000 +3.9239e+000
1677 0 +4.164343284e-005 +4.066004164e+001 +4.066004164e+001 +3.0517e+000 +1.2472e+000 +3.9239e+000
1701 0 +7.904478004e-006 +4.066000790e+001 +4.066000790e+001 +3.0520e+000 +1.2472e+000 +3.9240e+000
1774 0 +6.132493020e-006 +4.066000613e+001 +4.066000613e+001 +3.0519e+000 +1.2472e+000 +3.9240e+000
1793 0 +2.896994737e-006 +4.066000290e+001 +4.066000290e+001 +3.0519e+000 +1.2472e+000 +3.9240e+000
1817 0 +2.006113924e-006 +4.066000201e+001 +4.066000201e+001 +3.0519e+000 +1.2472e+000 +3.9240e+000
1845 0 +1.118695771e-006 +4.066000112e+001 +4.066000112e+001 +3.0520e+000 +1.2472e+000 +3.9240e+000
1848 0 +6.204493488e-007 +4.066000062e+001 +4.066000062e+001 +3.0520e+000 +1.2472e+000 +3.9240e+000
1882 0 +7.314208972e-008 +4.066000007e+001 +4.066000007e+001 +3.0520e+000 +1.2472e+000 +3.9240e+000
1908 0 +6.797518637e-008 +4.066000007e+001 +4.066000007e+001 +3.0520e+000 +1.2472e+000 +3.9240e+000
1954 0 +9.590458205e-009 +4.066000001e+001 +4.066000001e+001 +3.0520e+000 +1.2472e+000 +3.9240e+000
