% f evaluations | g evaluations | best noise-free fitness - Fopt (-4.620900000000e+002) + sum g_i+ | measured fitness | best measured fitness or single-digit g-values | x1 | x2...
1 0 +9.268963943e+001 -3.694003606e+002 -3.694003606e+002 +2.7849e+000 +4.6265e+000
10 0 +3.783629345e+001 -4.242537066e+002 -4.242537066e+002 -1.7312e+000 +2.4734e+000
12 0 +2.232269798e+001 -4.397673020e+002 -4.397673020e+002 -1.6047e+000 +2.2362e+000
23 0 +1.285681654e+001 -4.492331835e+002 -4.492331835e+002 +6.1615e-001 +2.8811e+000
31 0 +6.667107409e+000 -4.554228926e+002 -4.554228926e+002 +5.1284e-001 +2.5980e+000
77 0 +5.702223900e+000 -4.563877761e+002 -4.563877761e+002 +4.2569e-001 +2.5900e+000
127 0 +4.560185797e+000 -4.575298142e+002 -4.575298142e+002 +1.2746e+000 +2.6255e+000
178 0 +3.666803601e+000 -4.584231964e+002 -4.584231964e+002 +1.2808e+000 +2.6001e+000
242 0 +2.031234671e+000 -4.600587653e+002 -4.600587653e+002 +1.3366e+000 +2.6028e+000
549 0 +1.552319470e+000 -4.605376805e+002 -4.605376805e+002 +1.3531e+000 +2.3170e+000
595 0 +1.545161577e+000 -4.605448384e+002 -4.605448384e+002 +1.3520e+000 +2.3170e+000
619 0 +1.293987224e+000 -4.607960128e+002 -4.607960128e+002 +1.3530e+000 +2.2882e+000
637 0 +1.132884239e+000 -4.609571158e+002 -4.609571158e+002 +1.3531e+000 +2.2920e+000
673 0 +1.037617495e+000 -4.610523825e+002 -4.610523825e+002 +1.3447e+000 +2.3043e+000
682 0 +9.957842605e-001 -4.610942157e+002 -4.610942157e+002 +1.3458e+000 +2.2999e+000
1493 0 +9.709207091e-002 -4.619929079e+002 -4.619929079e+002 +2.3249e+000 +2.3044e+000
1565 0 +7.750904540e-002 -4.620124910e+002 -4.620124910e+002 +2.3280e+000 +2.3044e+000
1589 0 +5.316949269e-002 -4.620368305e+002 -4.620368305e+002 +2.3251e+000 +2.3010e+000
1628 0 +2.791939617e-002 -4.620620806e+002 -4.620620806e+002 +2.3288e+000 +2.3000e+000
1664 0 +1.463518843e-002 -4.620753648e+002 -4.620753648e+002 +2.3326e+000 +2.3013e+000
1671 0 +4.851131564e-003 -4.620851489e+002 -4.620851489e+002 +2.3365e+000 +2.3005e+000
1679 0 +1.615594460e-003 -4.620883844e+002 -4.620883844e+002 +2.3395e+000 +2.2992e+000
1685 0 +1.185201345e-003 -4.620888148e+002 -4.620888148e+002 +2.3395e+000 +2.2994e+000
1701 0 +4.566855316e-004 -4.620895433e+002 -4.620895433e+002 +2.3394e+000 +2.2998e+000
1717 0 +3.264916866e-004 -4.620896735e+002 -4.620896735e+002 +2.3396e+000 +2.2998e+000
1727 0 +2.871471671e-004 -4.620897129e+002 -4.620897129e+002 +2.3396e+000 +2.3001e+000
1755 0 +2.633139331e-004 -4.620897367e+002 -4.620897367e+002 +2.3405e+000 +2.3003e+000
1763 0 +7.254734385e-006 -4.620899927e+002 -4.620899927e+002 +2.3406e+000 +2.3000e+000
1787 0 +7.118318933e-006 -4.620899929e+002 -4.620899929e+002 +2.3406e+000 +2.3000e+000
1814 0 +3.170321804e-006 -4.620899968e+002 -4.620899968e+002 +2.3407e+000 +2.3000e+000
1837 0 +2.311831338e-006 -4.620899977e+002 -4.620899977e+002 +2.3407e+000 +2.3000e+000
1838 0 +6.165043942e-007 -4.620899994e+002 -4.620899994e+002 +2.3407e+000 +2.3000e+000
1859 0 +1.437402943e-007 -4.620899999e+002 -4.620899999e+002 +2.3408e+000 +2.3000e+000
1870 0 +9.580560345e-009 -4.620900000e+002 -4.620900000e+002 +2.3408e+000 +2.3000e+000
% f evaluations | g evaluations | best noise-free fitness - Fopt (7.766000000000e+001) + sum g_i+ | measured fitness | best measured fitness or single-digit g-values | x1 | x2...
1 0 +2.698063954e+002 +3.474663954e+002 +3.474663954e+002 +2.1234e+000 +4.2841e+000
2 0 +1.224346122e+002 +2.000946122e+002 +2.000946122e+002 -1.1220e+000 +1.7963e+000
3 0 +3.791382707e+001 +1.155738271e+002 +1.155738271e+002 -8.0350e-001 +3.4793e-001
8 0 +2.630509149e+001 +1.039650915e+002 +1.039650915e+002 -6.0829e-001 -1.0532e+000
9 0 +2.383988355e+001 +1.014998835e+002 +1.014998835e+002 -6.2652e-001 -1.0690e+000
13 0 +1.789081487e+001 +9.555081487e+001 +9.555081487e+001 +5.0884e-001 -3.2745e-001
47 0 +9.747828241e+000 +8.740782824e+001 +8.740782824e+001 +5.1715e-001 -9.0987e-001
51 0 +5.090416195e+000 +8.275041619e+001 +8.275041619e+001 +4.3156e-001 -5.4297e-001
75 0 +3.635304110e+000 +8.129530411e+001 +8.129530411e+001 +1.3622e+000 -5.2444e-001
91 0 +3.517466410e+000 +8.117746641e+001 +8.117746641e+001 +1.4580e+000 -8.8221e-001
108 0 +3.302519159e+000 +8.096251916e+001 +8.096251916e+001 +1.4165e+000 -8.8858e-001
151 0 +2.821998166e+000 +8.048199817e+001 +8.048199817e+001 +1.4249e+000 -5.3077e-001
183 0 +2.275908820e+000 +7.993590882e+001 +7.993590882e+001 +1.4458e+000 -8.3863e-001
215 0 +1.673642629e+000 +7.933364263e+001 +7.933364263e+001 +1.3768e+000 -8.4139e-001
245 0 +1.281295346e+000 +7.894129535e+001 +7.894129535e+001 +1.4100e+000 -8.4453e-001
274 0 +1.129788913e+000 +7.878978891e+001 +7.878978891e+001 +1.4165e+000 -8.6069e-001
289 0 +1.001766463e+000 +7.866176646e+001 +7.866176646e+001 +1.4061e+000 -8.5621e-001
301 0 +9.951449239e-001 +7.865514492e+001 +7.865514492e+001 +1.4026e+000 -8.5611e-001
2094 0 +6.310499509e-001 +7.829104995e+001 +7.829104995e+001 +2.3539e+000 -8.4624e-001
2112 0 +3.622867841e-001 +7.802228678e+001 +7.802228678e+001 +2.4009e+000 -8.6716e-001
2143 0 +2.653654398e-002 +7.768653654e+001 +7.768653654e+001 +2.3880e+000 -8.5797e-001
2286 0 +8.921980045e-003 +7.766892198e+001 +7.766892198e+001 +2.3930e+000 -8.5717e-001
2314 0 +5.971520399e-004 +7.766059715e+001 +7.766059715e+001 +2.3976e+000 -8.5550e-001
2378 0 +3.742092000e-004 +7.766037421e+001 +7.766037421e+001 +2.3985e+000 -8.5572e-001
2406 0 +2.781836602e-004 +7.766027818e+001 +7.766027818e+001 +2.3985e+000 -8.5614e-001
2423 0 +2.621874804e-004 +7.766026219e+001 +7.766026219e+001 +2.3976e+000 -8.5572e-001
2465 0 +5.049924357e-005 +7.766005050e+001 +7.766005050e+001 +2.3979e+000 -8.5600e-001
2470 0 +7.616004552e-006 +7.766000762e+001 +7.766000762e+001 +2.3984e+000 -8.5593e-001
2539 0 +7.103758932e-006 +7.766000710e+001 +7.766000710e+001 +2.3982e+000 -8.5600e-001
2544 0 +2.433648717e-006 +7.766000243e+001 +7.766000243e+001 +2.3984e+000 -8.5604e-001
2547 0 +2.914336079e-007 +7.766000029e+001 +7.766000029e+001 +2.3984e+000 -8.5599e-001
2602 0 +1.008593102e-007 +7.766000010e+001 +7.766000010e+001 +2.3984e+000 -8.5600e-001
2620 0 +5.698173311e-008 +7.766000006e+001 +7.766000006e+001 +2.3984e+000 -8.5600e-001
2640 0 +2.017061718e-008 +7.766000002e+001 +7.766000002e+001 +2.3984e+000 -8.5600e-001
2647 0 +6.395808327e-009 +7.766000001e+001 +7.766000001e+001 +2.3984e+000 -8.5600e-001
% f evaluations | g evaluations | best noise-free fitness - Fopt (1.156800000000e+002) + sum g_i+ | measured fitness | best measured fitness or single-digit g-values | x1 | x2...
1 0 +1.680415805e+002 +2.837215805e+002 +2.837215805e+002 -1.1962e-001 -4.8234e+000
2 0 +6.483138804e+001 +1.805113880e+002 +1.805113880e+002 +2.4289e+000 +5.7683e-001
7 0 +3.102176322e+001 +1.467017632e+002 +1.467017632e+002 -4.3550e-001 -7.1713e-001
10 0 +1.825496985e+001 +1.339349698e+002 +1.339349698e+002 +4.0196e-001 -4.4749e-001
30 0 +1.428878544e+001 +1.299687854e+002 +1.299687854e+002 +1.0345e+000 -1.0403e+000
34 0 +1.085931160e+001 +1.265393116e+002 +1.265393116e+002 +1.2526e+000 -1.2343e+000
37 0 +6.019974017e+000 +1.216999740e+002 +1.216999740e+002 +2.0033e+000 -9.7743e-001
82 0 +4.953140180e+000 +1.206331402e+002 +1.206331402e+002 +1.2332e+000 -6.3811e-001
122 0 +4.892170759e+000 +1.205721708e+002 +1.205721708e+002 +1.2315e+000 -6.3808e-001
163 0 +4.403674757e+000 +1.200836748e+002 +1.200836748e+002 +2.0530e+000 -6.8779e-001
182 0 +2.055680136e+000 +1.177356801e+002 +1.177356801e+002 +1.1794e+000 -9.6073e-001
287 0 +1.044415919e+000 +1.167244159e+002 +1.167244159e+002 +1.1794e+000 -9.7870e-001
334 0 +1.018267218e+000 +1.166982672e+002 +1.166982672e+002 +1.1793e+000 -9.8634e-001
432 0 +9.974253798e-001 +1.166774254e+002 +1.166774254e+002 +1.1795e+000 -9.8336e-001
900 0 +5.431960402e-001 +1.162231960e+002 +1.162231960e+002 +2.1691e+000 -9.9925e-001
922 0 +8.709770508e-002 +1.157670977e+002 +1.157670977e+002 +2.1757e+000 -9.9014e-001
924 0 +5.833779425e-002 +1.157383378e+002 +1.157383378e+002 +2.1621e+000 -9.8170e-001
988 0 +2.990973732e-002 +1.157099097e+002 +1.157099097e+002 +2.1687e+000 -9.8589e-001
999 0 +1.039028011e-002 +1.156903903e+002 +1.156903903e+002 +2.1706e+000 -9.8347e-001
1011 0 +1.456708632e-004 +1.156801457e+002 +1.156801457e+002 +2.1777e+000 -9.8304e-001
1014 0 +8.840032919e-005 +1.156800884e+002 +1.156800884e+002 +2.1777e+000 -9.8319e-001
1032 0 +8.246151555e-005 +1.156800825e+002 +1.156800825e+002 +2.1778e+000 -9.8322e-001
1063 0 +3.234836480e-005 +1.156800323e+002 +1.156800323e+002 +2.1780e+000 -9.8323e-001
1067 0 +3.964962175e-006 +1.156800040e+002 +1.156800040e+002 +2.1783e+000 -9.8317e-001
1078 0 +3.816782268e-006 +1.156800038e+002 +1.156800038e+002 +2.1783e+000 -9.8317e-001
1092 0 +1.366647240e-007 +1.156800001e+002 +1.156800001e+002 +2.1784e+000 -9.8320e-001
1102 0 +1.020752336e-007 +1.156800001e+002 +1.156800001e+002 +2.1784e+000 -9.8320e-001
1150 0 +2.589401049e-008 +1.156800000e+002 +1.156800000e+002 +2.1784e+000 -9.8320e-001
1202 0 +1.156304563e-008 +1.156800000e+002 +1.156800000e+002 +2.1784e+000 -9.8320e-001
1217 0 +1.133082606e-008 +1.156800000e+002 +1.156800000e+002 +2.1784e+000 -9.8320e-001
1233 0 +1.114244697e-008 +1.156800000e+002 +1.156800000e+002 +2.1784e+000 -9.8320e-001
1234 0 +1.086442580e-008 +1.156800000e+002 +1.156800000e+002 +2.1784e+000 -9.8320e-001
1245 0 +9.025399095e-009 +1.156800000e+002 +1.156800000e+002 +2.1784e+000 -9.8320e-001
% f evaluations | g evaluations | best noise-free fitness - Fopt (-3.710000000000e+000) + sum g_i+ | measured fitness | best measured fitness or single-digit g-values | x1 | x2...
1 0 +2.318596534e+002 +2.281496534e+002 +2.281496534e+002 +2.2660e+000 +2.4748e+000
2 0 +5.849583031e+001 +5.478583031e+001 +5.478583031e+001 -2.2995e+000 -1.4705e+000
3 0 +2.085198417e+001 +1.714198417e+001 +1.714198417e+001 +3.4349e+000 -2.5952e+000
19 0 +1.947143478e+001 +1.576143478e+001 +1.576143478e+001 +3.4284e+000 -2.5695e+000
40 0 +1.470369088e+001 +1.099369088e+001 +1.099369088e+001 +2.8324e+000 -2.2583e+000
62 0 +1.224537269e+001 +8.535372689e+000 +8.535372689e+000 +1.3451e+000 -1.9230e+000
79 0 +1.197293874e+001 +8.262938736e+000 +8.262938736e+000 +9.6389e-001 -2.6398e+000
91 0 +3.759016563e+000 +4.901656270e-002 +4.901656270e-002 +3.0124e+000 -2.0058e+000
112 0 +2.503959593e+000 -1.206040407e+000 -1.206040407e+000 +3.1172e+000 -1.9563e+000
179 0 +1.453909731e+000 -2.256090269e+000 -2.256090269e+000 +3.1172e+000 -1.9731e+000
227 0 +1.140699761e+000 -2.569300239e+000 -2.569300239e+000 +3.1172e+000 -1.9808e+000
474 0 +1.098688535e+000 -2.611311465e+000 -2.611311465e+000 +3.1180e+000 -1.9965e+000
475 0 +1.004270183e+000 -2.705729817e+000 -2.705729817e+000 +3.1152e+000 -1.9882e+000
512 0 +9.953692502e-001 -2.714630750e+000 -2.714630750e+000 +3.1189e+000 -1.9893e+000
2062 0 +2.362511502e-001 -3.473748850e+000 -3.473748850e+000 +3.0910e+000 -2.3006e+000
2114 0 +1.419526578e-001 -3.568047342e+000 -3.568047342e+000 +3.0987e+000 -2.2900e+000
2140 0 +4.307368770e-002 -3.666926312e+000 -3.666926312e+000 +3.1098e+000 -2.2986e+000
2168 0 +3.328259060e-003 -3.706671741e+000 -3.706671741e+000 +3.1204e+000 -2.2957e+000
2190 0 +1.647426750e-004 -3.709835257e+000 -3.709835257e+000 +3.1197e+000 -2.2955e+000
2196 0 +1.296895242e-004 -3.709870310e+000 -3.709870310e+000 +3.1197e+000 -2.2955e+000
2226 0 +2.111686405e-005 -3.709978883e+000 -3.709978883e+000 +3.1197e+000 -2.2952e+000
2227 0 +1.886291834e-005 -3.709981137e+000 -3.709981137e+000 +3.1197e+000 -2.2952e+000
2260 0 +1.519409729e-005 -3.709984806e+000 -3.709984806e+000 +3.1199e+000 -2.2953e+000
2263 0 +5.540837494e-006 -3.709994459e+000 -3.709994459e+000 +3.1198e+000 -2.2952e+000
2268 0 +5.079143619e-006 -3.709994921e+000 -3.709994921e+000 +3.1198e+000 -2.2952e+000
2278 0 +8.950761865e-008 -3.709999910e+000 -3.709999910e+000 +3.1200e+000 -2.2952e+000
2338 0 +7.527318058e-008 -3.709999925e+000 -3.709999925e+000 +3.1200e+000 -2.2952e+000
2339 0 +2.599328752e-008 -3.709999974e+000 -3.709999974e+000 +3.1200e+000 -2.2952e+000
2343 0 +1.367178726e-008 -3.709999986e+000 -3.709999986e+000 +3.1200e+000 -2.2952e+000
2348 0 +7.670779567e-009 -3.709999992e+000 -3.709999992e+000 +3.1200e+000 -2.2952e+000
% f evaluations | g evaluations | best noise-free fitness - Fopt (1.321800000000e+002) + sum g_i+ | measured fitness | best measured fitness or single-digit g-values | x1 | x2...
1 0 +1.754365858e+002 +3.076165858e+002 +3.076165858e+002 +4.9241e+000 +1.8235e+000
2 0 +9.898398790e+001 +2.311639879e+002 +2.311639879e+002 +4.6621e+000 +2.4075e+000
3 0 +9.554788514e+001 +2.277278851e+002 +2.277278851e+002 +3.2088e+000 -1.2031e+000
7 0 +7.057591649e+001 +2.027559165e+002 +2.027559165e+002 +2.5247e+000 +3.4870e+000
10 0 +2.558285692e+001 +1.577628569e+002 +1.577628569e+002 +1.6261e-002 +1.5090e+000
11 0 +2.137227974e+001 +1.535522797e+002 +1.535522797e+002 +8.3764e-001 +5.1776e-001
23 0 +1.541415443e+001 +1.475941544e+002 +1.475941544e+002 +1.8231e+000 +2.4311e+000
28 0 +1.047276819e+001 +1.426527682e+002 +1.426527682e+002 +2.6444e+000 +1.4398e+000
34 0 +9.603934523e+000 +1.417839345e+002 +1.417839345e+002 +2.6681e+000 +2.0799e+000
58 0 +5.293138735e+000 +1.374731387e+002 +1.374731387e+002 +2.6847e+000 +1.8073e+000
154 0 +4.866202170e+000 +1.370462022e+002 +1.370462022e+002 +2.6908e+000 +1.8063e+000
164 0 +3.436219086e+000 +1.356162191e+002 +1.356162191e+002 +2.7255e+000 +1.1896e+000
188 0 +3.222492385e+000 +1.354024924e+002 +1.354024924e+002 +2.7321e+000 +1.5123e+000
201 0 +1.913096528e+000 +1.340930965e+002 +1.340930965e+002 +3.7469e+000 +1.1544e+000
263 0 +1.863707112e+000 +1.340437071e+002 +1.340437071e+002 +3.7560e+000 +1.1544e+000
278 0 +1.016173226e+000 +1.331961732e+002 +1.331961732e+002 +3.7591e+000 +1.1750e+000
393 0 +5.794445150e-001 +1.327594445e+002 +1.327594445e+002 +3.7512e+000 +1.4998e+000
394 0 +1.140157345e-002 +1.321914016e+002 +1.321914016e+002 +3.7572e+000 +1.4836e+000
444 0 +4.775519311e-003 +1.321847755e+002 +1.321847755e+002 +3.7605e+000 +1.4834e+000
455 0 +2.815255686e-003 +1.321828153e+002 +1.321828153e+002 +3.7605e+000 +1.4822e+000
461 0 +8.590329193e-004 +1.321808590e+002 +1.321808590e+002 +3.7618e+000 +1.4824e+000
467 0 +1.303358450e-004 +1.321801303e+002 +1.321801303e+002 +3.7631e+000 +1.4824e+000
529 0 +7.502007924e-005 +1.321800750e+002 +1.321800750e+002 +3.7634e+000 +1.4824e+000
538 0 +3.207036693e-005 +1.321800321e+002 +1.321800321e+002 +3.7636e+000 +1.4824e+000
539 0 +2.560770736e-005 +1.321800256e+002 +1.321800256e+002 +3.7637e+000 +1.4824e+000
544 0 +6.242219655e-006 +1.321800062e+002 +1.321800062e+002 +3.7639e+000 +1.4824e+000
563 0 +2.233273477e-006 +1.321800022e+002 +1.321800022e+002 +3.7639e+000 +1.4824e+000
579 0 +2.149196405e-006 +1.321800021e+002 +1.321800021e+002 +3.7639e+000 +1.4824e+000
584 0 +1.286602156e-006 +1.321800013e+002 +1.321800013e+002 +3.7639e+000 +1.4824e+000
587 0 +9.154402392e-008 +1.321800001e+002 +1.321800001e+002 +3.7640e+000 +1.4824e+000
610 0 +6.162116506e-008 +1.321800001e+002 +1.321800001e+002 +3.7640e+000 +1.4824e+000
642 0 +5.710546702e-008 +1.321800001e+002 +1.321800001e+002 +3.7640e+000 +1.4824e+000
648 0 +4.850602409e-008 +1.321800000e+002 +1.321800000e+002 +3.7640e+000 +1.4824e+000
657 0 +4.424666145e-008 +1.321800000e+002 +1.321800000e+002 +3.7640e+000 +1.4824e+000
667 0 +4.186568958e-008 +1.321800000e+002 +1.321800000e+002 +3.7640e+000 +1.4824e+000
669 0 +3.381836677e-008 +1.321800000e+002 +1.321800000e+002 +3.7640e+000 +1.4824e+000
679 0 +2.967547630e-008 +1.321800000e+002 +1.321800000e+002 +3.7640e+000 +1.4824e+000
681 0 +1.735884325e-008 +1.321800000e+002 +1.321800000e+002 +3.7640e+000 +1.4824e+000
685 0 +1.448489684e-008 +1.321800000e+002 +1.321800000e+002 +3.7640e+000 +1.4824e+000
686 0 +1.108699621e-008 +1.321800000e+002 +1.321800000e+002 +3.7640e+000 +1.4824e+000
701 0 +9.268006806e-009 +1.321800000e+002 +1.321800000e+002 +3.7640e+000 +1.4824e+000
% f evaluations | g evaluations | best noise-free fitness - Fopt (-3.930000000000e+001) + sum g_i+ | measured fitness | best measured fitness or single-digit g-values | x1 | x2...
1 0 +1.683831122e+002 +1.290831122e+002 +1.290831122e+002 -2.6322e+000 -4.8205e+000
2 0 +6.987969240e+001 +3.057969240e+001 +3.057969240e+001 +3.0751e+000 -3.7578e-001
6 0 +4.126828964e+001 +1.968289644e+000 +1.968289644e+000 -7.5631e-001 -1.7435e+000
7 0 +2.312012852e+001 -1.617987148e+001 -1.617987148e+001 +5.3201e-001 -2.0202e+000
21 0 +1.488942565e+001 -2.441057435e+001 -2.441057435e+001 +5.0834e-001 -9.9132e-001
22 0 +1.390161631e+001 -2.539838369e+001 -2.539838369e+001 +1.7466e+000 -1.1957e+000
29 0 +1.368278448e+001 -2.561721552e+001 -2.561721552e+001 +5.6429e-001 -1.1489e+000
39 0 +1.195647980e+001 -2.734352020e+001 -2.734352020e+001 +6.2788e-001 -1.1561e+000
48 0 +1.116606904e+001 -2.813393096e+001 -2.813393096e+001 -5.5563e-001 -1.2600e+000
56 0 +7.710819899e+000 -3.158918010e+001 -3.158918010e+001 +2.3436e+000 -9.2156e-001
80 0 +2.479980272e+000 -3.682001973e+001 -3.682001973e+001 +1.5077e+000 -9.1525e-001
124 0 +1.145648264e+000 -3.815435174e+001 -3.815435174e+001 +1.5521e+000 -1.2237e+000
279 0 +1.117273833e+000 -3.818272617e+001 -3.818272617e+001 +1.5485e+000 -1.2233e+000
343 0 +1.050462902e+000 -3.824953710e+001 -3.824953710e+001 +1.5337e+000 -1.2247e+000
379 0 +1.033195370e+000 -3.826680463e+001 -3.826680463e+001 +1.5432e+000 -1.2261e+000
430 0 +1.010486669e+000 -3.828951333e+001 -3.828951333e+001 +1.5406e+000 -1.2275e+000
452 0 +9.998718090e-001 -3.830012819e+001 -3.830012819e+001 +1.5384e+000 -1.2280e+000
927 0 +3.539836835e-001 -3.894601632e+001 -3.894601632e+001 +2.4952e+000 -1.2263e+000
1005 0 +2.407035593e-001 -3.905929644e+001 -3.905929644e+001 +2.5004e+000 -1.2300e+000
1039 0 +2.325250292e-001 -3.906747497e+001 -3.906747497e+001 +2.5038e+000 -1.2340e+000
1081 0 +1.749398005e-001 -3.912506020e+001 -3.912506020e+001 +2.5045e+000 -1.2292e+000
1086 0 +4.686618745e-002 -3.925313381e+001 -3.925313381e+001 +2.5261e+000 -1.2336e+000
1095 0 +3.090894465e-002 -3.926909106e+001 -3.926909106e+001 +2.5222e+000 -1.2314e+000
1122 0 +1.430768956e-002 -3.928569231e+001 -3.928569231e+001 +2.5250e+000 -1.2306e+000
1132 0 +1.212237311e-002 -3.928787763e+001 -3.928787763e+001 +2.5251e+000 -1.2295e+000
1161 0 +8.149047341e-003 -3.929185095e+001 -3.929185095e+001 +2.5271e+000 -1.2292e+000
1166 0 +5.510348499e-003 -3.929448965e+001 -3.929448965e+001 +2.5288e+000 -1.2299e+000
1170 0 +5.334030027e-003 -3.929466597e+001 -3.929466597e+001 +2.5288e+000 -1.2296e+000
1171 0 +8.127398203e-004 -3.929918726e+001 -3.929918726e+001 +2.5320e+000 -1.2292e+000
1189 0 +2.727169299e-004 -3.929972728e+001 -3.929972728e+001 +2.5324e+000 -1.2297e+000
1191 0 +2.580454284e-004 -3.929974195e+001 -3.929974195e+001 +2.5324e+000 -1.2296e+000
1199 0 +2.104613269e-004 -3.929978954e+001 -3.929978954e+001 +2.5326e+000 -1.2297e+000
1217 0 +2.159618206e-005 -3.929997840e+001 -3.929997840e+001 +2.5336e+000 -1.2297e+000
1237 0 +1.862296980e-005 -3.929998138e+001 -3.929998138e+001 +2.5336e+000 -1.2297e+000
1240 0 +2.304524756e-006 -3.929999770e+001 -3.929999770e+001 +2.5336e+000 -1.2296e+000
1241 0 +3.095593826e-008 -3.929999997e+001 -3.929999997e+001 +2.5336e+000 -1.2296e+000
1267 0 +1.592177057e-009 -3.930000000e+001 -3.930000000e+001 +2.5336e+000 -1.2296e+000
% f evaluations | g evaluations | best noise-free fitness - Fopt (4.296000000000e+001) + sum g_i+ | measured fitness | best measured fitness or single-digit g-values | x1 | x2...
1 0 +4.485544714e+002 +4.915144714e+002 +4.915144714e+002 +3.1330e+000 -3.0217e+000
2 0 +6.120225079e+001 +1.041622508e+002 +1.041622508e+002 -3.1823e+000 +9.2174e-001
12 0 +5.315261558e+001 +9.611261558e+001 +9.611261558e+001 +1.4882e+000 +3.7398e+000
16 0 +4.330004699e+001 +8.626004699e+001 +8.626004699e+001 -9.5753e-001 +2.5374e+000
18 0 +2.532510164e+001 +6.828510164e+001 +6.828510164e+001 +1.1485e-002 +1.4748e+000
20 0 +2.362606195e+000 +4.532260619e+001 +4.532260619e+001 +5.3764e-001 +2.0330e+000
45 0 +1.524496252e+000 +4.448449625e+001 +4.448449625e+001 +4.8479e-001 +1.7447e+000
173 0 +1.223630885e+000 +4.418363088e+001 +4.418363088e+001 +5.1927e-001 +1.7475e+000
226 0 +1.052014429e+000 +4.401201443e+001 +4.401201443e+001 +5.2825e-001 +1.7361e+000
229 0 +1.015995824e+000 +4.397599582e+001 +4.397599582e+001 +5.1271e-001 +1.7399e+000
237 0 +9.960269949e-001 +4.395602699e+001 +4.395602699e+001 +5.1568e-001 +1.7361e+000
685 0 +1.605896392e-001 +4.312058964e+001 +4.312058964e+001 +1.4856e+000 +1.7391e+000
710 0 +1.811496166e-004 +4.296018115e+001 +4.296018115e+001 +1.5122e+000 +1.7366e+000
950 0 +1.052627306e-004 +4.296010526e+001 +4.296010526e+001 +1.5122e+000 +1.7367e+000
968 0 +1.504852947e-005 +4.296001505e+001 +4.296001505e+001 +1.5126e+000 +1.7368e+000
971 0 +2.327923028e-006 +4.296000233e+001 +4.296000233e+001 +1.5128e+000 +1.7368e+000
979 0 +5.868248465e-007 +4.296000059e+001 +4.296000059e+001 +1.5127e+000 +1.7368e+000
994 0 +2.837506372e-007 +4.296000028e+001 +4.296000028e+001 +1.5128e+000 +1.7368e+000
1024 0 +2.498896805e-007 +4.296000025e+001 +4.296000025e+001 +1.5128e+000 +1.7368e+000
1031 0 +9.124974554e-008 +4.296000009e+001 +4.296000009e+001 +1.5128e+000 +1.7368e+000
1035 0 +8.001844520e-008 +4.296000008e+001 +4.296000008e+001 +1.5128e+000 +1.7368e+000
1068 0 +6.800527785e-008 +4.296000007e+001 +4.296000007e+001 +1.5128e+000 +1.7368e+000
1077 0 +5.995424601e-009 +4.296000001e+001 +4.296000001e+001 +1.5128e+000 +1.7368e+000
% f evaluations | g evaluations | best noise-free fitness - Fopt (2.842200000000e+002) + sum g_i+ | measured fitness | best measured fitness or single-digit g-values | x1 | x2...
1 0 +5.243943124e+001 +3.366594312e+002 +3.366594312e+002 -4.1832e+000 +9.1998e-001
5 0 +1.717027534e+001 +3.013902753e+002 +3.013902753e+002 -9.0225e-001 +3.3460e-002
31 0 +1.008031268e+001 +2.943003127e+002 +2.943003127e+002 -8.8212e-001 -2.1875e-001
37 0 +9.688871437e+000 +2.939088714e+002 +2.939088714e+002 +5.1948e-002 +3.7983e-001
45 0 +8.932600750e+000 +2.931526008e+002 +2.931526008e+002 +1.9401e-001 +1.4834e-001
77 0 +5.549607589e+000 +2.897696076e+002 +2.897696076e+002 +6.8548e-002 +8.6513e-002
117 0 +5.256832642e+000 +2.894768326e+002 +2.894768326e+002 +9.1547e-002 +8.8774e-002
125 0 +5.088790305e+000 +2.893087903e+002 +2.893087903e+002 +1.1502e-001 +9.1082e-002
143 0 +4.744443042e+000 +2.889644430e+002 +2.889644430e+002 +5.6928e-002 -2.1875e-001
160 0 +2.828611111e+000 +2.870486111e+002 +2.870486111e+002 +1.1417e+000 +9.9696e-002
166 0 +2.575549341e+000 +2.867955493e+002 +2.867955493e+002 +1.1425e+000 +8.6763e-002
176 0 +2.205927306e+000 +2.864259273e+002 +2.864259273e+002 +1.0811e+000 -2.4134e-001
186 0 +4.424891024e-001 +2.846624891e+002 +2.846624891e+002 +2.0742e+000 -2.3093e-001
356 0 +4.140930678e-001 +2.846340931e+002 +2.846340931e+002 +2.0716e+000 -2.2988e-001
378 0 +3.979796726e-001 +2.846179797e+002 +2.846179797e+002 +2.0691e+000 -2.2883e-001
383 0 +3.236097586e-001 +2.845436098e+002 +2.845436098e+002 +2.0634e+000 -2.2160e-001
388 0 +1.959049749e-001 +2.844159050e+002 +2.844159050e+002 +2.0716e+000 -2.1456e-001
389 0 +1.819520112e-001 +2.844019520e+002 +2.844019520e+002 +2.0706e+000 -2.1728e-001
399 0 +1.736584048e-001 +2.843936584e+002 +2.843936584e+002 +2.0710e+000 -2.1856e-001
406 0 +1.552348551e-001 +2.843752349e+002 +2.843752349e+002 +2.0723e+000 -2.1848e-001
409 0 +9.438948917e-002 +2.843143895e+002 +2.843143895e+002 +2.0784e+000 -2.1718e-001
415 0 +9.245630267e-002 +2.843124563e+002 +2.843124563e+002 +2.0784e+000 -2.1761e-001
418 0 +8.165839884e-002 +2.843016584e+002 +2.843016584e+002 +2.0797e+000 -2.1795e-001
419 0 +7.981464005e-002 +2.842998146e+002 +2.842998146e+002 +2.0799e+000 -2.1873e-001
421 0 +7.283453802e-002 +2.842928345e+002 +2.842928345e+002 +2.0817e+000 -2.2007e-001
422 0 +6.863228694e-002 +2.842886323e+002 +2.842886323e+002 +2.0826e+000 -2.2036e-001
424 0 +6.412425129e-002 +2.842841243e+002 +2.842841243e+002 +2.0832e+000 -2.2017e-001
425 0 +5.983877573e-002 +2.842798388e+002 +2.842798388e+002 +2.0834e+000 -2.1718e-001
428 0 +5.687557564e-002 +2.842768756e+002 +2.842768756e+002 +2.0839e+000 -2.1698e-001
429 0 +2.987657863e-002 +2.842498766e+002 +2.842498766e+002 +2.0878e+000 -2.1895e-001
432 0 +1.214343039e-002 +2.842321434e+002 +2.842321434e+002 +2.0916e+000 -2.1795e-001
435 0 +2.434128237e-003 +2.842224341e+002 +2.842224341e+002 +2.0967e+000 -2.1858e-001
440 0 +7.655230562e-004 +2.842207655e+002 +2.842207655e+002 +2.0981e+000 -2.1819e-001
444 0 +4.906532441e-004 +2.842204907e+002 +2.842204907e+002 +2.0985e+000 -2.1831e-001
458 0 +1.948773729e-005 +2.842200195e+002 +2.842200195e+002 +2.0999e+000 -2.1849e-001
478 0 +2.514267408e-006 +2.842200025e+002 +2.842200025e+002 +2.0999e+000 -2.1839e-001
486 0 +2.478750105e-006 +2.842200025e+002 +2.842200025e+002 +2.0999e+000 -2.1839e-001
501 0 +2.254016863e-006 +2.842200023e+002 +2.842200023e+002 +2.0999e+000 -2.1841e-001
514 0 +1.249994853e-006 +2.842200012e+002 +2.842200012e+002 +2.0999e+000 -2.1839e-001
523 0 +9.910420999e-007 +2.842200010e+002 +2.842200010e+002 +2.0999e+000 -2.1839e-001
526 0 +6.756725952e-007 +2.842200007e+002 +2.842200007e+002 +2.0999e+000 -2.1840e-001
534 0 +6.595188324e-007 +2.842200007e+002 +2.842200007e+002 +2.0999e+000 -2.1840e-001
535 0 +2.620021178e-007 +2.842200003e+002 +2.842200003e+002 +2.1000e+000 -2.1839e-001
541 0 +2.746713790e-008 +2.842200000e+002 +2.842200000e+002 +2.1000e+000 -2.1840e-001
545 0 +1.721792842e-008 +2.842200000e+002 +2.842200000e+002 +2.1000e+000 -2.1840e-001
558 0 +1.640734126e-008 +2.842200000e+002 +2.842200000e+002 +2.1000e+000 -2.1840e-001
581 0 +7.012772585e-009 +2.842200000e+002 +2.842200000e+002 +2.1000e+000 -2.1840e-001
% f evaluations | g evaluations | best noise-free fitness - Fopt (-3.217000000000e+001) + sum g_i+ | measured fitness | best measured fitness or single-digit g-values | x1 | x2...
1 0 +8.332298136e+002 +8.010598136e+002 +8.010598136e+002 +3.9663e+000 -1.2357e+000
2 0 +1.100356102e+002 +7.786561019e+001 +7.786561019e+001 -9.5585e-002 +4.4535e+000
10 0 +8.075905572e+001 +4.858905572e+001 +4.858905572e+001 -1.5904e-001 +4.0574e+000
15 0 +2.418964127e+001 -7.980358735e+000 -7.980358735e+000 -1.5421e+000 +1.4588e+000
17 0 +1.287186860e+001 -1.929813140e+001 -1.929813140e+001 +1.3972e+000 +8.6419e-001
65 0 +9.680311725e+000 -2.248968827e+001 -2.248968827e+001 +1.4485e+000 +8.8161e-001
69 0 +5.786028502e+000 -2.638397150e+001 -2.638397150e+001 +5.4557e-001 +1.8813e+000
77 0 +3.247315611e+000 -2.892268439e+001 -2.892268439e+001 +5.2520e-001 +1.8442e+000
186 0 +2.053608470e+000 -3.011639153e+001 -3.011639153e+001 +1.3653e+000 +1.5445e+000
292 0 +1.382138426e+000 -3.078786157e+001 -3.078786157e+001 +1.4109e+000 +1.5382e+000
316 0 +1.360900311e+000 -3.080909969e+001 -3.080909969e+001 +1.4109e+000 +1.5389e+000
334 0 +1.176601837e+000 -3.099339816e+001 -3.099339816e+001 +1.3615e+000 +1.8533e+000
336 0 +4.030181478e-001 -3.176698185e+001 -3.176698185e+001 +1.4109e+000 +1.8459e+000
339 0 +1.554550832e-001 -3.201454492e+001 -3.201454492e+001 +1.4334e+000 +1.8459e+000
355 0 +8.092521593e-002 -3.208907478e+001 -3.208907478e+001 +1.4280e+000 +1.8568e+000
420 0 +3.571496881e-002 -3.213428503e+001 -3.213428503e+001 +1.4339e+000 +1.8561e+000
430 0 +3.247300397e-002 -3.213752700e+001 -3.213752700e+001 +1.4337e+000 +1.8548e+000
431 0 +2.612980578e-002 -3.214387019e+001 -3.214387019e+001 +1.4372e+000 +1.8566e+000
433 0 +1.685522780e-002 -3.215314477e+001 -3.215314477e+001 +1.4372e+000 +1.8532e+000
442 0 +1.552774498e-002 -3.215447226e+001 -3.215447226e+001 +1.4372e+000 +1.8536e+000
444 0 +1.433706173e-002 -3.215566294e+001 -3.215566294e+001 +1.4378e+000 +1.8534e+000
446 0 +2.282546639e-003 -3.216771745e+001 -3.216771745e+001 +1.4433e+000 +1.8548e+000
456 0 +8.776934852e-004 -3.216912231e+001 -3.216912231e+001 +1.4449e+000 +1.8540e+000
461 0 +1.638885575e-004 -3.216983611e+001 -3.216983611e+001 +1.4458e+000 +1.8546e+000
476 0 +7.715650935e-005 -3.216992284e+001 -3.216992284e+001 +1.4458e+000 +1.8545e+000
492 0 +6.361191780e-005 -3.216993639e+001 -3.216993639e+001 +1.4462e+000 +1.8546e+000
506 0 +9.544317329e-006 -3.216999046e+001 -3.216999046e+001 +1.4462e+000 +1.8544e+000
514 0 +6.879797482e-006 -3.216999312e+001 -3.216999312e+001 +1.4462e+000 +1.8544e+000
522 0 +3.178232653e-006 -3.216999682e+001 -3.216999682e+001 +1.4463e+000 +1.8544e+000
526 0 +2.405371674e-006 -3.216999759e+001 -3.216999759e+001 +1.4463e+000 +1.8544e+000
530 0 +1.653303229e-006 -3.216999835e+001 -3.216999835e+001 +1.4463e+000 +1.8544e+000
533 0 +1.376673218e-006 -3.216999862e+001 -3.216999862e+001 +1.4463e+000 +1.8544e+000
540 0 +1.212199983e-006 -3.216999879e+001 -3.216999879e+001 +1.4463e+000 +1.8544e+000
542 0 +9.183701479e-007 -3.216999908e+001 -3.216999908e+001 +1.4463e+000 +1.8544e+000
548 0 +7.412632428e-007 -3.216999926e+001 -3.216999926e+001 +1.4463e+000 +1.8544e+000
552 0 +4.266494287e-007 -3.216999957e+001 -3.216999957e+001 +1.4464e+000 +1.8544e+000
568 0 +3.784032856e-007 -3.216999962e+001 -3.216999962e+001 +1.4464e+000 +1.8544e+000
571 0 +3.222965574e-007 -3.216999968e+001 -3.216999968e+001 +1.4464e+000 +1.8544e+000
574 0 +2.789759392e-007 -3.216999972e+001 -3.216999972e+001 +1.4464e+000 +1.8544e+000
575 0 +1.631701281e-007 -3.216999984e+001 -3.216999984e+001 +1.4464e+000 +1.8544e+000
577 0 +1.609539950e-007 -3.216999984e+001 -3.216999984e+001 +1.4464e+000 +1.8544e+000
579 0 +1.576503053e-007 -3.216999984e+001 -3.216999984e+001 +1.4464e+000 +1.8544e+000
590 0 +1.548786983e-007 -3.216999985e+001 -3.216999985e+001 +1.4464e+000 +1.8544e+000
593 0 +1.144966433e-007 -3.216999989e+001 -3.216999989e+001 +1.4464e+000 +1.8544e+000
594 0 +9.784201893e-008 -3.216999990e+001 -3.216999990e+001 +1.4464e+000 +1.8544e+000
598 0 +6.767824345e-008 -3.216999993e+001 -3.216999993e+001 +1.4464e+000 +1.8544e+000
599 0 +2.171697844e-008 -3.216999998e+001 -3.216999998e+001 +1.4464e+000 +1.8544e+000
607 0 +1.820361462e-008 -3.216999998e+001 -3.216999998e+001 +1.4464e+000 +1.8544e+000
620 0 +1.471121180e-008 -3.216999999e+001 -3.216999999e+001 +1.4464e+000 +1.8544e+000
623 0 +1.168746877e-008 -3.216999999e+001 -3.216999999e+001 +1.4464e+000 +1.8544e+000
628 0 +7.693444104e-009 -3.216999999e+001 -3.216999999e+001 +1.4464e+000 +1.8544e+000
% f evaluations | g evaluations | best noise-free fitness - Fopt (-5.858000000000e+001) + sum g_i+ | measured fitness | best measured fitness or single-digit g-values | x1 | x2...
1 0 +2.708560288e+002 +2.122760288e+002 +2.122760288e+002 +1.9941e+000 +2.3924e+000
2 0 +4.927534135e+001 -9.304658647e+000 -9.304658647e+000 -3.6863e+000 -1.8135e+000
7 0 +4.165609166e+001 -1.692390834e+001 -1.692390834e+001 -3.5383e+000 -2.4854e+000
8 0 +3.911619517e+001 -1.946380483e+001 -1.946380483e+001 -3.5860e+000 -2.4957e+000
33 0 +1.591275987e+001 -4.266724013e+001 -4.266724013e+001 -5.3665e-001 -2.8611e+000
77 0 +1.400066802e+001 -4.457933198e+001 -4.457933198e+001 +6.3525e-001 -3.2567e+000
83 0 +1.114775798e+001 -4.743224202e+001 -4.743224202e+001 +7.0550e-001 -3.2360e+000
96 0 +9.383448281e+000 -4.919655172e+001 -4.919655172e+001 +7.5636e-001 -3.1949e+000
225 0 +5.245252540e+000 -5.333474746e+001 -5.333474746e+001 +1.5242e+000 -2.5404e+000
241 0 +3.767254413e+000 -5.481274559e+001 -5.481274559e+001 +1.5242e+000 -2.5280e+000
268 0 +1.885663793e+000 -5.669433621e+001 -5.669433621e+001 +1.5827e+000 -2.5280e+000
279 0 +1.118954103e+000 -5.746104590e+001 -5.746104590e+001 +1.6062e+000 -2.5127e+000
327 0 +1.086679552e+000 -5.749332045e+001 -5.749332045e+001 +1.5979e+000 -2.5141e+000
343 0 +9.985648603e-001 -5.758143514e+001 -5.758143514e+001 +1.5970e+000 -2.5072e+000
891 0 +8.022356619e-001 -5.777776434e+001 -5.777776434e+001 +2.5623e+000 -2.5251e+000
902 0 +6.246587024e-003 -5.857375341e+001 -5.857375341e+001 +2.5873e+000 -2.5087e+000
1063 0 +5.689473676e-004 -5.857943105e+001 -5.857943105e+001 +2.5905e+000 -2.5076e+000
1066 0 +4.573778424e-005 -5.857995426e+001 -5.857995426e+001 +2.5904e+000 -2.5071e+000
1131 0 +3.307525471e-005 -5.857996692e+001 -5.857996692e+001 +2.5901e+000 -2.5073e+000
1136 0 +1.003173951e-005 -5.857998997e+001 -5.857998997e+001 +2.5902e+000 -2.5072e+000
1148 0 +6.617291753e-006 -5.857999338e+001 -5.857999338e+001 +2.5902e+000 -2.5072e+000
1166 0 +5.328859075e-006 -5.857999467e+001 -5.857999467e+001 +2.5902e+000 -2.5072e+000
1183 0 +2.482527535e-006 -5.857999752e+001 -5.857999752e+001 +2.5903e+000 -2.5072e+000
1203 0 +2.357585018e-006 -5.857999764e+001 -5.857999764e+001 +2.5903e+000 -2.5072e+000
1220 0 +1.722428209e-006 -5.857999828e+001 -5.857999828e+001 +2.5903e+000 -2.5072e+000
1233 0 +8.950971093e-007 -5.857999910e+001 -5.857999910e+001 +2.5904e+000 -2.5072e+000
1234 0 +2.220289090e-007 -5.857999978e+001 -5.857999978e+001 +2.5904e+000 -2.5072e+000
1248 0 +2.072571377e-007 -5.857999979e+001 -5.857999979e+001 +2.5904e+000 -2.5072e+000
1249 0 +3.134834969e-008 -5.857999997e+001 -5.857999997e+001 +2.5904e+000 -2.5072e+000
1278 0 +1.006559103e-008 -5.857999999e+001 -5.857999999e+001 +2.5904e+000 -2.5072e+000
1286 0 +7.894335852e-009 -5.857999999e+001 -5.857999999e+001 +2.5904e+000 -2.5072e+000
% f evaluations | g evaluations | best noise-free fitness - Fopt (-6.049200000000e+002) + sum g_i+ | measured fitness | best measured fitness or single-digit g-values | x1 | x2...
1 0 +1.014199117e+002 -5.035000883e+002 -5.035000883e+002 -3.3959e+000 -3.5936e+000
2 0 +1.843017033e+001 -5.864898297e+002 -5.864898297e+002 +9.5757e-001 -1.5604e+000
17 0 +1.063037970e+001 -5.942896203e+002 -5.942896203e+002 +1.3363e-002 -1.2580e+000
37 0 +8.397455106e+000 -5.965225449e+002 -5.965225449e+002 -2.6596e-002 -1.0850e+000
40 0 +8.215406010e+000 -5.967045940e+002 -5.967045940e+002 -1.3967e-001 -1.0168e+000
48 0 +8.020741718e+000 -5.968992583e+002 -5.968992583e+002 -1.3744e-001 -1.0168e+000
63 0 +3.370702141e+000 -6.015492979e+002 -6.015492979e+002 -3.1372e-002 -1.3440e+000
147 0 +2.129392935e+000 -6.027906071e+002 -6.027906071e+002 +9.2811e-003 -1.3318e+000
203 0 +2.060628206e+000 -6.028593718e+002 -6.028593718e+002 +9.2811e-003 -1.3294e+000
209 0 +6.510578067e-001 -6.042689422e+002 -6.042689422e+002 +9.4608e-001 -1.0229e+000
262 0 +3.662038199e-001 -6.045537962e+002 -6.045537962e+002 +9.8463e-001 -1.0280e+000
278 0 +3.274476876e-001 -6.045925523e+002 -6.045925523e+002 +9.9753e-001 -1.0280e+000
294 0 +1.848601599e-001 -6.047351398e+002 -6.047351398e+002 +9.9714e-001 -1.0057e+000
300 0 +4.946606036e-002 -6.048705339e+002 -6.048705339e+002 +9.8442e-001 -1.0175e+000
316 0 +4.041445329e-002 -6.048795855e+002 -6.048795855e+002 +9.8442e-001 -1.0149e+000
388 0 +1.481412215e-002 -6.049051859e+002 -6.049051859e+002 +9.9058e-001 -1.0136e+000
392 0 +3.725409308e-003 -6.049162746e+002 -6.049162746e+002 +9.9761e-001 -1.0137e+000
423 0 +1.627790026e-004 -6.049198372e+002 -6.049198372e+002 +9.9747e-001 -1.0152e+000
429 0 +1.545277936e-004 -6.049198455e+002 -6.049198455e+002 +9.9750e-001 -1.0153e+000
436 0 +1.403332803e-004 -6.049198597e+002 -6.049198597e+002 +9.9761e-001 -1.0151e+000
462 0 +2.779387535e-005 -6.049199722e+002 -6.049199722e+002 +9.9840e-001 -1.0153e+000
475 0 +2.634956331e-006 -6.049199974e+002 -6.049199974e+002 +9.9840e-001 -1.0152e+000
482 0 +7.629603260e-008 -6.049199999e+002 -6.049199999e+002 +9.9840e-001 -1.0152e+000
512 0 +6.157051757e-009 -6.049200000e+002 -6.049200000e+002 +9.9840e-001 -1.0152e+000
% f evaluations | g evaluations | best noise-free fitness - Fopt (1.337000000000e+002) + sum g_i+ | measured fitness | best measured fitness or single-digit g-values | x1 | x2...
1 0 +4.046502396e+001 +1.741650240e+002 +1.741650240e+002 +2.3553e+000 -8.1425e-001
8 0 +2.380574167e+001 +1.575057417e+002 +1.575057417e+002 +2.1551e+000 +8.7288e-001
13 0 +7.157920513e+000 +1.408579205e+002 +1.408579205e+002 +2.2807e+000 +9.4319e-001
45 0 +4.773740806e+000 +1.384737408e+002 +1.384737408e+002 +2.4796e+000 +6.0784e-001
89 0 +4.469296774e+000 +1.381692968e+002 +1.381692968e+002 +2.4335e+000 +2.7545e-001
97 0 +4.379206122e+000 +1.380792061e+002 +1.380792061e+002 +2.4335e+000 +2.6490e-001
111 0 +1.774886846e+000 +1.354748868e+002 +1.354748868e+002 +2.3784e+000 +9.4502e-001
117 0 +1.807637599e-002 +1.337180764e+002 +1.337180764e+002 +2.4695e+000 +9.5192e-001
318 0 +1.393426034e-002 +1.337139343e+002 +1.337139343e+002 +2.4754e+000 +9.5696e-001
327 0 +6.555585256e-004 +1.337006556e+002 +1.337006556e+002 +2.4734e+000 +9.5431e-001
335 0 +4.579051955e-005 +1.337000458e+002 +1.337000458e+002 +2.4752e+000 +9.5431e-001
351 0 +3.006240422e-005 +1.337000301e+002 +1.337000301e+002 +2.4752e+000 +9.5441e-001
377 0 +9.121236900e-006 +1.337000091e+002 +1.337000091e+002 +2.4750e+000 +9.5444e-001
414 0 +7.616613345e-006 +1.337000076e+002 +1.337000076e+002 +2.4751e+000 +9.5435e-001
427 0 +6.487899924e-006 +1.337000065e+002 +1.337000065e+002 +2.4750e+000 +9.5439e-001
434 0 +5.078676367e-006 +1.337000051e+002 +1.337000051e+002 +2.4750e+000 +9.5440e-001
442 0 +2.678218863e-006 +1.337000027e+002 +1.337000027e+002 +2.4751e+000 +9.5439e-001
446 0 +3.521662677e-007 +1.337000004e+002 +1.337000004e+002 +2.4752e+000 +9.5440e-001
454 0 +2.018495593e-008 +1.337000000e+002 +1.337000000e+002 +2.4752e+000 +9.5440e-001
457 0 +1.159335739e-008 +1.337000000e+002 +1.337000000e+002 +2.4752e+000 +9.5440e-001
462 0 +1.086797852e-008 +1.337000000e+002 +1.337000000e+002 +2.4752e+000 +9.5440e-001
469 0 +5.524015023e-009 +1.337000000e+002 +1.337000000e+002 +2.4752e+000 +9.5440e-001
% f evaluations | g evaluations | best noise-free fitness - Fopt (-2.098000000000e+001) + sum g_i+ | measured fitness | best measured fitness or single-digit g-values | x1 | x2...
1 0 +4.105943544e+002 +3.896143544e+002 +3.896143544e+002 +3.2664e-001 -4.6806e+000
2 0 +9.281935395e+001 +7.183935395e+001 +7.183935395e+001 +2.0280e+000 -8.6502e-001
3 0 +1.638044803e+001 -4.599551970e+000 -4.599551970e+000 +4.2282e-002 +1.5347e+000
21 0 +9.152735528e+000 -1.182726447e+001 -1.182726447e+001 -6.5879e-002 +2.2548e+000
51 0 +8.189555645e+000 -1.279044436e+001 -1.279044436e+001 -6.2047e-002 +2.2108e+000
94 0 +8.106048386e+000 -1.287395161e+001 -1.287395161e+001 -7.2501e-002 +2.2229e+000
99 0 +5.890538950e+000 -1.508946105e+001 -1.508946105e+001 +1.2794e-002 +2.2312e+000
120 0 +5.382805868e+000 -1.559719413e+001 -1.559719413e+001 +5.4123e-002 +2.2163e+000
124 0 +5.040462759e+000 -1.593953724e+001 -1.593953724e+001 +8.4550e-002 +2.2286e+000
133 0 +4.997474953e+000 -1.598252505e+001 -1.598252505e+001 +9.1427e-002 +2.2266e+000
473 0 +4.125509412e+000 -1.685449059e+001 -1.685449059e+001 +1.1391e+000 +1.6049e+000
495 0 +3.746748953e+000 -1.723325105e+001 -1.723325105e+001 +1.0254e+000 +1.9560e+000
509 0 +2.292601942e+000 -1.868739806e+001 -1.868739806e+001 +1.0766e+000 +1.8940e+000
555 0 +4.209733783e-001 -2.055902662e+001 -2.055902662e+001 +2.0206e+000 +1.9134e+000
617 0 +2.767402537e-001 -2.070325975e+001 -2.070325975e+001 +2.0465e+000 +1.9302e+000
721 0 +1.133104632e-001 -2.086668954e+001 -2.086668954e+001 +2.0548e+000 +1.9266e+000
747 0 +4.472661782e-002 -2.093527338e+001 -2.093527338e+001 +2.0465e+000 +1.9211e+000
825 0 +4.413927219e-002 -2.093586073e+001 -2.093586073e+001 +2.0482e+000 +1.9224e+000
828 0 +8.351321396e-003 -2.097164868e+001 -2.097164868e+001 +2.0562e+000 +1.9176e+000
836 0 +3.538334874e-003 -2.097646167e+001 -2.097646167e+001 +2.0562e+000 +1.9189e+000
860 0 +1.521376154e-003 -2.097847862e+001 -2.097847862e+001 +2.0592e+000 +1.9183e+000
862 0 +1.777127960e-004 -2.097982229e+001 -2.097982229e+001 +2.0592e+000 +1.9194e+000
869 0 +1.303749967e-005 -2.097998696e+001 -2.097998696e+001 +2.0597e+000 +1.9192e+000
880 0 +1.188060949e-005 -2.097998812e+001 -2.097998812e+001 +2.0597e+000 +1.9192e+000
915 0 +1.010075967e-005 -2.097998990e+001 -2.097998990e+001 +2.0598e+000 +1.9192e+000
919 0 +8.921204319e-006 -2.097999108e+001 -2.097999108e+001 +2.0598e+000 +1.9192e+000
925 0 +8.351411850e-006 -2.097999165e+001 -2.097999165e+001 +2.0598e+000 +1.9192e+000
946 0 +5.646687210e-006 -2.097999435e+001 -2.097999435e+001 +2.0598e+000 +1.9192e+000
947 0 +1.671496410e-006 -2.097999833e+001 -2.097999833e+001 +2.0599e+000 +1.9192e+000
949 0 +2.158901324e-007 -2.097999978e+001 -2.097999978e+001 +2.0600e+000 +1.9192e+000
953 0 +1.319411496e-007 -2.097999987e+001 -2.097999987e+001 +2.0600e+000 +1.9192e+000
955 0 +2.522652665e-008 -2.097999997e+001 -2.097999997e+001 +2.0600e+000 +1.9192e+000
967 0 +1.723253007e-008 -2.097999998e+001 -2.097999998e+001 +2.0600e+000 +1.9192e+000
980 0 +4.858691227e-009 -2.098000000e+001 -2.098000000e+001 +2.0600e+000 +1.9192e+000
% f evaluations | g evaluations | best noise-free fitness - Fopt (1.353300000000e+002) + sum g_i+ | measured fitness | best measured fitness or single-digit g-values | x1 | x2...
1 0 +4.114345606e+001 +1.764734561e+002 +1.764734561e+002 -1.9476e-001 +8.9214e-001
2 0 +2.988501001e+001 +1.652150100e+002 +1.652150100e+002 +1.6568e-001 -2.0583e-001
9 0 +1.309699876e+001 +1.484269988e+002 +1.484269988e+002 +4.9686e-001 +2.5074e-001
38 0 +9.985875583e+000 +1.453158756e+002 +1.453158756e+002 -3.2350e-001 +3.7822e-001
42 0 +7.695038403e+000 +1.430250384e+002 +1.430250384e+002 -5.8560e-001 +1.4681e-002
54 0 +5.926110886e+000 +1.412561109e+002 +1.412561109e+002 +3.7336e-001 +1.4681e-002
63 0 +5.461145894e+000 +1.407911459e+002 +1.407911459e+002 +3.8143e-001 +1.6328e-002
86 0 +3.588291032e-001 +1.356888291e+002 +1.356888291e+002 +5.3224e-001 +1.1187e-002
230 0 +1.333591473e-001 +1.354633591e+002 +1.354633591e+002 +5.2663e-001 +1.8345e-002
265 0 +9.956188833e-002 +1.354295619e+002 +1.354295619e+002 +5.2345e-001 +2.1604e-002
290 0 +1.966749181e-002 +1.353496675e+002 +1.353496675e+002 +5.3689e-001 +2.5990e-002
318 0 +8.168369022e-003 +1.353381684e+002 +1.353381684e+002 +5.3878e-001 +2.4726e-002
326 0 +7.276144502e-003 +1.353372761e+002 +1.353372761e+002 +5.3878e-001 +2.4240e-002
341 0 +3.898071177e-003 +1.353338981e+002 +1.353338981e+002 +5.4079e-001 +2.3785e-002
357 0 +6.423566957e-004 +1.353306424e+002 +1.353306424e+002 +5.4309e-001 +2.3785e-002
365 0 +2.506930481e-004 +1.353302507e+002 +1.353302507e+002 +5.4401e-001 +2.3723e-002
373 0 +1.278725485e-004 +1.353301279e+002 +1.353301279e+002 +5.4434e-001 +2.3787e-002
380 0 +5.209775105e-005 +1.353300521e+002 +1.353300521e+002 +5.4434e-001 +2.3967e-002
385 0 +5.078124909e-005 +1.353300508e+002 +1.353300508e+002 +5.4434e-001 +2.4017e-002
388 0 +7.911685998e-006 +1.353300079e+002 +1.353300079e+002 +5.4482e-001 +2.3967e-002
396 0 +8.329055845e-008 +1.353300001e+002 +1.353300001e+002 +5.4480e-001 +2.3994e-002
449 0 +5.682147730e-008 +1.353300001e+002 +1.353300001e+002 +5.4478e-001 +2.3999e-002
469 0 +3.101507673e-008 +1.353300000e+002 +1.353300000e+002 +5.4480e-001 +2.3996e-002
478 0 +1.446900910e-008 +1.353300000e+002 +1.353300000e+002 +5.4479e-001 +2.3999e-002
486 0 +9.270593182e-010 +1.353300000e+002 +1.353300000e+002 +5.4480e-001 +2.3999e-002
% f evaluations | g evaluations | best noise-free fitness - Fopt (4.066000000000e+001) + sum g_i+ | measured fitness | best measured fitness or single-digit g-values | x1 | x2...
1 0 +2.769114318e+002 +3.175714318e+002 +3.175714318e+002 +4.4346e+000 -1.2568e+000
2 0 +7.761940723e+001 +1.182794072e+002 +1.182794072e+002 -1.6488e+000 +2.7406e+000
9 0 +1.375633872e+001 +5.441633872e+001 +5.441633872e+001 +2.1049e+000 +1.9170e+000
61 0 +5.763406636e+000 +4.642340664e+001 +4.642340664e+001 +3.0353e+000 +1.1888e+000
97 0 +5.230271143e+000 +4.589027114e+001 +4.589027114e+001 +1.2019e+000 +1.2563e+000
107 0 +3.092718466e+000 +4.375271847e+001 +4.375271847e+001 +2.0039e+000 +1.2695e+000
153 0 +2.634795520e+000 +4.329479552e+001 +4.329479552e+001 +2.0140e+000 +1.2250e+000
157 0 +2.044798188e+000 +4.270479819e+001 +4.270479819e+001 +2.0543e+000 +9.4188e-001
418 0 +2.026340258e+000 +4.268634026e+001 +4.268634026e+001 +2.9722e+000 +9.3918e-001
451 0 +1.720496278e+000 +4.238049628e+001 +4.238049628e+001 +2.0443e+000 +1.2288e+000
473 0 +1.651613379e+000 +4.231161338e+001 +4.231161338e+001 +2.0368e+000 +1.2314e+000
502 0 +1.196914543e+000 +4.185691454e+001 +4.185691454e+001 +3.0317e+000 +9.4413e-001
540 0 +9.959086044e-001 +4.165590860e+001 +4.165590860e+001 +2.0543e+000 +1.2468e+000
1090 0 +5.694506537e-001 +4.122945065e+001 +4.122945065e+001 +3.0087e+000 +1.2557e+000
1127 0 +5.300740789e-001 +4.119007408e+001 +4.119007408e+001 +3.0201e+000 +1.2346e+000
1133 0 +3.004874302e-001 +4.096048743e+001 +4.096048743e+001 +3.0195e+000 +1.2411e+000
1140 0 +2.010403494e-001 +4.086104035e+001 +4.086104035e+001 +3.0310e+000 +1.2547e+000
1145 0 +1.101001703e-001 +4.077010017e+001 +4.077010017e+001 +3.0356e+000 +1.2423e+000
1146 0 +9.492957784e-002 +4.075492958e+001 +4.075492958e+001 +3.0308e+000 +1.2490e+000
1177 0 +4.227203390e-002 +4.070227203e+001 +4.070227203e+001 +3.0381e+000 +1.2461e+000
1182 0 +3.142797185e-002 +4.069142797e+001 +4.069142797e+001 +3.0418e+000 +1.2497e+000
1190 0 +1.907645027e-002 +4.067907645e+001 +4.067907645e+001 +3.0492e+000 +1.2504e+000
1202 0 +1.510672286e-002 +4.067510672e+001 +4.067510672e+001 +3.0509e+000 +1.2502e+000
1216 0 +6.477524915e-003 +4.066647752e+001 +4.066647752e+001 +3.0468e+000 +1.2477e+000
1226 0 +1.854779145e-003 +4.066185478e+001 +4.066185478e+001 +3.0495e+000 +1.2478e+000
1243 0 +1.271407995e-003 +4.066127141e+001 +4.066127141e+001 +3.0507e+000 +1.2479e+000
1258 0 +2.179250428e-004 +4.066021793e+001 +4.066021793e+001 +3.0509e+000 +1.2473e+000
1307 0 +1.312395555e-004 +4.066013124e+001 +4.066013124e+001 +3.0512e+000 +1.2471e+000
1308 0 +1.275526044e-004 +4.066012755e+001 +4.066012755e+001 +3.0512e+000 +1.2472e+000
1310 0 +5.548191221e-005 +4.066005548e+001 +4.066005548e+001 +3.0519e+000 +1.2470e+000
1322 0 +1.755779337e-006 +4.066000176e+001 +4.066000176e+001 +3.0519e+000 +1.2472e+000
1361 0 +1.181848887e-006 +4.066000118e+001 +4.066000118e+001 +3.0519e+000 +1.2472e+000
1380 0 +9.744214893e-007 +4.066000097e+001 +4.066000097e+001 +3.0519e+000 +1.2472e+000
1381 0 +4.428874121e-007 +4.066000044e+001 +4.066000044e+001 +3.0520e+000 +1.2472e+000
1383 0 +1.527926798e-007 +4.066000015e+001 +4.066000015e+001 +3.0520e+000 +1.2472e+000
1385 0 +1.382834327e-007 +4.066000014e+001 +4.066000014e+001 +3.0520e+000 +1.2472e+000
1388 0 +6.549036158e-008 +4.066000007e+001 +4.066000007e+001 +3.0520e+000 +1.2472e+000
1394 0 +1.104844927e-008 +4.066000001e+001 +4.066000001e+001 +3.0520e+000 +1.2472e+000
1397 0 +1.781344849e-009 +4.066000000e+001 +4.066000000e+001 +3.0520e+000 +1.2472e+000
