% f evaluations | g evaluations | best noise-free fitness - Fopt (4.078000000000e+001) + sum g_i+ | measured fitness | best measured fitness or single-digit g-values | x1 | x2...
1 0 +4.754868882e+001 +8.832868882e+001 +8.832868882e+001 +1.3923e+000 -1.8079e+000 +3.0583e+000 +2.1705e+000 +6.8176e-001
2 0 +3.086117253e+001 +7.164117253e+001 +7.164117253e+001 -1.5833e+000 -4.3876e+000 +3.8404e+000 -1.6491e+000 +3.3440e+000
19 0 +2.742794795e+001 +6.820794795e+001 +6.820794795e+001 +1.4441e+000 -2.9316e+000 +3.1108e+000 +1.9786e+000 +9.2922e-001
23 0 +3.514436012e+000 +4.429443601e+001 +4.429443601e+001 -3.5166e+000 -3.7073e-001 +2.7176e+000 -2.1933e+000 -3.2032e+000
326 0 +2.047977135e+000 +4.282797714e+001 +4.282797714e+001 -3.1239e+000 -1.2225e+000 +2.6783e+000 -1.7942e+000 -3.0964e+000
574 0 +1.983667027e+000 +4.276366703e+001 +4.276366703e+001 -2.6709e+000 -1.5619e+000 +3.5730e+000 -1.3651e+000 -3.3883e+000
670 0 +2.097861969e-001 +4.098978620e+001 +4.098978620e+001 -2.6156e+000 -1.4503e+000 +3.3416e+000 -1.9613e+000 -3.0835e+000
1096 0 +1.038420263e-001 +4.088384203e+001 +4.088384203e+001 -2.5043e+000 -2.1291e+000 +4.0739e+000 -2.4349e+000 -3.8206e+000
1178 0 +5.665338187e-002 +4.083665338e+001 +4.083665338e+001 -2.4949e+000 -1.6272e+000 +3.5943e+000 -2.2464e+000 -3.7752e+000
1246 0 +4.654821295e-002 +4.082654821e+001 +4.082654821e+001 -2.5187e+000 -2.4059e+000 +4.2671e+000 -2.1911e+000 -3.8911e+000
1350 0 +3.350697932e-003 +4.078335070e+001 +4.078335070e+001 -2.3638e+000 -1.6514e+000 +3.9632e+000 -2.2091e+000 -3.6377e+000
1522 0 +2.856007082e-004 +4.078028560e+001 +4.078028560e+001 -2.5585e+000 -1.9128e+000 +4.0196e+000 -2.1516e+000 -3.8026e+000
1644 0 +8.153868833e-006 +4.078000815e+001 +4.078000815e+001 -2.4703e+000 -1.8017e+000 +3.8891e+000 -2.1299e+000 -3.6448e+000
1647 0 +5.161349243e-006 +4.078000516e+001 +4.078000516e+001 -2.5009e+000 -1.8335e+000 +3.8968e+000 -2.1270e+000 -3.6525e+000
1929 0 +6.938349628e-007 +4.078000069e+001 +4.078000069e+001 -2.4923e+000 -1.7844e+000 +3.8595e+000 -2.1704e+000 -3.6441e+000
1946 0 +4.630728156e-007 +4.078000046e+001 +4.078000046e+001 -2.5176e+000 -1.7744e+000 +3.9050e+000 -2.1872e+000 -3.6825e+000
1963 0 +6.585935353e-008 +4.078000007e+001 +4.078000007e+001 -2.5231e+000 -1.7891e+000 +3.9060e+000 -2.1771e+000 -3.6806e+000
2127 0 +5.807374492e-008 +4.078000006e+001 +4.078000006e+001 -2.5164e+000 -1.7722e+000 +3.8764e+000 -2.1646e+000 -3.6644e+000
2303 0 +5.297145123e-008 +4.078000005e+001 +4.078000005e+001 -2.5002e+000 -1.7933e+000 +3.9004e+000 -2.1637e+000 -3.6684e+000
2356 0 +3.790567860e-009 +4.078000000e+001 +4.078000000e+001 -2.5099e+000 -1.7857e+000 +3.8944e+000 -2.1705e+000 -3.6677e+000
% f evaluations | g evaluations | best noise-free fitness - Fopt (-1.600000000000e+000) + sum g_i+ | measured fitness | best measured fitness or single-digit g-values | x1 | x2...
1 0 +2.108842518e+001 +1.948842518e+001 +1.948842518e+001 +2.7889e-001 +3.7116e+000 +5.0071e-002 +3.7120e+000 -3.7065e+000
18 0 +1.841088335e+001 +1.681088335e+001 +1.681088335e+001 -6.4354e-001 -3.1442e+000 -2.0668e+000 +2.5970e+000 -1.5254e+000
22 0 +1.600126138e+001 +1.440126138e+001 +1.440126138e+001 -1.8100e+000 -9.9360e-001 +1.1584e+000 +3.7092e+000 +3.9446e+000
52 0 +1.057081391e+001 +8.970813909e+000 +8.970813909e+000 +2.5459e+000 +1.2077e+000 +8.9442e-002 -3.7055e+000 -1.7727e+000
92 0 +9.565516491e+000 +7.965516491e+000 +7.965516491e+000 -4.3191e+000 +2.7025e+000 +1.1602e+000 +3.0671e-001 +2.1562e+000
97 0 +8.404967101e+000 +6.804967101e+000 +6.804967101e+000 +1.3494e+000 +2.1354e+000 +1.2995e+000 +3.8476e+000 -1.6135e+000
280 0 +7.197992425e+000 +5.597992425e+000 +5.597992425e+000 +1.4313e+000 +8.0246e-001 +1.5429e+000 +3.5303e+000 -5.5952e-001
379 0 +5.993686810e+000 +4.393686810e+000 +4.393686810e+000 +1.5709e+000 +1.0499e+000 +2.1020e+000 +4.0597e+000 -4.7763e-001
479 0 +2.798246878e+000 +1.198246878e+000 +1.198246878e+000 +9.7874e-001 +1.3760e+000 +2.6381e+000 +4.0597e+000 -1.5062e+000
563 0 +2.698367064e+000 +1.098367064e+000 +1.098367064e+000 +1.1749e+000 +1.6648e+000 +2.0860e+000 +3.1283e+000 -5.8119e-001
687 0 +2.111357191e+000 +5.113571911e-001 +5.113571911e-001 +1.1206e+000 +7.2528e-001 +2.2674e+000 +3.4993e+000 -1.0792e+000
778 0 +2.009580701e+000 +4.095807011e-001 +4.095807011e-001 +1.1219e+000 +1.5040e+000 +2.1555e+000 +3.8652e+000 -1.2647e+000
810 0 +1.920709557e+000 +3.207095566e-001 +3.207095566e-001 +1.2425e+000 -8.6410e-001 +2.1876e+000 +3.3312e+000 -1.3182e+000
1003 0 +1.899698847e+000 +2.996988469e-001 +2.996988469e-001 +1.2026e+000 +1.3845e+000 +2.1893e+000 +3.4673e+000 -1.2332e+000
1068 0 +1.860166357e+000 +2.601663565e-001 +2.601663565e-001 +1.0908e+000 +1.4093e+000 +2.1649e+000 +3.4190e+000 -1.2434e+000
1093 0 +1.753580956e+000 +1.535809559e-001 +1.535809559e-001 +1.2907e+000 -1.4385e+000 +2.0847e+000 +3.2616e+000 -1.4262e+000
1128 0 +6.019756911e-001 -9.980243089e-001 -9.980243089e-001 +9.8209e-001 -1.2287e+000 +1.9104e+000 +2.9249e+000 -6.1004e-001
1178 0 +5.302212632e-001 -1.069778737e+000 -1.069778737e+000 +1.3980e+000 -1.2065e+000 +1.8902e+000 +2.8473e+000 -1.3484e+000
1248 0 +5.021599122e-001 -1.097840088e+000 -1.097840088e+000 +1.4307e+000 -9.9301e-001 +1.8652e+000 +3.1464e+000 -1.5279e+000
1301 0 +4.030679004e-001 -1.196932100e+000 -1.196932100e+000 +1.4975e+000 -1.1956e+000 +1.7616e+000 +3.0228e+000 -1.5122e+000
1330 0 +2.039496586e-001 -1.396050341e+000 -1.396050341e+000 +1.3022e+000 -1.2751e+000 +1.4825e+000 +3.2682e+000 -1.4127e+000
1480 0 +1.443829755e-001 -1.455617025e+000 -1.455617025e+000 +1.2201e+000 -1.3251e+000 +1.0617e+000 +3.1571e+000 -1.5627e+000
1515 0 +1.008463899e-001 -1.499153610e+000 -1.499153610e+000 +1.1388e+000 -1.6567e+000 +9.5635e-001 +2.9717e+000 -1.3210e+000
1516 0 +5.304372241e-002 -1.546956278e+000 -1.546956278e+000 +1.0048e+000 -1.6049e+000 +1.1797e+000 +3.0149e+000 -1.3400e+000
1517 0 +4.805246874e-002 -1.551947531e+000 -1.551947531e+000 +9.7699e-001 -1.7936e+000 +1.0979e+000 +3.0636e+000 -1.3677e+000
1534 0 +1.720990181e-002 -1.582790098e+000 -1.582790098e+000 +1.4459e+000 -1.7419e+000 +8.3290e-001 +3.2227e+000 -1.9742e+000
1541 0 +1.264646281e-002 -1.587353537e+000 -1.587353537e+000 +1.4126e+000 -1.7082e+000 +8.8226e-001 +3.0755e+000 -2.0341e+000
1558 0 +4.689420665e-003 -1.595310579e+000 -1.595310579e+000 +1.0512e+000 -1.8911e+000 +8.1201e-001 +2.9172e+000 -2.1784e+000
1572 0 +3.750263205e-003 -1.596249737e+000 -1.596249737e+000 +1.3117e+000 -2.0219e+000 +6.1285e-001 +3.0523e+000 -2.0245e+000
1718 0 +5.597452012e-005 -1.599944025e+000 -1.599944025e+000 +1.2053e+000 -1.9756e+000 +5.3569e-001 +3.0463e+000 -2.1975e+000
1863 0 +1.583584571e-006 -1.599998416e+000 -1.599998416e+000 +1.1412e+000 -1.9992e+000 +5.9208e-001 +3.0278e+000 -2.0800e+000
2005 0 +1.378082908e-006 -1.599998622e+000 -1.599998622e+000 +1.1223e+000 -2.0389e+000 +5.2873e-001 +2.9992e+000 -2.1551e+000
2009 0 +7.594993854e-007 -1.599999241e+000 -1.599999241e+000 +1.1080e+000 -2.0366e+000 +5.6028e-001 +3.0068e+000 -2.1001e+000
2056 0 +5.645465428e-009 -1.599999994e+000 -1.599999994e+000 +1.1225e+000 -2.0141e+000 +5.6988e-001 +3.0107e+000 -2.1063e+000
% f evaluations | g evaluations | best noise-free fitness - Fopt (-3.708400000000e+002) + sum g_i+ | measured fitness | best measured fitness or single-digit g-values | x1 | x2...
1 0 +7.384288029e+001 -2.969971197e+002 -2.969971197e+002 +8.1131e-001 -2.8523e+000 +8.7752e-002 +1.2802e+000 -3.4322e+000
2 0 +5.078197355e+001 -3.200580265e+002 -3.200580265e+002 -4.3739e+000 +3.0117e+000 -3.8615e+000 +3.4335e+000 +3.3440e-001
10 0 +4.675195185e+001 -3.240880482e+002 -3.240880482e+002 +2.6568e+000 +2.7224e+000 +2.0611e+000 -1.9265e-001 +3.9757e+000
23 0 +1.735345238e+001 -3.534865476e+002 -3.534865476e+002 +4.5467e-001 -3.5957e+000 +9.8349e-001 +3.9437e+000 +4.5749e+000
83 0 +1.515790417e+001 -3.556820958e+002 -3.556820958e+002 +3.4623e+000 +1.6056e+000 -4.6182e-001 +1.0349e+000 +1.3193e+000
116 0 +6.337963219e+000 -3.645020368e+002 -3.645020368e+002 +4.4043e+000 +2.2235e-001 +1.0327e-001 +2.9121e+000 +5.7093e-002
450 0 +2.109088991e+000 -3.687309110e+002 -3.687309110e+002 +2.3272e+000 -1.2618e+000 -2.7299e+000 +9.6164e-001 +7.2161e-001
700 0 +1.941263053e+000 -3.688987369e+002 -3.688987369e+002 +2.5656e+000 -1.2618e+000 -2.7762e+000 +9.6164e-001 +7.2213e-001
722 0 +5.394246999e-001 -3.703005753e+002 -3.703005753e+002 +3.3630e+000 -7.3063e-001 -1.6961e+000 +1.3050e+000 +9.0444e-001
763 0 +3.894028431e-001 -3.704505972e+002 -3.704505972e+002 +2.7492e+000 -3.4152e-001 -2.6680e+000 +1.6062e+000 +8.3947e-001
908 0 +2.462484747e-001 -3.705937515e+002 -3.705937515e+002 +2.5506e+000 -6.5391e-001 -2.1558e+000 +1.5973e+000 +6.1719e-001
914 0 +2.366195132e-001 -3.706033805e+002 -3.706033805e+002 +3.0722e+000 -3.5520e-001 -1.6455e+000 +1.5130e+000 +3.8529e-001
954 0 +5.662124630e-002 -3.707833788e+002 -3.707833788e+002 +2.8662e+000 -2.4250e-001 -1.7939e+000 +1.9059e+000 +4.9639e-001
1058 0 +4.246611728e-002 -3.707975339e+002 -3.707975339e+002 +3.5692e+000 -1.0883e+000 -7.6990e-001 +2.2376e+000 +3.9101e-001
1125 0 +2.641210242e-002 -3.708135879e+002 -3.708135879e+002 +3.3697e+000 -7.5657e-001 -1.1657e+000 +1.9269e+000 +7.3450e-001
1144 0 +1.498266429e-002 -3.708250173e+002 -3.708250173e+002 +3.2837e+000 -6.4690e-001 -1.5386e+000 +1.7876e+000 +6.5462e-001
1225 0 +1.369411014e-002 -3.708263059e+002 -3.708263059e+002 +3.3623e+000 -7.5657e-001 -1.0752e+000 +1.9491e+000 +6.0296e-001
1237 0 +1.133974389e-002 -3.708286603e+002 -3.708286603e+002 +3.1670e+000 -3.7894e-001 -1.4869e+000 +1.8008e+000 +6.5136e-001
1307 0 +3.735804018e-003 -3.708362642e+002 -3.708362642e+002 +3.0312e+000 -7.3811e-001 -1.6014e+000 +1.9503e+000 +7.6146e-001
1313 0 +3.626854494e-003 -3.708363731e+002 -3.708363731e+002 +3.1226e+000 -4.6068e-001 -1.5954e+000 +1.8153e+000 +6.6727e-001
1372 0 +2.111938678e-004 -3.708397888e+002 -3.708397888e+002 +3.1549e+000 -7.9000e-001 -1.4539e+000 +1.9452e+000 +5.6374e-001
1454 0 +1.255899509e-004 -3.708398744e+002 -3.708398744e+002 +3.0990e+000 -6.7343e-001 -1.6360e+000 +1.8613e+000 +6.4959e-001
1459 0 +1.557798839e-006 -3.708399984e+002 -3.708399984e+002 +3.1115e+000 -8.0542e-001 -1.6199e+000 +1.9134e+000 +6.1854e-001
1696 0 +1.087621797e-006 -3.708399989e+002 -3.708399989e+002 +3.1115e+000 -7.9976e-001 -1.5921e+000 +1.9551e+000 +5.8669e-001
1735 0 +4.814047543e-007 -3.708399995e+002 -3.708399995e+002 +3.1133e+000 -8.1339e-001 -1.5962e+000 +1.9497e+000 +6.1207e-001
1782 0 +2.582278285e-007 -3.708399997e+002 -3.708399997e+002 +3.1288e+000 -8.1518e-001 -1.5855e+000 +1.9387e+000 +5.9331e-001
1813 0 +7.808580449e-008 -3.708399999e+002 -3.708399999e+002 +3.1187e+000 -7.9830e-001 -1.5973e+000 +1.9256e+000 +6.0528e-001
1863 0 +5.614282372e-008 -3.708399999e+002 -3.708399999e+002 +3.1147e+000 -7.8753e-001 -1.5909e+000 +1.9393e+000 +6.0038e-001
2031 0 +3.967443263e-008 -3.708400000e+002 -3.708400000e+002 +3.1065e+000 -8.0436e-001 -1.6069e+000 +1.9266e+000 +6.1479e-001
2036 0 +1.722190746e-008 -3.708400000e+002 -3.708400000e+002 +3.1082e+000 -8.0446e-001 -1.6045e+000 +1.9270e+000 +6.1343e-001
2086 0 +1.445829412e-008 -3.708400000e+002 -3.708400000e+002 +3.1104e+000 -8.0436e-001 -1.5906e+000 +1.9270e+000 +6.1255e-001
2144 0 +1.186901954e-008 -3.708400000e+002 -3.708400000e+002 +3.1252e+000 -8.1661e-001 -1.5757e+000 +1.9382e+000 +6.0441e-001
2149 0 +3.248601388e-010 -3.708400000e+002 -3.708400000e+002 +3.1177e+000 -8.0970e-001 -1.5838e+000 +1.9364e+000 +6.0427e-001
% f evaluations | g evaluations | best noise-free fitness - Fopt (-3.256000000000e+001) + sum g_i+ | measured fitness | best measured fitness or single-digit g-values | x1 | x2...
1 0 +6.869666427e+001 +3.613666427e+001 +3.613666427e+001 -3.3527e+000 +2.3116e+000 -6.6944e-002 -2.1599e+000 +3.0089e+000
2 0 +6.365704355e+001 +3.109704355e+001 +3.109704355e+001 -2.6763e-001 +2.5493e+000 +2.1660e+000 -1.7668e+000 -1.7807e+000
4 0 +5.778494687e+001 +2.522494687e+001 +2.522494687e+001 -2.4809e+000 +2.3892e+000 +3.9591e+000 +4.8296e+000 +2.8277e+000
7 0 +5.727682795e+001 +2.471682795e+001 +2.471682795e+001 -5.0000e+000 +5.0000e+000 +5.0000e+000 +5.0000e+000 -5.0000e+000
9 0 +4.260012872e+001 +1.004012872e+001 +1.004012872e+001 -1.6931e-001 +3.9197e+000 +6.2300e-001 -4.5003e-001 -4.4477e+000
20 0 +2.838325758e+001 -4.176742424e+000 -4.176742424e+000 +4.8840e-001 -3.3644e+000 +2.9759e+000 +2.8219e+000 +1.1183e+000
53 0 +2.004037282e+001 -1.251962718e+001 -1.251962718e+001 -4.5940e-001 -4.6113e+000 +7.3091e-001 +2.3520e+000 -8.4901e-001
60 0 +1.413355914e+001 -1.842644086e+001 -1.842644086e+001 +4.7105e+000 -2.2749e+000 -3.8106e+000 -3.0416e+000 +1.3717e+000
142 0 +7.639335709e+000 -2.492066429e+001 -2.492066429e+001 -3.4258e+000 +9.4567e-001 +1.5347e+000 -4.2436e+000 +2.7105e+000
555 0 +2.151580535e+000 -3.040841946e+001 -3.040841946e+001 +1.1190e+000 -4.9465e+000 -5.6218e-001 +2.1272e+000 -1.6854e+000
1218 0 +5.224448945e-001 -3.203755511e+001 -3.203755511e+001 +1.0074e+000 -4.4905e+000 -7.1605e-001 +2.7490e+000 -1.9760e+000
1668 0 +4.801691868e-001 -3.207983081e+001 -3.207983081e+001 +1.0396e+000 -4.4502e+000 -7.1605e-001 +2.5967e+000 -1.7517e+000
2246 0 +1.131309308e-001 -3.244686907e+001 -3.244686907e+001 +1.1820e+000 -3.9451e+000 -1.2039e+000 +3.0700e+000 -1.8784e+000
2286 0 +3.715899187e-002 -3.252284101e+001 -3.252284101e+001 +1.1727e+000 -3.6462e+000 -1.5837e+000 +3.0748e+000 -1.6054e+000
2403 0 +2.781799652e-003 -3.255721820e+001 -3.255721820e+001 +1.0354e+000 -3.2480e+000 -1.2923e+000 +3.4704e+000 -1.2095e+000
2907 0 +1.134164086e-003 -3.255886584e+001 -3.255886584e+001 +1.1957e+000 -3.1977e+000 -1.6599e+000 +3.4795e+000 -1.3079e+000
3035 0 +8.600416468e-004 -3.255913996e+001 -3.255913996e+001 +1.0071e+000 -3.4741e+000 -1.3920e+000 +3.4148e+000 -1.3137e+000
3098 0 +2.865347269e-004 -3.255971347e+001 -3.255971347e+001 +9.5825e-001 -3.3217e+000 -1.4142e+000 +3.5782e+000 -1.2124e+000
3176 0 +2.075747777e-004 -3.255979243e+001 -3.255979243e+001 +1.0386e+000 -3.3900e+000 -1.5888e+000 +3.5547e+000 -1.3090e+000
3183 0 +1.123784521e-004 -3.255988762e+001 -3.255988762e+001 +1.1025e+000 -3.2467e+000 -1.6020e+000 +3.5695e+000 -1.3429e+000
3245 0 +8.327264624e-006 -3.255999167e+001 -3.255999167e+001 +1.0599e+000 -3.2868e+000 -1.5874e+000 +3.6126e+000 -1.2707e+000
3288 0 +5.301443338e-007 -3.255999947e+001 -3.255999947e+001 +1.0444e+000 -3.2859e+000 -1.5403e+000 +3.5750e+000 -1.2640e+000
3425 0 +3.769612675e-007 -3.255999962e+001 -3.255999962e+001 +1.0538e+000 -3.2383e+000 -1.6074e+000 +3.6170e+000 -1.2444e+000
3593 0 +3.155843018e-007 -3.255999968e+001 -3.255999968e+001 +1.0398e+000 -3.2278e+000 -1.5901e+000 +3.6315e+000 -1.2214e+000
3641 0 +7.544471714e-009 -3.255999999e+001 -3.255999999e+001 +1.0480e+000 -3.2541e+000 -1.5609e+000 +3.6028e+000 -1.2459e+000
% f evaluations | g evaluations | best noise-free fitness - Fopt (5.154000000000e+002) + sum g_i+ | measured fitness | best measured fitness or single-digit g-values | x1 | x2...
1 0 +6.831728791e+001 +5.837172879e+002 +5.837172879e+002 -3.0711e+000 -4.1627e+000 +3.8842e+000 +9.4886e-001 -3.3107e+000
2 0 +6.687677559e+001 +5.822767756e+002 +5.822767756e+002 +1.5865e+000 -1.5074e+000 +5.8509e-001 +3.6308e+000 +3.9593e+000
3 0 +5.309370987e+001 +5.684937099e+002 +5.684937099e+002 +1.5676e-001 +4.6333e+000 -2.8750e+000 -2.5176e+000 +1.2725e+000
5 0 +3.383866992e+001 +5.492386699e+002 +5.492386699e+002 -6.4355e-002 +4.2137e+000 +3.4738e-001 -1.7927e+000 +3.0190e+000
10 0 +1.434241190e+001 +5.297424119e+002 +5.297424119e+002 -2.7738e+000 -3.0454e+000 +1.6860e+000 -4.7909e+000 -3.9137e-001
60 0 +4.562370521e+000 +5.199623705e+002 +5.199623705e+002 -2.5871e+000 -2.6809e+000 +1.2412e+000 -4.5142e+000 -3.9137e-001
371 0 +3.156122300e+000 +5.185561223e+002 +5.185561223e+002 -2.9457e+000 -3.9290e-001 -1.0886e+000 +5.2245e-001 -2.6230e+000
733 0 +2.414487935e+000 +5.178144879e+002 +5.178144879e+002 -2.8588e+000 -1.9370e+000 +1.6662e+000 -3.9093e+000 -5.1789e-001
836 0 +2.000608490e+000 +5.174006085e+002 +5.174006085e+002 -2.0679e+000 -2.8685e+000 +1.3039e+000 -3.8524e+000 -4.3452e-001
934 0 +1.745762593e+000 +5.171457626e+002 +5.171457626e+002 -2.4414e+000 -2.3041e+000 +1.5247e+000 -3.9281e+000 -3.4428e-001
1036 0 +1.574463456e+000 +5.169744635e+002 +5.169744635e+002 -1.8445e+000 -2.9200e+000 +1.3039e+000 -4.1785e+000 -8.6908e-002
1319 0 +1.542996789e+000 +5.169429968e+002 +5.169429968e+002 -2.0135e+000 -3.0976e+000 +1.1298e+000 -4.1847e+000 -1.0806e-001
1419 0 +1.270429038e+000 +5.166704290e+002 +5.166704290e+002 -1.9917e+000 -2.9985e+000 +1.1665e+000 -4.1046e+000 -7.2491e-002
1496 0 +1.244034404e+000 +5.166440344e+002 +5.166440344e+002 -1.9021e+000 -2.9067e+000 +6.4015e-001 -4.2028e+000 -2.3132e-001
1542 0 +5.309691744e-001 +5.159309692e+002 +5.159309692e+002 -3.1386e+000 -6.8618e-001 -3.3118e+000 +5.8239e-001 -2.2531e+000
1574 0 +5.123300650e-001 +5.159123301e+002 +5.159123301e+002 -3.1846e+000 -1.4173e-001 -1.6870e+000 +2.9829e-002 -2.2541e+000
1601 0 +4.266997782e-001 +5.158266998e+002 +5.158266998e+002 -2.8940e+000 +1.9327e-001 -1.9104e+000 -9.7044e-002 -2.1972e+000
1613 0 +2.533058502e-001 +5.156533059e+002 +5.156533059e+002 -2.9171e+000 +1.4925e-001 -2.1529e+000 -8.3527e-002 -2.3753e+000
1636 0 +2.094509308e-001 +5.156094509e+002 +5.156094509e+002 -3.5651e+000 -2.4414e-002 -2.9375e+000 -5.0265e-002 -2.3670e+000
1637 0 +1.560753378e-001 +5.155560753e+002 +5.155560753e+002 -3.3103e+000 -1.0046e+000 -2.7554e+000 +3.4611e-001 -2.4821e+000
1692 0 +1.226863163e-001 +5.155226863e+002 +5.155226863e+002 -3.1823e+000 -4.4267e-001 -2.8054e+000 +5.0297e-001 -2.2375e+000
1854 0 +1.104729391e-001 +5.155104729e+002 +5.155104729e+002 -3.7074e+000 -9.2836e-001 -2.3033e+000 +6.0946e-001 -2.1887e+000
1873 0 +6.541335653e-002 +5.154654134e+002 +5.154654134e+002 -3.5235e+000 -7.8748e-001 -3.1098e+000 +4.4947e-001 -2.6643e+000
1916 0 +5.602814759e-002 +5.154560281e+002 +5.154560281e+002 -3.2809e+000 -6.9210e-001 -2.4603e+000 +1.8984e-001 -2.0156e+000
1983 0 +5.082643460e-002 +5.154508264e+002 +5.154508264e+002 -3.0869e+000 -2.5016e-001 -2.3494e+000 +4.5045e-002 -2.3045e+000
2151 0 +4.800562749e-002 +5.154480056e+002 +5.154480056e+002 -3.5362e+000 -9.3258e-001 -2.7557e+000 +2.7093e-001 -2.3159e+000
2186 0 +1.388004720e-003 +5.154013880e+002 +5.154013880e+002 -3.4002e+000 -7.1398e-001 -2.6503e+000 +3.0890e-001 -2.3102e+000
2209 0 +9.937742506e-004 +5.154009938e+002 +5.154009938e+002 -3.3740e+000 -6.0862e-001 -2.4842e+000 +2.8535e-001 -2.3404e+000
2349 0 +1.997948357e-005 +5.154000200e+002 +5.154000200e+002 -3.5248e+000 -7.0045e-001 -2.5796e+000 +4.0234e-001 -2.4321e+000
2776 0 +1.385183964e-006 +5.154000014e+002 +5.154000014e+002 -3.4415e+000 -7.0557e-001 -2.5950e+000 +4.0493e-001 -2.3998e+000
2940 0 +7.146581993e-009 +5.154000000e+002 +5.154000000e+002 -3.4751e+000 -7.3376e-001 -2.5969e+000 +4.2205e-001 -2.3972e+000
% f evaluations | g evaluations | best noise-free fitness - Fopt (-8.628000000000e+001) + sum g_i+ | measured fitness | best measured fitness or single-digit g-values | x1 | x2...
1 0 +6.692544601e+001 -1.935455399e+001 -1.935455399e+001 -3.6690e+000 +4.4692e+000 +1.2564e+000 +2.9195e-001 +2.9490e-001
4 0 +4.086994976e+001 -4.541005024e+001 -4.541005024e+001 -3.2515e-001 +4.4835e+000 -2.2672e+000 +4.6341e+000 +3.9877e+000
6 0 +1.827878148e+001 -6.800121852e+001 -6.800121852e+001 +1.3575e-001 +2.7894e+000 +2.6341e+000 +4.2062e-001 +2.1119e+000
37 0 +6.033214389e+000 -8.024678561e+001 -8.024678561e+001 -1.7187e+000 +2.6849e+000 -1.6775e+000 -2.4274e+000 +2.2686e+000
102 0 +5.671920140e+000 -8.060807986e+001 -8.060807986e+001 -2.2840e+000 +1.4257e+000 +3.9800e+000 +1.7608e-001 +2.6724e+000
252 0 +1.763331062e+000 -8.451666894e+001 -8.451666894e+001 -2.2840e+000 +1.7617e+000 +3.7178e+000 +2.5921e-001 +2.6684e+000
828 0 +1.154711306e+000 -8.512528869e+001 -8.512528869e+001 -1.6189e+000 +2.0969e+000 +3.8343e+000 -3.0050e-001 +3.0213e+000
1052 0 +1.679376814e-002 -8.626320623e+001 -8.626320623e+001 -2.9240e+000 +2.3786e+000 +2.8654e+000 +3.8550e-001 +1.9670e+000
1760 0 +1.273933411e-002 -8.626726067e+001 -8.626726067e+001 -2.0573e+000 +2.2732e+000 +3.1799e+000 +2.1676e-001 +2.2639e+000
1811 0 +3.303740628e-004 -8.627966963e+001 -8.627966963e+001 -2.6584e+000 +2.3987e+000 +3.0468e+000 +3.5494e-001 +2.1576e+000
1884 0 +2.922865248e-004 -8.627970771e+001 -8.627970771e+001 -2.5797e+000 +2.3328e+000 +3.1653e+000 +3.1207e-001 +2.2216e+000
1968 0 +1.647030246e-007 -8.627999984e+001 -8.627999984e+001 -2.4208e+000 +2.4209e+000 +3.0558e+000 +2.4588e-001 +2.2959e+000
2208 0 +1.044050180e-007 -8.627999990e+001 -8.627999990e+001 -2.4271e+000 +2.4096e+000 +3.0816e+000 +2.4619e-001 +2.2842e+000
2328 0 +3.933271842e-008 -8.627999996e+001 -8.627999996e+001 -2.4281e+000 +2.4140e+000 +3.0701e+000 +2.4942e-001 +2.2867e+000
2528 0 +1.776810166e-008 -8.627999998e+001 -8.627999998e+001 -2.4402e+000 +2.4087e+000 +3.0593e+000 +2.5630e-001 +2.2778e+000
2660 0 +1.003830619e-008 -8.627999999e+001 -8.627999999e+001 -2.4444e+000 +2.4116e+000 +3.0702e+000 +2.5360e-001 +2.2754e+000
2768 0 +6.252776075e-013 -8.628000000e+001 -8.628000000e+001 -2.4510e+000 +2.4124e+000 +3.0679e+000 +2.5496e-001 +2.2798e+000
% f evaluations | g evaluations | best noise-free fitness - Fopt (2.224000000000e+001) + sum g_i+ | measured fitness | best measured fitness or single-digit g-values | x1 | x2...
1 0 +3.542373091e+001 +5.766373091e+001 +5.766373091e+001 +4.7588e+000 -7.4735e-001 -2.4552e+000 -2.7793e-002 +2.4710e+000
36 0 +3.173314587e+001 +5.397314587e+001 +5.397314587e+001 +3.3537e+000 +4.9085e+000 +2.8495e+000 -4.4965e+000 +1.3182e+000
55 0 +3.153618288e+001 +5.377618288e+001 +5.377618288e+001 +1.4954e+000 -2.7425e+000 +2.5383e+000 +3.5497e+000 +1.3600e+000
77 0 +3.012598927e+001 +5.236598927e+001 +5.236598927e+001 +8.5878e-001 -2.2984e+000 -2.9945e+000 -1.7312e+000 -3.3708e+000
81 0 +1.713733581e+001 +3.937733581e+001 +3.937733581e+001 -1.1525e+000 -1.5789e+000 -2.8711e+000 +3.1342e-001 -1.5910e+000
98 0 +8.108734656e+000 +3.034873466e+001 +3.034873466e+001 -2.1681e+000 +1.5873e+000 +3.9713e-001 +2.0429e+000 +1.4303e+000
198 0 +3.737544302e+000 +2.597754430e+001 +2.597754430e+001 -1.4524e+000 +1.0586e+000 +9.9797e-002 +8.1465e-001 -1.1148e+000
441 0 +3.461710192e+000 +2.570171019e+001 +2.570171019e+001 +2.5128e-001 -1.5608e+000 -2.6129e+000 +2.4980e-001 -2.4289e+000
491 0 +3.049470218e+000 +2.528947022e+001 +2.528947022e+001 +3.4772e-001 -1.5069e+000 -2.6121e+000 +2.0261e-001 -1.9244e+000
545 0 +2.782351215e+000 +2.502235122e+001 +2.502235122e+001 -1.6754e+000 +9.6151e-001 +8.9537e-001 +1.3710e+000 -4.5956e-001
619 0 +2.041313934e+000 +2.428131393e+001 +2.428131393e+001 -1.6439e-001 -3.7425e-001 -2.6746e+000 +1.7744e-001 -2.1413e+000
820 0 +1.630217271e+000 +2.387021727e+001 +2.387021727e+001 +1.6689e-001 -7.5169e-001 -2.3970e+000 -4.5374e-002 -2.2268e+000
1420 0 +1.598545732e+000 +2.383854573e+001 +2.383854573e+001 +3.2324e-001 -7.5169e-001 -2.3545e+000 -1.8453e-001 -2.3296e+000
1666 0 +1.571396831e+000 +2.381139683e+001 +2.381139683e+001 +2.7626e-001 -8.1444e-001 -2.3606e+000 -8.9820e-002 -2.2679e+000
4312 0 +9.589385025e-001 +2.319893850e+001 +2.319893850e+001 -1.0303e-001 +3.6270e+000 -2.4772e+000 +2.5109e+000 -4.3910e+000
4475 0 +8.836267358e-001 +2.312362674e+001 +2.312362674e+001 -3.5002e-001 +3.4631e+000 -2.8182e+000 +2.4324e+000 -4.1728e+000
4480 0 +8.448074456e-001 +2.308480745e+001 +2.308480745e+001 -3.4295e-001 +3.4734e+000 -2.8070e+000 +2.4373e+000 -4.1940e+000
4682 0 +7.814728690e-001 +2.302147287e+001 +2.302147287e+001 -3.4269e-001 +3.4894e+000 -2.7990e+000 +2.4422e+000 -4.2690e+000
4686 0 +7.692516380e-001 +2.300925164e+001 +2.300925164e+001 -3.9132e-001 +3.5249e+000 -2.5539e+000 +2.4757e+000 -4.4133e+000
4749 0 +7.285335352e-001 +2.296853354e+001 +2.296853354e+001 -3.6941e-001 +3.5833e+000 -2.6435e+000 +2.4834e+000 -4.3325e+000
4831 0 +7.162865573e-001 +2.295628656e+001 +2.295628656e+001 -3.0749e-001 +3.6380e+000 -2.6395e+000 +2.4404e+000 -4.3219e+000
4854 0 +6.937610989e-001 +2.293376110e+001 +2.293376110e+001 -3.1414e-001 +3.5628e+000 -2.6236e+000 +2.3963e+000 -4.3360e+000
10943 0 +6.075767762e-001 +2.284757678e+001 +2.284757678e+001 +3.1399e+000 +1.1562e+000 +3.1367e+000 +2.2537e+000 -3.5416e+000
11012 0 +1.550553187e-001 +2.239505532e+001 +2.239505532e+001 +2.7866e+000 +6.7163e-001 +2.8076e+000 +2.0546e+000 -3.5998e+000
11189 0 +9.973523543e-002 +2.233973524e+001 +2.233973524e+001 +2.9038e+000 +9.7631e-001 +2.9677e+000 +2.5630e+000 -3.6613e+000
11360 0 +3.786030548e-002 +2.227786031e+001 +2.227786031e+001 +2.3164e+000 +1.6641e+000 +2.5028e+000 +2.4684e+000 -3.9836e+000
11487 0 +3.634318573e-002 +2.227634319e+001 +2.227634319e+001 +2.6936e+000 +1.5762e+000 +2.2826e+000 +2.4661e+000 -3.9972e+000
11571 0 +7.028159082e-004 +2.224070282e+001 +2.224070282e+001 +2.5386e+000 +1.3321e+000 +2.5094e+000 +2.4738e+000 -3.8830e+000
11711 0 +3.036787442e-004 +2.224030368e+001 +2.224030368e+001 +2.5056e+000 +1.3163e+000 +2.4379e+000 +2.6520e+000 -3.9376e+000
11734 0 +1.571005756e-004 +2.224015710e+001 +2.224015710e+001 +2.5312e+000 +1.3040e+000 +2.4720e+000 +2.6612e+000 -3.8892e+000
11909 0 +1.843043148e-005 +2.224001843e+001 +2.224001843e+001 +2.4881e+000 +1.1848e+000 +2.5441e+000 +2.6916e+000 -3.8292e+000
11938 0 +1.011052048e-005 +2.224001011e+001 +2.224001011e+001 +2.4888e+000 +1.1212e+000 +2.5388e+000 +2.8135e+000 -3.8071e+000
12193 0 +8.913200737e-007 +2.224000089e+001 +2.224000089e+001 +2.5449e+000 +1.1651e+000 +2.5317e+000 +2.6981e+000 -3.8174e+000
12459 0 +1.451306026e-007 +2.224000015e+001 +2.224000015e+001 +2.5379e+000 +1.1677e+000 +2.5085e+000 +2.6990e+000 -3.8273e+000
12522 0 +1.859763898e-008 +2.224000002e+001 +2.224000002e+001 +2.5146e+000 +1.1780e+000 +2.5132e+000 +2.7102e+000 -3.8340e+000
12675 0 +2.713584024e-009 +2.224000000e+001 +2.224000000e+001 +2.5227e+000 +1.1648e+000 +2.5154e+000 +2.7192e+000 -3.8239e+000
% f evaluations | g evaluations | best noise-free fitness - Fopt (-2.301000000000e+001) + sum g_i+ | measured fitness | best measured fitness or single-digit g-values | x1 | x2...
1 0 +6.815173803e+001 +4.514173803e+001 +4.514173803e+001 -4.3762e+000 -4.8507e+000 +8.1603e-001 -4.8913e+000 -2.5263e+000
2 0 +3.857038202e+001 +1.556038202e+001 +1.556038202e+001 +3.3647e+000 +1.1555e+000 -2.4024e+000 -4.3906e+000 +8.7488e-001
9 0 +3.446496549e+001 +1.145496549e+001 +1.145496549e+001 +4.2254e+000 -2.0935e+000 +2.5210e+000 -2.6845e-001 -7.6992e-001
20 0 +2.409818002e+001 +1.088180018e+000 +1.088180018e+000 +3.4990e-001 -1.5811e-001 +4.2622e+000 +1.6831e+000 +2.5870e+000
34 0 +2.149128971e+001 -1.518710288e+000 -1.518710288e+000 +1.2462e+000 +1.0773e+000 +2.2323e+000 +1.0286e+000 -1.7106e+000
84 0 +1.910289453e+001 -3.907105466e+000 -3.907105466e+000 +1.2462e+000 +1.0773e+000 -8.6834e-001 -2.1101e-001 -2.0354e-001
132 0 +5.975268497e+000 -1.703473150e+001 -1.703473150e+001 +2.0460e+000 -2.5913e+000 +2.3102e+000 +1.4295e+000 +3.2955e-002
429 0 +2.136438447e+000 -2.087356155e+001 -2.087356155e+001 +2.7310e+000 +1.1357e+000 -5.4241e-001 -1.7086e+000 -2.1839e+000
651 0 +1.177948061e+000 -2.183205194e+001 -2.183205194e+001 +2.6193e+000 -2.8306e+000 +3.1042e+000 +1.5132e-001 -3.8729e-001
712 0 +4.984995315e-001 -2.251150047e+001 -2.251150047e+001 +2.3963e+000 -2.5884e+000 +2.7605e+000 +1.4958e+000 -7.0384e-002
1103 0 +4.013975259e-001 -2.260860247e+001 -2.260860247e+001 +3.4583e+000 -2.9121e+000 +3.1497e+000 +7.5778e-001 +8.3498e-002
1163 0 +1.503374564e-001 -2.285966254e+001 -2.285966254e+001 +3.1582e+000 -2.2204e+000 +2.6961e+000 +5.6763e-001 +3.1769e-001
1426 0 +1.332742117e-001 -2.287672579e+001 -2.287672579e+001 +2.2321e+000 -3.1958e+000 +3.0854e+000 +6.6352e-001 -2.4335e-001
1476 0 +3.725959991e-002 -2.297274040e+001 -2.297274040e+001 +2.9147e+000 -2.7760e+000 +2.7855e+000 +4.8795e-001 -1.4832e-001
1657 0 +2.739449047e-002 -2.298260551e+001 -2.298260551e+001 +3.1311e+000 -2.8389e+000 +2.8791e+000 +5.4146e-001 -2.0468e-001
1707 0 +8.295446608e-003 -2.300170455e+001 -2.300170455e+001 +3.0967e+000 -2.4761e+000 +3.0031e+000 +3.8239e-001 +3.7299e-001
1970 0 +4.031054771e-004 -2.300959689e+001 -2.300959689e+001 +2.8196e+000 -2.7605e+000 +3.0680e+000 +7.6015e-001 +8.8501e-004
2013 0 +8.683805714e-005 -2.300991316e+001 -2.300991316e+001 +2.9118e+000 -2.7559e+000 +2.9940e+000 +6.6720e-001 -2.5632e-002
2061 0 +5.007538865e-005 -2.300994992e+001 -2.300994992e+001 +2.8053e+000 -2.8247e+000 +3.0224e+000 +6.3165e-001 -6.2898e-002
2179 0 +1.937873115e-006 -2.300999806e+001 -2.300999806e+001 +2.8988e+000 -2.8107e+000 +3.0112e+000 +5.8618e-001 -1.9139e-002
2363 0 +1.441372309e-006 -2.300999856e+001 -2.300999856e+001 +2.8850e+000 -2.7346e+000 +3.0249e+000 +6.2464e-001 +3.4507e-002
2441 0 +3.511304634e-007 -2.300999965e+001 -2.300999965e+001 +2.8849e+000 -2.8023e+000 +3.0099e+000 +5.8988e-001 -6.3318e-003
2658 0 +1.601112132e-008 -2.300999998e+001 -2.300999998e+001 +2.8833e+000 -2.7745e+000 +3.0278e+000 +5.8596e-001 +2.0907e-002
2703 0 +1.235533276e-008 -2.300999999e+001 -2.300999999e+001 +2.8716e+000 -2.7869e+000 +3.0272e+000 +5.9467e-001 +7.4263e-003
2820 0 +1.111262193e-008 -2.300999999e+001 -2.300999999e+001 +2.8779e+000 -2.7602e+000 +3.0240e+000 +5.9742e-001 +3.0861e-002
2929 0 +7.879563668e-011 -2.301000000e+001 -2.301000000e+001 +2.8723e+000 -2.7785e+000 +3.0239e+000 +5.9603e-001 +1.5118e-002
% f evaluations | g evaluations | best noise-free fitness - Fopt (-3.323700000000e+002) + sum g_i+ | measured fitness | best measured fitness or single-digit g-values | x1 | x2...
1 0 +2.653565141e+001 -3.058343486e+002 -3.058343486e+002 -7.9487e-001 +4.2758e+000 +2.0567e+000 -1.1801e-001 +2.1551e+000
16 0 +2.449765760e+001 -3.078723424e+002 -3.078723424e+002 +4.0151e+000 -1.8425e+000 -3.5163e+000 +1.6285e+000 +4.3124e+000
23 0 +1.954592677e+001 -3.128240732e+002 -3.128240732e+002 +1.7428e+000 +1.0737e+000 -2.2460e+000 -9.1263e-001 +1.8122e+000
26 0 +1.552554558e+001 -3.168444544e+002 -3.168444544e+002 +1.2312e+000 +1.6189e+000 -3.1416e+000 -4.8658e+000 +1.9041e+000
32 0 +1.000033828e+001 -3.223696617e+002 -3.223696617e+002 +2.8263e+000 -4.8589e+000 +2.8389e+000 +6.1569e-001 +2.2478e+000
41 0 +8.604742668e+000 -3.237652573e+002 -3.237652573e+002 -1.8601e+000 -1.9948e+000 +2.9340e-001 +3.9029e+000 +2.3548e+000
135 0 +5.112327967e+000 -3.272576720e+002 -3.272576720e+002 +1.8921e-001 -3.2825e+000 +2.7733e-001 +3.9264e-001 +1.6269e+000
302 0 +1.042805746e+000 -3.313271943e+002 -3.313271943e+002 -5.3487e-001 -2.6740e+000 +6.1976e-001 +8.4350e-001 +1.3300e+000
490 0 +1.973641820e-001 -3.321726358e+002 -3.321726358e+002 +1.0421e+000 -3.3885e+000 +1.1531e+000 +1.0575e+000 +1.3389e+000
890 0 +1.356473178e-001 -3.322343527e+002 -3.322343527e+002 +8.9897e-001 -3.0409e+000 +9.9154e-001 +1.1699e+000 +1.1951e+000
930 0 +8.017208022e-002 -3.322898279e+002 -3.322898279e+002 +5.9871e-001 -3.8226e+000 +1.5784e+000 +7.4020e-001 +1.3955e+000
1057 0 +6.597518873e-002 -3.323040248e+002 -3.323040248e+002 +1.4290e-001 -3.2013e+000 +9.8830e-001 +1.1193e+000 +9.0752e-001
1097 0 +1.653065425e-002 -3.323534693e+002 -3.323534693e+002 +4.8872e-001 -3.7897e+000 +1.5178e+000 +1.2824e+000 +1.1151e+000
1104 0 +3.668923997e-003 -3.323663311e+002 -3.323663311e+002 +6.0805e-001 -3.3059e+000 +1.3377e+000 +1.2707e+000 +1.0606e+000
1201 0 +3.253427153e-003 -3.323667466e+002 -3.323667466e+002 +3.8068e-001 -3.4378e+000 +1.1505e+000 +1.1633e+000 +1.2069e+000
1254 0 +2.108157825e-003 -3.323678918e+002 -3.323678918e+002 +3.3153e-001 -3.1720e+000 +1.0435e+000 +1.3317e+000 +9.5244e-001
1409 0 +9.073563926e-004 -3.323690926e+002 -3.323690926e+002 +3.8641e-001 -3.4255e+000 +1.3218e+000 +1.1259e+000 +1.2039e+000
1451 0 +5.278878575e-004 -3.323694721e+002 -3.323694721e+002 +4.0985e-001 -3.4420e+000 +1.2759e+000 +1.1663e+000 +1.0997e+000
1511 0 +1.966886418e-005 -3.323699803e+002 -3.323699803e+002 +2.8357e-001 -3.3692e+000 +1.1768e+000 +1.2785e+000 +1.0967e+000
1688 0 +3.752910516e-007 -3.323699996e+002 -3.323699996e+002 +2.5780e-001 -3.3005e+000 +1.1525e+000 +1.2796e+000 +1.0547e+000
1818 0 +1.204784894e-008 -3.323700000e+002 -3.323700000e+002 +2.4314e-001 -3.3349e+000 +1.1581e+000 +1.2712e+000 +1.0690e+000
2059 0 +4.960554634e-009 -3.323700000e+002 -3.323700000e+002 +2.4411e-001 -3.3293e+000 +1.1497e+000 +1.2780e+000 +1.0619e+000
% f evaluations | g evaluations | best noise-free fitness - Fopt (-1.231300000000e+002) + sum g_i+ | measured fitness | best measured fitness or single-digit g-values | x1 | x2...
1 0 +5.312459957e+001 -7.000540043e+001 -7.000540043e+001 +3.3218e+000 -3.8454e+000 +3.3684e+000 +1.9510e+000 +2.9544e+000
2 0 +1.242061550e+001 -1.107093845e+002 -1.107093845e+002 -1.0276e+000 +2.7727e+000 -4.6225e+000 -3.9984e+000 +1.5057e+000
114 0 +8.459019424e+000 -1.146709806e+002 -1.146709806e+002 -1.0802e+000 +1.9458e+000 -2.9508e+000 +8.7559e-001 -2.6302e+000
345 0 +8.245273655e+000 -1.148847263e+002 -1.148847263e+002 +1.8484e+000 +2.0088e+000 +1.7986e+000 -1.8103e+000 -1.2103e+000
478 0 +5.270520834e+000 -1.178594792e+002 -1.178594792e+002 -2.3294e+000 +1.8578e+000 -2.5710e+000 +1.6547e+000 -2.9426e+000
678 0 +4.304637108e+000 -1.188253629e+002 -1.188253629e+002 -1.9997e+000 +2.8891e+000 -2.3188e+000 +1.3150e+000 -2.8146e+000
805 0 +3.509071194e+000 -1.196209288e+002 -1.196209288e+002 -1.7634e+000 +2.5852e+000 -2.1980e+000 +1.4807e+000 -2.6332e+000
1527 0 +3.308962502e+000 -1.198210375e+002 -1.198210375e+002 -1.7491e+000 +2.5452e+000 -2.2000e+000 +1.4688e+000 -2.7475e+000
1747 0 +3.186075073e+000 -1.199439249e+002 -1.199439249e+002 -1.6936e+000 +2.4850e+000 -2.3473e+000 +1.3738e+000 -2.7011e+000
3851 0 +2.089634600e+000 -1.210403654e+002 -1.210403654e+002 +2.5491e+000 -1.2137e+000 -1.6721e+000 +9.5886e-001 +2.5405e+000
4022 0 +2.017980843e+000 -1.211120192e+002 -1.211120192e+002 +1.3313e+000 -1.5102e+000 -1.2280e+000 +9.3180e-001 +2.4515e+000
4101 0 +1.528803254e-001 -1.229771197e+002 -1.229771197e+002 +2.6764e+000 -1.5108e+000 -1.7496e+000 +3.8658e-001 +2.3012e+000
4505 0 +1.250579272e-001 -1.230049421e+002 -1.230049421e+002 +2.2742e+000 -1.3540e+000 -1.7279e+000 +5.7589e-001 +2.2679e+000
4566 0 +1.016576544e-001 -1.230283423e+002 -1.230283423e+002 +2.1551e+000 -1.3367e+000 -1.5659e+000 +4.0981e-001 +2.7625e+000
4640 0 +4.736311498e-002 -1.230826369e+002 -1.230826369e+002 +2.5660e+000 -1.3758e+000 -1.8909e+000 +4.0721e-001 +2.3140e+000
4724 0 +4.009191142e-003 -1.231259908e+002 -1.231259908e+002 +2.2580e+000 -1.4100e+000 -1.7558e+000 +3.9769e-001 +2.9581e+000
4804 0 +8.929706082e-004 -1.231291070e+002 -1.231291070e+002 +2.4868e+000 -1.2643e+000 -1.9870e+000 +3.0481e-001 +2.7521e+000
5036 0 +4.472760520e-004 -1.231295527e+002 -1.231295527e+002 +2.2024e+000 -1.1354e+000 -1.8769e+000 +3.2661e-001 +2.8292e+000
5051 0 +4.110044793e-004 -1.231295890e+002 -1.231295890e+002 +2.3021e+000 -1.1484e+000 -2.0738e+000 +2.0926e-001 +2.8047e+000
5066 0 +2.308254898e-004 -1.231297692e+002 -1.231297692e+002 +2.3962e+000 -1.2495e+000 -1.9662e+000 +2.4529e-001 +2.6999e+000
5115 0 +9.682315525e-005 -1.231299032e+002 -1.231299032e+002 +2.3458e+000 -1.2957e+000 -1.9247e+000 +2.8833e-001 +2.9430e+000
5143 0 +2.767605984e-005 -1.231299723e+002 -1.231299723e+002 +2.3303e+000 -1.2674e+000 -1.9415e+000 +2.8634e-001 +2.9207e+000
5242 0 +9.555658579e-006 -1.231299904e+002 -1.231299904e+002 +2.2972e+000 -1.2511e+000 -1.9369e+000 +2.9328e-001 +2.8852e+000
5303 0 +6.551547514e-006 -1.231299934e+002 -1.231299934e+002 +2.3238e+000 -1.1842e+000 -1.9719e+000 +2.6785e-001 +2.8480e+000
5348 0 +6.380967932e-008 -1.231299999e+002 -1.231299999e+002 +2.3049e+000 -1.2115e+000 -1.9654e+000 +2.8871e-001 +2.8333e+000
5479 0 +2.170243363e-008 -1.231300000e+002 -1.231300000e+002 +2.3110e+000 -1.2084e+000 -1.9588e+000 +2.9475e-001 +2.8135e+000
5592 0 +1.096645974e-008 -1.231300000e+002 -1.231300000e+002 +2.3130e+000 -1.2112e+000 -1.9606e+000 +2.9322e-001 +2.8168e+000
5670 0 +9.828951875e-009 -1.231300000e+002 -1.231300000e+002 +2.3255e+000 -1.2091e+000 -1.9740e+000 +2.8577e-001 +2.7890e+000
% f evaluations | g evaluations | best noise-free fitness - Fopt (-1.537900000000e+002) + sum g_i+ | measured fitness | best measured fitness or single-digit g-values | x1 | x2...
1 0 +6.141443419e+001 -9.237556581e+001 -9.237556581e+001 -6.2968e-001 -4.5332e-001 -3.8695e+000 -3.2059e+000 -2.0875e+000
3 0 +3.451628216e+001 -1.192737178e+002 -1.192737178e+002 -3.4551e+000 +8.9610e-001 -6.0254e-001 +8.4492e-001 -7.5624e-002
4 0 +2.585147156e+001 -1.279385284e+002 -1.279385284e+002 -8.1794e-001 -3.4412e+000 +2.5033e+000 +9.7646e-001 +2.9732e+000
8 0 +2.286688315e+001 -1.309231169e+002 -1.309231169e+002 -2.2951e+000 +3.1804e+000 +2.6541e+000 -3.9019e+000 +2.5632e+000
14 0 +1.660025805e+001 -1.371897419e+002 -1.371897419e+002 +2.4123e+000 +2.3319e-002 +1.0884e+000 +2.4124e+000 -6.4831e-001
18 0 +1.484326263e+001 -1.389467374e+002 -1.389467374e+002 -2.2555e+000 +3.8233e+000 -3.2944e+000 +4.7352e+000 +3.1912e+000
80 0 +1.238349225e+001 -1.414065077e+002 -1.414065077e+002 +1.9516e-001 +3.9454e+000 +3.7714e+000 -4.5381e+000 +2.7000e+000
105 0 +7.175057572e+000 -1.466149424e+002 -1.466149424e+002 +1.4773e+000 -3.6936e-001 +1.6839e+000 +2.8695e+000 +7.3592e-001
183 0 +5.524337320e+000 -1.482656627e+002 -1.482656627e+002 -2.5405e-001 -8.8872e-001 -3.3417e+000 +3.0507e+000 +2.6779e+000
221 0 +4.573514543e+000 -1.492164855e+002 -1.492164855e+002 -1.6759e+000 +1.9355e+000 +2.8562e+000 -2.0482e+000 +2.0960e+000
673 0 +2.744130344e+000 -1.510458697e+002 -1.510458697e+002 -2.0325e+000 +3.6314e+000 -4.0045e+000 +3.2517e+000 +2.3232e+000
708 0 +1.984183035e+000 -1.518058170e+002 -1.518058170e+002 -2.6623e+000 +2.2548e+000 +4.0023e+000 -1.3693e+000 +2.0213e+000
1326 0 +1.922735618e+000 -1.518672644e+002 -1.518672644e+002 -2.4799e+000 +3.1897e+000 -3.4936e+000 +2.1882e+000 +1.8840e+000
1464 0 +1.190584929e+000 -1.525994151e+002 -1.525994151e+002 -2.7456e+000 +2.6820e+000 -3.1776e+000 +2.6298e+000 +1.9814e+000
1764 0 +1.017896193e+000 -1.527721038e+002 -1.527721038e+002 -2.5796e+000 +2.4509e+000 +3.3752e+000 -1.8446e+000 +2.3102e+000
2064 0 +3.073783968e-001 -1.534826216e+002 -1.534826216e+002 -2.5796e+000 +2.2215e+000 +3.4206e+000 -2.1809e+000 +2.5924e+000
2451 0 +1.331957138e-002 -1.537766804e+002 -1.537766804e+002 -2.1181e+000 +2.3725e+000 +3.9484e+000 -2.1928e+000 +2.6816e+000
2684 0 +9.882140863e-003 -1.537801179e+002 -1.537801179e+002 -2.5963e+000 +2.3441e+000 +3.7641e+000 -2.0245e+000 +3.0119e+000
3092 0 +1.772158910e-003 -1.537882278e+002 -1.537882278e+002 -1.9726e+000 +2.3635e+000 +3.7595e+000 -2.1628e+000 +2.6954e+000
3322 0 +4.794170950e-004 -1.537895206e+002 -1.537895206e+002 -2.1296e+000 +2.2560e+000 +3.6379e+000 -2.1350e+000 +2.7595e+000
3587 0 +2.417564639e-005 -1.537899758e+002 -1.537899758e+002 -2.1021e+000 +2.2737e+000 +3.7449e+000 -2.1902e+000 +2.7640e+000
3630 0 +1.966508876e-007 -1.537899998e+002 -1.537899998e+002 -2.1997e+000 +2.3015e+000 +3.7334e+000 -2.1659e+000 +2.8173e+000
3960 0 +2.683890443e-009 -1.537900000e+002 -1.537900000e+002 -2.2063e+000 +2.2948e+000 +3.7222e+000 -2.1687e+000 +2.8117e+000
% f evaluations | g evaluations | best noise-free fitness - Fopt (-4.860000000000e+001) + sum g_i+ | measured fitness | best measured fitness or single-digit g-values | x1 | x2...
1 0 +2.287304371e+001 -2.572695629e+001 -2.572695629e+001 +4.8705e+000 +4.9767e+000 +1.6934e+000 -3.4535e+000 -2.9521e+000
9 0 +9.333561374e+000 -3.926643863e+001 -3.926643863e+001 -1.4285e-001 -2.1735e+000 +5.1151e-001 -3.3056e+000 +1.6785e-001
172 0 +8.017603957e+000 -4.058239604e+001 -4.058239604e+001 -1.0331e+000 -1.0343e+000 -1.3162e+000 -2.6914e+000 -8.8815e-002
248 0 +5.932665989e+000 -4.266733401e+001 -4.266733401e+001 -2.7891e+000 -2.6584e+000 -1.5928e-001 -1.2782e+000 -7.5050e-001
281 0 +1.817439981e+000 -4.678256002e+001 -4.678256002e+001 -1.7112e+000 -2.0129e+000 -1.0302e+000 -2.7809e+000 -3.0755e-001
771 0 +1.352288623e+000 -4.724771138e+001 -4.724771138e+001 -1.3790e+000 -1.3774e+000 +4.4792e-001 -2.3387e+000 +4.6783e-001
881 0 +2.365027183e-001 -4.836349728e+001 -4.836349728e+001 -2.1973e+000 -1.4710e+000 +1.8581e-001 -2.4929e+000 -2.0275e-001
1048 0 +2.295406725e-001 -4.837045933e+001 -4.837045933e+001 -2.7246e+000 -1.6793e+000 +1.8510e-001 -2.0080e+000 -1.6372e-001
1171 0 +1.156727503e-001 -4.848432725e+001 -4.848432725e+001 -2.0755e+000 -1.3875e+000 +4.3386e-001 -2.3495e+000 +1.9186e-001
1463 0 +4.760842152e-002 -4.855239158e+001 -4.855239158e+001 -2.5530e+000 -1.2008e+000 +4.5697e-001 -2.0625e+000 +8.4078e-002
1487 0 +2.140161873e-002 -4.857859838e+001 -4.857859838e+001 -2.4472e+000 -1.5399e+000 -1.5396e-002 -1.9899e+000 -8.8165e-002
1616 0 +8.377681504e-004 -4.859916223e+001 -4.859916223e+001 -2.1485e+000 -1.3455e+000 -9.2396e-002 -1.7564e+000 +6.8007e-002
1824 0 +9.321403223e-005 -4.859990679e+001 -4.859990679e+001 -2.1425e+000 -1.5275e+000 -1.9770e-001 -1.7851e+000 -7.5664e-003
1925 0 +8.839080650e-007 -4.859999912e+001 -4.859999912e+001 -2.1896e+000 -1.4771e+000 -1.2600e-001 -1.8320e+000 -3.5859e-002
2054 0 +5.535558216e-007 -4.859999945e+001 -4.859999945e+001 -2.1866e+000 -1.4947e+000 -1.4450e-001 -1.8253e+000 -4.1463e-002
2060 0 +1.893856165e-007 -4.859999981e+001 -4.859999981e+001 -2.1863e+000 -1.4822e+000 -1.4660e-001 -1.8223e+000 -2.7431e-002
2411 0 +1.178600684e-008 -4.859999999e+001 -4.859999999e+001 -2.2101e+000 -1.4682e+000 -1.3503e-001 -1.7900e+000 -2.4783e-002
2430 0 +2.483623973e-009 -4.860000000e+001 -4.860000000e+001 -2.2050e+000 -1.4676e+000 -1.4296e-001 -1.7933e+000 -2.8625e-002
% f evaluations | g evaluations | best noise-free fitness - Fopt (2.770000000000e+001) + sum g_i+ | measured fitness | best measured fitness or single-digit g-values | x1 | x2...
1 0 +7.947894531e+001 +1.071789453e+002 +1.071789453e+002 +4.9271e+000 +3.5698e+000 -3.7838e+000 +4.5181e+000 +1.3187e+000
2 0 +7.112672712e+001 +9.882672712e+001 +9.882672712e+001 -2.8353e+000 -2.8220e-001 +1.3204e-001 +4.6055e+000 -4.9663e+000
3 0 +4.825603672e+001 +7.595603672e+001 +7.595603672e+001 +3.2022e+000 +2.6220e-001 -7.0608e-001 +1.7550e+000 -2.9500e+000
7 0 +4.723705982e+001 +7.493705982e+001 +7.493705982e+001 +5.0000e+000 +5.0000e+000 +5.0000e+000 -5.0000e+000 -5.0000e+000
13 0 +3.609571258e+001 +6.379571258e+001 +6.379571258e+001 -3.9050e+000 +1.6646e+000 -1.8673e+000 +6.9652e-001 -2.7912e+000
56 0 +2.194875148e+001 +4.964875148e+001 +4.964875148e+001 +3.4920e+000 +6.0477e-001 +4.1966e+000 -3.1851e+000 +2.9963e+000
89 0 +1.506701183e+001 +4.276701183e+001 +4.276701183e+001 +2.0448e+000 +1.5813e-001 -4.8079e+000 +1.9939e+000 +3.0888e+000
97 0 +1.460890449e+001 +4.230890449e+001 +4.230890449e+001 -2.7599e+000 +1.1218e+000 -3.0016e+000 +1.2588e+000 -2.1327e+000
215 0 +2.829081999e+000 +3.052908200e+001 +3.052908200e+001 +4.2355e+000 +2.4287e-001 +1.8569e+000 -3.9404e+000 +3.2397e+000
268 0 +2.188042637e+000 +2.988804264e+001 +2.988804264e+001 +3.3078e+000 -7.9868e-001 +4.1130e-001 -3.7449e+000 +3.8584e+000
582 0 +1.264118324e+000 +2.896411832e+001 +2.896411832e+001 +4.1261e+000 -3.8344e-001 +1.2890e+000 -4.4517e+000 +2.5408e+000
632 0 +4.786589311e-001 +2.817865893e+001 +2.817865893e+001 +3.7479e+000 -3.2302e-001 +5.5551e-001 -4.7489e+000 +2.3273e+000
846 0 +2.712461853e-001 +2.797124619e+001 +2.797124619e+001 +3.7251e+000 -2.6977e-001 +7.4100e-001 -3.4703e+000 +3.2990e+000
1082 0 +9.214452604e-002 +2.779214453e+001 +2.779214453e+001 +3.7722e+000 -5.4791e-002 +6.7331e-001 -3.4312e+000 +2.9636e+000
1211 0 +6.760039102e-002 +2.776760039e+001 +2.776760039e+001 +3.9094e+000 +1.0716e-001 +7.7286e-001 -3.9436e+000 +2.3481e+000
1510 0 +4.858009601e-002 +2.774858010e+001 +2.774858010e+001 +3.7560e+000 -1.5172e-001 +8.9377e-001 -3.6782e+000 +2.8342e+000
1528 0 +2.575409450e-002 +2.772575409e+001 +2.772575409e+001 +3.9179e+000 +1.2624e-001 +6.4695e-001 -4.1063e+000 +2.6722e+000
1536 0 +1.956912518e-002 +2.771956913e+001 +2.771956913e+001 +3.8551e+000 +4.0547e-002 +2.5751e-001 -4.1873e+000 +2.6482e+000
1636 0 +1.539682476e-002 +2.771539682e+001 +2.771539682e+001 +3.8115e+000 -2.1392e-002 +2.6605e-001 -4.1974e+000 +2.6232e+000
1720 0 +1.450910904e-003 +2.770145091e+001 +2.770145091e+001 +3.7535e+000 -3.4487e-001 +2.8705e-001 -4.0879e+000 +2.6455e+000
1740 0 +9.625779697e-004 +2.770096258e+001 +2.770096258e+001 +3.9080e+000 -1.2326e-001 +2.5342e-001 -4.0633e+000 +2.5150e+000
1752 0 +2.846272520e-004 +2.770028463e+001 +2.770028463e+001 +3.7339e+000 -2.7048e-001 +6.5155e-002 -3.8811e+000 +2.7004e+000
1837 0 +6.931284478e-006 +2.770000693e+001 +2.770000693e+001 +3.7959e+000 -2.6645e-001 +1.4240e-001 -4.0122e+000 +2.6635e+000
2048 0 +8.836631196e-007 +2.770000088e+001 +2.770000088e+001 +3.7945e+000 -2.9448e-001 +1.1904e-001 -3.9609e+000 +2.6832e+000
2058 0 +6.079725416e-007 +2.770000061e+001 +2.770000061e+001 +3.7928e+000 -2.9788e-001 +1.1571e-001 -3.9608e+000 +2.6832e+000
2154 0 +4.350518594e-007 +2.770000044e+001 +2.770000044e+001 +3.7964e+000 -2.7796e-001 +1.2282e-001 -3.9751e+000 +2.6690e+000
2297 0 +2.609311842e-007 +2.770000026e+001 +2.770000026e+001 +3.7643e+000 -3.1862e-001 +7.2607e-002 -3.9526e+000 +2.7010e+000
2316 0 +2.382282815e-008 +2.770000002e+001 +2.770000002e+001 +3.7836e+000 -2.9443e-001 +1.0530e-001 -3.9684e+000 +2.6802e+000
2398 0 +1.944578187e-008 +2.770000002e+001 +2.770000002e+001 +3.7804e+000 -2.9838e-001 +1.1209e-001 -3.9689e+000 +2.6745e+000
2464 0 +1.332158917e-008 +2.770000001e+001 +2.770000001e+001 +3.7814e+000 -2.9247e-001 +1.0130e-001 -3.9604e+000 +2.6765e+000
2559 0 +4.433445611e-009 +2.770000000e+001 +2.770000000e+001 +3.7810e+000 -3.0011e-001 +9.3296e-002 -3.9613e+000 +2.6750e+000
% f evaluations | g evaluations | best noise-free fitness - Fopt (2.993000000000e+001) + sum g_i+ | measured fitness | best measured fitness or single-digit g-values | x1 | x2...
1 0 +6.772116948e+001 +9.765116948e+001 +9.765116948e+001 +2.2651e+000 -4.1748e+000 +2.1476e+000 -1.2243e+000 +8.5439e-001
2 0 +6.565255857e+001 +9.558255857e+001 +9.558255857e+001 +1.4938e+000 -1.1623e+000 +4.0234e+000 -6.1312e-001 -3.3230e+000
3 0 +5.047063709e+001 +8.040063709e+001 +8.040063709e+001 +3.5463e+000 +3.5025e-001 +4.5833e+000 +5.8598e-002 +1.9368e+000
13 0 +9.344425096e+000 +3.927442510e+001 +3.927442510e+001 +5.0000e+000 +1.6476e+000 -5.0000e+000 +5.9502e-001 +5.0000e+000
85 0 +5.711952954e+000 +3.564195295e+001 +3.564195295e+001 -9.0036e-001 +2.2409e+000 +3.2941e-001 -2.3684e+000 +8.0876e-001
335 0 +5.761617767e-002 +2.998761618e+001 +2.998761618e+001 -7.8255e-001 +1.5505e+000 +1.9301e+000 -3.7612e+000 +2.5539e+000
1235 0 +5.145175043e-002 +2.998145175e+001 +2.998145175e+001 -8.8466e-001 +1.4268e+000 +2.0019e+000 -3.7612e+000 +2.5828e+000
1946 0 +4.806977889e-002 +2.997806978e+001 +2.997806978e+001 -9.4072e-001 +1.9246e+000 +1.5787e+000 -3.6174e+000 +2.1496e+000
2024 0 +2.291787253e-005 +2.993002292e+001 +2.993002292e+001 -1.0377e+000 +1.7557e+000 +1.7851e+000 -3.1295e+000 +1.9818e+000
2285 0 +3.545453467e-006 +2.993000355e+001 +2.993000355e+001 -1.0072e+000 +1.7069e+000 +1.8738e+000 -3.1230e+000 +2.0489e+000
2289 0 +2.836115691e-006 +2.993000284e+001 +2.993000284e+001 -1.0036e+000 +1.7081e+000 +1.8701e+000 -3.1289e+000 +2.0518e+000
2596 0 +1.538443541e-006 +2.993000154e+001 +2.993000154e+001 -9.8518e-001 +1.6830e+000 +1.8233e+000 -3.1249e+000 +2.0378e+000
2667 0 +2.040245874e-007 +2.993000020e+001 +2.993000020e+001 -9.8805e-001 +1.6988e+000 +1.8289e+000 -3.1175e+000 +2.0243e+000
2771 0 +1.013899400e-007 +2.993000010e+001 +2.993000010e+001 -9.9841e-001 +1.7033e+000 +1.8191e+000 -3.1361e+000 +2.0213e+000
2856 0 +4.238565054e-010 +2.993000000e+001 +2.993000000e+001 -9.8836e-001 +1.7029e+000 +1.8339e+000 -3.1333e+000 +2.0277e+000
% f evaluations | g evaluations | best noise-free fitness - Fopt (-1.983000000000e+001) + sum g_i+ | measured fitness | best measured fitness or single-digit g-values | x1 | x2...
1 0 +5.751981372e+001 +3.768981372e+001 +3.768981372e+001 -6.3543e-002 -3.9923e+000 +1.9343e+000 -9.4020e-001 -2.3691e+000
4 0 +4.364816735e+001 +2.381816735e+001 +2.381816735e+001 +6.6067e-001 +1.6149e+000 -1.7530e+000 +1.5373e-001 +5.8015e-001
11 0 +2.477861793e+001 +4.948617934e+000 +4.948617934e+000 -3.3479e+000 +3.1892e-001 +2.1666e+000 -7.4773e-001 -3.3194e+000
26 0 +2.362212330e+001 +3.792123305e+000 +3.792123305e+000 -3.5661e+000 +4.0560e+000 -5.1987e-001 -2.6442e+000 +2.7292e+000
31 0 +2.340569116e+001 +3.575691157e+000 +3.575691157e+000 +1.2255e+000 -4.7063e+000 -2.3498e+000 +4.5424e+000 +4.2589e+000
85 0 +1.677825337e+001 -3.051746630e+000 -3.051746630e+000 +1.0090e-001 -1.1578e+000 +6.2193e-001 +2.8607e+000 +5.5224e-001
86 0 +1.205950768e+001 -7.770492318e+000 -7.770492318e+000 -2.0389e+000 +1.7966e+000 +3.3700e+000 -1.5338e-001 -1.7832e+000
108 0 +9.752345911e+000 -1.007765409e+001 -1.007765409e+001 -1.3824e+000 -1.3809e+000 +3.0114e+000 -6.7905e-001 -1.0596e+000
122 0 +5.208814804e-001 -1.930911852e+001 -1.930911852e+001 -5.6826e-001 +1.6791e+000 +7.9660e-001 +1.1590e+000 +6.0680e-001
649 0 +4.541513969e-001 -1.937584860e+001 -1.937584860e+001 -1.4024e-001 +1.7137e+000 +8.3348e-001 -3.4763e-001 -2.2712e-002
700 0 +3.598953609e-001 -1.947010464e+001 -1.947010464e+001 +1.3673e-001 +2.4405e+000 +6.6042e-001 +4.7564e-002 -4.0064e-001
745 0 +1.826043222e-001 -1.964739568e+001 -1.964739568e+001 -3.5014e-001 +1.6961e+000 +7.5647e-001 +4.6926e-001 +3.2034e-001
835 0 +6.055808835e-002 -1.976944191e+001 -1.976944191e+001 +1.5794e-001 +1.4249e+000 +9.1541e-001 +6.2110e-001 -8.1536e-002
850 0 +2.092878431e-002 -1.980907122e+001 -1.980907122e+001 +1.3673e-001 +1.9622e+000 +7.2229e-001 +6.5940e-001 -1.6852e-001
929 0 +1.996950998e-002 -1.981003049e+001 -1.981003049e+001 +3.2602e-001 +1.2090e+000 +7.3374e-001 +9.3162e-001 -1.0831e-001
977 0 +1.430555856e-002 -1.981569444e+001 -1.981569444e+001 -2.7916e-003 +1.5936e+000 +6.5353e-001 +4.9166e-001 +3.0246e-002
992 0 +5.655401952e-003 -1.982434460e+001 -1.982434460e+001 +4.9808e-001 +1.0731e+000 +4.4393e-001 +9.3950e-001 -7.4317e-002
1021 0 +2.809923998e-003 -1.982719008e+001 -1.982719008e+001 +1.8443e-001 +1.4821e+000 +6.1953e-001 +9.5026e-001 +1.3468e-002
1178 0 +1.208315245e-003 -1.982879168e+001 -1.982879168e+001 +3.5597e-001 +1.3862e+000 +6.5350e-001 +8.8055e-001 -8.9482e-002
1194 0 +9.101916491e-004 -1.982908981e+001 -1.982908981e+001 +5.3410e-001 +1.5135e+000 +5.5719e-001 +7.3135e-001 -1.8639e-001
1252 0 +3.913041748e-005 -1.982996087e+001 -1.982996087e+001 +3.5735e-001 +1.4860e+000 +6.0633e-001 +6.3458e-001 -1.5750e-001
1272 0 +4.662072612e-007 -1.982999953e+001 -1.982999953e+001 +3.6762e-001 +1.4454e+000 +5.9048e-001 +7.2542e-001 -1.0185e-001
1425 0 +3.043200287e-007 -1.982999970e+001 -1.982999970e+001 +3.8264e-001 +1.4510e+000 +5.7176e-001 +7.3975e-001 -1.0514e-001
1546 0 +1.948212969e-007 -1.982999981e+001 -1.982999981e+001 +3.7558e-001 +1.4777e+000 +5.8286e-001 +7.0875e-001 -9.6132e-002
1618 0 +1.054476577e-007 -1.982999989e+001 -1.982999989e+001 +3.8909e-001 +1.4659e+000 +5.6923e-001 +7.4408e-001 -8.9490e-002
1899 0 +4.970373269e-008 -1.982999995e+001 -1.982999995e+001 +3.8291e-001 +1.4634e+000 +5.7895e-001 +7.4426e-001 -8.9285e-002
1941 0 +9.892442421e-009 -1.982999999e+001 -1.982999999e+001 +3.6459e-001 +1.4614e+000 +5.8192e-001 +7.4224e-001 -8.6999e-002
