% f evaluations | g evaluations | best noise-free fitness - Fopt (-2.098800000000e+002) + sum g_i+ | measured fitness | best measured fitness or single-digit g-values | x1 | x2...
1 0 +1.139251826e+007 +1.139230838e+007 +1.139230838e+007 -1.9501e-001 +7.1714e-001 +1.5067e-001
2 0 +3.502984717e+006 +3.502774837e+006 +3.502774837e+006 +4.4445e+000 -4.4301e+000 +1.7731e+000
4 0 +1.971929010e+006 +1.971719130e+006 +1.971719130e+006 +5.3794e-001 +8.6162e-001 +4.8955e+000
8 0 +5.789836136e+004 +5.768848136e+004 +5.768848136e+004 -4.9257e+000 +5.0000e+000 +3.3679e+000
9 0 +2.088417290e+004 +2.067429290e+004 +2.067429290e+004 +3.3781e-001 +5.0000e+000 +3.5698e+000
49 0 +9.670003137e+002 +7.571203137e+002 +7.571203137e+002 +1.1665e+000 +1.2472e+000 +3.5752e+000
112 0 +8.208254209e+002 +6.109454209e+002 +6.109454209e+002 -9.9924e-001 -3.9434e-001 +3.5681e+000
116 0 +6.581113353e+002 +4.482313353e+002 +4.482313353e+002 +3.9912e+000 +1.0633e+000 +3.5403e+000
126 0 +2.647772853e+002 +5.489728530e+001 +5.489728530e+001 +1.7412e+000 +8.2314e-001 +3.5427e+000
216 0 +6.143900287e+001 -1.484409971e+002 -1.484409971e+002 +2.3178e+000 +4.3363e-001 +3.5460e+000
270 0 +1.006699940e+001 -1.998130006e+002 -1.998130006e+002 +2.2373e+000 +4.8627e-001 +3.5516e+000
281 0 +1.763396632e+000 -2.081166034e+002 -2.081166034e+002 +1.3332e+000 +4.4888e-001 +3.5531e+000
423 0 +1.180197414e+000 -2.086998026e+002 -2.086998026e+002 +2.0995e-001 +4.3989e-001 +3.5540e+000
452 0 +5.242968147e-001 -2.093557032e+002 -2.093557032e+002 +7.8683e-001 +4.6234e-001 +3.5541e+000
504 0 +1.341445424e-002 -2.098665855e+002 -2.098665855e+002 +1.1454e+000 +4.4797e-001 +3.5545e+000
562 0 +3.147172244e-003 -2.098768528e+002 -2.098768528e+002 +1.1926e+000 +4.4701e-001 +3.5544e+000
582 0 +9.392694947e-004 -2.098790607e+002 -2.098790607e+002 +1.2266e+000 +4.4725e-001 +3.5544e+000
626 0 +2.781421846e-004 -2.098797219e+002 -2.098797219e+002 +1.2144e+000 +4.4831e-001 +3.5544e+000
672 0 +2.341054668e-004 -2.098797659e+002 -2.098797659e+002 +1.2207e+000 +4.4822e-001 +3.5544e+000
725 0 +5.045930052e-005 -2.098799495e+002 -2.098799495e+002 +1.2117e+000 +4.4783e-001 +3.5544e+000
803 0 +3.523906418e-005 -2.098799648e+002 -2.098799648e+002 +1.2052e+000 +4.4808e-001 +3.5544e+000
866 0 +3.079841633e-006 -2.098799969e+002 -2.098799969e+002 +1.2077e+000 +4.4803e-001 +3.5544e+000
883 0 +2.530990457e-007 -2.098799997e+002 -2.098799997e+002 +1.2074e+000 +4.4801e-001 +3.5544e+000
925 0 +1.026254779e-007 -2.098799999e+002 -2.098799999e+002 +1.2073e+000 +4.4800e-001 +3.5544e+000
1017 0 +4.211102578e-009 -2.098800000e+002 -2.098800000e+002 +1.2072e+000 +4.4800e-001 +3.5544e+000
% f evaluations | g evaluations | best noise-free fitness - Fopt (-9.209000000000e+001) + sum g_i+ | measured fitness | best measured fitness or single-digit g-values | x1 | x2...
1 0 +5.113673865e+006 +5.113581775e+006 +5.113581775e+006 +2.6371e-001 +3.1618e+000 -2.2249e+000
3 0 +2.032957128e+006 +2.032865038e+006 +2.032865038e+006 -2.3984e+000 -2.0435e+000 +1.4987e+000
4 0 +7.705553260e+004 +7.696344260e+004 +7.696344260e+004 +4.8623e+000 +4.5943e+000 -1.8023e-001
8 0 +3.875068532e+004 +3.865859532e+004 +3.865859532e+004 -5.0000e+000 +8.7497e-001 -9.0196e-002
9 0 +1.013565191e+004 +1.004356191e+004 +1.004356191e+004 +5.0000e+000 -3.8632e-001 +5.4146e-002
16 0 +2.670642927e+003 +2.578552927e+003 +2.578552927e+003 -6.9827e-001 +4.2549e+000 +7.0392e-002
116 0 +2.392673927e+003 +2.300583927e+003 +2.300583927e+003 +1.2448e+000 +1.2206e+000 +8.3245e-002
155 0 +1.624884224e+002 +7.039842235e+001 +7.039842235e+001 +3.2774e-001 +2.2369e+000 +8.8263e-002
239 0 +4.594565237e+001 -4.614434763e+001 -4.614434763e+001 +4.6368e+000 +2.5421e+000 +9.5265e-002
319 0 +1.743455970e+001 -7.465544030e+001 -7.465544030e+001 +4.2829e+000 +2.6814e+000 +9.1756e-002
347 0 +9.514092371e-001 -9.113859076e+001 -9.113859076e+001 +9.2500e-001 +2.6197e+000 +8.9407e-002
450 0 +1.652724175e-001 -9.192472758e+001 -9.192472758e+001 +1.0188e+000 +2.6300e+000 +9.0401e-002
510 0 +1.420617277e-001 -9.194793827e+001 -9.194793827e+001 +1.0015e+000 +2.6289e+000 +9.0496e-002
540 0 +3.497243170e-002 -9.205502757e+001 -9.205502757e+001 +8.0751e-001 +2.6245e+000 +9.0550e-002
546 0 +4.225481219e-003 -9.208577452e+001 -9.208577452e+001 +7.4208e-001 +2.6208e+000 +9.0462e-002
618 0 +1.557925941e-003 -9.208844207e+001 -9.208844207e+001 +7.2784e-001 +2.6217e+000 +9.0362e-002
743 0 +9.128705210e-004 -9.208908713e+001 -9.208908713e+001 +7.0739e-001 +2.6218e+000 +9.0375e-002
749 0 +2.135516460e-004 -9.208978645e+001 -9.208978645e+001 +7.1207e-001 +2.6217e+000 +9.0395e-002
785 0 +9.831209702e-005 -9.208990169e+001 -9.208990169e+001 +7.2701e-001 +2.6216e+000 +9.0390e-002
824 0 +7.574392396e-005 -9.208992426e+001 -9.208992426e+001 +7.3310e-001 +2.6217e+000 +9.0397e-002
893 0 +5.720840875e-005 -9.208994279e+001 -9.208994279e+001 +7.2230e-001 +2.6218e+000 +9.0398e-002
927 0 +1.872982722e-006 -9.208999813e+001 -9.208999813e+001 +7.2617e-001 +2.6216e+000 +9.0401e-002
1052 0 +5.810805135e-007 -9.208999942e+001 -9.208999942e+001 +7.2633e-001 +2.6216e+000 +9.0400e-002
1094 0 +1.684219484e-007 -9.208999983e+001 -9.208999983e+001 +7.2559e-001 +2.6216e+000 +9.0400e-002
1161 0 +8.473207913e-008 -9.208999992e+001 -9.208999992e+001 +7.2539e-001 +2.6216e+000 +9.0400e-002
1195 0 +5.763666877e-008 -9.208999994e+001 -9.208999994e+001 +7.2559e-001 +2.6216e+000 +9.0400e-002
1208 0 +1.993186061e-008 -9.208999998e+001 -9.208999998e+001 +7.2548e-001 +2.6216e+000 +9.0400e-002
1273 0 +1.165103924e-008 -9.208999999e+001 -9.208999999e+001 +7.2554e-001 +2.6216e+000 +9.0400e-002
1308 0 +2.888114636e-009 -9.209000000e+001 -9.209000000e+001 +7.2557e-001 +2.6216e+000 +9.0400e-002
% f evaluations | g evaluations | best noise-free fitness - Fopt (-8.789000000000e+001) + sum g_i+ | measured fitness | best measured fitness or single-digit g-values | x1 | x2...
1 0 +8.024167217e+005 +8.023288317e+005 +8.023288317e+005 -3.7600e+000 -1.9224e+000 +2.1815e+000
8 0 +1.839095160e+004 +1.830306160e+004 +1.830306160e+004 -1.4831e+000 +5.0000e+000 +1.3824e+000
9 0 +1.204910989e+004 +1.196121989e+004 +1.196121989e+004 -1.3782e+000 +8.3947e-001 +1.3239e+000
20 0 +2.832054902e+003 +2.744164902e+003 +2.744164902e+003 +1.1410e+000 +3.5352e+000 +1.1969e+000
123 0 +2.523805861e+003 +2.435915861e+003 +2.435915861e+003 -4.0605e-001 +3.3212e+000 +1.2956e+000
124 0 +2.252538590e+003 +2.164648590e+003 +2.164648590e+003 +1.0627e+000 +4.9029e+000 +1.2696e+000
147 0 +3.101975476e+002 +2.223075476e+002 +2.223075476e+002 +3.4513e+000 +3.4694e+000 +1.2666e+000
198 0 +1.398268066e+002 +5.193680662e+001 +5.193680662e+001 +1.9985e+000 +3.3188e+000 +1.2545e+000
277 0 +1.108499409e+001 -7.680500591e+001 -7.680500591e+001 -7.4434e-001 +3.5421e+000 +1.2497e+000
302 0 +2.611659268e+000 -8.527834073e+001 -8.527834073e+001 -6.0641e-002 +3.5976e+000 +1.2495e+000
391 0 +1.316568651e+000 -8.657343135e+001 -8.657343135e+001 +1.4854e-001 +3.6545e+000 +1.2506e+000
425 0 +1.054856987e+000 -8.683514301e+001 -8.683514301e+001 +8.6972e-001 +3.6687e+000 +1.2497e+000
480 0 +1.057174439e-001 -8.778428256e+001 -8.778428256e+001 +1.5928e-003 +3.6485e+000 +1.2494e+000
502 0 +1.316684136e-002 -8.787683316e+001 -8.787683316e+001 +2.9896e-001 +3.6461e+000 +1.2495e+000
660 0 +4.698259434e-003 -8.788530174e+001 -8.788530174e+001 +2.9622e-001 +3.6464e+000 +1.2496e+000
709 0 +1.058106440e-003 -8.788894189e+001 -8.788894189e+001 +2.5661e-001 +3.6452e+000 +1.2496e+000
739 0 +2.144805946e-004 -8.788978552e+001 -8.788978552e+001 +2.4251e-001 +3.6452e+000 +1.2496e+000
791 0 +1.420859369e-004 -8.788985791e+001 -8.788985791e+001 +2.2958e-001 +3.6456e+000 +1.2496e+000
848 0 +4.214508358e-005 -8.788995785e+001 -8.788995785e+001 +2.3890e-001 +3.6454e+000 +1.2496e+000
904 0 +2.300149767e-005 -8.788997700e+001 -8.788997700e+001 +2.3762e-001 +3.6456e+000 +1.2496e+000
945 0 +6.387648881e-007 -8.788999936e+001 -8.788999936e+001 +2.3895e-001 +3.6456e+000 +1.2496e+000
1019 0 +3.582411381e-007 -8.788999964e+001 -8.788999964e+001 +2.3922e-001 +3.6456e+000 +1.2496e+000
1061 0 +1.032688743e-007 -8.788999990e+001 -8.788999990e+001 +2.3938e-001 +3.6456e+000 +1.2496e+000
1132 0 +6.660334861e-008 -8.788999993e+001 -8.788999993e+001 +2.3899e-001 +3.6456e+000 +1.2496e+000
1187 0 +5.975678619e-009 -8.788999999e+001 -8.788999999e+001 +2.3913e-001 +3.6456e+000 +1.2496e+000
% f evaluations | g evaluations | best noise-free fitness - Fopt (3.201900000000e+002) + sum g_i+ | measured fitness | best measured fitness or single-digit g-values | x1 | x2...
1 0 +1.993318982e+006 +1.993639172e+006 +1.993639172e+006 -2.1801e+000 -5.1757e-001 +1.0596e-001
6 0 +4.101192814e+005 +4.104394714e+005 +4.104394714e+005 +2.5275e+000 +4.5007e+000 +7.5307e-001
8 0 +6.776244965e+003 +7.096434965e+003 +7.096434965e+003 +5.0000e+000 -5.0000e+000 +1.4185e+000
90 0 +6.343644400e+003 +6.663834400e+003 +6.663834400e+003 +4.5505e-001 -6.2424e-001 +1.4685e+000
93 0 +5.875324737e+003 +6.195514737e+003 +6.195514737e+003 +1.3822e+000 -6.9167e-001 +1.4587e+000
111 0 +1.730181923e+002 +4.932081923e+002 +4.932081923e+002 +5.6384e-001 -2.3319e+000 +1.4161e+000
220 0 +3.036217756e+001 +3.505521776e+002 +3.505521776e+002 +2.5847e+000 -2.2107e+000 +1.4040e+000
249 0 +1.102843400e+001 +3.312184340e+002 +3.312184340e+002 +8.6382e-001 -2.3889e+000 +1.4064e+000
295 0 +7.554689562e+000 +3.277446896e+002 +3.277446896e+002 -6.8932e-001 -2.3315e+000 +1.4058e+000
382 0 +7.666289116e-001 +3.209566289e+002 +3.209566289e+002 -5.6344e-001 -2.3800e+000 +1.4026e+000
421 0 +5.236951830e-001 +3.207136952e+002 +3.207136952e+002 -9.3098e-001 -2.3463e+000 +1.4029e+000
489 0 +1.423310271e-002 +3.202042331e+002 +3.202042331e+002 -4.8102e-001 -2.3608e+000 +1.4033e+000
542 0 +1.174504725e-002 +3.202017450e+002 +3.202017450e+002 -4.4089e-001 -2.3576e+000 +1.4033e+000
584 0 +1.628601375e-003 +3.201916286e+002 +3.201916286e+002 -4.2759e-001 -2.3596e+000 +1.4032e+000
660 0 +4.127574488e-005 +3.201900413e+002 +3.201900413e+002 -4.3832e-001 -2.3608e+000 +1.4032e+000
787 0 +1.004701596e-005 +3.201900100e+002 +3.201900100e+002 -4.3260e-001 -2.3609e+000 +1.4032e+000
909 0 +4.689411242e-006 +3.201900047e+002 +3.201900047e+002 -4.3158e-001 -2.3607e+000 +1.4032e+000
951 0 +1.165158665e-006 +3.201900012e+002 +3.201900012e+002 -4.3238e-001 -2.3608e+000 +1.4032e+000
964 0 +6.325066693e-007 +3.201900006e+002 +3.201900006e+002 -4.3231e-001 -2.3608e+000 +1.4032e+000
1016 0 +9.945915735e-008 +3.201900001e+002 +3.201900001e+002 -4.3259e-001 -2.3608e+000 +1.4032e+000
1150 0 +8.355453929e-008 +3.201900001e+002 +3.201900001e+002 -4.3252e-001 -2.3608e+000 +1.4032e+000
1171 0 +3.126336878e-008 +3.201900000e+002 +3.201900000e+002 -4.3280e-001 -2.3608e+000 +1.4032e+000
1213 0 +1.297070185e-008 +3.201900000e+002 +3.201900000e+002 -4.3286e-001 -2.3608e+000 +1.4032e+000
1254 0 +1.081923529e-008 +3.201900000e+002 +3.201900000e+002 -4.3287e-001 -2.3608e+000 +1.4032e+000
1299 0 +5.355104804e-009 +3.201900000e+002 +3.201900000e+002 -4.3282e-001 -2.3608e+000 +1.4032e+000
% f evaluations | g evaluations | best noise-free fitness - Fopt (-1.042400000000e+002) + sum g_i+ | measured fitness | best measured fitness or single-digit g-values | x1 | x2...
1 0 +1.295501091e+007 +1.295490667e+007 +1.295490667e+007 +3.8865e+000 -3.8270e+000 +4.9731e+000
2 0 +2.214579721e+006 +2.214475481e+006 +2.214475481e+006 -1.4649e+000 +5.9584e-002 -4.3677e-002
8 0 +7.475832072e+004 +7.465408072e+004 +7.465408072e+004 -5.0000e+000 +5.0000e+000 +1.2738e+000
11 0 +1.650139136e+004 +1.639715136e+004 +1.639715136e+004 +1.4648e+000 -5.0000e+000 +1.1932e+000
12 0 +1.006638543e+004 +9.962145430e+003 +9.962145430e+003 -5.0000e+000 -3.0450e+000 +1.4059e+000
102 0 +8.796409976e+003 +8.692169976e+003 +8.692169976e+003 -4.8057e+000 -1.6793e+000 +1.2552e+000
176 0 +3.860413499e+003 +3.756173499e+003 +3.756173499e+003 -1.5473e-001 -1.9838e+000 +1.2962e+000
200 0 +3.806110901e+002 +2.763710901e+002 +2.763710901e+002 -3.4629e+000 -4.2350e+000 +1.2977e+000
255 0 +3.603067540e+002 +2.560667540e+002 +2.560667540e+002 -3.8501e+000 -3.6136e+000 +1.2984e+000
263 0 +1.172359390e+002 +1.299593903e+001 +1.299593903e+001 -4.7019e+000 -4.1550e+000 +1.3074e+000
330 0 +9.244971737e+001 -1.179028263e+001 -1.179028263e+001 -3.6686e+000 -3.7220e+000 +1.3076e+000
342 0 +6.321938952e+001 -4.102061048e+001 -4.102061048e+001 -3.4327e+000 -4.0372e+000 +1.3078e+000
350 0 +3.132292468e+001 -7.291707532e+001 -7.291707532e+001 -2.5167e+000 -3.7870e+000 +1.3164e+000
385 0 +2.352760198e+001 -8.071239802e+001 -8.071239802e+001 -2.4053e+000 -3.7998e+000 +1.3148e+000
410 0 +1.943638794e+001 -8.480361206e+001 -8.480361206e+001 -3.0972e+000 -3.9281e+000 +1.3109e+000
455 0 +1.443303841e+001 -8.980696159e+001 -8.980696159e+001 -3.8106e-001 -3.8072e+000 +1.3139e+000
471 0 +4.440576064e+000 -9.979942394e+001 -9.979942394e+001 -3.8106e-001 -3.9621e+000 +1.3122e+000
508 0 +2.105656940e-001 -1.040294343e+002 -1.040294343e+002 +5.6865e-001 -3.9086e+000 +1.3134e+000
534 0 +1.796897874e-002 -1.042220310e+002 -1.042220310e+002 +3.0952e-001 -3.9199e+000 +1.3137e+000
643 0 +3.902041280e-003 -1.042360980e+002 -1.042360980e+002 +3.8349e-001 -3.9194e+000 +1.3137e+000
679 0 +3.406544359e-003 -1.042365935e+002 -1.042365935e+002 +3.6613e-001 -3.9202e+000 +1.3136e+000
698 0 +2.107972754e-003 -1.042378920e+002 -1.042378920e+002 +3.8161e-001 -3.9193e+000 +1.3136e+000
753 0 +1.727907649e-003 -1.042382721e+002 -1.042382721e+002 +3.9159e-001 -3.9190e+000 +1.3136e+000
804 0 +2.423223603e-004 -1.042397577e+002 -1.042397577e+002 +3.8693e-001 -3.9204e+000 +1.3136e+000
824 0 +2.021344104e-004 -1.042397979e+002 -1.042397979e+002 +3.9747e-001 -3.9203e+000 +1.3136e+000
842 0 +8.428395836e-005 -1.042399157e+002 -1.042399157e+002 +3.9114e-001 -3.9198e+000 +1.3136e+000
929 0 +8.730098813e-006 -1.042399913e+002 -1.042399913e+002 +3.9581e-001 -3.9200e+000 +1.3136e+000
1046 0 +1.981041805e-006 -1.042399980e+002 -1.042399980e+002 +3.9407e-001 -3.9200e+000 +1.3136e+000
1078 0 +5.643369718e-007 -1.042399994e+002 -1.042399994e+002 +3.9372e-001 -3.9200e+000 +1.3136e+000
1129 0 +4.364473796e-007 -1.042399996e+002 -1.042399996e+002 +3.9425e-001 -3.9200e+000 +1.3136e+000
1145 0 +6.521788976e-008 -1.042399999e+002 -1.042399999e+002 +3.9431e-001 -3.9200e+000 +1.3136e+000
1215 0 +5.270591430e-008 -1.042399999e+002 -1.042399999e+002 +3.9458e-001 -3.9200e+000 +1.3136e+000
1257 0 +1.231953206e-009 -1.042400000e+002 -1.042400000e+002 +3.9437e-001 -3.9200e+000 +1.3136e+000
% f evaluations | g evaluations | best noise-free fitness - Fopt (-6.785000000000e+001) + sum g_i+ | measured fitness | best measured fitness or single-digit g-values | x1 | x2...
1 0 +2.306356400e+005 +2.305677900e+005 +2.305677900e+005 -1.8803e+000 -1.0434e+000 +1.7788e+000
6 0 +4.019153622e+004 +4.012368622e+004 +4.012368622e+004 +4.3946e+000 +4.0946e+000 +1.1125e+000
8 0 +1.167353090e+004 +1.160568090e+004 +1.160568090e+004 +2.8058e+000 -4.2087e-001 +1.2975e+000
44 0 +9.278799044e+003 +9.210949044e+003 +9.210949044e+003 -3.1691e+000 -6.6587e-002 +1.3167e+000
162 0 +7.753307348e+003 +7.685457348e+003 +7.685457348e+003 -4.1459e-001 +3.1770e-001 +1.3367e+000
169 0 +6.862704663e+003 +6.794854663e+003 +6.794854663e+003 -1.8100e+000 +2.4894e+000 +1.3871e+000
186 0 +4.332414403e+003 +4.264564403e+003 +4.264564403e+003 +4.7964e+000 +3.9767e+000 +1.2419e+000
191 0 +1.002042166e+003 +9.341921658e+002 +9.341921658e+002 +1.0903e+000 +2.1143e+000 +1.3206e+000
203 0 +7.393084991e+001 +6.080849905e+000 +6.080849905e+000 +2.7067e+000 +3.2370e+000 +1.3083e+000
252 0 +3.248213999e+001 -3.536786001e+001 -3.536786001e+001 +3.1942e-001 +2.8437e+000 +1.3039e+000
272 0 +1.987337554e+001 -4.797662446e+001 -4.797662446e+001 +5.2241e-001 +2.8891e+000 +1.3023e+000
287 0 +1.759683439e+001 -5.025316561e+001 -5.025316561e+001 -7.6489e-001 +3.1307e+000 +1.3035e+000
311 0 +8.470814055e+000 -5.937918594e+001 -5.937918594e+001 +3.4676e+000 +2.9939e+000 +1.3049e+000
359 0 +5.688648993e+000 -6.216135101e+001 -6.216135101e+001 +2.6025e+000 +2.9746e+000 +1.3051e+000
368 0 +3.905708717e+000 -6.394429128e+001 -6.394429128e+001 +2.8160e+000 +3.0162e+000 +1.3034e+000
413 0 +1.279224644e+000 -6.657077536e+001 -6.657077536e+001 +1.9307e+000 +3.0083e+000 +1.3042e+000
469 0 +1.689726260e-001 -6.768102737e+001 -6.768102737e+001 +1.1792e+000 +3.0121e+000 +1.3037e+000
501 0 +1.563413212e-002 -6.783436587e+001 -6.783436587e+001 +9.4104e-001 +3.0141e+000 +1.3041e+000
569 0 +3.312066406e-003 -6.784668793e+001 -6.784668793e+001 +9.2003e-001 +3.0143e+000 +1.3040e+000
635 0 +1.421019142e-003 -6.784857898e+001 -6.784857898e+001 +8.5462e-001 +3.0138e+000 +1.3040e+000
681 0 +2.188434218e-004 -6.784978116e+001 -6.784978116e+001 +8.8562e-001 +3.0140e+000 +1.3040e+000
736 0 +3.947628406e-005 -6.784996052e+001 -6.784996052e+001 +8.8456e-001 +3.0143e+000 +1.3040e+000
769 0 +1.381400998e-005 -6.784998619e+001 -6.784998619e+001 +8.8129e-001 +3.0145e+000 +1.3040e+000
856 0 +9.227478500e-006 -6.784999077e+001 -6.784999077e+001 +8.8103e-001 +3.0143e+000 +1.3040e+000
914 0 +4.145095573e-007 -6.784999959e+001 -6.784999959e+001 +8.8140e-001 +3.0144e+000 +1.3040e+000
1000 0 +1.131039227e-007 -6.784999989e+001 -6.784999989e+001 +8.8144e-001 +3.0144e+000 +1.3040e+000
1077 0 +3.908988333e-008 -6.784999996e+001 -6.784999996e+001 +8.8151e-001 +3.0144e+000 +1.3040e+000
1112 0 +1.667802962e-008 -6.784999998e+001 -6.784999998e+001 +8.8167e-001 +3.0144e+000 +1.3040e+000
1144 0 +7.862936968e-009 -6.784999999e+001 -6.784999999e+001 +8.8165e-001 +3.0144e+000 +1.3040e+000
% f evaluations | g evaluations | best noise-free fitness - Fopt (-3.639800000000e+002) + sum g_i+ | measured fitness | best measured fitness or single-digit g-values | x1 | x2...
1 0 +2.636695894e+005 +2.633056094e+005 +2.633056094e+005 -4.1509e+000 +4.1349e+000 +2.0873e+000
2 0 +2.881136935e+004 +2.844738935e+004 +2.844738935e+004 +7.5603e-001 +1.1778e-001 +2.7602e+000
12 0 +2.777360283e+004 +2.740962283e+004 +2.740962283e+004 +1.3878e+000 -1.2837e+000 +2.5191e+000
72 0 +8.423657351e+003 +8.059677351e+003 +8.059677351e+003 +7.9999e-001 +8.4818e-001 +2.5550e+000
113 0 +4.692600646e+003 +4.328620646e+003 +4.328620646e+003 +2.8147e+000 +3.6011e+000 +2.6872e+000
121 0 +1.000550464e+003 +6.365704644e+002 +6.365704644e+002 -3.9981e+000 +2.9330e+000 +2.6442e+000
236 0 +5.600430361e+002 +1.960630361e+002 +1.960630361e+002 -3.9058e-001 +2.4957e+000 +2.6258e+000
241 0 +1.143222232e+002 -2.496577768e+002 -2.496577768e+002 -3.1267e+000 +2.9330e+000 +2.6183e+000
285 0 +2.169481291e+001 -3.422851871e+002 -3.422851871e+002 -9.1130e-001 +3.2836e+000 +2.6157e+000
343 0 +1.758013013e+001 -3.463998699e+002 -3.463998699e+002 -2.3447e+000 +3.2059e+000 +2.6136e+000
389 0 +7.222693176e+000 -3.567573068e+002 -3.567573068e+002 -9.1112e-001 +3.1761e+000 +2.6133e+000
416 0 +3.935743289e+000 -3.600442567e+002 -3.600442567e+002 -8.1265e-002 +3.2005e+000 +2.6138e+000
465 0 +6.236471361e-001 -3.633563529e+002 -3.633563529e+002 +1.5246e+000 +3.1938e+000 +2.6128e+000
507 0 +1.132068308e-001 -3.638667932e+002 -3.638667932e+002 +2.1288e+000 +3.1930e+000 +2.6136e+000
555 0 +7.725290482e-003 -3.639722747e+002 -3.639722747e+002 +1.8568e+000 +3.1881e+000 +2.6136e+000
610 0 +5.119881188e-003 -3.639748801e+002 -3.639748801e+002 +1.8692e+000 +3.1896e+000 +2.6136e+000
705 0 +2.275263898e-003 -3.639777247e+002 -3.639777247e+002 +1.7729e+000 +3.1912e+000 +2.6136e+000
775 0 +1.333258860e-003 -3.639786667e+002 -3.639786667e+002 +1.8196e+000 +3.1903e+000 +2.6136e+000
801 0 +7.151188302e-004 -3.639792849e+002 -3.639792849e+002 +1.8294e+000 +3.1898e+000 +2.6136e+000
823 0 +5.352148640e-004 -3.639794648e+002 -3.639794648e+002 +1.8020e+000 +3.1898e+000 +2.6136e+000
831 0 +3.902485860e-004 -3.639796098e+002 -3.639796098e+002 +1.8065e+000 +3.1899e+000 +2.6136e+000
883 0 +3.233094855e-004 -3.639796767e+002 -3.639796767e+002 +1.8297e+000 +3.1905e+000 +2.6136e+000
927 0 +4.019947710e-005 -3.639799598e+002 -3.639799598e+002 +1.8084e+000 +3.1905e+000 +2.6136e+000
959 0 +6.988101688e-006 -3.639799930e+002 -3.639799930e+002 +1.8106e+000 +3.1904e+000 +2.6136e+000
988 0 +2.849502096e-006 -3.639799972e+002 -3.639799972e+002 +1.8115e+000 +3.1904e+000 +2.6136e+000
1010 0 +6.940060189e-007 -3.639799993e+002 -3.639799993e+002 +1.8105e+000 +3.1904e+000 +2.6136e+000
1061 0 +1.598289714e-007 -3.639799998e+002 -3.639799998e+002 +1.8114e+000 +3.1904e+000 +2.6136e+000
1103 0 +3.091554390e-008 -3.639800000e+002 -3.639800000e+002 +1.8112e+000 +3.1904e+000 +2.6136e+000
1212 0 +2.132196641e-008 -3.639800000e+002 -3.639800000e+002 +1.8113e+000 +3.1904e+000 +2.6136e+000
1256 0 +1.162641183e-008 -3.639800000e+002 -3.639800000e+002 +1.8112e+000 +3.1904e+000 +2.6136e+000
1283 0 +1.250896275e-009 -3.639800000e+002 -3.639800000e+002 +1.8112e+000 +3.1904e+000 +2.6136e+000
% f evaluations | g evaluations | best noise-free fitness - Fopt (-1.865000000000e+001) + sum g_i+ | measured fitness | best measured fitness or single-digit g-values | x1 | x2...
1 0 +4.393563960e+005 +4.393377460e+005 +4.393377460e+005 -2.5105e+000 -1.8364e+000 -3.2051e+000
8 0 +2.389983646e+004 +2.388118646e+004 +2.388118646e+004 -5.0000e+000 +9.0747e-001 -2.3730e+000
48 0 +1.355353516e+004 +1.353488516e+004 +1.353488516e+004 -2.4677e+000 -1.7203e+000 -2.5943e+000
80 0 +5.739780931e+003 +5.721130931e+003 +5.721130931e+003 -1.2783e+000 -1.3306e+000 -2.4098e+000
114 0 +7.128787086e+002 +6.942287086e+002 +6.942287086e+002 -2.0291e+000 -1.7105e+000 -2.4944e+000
222 0 +2.596406740e+002 +2.409906740e+002 +2.409906740e+002 -6.5641e-001 -1.9869e+000 -2.4867e+000
243 0 +1.159527513e+002 +9.730275131e+001 +9.730275131e+001 -4.6510e+000 -2.3270e+000 -2.4729e+000
282 0 +7.078289834e+001 +5.213289834e+001 +5.213289834e+001 -2.9727e+000 -2.5740e+000 -2.4873e+000
355 0 +5.067530496e+001 +3.202530496e+001 +3.202530496e+001 +2.5454e+000 -2.2556e+000 -2.4788e+000
360 0 +2.374477652e+001 +5.094776522e+000 +5.094776522e+000 -1.0137e+000 -2.3263e+000 -2.4812e+000
386 0 +1.718716042e+001 -1.462839580e+000 -1.462839580e+000 +1.0541e-001 -2.3429e+000 -2.4810e+000
399 0 +3.860947386e+000 -1.478905261e+001 -1.478905261e+001 -4.5092e-001 -2.4676e+000 -2.4807e+000
430 0 +1.779874771e+000 -1.687012523e+001 -1.687012523e+001 +1.4002e+000 -2.4518e+000 -2.4796e+000
450 0 +3.282238265e-001 -1.832177617e+001 -1.832177617e+001 +8.9025e-001 -2.4698e+000 -2.4809e+000
469 0 +2.314016480e-001 -1.841859835e+001 -1.841859835e+001 +1.3516e+000 -2.4676e+000 -2.4812e+000
535 0 +1.733537568e-001 -1.847664624e+001 -1.847664624e+001 +1.2219e+000 -2.4549e+000 -2.4808e+000
539 0 +1.052064069e-001 -1.854479359e+001 -1.854479359e+001 +1.7186e+000 -2.4719e+000 -2.4807e+000
551 0 +1.715050479e-002 -1.863284950e+001 -1.863284950e+001 +1.5558e+000 -2.4680e+000 -2.4807e+000
609 0 +2.904212260e-003 -1.864709579e+001 -1.864709579e+001 +1.4615e+000 -2.4639e+000 -2.4808e+000
647 0 +2.795253177e-003 -1.864720475e+001 -1.864720475e+001 +1.5065e+000 -2.4645e+000 -2.4808e+000
663 0 +1.505242887e-003 -1.864849476e+001 -1.864849476e+001 +1.4703e+000 -2.4646e+000 -2.4808e+000
714 0 +6.814343566e-004 -1.864931857e+001 -1.864931857e+001 +1.4599e+000 -2.4652e+000 -2.4808e+000
724 0 +5.356783697e-005 -1.864994643e+001 -1.864994643e+001 +1.4623e+000 -2.4657e+000 -2.4808e+000
803 0 +2.734504790e-005 -1.864997265e+001 -1.864997265e+001 +1.4673e+000 -2.4657e+000 -2.4808e+000
886 0 +1.919947122e-005 -1.864998080e+001 -1.864998080e+001 +1.4654e+000 -2.4656e+000 -2.4808e+000
920 0 +6.688187156e-006 -1.864999331e+001 -1.864999331e+001 +1.4689e+000 -2.4656e+000 -2.4808e+000
980 0 +2.613864027e-006 -1.864999739e+001 -1.864999739e+001 +1.4661e+000 -2.4656e+000 -2.4808e+000
1002 0 +9.632536511e-007 -1.864999904e+001 -1.864999904e+001 +1.4680e+000 -2.4656e+000 -2.4808e+000
1040 0 +2.450276213e-007 -1.864999975e+001 -1.864999975e+001 +1.4669e+000 -2.4656e+000 -2.4808e+000
1073 0 +1.218434917e-007 -1.864999988e+001 -1.864999988e+001 +1.4669e+000 -2.4656e+000 -2.4808e+000
1081 0 +1.152606366e-007 -1.864999988e+001 -1.864999988e+001 +1.4669e+000 -2.4656e+000 -2.4808e+000
1123 0 +9.021496084e-008 -1.864999991e+001 -1.864999991e+001 +1.4671e+000 -2.4656e+000 -2.4808e+000
1142 0 +8.070359314e-008 -1.864999992e+001 -1.864999992e+001 +1.4671e+000 -2.4656e+000 -2.4808e+000
1181 0 +2.868461024e-010 -1.865000000e+001 -1.865000000e+001 +1.4672e+000 -2.4656e+000 -2.4808e+000
% f evaluations | g evaluations | best noise-free fitness - Fopt (1.749200000000e+002) + sum g_i+ | measured fitness | best measured fitness or single-digit g-values | x1 | x2...
1 0 +6.443843267e+007 +6.443860759e+007 +6.443860759e+007 -4.5214e+000 +1.9664e+000 +4.4465e+000
3 0 +3.104054002e+007 +3.104071494e+007 +3.104071494e+007 +3.2124e+000 +1.8246e+000 +2.1956e+000
4 0 +2.583443204e+006 +2.583618124e+006 +2.583618124e+006 -2.3082e+000 +4.1981e+000 -1.6806e+000
8 0 +1.431912464e+006 +1.432087384e+006 +1.432087384e+006 +5.0000e+000 +5.0000e+000 -4.5325e+000
9 0 +4.512453467e+004 +4.529945467e+004 +4.529945467e+004 +9.8516e-001 +1.6941e+000 -3.5841e+000
26 0 +4.418280946e+004 +4.435772946e+004 +4.435772946e+004 -6.7590e-001 +3.8036e+000 -3.3056e+000
54 0 +1.666205367e+004 +1.683697367e+004 +1.683697367e+004 +8.1573e-002 +3.0426e-001 -3.3098e+000
84 0 +4.509895368e+003 +4.684815368e+003 +4.684815368e+003 -1.3788e-001 -4.4136e-003 -3.3701e+000
189 0 +8.949308320e+002 +1.069850832e+003 +1.069850832e+003 -1.4915e+000 -1.9890e+000 -3.3818e+000
230 0 +2.676912104e+002 +4.426112104e+002 +4.426112104e+002 +7.6242e-001 -1.7896e+000 -3.3937e+000
245 0 +4.635954552e+001 +2.212795455e+002 +2.212795455e+002 -7.9955e-001 -1.6346e+000 -3.4092e+000
283 0 +1.437443713e+001 +1.892944371e+002 +1.892944371e+002 -7.3373e-002 -1.7424e+000 -3.4114e+000
329 0 +1.831873992e+000 +1.767518740e+002 +1.767518740e+002 -3.0842e-001 -1.8392e+000 -3.4115e+000
390 0 +6.567018899e-001 +1.755767019e+002 +1.755767019e+002 -8.4939e-001 -1.8633e+000 -3.4108e+000
450 0 +4.215314454e-002 +1.749621531e+002 +1.749621531e+002 -1.2873e+000 -1.8409e+000 -3.4105e+000
518 0 +3.719049435e-002 +1.749571905e+002 +1.749571905e+002 -1.2604e+000 -1.8438e+000 -3.4102e+000
564 0 +9.858035203e-003 +1.749298580e+002 +1.749298580e+002 -1.2145e+000 -1.8437e+000 -3.4105e+000
630 0 +2.682107879e-003 +1.749226821e+002 +1.749226821e+002 -1.1160e+000 -1.8441e+000 -3.4104e+000
676 0 +1.150465100e-003 +1.749211505e+002 +1.749211505e+002 -1.1569e+000 -1.8439e+000 -3.4104e+000
707 0 +3.174700090e-004 +1.749203175e+002 +1.749203175e+002 -1.1536e+000 -1.8443e+000 -3.4104e+000
729 0 +2.800836183e-004 +1.749202801e+002 +1.749202801e+002 -1.1503e+000 -1.8448e+000 -3.4104e+000
767 0 +1.431996489e-004 +1.749201432e+002 +1.749201432e+002 -1.1538e+000 -1.8450e+000 -3.4104e+000
802 0 +7.506733630e-005 +1.749200751e+002 +1.749200751e+002 -1.1488e+000 -1.8447e+000 -3.4104e+000
823 0 +5.494901703e-005 +1.749200549e+002 +1.749200549e+002 -1.1510e+000 -1.8450e+000 -3.4104e+000
882 0 +7.639034152e-006 +1.749200076e+002 +1.749200076e+002 -1.1492e+000 -1.8448e+000 -3.4104e+000
909 0 +5.872240308e-006 +1.749200059e+002 +1.749200059e+002 -1.1530e+000 -1.8449e+000 -3.4104e+000
918 0 +3.316767931e-006 +1.749200033e+002 +1.749200033e+002 -1.1516e+000 -1.8448e+000 -3.4104e+000
949 0 +3.245915252e-007 +1.749200003e+002 +1.749200003e+002 -1.1524e+000 -1.8448e+000 -3.4104e+000
1059 0 +1.226219695e-007 +1.749200001e+002 +1.749200001e+002 -1.1520e+000 -1.8448e+000 -3.4104e+000
1109 0 +2.595234605e-008 +1.749200000e+002 +1.749200000e+002 -1.1521e+000 -1.8448e+000 -3.4104e+000
1127 0 +7.150532610e-009 +1.749200000e+002 +1.749200000e+002 -1.1519e+000 -1.8448e+000 -3.4104e+000
% f evaluations | g evaluations | best noise-free fitness - Fopt (-5.659600000000e+002) + sum g_i+ | measured fitness | best measured fitness or single-digit g-values | x1 | x2...
1 0 +2.253679804e+006 +2.253113844e+006 +2.253113844e+006 +4.3269e+000 -2.9912e+000 -5.2328e-001
8 0 +2.472705793e+004 +2.416109793e+004 +2.416109793e+004 +5.0000e+000 +5.0000e+000 -2.1901e+000
9 0 +1.321685640e+004 +1.265089640e+004 +1.265089640e+004 +5.0000e+000 +3.6692e-001 -2.2587e+000
42 0 +8.297089951e+003 +7.731129951e+003 +7.731129951e+003 +2.1288e+000 -2.5605e+000 -2.1122e+000
46 0 +5.500896791e+003 +4.934936791e+003 +4.934936791e+003 -1.0009e+000 -1.1787e+000 -2.0943e+000
69 0 +1.837647345e+003 +1.271687345e+003 +1.271687345e+003 +2.5745e+000 +1.0823e+000 -2.1782e+000
162 0 +4.742679055e+002 -9.169209455e+001 -9.169209455e+001 +2.2201e+000 +3.4667e-001 -2.1662e+000
190 0 +1.941462709e+002 -3.718137291e+002 -3.718137291e+002 +2.8848e+000 +6.0637e-001 -2.1524e+000
227 0 +2.586381064e+001 -5.400961894e+002 -5.400961894e+002 +1.5019e+000 +2.9744e-001 -2.1484e+000
276 0 +1.396317895e+001 -5.519968210e+002 -5.519968210e+002 +2.0636e+000 +1.8082e-001 -2.1463e+000
317 0 +8.364809119e+000 -5.575951909e+002 -5.575951909e+002 +1.4990e+000 +2.0461e-001 -2.1440e+000
355 0 +5.947728508e+000 -5.600122715e+002 -5.600122715e+002 +1.1536e+000 +2.1412e-001 -2.1439e+000
424 0 +1.429123890e+000 -5.645308761e+002 -5.645308761e+002 +4.0606e-002 +2.2601e-001 -2.1454e+000
458 0 +1.319819852e+000 -5.646401801e+002 -5.646401801e+002 +4.4906e-002 +2.3294e-001 -2.1453e+000
488 0 +1.245615864e+000 -5.647143841e+002 -5.647143841e+002 -5.4759e-002 +2.1493e-001 -2.1451e+000
491 0 +5.911656040e-001 -5.653688344e+002 -5.653688344e+002 -1.1345e-001 +2.3419e-001 -2.1448e+000
519 0 +4.727478973e-001 -5.654872521e+002 -5.654872521e+002 -3.2556e-001 +2.3873e-001 -2.1449e+000
548 0 +1.894195393e-001 -5.657705805e+002 -5.657705805e+002 -5.4013e-001 +2.3066e-001 -2.1447e+000
591 0 +8.046781719e-002 -5.658795322e+002 -5.658795322e+002 -1.1147e+000 +2.2932e-001 -2.1447e+000
599 0 +5.616208948e-002 -5.659038379e+002 -5.659038379e+002 -1.0078e+000 +2.3024e-001 -2.1449e+000
625 0 +1.052237035e-002 -5.659494776e+002 -5.659494776e+002 -1.0545e+000 +2.3667e-001 -2.1448e+000
631 0 +3.405095505e-003 -5.659565949e+002 -5.659565949e+002 -1.0069e+000 +2.3645e-001 -2.1448e+000
690 0 +5.261727210e-005 -5.659599474e+002 -5.659599474e+002 -9.5255e-001 +2.3593e-001 -2.1448e+000
716 0 +4.328645377e-005 -5.659599567e+002 -5.659599567e+002 -9.5105e-001 +2.3600e-001 -2.1448e+000
743 0 +2.492037675e-005 -5.659599751e+002 -5.659599751e+002 -9.5608e-001 +2.3597e-001 -2.1448e+000
778 0 +1.672756082e-005 -5.659599833e+002 -5.659599833e+002 -9.5561e-001 +2.3610e-001 -2.1448e+000
887 0 +3.272753588e-006 -5.659599967e+002 -5.659599967e+002 -9.5910e-001 +2.3599e-001 -2.1448e+000
948 0 +7.811805744e-007 -5.659599992e+002 -5.659599992e+002 -9.5713e-001 +2.3600e-001 -2.1448e+000
1018 0 +1.182288543e-007 -5.659599999e+002 -5.659599999e+002 -9.5770e-001 +2.3599e-001 -2.1448e+000
1074 0 +5.721824436e-008 -5.659599999e+002 -5.659599999e+002 -9.5737e-001 +2.3600e-001 -2.1448e+000
1095 0 +7.536186786e-009 -5.659600000e+002 -5.659600000e+002 -9.5752e-001 +2.3600e-001 -2.1448e+000
% f evaluations | g evaluations | best noise-free fitness - Fopt (7.095000000000e+001) + sum g_i+ | measured fitness | best measured fitness or single-digit g-values | x1 | x2...
1 0 +1.356745400e+005 +1.357454900e+005 +1.357454900e+005 -4.2731e+000 +2.2797e+000 -1.7484e+000
8 0 +1.140586473e+005 +1.141295973e+005 +1.141295973e+005 +5.0000e+000 +8.5160e-001 -2.4571e+000
9 0 +4.056434227e+004 +4.063529227e+004 +4.063529227e+004 +3.4376e-001 +1.5289e+000 -2.3233e+000
11 0 +1.667002680e+004 +1.674097680e+004 +1.674097680e+004 +2.6485e+000 +1.4050e+000 -1.9936e+000
27 0 +5.881948906e+002 +6.591448906e+002 +6.591448906e+002 +3.5492e+000 +1.4434e+000 -2.1486e+000
75 0 +6.125909243e+001 +1.322090924e+002 +1.322090924e+002 -2.6681e+000 +1.0030e+000 -2.1344e+000
262 0 +2.267783204e+001 +9.362783204e+001 +9.362783204e+001 -1.0525e-001 +1.2332e+000 -2.1271e+000
292 0 +9.069972892e+000 +8.001997289e+001 +8.001997289e+001 -1.2292e+000 +1.1511e+000 -2.1283e+000
391 0 +8.330250854e+000 +7.928025085e+001 +7.928025085e+001 -2.1897e+000 +1.0866e+000 -2.1282e+000
417 0 +1.434489610e+000 +7.238448961e+001 +7.238448961e+001 +1.5735e+000 +1.0925e+000 -2.1278e+000
444 0 +1.920219681e-002 +7.096920220e+001 +7.096920220e+001 +7.4988e-001 +1.0794e+000 -2.1272e+000
501 0 +1.499287907e-002 +7.096499288e+001 +7.096499288e+001 +6.9808e-001 +1.0763e+000 -2.1272e+000
533 0 +1.269331805e-002 +7.096269332e+001 +7.096269332e+001 +5.9955e-001 +1.0785e+000 -2.1271e+000
570 0 +7.536366628e-003 +7.095753637e+001 +7.095753637e+001 +5.2360e-001 +1.0794e+000 -2.1272e+000
572 0 +2.254911051e-003 +7.095225491e+001 +7.095225491e+001 +6.1385e-001 +1.0805e+000 -2.1272e+000
676 0 +9.127755044e-004 +7.095091278e+001 +7.095091278e+001 +6.0204e-001 +1.0800e+000 -2.1272e+000
712 0 +5.074294546e-005 +7.095005074e+001 +7.095005074e+001 +6.1262e-001 +1.0790e+000 -2.1272e+000
741 0 +3.100160748e-005 +7.095003100e+001 +7.095003100e+001 +6.1226e-001 +1.0792e+000 -2.1272e+000
851 0 +3.552229032e-006 +7.095000355e+001 +7.095000355e+001 +6.1521e-001 +1.0792e+000 -2.1272e+000
909 0 +2.240887596e-006 +7.095000224e+001 +7.095000224e+001 +6.1569e-001 +1.0792e+000 -2.1272e+000
943 0 +7.953562289e-007 +7.095000080e+001 +7.095000080e+001 +6.1526e-001 +1.0792e+000 -2.1272e+000
987 0 +4.788542896e-007 +7.095000048e+001 +7.095000048e+001 +6.1509e-001 +1.0792e+000 -2.1272e+000
1080 0 +1.498033697e-007 +7.095000015e+001 +7.095000015e+001 +6.1473e-001 +1.0792e+000 -2.1272e+000
1117 0 +9.971216741e-008 +7.095000010e+001 +7.095000010e+001 +6.1464e-001 +1.0792e+000 -2.1272e+000
1145 0 +8.937283269e-008 +7.095000009e+001 +7.095000009e+001 +6.1436e-001 +1.0792e+000 -2.1272e+000
1160 0 +5.286602800e-008 +7.095000005e+001 +7.095000005e+001 +6.1454e-001 +1.0792e+000 -2.1272e+000
1178 0 +5.112268298e-008 +7.095000005e+001 +7.095000005e+001 +6.1459e-001 +1.0792e+000 -2.1272e+000
1196 0 +2.429955259e-008 +7.095000002e+001 +7.095000002e+001 +6.1454e-001 +1.0792e+000 -2.1272e+000
1214 0 +1.827530127e-009 +7.095000000e+001 +7.095000000e+001 +6.1440e-001 +1.0792e+000 -2.1272e+000
% f evaluations | g evaluations | best noise-free fitness - Fopt (4.728000000000e+001) + sum g_i+ | measured fitness | best measured fitness or single-digit g-values | x1 | x2...
1 0 +8.459825013e+006 +8.459872293e+006 +8.459872293e+006 +4.3274e+000 -1.6339e+000 +2.8787e-001
2 0 +2.012154346e+006 +2.012201626e+006 +2.012201626e+006 -4.1159e+000 -2.7464e+000 +4.6720e+000
6 0 +1.975182331e+006 +1.975229611e+006 +1.975229611e+006 -2.1089e+000 +4.8796e+000 +4.5794e+000
8 0 +1.943935630e+005 +1.944408430e+005 +1.944408430e+005 -5.0000e+000 +5.0000e+000 +2.8828e+000
9 0 +5.843472188e+004 +5.848200188e+004 +5.848200188e+004 +5.0000e+000 +2.9439e+000 +3.4805e+000
66 0 +4.659289200e+004 +4.664017200e+004 +4.664017200e+004 +4.0757e+000 +1.6691e+000 +3.4674e+000
68 0 +8.781575752e+003 +8.828855752e+003 +8.828855752e+003 -1.2626e-001 +2.1686e+000 +3.2825e+000
81 0 +8.702631491e+003 +8.749911491e+003 +8.749911491e+003 +1.5727e+000 -2.2795e+000 +3.3517e+000
109 0 +3.671078426e+002 +4.143878426e+002 +4.143878426e+002 +1.8215e+000 -2.7163e-001 +3.2630e+000
153 0 +1.987192759e+001 +6.715192759e+001 +6.715192759e+001 +9.1637e-001 -8.8099e-001 +3.2735e+000
287 0 +1.690455444e+001 +6.418455444e+001 +6.418455444e+001 +1.0360e+000 -8.8731e-001 +3.2681e+000
339 0 +1.133284392e+001 +5.861284392e+001 +5.861284392e+001 +1.5936e+000 -8.1534e-001 +3.2677e+000
418 0 +5.759825946e+000 +5.303982595e+001 +5.303982595e+001 +4.9405e+000 -8.6838e-001 +3.2711e+000
439 0 +2.669350236e+000 +4.994935024e+001 +4.994935024e+001 +2.4752e+000 -7.7594e-001 +3.2702e+000
441 0 +1.178718154e+000 +4.845871815e+001 +4.845871815e+001 +3.6458e+000 -8.1422e-001 +3.2714e+000
454 0 +1.036923110e+000 +4.831692311e+001 +4.831692311e+001 +3.9996e+000 -7.7616e-001 +3.2702e+000
501 0 +6.242691818e-001 +4.790426918e+001 +4.790426918e+001 +3.7850e+000 -8.0136e-001 +3.2712e+000
507 0 +7.700676249e-002 +4.735700676e+001 +4.735700676e+001 +3.7644e+000 -7.9867e-001 +3.2703e+000
515 0 +6.119449013e-002 +4.734119449e+001 +4.734119449e+001 +3.5902e+000 -7.9939e-001 +3.2703e+000
597 0 +1.838049961e-002 +4.729838050e+001 +4.729838050e+001 +3.5858e+000 -8.0542e-001 +3.2703e+000
649 0 +8.471945112e-004 +4.728084719e+001 +4.728084719e+001 +3.7104e+000 -8.0630e-001 +3.2704e+000
665 0 +7.500520356e-004 +4.728075005e+001 +4.728075005e+001 +3.6740e+000 -8.0677e-001 +3.2704e+000
709 0 +6.860500836e-004 +4.728068605e+001 +4.728068605e+001 +3.7087e+000 -8.0703e-001 +3.2704e+000
731 0 +2.210880980e-004 +4.728022109e+001 +4.728022109e+001 +3.7037e+000 -8.0630e-001 +3.2704e+000
768 0 +1.390825359e-004 +4.728013908e+001 +4.728013908e+001 +3.6884e+000 -8.0669e-001 +3.2704e+000
781 0 +5.666318205e-005 +4.728005666e+001 +4.728005666e+001 +3.7012e+000 -8.0634e-001 +3.2704e+000
844 0 +2.609010717e-005 +4.728002609e+001 +4.728002609e+001 +3.6950e+000 -8.0638e-001 +3.2704e+000
896 0 +4.742971669e-006 +4.728000474e+001 +4.728000474e+001 +3.6953e+000 -8.0644e-001 +3.2704e+000
930 0 +2.486844203e-006 +4.728000249e+001 +4.728000249e+001 +3.6953e+000 -8.0640e-001 +3.2704e+000
953 0 +6.355692221e-007 +4.728000064e+001 +4.728000064e+001 +3.6937e+000 -8.0640e-001 +3.2704e+000
971 0 +8.752125780e-008 +4.728000009e+001 +4.728000009e+001 +3.6944e+000 -8.0641e-001 +3.2704e+000
1099 0 +3.083238198e-008 +4.728000003e+001 +4.728000003e+001 +3.6945e+000 -8.0640e-001 +3.2704e+000
1119 0 +1.940611583e-008 +4.728000002e+001 +4.728000002e+001 +3.6943e+000 -8.0640e-001 +3.2704e+000
1156 0 +1.902118640e-008 +4.728000002e+001 +4.728000002e+001 +3.6943e+000 -8.0640e-001 +3.2704e+000
1217 0 +2.527244192e-009 +4.728000000e+001 +4.728000000e+001 +3.6944e+000 -8.0640e-001 +3.2704e+000
% f evaluations | g evaluations | best noise-free fitness - Fopt (-5.688800000000e+002) + sum g_i+ | measured fitness | best measured fitness or single-digit g-values | x1 | x2...
1 0 +3.881824686e+006 +3.881255806e+006 +3.881255806e+006 +2.9037e+000 +7.9683e-001 -3.1874e+000
2 0 +3.373469759e+006 +3.372900879e+006 +3.372900879e+006 -4.8226e+000 -1.4868e+000 +6.4290e-001
4 0 +2.095855825e+005 +2.090167025e+005 +2.090167025e+005 -1.0515e+000 +3.0436e+000 -8.1748e-001
7 0 +2.859069947e+004 +2.802181947e+004 +2.802181947e+004 -1.0144e-001 -3.7792e+000 -1.0976e+000
9 0 +2.222593605e+003 +1.653713605e+003 +1.653713605e+003 -5.0000e+000 -2.8744e+000 -1.3056e+000
24 0 +5.704092501e+002 +1.529250120e+000 +1.529250120e+000 -3.9017e+000 -3.3165e+000 -1.2579e+000
191 0 +1.469508887e+002 -4.219291113e+002 -4.219291113e+002 -1.4784e+000 -2.8481e+000 -1.2691e+000
213 0 +5.434777955e+001 -5.145322205e+002 -5.145322205e+002 -4.1123e+000 -2.4328e+000 -1.2615e+000
251 0 +2.600258150e+001 -5.428774185e+002 -5.428774185e+002 -1.3998e+000 -2.6417e+000 -1.2617e+000
318 0 +1.019577001e+001 -5.586842300e+002 -5.586842300e+002 -7.4297e-001 -2.5541e+000 -1.2630e+000
362 0 +3.046607624e+000 -5.658333924e+002 -5.658333924e+002 +9.9740e-001 -2.5556e+000 -1.2637e+000
394 0 +1.478656608e+000 -5.674013434e+002 -5.674013434e+002 +2.7148e+000 -2.5617e+000 -1.2643e+000
417 0 +8.020451055e-001 -5.680779549e+002 -5.680779549e+002 +3.0037e+000 -2.5580e+000 -1.2636e+000
421 0 +2.965209194e-001 -5.685834791e+002 -5.685834791e+002 +2.0041e+000 -2.5364e+000 -1.2630e+000
467 0 +7.371918301e-002 -5.688062808e+002 -5.688062808e+002 +2.5961e+000 -2.5387e+000 -1.2634e+000
474 0 +4.851929634e-002 -5.688314807e+002 -5.688314807e+002 +2.4558e+000 -2.5427e+000 -1.2634e+000
544 0 +2.089523713e-002 -5.688591048e+002 -5.688591048e+002 +2.3878e+000 -2.5459e+000 -1.2632e+000
574 0 +1.427026657e-002 -5.688657297e+002 -5.688657297e+002 +2.3878e+000 -2.5453e+000 -1.2632e+000
590 0 +1.445919708e-003 -5.688785541e+002 -5.688785541e+002 +2.4519e+000 -2.5434e+000 -1.2632e+000
655 0 +6.106972332e-004 -5.688793893e+002 -5.688793893e+002 +2.4529e+000 -2.5420e+000 -1.2632e+000
742 0 +4.771587737e-005 -5.688799523e+002 -5.688799523e+002 +2.4718e+000 -2.5423e+000 -1.2632e+000
758 0 +1.781583376e-005 -5.688799822e+002 -5.688799822e+002 +2.4714e+000 -2.5423e+000 -1.2632e+000
820 0 +9.100078273e-006 -5.688799909e+002 -5.688799909e+002 +2.4695e+000 -2.5424e+000 -1.2632e+000
866 0 +8.872071930e-007 -5.688799991e+002 -5.688799991e+002 +2.4713e+000 -2.5424e+000 -1.2632e+000
900 0 +8.218663652e-007 -5.688799992e+002 -5.688799992e+002 +2.4711e+000 -2.5424e+000 -1.2632e+000
906 0 +9.095344922e-008 -5.688799999e+002 -5.688799999e+002 +2.4721e+000 -2.5424e+000 -1.2632e+000
1033 0 +8.722054190e-010 -5.688800000e+002 -5.688800000e+002 +2.4720e+000 -2.5424e+000 -1.2632e+000
% f evaluations | g evaluations | best noise-free fitness - Fopt (2.069000000000e+001) + sum g_i+ | measured fitness | best measured fitness or single-digit g-values | x1 | x2...
1 0 +5.133507247e+006 +5.133527937e+006 +5.133527937e+006 -1.2638e+000 -6.5956e-001 -7.8698e-001
4 0 +4.129468931e+005 +4.129675831e+005 +4.129675831e+005 +1.3958e+000 -1.5772e+000 +8.3397e-001
9 0 +8.903137146e+003 +8.923827146e+003 +8.923827146e+003 -1.3642e+000 +6.3733e-001 +1.6235e+000
11 0 +7.136151595e+001 +9.205151595e+001 +9.205151595e+001 -3.5890e+000 +1.3924e-002 +1.5331e+000
197 0 +6.235232938e+001 +8.304232938e+001 +8.304232938e+001 -1.2469e+000 +2.0602e-001 +1.5278e+000
312 0 +5.227246695e+001 +7.296246695e+001 +7.296246695e+001 -2.1672e+000 +2.9462e-001 +1.5351e+000
313 0 +2.153056646e+001 +4.222056646e+001 +4.222056646e+001 -7.5798e-001 +1.2945e-001 +1.5342e+000
446 0 +2.077777303e+001 +4.146777303e+001 +4.146777303e+001 -1.0240e-001 +8.6670e-002 +1.5349e+000
470 0 +1.078096930e+001 +3.147096930e+001 +3.147096930e+001 +2.2900e+000 +1.1400e-001 +1.5359e+000
496 0 +2.431646427e+000 +2.312164643e+001 +2.312164643e+001 +2.3952e+000 +1.5051e-001 +1.5338e+000
515 0 +1.271209576e-001 +2.081712096e+001 +2.081712096e+001 +4.0916e+000 +1.4730e-001 +1.5337e+000
555 0 +5.744712054e-003 +2.069574471e+001 +2.069574471e+001 +3.7342e+000 +1.5465e-001 +1.5336e+000
632 0 +2.735167395e-004 +2.069027352e+001 +2.069027352e+001 +3.8207e+000 +1.5364e-001 +1.5336e+000
778 0 +1.040146469e-005 +2.069001040e+001 +2.069001040e+001 +3.8056e+000 +1.5369e-001 +1.5336e+000
979 0 +1.053044631e-006 +2.069000105e+001 +2.069000105e+001 +3.8053e+000 +1.5358e-001 +1.5336e+000
1113 0 +3.270565010e-007 +2.069000033e+001 +2.069000033e+001 +3.8052e+000 +1.5359e-001 +1.5336e+000
1166 0 +6.258456153e-008 +2.069000006e+001 +2.069000006e+001 +3.8055e+000 +1.5359e-001 +1.5336e+000
1197 0 +1.506830571e-008 +2.069000002e+001 +2.069000002e+001 +3.8057e+000 +1.5360e-001 +1.5336e+000
1237 0 +5.677147641e-009 +2.069000001e+001 +2.069000001e+001 +3.8056e+000 +1.5360e-001 +1.5336e+000
% f evaluations | g evaluations | best noise-free fitness - Fopt (5.616700000000e+002) + sum g_i+ | measured fitness | best measured fitness or single-digit g-values | x1 | x2...
1 0 +4.275650461e+006 +4.276212131e+006 +4.276212131e+006 +2.6841e+000 -2.7393e+000 -4.4248e+000
2 0 +1.733993733e+006 +1.734555403e+006 +1.734555403e+006 +2.7638e-001 +9.5731e-001 -3.5865e+000
8 0 +3.188349024e+005 +3.193965724e+005 +3.193965724e+005 -5.0000e+000 +3.1760e-001 -2.9656e+000
9 0 +2.933540592e+004 +2.989707592e+004 +2.989707592e+004 +5.0000e+000 +5.0000e+000 -2.2985e+000
11 0 +2.323377105e+004 +2.379544105e+004 +2.379544105e+004 -4.5964e-002 +2.8552e-001 -2.2061e+000
12 0 +6.230864489e+003 +6.792534489e+003 +6.792534489e+003 -1.0391e+000 -1.1260e-001 -2.2807e+000
138 0 +3.877414988e+003 +4.439084988e+003 +4.439084988e+003 +4.0150e-001 -3.9814e-001 -2.4289e+000
161 0 +5.218358980e+001 +6.138535898e+002 +6.138535898e+002 +4.5725e+000 -2.1472e-001 -2.3642e+000
235 0 +1.971478089e+001 +5.813847809e+002 +5.813847809e+002 +1.3812e+000 -1.5028e-001 -2.3655e+000
330 0 +1.746456014e+001 +5.791345601e+002 +5.791345601e+002 -1.9199e-001 -2.3268e-001 -2.3607e+000
365 0 +1.627417793e+001 +5.779441779e+002 +5.779441779e+002 +8.8299e-001 -7.0689e-002 -2.3649e+000
388 0 +1.514226117e+001 +5.768122612e+002 +5.768122612e+002 +7.3794e-001 -1.8341e-001 -2.3604e+000
402 0 +9.922843951e+000 +5.715928440e+002 +5.715928440e+002 -1.2067e+000 -1.7888e-001 -2.3600e+000
455 0 +8.663597214e+000 +5.703335972e+002 +5.703335972e+002 -1.3171e+000 -7.0689e-002 -2.3649e+000
460 0 +7.137435002e+000 +5.688074350e+002 +5.688074350e+002 -3.9812e-001 -1.9455e-001 -2.3632e+000
462 0 +2.478129428e+000 +5.641481294e+002 +5.641481294e+002 -5.9733e-001 -1.3746e-001 -2.3633e+000
478 0 +4.114833348e-002 +5.617111483e+002 +5.617111483e+002 -1.7357e+000 -1.2081e-001 -2.3622e+000
521 0 +9.009536707e-003 +5.616790095e+002 +5.616790095e+002 -1.7620e+000 -1.1790e-001 -2.3624e+000
617 0 +3.903814204e-003 +5.616739038e+002 +5.616739038e+002 -1.6885e+000 -1.1991e-001 -2.3625e+000
715 0 +1.073719422e-003 +5.616710737e+002 +5.616710737e+002 -1.6857e+000 -1.1963e-001 -2.3624e+000
747 0 +3.320373219e-005 +5.616700332e+002 +5.616700332e+002 -1.6985e+000 -1.1997e-001 -2.3624e+000
767 0 +2.555009348e-005 +5.616700256e+002 +5.616700256e+002 -1.7022e+000 -1.1993e-001 -2.3624e+000
850 0 +1.312428617e-005 +5.616700131e+002 +5.616700131e+002 -1.6993e+000 -1.2008e-001 -2.3624e+000
893 0 +5.326606924e-006 +5.616700053e+002 +5.616700053e+002 -1.7011e+000 -1.1999e-001 -2.3624e+000
934 0 +2.131279984e-006 +5.616700021e+002 +5.616700021e+002 -1.6997e+000 -1.2002e-001 -2.3624e+000
980 0 +7.447174539e-007 +5.616700007e+002 +5.616700007e+002 -1.7010e+000 -1.1998e-001 -2.3624e+000
1002 0 +2.843793254e-007 +5.616700003e+002 +5.616700003e+002 -1.7006e+000 -1.1999e-001 -2.3624e+000
1027 0 +1.601580379e-007 +5.616700002e+002 +5.616700002e+002 -1.7007e+000 -1.2001e-001 -2.3624e+000
1075 0 +1.458970473e-007 +5.616700001e+002 +5.616700001e+002 -1.7005e+000 -1.2000e-001 -2.3624e+000
1114 0 +9.254438282e-008 +5.616700001e+002 +5.616700001e+002 -1.7007e+000 -1.2000e-001 -2.3624e+000
1162 0 +8.070514923e-009 +5.616700000e+002 +5.616700000e+002 -1.7008e+000 -1.2000e-001 -2.3624e+000
