% f evaluations | g evaluations | best noise-free fitness - Fopt (1.000000000000e+003) + sum g_i+ | measured fitness | best measured fitness or single-digit g-values | x1 | x2...
1 0 +1.473988845e+003 +2.473988845e+003 +2.473988845e+003 +2.7645e+000 +4.4563e+000 -6.0967e-001
2 0 +3.920246994e+002 +1.392024699e+003 +1.392024699e+003 +4.7543e+000 +1.2493e+000 +3.9154e+000
3 0 +3.657409894e+002 +1.365740989e+003 +1.365740989e+003 -2.1701e+000 +4.3726e+000 -1.1147e+000
4 0 +1.270102507e+002 +1.127010251e+003 +1.127010251e+003 +4.8582e-001 +4.2331e+000 +3.6983e+000
8 0 +7.944144977e+001 +1.079441450e+003 +1.079441450e+003 -5.0000e+000 +7.0573e-001 +2.3787e+000
9 0 +4.494724582e+001 +1.044947246e+003 +1.044947246e+003 -1.2141e+000 +2.0924e+000 +4.3908e+000
20 0 +4.401012151e+001 +1.044010122e+003 +1.044010122e+003 -4.0232e+000 +4.7576e+000 +2.9359e+000
21 0 +4.092373602e+001 +1.040923736e+003 +1.040923736e+003 -2.5347e+000 +1.5505e+000 +4.8960e+000
27 0 +2.869314808e+001 +1.028693148e+003 +1.028693148e+003 -1.2631e+000 +3.4696e+000 +4.6197e+000
39 0 +1.333479209e+001 +1.013334792e+003 +1.013334792e+003 -1.2631e+000 +3.4696e+000 +4.9588e+000
51 0 +1.127742963e+001 +1.011277430e+003 +1.011277430e+003 -1.2990e+000 +3.4736e+000 +4.9926e+000
99 0 +9.302378332e+000 +1.009302378e+003 +1.009302378e+003 -7.5323e-001 +3.2496e+000 +4.9796e+000
113 0 +7.663298104e+000 +1.007663298e+003 +1.007663298e+003 -2.4138e+000 +3.5536e+000 +4.3030e+000
219 0 +5.193991876e+000 +1.005193992e+003 +1.005193992e+003 -3.1099e+000 +3.9450e+000 +3.8643e+000
294 0 +3.638913027e+000 +1.003638913e+003 +1.003638913e+003 -2.3682e+000 +3.4804e+000 +4.2545e+000
399 0 +3.254531824e+000 +1.003254532e+003 +1.003254532e+003 -3.1220e+000 +3.9394e+000 +3.8296e+000
484 0 +2.405223097e+000 +1.002405223e+003 +1.002405223e+003 -2.4252e+000 +3.5978e+000 +4.2168e+000
544 0 +2.321197394e+000 +1.002321197e+003 +1.002321197e+003 -2.4190e+000 +3.5941e+000 +4.2204e+000
712 0 +2.211756821e+000 +1.002211757e+003 +1.002211757e+003 -2.4158e+000 +3.5940e+000 +4.2329e+000
724 0 +2.179845273e+000 +1.002179845e+003 +1.002179845e+003 -2.4111e+000 +3.5938e+000 +4.2372e+000
775 0 +2.105520551e+000 +1.002105521e+003 +1.002105521e+003 -2.4093e+000 +3.5885e+000 +4.2380e+000
811 0 +2.063067222e+000 +1.002063067e+003 +1.002063067e+003 -2.4069e+000 +3.5848e+000 +4.2427e+000
839 0 +2.014702787e+000 +1.002014703e+003 +1.002014703e+003 -2.3932e+000 +3.5801e+000 +4.2486e+000
881 0 +1.993703926e+000 +1.001993704e+003 +1.001993704e+003 -2.3925e+000 +3.5730e+000 +4.2526e+000
4219 0 +1.834403425e+000 +1.001834403e+003 +1.001834403e+003 -3.3701e+000 +2.5715e+000 +3.6041e+000
4284 0 +1.639527125e+000 +1.001639527e+003 +1.001639527e+003 -2.3745e+000 +2.6455e+000 +4.0265e+000
4298 0 +1.107072732e+000 +1.001107073e+003 +1.001107073e+003 -3.3519e+000 +2.5461e+000 +3.6446e+000
4514 0 +1.089760175e+000 +1.001089760e+003 +1.001089760e+003 -3.3353e+000 +2.5559e+000 +3.6522e+000
4521 0 +1.041254654e+000 +1.001041255e+003 +1.001041255e+003 -3.3340e+000 +2.5396e+000 +3.6497e+000
4567 0 +1.011275158e+000 +1.001011275e+003 +1.001011275e+003 -2.3480e+000 +2.6327e+000 +4.0314e+000
4879 0 +9.977148612e-001 +1.000997715e+003 +1.000997715e+003 -3.3390e+000 +2.5456e+000 +3.6467e+000
6689 0 +4.012786553e-001 +1.000401279e+003 +1.000401279e+003 -3.0544e+000 +3.0130e+000 +3.6213e+000
6930 0 +3.318441390e-001 +1.000331844e+003 +1.000331844e+003 -3.0275e+000 +3.0076e+000 +3.6544e+000
6999 0 +1.290986235e-001 +1.000129099e+003 +1.000129099e+003 -3.0447e+000 +3.0095e+000 +3.6514e+000
7159 0 +1.133428426e-001 +1.000113343e+003 +1.000113343e+003 -3.0439e+000 +3.0066e+000 +3.6524e+000
7239 0 +3.528611395e-002 +1.000035286e+003 +1.000035286e+003 -3.0557e+000 +3.0066e+000 +3.6437e+000
7321 0 +3.214395895e-002 +1.000032144e+003 +1.000032144e+003 -3.0508e+000 +2.9970e+000 +3.6468e+000
7410 0 +2.751100210e-002 +1.000027511e+003 +1.000027511e+003 -3.0620e+000 +3.0065e+000 +3.6382e+000
7439 0 +7.727975317e-003 +1.000007728e+003 +1.000007728e+003 -3.0613e+000 +3.0012e+000 +3.6368e+000
7499 0 +5.545872088e-003 +1.000005546e+003 +1.000005546e+003 -3.0573e+000 +2.9996e+000 +3.6408e+000
7574 0 +2.984022676e-003 +1.000002984e+003 +1.000002984e+003 -3.0542e+000 +3.0002e+000 +3.6407e+000
7612 0 +1.581267579e-003 +1.000001581e+003 +1.000001581e+003 -3.0586e+000 +3.0011e+000 +3.6387e+000
7643 0 +1.575968096e-004 +1.000000158e+003 +1.000000158e+003 -3.0574e+000 +3.0017e+000 +3.6390e+000
7661 0 +3.476916038e-005 +1.000000035e+003 +1.000000035e+003 -3.0566e+000 +3.0017e+000 +3.6393e+000
7711 0 +1.246003592e-005 +1.000000012e+003 +1.000000012e+003 -3.0567e+000 +3.0015e+000 +3.6392e+000
7725 0 +1.170221469e-005 +1.000000012e+003 +1.000000012e+003 -3.0569e+000 +3.0015e+000 +3.6391e+000
7757 0 +8.305387382e-007 +1.000000001e+003 +1.000000001e+003 -3.0568e+000 +3.0016e+000 +3.6392e+000
7774 0 +5.925006690e-007 +1.000000001e+003 +1.000000001e+003 -3.0568e+000 +3.0016e+000 +3.6392e+000
7791 0 +3.987246373e-007 +1.000000000e+003 +1.000000000e+003 -3.0568e+000 +3.0016e+000 +3.6392e+000
7809 0 +1.020508762e-007 +1.000000000e+003 +1.000000000e+003 -3.0568e+000 +3.0016e+000 +3.6392e+000
7896 0 +4.734829417e-009 +1.000000000e+003 +1.000000000e+003 -3.0568e+000 +3.0016e+000 +3.6392e+000
% f evaluations | g evaluations | best noise-free fitness - Fopt (7.003000000000e+001) + sum g_i+ | measured fitness | best measured fitness or single-digit g-values | x1 | x2...
1 0 +5.519537951e+001 +1.252253795e+002 +1.252253795e+002 +1.1761e+000 -3.2502e+000 -3.0878e+000
20 0 +3.359556534e+001 +1.036255653e+002 +1.036255653e+002 +6.9319e-001 -9.8907e-001 -4.8106e+000
37 0 +2.655389522e+001 +9.658389522e+001 +9.658389522e+001 -3.4101e-001 -2.2815e+000 -4.6751e+000
54 0 +1.294557180e+001 +8.297557180e+001 +8.297557180e+001 -8.3209e-001 -1.5727e+000 -4.7266e+000
123 0 +9.482768479e+000 +7.951276848e+001 +7.951276848e+001 -6.5271e-001 -1.8418e+000 -4.5754e+000
127 0 +4.523436374e+000 +7.455343637e+001 +7.455343637e+001 -1.2995e+000 -2.8646e+000 -4.8563e+000
164 0 +4.426972227e+000 +7.445697223e+001 +7.445697223e+001 -8.4730e-001 -2.5675e+000 -4.0348e+000
189 0 +4.310807196e+000 +7.434080720e+001 +7.434080720e+001 -6.1571e-001 -2.7017e+000 -3.6635e+000
346 0 +3.419646490e+000 +7.344964649e+001 +7.344964649e+001 -2.6321e-001 -1.8319e+000 -4.1009e+000
466 0 +1.403406199e+000 +7.143340620e+001 +7.143340620e+001 -3.0738e-001 -1.8980e+000 -4.1009e+000
688 0 +1.217133379e+000 +7.124713338e+001 +7.124713338e+001 -3.1139e-001 -1.8877e+000 -4.0748e+000
694 0 +1.138430444e+000 +7.116843044e+001 +7.116843044e+001 -3.0738e-001 -1.8859e+000 -4.0798e+000
754 0 +1.120479436e+000 +7.115047944e+001 +7.115047944e+001 -3.0738e-001 -1.8859e+000 -4.0920e+000
761 0 +1.071870483e+000 +7.110187048e+001 +7.110187048e+001 -3.0860e-001 -1.8642e+000 -4.0965e+000
805 0 +9.993147103e-001 +7.102931471e+001 +7.102931471e+001 -3.1502e-001 -1.8766e+000 -4.0915e+000
4266 0 +8.844280496e-001 +7.091442805e+001 +7.091442805e+001 -8.5655e-001 -2.4824e+000 -4.0172e+000
4403 0 +4.935421518e-001 +7.052354215e+001 +7.052354215e+001 -8.4753e-001 -2.4865e+000 -4.0092e+000
4650 0 +3.482733425e-001 +7.037827334e+001 +7.037827334e+001 -8.3019e-001 -2.4626e+000 -3.9711e+000
4663 0 +2.651270673e-001 +7.029512707e+001 +7.029512707e+001 -8.4716e-001 -2.4742e+000 -3.9875e+000
4789 0 +5.802303295e-002 +7.008802303e+001 +7.008802303e+001 -8.5825e-001 -2.4973e+000 -3.9851e+000
4826 0 +4.355418570e-002 +7.007355419e+001 +7.007355419e+001 -8.4630e-001 -2.4972e+000 -3.9852e+000
4843 0 +2.524569319e-002 +7.005524569e+001 +7.005524569e+001 -8.4832e-001 -2.4925e+000 -3.9875e+000
4898 0 +4.462261161e-003 +7.003446226e+001 +7.003446226e+001 -8.4902e-001 -2.4966e+000 -3.9831e+000
4902 0 +1.433787554e-004 +7.003014338e+001 +7.003014338e+001 -8.5063e-001 -2.4959e+000 -3.9821e+000
4936 0 +1.166705946e-004 +7.003011667e+001 +7.003011667e+001 -8.5057e-001 -2.4959e+000 -3.9828e+000
4956 0 +9.141788927e-005 +7.003009142e+001 +7.003009142e+001 -8.5032e-001 -2.4956e+000 -3.9822e+000
5012 0 +1.302523278e-005 +7.003001303e+001 +7.003001303e+001 -8.5044e-001 -2.4961e+000 -3.9826e+000
5051 0 +1.282784906e-005 +7.003001283e+001 +7.003001283e+001 -8.5052e-001 -2.4961e+000 -3.9825e+000
5094 0 +1.073118915e-005 +7.003001073e+001 +7.003001073e+001 -8.5041e-001 -2.4959e+000 -3.9825e+000
5117 0 +3.708201604e-007 +7.003000037e+001 +7.003000037e+001 -8.5042e-001 -2.4960e+000 -3.9824e+000
5148 0 +7.137722946e-008 +7.003000007e+001 +7.003000007e+001 -8.5039e-001 -2.4960e+000 -3.9824e+000
5188 0 +3.082115541e-008 +7.003000003e+001 +7.003000003e+001 -8.5039e-001 -2.4960e+000 -3.9824e+000
5236 0 +1.329321719e-008 +7.003000001e+001 +7.003000001e+001 -8.5040e-001 -2.4960e+000 -3.9824e+000
5261 0 +6.864880220e-009 +7.003000001e+001 +7.003000001e+001 -8.5040e-001 -2.4960e+000 -3.9824e+000
% f evaluations | g evaluations | best noise-free fitness - Fopt (-4.822000000000e+001) + sum g_i+ | measured fitness | best measured fitness or single-digit g-values | x1 | x2...
1 0 +8.774942589e+002 +8.292742589e+002 +8.292742589e+002 -1.1062e+000 +2.9170e+000 +2.2320e+000
4 0 +3.012440952e+002 +2.530240952e+002 +2.530240952e+002 +4.0324e-001 +1.3736e+000 -1.5499e-001
6 0 +4.194819666e+001 -6.271803340e+000 -6.271803340e+000 -6.7427e-001 -1.4982e+000 -2.6943e+000
16 0 +3.672458302e+001 -1.149541698e+001 -1.149541698e+001 -3.9265e+000 -4.4298e-002 -1.0038e+000
30 0 +2.865144055e+001 -1.956855945e+001 -1.956855945e+001 -1.3381e+000 -2.8242e-001 -1.0617e+000
69 0 +2.542221744e+001 -2.279778256e+001 -2.279778256e+001 -1.2530e+000 -1.2427e+000 -3.9921e+000
78 0 +1.792358608e+001 -3.029641392e+001 -3.029641392e+001 -3.8669e+000 -1.8599e-001 -1.0606e-001
128 0 +1.611885207e+001 -3.210114793e+001 -3.210114793e+001 -2.9356e+000 -2.0309e-001 -1.2817e+000
155 0 +6.645527403e+000 -4.157447260e+001 -4.157447260e+001 -2.4267e+000 -5.6472e-001 -1.7833e+000
174 0 +6.112356298e+000 -4.210764370e+001 -4.210764370e+001 -1.9381e+000 -1.8599e-001 -2.7362e+000
345 0 +5.644014833e+000 -4.257598517e+001 -4.257598517e+001 -1.6866e+000 -1.6902e+000 -2.3112e+000
367 0 +5.295692879e+000 -4.292430712e+001 -4.292430712e+001 -2.2101e+000 -1.3446e+000 -1.8539e+000
439 0 +5.124164292e+000 -4.309583571e+001 -4.309583571e+001 -2.2014e+000 -1.3446e+000 -1.8539e+000
475 0 +3.090629885e+000 -4.512937012e+001 -4.512937012e+001 -2.2277e+000 -1.3800e+000 -1.7768e+000
492 0 +2.898741246e+000 -4.532125875e+001 -4.532125875e+001 -1.9126e+000 -9.7893e-001 -2.2060e+000
504 0 +2.506536905e+000 -4.571346310e+001 -4.571346310e+001 -1.9147e+000 -9.8744e-001 -2.1864e+000
528 0 +2.255142372e+000 -4.596485763e+001 -4.596485763e+001 -1.9121e+000 -9.8273e-001 -2.1864e+000
648 0 +1.467104502e+000 -4.675289550e+001 -4.675289550e+001 -1.9002e+000 -9.9430e-001 -2.1809e+000
855 0 +2.476378710e-001 -4.797236213e+001 -4.797236213e+001 -1.8368e+000 -1.0099e+000 -2.2218e+000
894 0 +7.447239533e-002 -4.814552760e+001 -4.814552760e+001 -1.8384e+000 -1.0154e+000 -2.2451e+000
978 0 +3.308972733e-002 -4.818691027e+001 -4.818691027e+001 -1.8384e+000 -1.0088e+000 -2.2451e+000
1098 0 +2.511373345e-002 -4.819488627e+001 -4.819488627e+001 -1.8394e+000 -1.0102e+000 -2.2421e+000
1122 0 +1.437865141e-002 -4.820562135e+001 -4.820562135e+001 -1.8394e+000 -1.0106e+000 -2.2398e+000
1165 0 +1.111588551e-002 -4.820888411e+001 -4.820888411e+001 -1.8459e+000 -1.0040e+000 -2.2313e+000
1173 0 +3.775539792e-004 -4.821962245e+001 -4.821962245e+001 -1.8426e+000 -1.0075e+000 -2.2343e+000
1203 0 +3.634830095e-004 -4.821963652e+001 -4.821963652e+001 -1.8417e+000 -1.0069e+000 -2.2356e+000
1256 0 +1.855400634e-004 -4.821981446e+001 -4.821981446e+001 -1.8426e+000 -1.0069e+000 -2.2347e+000
1281 0 +2.306889279e-005 -4.821997693e+001 -4.821997693e+001 -1.8425e+000 -1.0071e+000 -2.2352e+000
1286 0 +9.693910087e-006 -4.821999031e+001 -4.821999031e+001 -1.8425e+000 -1.0071e+000 -2.2351e+000
1343 0 +2.472797753e-006 -4.821999753e+001 -4.821999753e+001 -1.8425e+000 -1.0072e+000 -2.2352e+000
1351 0 +1.184811488e-006 -4.821999882e+001 -4.821999882e+001 -1.8424e+000 -1.0072e+000 -2.2352e+000
1363 0 +3.395247887e-007 -4.821999966e+001 -4.821999966e+001 -1.8424e+000 -1.0072e+000 -2.2352e+000
1377 0 +1.401226513e-007 -4.821999986e+001 -4.821999986e+001 -1.8424e+000 -1.0072e+000 -2.2352e+000
1390 0 +4.409698562e-008 -4.821999996e+001 -4.821999996e+001 -1.8424e+000 -1.0072e+000 -2.2352e+000
1430 0 +2.865668591e-009 -4.822000000e+001 -4.822000000e+001 -1.8424e+000 -1.0072e+000 -2.2352e+000
% f evaluations | g evaluations | best noise-free fitness - Fopt (2.547000000000e+001) + sum g_i+ | measured fitness | best measured fitness or single-digit g-values | x1 | x2...
1 0 +3.794369701e+002 +4.049069701e+002 +4.049069701e+002 +9.5943e-001 -3.6625e-001 -8.2365e-001
4 0 +1.967118107e+002 +2.221818107e+002 +2.221818107e+002 +9.6290e-001 -2.2370e+000 -5.7203e-001
6 0 +4.313823404e+001 +6.860823404e+001 +6.860823404e+001 -3.7229e+000 -2.5059e+000 -3.6808e+000
8 0 +3.952944162e+001 +6.499944162e+001 +6.499944162e+001 -5.0000e+000 -1.8961e+000 -4.9056e-002
24 0 +2.277114921e+001 +4.824114921e+001 +4.824114921e+001 -4.1721e+000 -8.5518e-001 -1.9823e+000
30 0 +2.041391996e+001 +4.588391996e+001 +4.588391996e+001 -3.3980e+000 -6.0154e-001 -2.0758e+000
52 0 +1.872987768e+001 +4.419987768e+001 +4.419987768e+001 -4.2029e+000 -5.7008e-001 -3.2025e+000
96 0 +1.409781924e+001 +3.956781924e+001 +3.956781924e+001 -4.0289e+000 -1.0542e+000 -2.5990e+000
113 0 +1.357197379e+001 +3.904197379e+001 +3.904197379e+001 -3.6677e+000 -1.3174e+000 -8.0884e-001
115 0 +9.537773458e+000 +3.500777346e+001 +3.500777346e+001 -3.6148e+000 -1.4027e+000 -1.9585e+000
131 0 +6.220690782e+000 +3.169069078e+001 +3.169069078e+001 -3.8912e+000 -1.8631e+000 -2.1135e+000
159 0 +2.182960960e+000 +2.765296096e+001 +2.765296096e+001 -4.1448e+000 -1.6627e+000 -1.6716e+000
471 0 +1.274684391e+000 +2.674468439e+001 +2.674468439e+001 -4.1214e+000 -1.6859e+000 -1.7004e+000
604 0 +1.254010460e+000 +2.672401046e+001 +2.672401046e+001 -4.1050e+000 -1.6952e+000 -1.6973e+000
640 0 +1.020192212e+000 +2.649019221e+001 +2.649019221e+001 -4.1050e+000 -1.6781e+000 -1.6741e+000
791 0 +9.978584523e-001 +2.646785845e+001 +2.646785845e+001 -4.1055e+000 -1.6833e+000 -1.6680e+000
7500 0 +6.217266099e-001 +2.609172661e+001 +2.609172661e+001 -3.7966e+000 -1.8829e+000 -1.1661e+000
7542 0 +1.049086070e-001 +2.557490861e+001 +2.557490861e+001 -3.7790e+000 -1.9203e+000 -1.1465e+000
7741 0 +5.493636183e-002 +2.552493636e+001 +2.552493636e+001 -3.7922e+000 -1.9075e+000 -1.1673e+000
7764 0 +2.178374574e-002 +2.549178375e+001 +2.549178375e+001 -3.7857e+000 -1.9066e+000 -1.1725e+000
7766 0 +2.057730526e-002 +2.549057731e+001 +2.549057731e+001 -3.7876e+000 -1.9064e+000 -1.1696e+000
7801 0 +1.366570563e-003 +2.547136657e+001 +2.547136657e+001 -3.7844e+000 -1.9112e+000 -1.1640e+000
7839 0 +6.597733246e-004 +2.547065977e+001 +2.547065977e+001 -3.7845e+000 -1.9125e+000 -1.1648e+000
7846 0 +6.284543853e-005 +2.547006285e+001 +2.547006285e+001 -3.7847e+000 -1.9120e+000 -1.1645e+000
7859 0 +6.654355978e-006 +2.547000665e+001 +2.547000665e+001 -3.7848e+000 -1.9119e+000 -1.1641e+000
7920 0 +3.652922320e-006 +2.547000365e+001 +2.547000365e+001 -3.7848e+000 -1.9119e+000 -1.1641e+000
7927 0 +2.056163677e-006 +2.547000206e+001 +2.547000206e+001 -3.7848e+000 -1.9119e+000 -1.1641e+000
7943 0 +6.532870387e-007 +2.547000065e+001 +2.547000065e+001 -3.7848e+000 -1.9120e+000 -1.1640e+000
7970 0 +3.190474764e-007 +2.547000032e+001 +2.547000032e+001 -3.7848e+000 -1.9120e+000 -1.1640e+000
8023 0 +1.562145968e-008 +2.547000002e+001 +2.547000002e+001 -3.7848e+000 -1.9120e+000 -1.1640e+000
8058 0 +7.083770015e-009 +2.547000001e+001 +2.547000001e+001 -3.7848e+000 -1.9120e+000 -1.1640e+000
% f evaluations | g evaluations | best noise-free fitness - Fopt (-1.008100000000e+002) + sum g_i+ | measured fitness | best measured fitness or single-digit g-values | x1 | x2...
1 0 +2.290022517e+002 +1.281922517e+002 +1.281922517e+002 +4.1447e-001 -3.6456e+000 +4.0336e+000
7 0 +6.159277053e+001 -3.921722947e+001 -3.921722947e+001 -7.1212e-001 -4.0189e-001 +7.1560e-001
9 0 +2.064792234e+001 -8.016207766e+001 -8.016207766e+001 +2.0283e-001 +9.5741e-001 +2.6010e+000
12 0 +1.244444874e+001 -8.836555126e+001 -8.836555126e+001 +2.5936e-001 +1.6065e+000 +2.0743e+000
119 0 +8.190928314e+000 -9.261907169e+001 -9.261907169e+001 -2.9270e-001 +1.6785e+000 +1.0411e+000
136 0 +6.438208560e+000 -9.437179144e+001 -9.437179144e+001 +8.8211e-001 +1.1838e+000 +1.1449e+000
147 0 +3.999230793e+000 -9.681076921e+001 -9.681076921e+001 +4.8597e-001 +1.3267e+000 +1.4846e+000
157 0 +3.893895374e+000 -9.691610463e+001 -9.691610463e+001 +9.2562e-001 +8.6568e-001 +2.0819e+000
346 0 +3.652185175e+000 -9.715781483e+001 -9.715781483e+001 +2.9882e-001 +1.1295e+000 +1.0100e+000
394 0 +1.113512146e+000 -9.969648785e+001 -9.969648785e+001 +2.9878e-001 +1.0802e+000 +1.1213e+000
478 0 +1.003372933e+000 -9.980662707e+001 -9.980662707e+001 +2.9378e-001 +1.0895e+000 +1.0960e+000
1006 0 +9.968248938e-001 -9.981317511e+001 -9.981317511e+001 +2.9378e-001 +1.0895e+000 +1.0918e+000
6851 0 +6.951332409e-001 -1.001148668e+002 -1.001148668e+002 +1.0015e+000 +4.9946e-001 +1.3629e+000
6915 0 +1.455921322e-001 -1.006644079e+002 -1.006644079e+002 +1.0000e+000 +4.7338e-001 +1.3377e+000
7092 0 +1.430740567e-001 -1.006669259e+002 -1.006669259e+002 +9.8028e-001 +4.9460e-001 +1.3432e+000
7138 0 +9.172249723e-002 -1.007182775e+002 -1.007182775e+002 +9.9915e-001 +4.8141e-001 +1.3441e+000
7153 0 +8.575027262e-002 -1.007242497e+002 -1.007242497e+002 +9.8911e-001 +4.8526e-001 +1.3401e+000
7159 0 +4.580149432e-002 -1.007641985e+002 -1.007641985e+002 +1.0019e+000 +4.7751e-001 +1.3327e+000
7161 0 +3.213044057e-002 -1.007778696e+002 -1.007778696e+002 +9.8479e-001 +4.8973e-001 +1.3271e+000
7175 0 +9.708178356e-003 -1.008002918e+002 -1.008002918e+002 +9.9238e-001 +4.8805e-001 +1.3302e+000
7186 0 +1.229183842e-003 -1.008087708e+002 -1.008087708e+002 +9.9162e-001 +4.8732e-001 +1.3326e+000
7214 0 +8.920440746e-005 -1.008099108e+002 -1.008099108e+002 +9.9155e-001 +4.8818e-001 +1.3333e+000
7282 0 +8.387131876e-005 -1.008099161e+002 -1.008099161e+002 +9.9169e-001 +4.8808e-001 +1.3333e+000
7363 0 +2.896996997e-005 -1.008099710e+002 -1.008099710e+002 +9.9167e-001 +4.8819e-001 +1.3335e+000
7387 0 +1.534571524e-006 -1.008099985e+002 -1.008099985e+002 +9.9203e-001 +4.8796e-001 +1.3336e+000
7451 0 +9.157213725e-007 -1.008099991e+002 -1.008099991e+002 +9.9204e-001 +4.8798e-001 +1.3336e+000
7479 0 +4.500165716e-007 -1.008099995e+002 -1.008099995e+002 +9.9198e-001 +4.8803e-001 +1.3336e+000
7515 0 +4.083787530e-008 -1.008100000e+002 -1.008100000e+002 +9.9201e-001 +4.8799e-001 +1.3336e+000
7531 0 +4.052751024e-009 -1.008100000e+002 -1.008100000e+002 +9.9200e-001 +4.8800e-001 +1.3336e+000
% f evaluations | g evaluations | best noise-free fitness - Fopt (-3.531300000000e+002) + sum g_i+ | measured fitness | best measured fitness or single-digit g-values | x1 | x2...
1 0 +9.632273673e+001 -2.568072633e+002 -2.568072633e+002 -1.5663e+000 +4.1802e+000 +1.3338e+000
2 0 +3.215433576e+001 -3.209756642e+002 -3.209756642e+002 -3.5364e+000 +1.3819e+000 -3.9562e+000
23 0 +2.698500979e+001 -3.261449902e+002 -3.261449902e+002 +2.7257e-001 -8.5488e-003 +3.9135e-001
33 0 +2.670907189e+001 -3.264209281e+002 -3.264209281e+002 -2.0482e+000 +1.0494e-001 -9.5210e-001
48 0 +1.892071607e+001 -3.342092839e+002 -3.342092839e+002 -2.0519e+000 +1.7993e+000 -2.1990e+000
92 0 +1.634094092e+001 -3.367890591e+002 -3.367890591e+002 -1.3843e+000 +2.4300e-001 -2.6413e+000
103 0 +8.008775744e+000 -3.451212243e+002 -3.451212243e+002 -3.3406e+000 +7.6175e-001 -3.2716e+000
104 0 +6.691173927e+000 -3.464388261e+002 -3.464388261e+002 -1.1539e+000 +1.3480e-001 -1.8398e+000
287 0 +4.000856952e+000 -3.491291430e+002 -3.491291430e+002 -2.2522e+000 +5.9574e-001 -2.5162e+000
369 0 +2.387700886e+000 -3.507422991e+002 -3.507422991e+002 -2.1588e+000 +5.0174e-001 -1.8882e+000
442 0 +1.409748912e+000 -3.517202511e+002 -3.517202511e+002 -2.2196e+000 +4.9278e-001 -2.0627e+000
645 0 +3.766240218e-001 -3.527533760e+002 -3.527533760e+002 -2.1954e+000 +4.9710e-001 -1.9879e+000
813 0 +3.572630810e-001 -3.527727369e+002 -3.527727369e+002 -2.1901e+000 +4.9710e-001 -1.9774e+000
835 0 +2.378417677e-001 -3.528921582e+002 -3.528921582e+002 -2.1937e+000 +4.9348e-001 -1.9942e+000
865 0 +1.483848735e-001 -3.529816151e+002 -3.529816151e+002 -2.1929e+000 +5.0639e-001 -1.9984e+000
868 0 +3.796786998e-002 -3.530920321e+002 -3.530920321e+002 -2.1755e+000 +5.0345e-001 -1.9807e+000
885 0 +6.754977587e-003 -3.531232450e+002 -3.531232450e+002 -2.1789e+000 +5.0024e-001 -1.9886e+000
949 0 +5.717346675e-003 -3.531242827e+002 -3.531242827e+002 -2.1808e+000 +5.0009e-001 -1.9902e+000
951 0 +2.104644672e-003 -3.531278954e+002 -3.531278954e+002 -2.1811e+000 +4.9644e-001 -1.9938e+000
955 0 +1.970025790e-003 -3.531280300e+002 -3.531280300e+002 -2.1806e+000 +4.9646e-001 -1.9944e+000
957 0 +3.364111203e-004 -3.531296636e+002 -3.531296636e+002 -2.1797e+000 +4.9723e-001 -1.9913e+000
967 0 +2.291743936e-004 -3.531297708e+002 -3.531297708e+002 -2.1800e+000 +4.9811e-001 -1.9914e+000
973 0 +7.206788177e-005 -3.531299279e+002 -3.531299279e+002 -2.1797e+000 +4.9747e-001 -1.9919e+000
999 0 +2.796721287e-005 -3.531299720e+002 -3.531299720e+002 -2.1801e+000 +4.9763e-001 -1.9920e+000
1020 0 +5.564718549e-006 -3.531299944e+002 -3.531299944e+002 -2.1801e+000 +4.9764e-001 -1.9921e+000
1022 0 +5.041467489e-006 -3.531299950e+002 -3.531299950e+002 -2.1801e+000 +4.9764e-001 -1.9921e+000
1033 0 +1.422340915e-006 -3.531299986e+002 -3.531299986e+002 -2.1800e+000 +4.9756e-001 -1.9920e+000
1050 0 +7.218474138e-007 -3.531299993e+002 -3.531299993e+002 -2.1800e+000 +4.9759e-001 -1.9920e+000
1093 0 +6.635744967e-007 -3.531299993e+002 -3.531299993e+002 -2.1800e+000 +4.9759e-001 -1.9920e+000
1097 0 +1.244529244e-007 -3.531299999e+002 -3.531299999e+002 -2.1800e+000 +4.9759e-001 -1.9920e+000
1130 0 +4.402141940e-008 -3.531300000e+002 -3.531300000e+002 -2.1800e+000 +4.9759e-001 -1.9920e+000
1150 0 +1.294199592e-008 -3.531300000e+002 -3.531300000e+002 -2.1800e+000 +4.9760e-001 -1.9920e+000
1183 0 +2.015042355e-009 -3.531300000e+002 -3.531300000e+002 -2.1800e+000 +4.9760e-001 -1.9920e+000
% f evaluations | g evaluations | best noise-free fitness - Fopt (8.716000000000e+001) + sum g_i+ | measured fitness | best measured fitness or single-digit g-values | x1 | x2...
1 0 +1.854400897e+002 +2.726000897e+002 +2.726000897e+002 +2.2977e+000 -2.5465e+000 +3.7538e+000
5 0 +1.455703609e+002 +2.327303609e+002 +2.327303609e+002 +5.0000e+000 -5.0000e+000 -5.0000e+000
6 0 +1.185257112e+002 +2.056857112e+002 +2.056857112e+002 +2.8380e+000 -4.9694e+000 -7.7328e-001
7 0 +6.618574851e+001 +1.533457485e+002 +1.533457485e+002 +1.2619e+000 -3.0684e+000 -4.4443e+000
11 0 +3.816647547e+001 +1.253264755e+002 +1.253264755e+002 +2.4045e+000 -2.4438e+000 -2.0458e+000
31 0 +2.427304289e+001 +1.114330429e+002 +1.114330429e+002 +2.3544e+000 -1.6475e+000 -2.4012e+000
106 0 +1.655167558e+001 +1.037116756e+002 +1.037116756e+002 +1.9757e+000 -1.5357e+000 -2.2434e+000
334 0 +1.501528912e+001 +1.021752891e+002 +1.021752891e+002 +1.4801e+000 -6.4114e-001 -2.9925e+000
344 0 +1.311228879e+001 +1.002722888e+002 +1.002722888e+002 +1.1149e+000 +2.5940e-001 -2.7613e+000
360 0 +1.023367234e+001 +9.739367234e+001 +9.739367234e+001 +1.7620e+000 -8.7479e-001 -2.7304e+000
388 0 +7.701322531e+000 +9.486132253e+001 +9.486132253e+001 +1.8060e+000 -8.7821e-001 -2.7072e+000
480 0 +6.757194278e+000 +9.391719428e+001 +9.391719428e+001 +1.4978e+000 -6.5721e-001 -2.9019e+000
502 0 +6.574449008e+000 +9.373444901e+001 +9.373444901e+001 +1.5041e+000 -7.2337e-001 -2.9300e+000
589 0 +6.357705807e+000 +9.351770581e+001 +9.351770581e+001 +1.5173e+000 -6.6929e-001 -2.9196e+000
670 0 +6.305884352e+000 +9.346588435e+001 +9.346588435e+001 +1.5033e+000 -6.7575e-001 -2.8988e+000
683 0 +5.824181467e+000 +9.298418147e+001 +9.298418147e+001 +1.7760e+000 -8.1174e-001 -2.7110e+000
688 0 +5.226655160e+000 +9.238665516e+001 +9.238665516e+001 +1.7890e+000 -7.8963e-001 -2.7044e+000
803 0 +5.054239724e+000 +9.221423972e+001 +9.221423972e+001 +1.7789e+000 -7.8047e-001 -2.6932e+000
840 0 +4.991782380e+000 +9.215178238e+001 +9.215178238e+001 +1.7799e+000 -7.7850e-001 -2.6881e+000
1294 0 +3.286827143e+000 +9.044682714e+001 +9.044682714e+001 +1.6825e+000 +1.0997e+000 -3.0735e+000
1630 0 +2.383392345e+000 +8.954339234e+001 +8.954339234e+001 +1.7102e+000 +1.0888e+000 -3.0407e+000
1658 0 +1.862771480e+000 +8.902277148e+001 +8.902277148e+001 +1.7102e+000 +1.1344e+000 -3.0430e+000
1726 0 +8.715293504e-001 +8.803152935e+001 +8.803152935e+001 +1.9608e+000 +1.0072e+000 -2.6507e+000
2023 0 +3.886343885e-001 +8.754863439e+001 +8.754863439e+001 +1.9602e+000 +1.0113e+000 -2.6661e+000
2289 0 +3.535651169e-001 +8.751356512e+001 +8.751356512e+001 +1.9631e+000 +1.0113e+000 -2.6637e+000
2291 0 +1.952360358e-001 +8.735523604e+001 +8.735523604e+001 +1.9692e+000 +1.0127e+000 -2.6714e+000
2541 0 +5.912726601e-002 +8.721912727e+001 +8.721912727e+001 +1.9694e+000 +9.9781e-001 -2.6794e+000
2546 0 +3.139926086e-002 +8.719139926e+001 +8.719139926e+001 +1.9695e+000 +9.8506e-001 -2.6880e+000
2606 0 +2.946485320e-002 +8.718946485e+001 +8.718946485e+001 +1.9684e+000 +9.8583e-001 -2.6840e+000
2627 0 +1.256081554e-002 +8.717256082e+001 +8.717256082e+001 +1.9679e+000 +9.8529e-001 -2.6879e+000
2696 0 +3.218181450e-003 +8.716321818e+001 +8.716321818e+001 +1.9667e+000 +9.8812e-001 -2.6877e+000
2711 0 +3.730539692e-005 +8.716003731e+001 +8.716003731e+001 +1.9664e+000 +9.8966e-001 -2.6893e+000
2738 0 +3.272420304e-005 +8.716003272e+001 +8.716003272e+001 +1.9663e+000 +9.8959e-001 -2.6896e+000
2778 0 +4.974465213e-006 +8.716000497e+001 +8.716000497e+001 +1.9664e+000 +9.8976e-001 -2.6896e+000
2799 0 +3.224448747e-006 +8.716000322e+001 +8.716000322e+001 +1.9664e+000 +9.8954e-001 -2.6895e+000
2822 0 +2.493941523e-006 +8.716000249e+001 +8.716000249e+001 +1.9664e+000 +9.8951e-001 -2.6896e+000
2841 0 +1.532138029e-006 +8.716000153e+001 +8.716000153e+001 +1.9664e+000 +9.8960e-001 -2.6896e+000
2872 0 +6.926519802e-008 +8.716000007e+001 +8.716000007e+001 +1.9664e+000 +9.8959e-001 -2.6896e+000
2921 0 +4.922490859e-008 +8.716000005e+001 +8.716000005e+001 +1.9664e+000 +9.8960e-001 -2.6896e+000
2945 0 +7.352142006e-009 +8.716000001e+001 +8.716000001e+001 +1.9664e+000 +9.8960e-001 -2.6896e+000
% f evaluations | g evaluations | best noise-free fitness - Fopt (-3.475000000000e+001) + sum g_i+ | measured fitness | best measured fitness or single-digit g-values | x1 | x2...
1 0 +7.352140067e+002 +7.004640067e+002 +7.004640067e+002 +4.7656e+000 -3.1488e+000 -4.3233e+000
2 0 +1.284854284e+002 +9.373542838e+001 +9.373542838e+001 -2.3794e+000 +2.3485e+000 -2.9634e+000
3 0 +1.060874981e+002 +7.133749811e+001 +7.133749811e+001 +5.5759e-001 +6.6429e-001 -2.7324e+000
4 0 +4.394635081e+001 +9.196350805e+000 +9.196350805e+000 +6.7224e-001 +4.2900e-001 +1.4827e+000
23 0 +2.804996304e+001 -6.700036961e+000 -6.700036961e+000 +1.8671e+000 +2.2380e+000 +4.3498e-001
50 0 +2.669571290e+001 -8.054287103e+000 -8.054287103e+000 +1.6754e+000 +6.7363e-001 -1.2121e+000
70 0 +2.383556550e+001 -1.091443450e+001 -1.091443450e+001 +3.2085e+000 +1.0039e+000 +1.3815e+000
71 0 +2.231766391e+001 -1.243233609e+001 -1.243233609e+001 +1.8857e+000 +2.0751e+000 +5.9666e-001
74 0 +1.740583198e+001 -1.734416802e+001 -1.734416802e+001 +2.1824e+000 +1.1829e+000 -8.1926e-001
99 0 +1.586638152e+001 -1.888361848e+001 -1.888361848e+001 +2.6730e+000 +4.1500e-001 -5.2956e-001
105 0 +1.375543397e+001 -2.099456603e+001 -2.099456603e+001 +2.4274e+000 +1.2824e+000 -1.1007e-001
113 0 +5.047278604e+000 -2.970272140e+001 -2.970272140e+001 +1.6468e+000 +2.5343e+000 -4.7484e-001
268 0 +4.316057199e+000 -3.043394280e+001 -3.043394280e+001 +1.6708e+000 +1.5094e+000 -2.3717e-001
419 0 +3.786912549e+000 -3.096308745e+001 -3.096308745e+001 +1.4644e+000 +1.5941e+000 -7.7715e-001
432 0 +3.281856080e+000 -3.146814392e+001 -3.146814392e+001 +1.9096e+000 +1.4777e+000 -7.2678e-001
601 0 +2.375176264e+000 -3.237482374e+001 -3.237482374e+001 +2.5128e+000 +2.2547e+000 +1.0174e-001
618 0 +2.270952771e+000 -3.247904723e+001 -3.247904723e+001 +2.3759e+000 +2.3870e+000 -3.9069e-001
678 0 +1.340757792e+000 -3.340924221e+001 -3.340924221e+001 +2.3404e+000 +2.3167e+000 -4.1658e-001
738 0 +2.913175349e-001 -3.445868247e+001 -3.445868247e+001 +2.3139e+000 +2.3495e+000 -4.3661e-001
786 0 +2.350766738e-001 -3.451492333e+001 -3.451492333e+001 +2.3150e+000 +2.3489e+000 -4.3348e-001
822 0 +2.087576338e-001 -3.454124237e+001 -3.454124237e+001 +2.3166e+000 +2.3545e+000 -4.3348e-001
918 0 +1.536912204e-001 -3.459630878e+001 -3.459630878e+001 +2.3253e+000 +2.3531e+000 -4.3325e-001
1385 0 +2.791571625e-002 -3.472208428e+001 -3.472208428e+001 +2.3290e+000 +2.3667e+000 -4.2151e-001
1398 0 +1.896462507e-002 -3.473103537e+001 -3.473103537e+001 +2.3355e+000 +2.3665e+000 -4.2215e-001
1574 0 +1.023419385e-002 -3.473976581e+001 -3.473976581e+001 +2.3281e+000 +2.3639e+000 -4.2327e-001
1603 0 +5.519246147e-003 -3.474448075e+001 -3.474448075e+001 +2.3337e+000 +2.3677e+000 -4.2361e-001
1642 0 +2.434716899e-003 -3.474756528e+001 -3.474756528e+001 +2.3328e+000 +2.3667e+000 -4.2366e-001
1653 0 +7.989670843e-004 -3.474920103e+001 -3.474920103e+001 +2.3312e+000 +2.3623e+000 -4.2257e-001
1665 0 +5.509034270e-004 -3.474944910e+001 -3.474944910e+001 +2.3312e+000 +2.3627e+000 -4.2292e-001
1685 0 +1.466958451e-004 -3.474985330e+001 -3.474985330e+001 +2.3310e+000 +2.3641e+000 -4.2305e-001
1702 0 +2.716767682e-006 -3.474999728e+001 -3.474999728e+001 +2.3312e+000 +2.3640e+000 -4.2324e-001
1732 0 +2.034421122e-006 -3.474999797e+001 -3.474999797e+001 +2.3312e+000 +2.3640e+000 -4.2316e-001
1744 0 +4.798506623e-007 -3.474999952e+001 -3.474999952e+001 +2.3312e+000 +2.3640e+000 -4.2319e-001
1755 0 +4.367413311e-007 -3.474999956e+001 -3.474999956e+001 +2.3312e+000 +2.3640e+000 -4.2321e-001
1774 0 +2.750354611e-009 -3.475000000e+001 -3.475000000e+001 +2.3312e+000 +2.3640e+000 -4.2320e-001
% f evaluations | g evaluations | best noise-free fitness - Fopt (-1.000000000000e+003) + sum g_i+ | measured fitness | best measured fitness or single-digit g-values | x1 | x2...
1 0 +2.181779956e+002 -7.818220044e+002 -7.818220044e+002 -2.2613e+000 +1.5701e+000 +1.9510e-001
3 0 +1.335979702e+002 -8.664020298e+002 -8.664020298e+002 +1.3374e+000 -3.4293e+000 +4.5968e+000
5 0 +1.086334107e+002 -8.913665893e+002 -8.913665893e+002 -5.0000e+000 -5.0000e+000 +5.0000e+000
11 0 +3.493361251e+001 -9.650663875e+002 -9.650663875e+002 -3.0693e+000 -2.9370e+000 -1.8052e-002
35 0 +3.432137334e+001 -9.656786267e+002 -9.656786267e+002 -3.3353e+000 -2.2169e+000 +3.3013e-001
38 0 +2.149930852e+001 -9.785006915e+002 -9.785006915e+002 -2.5965e+000 -2.8340e+000 +4.5610e-001
53 0 +1.920569450e+001 -9.807943055e+002 -9.807943055e+002 -2.3356e+000 -3.4209e+000 -6.1978e-001
85 0 +1.622663055e+001 -9.837733694e+002 -9.837733694e+002 -2.9274e+000 -4.0388e+000 +6.3385e-001
87 0 +1.214580618e+001 -9.878541938e+002 -9.878541938e+002 -3.2967e+000 -3.9202e+000 +1.3180e+000
122 0 +1.163584502e+001 -9.883641550e+002 -9.883641550e+002 -2.6580e+000 -3.2926e+000 +3.5353e-002
216 0 +9.010317480e+000 -9.909896825e+002 -9.909896825e+002 -2.2867e+000 -2.8015e+000 -1.6961e-001
410 0 +7.150357023e+000 -9.928496430e+002 -9.928496430e+002 -2.8427e+000 -3.4351e+000 +8.3999e-001
565 0 +6.378607725e+000 -9.936213923e+002 -9.936213923e+002 -3.0930e+000 -3.7480e+000 +3.8757e-001
602 0 +5.695295972e+000 -9.943047040e+002 -9.943047040e+002 -2.6801e+000 -3.2529e+000 +2.5838e-002
627 0 +5.341396112e+000 -9.946586039e+002 -9.946586039e+002 -3.0956e+000 -3.7341e+000 +2.4702e-001
661 0 +4.498324723e+000 -9.955016753e+002 -9.955016753e+002 -3.0930e+000 -3.7176e+000 +2.5504e-001
921 0 +4.263663889e+000 -9.957363361e+002 -9.957363361e+002 -3.8096e+000 -4.0934e+000 +1.1660e+000
923 0 +3.695339118e+000 -9.963046609e+002 -9.963046609e+002 -3.8096e+000 -4.0934e+000 +1.1414e+000
953 0 +3.171273050e+000 -9.968287269e+002 -9.968287269e+002 -3.4753e+000 -3.7968e+000 +9.9019e-001
1185 0 +2.631554887e+000 -9.973684451e+002 -9.973684451e+002 -3.4701e+000 -3.7832e+000 +9.8148e-001
1237 0 +2.515225308e+000 -9.974847747e+002 -9.974847747e+002 -3.4750e+000 -3.7771e+000 +9.7781e-001
1270 0 +2.422772295e+000 -9.975772277e+002 -9.975772277e+002 -3.4535e+000 -3.7643e+000 +9.6841e-001
1285 0 +2.376749983e+000 -9.976232500e+002 -9.976232500e+002 -3.4592e+000 -3.7660e+000 +9.7103e-001
1294 0 +2.322729549e+000 -9.976772705e+002 -9.976772705e+002 -3.4566e+000 -3.7661e+000 +9.6635e-001
1297 0 +2.187059177e+000 -9.978129408e+002 -9.978129408e+002 -3.4615e+000 -3.7642e+000 +9.6251e-001
1333 0 +2.044187556e+000 -9.979558124e+002 -9.979558124e+002 -3.4603e+000 -3.7586e+000 +9.4211e-001
1355 0 +1.991679750e+000 -9.980083202e+002 -9.980083202e+002 -3.4594e+000 -3.7500e+000 +9.3840e-001
2670 0 +1.687708986e+000 -9.983122910e+002 -9.983122910e+002 -3.7819e+000 -3.4140e+000 +6.5726e-001
2768 0 +1.339025464e+000 -9.986609745e+002 -9.986609745e+002 -3.7819e+000 -3.4286e+000 +6.5200e-001
3036 0 +1.247065745e+000 -9.987529343e+002 -9.987529343e+002 -3.8026e+000 -3.4426e+000 +6.8283e-001
3040 0 +1.143284347e+000 -9.988567157e+002 -9.988567157e+002 -3.7911e+000 -3.4394e+000 +6.5919e-001
3042 0 +1.095081377e+000 -9.989049186e+002 -9.989049186e+002 -3.8041e+000 -3.4362e+000 +6.5585e-001
3052 0 +1.061080621e+000 -9.989389194e+002 -9.989389194e+002 -3.8124e+000 -3.4496e+000 +6.7138e-001
3057 0 +1.033183521e+000 -9.989668165e+002 -9.989668165e+002 -3.7979e+000 -3.4499e+000 +6.7505e-001
3061 0 +1.021789103e+000 -9.989782109e+002 -9.989782109e+002 -3.7981e+000 -3.4453e+000 +6.6991e-001
3084 0 +9.951760980e-001 -9.990048239e+002 -9.990048239e+002 -3.8050e+000 -3.4509e+000 +6.7212e-001
8020 0 +7.314714514e-001 -9.992685285e+002 -9.992685285e+002 -3.7810e+000 -3.2069e+000 -1.9429e-001
8295 0 +5.046470171e-002 -9.999495353e+002 -9.999495353e+002 -3.7536e+000 -3.2242e+000 -1.5707e-001
8777 0 +3.517802889e-003 -9.999964822e+002 -9.999964822e+002 -3.7616e+000 -3.2276e+000 -1.5173e-001
8808 0 +1.076249366e-003 -9.999989238e+002 -9.999989238e+002 -3.7628e+000 -3.2290e+000 -1.5223e-001
8870 0 +1.552132950e-004 -9.999998448e+002 -9.999998448e+002 -3.7620e+000 -3.2288e+000 -1.5307e-001
8880 0 +9.355908264e-005 -9.999999064e+002 -9.999999064e+002 -3.7619e+000 -3.2288e+000 -1.5301e-001
8915 0 +9.412265740e-006 -9.999999906e+002 -9.999999906e+002 -3.7615e+000 -3.2287e+000 -1.5283e-001
8927 0 +8.868118130e-006 -9.999999911e+002 -9.999999911e+002 -3.7616e+000 -3.2287e+000 -1.5277e-001
8944 0 +4.163510766e-006 -9.999999958e+002 -9.999999958e+002 -3.7616e+000 -3.2287e+000 -1.5279e-001
8980 0 +4.537953373e-007 -9.999999995e+002 -9.999999995e+002 -3.7616e+000 -3.2288e+000 -1.5276e-001
9013 0 +1.891049806e-007 -9.999999998e+002 -9.999999998e+002 -3.7616e+000 -3.2288e+000 -1.5280e-001
9083 0 +1.474569444e-007 -9.999999999e+002 -9.999999999e+002 -3.7616e+000 -3.2288e+000 -1.5278e-001
9113 0 +5.348431387e-008 -9.999999999e+002 -9.999999999e+002 -3.7616e+000 -3.2288e+000 -1.5280e-001
9133 0 +9.150880942e-009 -1.000000000e+003 -1.000000000e+003 -3.7616e+000 -3.2288e+000 -1.5280e-001
% f evaluations | g evaluations | best noise-free fitness - Fopt (-9.247000000000e+001) + sum g_i+ | measured fitness | best measured fitness or single-digit g-values | x1 | x2...
1 0 +6.090057801e+002 +5.165357801e+002 +5.165357801e+002 -4.4794e+000 +2.9731e+000 +4.0368e+000
2 0 +1.816402485e+002 +8.917024853e+001 +8.917024853e+001 -6.3465e-001 +4.4899e+000 +5.7812e-001
3 0 +9.270817487e+001 +2.381748676e-001 +2.381748676e-001 +7.2717e-001 +3.1914e+000 -1.5733e+000
6 0 +5.120334988e+001 -4.126665012e+001 -4.126665012e+001 +2.2480e+000 +1.9049e+000 +5.1180e-001
18 0 +2.489358649e+001 -6.757641351e+001 -6.757641351e+001 +2.7190e+000 +1.9049e+000 +1.1583e+000
57 0 +1.533086316e+001 -7.713913684e+001 -7.713913684e+001 +2.3009e+000 -8.5682e-002 +2.7043e+000
85 0 +8.406484994e+000 -8.406351501e+001 -8.406351501e+001 +2.7733e+000 -1.3527e+000 +3.4224e+000
180 0 +6.288069806e+000 -8.618193019e+001 -8.618193019e+001 +2.2650e+000 -1.0377e+000 +3.4157e+000
193 0 +4.413296708e+000 -8.805670329e+001 -8.805670329e+001 +2.7452e+000 -1.1823e+000 +3.5046e+000
291 0 +2.880736741e+000 -8.958926326e+001 -8.958926326e+001 +2.7782e+000 -1.2575e+000 +3.5436e+000
467 0 +2.062995299e+000 -9.040700470e+001 -9.040700470e+001 +2.5984e+000 -6.7010e-001 +2.9009e+000
616 0 +1.698341587e+000 -9.077165841e+001 -9.077165841e+001 +2.7848e+000 -2.2376e-001 +3.5556e+000
656 0 +1.612242598e+000 -9.085775740e+001 -9.085775740e+001 +2.7903e+000 -2.1737e-001 +3.5409e+000
746 0 +1.384140821e+000 -9.108585918e+001 -9.108585918e+001 +2.8099e+000 -1.5198e-001 +3.5512e+000
772 0 +1.001977958e+000 -9.146802204e+001 -9.146802204e+001 +2.7946e+000 -1.7044e-001 +3.5556e+000
939 0 +9.950050572e-001 -9.147499494e+001 -9.147499494e+001 +2.7960e+000 -1.7058e-001 +3.5610e+000
1914 0 +3.402318302e-001 -9.212976817e+001 -9.212976817e+001 +2.8703e+000 -2.2396e-001 +2.9677e+000
2222 0 +2.341862075e-001 -9.223581379e+001 -9.223581379e+001 +2.8944e+000 -2.1570e-001 +2.9677e+000
2493 0 +1.653933470e-001 -9.230460665e+001 -9.230460665e+001 +2.8888e+000 -2.0085e-001 +2.9721e+000
2659 0 +7.816099234e-002 -9.239183901e+001 -9.239183901e+001 +2.8860e+000 -2.1609e-001 +2.9741e+000
2709 0 +6.233823106e-002 -9.240766177e+001 -9.240766177e+001 +2.8878e+000 -2.0127e-001 +2.9623e+000
2728 0 +3.113246241e-002 -9.243886754e+001 -9.243886754e+001 +2.8866e+000 -2.0566e-001 +2.9623e+000
2742 0 +1.735959378e-002 -9.245264041e+001 -9.245264041e+001 +2.8835e+000 -2.0566e-001 +2.9623e+000
2840 0 +1.055275786e-002 -9.245944724e+001 -9.245944724e+001 +2.8835e+000 -2.0308e-001 +2.9570e+000
2860 0 +1.222409368e-003 -9.246877759e+001 -9.246877759e+001 +2.8817e+000 -2.0763e-001 +2.9560e+000
2871 0 +7.048308225e-004 -9.246929517e+001 -9.246929517e+001 +2.8823e+000 -2.0691e-001 +2.9559e+000
2939 0 +3.178945705e-004 -9.246968211e+001 -9.246968211e+001 +2.8828e+000 -2.0778e-001 +2.9577e+000
2955 0 +2.432337036e-004 -9.246975677e+001 -9.246975677e+001 +2.8828e+000 -2.0795e-001 +2.9578e+000
3000 0 +1.169594128e-005 -9.246998830e+001 -9.246998830e+001 +2.8824e+000 -2.0789e-001 +2.9575e+000
3012 0 +2.603245974e-006 -9.246999740e+001 -9.246999740e+001 +2.8824e+000 -2.0793e-001 +2.9575e+000
3074 0 +4.974983767e-007 -9.246999950e+001 -9.246999950e+001 +2.8824e+000 -2.0802e-001 +2.9576e+000
3091 0 +5.813991777e-008 -9.246999994e+001 -9.246999994e+001 +2.8824e+000 -2.0800e-001 +2.9576e+000
3122 0 +2.702898882e-008 -9.246999997e+001 -9.246999997e+001 +2.8824e+000 -2.0801e-001 +2.9576e+000
3147 0 +2.459887583e-008 -9.246999998e+001 -9.246999998e+001 +2.8824e+000 -2.0800e-001 +2.9576e+000
3159 0 +3.596454690e-009 -9.247000000e+001 -9.247000000e+001 +2.8824e+000 -2.0800e-001 +2.9576e+000
% f evaluations | g evaluations | best noise-free fitness - Fopt (-2.153000000000e+002) + sum g_i+ | measured fitness | best measured fitness or single-digit g-values | x1 | x2...
1 0 +8.978809110e+001 -1.255119089e+002 -1.255119089e+002 -2.7851e+000 +4.2821e+000 +9.4144e-001
4 0 +2.676500706e+001 -1.885349929e+002 -1.885349929e+002 -2.6012e+000 +2.4272e+000 -2.5563e+000
11 0 +2.602022607e+001 -1.892797739e+002 -1.892797739e+002 -5.0638e-001 +1.3633e+000 -3.9135e-001
24 0 +1.118630617e+001 -2.041136938e+002 -2.041136938e+002 -1.3277e+000 +2.8949e+000 -3.4649e-001
55 0 +7.265781656e+000 -2.080342183e+002 -2.080342183e+002 -2.3817e+000 +2.9260e+000 -9.1399e-002
185 0 +5.299127385e+000 -2.100008726e+002 -2.100008726e+002 -2.7354e+000 +3.0371e+000 -5.9947e-001
362 0 +4.670096028e+000 -2.106299040e+002 -2.106299040e+002 -3.6365e+000 +3.8237e+000 -8.5521e-001
413 0 +3.714263448e+000 -2.115857366e+002 -2.115857366e+002 -2.7159e+000 +3.0921e+000 -5.9947e-001
436 0 +3.364189230e+000 -2.119358108e+002 -2.119358108e+002 -1.7641e+000 +2.6668e+000 -5.5209e-001
553 0 +2.268440470e+000 -2.130315595e+002 -2.130315595e+002 -2.6487e+000 +3.4421e+000 -8.0731e-001
590 0 +2.183780161e+000 -2.131162198e+002 -2.131162198e+002 -2.6327e+000 +3.3859e+000 -8.1248e-001
721 0 +1.529692544e+000 -2.137703075e+002 -2.137703075e+002 -2.7354e+000 +3.4421e+000 -8.4844e-001
817 0 +1.109188588e+000 -2.141908114e+002 -2.141908114e+002 -2.6688e+000 +3.4324e+000 -8.4454e-001
829 0 +1.024432669e+000 -2.142755673e+002 -2.142755673e+002 -2.6622e+000 +3.4141e+000 -8.5224e-001
1017 0 +1.022464199e+000 -2.142775358e+002 -2.142775358e+002 -2.6596e+000 +3.4141e+000 -8.5010e-001
1090 0 +9.950849030e-001 -2.143049151e+002 -2.143049151e+002 -2.6722e+000 +3.4219e+000 -8.5112e-001
5835 0 +7.606259589e-001 -2.145393740e+002 -2.145393740e+002 -2.9823e+000 +3.4546e+000 -1.3191e+000
6051 0 +4.382156465e-001 -2.148617844e+002 -2.148617844e+002 -2.9863e+000 +3.4871e+000 -1.3268e+000
6296 0 +2.101021044e-001 -2.150898979e+002 -2.150898979e+002 -2.9904e+000 +3.4897e+000 -1.3671e+000
6332 0 +1.224009883e-001 -2.151775990e+002 -2.151775990e+002 -2.9777e+000 +3.4870e+000 -1.3417e+000
6389 0 +7.720797148e-002 -2.152227920e+002 -2.152227920e+002 -2.9865e+000 +3.4890e+000 -1.3601e+000
6409 0 +5.060594742e-002 -2.152493941e+002 -2.152493941e+002 -2.9849e+000 +3.4865e+000 -1.3445e+000
6460 0 +3.255753214e-002 -2.152674425e+002 -2.152674425e+002 -2.9739e+000 +3.4843e+000 -1.3499e+000
6497 0 +2.400234975e-002 -2.152759977e+002 -2.152759977e+002 -2.9813e+000 +3.4863e+000 -1.3540e+000
6512 0 +6.427111161e-004 -2.152993573e+002 -2.152993573e+002 -2.9812e+000 +3.4832e+000 -1.3495e+000
6549 0 +5.105341112e-004 -2.152994895e+002 -2.152994895e+002 -2.9805e+000 +3.4821e+000 -1.3480e+000
6566 0 +3.500339398e-004 -2.152996500e+002 -2.152996500e+002 -2.9802e+000 +3.4822e+000 -1.3481e+000
6579 0 +2.486373160e-004 -2.152997514e+002 -2.152997514e+002 -2.9803e+000 +3.4823e+000 -1.3482e+000
6608 0 +2.208601325e-004 -2.152997791e+002 -2.152997791e+002 -2.9807e+000 +3.4824e+000 -1.3487e+000
6619 0 +1.978513685e-004 -2.152998021e+002 -2.152998021e+002 -2.9808e+000 +3.4825e+000 -1.3489e+000
6648 0 +1.947348210e-006 -2.152999981e+002 -2.152999981e+002 -2.9799e+000 +3.4824e+000 -1.3488e+000
6661 0 +1.341236299e-006 -2.152999987e+002 -2.152999987e+002 -2.9800e+000 +3.4824e+000 -1.3488e+000
6702 0 +1.774408531e-007 -2.152999998e+002 -2.152999998e+002 -2.9800e+000 +3.4824e+000 -1.3488e+000
6796 0 +3.382595537e-008 -2.153000000e+002 -2.153000000e+002 -2.9800e+000 +3.4824e+000 -1.3488e+000
6837 0 +1.436029606e-008 -2.153000000e+002 -2.153000000e+002 -2.9800e+000 +3.4824e+000 -1.3488e+000
6851 0 +5.574605666e-009 -2.153000000e+002 -2.153000000e+002 -2.9800e+000 +3.4824e+000 -1.3488e+000
% f evaluations | g evaluations | best noise-free fitness - Fopt (-5.449000000000e+001) + sum g_i+ | measured fitness | best measured fitness or single-digit g-values | x1 | x2...
1 0 +4.381430417e+002 +3.836530417e+002 +3.836530417e+002 -1.1740e+000 +4.7678e+000 +7.8866e-001
2 0 +2.087383811e+002 +1.542483811e+002 +1.542483811e+002 +1.9654e+000 +4.5886e+000 -4.3023e+000
8 0 +1.941742357e+002 +1.396842357e+002 +1.396842357e+002 +2.8763e+000 +5.0000e+000 +6.4331e-001
10 0 +4.218699557e+001 -1.230300443e+001 -1.230300443e+001 +3.5890e+000 -3.3091e+000 +1.3723e-001
34 0 +2.127183814e+001 -3.321816186e+001 -3.321816186e+001 +3.9163e+000 -3.0074e+000 +5.6223e-001
59 0 +2.062934841e+001 -3.386065159e+001 -3.386065159e+001 +3.2245e+000 -3.0038e-001 +1.4342e+000
70 0 +1.892237010e+001 -3.556762990e+001 -3.556762990e+001 +3.9990e+000 -1.4372e+000 +1.4369e+000
73 0 +1.166060536e+001 -4.282939464e+001 -4.282939464e+001 +3.2892e+000 -1.1632e+000 -1.6200e-001
112 0 +1.050707404e+001 -4.398292596e+001 -4.398292596e+001 +3.8554e+000 -1.3707e+000 +1.3055e+000
116 0 +6.691370122e+000 -4.779862988e+001 -4.779862988e+001 +3.5866e+000 -1.0476e+000 +8.3853e-001
248 0 +4.132814894e+000 -5.035718511e+001 -5.035718511e+001 +3.6228e+000 -1.0674e+000 +9.2713e-001
273 0 +3.098651974e+000 -5.139134803e+001 -5.139134803e+001 +3.5778e+000 -1.1092e+000 +8.9237e-001
451 0 +2.313233912e+000 -5.217676609e+001 -5.217676609e+001 +3.5886e+000 -1.1055e+000 +8.6386e-001
631 0 +2.077645071e+000 -5.241235493e+001 -5.241235493e+001 +3.6013e+000 -1.1195e+000 +8.8334e-001
698 0 +1.994782030e+000 -5.249521797e+001 -5.249521797e+001 +3.6028e+000 -1.1181e+000 +8.7203e-001
1656 0 +1.878443245e+000 -5.261155676e+001 -5.261155676e+001 +3.3224e+000 -8.4171e-001 +2.8143e+000
2234 0 +1.542318717e+000 -5.294768128e+001 -5.294768128e+001 +3.3695e+000 -9.0972e-001 +2.7704e+000
2580 0 +1.417753056e+000 -5.307224694e+001 -5.307224694e+001 +3.3210e+000 -8.6435e-001 +2.8209e+000
2822 0 +1.242356707e+000 -5.324764329e+001 -5.324764329e+001 +3.3584e+000 -8.9803e-001 +2.7871e+000
2920 0 +1.184529648e+000 -5.330547035e+001 -5.330547035e+001 +3.3584e+000 -9.0333e-001 +2.7871e+000
3056 0 +1.077362434e+000 -5.341263757e+001 -5.341263757e+001 +3.3426e+000 -8.7498e-001 +2.8137e+000
3098 0 +1.037865211e+000 -5.345213479e+001 -5.345213479e+001 +3.3426e+000 -8.7498e-001 +2.8186e+000
3329 0 +1.022978475e+000 -5.346702153e+001 -5.346702153e+001 +3.3412e+000 -8.7191e-001 +2.8245e+000
3408 0 +9.973818062e-001 -5.349261819e+001 -5.349261819e+001 +3.3266e+000 -8.4405e-001 +2.8507e+000
9331 0 +8.467942822e-001 -5.364320572e+001 -5.364320572e+001 +3.3697e+000 -1.2082e+000 +1.9265e+000
9518 0 +4.064555266e-001 -5.408354447e+001 -5.408354447e+001 +3.3777e+000 -1.1654e+000 +1.9806e+000
9591 0 +3.085019891e-001 -5.418149801e+001 -5.418149801e+001 +3.3829e+000 -1.1855e+000 +1.9190e+000
9752 0 +1.807073558e-001 -5.430929264e+001 -5.430929264e+001 +3.3815e+000 -1.1930e+000 +1.9618e+000
9967 0 +1.569587385e-001 -5.433304126e+001 -5.433304126e+001 +3.3941e+000 -1.1734e+000 +1.9557e+000
9982 0 +5.500739485e-002 -5.443499261e+001 -5.443499261e+001 +3.3858e+000 -1.1739e+000 +1.9573e+000
10010 0 +4.187895463e-002 -5.444812105e+001 -5.444812105e+001 +3.3830e+000 -1.1859e+000 +1.9550e+000
10071 0 +1.673740230e-002 -5.447326260e+001 -5.447326260e+001 +3.3887e+000 -1.1879e+000 +1.9546e+000
10143 0 +1.242225927e-002 -5.447757774e+001 -5.447757774e+001 +3.3876e+000 -1.1831e+000 +1.9647e+000
10157 0 +9.817157733e-003 -5.448018284e+001 -5.448018284e+001 +3.3876e+000 -1.1843e+000 +1.9634e+000
10174 0 +3.004397409e-003 -5.448699560e+001 -5.448699560e+001 +3.3883e+000 -1.1854e+000 +1.9569e+000
10182 0 +1.988935533e-003 -5.448801106e+001 -5.448801106e+001 +3.3876e+000 -1.1844e+000 +1.9551e+000
10222 0 +7.657412928e-004 -5.448923426e+001 -5.448923426e+001 +3.3874e+000 -1.1831e+000 +1.9562e+000
10258 0 +6.772405773e-004 -5.448932276e+001 -5.448932276e+001 +3.3885e+000 -1.1832e+000 +1.9592e+000
10277 0 +4.553254332e-004 -5.448954467e+001 -5.448954467e+001 +3.3881e+000 -1.1839e+000 +1.9567e+000
10314 0 +2.552761275e-004 -5.448974472e+001 -5.448974472e+001 +3.3877e+000 -1.1827e+000 +1.9581e+000
10338 0 +1.410578560e-005 -5.448998589e+001 -5.448998589e+001 +3.3880e+000 -1.1831e+000 +1.9578e+000
10463 0 +1.538456189e-006 -5.448999846e+001 -5.448999846e+001 +3.3880e+000 -1.1832e+000 +1.9577e+000
10472 0 +1.328547853e-006 -5.448999867e+001 -5.448999867e+001 +3.3880e+000 -1.1832e+000 +1.9577e+000
10505 0 +2.952937379e-007 -5.448999970e+001 -5.448999970e+001 +3.3880e+000 -1.1832e+000 +1.9576e+000
10515 0 +7.070980246e-009 -5.448999999e+001 -5.448999999e+001 +3.3880e+000 -1.1832e+000 +1.9576e+000
% f evaluations | g evaluations | best noise-free fitness - Fopt (5.049000000000e+001) + sum g_i+ | measured fitness | best measured fitness or single-digit g-values | x1 | x2...
1 0 +1.052923716e+002 +1.557823716e+002 +1.557823716e+002 -9.2729e-001 +2.1905e+000 +2.5761e+000
7 0 +3.649915245e+001 +8.698915245e+001 +8.698915245e+001 +2.0272e+000 +6.3157e-001 +8.6991e-001
10 0 +3.129542733e+001 +8.178542733e+001 +8.178542733e+001 +2.8635e+000 -1.1020e+000 +3.2901e+000
39 0 +2.830302870e+001 +7.879302870e+001 +7.879302870e+001 +1.8149e+000 +7.0044e-001 +3.1551e+000
44 0 +1.842752639e+001 +6.891752639e+001 +6.891752639e+001 +3.9445e+000 -1.0419e+000 +2.5107e+000
59 0 +1.615630182e+001 +6.664630182e+001 +6.664630182e+001 +3.8644e+000 -5.9324e-001 +2.5854e+000
90 0 +7.414528957e+000 +5.790452896e+001 +5.790452896e+001 +3.2693e+000 -7.0107e-001 +3.2086e+000
181 0 +3.610078144e+000 +5.410007814e+001 +5.410007814e+001 +3.2637e+000 -6.2972e-001 +3.1091e+000
373 0 +3.366530883e+000 +5.385653088e+001 +5.385653088e+001 +3.2790e+000 -6.4566e-001 +3.0519e+000
577 0 +3.021197739e+000 +5.351119774e+001 +5.351119774e+001 +3.2765e+000 -6.5468e-001 +3.0830e+000
717 0 +3.002442255e+000 +5.349244225e+001 +5.349244225e+001 +3.2799e+000 -6.5413e-001 +3.0855e+000
1185 0 +1.470004459e+000 +5.196000446e+001 +5.196000446e+001 +3.1278e+000 -1.3371e-001 +2.7914e+000
1291 0 +1.252052671e+000 +5.174205267e+001 +5.174205267e+001 +3.0904e+000 -1.4151e-001 +2.8332e+000
1621 0 +1.086689125e+000 +5.157668912e+001 +5.157668912e+001 +3.0955e+000 -1.3529e-001 +2.7964e+000
1750 0 +1.059165454e+000 +5.154916545e+001 +5.154916545e+001 +3.0988e+000 -1.3418e-001 +2.8027e+000
1780 0 +1.018227035e+000 +5.150822703e+001 +5.150822703e+001 +3.1130e+000 -1.4273e-001 +2.8019e+000
1829 0 +9.968428710e-001 +5.148684287e+001 +5.148684287e+001 +3.1065e+000 -1.4045e-001 +2.8053e+000
4856 0 +3.498235840e-001 +5.083982358e+001 +5.083982358e+001 +3.6010e+000 -1.6394e-001 +2.9453e+000
4988 0 +1.597203038e-001 +5.064972030e+001 +5.064972030e+001 +3.5733e+000 -1.7029e-001 +2.9507e+000
5155 0 +1.509947761e-001 +5.064099478e+001 +5.064099478e+001 +3.5961e+000 -1.7381e-001 +2.9382e+000
5187 0 +9.799944872e-002 +5.058799945e+001 +5.058799945e+001 +3.5931e+000 -1.6575e-001 +2.9376e+000
5256 0 +3.765235357e-002 +5.052765235e+001 +5.052765235e+001 +3.5771e+000 -1.6771e-001 +2.9351e+000
5259 0 +3.881710991e-003 +5.049388171e+001 +5.049388171e+001 +3.5842e+000 -1.6818e-001 +2.9344e+000
5279 0 +3.780603553e-003 +5.049378060e+001 +5.049378060e+001 +3.5842e+000 -1.6804e-001 +2.9345e+000
5304 0 +3.523774428e-003 +5.049352377e+001 +5.049352377e+001 +3.5846e+000 -1.6689e-001 +2.9355e+000
5328 0 +4.527038962e-004 +5.049045270e+001 +5.049045270e+001 +3.5826e+000 -1.6636e-001 +2.9355e+000
5352 0 +4.223161930e-004 +5.049042232e+001 +5.049042232e+001 +3.5829e+000 -1.6646e-001 +2.9356e+000
5353 0 +1.341031742e-004 +5.049013410e+001 +5.049013410e+001 +3.5827e+000 -1.6634e-001 +2.9365e+000
5448 0 +4.770272874e-006 +5.049000477e+001 +5.049000477e+001 +3.5824e+000 -1.6634e-001 +2.9368e+000
5482 0 +1.745052010e-006 +5.049000175e+001 +5.049000175e+001 +3.5824e+000 -1.6639e-001 +2.9368e+000
5506 0 +1.355680446e-006 +5.049000136e+001 +5.049000136e+001 +3.5824e+000 -1.6642e-001 +2.9368e+000
5526 0 +9.516486230e-007 +5.049000095e+001 +5.049000095e+001 +3.5824e+000 -1.6642e-001 +2.9368e+000
5549 0 +3.799309525e-007 +5.049000038e+001 +5.049000038e+001 +3.5824e+000 -1.6642e-001 +2.9368e+000
5558 0 +2.008690956e-007 +5.049000020e+001 +5.049000020e+001 +3.5824e+000 -1.6641e-001 +2.9368e+000
5595 0 +1.664216143e-008 +5.049000002e+001 +5.049000002e+001 +3.5824e+000 -1.6640e-001 +2.9368e+000
5655 0 +2.954998024e-009 +5.049000000e+001 +5.049000000e+001 +3.5824e+000 -1.6640e-001 +2.9368e+000
% f evaluations | g evaluations | best noise-free fitness - Fopt (-3.641300000000e+002) + sum g_i+ | measured fitness | best measured fitness or single-digit g-values | x1 | x2...
1 0 +8.843281474e+001 -2.756971853e+002 -2.756971853e+002 -1.3053e+000 +1.2879e+000 -2.0867e+000
2 0 +6.965515426e+001 -2.944748457e+002 -2.944748457e+002 -1.6855e+000 +1.8269e+000 -1.3936e+000
16 0 +5.586562162e+001 -3.082643784e+002 -3.082643784e+002 -1.4024e+000 +4.0585e-001 -7.7585e-002
18 0 +2.497286983e+001 -3.391571302e+002 -3.391571302e+002 -1.8742e+000 +1.8023e+000 -6.4042e-002
76 0 +2.133476605e+001 -3.427952340e+002 -3.427952340e+002 -2.2905e+000 +1.1183e+000 -1.8316e-001
88 0 +2.024579793e+001 -3.438842021e+002 -3.438842021e+002 -2.2100e+000 +1.2337e+000 -2.0759e-001
140 0 +1.541837383e+001 -3.487116262e+002 -3.487116262e+002 -2.5023e+000 +3.7301e-001 -8.7474e-002
192 0 +1.251685304e+001 -3.516131470e+002 -3.516131470e+002 -3.0066e+000 +2.3665e-001 -5.1934e-002
194 0 +1.154033948e+001 -3.525896605e+002 -3.525896605e+002 -2.8285e+000 +8.1646e-001 -1.3178e-002
284 0 +8.043521597e+000 -3.560864784e+002 -3.560864784e+002 -3.5877e+000 -3.1060e-001 -3.7341e-002
344 0 +7.661606836e+000 -3.564683932e+002 -3.564683932e+002 -3.5771e+000 -2.8519e-001 -3.6323e-002
346 0 +7.339559412e+000 -3.567904406e+002 -3.567904406e+002 -3.8544e+000 -9.9624e-001 -6.5384e-002
371 0 +6.961016975e+000 -3.571689830e+002 -3.571689830e+002 -3.6028e+000 -3.0512e-001 -2.8162e-002
406 0 +5.202136180e+000 -3.589278638e+002 -3.589278638e+002 -3.6228e+000 -3.0488e-001 -6.5384e-002
626 0 +5.115689791e+000 -3.590143102e+002 -3.590143102e+002 -3.6247e+000 -2.8931e-001 -7.8782e-002
691 0 +5.007209686e+000 -3.591227903e+002 -3.591227903e+002 -3.6389e+000 -3.1192e-001 -8.0578e-002
1201 0 +2.401783511e+000 -3.617282165e+002 -3.617282165e+002 -3.8108e+000 -6.3800e-001 +1.0878e+000
1469 0 +1.037644581e+000 -3.630923554e+002 -3.630923554e+002 -3.8011e+000 -6.4933e-001 +1.1249e+000
1560 0 +6.389928197e-001 -3.634910072e+002 -3.634910072e+002 -3.7949e+000 -6.3948e-001 +1.1504e+000
1566 0 +4.144993443e-001 -3.637155007e+002 -3.637155007e+002 -3.7688e+000 -5.8497e-001 +1.1323e+000
1637 0 +2.975482009e-001 -3.638324518e+002 -3.638324518e+002 -3.7613e+000 -5.8014e-001 +1.1490e+000
1646 0 +2.420754855e-001 -3.638879245e+002 -3.638879245e+002 -3.7593e+000 -5.8430e-001 +1.1545e+000
1655 0 +1.992888378e-001 -3.639307112e+002 -3.639307112e+002 -3.7637e+000 -6.0445e-001 +1.1624e+000
1665 0 +6.216765573e-002 -3.640678323e+002 -3.640678323e+002 -3.7505e+000 -5.8474e-001 +1.1484e+000
1693 0 +1.228601936e-002 -3.641177140e+002 -3.641177140e+002 -3.7576e+000 -5.9489e-001 +1.1422e+000
1707 0 +7.247544905e-003 -3.641227525e+002 -3.641227525e+002 -3.7604e+000 -5.9853e-001 +1.1418e+000
1714 0 +8.434478648e-004 -3.641291566e+002 -3.641291566e+002 -3.7604e+000 -5.9808e-001 +1.1438e+000
1749 0 +3.251252551e-004 -3.641296749e+002 -3.641296749e+002 -3.7605e+000 -5.9761e-001 +1.1451e+000
1775 0 +1.437451261e-004 -3.641298563e+002 -3.641298563e+002 -3.7611e+000 -5.9830e-001 +1.1448e+000
1802 0 +7.084258186e-006 -3.641299929e+002 -3.641299929e+002 -3.7607e+000 -5.9827e-001 +1.1447e+000
1813 0 +3.129312518e-006 -3.641299969e+002 -3.641299969e+002 -3.7608e+000 -5.9831e-001 +1.1448e+000
1854 0 +3.045638550e-007 -3.641299997e+002 -3.641299997e+002 -3.7608e+000 -5.9841e-001 +1.1448e+000
1880 0 +9.284298130e-008 -3.641299999e+002 -3.641299999e+002 -3.7608e+000 -5.9841e-001 +1.1448e+000
1900 0 +1.127608584e-008 -3.641300000e+002 -3.641300000e+002 -3.7608e+000 -5.9840e-001 +1.1448e+000
1938 0 +3.221941824e-009 -3.641300000e+002 -3.641300000e+002 -3.7608e+000 -5.9840e-001 +1.1448e+000
% f evaluations | g evaluations | best noise-free fitness - Fopt (1.592700000000e+002) + sum g_i+ | measured fitness | best measured fitness or single-digit g-values | x1 | x2...
1 0 +1.231335004e+002 +2.824035004e+002 +2.824035004e+002 +4.2791e+000 -2.8987e+000 +4.4987e+000
2 0 +8.895503188e+001 +2.482250319e+002 +2.482250319e+002 +4.5195e+000 -6.3250e-001 +4.0457e+000
3 0 +6.004298641e+001 +2.193129864e+002 +2.193129864e+002 +6.9039e-002 -3.4770e+000 +2.7507e+000
14 0 +5.129142360e+001 +2.105614236e+002 +2.105614236e+002 +3.4861e+000 -5.6219e-001 +3.8724e+000
15 0 +3.175899332e+001 +1.910289933e+002 +1.910289933e+002 -1.5755e+000 -1.4100e+000 +3.1059e+000
22 0 +5.168583728e+000 +1.644385837e+002 +1.644385837e+002 -1.2634e+000 -1.6768e+000 +3.2244e+000
362 0 +2.885009736e+000 +1.621550097e+002 +1.621550097e+002 -2.2340e+000 -1.1309e+000 +3.6165e+000
410 0 +2.737123855e+000 +1.620071239e+002 +1.620071239e+002 -2.2307e+000 -1.1366e+000 +3.6191e+000
576 0 +2.639463730e+000 +1.619094637e+002 +1.619094637e+002 -2.2176e+000 -1.1316e+000 +3.6107e+000
626 0 +2.449804158e+000 +1.617198042e+002 +1.617198042e+002 -2.1872e+000 -1.1366e+000 +3.6048e+000
631 0 +2.320597240e+000 +1.615905972e+002 +1.615905972e+002 -2.2031e+000 -1.1373e+000 +3.6112e+000
648 0 +2.237166036e+000 +1.615071660e+002 +1.615071660e+002 -2.1954e+000 -1.1316e+000 +3.6109e+000
811 0 +2.103679970e+000 +1.613736800e+002 +1.613736800e+002 -2.1919e+000 -1.1429e+000 +3.6166e+000
844 0 +2.071109243e+000 +1.613411092e+002 +1.613411092e+002 -2.1724e+000 -1.1271e+000 +3.6154e+000
855 0 +2.011353639e+000 +1.612813536e+002 +1.612813536e+002 -2.1725e+000 -1.1208e+000 +3.6210e+000
894 0 +1.991471484e+000 +1.612614715e+002 +1.612614715e+002 -2.1805e+000 -1.1270e+000 +3.6193e+000
2640 0 +1.786851091e+000 +1.610568511e+002 +1.610568511e+002 -1.6608e+000 -1.3737e+000 +3.9454e+000
2765 0 +1.481962504e+000 +1.607519625e+002 +1.607519625e+002 -1.6212e+000 -1.4597e+000 +4.2475e+000
3270 0 +5.990876888e-001 +1.598690877e+002 +1.598690877e+002 -1.6268e+000 -1.4474e+000 +3.9454e+000
3353 0 +1.270486381e-001 +1.593970486e+002 +1.593970486e+002 -1.6848e+000 -1.4492e+000 +3.9473e+000
3361 0 +8.102769420e-002 +1.593510277e+002 +1.593510277e+002 -1.6757e+000 -1.4585e+000 +3.9503e+000
3454 0 +3.242938054e-002 +1.593024294e+002 +1.593024294e+002 -1.6564e+000 -1.4367e+000 +3.9481e+000
3474 0 +4.793377516e-003 +1.592747934e+002 +1.592747934e+002 -1.6676e+000 -1.4488e+000 +3.9464e+000
3480 0 +3.761832443e-004 +1.592703762e+002 +1.592703762e+002 -1.6640e+000 -1.4472e+000 +3.9470e+000
3558 0 +3.291281841e-004 +1.592703291e+002 +1.592703291e+002 -1.6639e+000 -1.4472e+000 +3.9470e+000
3566 0 +3.229623526e-004 +1.592703230e+002 +1.592703230e+002 -1.6632e+000 -1.4462e+000 +3.9469e+000
3585 0 +6.894722759e-005 +1.592700689e+002 +1.592700689e+002 -1.6635e+000 -1.4462e+000 +3.9473e+000
3597 0 +4.515432883e-005 +1.592700452e+002 +1.592700452e+002 -1.6638e+000 -1.4462e+000 +3.9471e+000
3621 0 +4.604795805e-006 +1.592700046e+002 +1.592700046e+002 -1.6641e+000 -1.4464e+000 +3.9472e+000
3674 0 +4.346529238e-006 +1.592700043e+002 +1.592700043e+002 -1.6640e+000 -1.4464e+000 +3.9472e+000
3680 0 +1.377011927e-008 +1.592700000e+002 +1.592700000e+002 -1.6640e+000 -1.4464e+000 +3.9472e+000
3765 0 +1.094124968e-008 +1.592700000e+002 +1.592700000e+002 -1.6640e+000 -1.4464e+000 +3.9472e+000
3778 0 +3.275886229e-010 +1.592700000e+002 +1.592700000e+002 -1.6640e+000 -1.4464e+000 +3.9472e+000
