% f evaluations | g evaluations | best noise-free fitness - Fopt (7.135000000000e+001) + sum g_i+ | measured fitness | best measured fitness or single-digit g-values | x1 | x2...
1 0 +1.663301414e+002 +2.376801414e+002 +2.376801414e+002 +4.6093e+000 +3.7060e+000
2 0 +1.004367724e+002 +1.717867724e+002 +1.717867724e+002 -1.3172e+000 -3.6677e+000
3 0 +1.795106824e+001 +8.930106824e+001 +8.930106824e+001 +1.2040e+000 +4.5249e+000
18 0 +5.563875982e+000 +7.691387598e+001 +7.691387598e+001 +9.6844e-001 +1.7574e+000
49 0 +4.488398502e+000 +7.583839850e+001 +7.583839850e+001 +8.7412e-001 +1.8090e+000
58 0 +1.246325001e+000 +7.259632500e+001 +7.259632500e+001 +1.4169e+000 +1.8796e+000
79 0 +1.019951076e+000 +7.236995108e+001 +7.236995108e+001 +1.4074e+000 +2.9895e+000
135 0 +9.988098675e-001 +7.234880987e+001 +7.234880987e+001 +1.6324e+000 +2.9886e+000
265 0 +9.182365389e-001 +7.226823654e+001 +7.226823654e+001 +1.4430e+000 +1.8587e+000
281 0 +6.640165551e-001 +7.201401656e+001 +7.201401656e+001 +1.4967e+000 +2.9732e+000
293 0 +3.030764395e-001 +7.165307644e+001 +7.165307644e+001 +1.5403e+000 -1.9290e-001
369 0 +2.663506639e-001 +7.161635066e+001 +7.161635066e+001 +1.4308e+000 +1.8465e+000
406 0 +2.115231942e-001 +7.156152319e+001 +7.156152319e+001 +1.3463e+000 +2.9869e+000
521 0 +7.050239247e-003 +7.135705024e+001 +7.135705024e+001 +1.3080e+000 +2.9732e+000
815 0 +2.726431580e-003 +7.135272643e+001 +7.135272643e+001 +1.2903e+000 +2.9742e+000
1050 0 +1.588898033e-003 +7.135158890e+001 +7.135158890e+001 +1.5971e+000 -1.7696e-001
1115 0 +1.439006651e-004 +7.135014390e+001 +7.135014390e+001 +1.2864e+000 +2.9727e+000
1117 0 +1.359014745e-004 +7.135013590e+001 +7.135013590e+001 +1.2885e+000 +2.9720e+000
1132 0 +6.332286459e-005 +7.135006332e+001 +7.135006332e+001 +1.2873e+000 +2.9720e+000
1361 0 +2.889825619e-005 +7.135002890e+001 +7.135002890e+001 +1.2867e+000 +2.9724e+000
1613 0 +2.506595474e-005 +7.135002507e+001 +7.135002507e+001 +1.2866e+000 +2.9724e+000
1615 0 +6.153547488e-006 +7.135000615e+001 +7.135000615e+001 +1.2873e+000 +2.9723e+000
1659 0 +4.772496922e-006 +7.135000477e+001 +7.135000477e+001 +1.2872e+000 +2.9723e+000
1704 0 +2.562245967e-006 +7.135000256e+001 +7.135000256e+001 +1.2869e+000 +2.9722e+000
1732 0 +2.103587576e-006 +7.135000210e+001 +7.135000210e+001 +1.2870e+000 +2.9723e+000
1759 0 +1.874415204e-006 +7.135000187e+001 +7.135000187e+001 +1.2873e+000 +2.9723e+000
1769 0 +1.572377172e-006 +7.135000157e+001 +7.135000157e+001 +1.2868e+000 +2.9722e+000
1771 0 +1.343146835e-006 +7.135000134e+001 +7.135000134e+001 +1.2867e+000 +2.9722e+000
1786 0 +4.344596647e-007 +7.135000043e+001 +7.135000043e+001 +1.2869e+000 +2.9722e+000
1813 0 +8.935360540e-008 +7.135000009e+001 +7.135000009e+001 +1.2870e+000 +2.9722e+000
1911 0 +1.250162995e-008 +7.135000001e+001 +7.135000001e+001 +1.2871e+000 +2.9722e+000
1934 0 +5.188951491e-010 +7.135000000e+001 +7.135000000e+001 +1.2870e+000 +2.9722e+000
% f evaluations | g evaluations | best noise-free fitness - Fopt (-3.552200000000e+002) + sum g_i+ | measured fitness | best measured fitness or single-digit g-values | x1 | x2...
1 0 +6.242415839e+001 -2.927958416e+002 -2.927958416e+002 -3.1698e+000 +4.7664e+000
2 0 +1.205967832e+001 -3.431603217e+002 -3.431603217e+002 +2.2071e+000 -1.5285e+000
21 0 +1.181314183e+001 -3.434068582e+002 -3.434068582e+002 +1.7350e+000 +1.4991e+000
70 0 +6.489720497e+000 -3.487302795e+002 -3.487302795e+002 +2.1421e-001 +1.9983e+000
91 0 +4.506686722e-001 -3.547693313e+002 -3.547693313e+002 +1.1914e+000 +2.4365e+000
300 0 +1.336146076e-001 -3.550863854e+002 -3.550863854e+002 +4.9662e+000 +1.7190e+000
320 0 +7.770359268e-002 -3.551422964e+002 -3.551422964e+002 +4.9921e+000 +1.7155e+000
816 0 +6.543268054e-002 -3.551545673e+002 -3.551545673e+002 +1.5128e+000 -2.8583e+000
965 0 +5.507235786e-002 -3.551649276e+002 -3.551649276e+002 +1.4116e+000 -2.8640e+000
1204 0 +4.168472905e-002 -3.551783153e+002 -3.551783153e+002 +1.4949e+000 -2.8601e+000
1288 0 +2.299721265e-002 -3.551970028e+002 -3.551970028e+002 +1.4783e+000 -2.8605e+000
1432 0 +4.630767248e-003 -3.552153692e+002 -3.552153692e+002 +1.4904e+000 -2.8543e+000
1520 0 +1.862767572e-003 -3.552181372e+002 -3.552181372e+002 +1.4159e+000 -2.8733e+000
1523 0 +1.714181036e-003 -3.552182858e+002 -3.552182858e+002 +1.4374e+000 -2.8684e+000
1592 0 +6.015560962e-004 -3.552193984e+002 -3.552193984e+002 +1.4534e+000 -2.8629e+000
1598 0 +5.381331623e-004 -3.552194619e+002 -3.552194619e+002 +1.4359e+000 -2.8677e+000
1642 0 +4.980679552e-005 -3.552199502e+002 -3.552199502e+002 +1.4326e+000 -2.8685e+000
1671 0 +1.008861938e-005 -3.552199899e+002 -3.552199899e+002 +1.4309e+000 -2.8687e+000
1743 0 +4.728400427e-008 -3.552200000e+002 -3.552200000e+002 +1.4312e+000 -2.8688e+000
1759 0 +2.567878710e-008 -3.552200000e+002 -3.552200000e+002 +1.4312e+000 -2.8688e+000
1859 0 +3.881268640e-010 -3.552200000e+002 -3.552200000e+002 +1.4313e+000 -2.8687e+000
% f evaluations | g evaluations | best noise-free fitness - Fopt (9.917000000000e+001) + sum g_i+ | measured fitness | best measured fitness or single-digit g-values | x1 | x2...
1 0 +1.652810418e+001 +1.156981042e+002 +1.156981042e+002 -5.9075e-001 +1.1409e+000
4 0 +7.911275431e+000 +1.070812754e+002 +1.070812754e+002 +5.0000e+000 +5.0000e+000
28 0 +4.500629018e+000 +1.036706290e+002 +1.036706290e+002 -3.6762e+000 +4.0629e+000
65 0 +2.141971301e+000 +1.013119713e+002 +1.013119713e+002 +8.1791e-001 +1.0526e+000
179 0 +1.292159184e+000 +1.004621592e+002 +1.004621592e+002 -1.3361e+000 +2.2398e+000
186 0 +9.186337854e-001 +1.000886338e+002 +1.000886338e+002 -1.2878e+000 +2.2452e+000
199 0 +8.972384281e-001 +1.000672384e+002 +1.000672384e+002 -1.0183e+000 +1.7054e+000
306 0 +7.536108690e-001 +9.992361087e+001 +9.992361087e+001 -1.2524e+000 +2.1844e+000
329 0 +9.713057652e-002 +9.926713058e+001 +9.926713058e+001 -2.9422e+000 +2.8947e+000
790 0 +9.487664345e-002 +9.926487664e+001 +9.926487664e+001 -2.9197e+000 +2.8695e+000
797 0 +4.377740096e-002 +9.921377740e+001 +9.921377740e+001 -1.2127e+000 +2.0634e+000
817 0 +3.647587921e-002 +9.920647588e+001 +9.920647588e+001 -1.2161e+000 +2.0686e+000
896 0 +1.489190347e-002 +9.918489190e+001 +9.918489190e+001 -2.9628e+000 +2.9382e+000
897 0 +2.587998580e-003 +9.917258800e+001 +9.917258800e+001 -1.1999e+000 +2.0547e+000
1222 0 +2.739903661e-004 +9.917027399e+001 +9.917027399e+001 -1.2047e+000 +2.0604e+000
1604 0 +9.260574022e-005 +9.917009261e+001 +9.917009261e+001 -2.9453e+000 +2.9166e+000
1725 0 +2.470469383e-006 +9.917000247e+001 +9.917000247e+001 -1.2034e+000 +2.0584e+000
2156 0 +1.937774400e-006 +9.917000194e+001 +9.917000194e+001 -2.9439e+000 +2.9146e+000
2212 0 +1.411747789e-006 +9.917000141e+001 +9.917000141e+001 -2.9443e+000 +2.9150e+000
2214 0 +1.292001684e-006 +9.917000129e+001 +9.917000129e+001 -2.9442e+000 +2.9150e+000
2223 0 +1.109121371e-006 +9.917000111e+001 +9.917000111e+001 -2.9438e+000 +2.9144e+000
2233 0 +6.909672550e-007 +9.917000069e+001 +9.917000069e+001 -2.9440e+000 +2.9146e+000
2299 0 +3.004526690e-007 +9.917000030e+001 +9.917000030e+001 -2.9439e+000 +2.9145e+000
2316 0 +6.207429237e-009 +9.917000001e+001 +9.917000001e+001 -2.9439e+000 +2.9144e+000
% f evaluations | g evaluations | best noise-free fitness - Fopt (-5.179100000000e+002) + sum g_i+ | measured fitness | best measured fitness or single-digit g-values | x1 | x2...
1 0 +4.038056839e+001 -4.775294316e+002 -4.775294316e+002 -4.9480e+000 -7.6900e-001
2 0 +8.289968522e+000 -5.096200315e+002 -5.096200315e+002 +3.6375e-001 +3.4295e+000
50 0 +4.656497797e+000 -5.132535022e+002 -5.132535022e+002 -1.5333e+000 +3.0861e+000
61 0 +2.468895891e+000 -5.154411041e+002 -5.154411041e+002 -3.7781e+000 +2.6775e+000
95 0 +2.399789777e+000 -5.155102102e+002 -5.155102102e+002 -1.6358e+000 +3.0646e+000
97 0 +1.013694609e+000 -5.168963054e+002 -5.168963054e+002 -4.4437e+000 +2.2201e+000
182 0 +2.257930454e-001 -5.176842070e+002 -5.176842070e+002 +3.6375e-001 +3.5713e+000
449 0 +1.810260606e-001 -5.177289739e+002 -5.177289739e+002 -2.2820e+000 -1.4771e+000
608 0 +1.247301893e-001 -5.177852698e+002 -5.177852698e+002 +5.4812e-001 +3.5984e+000
1248 0 +8.583806428e-002 -5.178241619e+002 -5.178241619e+002 +4.8688e-001 +3.5570e+000
1500 0 +4.365257515e-002 -5.178663474e+002 -5.178663474e+002 +6.1016e-001 +3.6265e+000
1633 0 +2.599585108e-002 -5.178840041e+002 -5.178840041e+002 +6.0884e-001 +3.6201e+000
1740 0 +1.871791627e-002 -5.178912821e+002 -5.178912821e+002 +6.4317e-001 +3.6265e+000
1742 0 +1.209231396e-002 -5.178979077e+002 -5.178979077e+002 +6.0738e-001 +3.6126e+000
1743 0 +8.274702036e-003 -5.179017253e+002 -5.179017253e+002 +6.1844e-001 +3.6209e+000
1803 0 +3.398570768e-003 -5.179066014e+002 -5.179066014e+002 +6.2148e-001 +3.6236e+000
1850 0 +2.268440360e-003 -5.179077316e+002 -5.179077316e+002 +6.4360e-001 +3.6358e+000
1963 0 +1.658042269e-003 -5.179083420e+002 -5.179083420e+002 +6.2423e-001 +3.6236e+000
1970 0 +1.004263740e-003 -5.179089957e+002 -5.179089957e+002 +6.3730e-001 +3.6299e+000
1998 0 +3.422205564e-004 -5.179096578e+002 -5.179096578e+002 +6.3205e-001 +3.6268e+000
2031 0 +7.799257241e-005 -5.179099220e+002 -5.179099220e+002 +6.2921e-001 +3.6250e+000
2101 0 +5.704707621e-005 -5.179099430e+002 -5.179099430e+002 +6.3243e-001 +3.6265e+000
2144 0 +1.734017587e-006 -5.179099983e+002 -5.179099983e+002 +6.3045e-001 +3.6252e+000
2184 0 +1.473902103e-006 -5.179099985e+002 -5.179099985e+002 +6.3048e-001 +3.6253e+000
2191 0 +8.776025879e-007 -5.179099991e+002 -5.179099991e+002 +6.3031e-001 +3.6253e+000
2243 0 +5.720868330e-007 -5.179099994e+002 -5.179099994e+002 +6.3065e-001 +3.6254e+000
2265 0 +4.775495199e-007 -5.179099995e+002 -5.179099995e+002 +6.3041e-001 +3.6253e+000
2283 0 +2.025426511e-007 -5.179099998e+002 -5.179099998e+002 +6.3041e-001 +3.6253e+000
2347 0 +4.100559181e-008 -5.179100000e+002 -5.179100000e+002 +6.3047e-001 +3.6253e+000
2370 0 +2.159799806e-008 -5.179100000e+002 -5.179100000e+002 +6.3045e-001 +3.6253e+000
2383 0 +2.289652912e-010 -5.179100000e+002 -5.179100000e+002 +6.3046e-001 +3.6253e+000
% f evaluations | g evaluations | best noise-free fitness - Fopt (-5.721000000000e+001) + sum g_i+ | measured fitness | best measured fitness or single-digit g-values | x1 | x2...
1 0 +3.622880501e+001 -2.098119499e+001 -2.098119499e+001 -3.4596e+000 +3.5980e+000
7 0 +1.797229197e+001 -3.923770803e+001 -3.923770803e+001 -4.6404e+000 +1.9326e+000
22 0 +6.110627785e+000 -5.109937221e+001 -5.109937221e+001 +6.9086e-001 +6.2474e-001
46 0 +4.505269182e+000 -5.270473082e+001 -5.270473082e+001 -4.8386e+000 +2.3470e+000
133 0 +3.037068514e+000 -5.417293149e+001 -5.417293149e+001 +3.8025e-001 +8.7008e-001
287 0 +2.898821785e+000 -5.431117821e+001 -5.431117821e+001 +4.3802e-001 +7.3562e-001
301 0 +1.967217425e+000 -5.524278257e+001 -5.524278257e+001 -4.3155e+000 +1.7835e+000
305 0 +7.629201731e-001 -5.644707983e+001 -5.644707983e+001 +4.2832e+000 +4.1904e+000
319 0 +7.479461490e-001 -5.646205385e+001 -5.646205385e+001 +4.5715e+000 +2.1984e+000
413 0 +3.678980465e-001 -5.684210195e+001 -5.684210195e+001 +3.4649e-001 +9.9828e-001
417 0 +3.304134281e-001 -5.687958657e+001 -5.687958657e+001 -4.3911e+000 +1.7788e+000
658 0 +1.114200930e-001 -5.709857991e+001 -5.709857991e+001 -3.3145e+000 -2.6937e+000
1152 0 +8.817624038e-002 -5.712182376e+001 -5.712182376e+001 -3.8598e+000 -3.3411e-001
1224 0 +3.989138497e-003 -5.720601086e+001 -5.720601086e+001 +4.0868e+000 +4.4109e+000
1559 0 +3.373766625e-003 -5.720662623e+001 -5.720662623e+001 +4.0868e+000 +4.4108e+000
1562 0 +1.641278568e-003 -5.720835872e+001 -5.720835872e+001 +4.0860e+000 +4.4107e+000
1579 0 +1.311756548e-003 -5.720868824e+001 -5.720868824e+001 +4.0862e+000 +4.4107e+000
1680 0 +1.207063772e-005 -5.720998793e+001 -5.720998793e+001 +4.0801e+000 +4.4178e+000
1699 0 +7.039078518e-006 -5.720999296e+001 -5.720999296e+001 +4.0802e+000 +4.4177e+000
1823 0 +5.053983053e-006 -5.720999495e+001 -5.720999495e+001 +4.0804e+000 +4.4176e+000
1877 0 +9.591589176e-007 -5.720999904e+001 -5.720999904e+001 +4.0803e+000 +4.4177e+000
1904 0 +5.529114446e-007 -5.720999945e+001 -5.720999945e+001 +4.0804e+000 +4.4175e+000
1934 0 +2.263040813e-007 -5.720999977e+001 -5.720999977e+001 +4.0803e+000 +4.4176e+000
1954 0 +1.360774604e-008 -5.720999999e+001 -5.720999999e+001 +4.0803e+000 +4.4177e+000
1969 0 +9.806903734e-009 -5.720999999e+001 -5.720999999e+001 +4.0802e+000 +4.4177e+000
% f evaluations | g evaluations | best noise-free fitness - Fopt (6.626000000000e+001) + sum g_i+ | measured fitness | best measured fitness or single-digit g-values | x1 | x2...
1 0 +5.110477058e+001 +1.173647706e+002 +1.173647706e+002 -2.3303e+000 +1.4647e+000
5 0 +4.098148082e+001 +1.072414808e+002 +1.072414808e+002 +2.4429e+000 +2.4061e+000
10 0 +3.274424886e+001 +9.900424886e+001 +9.900424886e+001 -3.6572e+000 -1.2476e+000
12 0 +9.812029689e+000 +7.607202969e+001 +7.607202969e+001 +4.2527e+000 -3.4487e+000
22 0 +6.328015645e+000 +7.258801564e+001 +7.258801564e+001 +2.6254e+000 +1.4172e+000
38 0 +3.593178910e+000 +6.985317891e+001 +6.985317891e+001 +1.8976e+000 -1.5782e+000
54 0 +3.123469300e+000 +6.938346930e+001 +6.938346930e+001 -1.2364e+000 -1.8402e+000
322 0 +2.699949472e+000 +6.895994947e+001 +6.895994947e+001 -3.7545e-001 +7.5290e-001
326 0 +8.039665912e-001 +6.706396659e+001 +6.706396659e+001 -1.1325e+000 -2.6236e+000
444 0 +6.045133941e-001 +6.686451339e+001 +6.686451339e+001 -1.1759e+000 -2.5554e+000
454 0 +2.545147853e-001 +6.651451479e+001 +6.651451479e+001 -1.1446e+000 -2.5468e+000
664 0 +1.757002086e-001 +6.643570021e+001 +6.643570021e+001 -1.1528e+000 -2.5207e+000
733 0 +1.918843133e-002 +6.627918843e+001 +6.627918843e+001 -1.1580e+000 -2.4024e+000
1133 0 +1.353348858e-002 +6.627353349e+001 +6.627353349e+001 -1.1593e+000 -2.4024e+000
1153 0 +1.115640707e-002 +6.627115641e+001 +6.627115641e+001 -1.1593e+000 -2.4316e+000
1215 0 +1.086971856e-002 +6.627086972e+001 +6.627086972e+001 -1.1600e+000 -2.4352e+000
1226 0 +1.013136720e-002 +6.627013137e+001 +6.627013137e+001 -1.1605e+000 -2.4328e+000
1250 0 +5.840459886e-003 +6.626584046e+001 +6.626584046e+001 -1.1597e+000 -2.4293e+000
1252 0 +5.496676426e-003 +6.626549668e+001 +6.626549668e+001 -1.1607e+000 -2.4237e+000
1257 0 +4.205091904e-003 +6.626420509e+001 +6.626420509e+001 -1.1628e+000 -2.3906e+000
1280 0 +8.409509234e-004 +6.626084095e+001 +6.626084095e+001 -1.1632e+000 -2.4013e+000
1359 0 +4.403195922e-004 +6.626044032e+001 +6.626044032e+001 -1.1623e+000 -2.4095e+000
1380 0 +2.510067428e-004 +6.626025101e+001 +6.626025101e+001 -1.1625e+000 -2.4086e+000
1426 0 +2.525099524e-005 +6.626002525e+001 +6.626002525e+001 -1.1625e+000 -2.4057e+000
1468 0 +3.253466787e-006 +6.626000325e+001 +6.626000325e+001 -1.1624e+000 -2.4059e+000
1482 0 +9.491193964e-007 +6.626000095e+001 +6.626000095e+001 -1.1624e+000 -2.4055e+000
1591 0 +2.080308548e-007 +6.626000021e+001 +6.626000021e+001 -1.1624e+000 -2.4057e+000
1608 0 +1.390656337e-007 +6.626000014e+001 +6.626000014e+001 -1.1624e+000 -2.4056e+000
1651 0 +4.264040854e-008 +6.626000004e+001 +6.626000004e+001 -1.1624e+000 -2.4056e+000
1751 0 +4.139722876e-008 +6.626000004e+001 +6.626000004e+001 -1.1624e+000 -2.4056e+000
1771 0 +3.452214514e-009 +6.626000000e+001 +6.626000000e+001 -1.1624e+000 -2.4056e+000
% f evaluations | g evaluations | best noise-free fitness - Fopt (-1.386200000000e+002) + sum g_i+ | measured fitness | best measured fitness or single-digit g-values | x1 | x2...
1 0 +1.444703468e+002 +5.850346784e+000 +5.850346784e+000 +4.1044e+000 +3.0135e+000
2 0 +9.037943231e+001 -4.824056769e+001 -4.824056769e+001 -6.9242e-001 -3.8566e+000
3 0 +5.694792681e+001 -8.167207319e+001 -8.167207319e+001 -3.4173e-001 -2.5921e+000
9 0 +3.545156842e+001 -1.031684316e+002 -1.031684316e+002 +4.1085e+000 -2.7103e+000
12 0 +1.534012128e+001 -1.232798787e+002 -1.232798787e+002 -8.7448e-001 -1.7036e+000
44 0 +1.488762108e+001 -1.237323789e+002 -1.237323789e+002 -2.6294e+000 +2.2885e+000
81 0 +1.200773791e+001 -1.266122621e+002 -1.266122621e+002 +6.6706e-002 +7.0472e-001
82 0 +9.827737095e+000 -1.287922629e+002 -1.287922629e+002 -4.0244e-001 -3.8566e+000
101 0 +9.086128100e+000 -1.295338719e+002 -1.295338719e+002 +1.9271e-001 +9.6739e-001
104 0 +7.932134561e+000 -1.306878654e+002 -1.306878654e+002 -2.6294e+000 +2.1666e+000
167 0 +5.058133905e+000 -1.335618661e+002 -1.335618661e+002 +2.5994e+000 -6.4008e-001
266 0 +3.491064153e+000 -1.351289358e+002 -1.351289358e+002 +2.7091e+000 -1.1184e+000
301 0 +2.780980644e+000 -1.358390194e+002 -1.358390194e+002 +1.9271e-001 +7.1526e-001
389 0 +2.648226729e+000 -1.359717733e+002 -1.359717733e+002 +2.6521e+000 -8.1978e-001
566 0 +2.089491543e+000 -1.365305085e+002 -1.365305085e+002 +2.6925e+000 -9.2140e-001
728 0 +8.542886877e-001 -1.377657113e+002 -1.377657113e+002 -2.7668e+000 +2.4441e+000
768 0 +7.104655597e-001 -1.379095344e+002 -1.379095344e+002 -2.7642e+000 +2.4371e+000
785 0 +1.016064360e-001 -1.385183936e+002 -1.385183936e+002 -2.6634e+000 +2.0974e+000
825 0 +8.430679878e-002 -1.385356932e+002 -1.385356932e+002 -2.7133e+000 +2.2018e+000
1036 0 +6.766421613e-002 -1.385523358e+002 -1.385523358e+002 -2.7068e+000 +2.1923e+000
1215 0 +3.624570134e-002 -1.385837543e+002 -1.385837543e+002 +2.5495e+000 -2.4635e-001
1475 0 +1.217970840e-002 -1.386078203e+002 -1.386078203e+002 +2.5432e+000 -2.4424e-001
1550 0 +1.070739363e-003 -1.386189293e+002 -1.386189293e+002 +2.5391e+000 -2.2475e-001
1611 0 +1.693861582e-004 -1.386198306e+002 -1.386198306e+002 -2.6798e+000 +2.1241e+000
1762 0 +1.143000981e-004 -1.386198857e+002 -1.386198857e+002 -2.6801e+000 +2.1244e+000
1918 0 +1.073755939e-004 -1.386198926e+002 -1.386198926e+002 -2.6789e+000 +2.1198e+000
2053 0 +9.835554383e-005 -1.386199016e+002 -1.386199016e+002 -2.6803e+000 +2.1240e+000
2128 0 +5.336875159e-005 -1.386199466e+002 -1.386199466e+002 -2.6789e+000 +2.1201e+000
2172 0 +1.605740107e-005 -1.386199839e+002 -1.386199839e+002 -2.6793e+000 +2.1212e+000
2200 0 +1.007614929e-005 -1.386199899e+002 -1.386199899e+002 -2.6792e+000 +2.1210e+000
2248 0 +6.856026857e-008 -1.386199999e+002 -1.386199999e+002 -2.6795e+000 +2.1220e+000
2397 0 +1.796809102e-008 -1.386200000e+002 -1.386200000e+002 -2.6794e+000 +2.1219e+000
2463 0 +7.399734159e-009 -1.386200000e+002 -1.386200000e+002 -2.6794e+000 +2.1219e+000
% f evaluations | g evaluations | best noise-free fitness - Fopt (7.313900000000e+002) + sum g_i+ | measured fitness | best measured fitness or single-digit g-values | x1 | x2...
1 0 +2.963151325e+001 +7.610215132e+002 +7.610215132e+002 +3.9323e+000 -4.5550e+000
5 0 +2.222010379e+001 +7.536101038e+002 +7.536101038e+002 -1.8155e+000 +7.7323e-001
10 0 +2.082302664e+001 +7.522130266e+002 +7.522130266e+002 +3.3435e+000 +1.2155e+000
61 0 +8.088958724e+000 +7.394789587e+002 +7.394789587e+002 +4.2459e+000 -1.8654e+000
99 0 +4.031446897e+000 +7.354214469e+002 +7.354214469e+002 +1.0874e-001 +3.2789e+000
164 0 +6.979140654e-001 +7.320879141e+002 +7.320879141e+002 -5.4354e-002 +3.2167e+000
337 0 +4.841274308e-001 +7.318741274e+002 +7.318741274e+002 +3.1688e-002 +3.0503e+000
529 0 +4.189335535e-001 +7.318089336e+002 +7.318089336e+002 -3.1986e+000 +1.0850e+000
582 0 +2.288112016e-001 +7.316188112e+002 +7.316188112e+002 +7.3760e-001 -2.8970e+000
649 0 +6.587563763e-002 +7.314558756e+002 +7.314558756e+002 -3.1832e+000 +1.0099e+000
1157 0 +2.774233619e-002 +7.314177423e+002 +7.314177423e+002 -4.8794e+000 +2.6807e+000
1594 0 +2.044075533e-002 +7.314104408e+002 +7.314104408e+002 -4.8792e+000 +2.6872e+000
1734 0 +9.425247167e-003 +7.313994252e+002 +7.313994252e+002 -4.8787e+000 +2.6978e+000
1901 0 +4.700548609e-004 +7.313904701e+002 +7.313904701e+002 +2.0559e-001 +2.8368e+000
2781 0 +2.552727518e-004 +7.313902553e+002 +7.313902553e+002 +2.0586e-001 +2.8362e+000
2816 0 +2.053867281e-004 +7.313902054e+002 +7.313902054e+002 +2.1033e-001 +2.8305e+000
2912 0 +1.950331040e-004 +7.313901950e+002 +7.313901950e+002 +2.0737e-001 +2.8338e+000
2949 0 +1.503265707e-004 +7.313901503e+002 +7.313901503e+002 +2.0793e-001 +2.8331e+000
2983 0 +1.511441315e-005 +7.313900151e+002 +7.313900151e+002 +2.0922e-001 +2.8317e+000
3117 0 +1.249692230e-005 +7.313900125e+002 +7.313900125e+002 +2.0833e-001 +2.8329e+000
3120 0 +2.599369282e-006 +7.313900026e+002 +7.313900026e+002 +2.0905e-001 +2.8319e+000
3128 0 +3.083340516e-007 +7.313900003e+002 +7.313900003e+002 +2.0861e-001 +2.8325e+000
3152 0 +9.249902178e-008 +7.313900001e+002 +7.313900001e+002 +2.0863e-001 +2.8325e+000
3202 0 +1.179614628e-009 +7.313900000e+002 +7.313900000e+002 +2.0867e-001 +2.8324e+000
% f evaluations | g evaluations | best noise-free fitness - Fopt (7.526000000000e+001) + sum g_i+ | measured fitness | best measured fitness or single-digit g-values | x1 | x2...
1 0 +8.391306266e+001 +1.591730627e+002 +1.591730627e+002 +1.4837e+000 -2.2051e-001
4 0 +6.849915467e+001 +1.437591547e+002 +1.437591547e+002 +5.0000e+000 -5.0000e+000
5 0 +3.520690938e+001 +1.104669094e+002 +1.104669094e+002 +4.6992e+000 +3.2202e+000
8 0 +8.404315651e+000 +8.366431565e+001 +8.366431565e+001 +2.8966e+000 +1.0223e+000
35 0 +8.077249561e+000 +8.333724956e+001 +8.333724956e+001 -1.8788e+000 +1.1951e-001
55 0 +6.223509235e+000 +8.148350924e+001 +8.148350924e+001 -1.9218e+000 +3.2787e-001
67 0 +4.759621435e+000 +8.001962144e+001 +8.001962144e+001 -2.0953e+000 +1.1037e-001
125 0 +3.768583848e+000 +7.902858385e+001 +7.902858385e+001 +3.1736e+000 +2.8016e+000
177 0 +1.915974184e+000 +7.717597418e+001 +7.717597418e+001 +2.7348e+000 +9.4714e-001
337 0 +3.376093045e-001 +7.559760930e+001 +7.559760930e+001 -9.4328e-001 +2.9265e+000
497 0 +7.067899019e-002 +7.533067899e+001 +7.533067899e+001 -9.5798e-001 +2.9164e+000
590 0 +1.341103323e-002 +7.527341103e+001 +7.527341103e+001 -1.0076e+000 +2.8526e+000
1088 0 +1.017639813e-002 +7.527017640e+001 +7.527017640e+001 -1.0034e+000 +2.8579e+000
1119 0 +3.646004063e-003 +7.526364600e+001 +7.526364600e+001 -1.0172e+000 +2.8438e+000
1151 0 +1.737906132e-003 +7.526173791e+001 +7.526173791e+001 -1.0208e+000 +2.8392e+000
1172 0 +6.209448786e-004 +7.526062094e+001 +7.526062094e+001 -1.0252e+000 +2.8307e+000
1189 0 +1.342790826e-004 +7.526013428e+001 +7.526013428e+001 -1.0251e+000 +2.8324e+000
1248 0 +2.122185914e-005 +7.526002122e+001 +7.526002122e+001 -1.0240e+000 +2.8337e+000
1283 0 +1.932531436e-005 +7.526001933e+001 +7.526001933e+001 -1.0244e+000 +2.8328e+000
1354 0 +6.063751087e-006 +7.526000606e+001 +7.526000606e+001 -1.0239e+000 +2.8336e+000
1365 0 +2.695331617e-006 +7.526000270e+001 +7.526000270e+001 -1.0243e+000 +2.8331e+000
1375 0 +1.445247079e-006 +7.526000145e+001 +7.526000145e+001 -1.0242e+000 +2.8332e+000
1417 0 +1.211537892e-007 +7.526000012e+001 +7.526000012e+001 -1.0242e+000 +2.8333e+000
1469 0 +9.967564552e-008 +7.526000010e+001 +7.526000010e+001 -1.0242e+000 +2.8333e+000
1482 0 +2.216714279e-008 +7.526000002e+001 +7.526000002e+001 -1.0242e+000 +2.8333e+000
1489 0 +1.284598738e-008 +7.526000001e+001 +7.526000001e+001 -1.0242e+000 +2.8333e+000
1490 0 +1.076368505e-008 +7.526000001e+001 +7.526000001e+001 -1.0242e+000 +2.8333e+000
1509 0 +3.254285730e-012 +7.526000000e+001 +7.526000000e+001 -1.0242e+000 +2.8333e+000
% f evaluations | g evaluations | best noise-free fitness - Fopt (-4.913000000000e+001) + sum g_i+ | measured fitness | best measured fitness or single-digit g-values | x1 | x2...
1 0 +1.407575834e+002 +9.162758337e+001 +9.162758337e+001 -1.2968e+000 +1.6724e+000
3 0 +8.416618461e+001 +3.503618461e+001 +3.503618461e+001 +2.1117e-001 +3.3472e+000
5 0 +6.463006203e+001 +1.550006203e+001 +1.550006203e+001 +1.1116e+000 +4.9385e+000
6 0 +1.233672103e+001 -3.679327897e+001 -3.679327897e+001 +2.6512e-002 +5.0000e+000
17 0 +9.019776568e+000 -4.011022343e+001 -4.011022343e+001 +4.2958e+000 -3.0020e+000
38 0 +6.135742779e+000 -4.299425722e+001 -4.299425722e+001 -2.1369e+000 -4.5296e+000
109 0 +4.442492139e+000 -4.468750786e+001 -4.468750786e+001 -8.6036e-001 -3.5208e+000
159 0 +5.002673073e-001 -4.862973269e+001 -4.862973269e+001 -1.5313e+000 -4.0603e+000
162 0 +1.961082738e-001 -4.893389173e+001 -4.893389173e+001 -1.4757e+000 -4.0076e+000
631 0 +4.463831959e-002 -4.908536168e+001 -4.908536168e+001 -1.7852e+000 -1.0425e+000
734 0 +1.083451082e-002 -4.911916549e+001 -4.911916549e+001 -1.7182e+000 -9.9125e-001
883 0 +8.916967743e-003 -4.912108303e+001 -4.912108303e+001 -1.7551e+000 -1.0146e+000
969 0 +5.990958751e-003 -4.912400904e+001 -4.912400904e+001 -1.7462e+000 -1.0116e+000
1023 0 +1.680880994e-003 -4.912831912e+001 -4.912831912e+001 -1.7306e+000 -1.0015e+000
1063 0 +1.479104917e-003 -4.912852090e+001 -4.912852090e+001 -1.7394e+000 -1.0073e+000
1069 0 +4.101342200e-004 -4.912958987e+001 -4.912958987e+001 -1.7347e+000 -1.0047e+000
1176 0 +3.221209065e-004 -4.912967788e+001 -4.912967788e+001 -1.7370e+000 -1.0060e+000
1206 0 +2.656499554e-004 -4.912973435e+001 -4.912973435e+001 -1.7376e+000 -1.0062e+000
1230 0 +5.940508478e-005 -4.912994059e+001 -4.912994059e+001 -1.7366e+000 -1.0052e+000
1281 0 +2.638148833e-005 -4.912997362e+001 -4.912997362e+001 -1.7357e+000 -1.0049e+000
1283 0 +8.910987930e-007 -4.912999911e+001 -4.912999911e+001 -1.7351e+000 -1.0044e+000
1369 0 +7.716316617e-007 -4.912999923e+001 -4.912999923e+001 -1.7350e+000 -1.0045e+000
1376 0 +2.551900238e-007 -4.912999974e+001 -4.912999974e+001 -1.7353e+000 -1.0046e+000
1396 0 +4.609675841e-008 -4.912999995e+001 -4.912999995e+001 -1.7352e+000 -1.0046e+000
1489 0 +1.691216056e-008 -4.912999998e+001 -4.912999998e+001 -1.7352e+000 -1.0045e+000
1529 0 +3.907985047e-013 -4.913000000e+001 -4.913000000e+001 -1.7352e+000 -1.0046e+000
% f evaluations | g evaluations | best noise-free fitness - Fopt (-1.418900000000e+002) + sum g_i+ | measured fitness | best measured fitness or single-digit g-values | x1 | x2...
1 0 +8.003767530e+001 -6.185232470e+001 -6.185232470e+001 -4.1412e+000 +2.0723e+000
11 0 +7.266826620e+001 -6.922173380e+001 -6.922173380e+001 +1.2961e+000 -4.8697e+000
12 0 +5.174460337e+001 -9.014539663e+001 -9.014539663e+001 +1.6066e+000 -4.7287e+000
13 0 +3.409838521e+001 -1.077916148e+002 -1.077916148e+002 -2.7975e+000 +2.3207e-001
18 0 +2.588911086e+001 -1.160008891e+002 -1.160008891e+002 +2.5002e+000 -4.7171e+000
22 0 +7.730403743e+000 -1.341595963e+002 -1.341595963e+002 +1.6313e+000 -4.6525e+000
37 0 +6.421943854e+000 -1.354680561e+002 -1.354680561e+002 +9.2471e-001 -4.4570e+000
38 0 +1.662479624e+000 -1.402275204e+002 -1.402275204e+002 +1.0629e+000 -3.0622e+000
99 0 +2.019209350e-001 -1.416880791e+002 -1.416880791e+002 +8.4445e-001 -4.4002e+000
297 0 +1.081698572e-001 -1.417818301e+002 -1.417818301e+002 +9.6310e-001 -4.3240e+000
349 0 +7.636514406e-002 -1.418136349e+002 -1.418136349e+002 +8.8640e-001 -4.3411e+000
383 0 +5.751628682e-002 -1.418324837e+002 -1.418324837e+002 +8.4778e-001 -4.3762e+000
458 0 +4.434729866e-003 -1.418855653e+002 -1.418855653e+002 +7.6273e-001 -4.4086e+000
671 0 +2.909718592e-003 -1.418870903e+002 -1.418870903e+002 +7.3358e-001 -4.4163e+000
712 0 +1.797487534e-003 -1.418882025e+002 -1.418882025e+002 +7.5609e-001 -4.4109e+000
713 0 +9.525485208e-005 -1.418899047e+002 -1.418899047e+002 +7.3069e-001 -4.4158e+000
751 0 +5.914617208e-005 -1.418899409e+002 -1.418899409e+002 +7.3317e-001 -4.4149e+000
772 0 +2.736687395e-005 -1.418899726e+002 -1.418899726e+002 +7.3772e-001 -4.4141e+000
888 0 +2.208180035e-005 -1.418899779e+002 -1.418899779e+002 +7.3540e-001 -4.4146e+000
897 0 +1.202661721e-005 -1.418899880e+002 -1.418899880e+002 +7.3670e-001 -4.4142e+000
917 0 +9.979774774e-006 -1.418899900e+002 -1.418899900e+002 +7.3670e-001 -4.4143e+000
920 0 +3.425074112e-006 -1.418899966e+002 -1.418899966e+002 +7.3601e-001 -4.4143e+000
936 0 +3.189740710e-006 -1.418899968e+002 -1.418899968e+002 +7.3522e-001 -4.4145e+000
958 0 +3.009956544e-006 -1.418899970e+002 -1.418899970e+002 +7.3533e-001 -4.4144e+000
972 0 +1.744915522e-006 -1.418899983e+002 -1.418899983e+002 +7.3542e-001 -4.4145e+000
980 0 +1.143493648e-006 -1.418899989e+002 -1.418899989e+002 +7.3610e-001 -4.4143e+000
988 0 +2.451685077e-009 -1.418900000e+002 -1.418900000e+002 +7.3565e-001 -4.4144e+000
% f evaluations | g evaluations | best noise-free fitness - Fopt (1.095700000000e+002) + sum g_i+ | measured fitness | best measured fitness or single-digit g-values | x1 | x2...
1 0 +3.157534378e+001 +1.411453438e+002 +1.411453438e+002 -3.0404e+000 +1.3136e+000
5 0 +7.455312766e+000 +1.170253128e+002 +1.170253128e+002 -1.3369e+000 +2.0143e+000
6 0 +8.709394139e-001 +1.104409394e+002 +1.104409394e+002 +5.0000e+000 -7.9276e-001
217 0 +4.027378967e-001 +1.099727379e+002 +1.099727379e+002 +4.2409e-001 -1.2678e+000
554 0 +3.673061395e-001 +1.099373061e+002 +1.099373061e+002 +3.0039e+000 +3.5353e+000
566 0 +3.206314646e-001 +1.098906315e+002 +1.098906315e+002 +3.0154e+000 +3.3769e+000
621 0 +7.031274991e-002 +1.096403127e+002 +1.096403127e+002 +3.0169e+000 +3.4391e+000
804 0 +5.689212548e-003 +1.095756892e+002 +1.095756892e+002 +3.0458e+000 +3.3267e+000
974 0 +4.690925604e-003 +1.095746909e+002 +1.095746909e+002 +3.0362e+000 +3.3472e+000
1039 0 +1.445465145e-003 +1.095714455e+002 +1.095714455e+002 +3.0427e+000 +3.3305e+000
1099 0 +6.376812048e-004 +1.095706377e+002 +1.095706377e+002 +3.0422e+000 +3.3293e+000
1219 0 +6.800514859e-005 +1.095700680e+002 +1.095700680e+002 +3.0412e+000 +3.3355e+000
1262 0 +3.678175945e-005 +1.095700368e+002 +1.095700368e+002 +3.0410e+000 +3.3355e+000
1324 0 +1.409934785e-005 +1.095700141e+002 +1.095700141e+002 +3.0411e+000 +3.3362e+000
1336 0 +2.819758734e-006 +1.095700028e+002 +1.095700028e+002 +3.0408e+000 +3.3368e+000
1352 0 +1.633773991e-006 +1.095700016e+002 +1.095700016e+002 +3.0407e+000 +3.3371e+000
1364 0 +1.335265637e-006 +1.095700013e+002 +1.095700013e+002 +3.0407e+000 +3.3370e+000
1395 0 +2.714985072e-007 +1.095700003e+002 +1.095700003e+002 +3.0408e+000 +3.3367e+000
1457 0 +7.442115191e-008 +1.095700001e+002 +1.095700001e+002 +3.0408e+000 +3.3369e+000
1507 0 +1.096302071e-008 +1.095700000e+002 +1.095700000e+002 +3.0408e+000 +3.3368e+000
1529 0 +8.357545767e-009 +1.095700000e+002 +1.095700000e+002 +3.0408e+000 +3.3368e+000
% f evaluations | g evaluations | best noise-free fitness - Fopt (7.836000000000e+001) + sum g_i+ | measured fitness | best measured fitness or single-digit g-values | x1 | x2...
1 0 +3.738717211e+001 +1.157471721e+002 +1.157471721e+002 -1.8084e+000 +3.2383e+000
3 0 +1.642993256e+001 +9.478993256e+001 +9.478993256e+001 -2.4247e+000 +2.4772e+000
21 0 +7.403794560e+000 +8.576379456e+001 +8.576379456e+001 -2.2519e+000 +2.4100e+000
41 0 +4.477269371e+000 +8.283726937e+001 +8.283726937e+001 -1.2290e+000 +1.6116e+000
69 0 +3.934429424e+000 +8.229442942e+001 +8.229442942e+001 -4.1265e+000 -1.8457e+000
164 0 +3.378393752e+000 +8.173839375e+001 +8.173839375e+001 -1.7726e+000 +1.4565e+000
169 0 +1.223993959e+000 +7.958399396e+001 +7.958399396e+001 -3.6532e+000 -6.9596e-001
179 0 +1.040513474e+000 +7.940051347e+001 +7.940051347e+001 -2.7294e+000 +4.0585e-001
221 0 +9.417516787e-001 +7.930175168e+001 +7.930175168e+001 -2.6512e+000 +3.4504e-001
249 0 +3.925165577e-001 +7.875251656e+001 +7.875251656e+001 -2.6802e+000 +3.5171e-001
380 0 +1.630966388e-001 +7.852309664e+001 +7.852309664e+001 -1.7613e+000 +1.5498e+000
395 0 +1.198566680e-001 +7.847985667e+001 +7.847985667e+001 -4.1591e-001 +3.7851e+000
453 0 +8.911427255e-002 +7.844911427e+001 +7.844911427e+001 -1.8541e+000 +1.5433e+000
508 0 +8.082459809e-002 +7.844082460e+001 +7.844082460e+001 -2.7179e+000 +3.6320e-001
548 0 +5.091688472e-003 +7.836509169e+001 +7.836509169e+001 -1.8126e+000 +1.5487e+000
740 0 +2.829273565e-003 +7.836282927e+001 +7.836282927e+001 -1.7892e+000 +1.5543e+000
1028 0 +2.672817198e-003 +7.836267282e+001 +7.836267282e+001 -1.7915e+000 +1.5541e+000
1064 0 +7.743368131e-004 +7.836077434e+001 +7.836077434e+001 -1.7975e+000 +1.5535e+000
1125 0 +6.129537495e-004 +7.836061295e+001 +7.836061295e+001 -1.8087e+000 +1.5530e+000
1164 0 +5.459352052e-004 +7.836054594e+001 +7.836054594e+001 -1.7983e+000 +1.5532e+000
1175 0 +5.268827389e-004 +7.836052688e+001 +7.836052688e+001 -1.8042e+000 +1.5530e+000
1183 0 +8.259715754e-005 +7.836008260e+001 +7.836008260e+001 -1.8082e+000 +1.5526e+000
1236 0 +4.858362715e-005 +7.836004858e+001 +7.836004858e+001 -1.8099e+000 +1.5521e+000
1268 0 +5.995497688e-006 +7.836000600e+001 +7.836000600e+001 -1.8085e+000 +1.5524e+000
1339 0 +2.732537652e-006 +7.836000273e+001 +7.836000273e+001 -1.8089e+000 +1.5524e+000
1389 0 +6.595173829e-008 +7.836000007e+001 +7.836000007e+001 -1.8087e+000 +1.5523e+000
1508 0 +1.536761829e-010 +7.836000000e+001 +7.836000000e+001 -1.8088e+000 +1.5523e+000
% f evaluations | g evaluations | best noise-free fitness - Fopt (1.140900000000e+002) + sum g_i+ | measured fitness | best measured fitness or single-digit g-values | x1 | x2...
1 0 +1.399198998e+002 +2.540098998e+002 +2.540098998e+002 +3.3595e+000 +1.5513e-001
2 0 +8.493494078e+001 +1.990249408e+002 +1.990249408e+002 +3.8187e+000 -1.2404e+000
4 0 +1.630392191e+001 +1.303939219e+002 +1.303939219e+002 +5.0000e+000 +5.0000e+000
16 0 +3.570152394e+000 +1.176601524e+002 +1.176601524e+002 -3.6400e+000 +4.4752e+000
61 0 +3.437475816e+000 +1.175274758e+002 +1.175274758e+002 +4.4677e+000 +2.4739e+000
68 0 +2.748851231e+000 +1.168388512e+002 +1.168388512e+002 +2.8960e+000 +6.2859e-001
359 0 +1.826343897e-001 +1.142726344e+002 +1.142726344e+002 +1.1590e+000 -9.5089e-001
451 0 +3.684255165e-002 +1.141268426e+002 +1.141268426e+002 +1.1568e+000 -9.0064e-001
704 0 +3.065843605e-002 +1.141206584e+002 +1.141206584e+002 +2.9924e+000 +1.2057e+000
789 0 +1.429233825e-002 +1.141042923e+002 +1.141042923e+002 +2.9835e+000 +1.2699e+000
964 0 +5.267024217e-003 +1.140952670e+002 +1.140952670e+002 +4.5255e+000 +2.8403e+000
1091 0 +3.720370205e-003 +1.140937204e+002 +1.140937204e+002 +2.9884e+000 +1.2368e+000
1179 0 +3.709899683e-003 +1.140937099e+002 +1.140937099e+002 +1.1637e+000 -8.4446e-001
1440 0 +2.192237021e-004 +1.140902192e+002 +1.140902192e+002 +1.1612e+000 -8.6231e-001
1659 0 +1.524341583e-004 +1.140901524e+002 +1.140901524e+002 +1.1612e+000 -8.6185e-001
1732 0 +6.928433170e-005 +1.140900693e+002 +1.140900693e+002 +1.1617e+000 -8.5809e-001
1839 0 +6.236804263e-005 +1.140900624e+002 +1.140900624e+002 +1.1612e+000 -8.6104e-001
1873 0 +4.318094877e-005 +1.140900432e+002 +1.140900432e+002 +1.1613e+000 -8.6088e-001
1895 0 +5.882036305e-006 +1.140900059e+002 +1.140900059e+002 +1.1616e+000 -8.6010e-001
1963 0 +1.855275684e-007 +1.140900002e+002 +1.140900002e+002 +1.1616e+000 -8.5964e-001
2083 0 +5.508100287e-008 +1.140900001e+002 +1.140900001e+002 +1.1616e+000 -8.5964e-001
2185 0 +1.607499200e-008 +1.140900000e+002 +1.140900000e+002 +1.1616e+000 -8.5966e-001
2191 0 +4.308589041e-010 +1.140900000e+002 +1.140900000e+002 +1.1616e+000 -8.5963e-001
% f evaluations | g evaluations | best noise-free fitness - Fopt (-5.445900000000e+002) + sum g_i+ | measured fitness | best measured fitness or single-digit g-values | x1 | x2...
1 0 +2.382063501e+001 -5.207693650e+002 -5.207693650e+002 +3.6033e-001 +3.3770e+000
2 0 +6.632332612e+000 -5.379576674e+002 -5.379576674e+002 -1.8624e+000 +3.2282e+000
20 0 +6.332705145e+000 -5.382572949e+002 -5.382572949e+002 -4.9262e+000 -1.1380e+000
77 0 +6.070725068e+000 -5.385192749e+002 -5.385192749e+002 -2.5193e+000 -1.9444e+000
117 0 +2.512560807e+000 -5.420774392e+002 -5.420774392e+002 -2.6383e+000 -1.6679e+000
118 0 +1.301706748e+000 -5.432882933e+002 -5.432882933e+002 -2.6649e+000 -1.8005e+000
119 0 +6.329445911e-001 -5.439570554e+002 -5.439570554e+002 +8.7548e-001 -2.1432e+000
198 0 +1.163662343e-001 -5.444736338e+002 -5.444736338e+002 -4.5138e+000 -1.2699e+000
318 0 +2.604073448e-002 -5.445639593e+002 -5.445639593e+002 -4.4161e+000 -1.3450e+000
484 0 +2.005110376e-002 -5.445699489e+002 -5.445699489e+002 -4.4109e+000 -1.3588e+000
552 0 +6.706711980e-004 -5.445893293e+002 -5.445893293e+002 -4.4255e+000 -1.3499e+000
701 0 +1.279392757e-005 -5.445899872e+002 -5.445899872e+002 -4.4344e+000 -1.3413e+000
911 0 +1.226821223e-005 -5.445899877e+002 -5.445899877e+002 -4.4341e+000 -1.3417e+000
982 0 +8.096425745e-006 -5.445899919e+002 -5.445899919e+002 -4.4345e+000 -1.3412e+000
988 0 +7.794114140e-006 -5.445899922e+002 -5.445899922e+002 -4.4342e+000 -1.3415e+000
1006 0 +7.215557616e-006 -5.445899928e+002 -5.445899928e+002 -4.4328e+000 -1.3427e+000
1011 0 +5.975099384e-007 -5.445899994e+002 -5.445899994e+002 -4.4338e+000 -1.3418e+000
1080 0 +1.343803433e-007 -5.445899999e+002 -5.445899999e+002 -4.4337e+000 -1.3419e+000
1095 0 +1.063767741e-008 -5.445900000e+002 -5.445900000e+002 -4.4337e+000 -1.3419e+000
1199 0 +1.016576334e-008 -5.445900000e+002 -5.445900000e+002 -4.4338e+000 -1.3418e+000
1202 0 +7.155335879e-009 -5.445900000e+002 -5.445900000e+002 -4.4338e+000 -1.3418e+000
