% f evaluations | g evaluations | best noise-free fitness - Fopt (7.135000000000e+001) + sum g_i+ | measured fitness | best measured fitness or single-digit g-values | x1 | x2...
1 0 +1.783774732e+002 +2.497274732e+002 +2.497274732e+002 -1.8855e-001 -8.9077e-001 -1.3751e+000
2 0 +1.717077435e+002 +2.430577435e+002 +2.430577435e+002 +1.3695e+000 -2.6529e+000 -1.7826e+000
3 0 +7.789031849e+001 +1.492403185e+002 +1.492403185e+002 -2.8719e+000 -1.5787e+000 +4.9673e+000
7 0 +5.255739209e+001 +1.239073921e+002 +1.239073921e+002 -4.5383e+000 +4.4910e+000 +1.5186e+000
10 0 +1.486664878e+001 +8.621664878e+001 +8.621664878e+001 -2.0758e+000 -6.5456e-001 -5.9873e-001
11 0 +1.003574108e+001 +8.138574108e+001 +8.138574108e+001 -5.0000e+000 +5.0000e+000 -5.0000e+000
14 0 +7.464607933e+000 +7.881460793e+001 +7.881460793e+001 +1.3654e+000 -2.5779e+000 +9.9830e-001
215 0 +3.384129357e+000 +7.473412936e+001 +7.473412936e+001 -1.7380e+000 -7.7895e-001 -1.0819e+000
470 0 +3.208959823e+000 +7.455895982e+001 +7.455895982e+001 +3.4979e+000 +3.0032e+000 +4.5960e+000
755 0 +2.568497086e+000 +7.391849709e+001 +7.391849709e+001 -1.4752e+000 -7.6469e-001 -1.0289e+000
821 0 +1.120004010e+000 +7.247000401e+001 +7.247000401e+001 -1.8532e+000 -3.2136e-001 -8.8451e-001
919 0 +4.846169890e-001 +7.183461699e+001 +7.183461699e+001 -1.8175e+000 -3.9515e-001 -9.3732e-001
1581 0 +2.193925783e-001 +7.156939258e+001 +7.156939258e+001 -1.8358e+000 -4.1760e-001 -9.4358e-001
1787 0 +7.620815224e-002 +7.142620815e+001 +7.142620815e+001 -1.9668e+000 -2.1306e-001 -8.9507e-001
2029 0 +6.807501025e-002 +7.141807501e+001 +7.141807501e+001 -1.8175e+000 -3.9515e-001 -9.7759e-001
2087 0 +3.089104799e-002 +7.138089105e+001 +7.138089105e+001 -1.8722e+000 -3.5229e-001 -9.4934e-001
2594 0 +1.542106215e-002 +7.136542106e+001 +7.136542106e+001 -1.8542e+000 -3.4770e-001 -9.6542e-001
2653 0 +1.436145879e-002 +7.136436146e+001 +7.136436146e+001 -1.8843e+000 -2.8528e-001 -9.3550e-001
2660 0 +3.913769653e-003 +7.135391377e+001 +7.135391377e+001 -1.8832e+000 -3.1195e-001 -9.4507e-001
2681 0 +2.287110684e-003 +7.135228711e+001 +7.135228711e+001 -1.8974e+000 -3.0211e-001 -9.2869e-001
2710 0 +2.017083913e-003 +7.135201708e+001 +7.135201708e+001 -1.8914e+000 -2.9807e-001 -9.3773e-001
2814 0 +1.356119128e-003 +7.135135612e+001 +7.135135612e+001 -1.8857e+000 -3.0118e-001 -9.3804e-001
2819 0 +4.694392074e-004 +7.135046944e+001 +7.135046944e+001 -1.8905e+000 -2.9354e-001 -9.3912e-001
2841 0 +3.298719515e-004 +7.135032987e+001 +7.135032987e+001 -1.8832e+000 -3.0141e-001 -9.4354e-001
2878 0 +2.823738962e-004 +7.135028237e+001 +7.135028237e+001 -1.8832e+000 -3.0154e-001 -9.4354e-001
2894 0 +8.868966802e-006 +7.135000887e+001 +7.135000887e+001 -1.8859e+000 -2.9973e-001 -9.4077e-001
3241 0 +5.265158748e-006 +7.135000527e+001 +7.135000527e+001 -1.8863e+000 -2.9941e-001 -9.4013e-001
3284 0 +2.034938973e-007 +7.135000020e+001 +7.135000020e+001 -1.8859e+000 -2.9914e-001 -9.4050e-001
3484 0 +1.422696272e-007 +7.135000014e+001 +7.135000014e+001 -1.8858e+000 -2.9924e-001 -9.4056e-001
3697 0 +5.955412519e-008 +7.135000006e+001 +7.135000006e+001 -1.8859e+000 -2.9916e-001 -9.4050e-001
3784 0 +3.894984957e-008 +7.135000004e+001 +7.135000004e+001 -1.8859e+000 -2.9923e-001 -9.4050e-001
3816 0 +2.622769557e-009 +7.135000000e+001 +7.135000000e+001 -1.8859e+000 -2.9920e-001 -9.4052e-001
% f evaluations | g evaluations | best noise-free fitness - Fopt (-3.552200000000e+002) + sum g_i+ | measured fitness | best measured fitness or single-digit g-values | x1 | x2...
1 0 +1.453091857e+002 -2.099108143e+002 -2.099108143e+002 -2.9833e+000 -1.3942e+000 -4.3347e+000
2 0 +3.084207731e+001 -3.243779227e+002 -3.243779227e+002 -1.9327e+000 -6.7633e-001 +1.8543e+000
39 0 +1.761799865e+001 -3.376020014e+002 -3.376020014e+002 -3.2804e+000 -3.0035e+000 -1.3237e+000
90 0 +1.628788816e+001 -3.389321118e+002 -3.389321118e+002 -1.9278e+000 -2.7718e+000 +1.3781e+000
200 0 +1.145648622e+001 -3.437635138e+002 -3.437635138e+002 -4.5880e+000 -1.9249e+000 +3.9884e+000
220 0 +6.631774395e+000 -3.485882256e+002 -3.485882256e+002 -1.1203e+000 -2.6950e+000 +1.3921e+000
253 0 +9.230642314e-001 -3.542969358e+002 -3.542969358e+002 -3.9417e+000 -5.4961e-001 +4.5569e+000
1999 0 +6.765707027e-001 -3.545434293e+002 -3.545434293e+002 -1.0536e+000 -2.9745e+000 +1.1105e+000
2053 0 +6.209119373e-001 -3.545990881e+002 -3.545990881e+002 -3.9508e+000 -7.5503e-001 +4.3343e+000
2442 0 +2.391044859e-001 -3.549808955e+002 -3.549808955e+002 -3.1829e+000 +1.4262e+000 -9.9692e-001
3275 0 +1.113326780e-002 -3.552088667e+002 -3.552088667e+002 -4.3041e+000 +1.6395e-001 -9.9904e-001
4228 0 +8.567194776e-003 -3.552114328e+002 -3.552114328e+002 -4.3047e+000 +1.4829e-001 -9.9405e-001
4289 0 +3.906024161e-003 -3.552160940e+002 -3.552160940e+002 -4.3087e+000 +1.6395e-001 -9.9904e-001
4319 0 +2.085999873e-003 -3.552179140e+002 -3.552179140e+002 -4.3055e+000 +1.5149e-001 -9.9735e-001
4491 0 +6.188063313e-004 -3.552193812e+002 -3.552193812e+002 -4.3064e+000 +1.6212e-001 -9.9075e-001
4563 0 +6.054661896e-004 -3.552193945e+002 -3.552193945e+002 -4.3088e+000 +1.4978e-001 -1.0059e+000
4582 0 +4.245800260e-004 -3.552195754e+002 -3.552195754e+002 -4.3086e+000 +1.5329e-001 -9.9717e-001
4711 0 +3.184410734e-004 -3.552196816e+002 -3.552196816e+002 -4.3077e+000 +1.5529e-001 -9.9729e-001
4721 0 +2.351760097e-004 -3.552197648e+002 -3.552197648e+002 -4.3089e+000 +1.5747e-001 -9.9652e-001
4723 0 +5.219621499e-005 -3.552199478e+002 -3.552199478e+002 -4.3085e+000 +1.6008e-001 -9.9400e-001
4808 0 +1.087638441e-005 -3.552199891e+002 -3.552199891e+002 -4.3086e+000 +1.5790e-001 -9.9453e-001
5038 0 +5.094337894e-006 -3.552199949e+002 -3.552199949e+002 -4.3085e+000 +1.5781e-001 -9.9466e-001
5189 0 +3.184469620e-006 -3.552199968e+002 -3.552199968e+002 -4.3085e+000 +1.5798e-001 -9.9491e-001
5217 0 +2.802206495e-006 -3.552199972e+002 -3.552199972e+002 -4.3085e+000 +1.5784e-001 -9.9501e-001
5223 0 +2.250092450e-006 -3.552199977e+002 -3.552199977e+002 -4.3085e+000 +1.5752e-001 -9.9503e-001
5252 0 +1.329070471e-006 -3.552199987e+002 -3.552199987e+002 -4.3084e+000 +1.5792e-001 -9.9471e-001
5325 0 +1.136505148e-007 -3.552199999e+002 -3.552199999e+002 -4.3084e+000 +1.5768e-001 -9.9503e-001
5336 0 +1.108386982e-007 -3.552199999e+002 -3.552199999e+002 -4.3084e+000 +1.5791e-001 -9.9482e-001
5372 0 +3.110562830e-008 -3.552200000e+002 -3.552200000e+002 -4.3084e+000 +1.5776e-001 -9.9498e-001
5458 0 +9.881546248e-009 -3.552200000e+002 -3.552200000e+002 -4.3084e+000 +1.5781e-001 -9.9498e-001
% f evaluations | g evaluations | best noise-free fitness - Fopt (9.917000000000e+001) + sum g_i+ | measured fitness | best measured fitness or single-digit g-values | x1 | x2...
1 0 +2.487934823e+001 +1.240493482e+002 +1.240493482e+002 -2.3061e+000 -2.2087e+000 +1.1347e+000
5 0 +2.035637302e+001 +1.195263730e+002 +1.195263730e+002 +5.0000e+000 -5.0000e+000 +5.0000e+000
7 0 +8.989197115e+000 +1.081591971e+002 +1.081591971e+002 -4.8111e-001 +3.0391e+000 -2.0685e+000
170 0 +4.980373509e+000 +1.041503735e+002 +1.041503735e+002 -1.2200e+000 -1.4544e-001 -1.9338e+000
375 0 +2.681680823e+000 +1.018516808e+002 +1.018516808e+002 +5.9102e-001 +1.3553e+000 +8.0384e-001
403 0 +1.627574196e+000 +1.007975742e+002 +1.007975742e+002 -4.1443e+000 +2.2279e+000 +8.7326e-001
1041 0 +9.022046410e-001 +1.000722046e+002 +1.000722046e+002 -2.6495e+000 -4.6529e+000 +2.9486e-001
2556 0 +2.022419528e-001 +9.937224195e+001 +9.937224195e+001 -2.6635e+000 -1.9593e+000 +1.5089e+000
3130 0 +1.517414072e-001 +9.932174141e+001 +9.932174141e+001 -2.6611e+000 -4.5811e+000 +3.0135e-001
3840 0 +1.429000480e-001 +9.931290005e+001 +9.931290005e+001 -2.6752e+000 -4.6689e+000 +3.4564e-001
4570 0 +7.584322884e-002 +9.924584323e+001 +9.924584323e+001 -2.6768e+000 -4.5811e+000 +3.3542e-001
6911 0 +6.363480022e-002 +9.923363480e+001 +9.923363480e+001 +5.4175e-001 +3.7768e+000 +1.9397e+000
6945 0 +5.319625610e-002 +9.922319626e+001 +9.922319626e+001 +5.1412e-001 +3.7390e+000 +1.9865e+000
6962 0 +1.156552130e-002 +9.918156552e+001 +9.918156552e+001 +5.7139e-001 +3.8255e+000 +1.9461e+000
7475 0 +8.862154375e-003 +9.917886215e+001 +9.917886215e+001 +5.5669e-001 +3.8056e+000 +1.9624e+000
7505 0 +7.012937925e-003 +9.917701294e+001 +9.917701294e+001 +5.2967e-001 +3.7593e+000 +1.9763e+000
7625 0 +3.792326165e-003 +9.917379233e+001 +9.917379233e+001 +5.3997e-001 +3.7776e+000 +1.9691e+000
7645 0 +2.160334067e-003 +9.917216033e+001 +9.917216033e+001 +5.4429e-001 +3.7854e+000 +1.9680e+000
7903 0 +1.604430434e-003 +9.917160443e+001 +9.917160443e+001 +5.4339e-001 +3.7837e+000 +1.9702e+000
8132 0 +8.847086574e-004 +9.917088471e+001 +9.917088471e+001 +5.4990e-001 +3.7939e+000 +1.9645e+000
8165 0 +7.886468868e-004 +9.917078865e+001 +9.917078865e+001 +5.4971e-001 +3.7943e+000 +1.9647e+000
8181 0 +7.075925879e-004 +9.917070759e+001 +9.917070759e+001 +5.4381e-001 +3.7815e+000 +1.9694e+000
8248 0 +2.296053633e-004 +9.917022961e+001 +9.917022961e+001 +5.4617e-001 +3.7860e+000 +1.9646e+000
8253 0 +6.324027181e-005 +9.917006324e+001 +9.917006324e+001 +5.4636e-001 +3.7856e+000 +1.9645e+000
8348 0 +5.455399462e-005 +9.917005455e+001 +9.917005455e+001 +5.4631e-001 +3.7862e+000 +1.9650e+000
8396 0 +3.618334698e-005 +9.917003618e+001 +9.917003618e+001 +5.4750e-001 +3.7882e+000 +1.9649e+000
8432 0 +1.412648842e-005 +9.917001413e+001 +9.917001413e+001 +5.4610e-001 +3.7860e+000 +1.9658e+000
8501 0 +8.912381674e-006 +9.917000891e+001 +9.917000891e+001 +5.4671e-001 +3.7871e+000 +1.9651e+000
8549 0 +7.898739511e-007 +9.917000079e+001 +9.917000079e+001 +5.4704e-001 +3.7877e+000 +1.9649e+000
8627 0 +6.368927075e-008 +9.917000006e+001 +9.917000006e+001 +5.4699e-001 +3.7875e+000 +1.9648e+000
8974 0 +2.022353840e-008 +9.917000002e+001 +9.917000002e+001 +5.4697e-001 +3.7874e+000 +1.9649e+000
9052 0 +1.943337224e-008 +9.917000002e+001 +9.917000002e+001 +5.4693e-001 +3.7874e+000 +1.9649e+000
9069 0 +4.576918400e-009 +9.917000000e+001 +9.917000000e+001 +5.4697e-001 +3.7874e+000 +1.9649e+000
% f evaluations | g evaluations | best noise-free fitness - Fopt (-5.179100000000e+002) + sum g_i+ | measured fitness | best measured fitness or single-digit g-values | x1 | x2...
1 0 +5.335288813e+001 -4.645571119e+002 -4.645571119e+002 +4.6303e+000 -4.1757e+000 -1.0715e+000
8 0 +2.468498194e+001 -4.932250181e+002 -4.932250181e+002 -8.2891e-002 -1.8714e-002 -5.0000e+000
14 0 +8.963830349e+000 -5.089461697e+002 -5.089461697e+002 -3.0828e+000 +3.9197e+000 +3.1220e+000
61 0 +6.187545890e+000 -5.117224541e+002 -5.117224541e+002 +4.7887e+000 -9.4529e-001 -4.7001e-001
270 0 +1.575357316e+000 -5.163346427e+002 -5.163346427e+002 -1.4048e+000 +3.7907e+000 +1.9190e+000
794 0 +1.139524603e+000 -5.167704754e+002 -5.167704754e+002 -3.8073e+000 +4.9705e+000 +2.5152e+000
1454 0 +1.046927217e+000 -5.168630728e+002 -5.168630728e+002 -3.7602e+000 +4.8341e+000 +2.7279e+000
1574 0 +4.832172761e-001 -5.174267827e+002 -5.174267827e+002 -3.7602e+000 +4.7759e+000 +2.7816e+000
1807 0 +4.710748305e-001 -5.174389252e+002 -5.174389252e+002 -3.6868e+000 +4.5987e+000 +3.0344e+000
2137 0 +1.060867731e-001 -5.178039132e+002 -5.178039132e+002 -3.7226e+000 +4.6997e+000 +2.9508e+000
2427 0 +9.763814966e-002 -5.178123619e+002 -5.178123619e+002 -3.7022e+000 +4.6816e+000 +2.9580e+000
2456 0 +9.393833741e-002 -5.178160617e+002 -5.178160617e+002 -3.7143e+000 +4.7578e+000 +2.8345e+000
2473 0 +6.379193924e-002 -5.178462081e+002 -5.178462081e+002 -3.6995e+000 +4.6774e+000 +2.9471e+000
2557 0 +4.616801667e-002 -5.178638320e+002 -5.178638320e+002 -3.7229e+000 +4.6853e+000 +2.9483e+000
2721 0 +3.489705272e-002 -5.178751029e+002 -5.178751029e+002 -3.6857e+000 +4.6998e+000 +2.9342e+000
2726 0 +3.410620623e-002 -5.178758938e+002 -5.178758938e+002 -3.7076e+000 +4.7406e+000 +2.8716e+000
2788 0 +3.320379882e-002 -5.178767962e+002 -5.178767962e+002 -3.7091e+000 +4.7076e+000 +2.9354e+000
2821 0 +2.825645185e-002 -5.178817435e+002 -5.178817435e+002 -3.7191e+000 +4.7295e+000 +2.9116e+000
2844 0 +1.567490885e-002 -5.178943251e+002 -5.178943251e+002 -3.7085e+000 +4.6978e+000 +2.9267e+000
2880 0 +1.197187266e-002 -5.178980281e+002 -5.178980281e+002 -3.7116e+000 +4.6996e+000 +2.9363e+000
2895 0 +2.725749207e-003 -5.179072743e+002 -5.179072743e+002 -3.7071e+000 +4.7209e+000 +2.9051e+000
3048 0 +7.251667276e-004 -5.179092748e+002 -5.179092748e+002 -3.7043e+000 +4.7116e+000 +2.9157e+000
3095 0 +1.646602493e-004 -5.179098353e+002 -5.179098353e+002 -3.7046e+000 +4.7150e+000 +2.9113e+000
3099 0 +1.411075467e-004 -5.179098589e+002 -5.179098589e+002 -3.7048e+000 +4.7165e+000 +2.9073e+000
3350 0 +1.316598848e-004 -5.179098683e+002 -5.179098683e+002 -3.7048e+000 +4.7173e+000 +2.9072e+000
3469 0 +6.083108951e-005 -5.179099392e+002 -5.179099392e+002 -3.7044e+000 +4.7164e+000 +2.9094e+000
3499 0 +1.655415304e-005 -5.179099834e+002 -5.179099834e+002 -3.7042e+000 +4.7157e+000 +2.9096e+000
3502 0 +1.185453095e-005 -5.179099881e+002 -5.179099881e+002 -3.7040e+000 +4.7162e+000 +2.9093e+000
3600 0 +6.314249390e-006 -5.179099937e+002 -5.179099937e+002 -3.7043e+000 +4.7168e+000 +2.9086e+000
3644 0 +3.970542252e-006 -5.179099960e+002 -5.179099960e+002 -3.7041e+000 +4.7167e+000 +2.9084e+000
3656 0 +2.545280495e-006 -5.179099975e+002 -5.179099975e+002 -3.7041e+000 +4.7166e+000 +2.9085e+000
3664 0 +4.713951967e-007 -5.179099995e+002 -5.179099995e+002 -3.7040e+000 +4.7163e+000 +2.9088e+000
3789 0 +2.836354724e-007 -5.179099997e+002 -5.179099997e+002 -3.7041e+000 +4.7165e+000 +2.9087e+000
3916 0 +1.269519316e-007 -5.179099999e+002 -5.179099999e+002 -3.7041e+000 +4.7164e+000 +2.9087e+000
3955 0 +6.250672868e-008 -5.179099999e+002 -5.179099999e+002 -3.7041e+000 +4.7164e+000 +2.9087e+000
4004 0 +5.161325589e-008 -5.179099999e+002 -5.179099999e+002 -3.7041e+000 +4.7164e+000 +2.9088e+000
4016 0 +8.527422324e-009 -5.179100000e+002 -5.179100000e+002 -3.7041e+000 +4.7164e+000 +2.9088e+000
% f evaluations | g evaluations | best noise-free fitness - Fopt (-5.721000000000e+001) + sum g_i+ | measured fitness | best measured fitness or single-digit g-values | x1 | x2...
1 0 +6.485127297e+001 +7.641272968e+000 +7.641272968e+000 +4.2788e-001 -1.7413e+000 -4.5993e+000
3 0 +3.275463233e+001 -2.445536767e+001 -2.445536767e+001 -3.6906e+000 -6.4229e-001 -3.4121e-001
5 0 +2.660264575e+001 -3.060735425e+001 -3.060735425e+001 +5.0000e+000 -5.0000e+000 +5.0000e+000
7 0 +2.966013649e+000 -5.424398635e+001 -5.424398635e+001 +1.1409e+000 -4.9408e+000 +3.5130e+000
1237 0 +2.181187644e+000 -5.502881236e+001 -5.502881236e+001 +8.4518e-001 -4.9408e+000 +3.1285e+000
1260 0 +1.499240862e+000 -5.571075914e+001 -5.571075914e+001 +4.4074e-001 +1.1368e+000 +2.8318e+000
1469 0 +6.295947468e-001 -5.658040525e+001 -5.658040525e+001 -9.1117e-001 +4.6123e+000 +1.6325e+000
1619 0 +3.243883347e-001 -5.688561167e+001 -5.688561167e+001 -8.8605e-001 +4.5795e+000 +1.6376e+000
1922 0 +1.805661602e-001 -5.702943384e+001 -5.702943384e+001 -2.9123e+000 +4.9754e+000 -3.2640e-001
2252 0 +1.668569373e-001 -5.704314306e+001 -5.704314306e+001 -2.9076e+000 +4.9889e+000 -3.1677e-001
3644 0 +1.347000948e-001 -5.707529991e+001 -5.707529991e+001 +4.4968e-001 +1.2166e+000 +2.8257e+000
3672 0 +9.178436912e-002 -5.711821563e+001 -5.711821563e+001 -1.5017e+000 +1.6453e+000 +8.2970e-001
5112 0 +6.128982186e-002 -5.714871018e+001 -5.714871018e+001 -1.4773e+000 +1.6714e+000 +8.2247e-001
5147 0 +5.228260902e-002 -5.715771739e+001 -5.715771739e+001 -1.5229e+000 +1.6099e+000 +9.1057e-001
5296 0 +3.140679024e-002 -5.717859321e+001 -5.717859321e+001 -1.5410e+000 +1.6368e+000 +8.3618e-001
5404 0 +2.346684808e-002 -5.718653315e+001 -5.718653315e+001 +4.9449e-001 +1.2014e+000 +2.8482e+000
5829 0 +1.878608542e-002 -5.719121391e+001 -5.719121391e+001 +4.9892e-001 +1.1863e+000 +2.8867e+000
6129 0 +1.434136022e-002 -5.719565864e+001 -5.719565864e+001 +4.8090e-001 +1.1935e+000 +2.8668e+000
6296 0 +5.973962708e-003 -5.720402604e+001 -5.720402604e+001 -1.5406e+000 +1.6181e+000 +8.7408e-001
6566 0 +4.277589646e-003 -5.720572241e+001 -5.720572241e+001 -1.5406e+000 +1.6114e+000 +8.8494e-001
6621 0 +3.563064058e-003 -5.720643694e+001 -5.720643694e+001 -1.5390e+000 +1.6162e+000 +8.8267e-001
7029 0 +1.385389584e-003 -5.720861461e+001 -5.720861461e+001 -1.5293e+000 +1.6228e+000 +8.7293e-001
7063 0 +1.097464275e-003 -5.720890254e+001 -5.720890254e+001 -1.5320e+000 +1.6214e+000 +8.6991e-001
7191 0 +6.081774198e-004 -5.720939182e+001 -5.720939182e+001 -1.5326e+000 +1.6224e+000 +8.6772e-001
7200 0 +5.548726056e-004 -5.720944513e+001 -5.720944513e+001 +4.8913e-001 +1.1958e+000 +2.8717e+000
7226 0 +3.942447212e-004 -5.720960576e+001 -5.720960576e+001 -1.5329e+000 +1.6205e+000 +8.7270e-001
7447 0 +2.310728142e-004 -5.720976893e+001 -5.720976893e+001 -1.5322e+000 +1.6222e+000 +8.6921e-001
7471 0 +2.230731623e-004 -5.720977693e+001 -5.720977693e+001 -1.5349e+000 +1.6202e+000 +8.7248e-001
7574 0 +8.172885975e-005 -5.720991827e+001 -5.720991827e+001 -1.5346e+000 +1.6194e+000 +8.7412e-001
7710 0 +1.705887185e-005 -5.720998294e+001 -5.720998294e+001 +4.8955e-001 +1.1958e+000 +2.8693e+000
7809 0 +7.032504307e-006 -5.720999297e+001 -5.720999297e+001 -1.5330e+000 +1.6210e+000 +8.7233e-001
8018 0 +6.822939376e-006 -5.720999318e+001 -5.720999318e+001 +4.8997e-001 +1.1962e+000 +2.8690e+000
8260 0 +2.142982375e-006 -5.720999786e+001 -5.720999786e+001 +4.9012e-001 +1.1967e+000 +2.8684e+000
8437 0 +5.898578834e-007 -5.720999941e+001 -5.720999941e+001 -1.5333e+000 +1.6210e+000 +8.7210e-001
9169 0 +2.033166453e-007 -5.720999980e+001 -5.720999980e+001 -1.5332e+000 +1.6211e+000 +8.7197e-001
9295 0 +1.926064286e-007 -5.720999981e+001 -5.720999981e+001 -1.5332e+000 +1.6211e+000 +8.7204e-001
9352 0 +1.259597582e-007 -5.720999987e+001 -5.720999987e+001 -1.5332e+000 +1.6211e+000 +8.7203e-001
9618 0 +9.602125317e-008 -5.720999990e+001 -5.720999990e+001 -1.5331e+000 +1.6212e+000 +8.7191e-001
9774 0 +3.524693426e-008 -5.720999996e+001 -5.720999996e+001 -1.5331e+000 +1.6212e+000 +8.7195e-001
9878 0 +5.032106287e-009 -5.720999999e+001 -5.720999999e+001 -1.5331e+000 +1.6212e+000 +8.7193e-001
% f evaluations | g evaluations | best noise-free fitness - Fopt (6.626000000000e+001) + sum g_i+ | measured fitness | best measured fitness or single-digit g-values | x1 | x2...
1 0 +5.365924068e+001 +1.199192407e+002 +1.199192407e+002 -2.3662e-001 -3.0217e+000 -2.0050e+000
10 0 +3.590533361e+001 +1.021653336e+002 +1.021653336e+002 +4.4062e+000 -1.4968e+000 +8.1161e-001
17 0 +3.427635029e+001 +1.005363503e+002 +1.005363503e+002 -1.6510e+000 -6.7081e-001 +2.0246e+000
25 0 +3.236978528e+001 +9.862978528e+001 +9.862978528e+001 -1.8330e-001 -4.9459e+000 -6.6056e-001
35 0 +2.456050935e+001 +9.082050935e+001 +9.082050935e+001 +3.7497e-001 +2.5198e+000 -3.2244e+000
75 0 +2.102060840e+001 +8.728060840e+001 +8.728060840e+001 +2.1109e+000 +4.1668e+000 -3.7417e+000
155 0 +8.806454968e+000 +7.506645497e+001 +7.506645497e+001 +8.8764e-001 +4.8243e+000 -3.6295e+000
191 0 +2.140416157e+000 +6.840041616e+001 +6.840041616e+001 -4.0410e+000 +1.3594e+000 -4.8047e+000
223 0 +1.000998154e+000 +6.726099815e+001 +6.726099815e+001 +1.2360e+000 +3.2715e+000 -4.4962e+000
414 0 +6.308628053e-001 +6.689086281e+001 +6.689086281e+001 +1.2960e+000 +3.4595e+000 -4.5536e+000
594 0 +3.050169403e-001 +6.656501694e+001 +6.656501694e+001 +1.1809e+000 +3.4595e+000 -4.6673e+000
1928 0 +1.830351412e-001 +6.644303514e+001 +6.644303514e+001 +1.0995e+000 +3.3113e+000 -4.7393e+000
1951 0 +5.709860375e-002 +6.631709860e+001 +6.631709860e+001 +1.1424e+000 +3.3581e+000 -4.6708e+000
2146 0 +2.893434141e-002 +6.628893434e+001 +6.628893434e+001 +1.1727e+000 +3.4050e+000 -4.6619e+000
2190 0 +6.167337874e-003 +6.626616734e+001 +6.626616734e+001 +1.1329e+000 +3.3685e+000 -4.6993e+000
2287 0 +2.045144907e-003 +6.626204514e+001 +6.626204514e+001 +1.1248e+000 +3.3530e+000 -4.7021e+000
2400 0 +5.790408691e-004 +6.626057904e+001 +6.626057904e+001 +1.1404e+000 +3.3695e+000 -4.6884e+000
2425 0 +3.046482275e-004 +6.626030465e+001 +6.626030465e+001 +1.1465e+000 +3.3726e+000 -4.6829e+000
2577 0 +2.294952205e-004 +6.626022950e+001 +6.626022950e+001 +1.1337e+000 +3.3638e+000 -4.6936e+000
2586 0 +1.782756587e-004 +6.626017828e+001 +6.626017828e+001 +1.1396e+000 +3.3673e+000 -4.6892e+000
2599 0 +1.563385207e-005 +6.626001563e+001 +6.626001563e+001 +1.1342e+000 +3.3631e+000 -4.6936e+000
2755 0 +4.481340653e-006 +6.626000448e+001 +6.626000448e+001 +1.1355e+000 +3.3638e+000 -4.6924e+000
2801 0 +1.544653429e-006 +6.626000154e+001 +6.626000154e+001 +1.1353e+000 +3.3638e+000 -4.6927e+000
2949 0 +1.274801292e-006 +6.626000127e+001 +6.626000127e+001 +1.1351e+000 +3.3636e+000 -4.6928e+000
2961 0 +9.305639423e-007 +6.626000093e+001 +6.626000093e+001 +1.1352e+000 +3.3637e+000 -4.6927e+000
3004 0 +7.875074459e-007 +6.626000079e+001 +6.626000079e+001 +1.1348e+000 +3.3634e+000 -4.6930e+000
3011 0 +6.128380363e-007 +6.626000061e+001 +6.626000061e+001 +1.1352e+000 +3.3638e+000 -4.6927e+000
3037 0 +4.087283827e-007 +6.626000041e+001 +6.626000041e+001 +1.1351e+000 +3.3636e+000 -4.6928e+000
3081 0 +2.628193840e-007 +6.626000026e+001 +6.626000026e+001 +1.1352e+000 +3.3636e+000 -4.6927e+000
3082 0 +1.454781540e-007 +6.626000015e+001 +6.626000015e+001 +1.1353e+000 +3.3637e+000 -4.6927e+000
3145 0 +1.163185601e-007 +6.626000012e+001 +6.626000012e+001 +1.1351e+000 +3.3637e+000 -4.6928e+000
3163 0 +7.009251135e-008 +6.626000007e+001 +6.626000007e+001 +1.1352e+000 +3.3636e+000 -4.6927e+000
3179 0 +3.682959004e-008 +6.626000004e+001 +6.626000004e+001 +1.1351e+000 +3.3636e+000 -4.6928e+000
3189 0 +2.748380723e-008 +6.626000003e+001 +6.626000003e+001 +1.1351e+000 +3.3636e+000 -4.6928e+000
3197 0 +4.265615416e-009 +6.626000000e+001 +6.626000000e+001 +1.1351e+000 +3.3636e+000 -4.6928e+000
% f evaluations | g evaluations | best noise-free fitness - Fopt (-1.386200000000e+002) + sum g_i+ | measured fitness | best measured fitness or single-digit g-values | x1 | x2...
1 0 +4.822267542e+001 -9.039732458e+001 -9.039732458e+001 +2.7410e+000 +4.0499e+000 -3.4145e+000
4 0 +3.081296437e+001 -1.078070356e+002 -1.078070356e+002 -1.1656e+000 +4.7173e+000 +3.1549e+000
5 0 +2.229513404e+001 -1.163248660e+002 -1.163248660e+002 -5.0000e+000 +5.0000e+000 -5.0000e+000
7 0 +4.112832363e+000 -1.345071676e+002 -1.345071676e+002 -4.5141e+000 +3.7486e+000 -2.4149e+000
103 0 +3.592617798e+000 -1.350273822e+002 -1.350273822e+002 -4.4484e+000 +3.6089e+000 -2.2685e+000
584 0 +2.489309952e+000 -1.361306900e+002 -1.361306900e+002 -2.5098e+000 +1.2223e+000 -1.4375e+000
764 0 +1.821117508e+000 -1.367988825e+002 -1.367988825e+002 -3.1882e+000 +1.5917e+000 -1.8918e+000
854 0 +1.292038368e+000 -1.373279616e+002 -1.373279616e+002 -3.0091e+000 +1.3393e+000 -1.8918e+000
1218 0 +1.173193764e+000 -1.374468062e+002 -1.374468062e+002 -2.4361e+000 +9.0618e-001 -1.6886e+000
1404 0 +2.784876905e-001 -1.383415123e+002 -1.383415123e+002 -2.7653e+000 +1.2670e+000 -1.7093e+000
1905 0 +1.816733865e-001 -1.384383266e+002 -1.384383266e+002 -2.6275e+000 +1.2151e+000 -1.6260e+000
1957 0 +1.145827090e-001 -1.385054173e+002 -1.385054173e+002 -2.7347e+000 +1.3072e+000 -1.6648e+000
2056 0 +6.470680492e-002 -1.385552932e+002 -1.385552932e+002 -2.6638e+000 +1.2569e+000 -1.6521e+000
2075 0 +6.084763840e-002 -1.385591524e+002 -1.385591524e+002 -2.6942e+000 +1.2454e+000 -1.7187e+000
2130 0 +5.844075745e-002 -1.385615592e+002 -1.385615592e+002 -2.6763e+000 +1.2504e+000 -1.6445e+000
2171 0 +6.892628508e-003 -1.386131074e+002 -1.386131074e+002 -2.7015e+000 +1.2692e+000 -1.6915e+000
2328 0 +3.109853085e-003 -1.386168901e+002 -1.386168901e+002 -2.6621e+000 +1.2449e+000 -1.6799e+000
2490 0 +2.495970898e-003 -1.386175040e+002 -1.386175040e+002 -2.6847e+000 +1.2496e+000 -1.6901e+000
2544 0 +4.225311436e-004 -1.386195775e+002 -1.386195775e+002 -2.6900e+000 +1.2581e+000 -1.6875e+000
2748 0 +2.774637007e-004 -1.386197225e+002 -1.386197225e+002 -2.6873e+000 +1.2555e+000 -1.6922e+000
2804 0 +2.030640444e-004 -1.386197969e+002 -1.386197969e+002 -2.6928e+000 +1.2593e+000 -1.6921e+000
2819 0 +1.618241458e-004 -1.386198382e+002 -1.386198382e+002 -2.6864e+000 +1.2557e+000 -1.6912e+000
2845 0 +7.919192254e-005 -1.386199208e+002 -1.386199208e+002 -2.6918e+000 +1.2587e+000 -1.6928e+000
2935 0 +6.779550549e-005 -1.386199322e+002 -1.386199322e+002 -2.6877e+000 +1.2564e+000 -1.6915e+000
2944 0 +2.943343296e-005 -1.386199706e+002 -1.386199706e+002 -2.6908e+000 +1.2578e+000 -1.6929e+000
3011 0 +1.602389975e-005 -1.386199840e+002 -1.386199840e+002 -2.6898e+000 +1.2572e+000 -1.6922e+000
3053 0 +2.948826818e-006 -1.386199971e+002 -1.386199971e+002 -2.6901e+000 +1.2573e+000 -1.6924e+000
3146 0 +1.372515072e-006 -1.386199986e+002 -1.386199986e+002 -2.6907e+000 +1.2577e+000 -1.6926e+000
3274 0 +2.279587932e-007 -1.386199998e+002 -1.386199998e+002 -2.6904e+000 +1.2574e+000 -1.6925e+000
3311 0 +1.999269443e-007 -1.386199998e+002 -1.386199998e+002 -2.6904e+000 +1.2574e+000 -1.6925e+000
3350 0 +5.137678727e-009 -1.386200000e+002 -1.386200000e+002 -2.6905e+000 +1.2575e+000 -1.6925e+000
% f evaluations | g evaluations | best noise-free fitness - Fopt (7.313900000000e+002) + sum g_i+ | measured fitness | best measured fitness or single-digit g-values | x1 | x2...
1 0 +6.446428954e+001 +7.958542895e+002 +7.958542895e+002 +3.4546e+000 -4.0751e+000 -2.7697e+000
7 0 +6.346156176e+000 +7.377361562e+002 +7.377361562e+002 -4.2233e+000 -9.5436e-001 -4.2318e+000
271 0 +1.943704905e+000 +7.333337049e+002 +7.333337049e+002 -1.6278e+000 -2.4067e+000 -4.8131e+000
656 0 +7.158350920e-001 +7.321058351e+002 +7.321058351e+002 -3.2613e+000 -3.1789e+000 -4.8023e+000
1359 0 +2.014347387e-001 +7.315914347e+002 +7.315914347e+002 -1.3506e+000 -2.1771e+000 -4.8244e+000
1419 0 +1.452681467e-001 +7.315352681e+002 +7.315352681e+002 -1.3601e+000 -2.1715e+000 -4.8185e+000
2078 0 +1.414933259e-001 +7.315314933e+002 +7.315314933e+002 -1.3123e+000 -2.2640e+000 -4.9927e+000
2936 0 +1.188352879e-001 +7.315088353e+002 +7.315088353e+002 -1.3168e+000 -2.2283e+000 -4.9414e+000
3058 0 +5.653066541e-002 +7.314465307e+002 +7.314465307e+002 -3.2968e+000 -3.1654e+000 -4.6806e+000
3519 0 +4.729778451e-002 +7.314372978e+002 +7.314372978e+002 -1.3289e+000 -2.2255e+000 -4.9612e+000
3675 0 +2.594418803e-002 +7.314159442e+002 +7.314159442e+002 -1.3535e+000 -2.2604e+000 -4.9834e+000
4028 0 +1.679674416e-002 +7.314067967e+002 +7.314067967e+002 -1.3278e+000 -2.2640e+000 -4.9927e+000
4509 0 +5.043861500e-003 +7.313950439e+002 +7.313950439e+002 -1.3348e+000 -2.2544e+000 -4.9612e+000
6136 0 +2.768769963e-003 +7.313927688e+002 +7.313927688e+002 -1.3372e+000 -2.2548e+000 -4.9803e+000
6278 0 +1.103762629e-003 +7.313911038e+002 +7.313911038e+002 -1.3297e+000 -2.2516e+000 -4.9865e+000
6358 0 +1.893791695e-004 +7.313901894e+002 +7.313901894e+002 -1.3286e+000 -2.2518e+000 -4.9865e+000
6415 0 +8.791170103e-005 +7.313900879e+002 +7.313900879e+002 -1.3301e+000 -2.2520e+000 -4.9806e+000
6650 0 +8.454743318e-005 +7.313900845e+002 +7.313900845e+002 -1.3299e+000 -2.2525e+000 -4.9836e+000
6675 0 +1.559068369e-005 +7.313900156e+002 +7.313900156e+002 -1.3299e+000 -2.2519e+000 -4.9829e+000
6676 0 +6.369180255e-006 +7.313900064e+002 +7.313900064e+002 -1.3296e+000 -2.2519e+000 -4.9826e+000
6723 0 +2.913192702e-006 +7.313900029e+002 +7.313900029e+002 -1.3299e+000 -2.2517e+000 -4.9821e+000
6881 0 +1.475115369e-006 +7.313900015e+002 +7.313900015e+002 -1.3297e+000 -2.2518e+000 -4.9823e+000
6936 0 +8.776110008e-007 +7.313900009e+002 +7.313900009e+002 -1.3297e+000 -2.2518e+000 -4.9827e+000
6970 0 +6.349777095e-007 +7.313900006e+002 +7.313900006e+002 -1.3297e+000 -2.2517e+000 -4.9825e+000
6973 0 +1.110535095e-007 +7.313900001e+002 +7.313900001e+002 -1.3297e+000 -2.2518e+000 -4.9824e+000
7124 0 +8.481561053e-008 +7.313900001e+002 +7.313900001e+002 -1.3297e+000 -2.2518e+000 -4.9825e+000
7134 0 +1.383966719e-008 +7.313900000e+002 +7.313900000e+002 -1.3297e+000 -2.2518e+000 -4.9825e+000
7283 0 +1.912212610e-010 +7.313900000e+002 +7.313900000e+002 -1.3297e+000 -2.2518e+000 -4.9825e+000
% f evaluations | g evaluations | best noise-free fitness - Fopt (7.526000000000e+001) + sum g_i+ | measured fitness | best measured fitness or single-digit g-values | x1 | x2...
1 0 +1.549648925e+002 +2.302248925e+002 +2.302248925e+002 +1.5589e-002 -2.1660e+000 -3.2560e+000
2 0 +7.321608007e+001 +1.484760801e+002 +1.484760801e+002 -1.4932e+000 -3.1966e+000 -1.9920e+000
3 0 +3.795868031e+000 +7.905586803e+001 +7.905586803e+001 +2.3475e+000 -1.7810e+000 +3.7831e+000
786 0 +3.685315671e+000 +7.894531567e+001 +7.894531567e+001 +2.3139e+000 -1.6523e+000 +3.9935e+000
846 0 +3.241092213e+000 +7.850109221e+001 +7.850109221e+001 +2.4639e+000 -1.6523e+000 +3.7958e+000
884 0 +2.771559008e+000 +7.803155901e+001 +7.803155901e+001 +2.3487e+000 -1.7467e+000 +3.9103e+000
1097 0 +2.398999352e+000 +7.765899935e+001 +7.765899935e+001 +3.8078e+000 +1.6881e-001 +4.2271e+000
1121 0 +2.274431387e+000 +7.753443139e+001 +7.753443139e+001 +1.2070e+000 -1.8349e+000 +3.9184e+000
1380 0 +1.371746969e+000 +7.663174697e+001 +7.663174697e+001 -1.4494e+000 -3.5924e+000 +3.3991e+000
1853 0 +6.993744568e-001 +7.595937446e+001 +7.595937446e+001 +3.9374e+000 +5.2933e-002 +4.4017e+000
1892 0 +1.160641078e-001 +7.537606411e+001 +7.537606411e+001 +4.3089e+000 -8.3191e-002 +4.4146e+000
2748 0 +8.965152741e-002 +7.534965153e+001 +7.534965153e+001 +4.2766e+000 -6.2107e-002 +4.4415e+000
2898 0 +2.382160581e-002 +7.528382161e+001 +7.528382161e+001 +4.3091e+000 -6.2107e-002 +4.4432e+000
3377 0 +9.912370389e-003 +7.526991237e+001 +7.526991237e+001 +4.2743e+000 -2.8766e-002 +4.4577e+000
3741 0 +9.699634787e-003 +7.526969963e+001 +7.526969963e+001 +4.3047e+000 -3.3829e-002 +4.4531e+000
3787 0 +7.279234725e-003 +7.526727923e+001 +7.526727923e+001 +4.2664e+000 -2.4692e-002 +4.4537e+000
3798 0 +4.610990070e-003 +7.526461099e+001 +7.526461099e+001 +4.2809e+000 -3.3306e-002 +4.4536e+000
3861 0 +3.956265226e-003 +7.526395627e+001 +7.526395627e+001 +4.2896e+000 -4.0825e-002 +4.4507e+000
3899 0 +3.247752476e-003 +7.526324775e+001 +7.526324775e+001 +4.2841e+000 -4.2117e-002 +4.4494e+000
3904 0 +2.227268956e-003 +7.526222727e+001 +7.526222727e+001 +4.2781e+000 -3.9449e-002 +4.4456e+000
3938 0 +2.089803162e-003 +7.526208980e+001 +7.526208980e+001 +4.2775e+000 -4.4622e-002 +4.4463e+000
3989 0 +7.082160813e-004 +7.526070822e+001 +7.526070822e+001 +4.2757e+000 -3.9100e-002 +4.4471e+000
4003 0 +6.382030490e-004 +7.526063820e+001 +7.526063820e+001 +4.2850e+000 -4.0156e-002 +4.4477e+000
4060 0 +5.269383942e-004 +7.526052694e+001 +7.526052694e+001 +4.2777e+000 -3.7563e-002 +4.4487e+000
4123 0 +4.275780307e-004 +7.526042758e+001 +7.526042758e+001 +4.2854e+000 -3.9911e-002 +4.4476e+000
4169 0 +2.659183710e-004 +7.526026592e+001 +7.526026592e+001 +4.2771e+000 -3.8377e-002 +4.4475e+000
4174 0 +8.448894954e-005 +7.526008449e+001 +7.526008449e+001 +4.2828e+000 -4.1548e-002 +4.4468e+000
4266 0 +7.850733908e-006 +7.526000785e+001 +7.526000785e+001 +4.2816e+000 -4.1663e-002 +4.4467e+000
4368 0 +3.766801257e-006 +7.526000377e+001 +7.526000377e+001 +4.2811e+000 -4.1329e-002 +4.4469e+000
4532 0 +3.416981315e-006 +7.526000342e+001 +7.526000342e+001 +4.2814e+000 -4.1603e-002 +4.4468e+000
4533 0 +2.938779133e-006 +7.526000294e+001 +7.526000294e+001 +4.2814e+000 -4.1358e-002 +4.4470e+000
4540 0 +6.113090336e-007 +7.526000061e+001 +7.526000061e+001 +4.2814e+000 -4.1390e-002 +4.4469e+000
4598 0 +2.780031139e-007 +7.526000028e+001 +7.526000028e+001 +4.2815e+000 -4.1422e-002 +4.4470e+000
4603 0 +1.530156055e-007 +7.526000015e+001 +7.526000015e+001 +4.2815e+000 -4.1524e-002 +4.4469e+000
4751 0 +1.191902754e-007 +7.526000012e+001 +7.526000012e+001 +4.2814e+000 -4.1494e-002 +4.4469e+000
4803 0 +9.468179485e-008 +7.526000009e+001 +7.526000009e+001 +4.2814e+000 -4.1501e-002 +4.4469e+000
4813 0 +5.323376229e-008 +7.526000005e+001 +7.526000005e+001 +4.2815e+000 -4.1492e-002 +4.4469e+000
4893 0 +2.069815253e-008 +7.526000002e+001 +7.526000002e+001 +4.2815e+000 -4.1470e-002 +4.4469e+000
4895 0 +1.141984285e-009 +7.526000000e+001 +7.526000000e+001 +4.2815e+000 -4.1467e-002 +4.4469e+000
% f evaluations | g evaluations | best noise-free fitness - Fopt (-4.913000000000e+001) + sum g_i+ | measured fitness | best measured fitness or single-digit g-values | x1 | x2...
1 0 +1.890903598e+001 -3.022096402e+001 -3.022096402e+001 -4.5262e+000 -4.9321e+000 -1.1934e+000
10 0 +1.209803153e+001 -3.703196847e+001 -3.703196847e+001 +6.2462e-001 +3.9611e+000 -3.2925e+000
11 0 +6.687916649e+000 -4.244208335e+001 -4.244208335e+001 +1.4634e+000 +3.9625e+000 +4.1681e-001
105 0 +2.197361523e+000 -4.693263848e+001 -4.693263848e+001 -2.5823e+000 +8.9526e-001 +1.1350e+000
1434 0 +8.352251297e-001 -4.829477487e+001 -4.829477487e+001 +6.3045e-001 -1.6227e+000 +4.1630e+000
2298 0 +5.749683444e-001 -4.855503166e+001 -4.855503166e+001 +2.0454e+000 +1.0122e-001 +1.7903e+000
2429 0 +1.330256047e-001 -4.899697440e+001 -4.899697440e+001 -4.2752e+000 -2.4682e+000 +2.7506e+000
3022 0 +1.311033936e-001 -4.899889661e+001 -4.899889661e+001 -4.2740e+000 -2.4687e+000 +2.7510e+000
3032 0 +8.819988374e-002 -4.904180012e+001 -4.904180012e+001 +1.9227e+000 +1.2122e-001 +1.7969e+000
3538 0 +8.214832854e-002 -4.904785167e+001 -4.904785167e+001 +1.9234e+000 +1.2080e-001 +1.7972e+000
3754 0 +7.699291620e-002 -4.905300708e+001 -4.905300708e+001 +1.9240e+000 +1.2054e-001 +1.7974e+000
3909 0 +7.351341793e-002 -4.905648658e+001 -4.905648658e+001 +1.9241e+000 +1.2038e-001 +1.7975e+000
4085 0 +2.966431148e-002 -4.910033569e+001 -4.910033569e+001 +1.9438e+000 +1.0607e-001 +1.8100e+000
4108 0 +1.828564140e-002 -4.911171436e+001 -4.911171436e+001 +1.9368e+000 +1.1115e-001 +1.8056e+000
4138 0 +1.780621558e-002 -4.911219378e+001 -4.911219378e+001 +1.9350e+000 +1.1211e-001 +1.8050e+000
4257 0 +1.708780487e-002 -4.911291220e+001 -4.911291220e+001 +1.9521e+000 +9.8939e-002 +1.8170e+000
4331 0 +8.997137779e-003 -4.912100286e+001 -4.912100286e+001 +1.9331e+000 +1.1468e-001 +1.8088e+000
4358 0 +6.150702791e-003 -4.912384930e+001 -4.912384930e+001 +1.9212e+000 +1.1658e-001 +1.8168e+000
4433 0 +4.141799520e-004 -4.912958582e+001 -4.912958582e+001 +1.9194e+000 +1.1597e-001 +1.8166e+000
4557 0 +2.879078578e-004 -4.912971209e+001 -4.912971209e+001 +1.9197e+000 +1.1544e-001 +1.8155e+000
4571 0 +1.033368401e-004 -4.912989666e+001 -4.912989666e+001 +1.9180e+000 +1.1633e-001 +1.8164e+000
4719 0 +8.942594549e-005 -4.912991057e+001 -4.912991057e+001 +1.9191e+000 +1.1578e-001 +1.8157e+000
4797 0 +6.416121781e-005 -4.912993584e+001 -4.912993584e+001 +1.9200e+000 +1.1539e-001 +1.8159e+000
4838 0 +3.847762773e-005 -4.912996152e+001 -4.912996152e+001 +1.9175e+000 +1.1679e-001 +1.8158e+000
4881 0 +2.446610247e-005 -4.912997553e+001 -4.912997553e+001 +1.9189e+000 +1.1613e-001 +1.8158e+000
4931 0 +1.808969043e-005 -4.912998191e+001 -4.912998191e+001 +1.9183e+000 +1.1623e-001 +1.8161e+000
4938 0 +4.190989593e-006 -4.912999581e+001 -4.912999581e+001 +1.9193e+000 +1.1585e-001 +1.8160e+000
4954 0 +1.741031802e-006 -4.912999826e+001 -4.912999826e+001 +1.9188e+000 +1.1602e-001 +1.8160e+000
5046 0 +7.120500669e-007 -4.912999929e+001 -4.912999929e+001 +1.9189e+000 +1.1603e-001 +1.8159e+000
5105 0 +4.026286788e-007 -4.912999960e+001 -4.912999960e+001 +1.9189e+000 +1.1597e-001 +1.8160e+000
5112 0 +2.993333084e-007 -4.912999970e+001 -4.912999970e+001 +1.9191e+000 +1.1592e-001 +1.8159e+000
5262 0 +9.809469503e-008 -4.912999990e+001 -4.912999990e+001 +1.9191e+000 +1.1593e-001 +1.8159e+000
5272 0 +6.750131831e-008 -4.912999993e+001 -4.912999993e+001 +1.9190e+000 +1.1593e-001 +1.8160e+000
5309 0 +2.173350566e-008 -4.912999998e+001 -4.912999998e+001 +1.9190e+000 +1.1595e-001 +1.8159e+000
5378 0 +1.217000545e-008 -4.912999999e+001 -4.912999999e+001 +1.9190e+000 +1.1594e-001 +1.8159e+000
5385 0 +4.984457291e-011 -4.913000000e+001 -4.913000000e+001 +1.9190e+000 +1.1594e-001 +1.8159e+000
% f evaluations | g evaluations | best noise-free fitness - Fopt (-1.418900000000e+002) + sum g_i+ | measured fitness | best measured fitness or single-digit g-values | x1 | x2...
1 0 +1.108557711e+002 -3.103422889e+001 -3.103422889e+001 -2.4997e+000 +3.1293e+000 -2.6773e+000
2 0 +8.268503040e+001 -5.920496960e+001 -5.920496960e+001 +2.5536e+000 -2.3970e+000 +2.3804e+000
5 0 +3.401974579e+001 -1.078702542e+002 -1.078702542e+002 -5.0000e+000 +5.0000e+000 +5.0000e+000
6 0 +9.649370070e+000 -1.322406299e+002 -1.322406299e+002 -2.9386e+000 +1.4656e-001 +1.3612e+000
44 0 +7.396589720e+000 -1.344934103e+002 -1.344934103e+002 -4.7818e+000 -1.5558e+000 +1.6635e+000
108 0 +1.395118463e+000 -1.404948815e+002 -1.404948815e+002 +1.4890e+000 +6.7334e-001 -2.4319e+000
658 0 +9.124149662e-001 -1.409775850e+002 -1.409775850e+002 +7.2123e-001 -3.7390e+000 +1.5676e-001
1935 0 +5.546603170e-001 -1.413353397e+002 -1.413353397e+002 -2.3052e+000 +4.3021e+000 -1.4303e+000
2228 0 +5.359427660e-001 -1.413540572e+002 -1.413540572e+002 +3.4365e+000 +4.6406e+000 -3.4219e+000
2265 0 +1.572758650e-001 -1.417327241e+002 -1.417327241e+002 -2.2617e+000 +4.3021e+000 -1.4400e+000
2391 0 +7.472752381e-002 -1.418152725e+002 -1.418152725e+002 -3.2536e+000 -4.4524e+000 +2.2004e+000
5241 0 +2.786194531e-002 -1.418621381e+002 -1.418621381e+002 -3.2536e+000 -4.4524e+000 +2.2688e+000
6561 0 +1.657599145e-002 -1.418734240e+002 -1.418734240e+002 -3.2536e+000 -4.4524e+000 +2.3093e+000
6591 0 +1.156110197e-002 -1.418784389e+002 -1.418784389e+002 -3.2646e+000 -4.4524e+000 +2.3093e+000
7011 0 +1.082543988e-002 -1.418791746e+002 -1.418791746e+002 -3.2646e+000 -4.4519e+000 +2.3093e+000
7371 0 +9.202154750e-003 -1.418807978e+002 -1.418807978e+002 -3.2646e+000 -4.4519e+000 +2.3609e+000
8361 0 +2.502077483e-003 -1.418874979e+002 -1.418874979e+002 -3.2624e+000 -4.4519e+000 +2.3609e+000
11296 0 +7.669737496e-004 -1.418892330e+002 -1.418892330e+002 +2.1963e+000 -4.1390e+000 +1.4256e+000
16186 0 +5.865654379e-004 -1.418894134e+002 -1.418894134e+002 +2.1963e+000 -4.1390e+000 +1.4254e+000
17146 0 +4.949850367e-004 -1.418895050e+002 -1.418895050e+002 +2.1963e+000 -4.1390e+000 +1.4191e+000
17284 0 +3.466966253e-004 -1.418896533e+002 -1.418896533e+002 +2.1961e+000 -4.1391e+000 +1.4192e+000
17388 0 +3.205349834e-004 -1.418896795e+002 -1.418896795e+002 +2.1959e+000 -4.1392e+000 +1.4194e+000
17419 0 +3.122781308e-004 -1.418896877e+002 -1.418896877e+002 +2.1959e+000 -4.1392e+000 +1.4208e+000
17500 0 +1.900416937e-004 -1.418898100e+002 -1.418898100e+002 +2.1955e+000 -4.1394e+000 +1.4212e+000
17503 0 +1.585782142e-004 -1.418898414e+002 -1.418898414e+002 +2.1932e+000 -4.1398e+000 +1.4243e+000
17508 0 +8.127243194e-005 -1.418899187e+002 -1.418899187e+002 +2.1948e+000 -4.1397e+000 +1.4231e+000
17552 0 +5.507398492e-005 -1.418899449e+002 -1.418899449e+002 +2.1945e+000 -4.1395e+000 +1.4246e+000
17589 0 +2.198611082e-005 -1.418899780e+002 -1.418899780e+002 -3.2613e+000 -4.4519e+000 +2.3408e+000
17693 0 +7.473536783e-006 -1.418899925e+002 -1.418899925e+002 +2.1942e+000 -4.1394e+000 +1.4231e+000
17924 0 +1.874319253e-006 -1.418899981e+002 -1.418899981e+002 +2.1942e+000 -4.1394e+000 +1.4234e+000
18214 0 +6.905980570e-007 -1.418899993e+002 -1.418899993e+002 +2.1941e+000 -4.1395e+000 +1.4236e+000
18418 0 +3.921032032e-007 -1.418899996e+002 -1.418899996e+002 +2.1942e+000 -4.1395e+000 +1.4234e+000
18593 0 +3.668825457e-007 -1.418899996e+002 -1.418899996e+002 +2.1942e+000 -4.1395e+000 +1.4235e+000
18607 0 +3.344799495e-007 -1.418899997e+002 -1.418899997e+002 +2.1941e+000 -4.1395e+000 +1.4235e+000
18664 0 +1.823467528e-007 -1.418899998e+002 -1.418899998e+002 +2.1941e+000 -4.1395e+000 +1.4237e+000
18680 0 +1.341816471e-007 -1.418899999e+002 -1.418899999e+002 +2.1941e+000 -4.1395e+000 +1.4235e+000
18685 0 +6.037083722e-009 -1.418900000e+002 -1.418900000e+002 +2.1942e+000 -4.1395e+000 +1.4235e+000
% f evaluations | g evaluations | best noise-free fitness - Fopt (1.095700000000e+002) + sum g_i+ | measured fitness | best measured fitness or single-digit g-values | x1 | x2...
1 0 +1.215750378e+002 +2.311450378e+002 +2.311450378e+002 -2.7733e+000 +6.4392e-001 +1.7035e+000
3 0 +1.046634362e+002 +2.142334362e+002 +2.142334362e+002 +1.0205e+000 +3.3300e+000 +3.3151e+000
5 0 +2.615258130e+001 +1.357225813e+002 +1.357225813e+002 -5.0000e+000 +5.0000e+000 +5.0000e+000
42 0 +2.520871431e+001 +1.347787143e+002 +1.347787143e+002 -1.0139e+000 +1.6919e+000 +8.6537e-001
60 0 +1.794861755e+001 +1.275186176e+002 +1.275186176e+002 +1.2511e+000 +3.4913e+000 -3.2659e+000
66 0 +1.542341776e+001 +1.249934178e+002 +1.249934178e+002 -1.3306e+000 +3.9398e+000 +1.1310e+000
104 0 +1.486112799e+001 +1.244311280e+002 +1.244311280e+002 -1.2314e+000 +2.8258e+000 -2.3358e+000
112 0 +5.869395198e+000 +1.154393952e+002 +1.154393952e+002 -2.7508e+000 +4.2752e+000 -3.0070e-001
136 0 +4.370749296e+000 +1.139407493e+002 +1.139407493e+002 -3.4350e+000 +4.2009e+000 -3.0859e+000
302 0 +2.897231909e+000 +1.124672319e+002 +1.124672319e+002 +8.0922e-001 +5.0000e+000 +5.0000e+000
615 0 +1.824040738e+000 +1.113940407e+002 +1.113940407e+002 +1.3255e+000 +1.9695e+000 +3.1277e+000
1031 0 +1.255855796e+000 +1.108258558e+002 +1.108258558e+002 +1.5086e+000 +2.1397e+000 +3.1490e+000
1728 0 +4.612400805e-001 +1.100312401e+002 +1.100312401e+002 +2.8482e+000 +3.2882e+000 +1.9659e+000
1970 0 +1.959349513e-001 +1.097659350e+002 +1.097659350e+002 +1.6566e+000 +2.1613e+000 +3.1175e+000
2496 0 +1.443802409e-001 +1.097143802e+002 +1.097143802e+002 +2.9442e+000 +3.3098e+000 +1.9246e+000
2531 0 +1.281115550e-001 +1.096981116e+002 +1.096981116e+002 +1.8405e+000 +2.2850e+000 +3.0218e+000
2638 0 +7.906458716e-002 +1.096490646e+002 +1.096490646e+002 +1.5607e-002 +9.6836e-001 +4.3955e+000
2799 0 +3.734927206e-002 +1.096073493e+002 +1.096073493e+002 +1.6674e+000 +2.1827e+000 +3.0764e+000
3035 0 +3.150490035e-002 +1.096015049e+002 +1.096015049e+002 +1.6384e+000 +2.1692e+000 +3.1011e+000
3369 0 +1.703563624e-002 +1.095870356e+002 +1.095870356e+002 +1.6817e+000 +2.1944e+000 +3.0688e+000
3891 0 +1.120537494e-002 +1.095812054e+002 +1.095812054e+002 +7.1277e-002 +9.8173e-001 +4.4026e+000
4032 0 +4.317095261e-003 +1.095743171e+002 +1.095743171e+002 +4.2851e-002 +9.7121e-001 +4.4086e+000
4885 0 +6.684995029e-004 +1.095706685e+002 +1.095706685e+002 +3.0357e+000 +3.3342e+000 +1.8822e+000
5533 0 +3.279228754e-004 +1.095703279e+002 +1.095703279e+002 +3.7587e-002 +9.7303e-001 +4.4131e+000
5609 0 +1.531081105e-004 +1.095701531e+002 +1.095701531e+002 +3.0390e+000 +3.3362e+000 +1.8866e+000
5969 0 +5.308604706e-005 +1.095700531e+002 +1.095700531e+002 +3.0397e+000 +3.3367e+000 +1.8862e+000
6180 0 +4.723896097e-005 +1.095700472e+002 +1.095700472e+002 +3.8438e-002 +9.7236e-001 +4.4145e+000
6260 0 +2.525898977e-005 +1.095700253e+002 +1.095700253e+002 +3.0415e+000 +3.3369e+000 +1.8856e+000
6304 0 +1.683019838e-005 +1.095700168e+002 +1.095700168e+002 +3.5441e-002 +9.7154e-001 +4.4149e+000
6324 0 +8.662080873e-006 +1.095700087e+002 +1.095700087e+002 +3.4883e-002 +9.7157e-001 +4.4154e+000
6443 0 +7.781728428e-006 +1.095700078e+002 +1.095700078e+002 +3.0416e+000 +3.3369e+000 +1.8853e+000
6694 0 +8.887043776e-007 +1.095700009e+002 +1.095700009e+002 +3.6056e-002 +9.7179e-001 +4.4151e+000
6806 0 +6.845907876e-007 +1.095700007e+002 +1.095700007e+002 +3.5928e-002 +9.7178e-001 +4.4150e+000
6951 0 +1.711759126e-007 +1.095700002e+002 +1.095700002e+002 +3.0409e+000 +3.3368e+000 +1.8856e+000
7114 0 +1.453668261e-007 +1.095700001e+002 +1.095700001e+002 +3.6123e-002 +9.7184e-001 +4.4151e+000
7284 0 +9.986348459e-008 +1.095700001e+002 +1.095700001e+002 +3.6187e-002 +9.7185e-001 +4.4150e+000
7607 0 +7.298947935e-008 +1.095700001e+002 +1.095700001e+002 +3.6197e-002 +9.7185e-001 +4.4150e+000
7642 0 +2.742680749e-009 +1.095700000e+002 +1.095700000e+002 +3.0408e+000 +3.3368e+000 +1.8856e+000
% f evaluations | g evaluations | best noise-free fitness - Fopt (7.836000000000e+001) + sum g_i+ | measured fitness | best measured fitness or single-digit g-values | x1 | x2...
1 0 +7.770231539e+001 +1.560623154e+002 +1.560623154e+002 -1.7069e+000 +3.2171e+000 +4.4499e+000
3 0 +4.562889896e+001 +1.239888990e+002 +1.239888990e+002 -6.3673e-001 -3.3842e+000 +1.3144e+000
4 0 +1.365751619e+001 +9.201751619e+001 +9.201751619e+001 -1.5847e+000 +3.0127e+000 -3.7257e+000
11 0 +9.987837905e+000 +8.834783791e+001 +8.834783791e+001 -5.0399e-001 -1.1703e+000 -3.5918e-001
151 0 +5.690944980e+000 +8.405094498e+001 +8.405094498e+001 -1.9521e+000 -4.3760e+000 -2.2482e-001
204 0 +3.974339778e+000 +8.233433978e+001 +8.233433978e+001 -1.7838e+000 -2.1160e+000 +1.0236e+000
774 0 +4.102901497e-001 +7.877029015e+001 +7.877029015e+001 -2.8531e+000 -1.5018e+000 +1.4230e+000
1574 0 +9.407586037e-002 +7.845407586e+001 +7.845407586e+001 -2.8089e+000 +2.2359e+000 +2.8197e+000
2014 0 +8.776613496e-002 +7.844776613e+001 +7.844776613e+001 -4.2709e+000 +2.1352e+000 +4.0578e+000
2664 0 +8.494366813e-002 +7.844494367e+001 +7.844494367e+001 -1.3340e+000 -1.4855e+000 +1.4474e-001
2793 0 +8.192829479e-002 +7.844192829e+001 +7.844192829e+001 -2.8919e+000 +2.2850e+000 +2.8622e+000
2989 0 +4.920609624e-002 +7.840920610e+001 +7.840920610e+001 -4.2527e+000 +2.1051e+000 +4.0150e+000
3169 0 +1.986446739e-002 +7.837986447e+001 +7.837986447e+001 -4.2768e+000 +2.1011e+000 +4.0344e+000
3644 0 +9.990949106e-004 +7.836099909e+001 +7.836099909e+001 -2.8323e+000 +2.2649e+000 +2.8562e+000
4153 0 +1.183497755e-004 +7.836011835e+001 +7.836011835e+001 -4.2597e+000 +2.1028e+000 +4.0250e+000
4300 0 +7.333112927e-005 +7.836007333e+001 +7.836007333e+001 -4.2595e+000 +2.1027e+000 +4.0248e+000
4351 0 +3.466851700e-005 +7.836003467e+001 +7.836003467e+001 -4.2571e+000 +2.1020e+000 +4.0249e+000
4940 0 +3.299244266e-005 +7.836003299e+001 +7.836003299e+001 -4.2575e+000 +2.1026e+000 +4.0251e+000
5112 0 +2.947772118e-005 +7.836002948e+001 +7.836002948e+001 -4.2566e+000 +2.1022e+000 +4.0244e+000
5118 0 +2.790470342e-005 +7.836002790e+001 +7.836002790e+001 -2.8324e+000 +2.2652e+000 +2.8576e+000
5147 0 +2.452756534e-005 +7.836002453e+001 +7.836002453e+001 -4.2554e+000 +2.1017e+000 +4.0243e+000
5276 0 +9.356675235e-006 +7.836000936e+001 +7.836000936e+001 -4.2569e+000 +2.1021e+000 +4.0246e+000
5305 0 +7.635947185e-006 +7.836000764e+001 +7.836000764e+001 -4.2568e+000 +2.1023e+000 +4.0247e+000
5425 0 +6.077576828e-006 +7.836000608e+001 +7.836000608e+001 -4.2550e+000 +2.1017e+000 +4.0241e+000
5631 0 +1.467767945e-006 +7.836000147e+001 +7.836000147e+001 -4.2564e+000 +2.1020e+000 +4.0245e+000
5706 0 +1.037962818e-007 +7.836000010e+001 +7.836000010e+001 -4.2564e+000 +2.1020e+000 +4.0244e+000
5871 0 +2.270027721e-008 +7.836000002e+001 +7.836000002e+001 -4.2564e+000 +2.1020e+000 +4.0244e+000
6012 0 +1.948585293e-008 +7.836000002e+001 +7.836000002e+001 -4.2564e+000 +2.1021e+000 +4.0244e+000
6167 0 +1.473316047e-008 +7.836000001e+001 +7.836000001e+001 -4.2565e+000 +2.1021e+000 +4.0245e+000
6193 0 +2.933788323e-009 +7.836000000e+001 +7.836000000e+001 -4.2564e+000 +2.1020e+000 +4.0244e+000
% f evaluations | g evaluations | best noise-free fitness - Fopt (1.140900000000e+002) + sum g_i+ | measured fitness | best measured fitness or single-digit g-values | x1 | x2...
1 0 +5.282584123e+000 +1.193725841e+002 +1.193725841e+002 -3.6600e+000 -4.0076e-002 -4.9927e+000
29 0 +2.561536162e+000 +1.166515362e+002 +1.166515362e+002 -4.3291e+000 +2.5006e+000 +1.3168e+000
698 0 +2.355087443e+000 +1.164450874e+002 +1.164450874e+002 -4.2405e+000 +2.6394e+000 +1.2932e+000
928 0 +1.162634762e+000 +1.152526348e+002 +1.152526348e+002 -4.1797e+000 +2.4587e+000 +1.1022e+000
1418 0 +7.230141247e-001 +1.148130141e+002 +1.148130141e+002 -4.3486e+000 +2.7323e+000 +1.4099e+000
1557 0 +4.910700989e-001 +1.145810701e+002 +1.145810701e+002 -4.1698e+000 -8.7735e-001 -1.6502e+000
1924 0 +2.596274644e-001 +1.143496275e+002 +1.143496275e+002 -3.9214e+000 -1.1281e+000 -1.8226e+000
2257 0 +1.783522049e-001 +1.142683522e+002 +1.142683522e+002 -4.0515e+000 -8.6651e-001 -1.7530e+000
2314 0 +7.378617342e-002 +1.141637862e+002 +1.141637862e+002 -4.1045e+000 -8.9725e-001 -1.7103e+000
2440 0 +5.643961518e-002 +1.141464396e+002 +1.141464396e+002 -4.1054e+000 -1.0356e+000 -1.6648e+000
2484 0 +4.679960215e-002 +1.141367996e+002 +1.141367996e+002 -4.1087e+000 -1.0476e+000 -1.6670e+000
2643 0 +1.467922073e-002 +1.141046792e+002 +1.141046792e+002 -4.0704e+000 -1.0047e+000 -1.7039e+000
2699 0 +9.138555921e-003 +1.140991386e+002 +1.140991386e+002 -4.0890e+000 -1.0394e+000 -1.6807e+000
2767 0 +6.283516402e-003 +1.140962835e+002 +1.140962835e+002 -4.0885e+000 -9.8110e-001 -1.6964e+000
2855 0 +5.601004385e-003 +1.140956010e+002 +1.140956010e+002 -4.0847e+000 -1.0040e+000 -1.6949e+000
2860 0 +4.873896367e-003 +1.140948739e+002 +1.140948739e+002 -4.0941e+000 -9.3573e-001 -1.7021e+000
2947 0 +4.641745343e-003 +1.140946417e+002 +1.140946417e+002 -4.0695e+000 -9.7107e-001 -1.7148e+000
2956 0 +2.423768068e-003 +1.140924238e+002 +1.140924238e+002 -4.0774e+000 -9.6114e-001 -1.7115e+000
3077 0 +2.052114623e-003 +1.140920521e+002 +1.140920521e+002 -4.0769e+000 -9.9147e-001 -1.7059e+000
3086 0 +7.975982738e-004 +1.140907976e+002 +1.140907976e+002 -4.0762e+000 -9.6228e-001 -1.7148e+000
3135 0 +5.616287556e-004 +1.140905616e+002 +1.140905616e+002 -4.0746e+000 -9.6558e-001 -1.7154e+000
3143 0 +5.753989070e-005 +1.140900575e+002 +1.140900575e+002 -4.0776e+000 -9.6734e-001 -1.7116e+000
3282 0 +8.725183463e-006 +1.140900087e+002 +1.140900087e+002 -4.0784e+000 -9.6697e-001 -1.7108e+000
3430 0 +4.095160193e-006 +1.140900041e+002 +1.140900041e+002 -4.0784e+000 -9.6455e-001 -1.7113e+000
3560 0 +2.083100384e-006 +1.140900021e+002 +1.140900021e+002 -4.0783e+000 -9.6610e-001 -1.7111e+000
3654 0 +1.968062080e-006 +1.140900020e+002 +1.140900020e+002 -4.0785e+000 -9.6555e-001 -1.7110e+000
3759 0 +1.560304383e-006 +1.140900016e+002 +1.140900016e+002 -4.0781e+000 -9.6555e-001 -1.7114e+000
3774 0 +8.426897011e-007 +1.140900008e+002 +1.140900008e+002 -4.0785e+000 -9.6557e-001 -1.7110e+000
3796 0 +7.728976641e-007 +1.140900008e+002 +1.140900008e+002 -4.0783e+000 -9.6530e-001 -1.7113e+000
3814 0 +4.826077031e-007 +1.140900005e+002 +1.140900005e+002 -4.0784e+000 -9.6536e-001 -1.7112e+000
3826 0 +1.295649099e-008 +1.140900000e+002 +1.140900000e+002 -4.0783e+000 -9.6560e-001 -1.7112e+000
4089 0 +4.453511337e-009 +1.140900000e+002 +1.140900000e+002 -4.0784e+000 -9.6554e-001 -1.7112e+000
% f evaluations | g evaluations | best noise-free fitness - Fopt (-5.445900000000e+002) + sum g_i+ | measured fitness | best measured fitness or single-digit g-values | x1 | x2...
1 0 +1.251843851e+002 -4.194056149e+002 -4.194056149e+002 -4.3580e+000 -4.8735e+000 +2.9374e+000
6 0 +5.446526031e+001 -4.901247397e+002 -4.901247397e+002 -7.7668e-001 -4.4535e+000 -4.3833e+000
9 0 +4.489248251e+001 -4.996975175e+002 -4.996975175e+002 -8.5736e-002 +2.2892e+000 +3.4753e+000
19 0 +1.283629523e+001 -5.317537048e+002 -5.317537048e+002 +2.7600e+000 +1.5517e+000 -1.5989e+000
63 0 +8.068686073e+000 -5.365213139e+002 -5.365213139e+002 -4.1501e+000 +2.8113e-001 +1.7018e+000
204 0 +8.304416167e-001 -5.437595584e+002 -5.437595584e+002 -4.8050e+000 +4.2678e+000 +8.8641e-001
824 0 +7.330206985e-001 -5.438569793e+002 -5.438569793e+002 -4.8485e+000 +4.5671e+000 +6.4932e-001
1439 0 +1.928375813e-001 -5.443971624e+002 -5.443971624e+002 -4.9694e+000 +4.6797e+000 +6.3275e-001
2471 0 +9.745205263e-002 -5.444925479e+002 -5.444925479e+002 -3.2773e+000 +1.4961e+000 -2.9527e+000
2989 0 +2.144356957e-002 -5.445685564e+002 -5.445685564e+002 -3.2793e+000 +1.5241e+000 -2.9849e+000
3019 0 +9.185372768e-003 -5.445808146e+002 -5.445808146e+002 -3.2832e+000 +1.5126e+000 -2.9839e+000
3224 0 +3.554970702e-003 -5.445864450e+002 -5.445864450e+002 -3.2693e+000 +1.4674e+000 -2.9757e+000
3581 0 +3.541961404e-003 -5.445864580e+002 -5.445864580e+002 -3.2646e+000 +1.4571e+000 -2.9859e+000
3626 0 +3.417847853e-003 -5.445865822e+002 -5.445865822e+002 -3.2636e+000 +1.4533e+000 -2.9852e+000
3748 0 +3.307394250e-003 -5.445866926e+002 -5.445866926e+002 -3.2650e+000 +1.4574e+000 -2.9876e+000
3753 0 +1.187757700e-003 -5.445888122e+002 -5.445888122e+002 -3.2721e+000 +1.4688e+000 -2.9826e+000
3757 0 +6.769325690e-004 -5.445893231e+002 -5.445893231e+002 -3.2750e+000 +1.4868e+000 -2.9841e+000
3821 0 +3.810405387e-004 -5.445896190e+002 -5.445896190e+002 -3.2739e+000 +1.4809e+000 -2.9863e+000
3917 0 +2.981166703e-004 -5.445897019e+002 -5.445897019e+002 -3.2726e+000 +1.4776e+000 -2.9841e+000
3942 0 +1.961400551e-004 -5.445898039e+002 -5.445898039e+002 -3.2726e+000 +1.4771e+000 -2.9846e+000
4043 0 +1.361714567e-004 -5.445898638e+002 -5.445898638e+002 -3.2732e+000 +1.4791e+000 -2.9838e+000
4097 0 +4.537541679e-005 -5.445899546e+002 -5.445899546e+002 -3.2732e+000 +1.4778e+000 -2.9833e+000
4123 0 +1.247377793e-005 -5.445899875e+002 -5.445899875e+002 -3.2736e+000 +1.4800e+000 -2.9838e+000
4253 0 +1.170509677e-006 -5.445899988e+002 -5.445899988e+002 -3.2733e+000 +1.4789e+000 -2.9835e+000
4452 0 +1.766376272e-007 -5.445899998e+002 -5.445899998e+002 -3.2735e+000 +1.4792e+000 -2.9834e+000
4536 0 +1.397821734e-007 -5.445899999e+002 -5.445899999e+002 -3.2735e+000 +1.4793e+000 -2.9834e+000
4636 0 +1.272084091e-007 -5.445899999e+002 -5.445899999e+002 -3.2734e+000 +1.4791e+000 -2.9834e+000
4676 0 +7.843379990e-008 -5.445899999e+002 -5.445899999e+002 -3.2735e+000 +1.4793e+000 -2.9834e+000
4686 0 +6.207687875e-008 -5.445899999e+002 -5.445899999e+002 -3.2734e+000 +1.4792e+000 -2.9834e+000
4715 0 +2.677847988e-008 -5.445900000e+002 -5.445900000e+002 -3.2734e+000 +1.4792e+000 -2.9834e+000
4822 0 +2.175374902e-008 -5.445900000e+002 -5.445900000e+002 -3.2734e+000 +1.4792e+000 -2.9834e+000
4831 0 +1.775379133e-008 -5.445900000e+002 -5.445900000e+002 -3.2734e+000 +1.4791e+000 -2.9834e+000
4874 0 +7.652715794e-009 -5.445900000e+002 -5.445900000e+002 -3.2734e+000 +1.4792e+000 -2.9834e+000
