% f evaluations | g evaluations | best noise-free fitness - Fopt (6.870000000000e+000) + sum g_i+ | measured fitness | best measured fitness or single-digit g-values | x1 | x2...
1 0 +1.815782383e+001 +2.502782383e+001 +2.502782383e+001 -1.4154e+000 -4.9970e+000
2 0 +1.228952246e+001 +1.915952246e+001 +1.915952246e+001 -2.2252e+000 +3.8661e+000
7 0 +9.160399897e+000 +1.603039990e+001 +1.603039990e+001 -4.0220e-001 +4.5087e-001
18 0 +7.799233717e+000 +1.466923372e+001 +1.466923372e+001 -2.6499e-001 -2.2966e+000
54 0 +2.028426835e+000 +8.898426835e+000 +8.898426835e+000 +2.8156e+000 -4.9970e+000
798 0 +1.337401069e+000 +8.207401069e+000 +8.207401069e+000 -9.0971e-001 +5.2669e-001
964 0 +7.142213146e-001 +7.584221315e+000 +7.584221315e+000 -9.0971e-001 -4.6540e+000
2588 0 +6.423111832e-001 +7.512311183e+000 +7.512311183e+000 -1.5901e+000 -4.4411e-001
2594 0 +5.669966549e-001 +7.436996655e+000 +7.436996655e+000 +4.1122e+000 +3.9398e+000
2755 0 +4.057251853e-001 +7.275725185e+000 +7.275725185e+000 -3.7433e+000 +1.1519e+000
2789 0 +3.609747315e-001 +7.230974731e+000 +7.230974731e+000 +1.9729e+000 -1.0860e+000
2901 0 +6.927163786e-002 +6.939271638e+000 +6.939271638e+000 +4.0301e+000 -2.8891e+000
5805 0 +4.562871580e-002 +6.915628716e+000 +6.915628716e+000 -4.3131e+000 -4.6652e+000
9946 0 +3.488041067e-002 +6.904880411e+000 +6.904880411e+000 -1.2184e+000 +4.9621e+000
9951 0 +3.455456558e-002 +6.904554566e+000 +6.904554566e+000 -1.2184e+000 +4.9620e+000
9964 0 +2.956303452e-002 +6.899563035e+000 +6.899563035e+000 -1.2184e+000 +4.9620e+000
9982 0 +2.759309461e-002 +6.897593095e+000 +6.897593095e+000 -1.2184e+000 +4.9620e+000
10043 0 +2.497509835e-002 +6.894975098e+000 +6.894975098e+000 -1.2184e+000 +4.9621e+000
10052 0 +1.433759926e-002 +6.884337599e+000 +6.884337599e+000 -1.2184e+000 +4.9620e+000
10060 0 +1.275511426e-002 +6.882755114e+000 +6.882755114e+000 -1.2183e+000 +4.9620e+000
10062 0 +1.145820296e-002 +6.881458203e+000 +6.881458203e+000 -1.2184e+000 +4.9620e+000
10104 0 +3.983081141e-003 +6.873983081e+000 +6.873983081e+000 -1.2183e+000 +4.9620e+000
10118 0 +3.215026354e-003 +6.873215026e+000 +6.873215026e+000 -1.2183e+000 +4.9620e+000
10150 0 +1.443518114e-003 +6.871443518e+000 +6.871443518e+000 -1.2183e+000 +4.9620e+000
10155 0 +1.085060060e-003 +6.871085060e+000 +6.871085060e+000 -1.2183e+000 +4.9620e+000
10192 0 +3.351487128e-004 +6.870335149e+000 +6.870335149e+000 -1.2183e+000 +4.9620e+000
10196 0 +2.800446582e-004 +6.870280045e+000 +6.870280045e+000 -1.2183e+000 +4.9620e+000
10261 0 +1.903033661e-004 +6.870190303e+000 +6.870190303e+000 -1.2183e+000 +4.9620e+000
10304 0 +6.229168937e-005 +6.870062292e+000 +6.870062292e+000 -1.2183e+000 +4.9620e+000
10333 0 +2.545011235e-005 +6.870025450e+000 +6.870025450e+000 -1.2183e+000 +4.9620e+000
10421 0 +2.390022539e-005 +6.870023900e+000 +6.870023900e+000 -1.2183e+000 +4.9620e+000
10499 0 +2.053439435e-005 +6.870020534e+000 +6.870020534e+000 -1.2183e+000 +4.9620e+000
10541 0 +1.779143975e-005 +6.870017791e+000 +6.870017791e+000 -1.2183e+000 +4.9620e+000
10543 0 +1.766493255e-005 +6.870017665e+000 +6.870017665e+000 -1.2183e+000 +4.9620e+000
10559 0 +1.566535886e-005 +6.870015665e+000 +6.870015665e+000 -1.2183e+000 +4.9620e+000
10562 0 +1.101018782e-005 +6.870011010e+000 +6.870011010e+000 -1.2183e+000 +4.9620e+000
10563 0 +8.577282182e-006 +6.870008577e+000 +6.870008577e+000 -1.2183e+000 +4.9620e+000
10596 0 +5.981109213e-006 +6.870005981e+000 +6.870005981e+000 -1.2183e+000 +4.9620e+000
10642 0 +1.011126378e-006 +6.870001011e+000 +6.870001011e+000 -1.2183e+000 +4.9620e+000
10789 0 +9.403443411e-007 +6.870000940e+000 +6.870000940e+000 -1.2183e+000 +4.9620e+000
10813 0 +7.383820995e-007 +6.870000738e+000 +6.870000738e+000 -1.2183e+000 +4.9620e+000
10867 0 +7.008546543e-007 +6.870000701e+000 +6.870000701e+000 -1.2183e+000 +4.9620e+000
10880 0 +6.478931320e-007 +6.870000648e+000 +6.870000648e+000 -1.2183e+000 +4.9620e+000
10904 0 +3.544784342e-007 +6.870000354e+000 +6.870000354e+000 -1.2183e+000 +4.9620e+000
10905 0 +1.352111925e-007 +6.870000135e+000 +6.870000135e+000 -1.2183e+000 +4.9620e+000
10926 0 +1.336644360e-007 +6.870000134e+000 +6.870000134e+000 -1.2183e+000 +4.9620e+000
10969 0 +5.420324012e-008 +6.870000054e+000 +6.870000054e+000 -1.2183e+000 +4.9620e+000
11013 0 +2.493429019e-008 +6.870000025e+000 +6.870000025e+000 -1.2183e+000 +4.9620e+000
11129 0 +2.242292219e-008 +6.870000022e+000 +6.870000022e+000 -1.2183e+000 +4.9620e+000
11130 0 +1.131476157e-008 +6.870000011e+000 +6.870000011e+000 -1.2183e+000 +4.9620e+000
11165 0 +3.035909302e-009 +6.870000003e+000 +6.870000003e+000 -1.2183e+000 +4.9620e+000
% f evaluations | g evaluations | best noise-free fitness - Fopt (1.000000000000e-002) + sum g_i+ | measured fitness | best measured fitness or single-digit g-values | x1 | x2...
1 0 +6.444382330e+001 +6.445382330e+001 +6.445382330e+001 +3.6580e+000 -2.8417e+000
2 0 +6.278917627e+001 +6.279917627e+001 +6.279917627e+001 -3.4570e+000 -1.8449e+000
3 0 +3.641825875e+001 +3.642825875e+001 +3.642825875e+001 -2.4437e+000 -2.7570e+000
5 0 +3.253410709e+001 +3.254410709e+001 +3.254410709e+001 -4.6934e+000 +3.4952e+000
6 0 +2.146592020e+001 +2.147592020e+001 +2.147592020e+001 -6.0706e-002 +5.0000e+000
9 0 +1.624787488e+001 +1.625787488e+001 +1.625787488e+001 +2.5869e+000 -1.6828e+000
18 0 +1.246942355e+001 +1.247942355e+001 +1.247942355e+001 -6.5549e-002 -8.2592e-001
38 0 +1.067424849e+001 +1.068424849e+001 +1.068424849e+001 -1.5122e+000 +3.7150e+000
55 0 +4.789086219e+000 +4.799086219e+000 +4.799086219e+000 +4.2833e-001 +1.3033e-001
57 0 +2.073423922e+000 +2.083423922e+000 +2.083423922e+000 -5.8089e-002 +1.4913e+000
94 0 +1.409610514e+000 +1.419610514e+000 +1.419610514e+000 -4.3958e-001 +3.9236e+000
828 0 +1.008739875e+000 +1.018739875e+000 +1.018739875e+000 -6.5735e-001 +4.3233e+000
831 0 +8.998139569e-001 +9.098139569e-001 +9.098139569e-001 -8.7219e-001 +4.7226e+000
888 0 +8.243092598e-001 +8.343092598e-001 +8.343092598e-001 -8.7233e-001 +4.7226e+000
903 0 +7.547659081e-001 +7.647659081e-001 +7.647659081e-001 -8.7525e-001 +4.7230e+000
968 0 +7.171324194e-001 +7.271324194e-001 +7.271324194e-001 -8.7540e-001 +4.7229e+000
1072 0 +7.066817786e-001 +7.166817786e-001 +7.166817786e-001 -8.7536e-001 +4.7229e+000
1107 0 +6.878086419e-001 +6.978086419e-001 +6.978086419e-001 -8.7516e-001 +4.7229e+000
1123 0 +6.725205562e-001 +6.825205562e-001 +6.825205562e-001 -8.7492e-001 +4.7228e+000
1130 0 +6.458954466e-001 +6.558954466e-001 +6.558954466e-001 -8.7493e-001 +4.7228e+000
1140 0 +6.417223140e-001 +6.517223140e-001 +6.517223140e-001 -8.7491e-001 +4.7228e+000
1155 0 +6.157242194e-001 +6.257242194e-001 +6.257242194e-001 -8.7466e-001 +4.7227e+000
1170 0 +5.887966820e-001 +5.987966820e-001 +5.987966820e-001 -8.7455e-001 +4.7227e+000
1173 0 +5.731721539e-001 +5.831721539e-001 +5.831721539e-001 -8.7413e-001 +4.7226e+000
1176 0 +5.460049915e-001 +5.560049915e-001 +5.560049915e-001 -8.7385e-001 +4.7225e+000
1177 0 +5.294430267e-001 +5.394430267e-001 +5.394430267e-001 -8.7363e-001 +4.7224e+000
1178 0 +4.983949351e-001 +5.083949351e-001 +5.083949351e-001 -8.7336e-001 +4.7224e+000
1182 0 +4.671109807e-001 +4.771109807e-001 +4.771109807e-001 -8.7317e-001 +4.7223e+000
1188 0 +4.530660561e-001 +4.630660561e-001 +4.630660561e-001 -8.7304e-001 +4.7223e+000
1189 0 +4.153063525e-001 +4.253063525e-001 +4.253063525e-001 -8.7270e-001 +4.7222e+000
1195 0 +3.678654706e-001 +3.778654706e-001 +3.778654706e-001 -8.7244e-001 +4.7222e+000
1198 0 +3.504552090e-001 +3.604552090e-001 +3.604552090e-001 -8.7270e-001 +4.7221e+000
1201 0 +2.766582114e-001 +2.866582114e-001 +2.866582114e-001 -8.7206e-001 +4.7220e+000
1203 0 +2.752897386e-001 +2.852897386e-001 +2.852897386e-001 -8.7196e-001 +4.7220e+000
1204 0 +2.478911266e-001 +2.578911266e-001 +2.578911266e-001 -8.7182e-001 +4.7220e+000
1205 0 +1.950273791e-001 +2.050273791e-001 +2.050273791e-001 -8.7163e-001 +4.7219e+000
1207 0 +1.939311483e-001 +2.039311483e-001 +2.039311483e-001 -8.7167e-001 +4.7218e+000
1212 0 +1.855591368e-001 +1.955591368e-001 +1.955591368e-001 -8.7163e-001 +4.7218e+000
1215 0 +1.605133200e-001 +1.705133200e-001 +1.705133200e-001 -8.7119e-001 +4.7217e+000
1221 0 +1.025187673e-001 +1.125187673e-001 +1.125187673e-001 -8.7125e-001 +4.7217e+000
1231 0 +3.320482759e-002 +4.320482759e-002 +4.320482759e-002 -8.7082e-001 +4.7214e+000
1236 0 +3.258245315e-002 +4.258245315e-002 +4.258245315e-002 -8.7086e-001 +4.7214e+000
1241 0 +1.716250117e-002 +2.716250117e-002 +2.716250117e-002 -8.7096e-001 +4.7215e+000
1242 0 +1.681480595e-002 +2.681480595e-002 +2.681480595e-002 -8.7096e-001 +4.7215e+000
1265 0 +7.506851401e-003 +1.750685140e-002 +1.750685140e-002 -8.7091e-001 +4.7215e+000
1266 0 +5.463228351e-003 +1.546322835e-002 +1.546322835e-002 -8.7092e-001 +4.7215e+000
1278 0 +3.117417559e-003 +1.311741756e-002 +1.311741756e-002 -8.7092e-001 +4.7215e+000
1306 0 +2.041850406e-003 +1.204185041e-002 +1.204185041e-002 -8.7091e-001 +4.7215e+000
1311 0 +9.308036200e-004 +1.093080362e-002 +1.093080362e-002 -8.7092e-001 +4.7215e+000
1314 0 +7.193965364e-004 +1.071939654e-002 +1.071939654e-002 -8.7091e-001 +4.7215e+000
1321 0 +2.161583650e-004 +1.021615837e-002 +1.021615837e-002 -8.7091e-001 +4.7215e+000
1327 0 +1.406240485e-004 +1.014062405e-002 +1.014062405e-002 -8.7091e-001 +4.7215e+000
1342 0 +8.950986972e-005 +1.008950987e-002 +1.008950987e-002 -8.7091e-001 +4.7215e+000
1347 0 +6.109461044e-005 +1.006109461e-002 +1.006109461e-002 -8.7091e-001 +4.7215e+000
1366 0 +5.873533265e-005 +1.005873533e-002 +1.005873533e-002 -8.7091e-001 +4.7215e+000
1371 0 +5.468126650e-005 +1.005468127e-002 +1.005468127e-002 -8.7091e-001 +4.7215e+000
1387 0 +3.798338131e-005 +1.003798338e-002 +1.003798338e-002 -8.7091e-001 +4.7215e+000
1392 0 +1.844876116e-005 +1.001844876e-002 +1.001844876e-002 -8.7091e-001 +4.7215e+000
1415 0 +1.033905957e-005 +1.001033906e-002 +1.001033906e-002 -8.7091e-001 +4.7215e+000
1437 0 +7.518800610e-006 +1.000751880e-002 +1.000751880e-002 -8.7091e-001 +4.7215e+000
1452 0 +3.511063782e-006 +1.000351106e-002 +1.000351106e-002 -8.7091e-001 +4.7215e+000
1475 0 +1.448922455e-006 +1.000144892e-002 +1.000144892e-002 -8.7091e-001 +4.7215e+000
1497 0 +1.310623193e-006 +1.000131062e-002 +1.000131062e-002 -8.7091e-001 +4.7215e+000
1500 0 +1.046986907e-006 +1.000104699e-002 +1.000104699e-002 -8.7091e-001 +4.7215e+000
1531 0 +8.349920216e-007 +1.000083499e-002 +1.000083499e-002 -8.7091e-001 +4.7215e+000
1554 0 +6.594798752e-007 +1.000065948e-002 +1.000065948e-002 -8.7091e-001 +4.7215e+000
1556 0 +1.028098739e-007 +1.000010281e-002 +1.000010281e-002 -8.7091e-001 +4.7215e+000
1597 0 +5.313706863e-008 +1.000005314e-002 +1.000005314e-002 -8.7091e-001 +4.7215e+000
1610 0 +4.169364576e-008 +1.000004169e-002 +1.000004169e-002 -8.7091e-001 +4.7215e+000
1642 0 +3.073270249e-008 +1.000003073e-002 +1.000003073e-002 -8.7091e-001 +4.7215e+000
1649 0 +2.283735978e-008 +1.000002284e-002 +1.000002284e-002 -8.7091e-001 +4.7215e+000
1658 0 +1.622862900e-008 +1.000001623e-002 +1.000001623e-002 -8.7091e-001 +4.7215e+000
1679 0 +1.464263211e-008 +1.000001464e-002 +1.000001464e-002 -8.7091e-001 +4.7215e+000
1685 0 +5.933259994e-009 +1.000000593e-002 +1.000000593e-002 -8.7091e-001 +4.7215e+000
% f evaluations | g evaluations | best noise-free fitness - Fopt (-1.306100000000e+002) + sum g_i+ | measured fitness | best measured fitness or single-digit g-values | x1 | x2...
1 0 +7.795179697e+000 -1.228148203e+002 -1.228148203e+002 -3.3922e+000 -1.2763e+000
60 0 +6.706214197e+000 -1.239037858e+002 -1.239037858e+002 -4.3530e+000 +6.7869e-003
76 0 +2.400048440e+000 -1.282099516e+002 -1.282099516e+002 -4.4091e+000 +1.7663e+000
493 0 +1.699466872e+000 -1.289105331e+002 -1.289105331e+002 -4.0645e+000 +4.3464e+000
526 0 +5.250308344e-001 -1.300849692e+002 -1.300849692e+002 -3.2734e+000 +2.6059e+000
1220 0 +2.423404638e-001 -1.303676595e+002 -1.303676595e+002 -4.4624e+000 +2.5195e+000
2020 0 +9.690311101e-002 -1.305130969e+002 -1.305130969e+002 +8.2517e-002 +2.1301e+000
4654 0 +6.053140404e-002 -1.305494686e+002 -1.305494686e+002 +2.4156e+000 -6.8764e-001
4719 0 +3.939999491e-002 -1.305706000e+002 -1.305706000e+002 +2.4156e+000 -6.8785e-001
4749 0 +3.025510870e-002 -1.305797449e+002 -1.305797449e+002 +2.4157e+000 -6.8789e-001
4752 0 +1.385158746e-002 -1.305961484e+002 -1.305961484e+002 +2.4156e+000 -6.8779e-001
4784 0 +1.212085834e-002 -1.305978791e+002 -1.305978791e+002 +2.4156e+000 -6.8784e-001
4800 0 +8.242311899e-003 -1.306017577e+002 -1.306017577e+002 +2.4156e+000 -6.8782e-001
4813 0 +2.355860333e-003 -1.306076441e+002 -1.306076441e+002 +2.4156e+000 -6.8782e-001
4846 0 +2.343496846e-003 -1.306076565e+002 -1.306076565e+002 +2.4156e+000 -6.8782e-001
4893 0 +1.153108498e-003 -1.306088469e+002 -1.306088469e+002 +2.4156e+000 -6.8781e-001
4916 0 +3.528685218e-004 -1.306096471e+002 -1.306096471e+002 +2.4156e+000 -6.8782e-001
4928 0 +2.015944708e-004 -1.306097984e+002 -1.306097984e+002 +2.4156e+000 -6.8781e-001
5041 0 +1.846690264e-004 -1.306098153e+002 -1.306098153e+002 +2.4156e+000 -6.8781e-001
5069 0 +1.422607827e-004 -1.306098577e+002 -1.306098577e+002 +2.4156e+000 -6.8782e-001
5074 0 +4.338697028e-005 -1.306099566e+002 -1.306099566e+002 +2.4156e+000 -6.8782e-001
5100 0 +3.978262541e-005 -1.306099602e+002 -1.306099602e+002 +2.4156e+000 -6.8782e-001
5154 0 +1.198810239e-005 -1.306099880e+002 -1.306099880e+002 +2.4156e+000 -6.8782e-001
5177 0 +6.403219714e-006 -1.306099936e+002 -1.306099936e+002 +2.4156e+000 -6.8782e-001
5242 0 +3.319894404e-006 -1.306099967e+002 -1.306099967e+002 +2.4156e+000 -6.8782e-001
5336 0 +2.437869426e-006 -1.306099976e+002 -1.306099976e+002 +2.4156e+000 -6.8782e-001
5430 0 +1.970370164e-006 -1.306099980e+002 -1.306099980e+002 +2.4156e+000 -6.8782e-001
5450 0 +1.805445379e-006 -1.306099982e+002 -1.306099982e+002 +2.4156e+000 -6.8782e-001
5458 0 +9.476288767e-007 -1.306099991e+002 -1.306099991e+002 +2.4156e+000 -6.8782e-001
5475 0 +8.639794657e-007 -1.306099991e+002 -1.306099991e+002 +2.4156e+000 -6.8782e-001
5494 0 +7.754568969e-007 -1.306099992e+002 -1.306099992e+002 +2.4156e+000 -6.8782e-001
5528 0 +6.789746863e-007 -1.306099993e+002 -1.306099993e+002 +2.4156e+000 -6.8782e-001
5539 0 +6.717870065e-007 -1.306099993e+002 -1.306099993e+002 +2.4156e+000 -6.8782e-001
5550 0 +4.814316696e-007 -1.306099995e+002 -1.306099995e+002 +2.4156e+000 -6.8782e-001
5560 0 +4.200207115e-007 -1.306099996e+002 -1.306099996e+002 +2.4156e+000 -6.8782e-001
5586 0 +8.809792007e-008 -1.306099999e+002 -1.306099999e+002 +2.4156e+000 -6.8782e-001
5633 0 +5.751712706e-008 -1.306099999e+002 -1.306099999e+002 +2.4156e+000 -6.8782e-001
5674 0 +5.416634963e-008 -1.306099999e+002 -1.306099999e+002 +2.4156e+000 -6.8782e-001
5698 0 +2.912011610e-008 -1.306100000e+002 -1.306100000e+002 +2.4156e+000 -6.8782e-001
5700 0 +1.867132937e-008 -1.306100000e+002 -1.306100000e+002 +2.4156e+000 -6.8782e-001
5747 0 +1.440139386e-008 -1.306100000e+002 -1.306100000e+002 +2.4156e+000 -6.8782e-001
5781 0 +7.936790780e-009 -1.306100000e+002 -1.306100000e+002 +2.4156e+000 -6.8782e-001
% f evaluations | g evaluations | best noise-free fitness - Fopt (-2.231200000000e+002) + sum g_i+ | measured fitness | best measured fitness or single-digit g-values | x1 | x2...
1 0 +2.544638201e+001 -1.976736180e+002 -1.976736180e+002 +2.3582e+000 -1.6368e+000
2 0 +2.485931188e+001 -1.982606881e+002 -1.982606881e+002 -3.2119e+000 -8.0962e-001
3 0 +5.099681062e+000 -2.180203189e+002 -2.180203189e+002 +4.4738e+000 -2.3975e+000
5 0 +4.620374355e+000 -2.184996256e+002 -2.184996256e+002 +2.4258e+000 -4.7427e+000
100 0 +2.072084253e+000 -2.210479157e+002 -2.210479157e+002 +2.1563e-001 -4.0147e+000
420 0 +7.938561618e-001 -2.223261438e+002 -2.223261438e+002 -1.7718e+000 -3.7069e+000
467 0 +6.667416647e-001 -2.224532583e+002 -2.224532583e+002 -3.7593e+000 -3.3990e+000
1969 0 +4.136146184e-001 -2.227063854e+002 -2.227063854e+002 -3.5807e+000 +2.8924e+000
4175 0 +3.541063629e-001 -2.227658936e+002 -2.227658936e+002 +4.6815e+000 -1.5704e+000
4230 0 +3.319134432e-001 -2.227880866e+002 -2.227880866e+002 +4.6815e+000 -1.5704e+000
4425 0 +3.060289559e-001 -2.228139710e+002 -2.228139710e+002 +4.6816e+000 -1.5704e+000
4459 0 +2.733462625e-001 -2.228466537e+002 -2.228466537e+002 +4.6816e+000 -1.5703e+000
4485 0 +1.758668679e-001 -2.229441331e+002 -2.229441331e+002 -2.2435e-002 -4.4923e-001
4486 0 +1.608279917e-001 -2.229591720e+002 -2.229591720e+002 -2.2455e-002 -4.4923e-001
4602 0 +6.318866845e-002 -2.230568113e+002 -2.230568113e+002 -4.7264e+000 +6.7191e-001
4653 0 +3.751098681e-002 -2.230824890e+002 -2.230824890e+002 -4.7265e+000 +6.7191e-001
4849 0 +2.676774689e-002 -2.230932323e+002 -2.230932323e+002 -4.7264e+000 +6.7195e-001
4872 0 +2.294111983e-002 -2.230970589e+002 -2.230970589e+002 -4.7263e+000 +6.7198e-001
4888 0 +1.799666001e-002 -2.231020033e+002 -2.231020033e+002 -4.7263e+000 +6.7202e-001
4897 0 +1.463000805e-002 -2.231053700e+002 -2.231053700e+002 -4.7261e+000 +6.7208e-001
4929 0 +3.078334355e-003 -2.231169217e+002 -2.231169217e+002 -4.7262e+000 +6.7203e-001
4975 0 +5.920012055e-004 -2.231194080e+002 -2.231194080e+002 -4.7262e+000 +6.7204e-001
5035 0 +3.424729355e-004 -2.231196575e+002 -2.231196575e+002 -4.7262e+000 +6.7204e-001
5128 0 +1.747842248e-006 -2.231199983e+002 -2.231199983e+002 -4.7262e+000 +6.7204e-001
5434 0 +1.572985752e-006 -2.231199984e+002 -2.231199984e+002 -4.7262e+000 +6.7204e-001
5486 0 +1.520934973e-006 -2.231199985e+002 -2.231199985e+002 -4.7262e+000 +6.7204e-001
5522 0 +1.024525289e-006 -2.231199990e+002 -2.231199990e+002 -4.7262e+000 +6.7204e-001
5527 0 +8.815149215e-007 -2.231199991e+002 -2.231199991e+002 -4.7262e+000 +6.7204e-001
5539 0 +8.302858419e-007 -2.231199992e+002 -2.231199992e+002 -4.7262e+000 +6.7204e-001
5542 0 +4.839636176e-007 -2.231199995e+002 -2.231199995e+002 -4.7262e+000 +6.7204e-001
5546 0 +4.364469817e-007 -2.231199996e+002 -2.231199996e+002 -4.7262e+000 +6.7204e-001
5547 0 +6.993661827e-008 -2.231199999e+002 -2.231199999e+002 -4.7262e+000 +6.7204e-001
5634 0 +3.278694294e-008 -2.231200000e+002 -2.231200000e+002 -4.7262e+000 +6.7204e-001
5766 0 +2.672456390e-008 -2.231200000e+002 -2.231200000e+002 -4.7262e+000 +6.7204e-001
5816 0 +9.259508715e-009 -2.231200000e+002 -2.231200000e+002 -4.7262e+000 +6.7204e-001
% f evaluations | g evaluations | best noise-free fitness - Fopt (-4.443000000000e+001) + sum g_i+ | measured fitness | best measured fitness or single-digit g-values | x1 | x2...
1 0 +5.911313524e+000 -3.851868648e+001 -3.851868648e+001 -2.2601e+000 -4.0761e+000
37 0 +5.870059614e+000 -3.855994039e+001 -3.855994039e+001 -2.5944e+000 -3.5147e+000
52 0 +5.165578741e+000 -3.926442126e+001 -3.926442126e+001 -2.4386e+000 -4.6890e+000
151 0 +4.964446219e+000 -3.946555378e+001 -3.946555378e+001 -1.3181e+000 -3.6740e+000
233 0 +4.637632637e+000 -3.979236736e+001 -3.979236736e+001 -5.3322e-001 -3.3035e+000
255 0 +3.184030693e+000 -4.124596931e+001 -4.124596931e+001 +8.5275e-001 -1.2699e+000
330 0 +6.150577724e-001 -4.381494223e+001 -4.381494223e+001 -2.2186e-001 -3.2333e+000
565 0 +6.012617427e-001 -4.382873826e+001 -4.382873826e+001 +4.9712e-001 -1.7921e+000
661 0 +5.250280641e-001 -4.390497194e+001 -4.390497194e+001 +4.9711e-001 -1.7920e+000
667 0 +5.153238595e-001 -4.391467614e+001 -4.391467614e+001 -2.2187e-001 -3.2332e+000
688 0 +4.922207795e-001 -4.393777922e+001 -4.393777922e+001 +4.9711e-001 -1.7920e+000
719 0 +4.822656439e-001 -4.394773436e+001 -4.394773436e+001 +4.9710e-001 -1.7919e+000
753 0 +4.651773297e-001 -4.396482267e+001 -4.396482267e+001 -2.2188e-001 -3.2332e+000
758 0 +4.054258697e-001 -4.402457413e+001 -4.402457413e+001 -2.2189e-001 -3.2331e+000
857 0 +3.799578696e-001 -4.405004213e+001 -4.405004213e+001 -2.2189e-001 -3.2331e+000
921 0 +3.701070744e-001 -4.405989293e+001 -4.405989293e+001 -2.2189e-001 -3.2331e+000
1121 0 +3.618481340e-001 -4.406815187e+001 -4.406815187e+001 -2.2183e-001 -3.2332e+000
1137 0 +3.523694811e-001 -4.407763052e+001 -4.407763052e+001 -2.2172e-001 -3.2333e+000
1159 0 +3.439172513e-001 -4.408608275e+001 -4.408608275e+001 -2.2166e-001 -3.2334e+000
1167 0 +3.296224262e-001 -4.410037757e+001 -4.410037757e+001 -2.2157e-001 -3.2335e+000
1186 0 +3.226746003e-001 -4.410732540e+001 -4.410732540e+001 -2.2137e-001 -3.2337e+000
1199 0 +3.161117554e-001 -4.411388824e+001 -4.411388824e+001 -2.2127e-001 -3.2338e+000
1203 0 +3.014799802e-001 -4.412852002e+001 -4.412852002e+001 -2.2111e-001 -3.2340e+000
1204 0 +2.900532866e-001 -4.413994671e+001 -4.413994671e+001 -2.2097e-001 -3.2341e+000
1206 0 +2.621765141e-001 -4.416782349e+001 -4.416782349e+001 -2.2070e-001 -3.2344e+000
1208 0 +2.301555622e-001 -4.419984444e+001 -4.419984444e+001 -2.2046e-001 -3.2347e+000
1212 0 +1.891173400e-001 -4.424088266e+001 -4.424088266e+001 -2.2009e-001 -3.2351e+000
1213 0 +1.762103750e-001 -4.425378963e+001 -4.425378963e+001 -2.2001e-001 -3.2352e+000
1215 0 +1.538070678e-001 -4.427619293e+001 -4.427619293e+001 -2.1983e-001 -3.2354e+000
1217 0 +1.309649583e-001 -4.429903504e+001 -4.429903504e+001 -2.1969e-001 -3.2355e+000
1219 0 +1.180048931e-001 -4.431199511e+001 -4.431199511e+001 -2.1962e-001 -3.2356e+000
1231 0 +1.133315341e-001 -4.431666847e+001 -4.431666847e+001 -2.1942e-001 -3.2358e+000
1233 0 +9.628692544e-002 -4.433371307e+001 -4.433371307e+001 -2.1950e-001 -3.2357e+000
1246 0 +9.382547705e-002 -4.433617452e+001 -4.433617452e+001 -2.1948e-001 -3.2358e+000
1250 0 +9.311132303e-002 -4.433688868e+001 -4.433688868e+001 -2.1949e-001 -3.2357e+000
1275 0 +8.933379511e-002 -4.434066620e+001 -4.434066620e+001 -2.1948e-001 -3.2357e+000
1276 0 +8.375687310e-002 -4.434624313e+001 -4.434624313e+001 -2.1950e-001 -3.2357e+000
1277 0 +7.822397909e-002 -4.435177602e+001 -4.435177602e+001 -2.1949e-001 -3.2357e+000
1279 0 +7.623761645e-002 -4.435376238e+001 -4.435376238e+001 -2.1951e-001 -3.2357e+000
1281 0 +7.553612343e-002 -4.435446388e+001 -4.435446388e+001 -2.1951e-001 -3.2357e+000
1293 0 +6.952257964e-002 -4.436047742e+001 -4.436047742e+001 -2.1951e-001 -3.2357e+000
1296 0 +6.868628510e-002 -4.436131371e+001 -4.436131371e+001 -2.1948e-001 -3.2357e+000
1303 0 +6.755437872e-002 -4.436244562e+001 -4.436244562e+001 -2.1948e-001 -3.2357e+000
1305 0 +4.913142839e-002 -4.438086857e+001 -4.438086857e+001 -2.1946e-001 -3.2357e+000
1313 0 +4.339126083e-002 -4.438660874e+001 -4.438660874e+001 -2.1945e-001 -3.2357e+000
1342 0 +3.930568265e-002 -4.439069432e+001 -4.439069432e+001 -2.1948e-001 -3.2357e+000
1346 0 +3.824242050e-002 -4.439175758e+001 -4.439175758e+001 -2.1949e-001 -3.2357e+000
1352 0 +3.299752649e-002 -4.439700247e+001 -4.439700247e+001 -2.1956e-001 -3.2356e+000
1353 0 +2.746592128e-002 -4.440253408e+001 -4.440253408e+001 -2.1957e-001 -3.2356e+000
1357 0 +1.966375535e-002 -4.441033624e+001 -4.441033624e+001 -2.1962e-001 -3.2355e+000
1381 0 +1.765362592e-002 -4.441234637e+001 -4.441234637e+001 -2.1960e-001 -3.2356e+000
1382 0 +1.680682374e-002 -4.441319318e+001 -4.441319318e+001 -2.1961e-001 -3.2356e+000
1384 0 +1.359772055e-002 -4.441640228e+001 -4.441640228e+001 -2.1961e-001 -3.2355e+000
1387 0 +1.225949284e-002 -4.441774051e+001 -4.441774051e+001 -2.1964e-001 -3.2355e+000
1388 0 +8.533808553e-003 -4.442146619e+001 -4.442146619e+001 -2.1966e-001 -3.2355e+000
1391 0 +4.292110356e-003 -4.442570789e+001 -4.442570789e+001 -2.1962e-001 -3.2355e+000
1399 0 +1.795507473e-003 -4.442820449e+001 -4.442820449e+001 -2.1963e-001 -3.2355e+000
1408 0 +1.444206665e-003 -4.442855579e+001 -4.442855579e+001 -2.1963e-001 -3.2355e+000
1423 0 +8.525856147e-004 -4.442914741e+001 -4.442914741e+001 -2.1963e-001 -3.2355e+000
1428 0 +7.801145718e-004 -4.442921989e+001 -4.442921989e+001 -2.1963e-001 -3.2355e+000
1445 0 +3.560655842e-004 -4.442964393e+001 -4.442964393e+001 -2.1963e-001 -3.2355e+000
1451 0 +2.850440936e-004 -4.442971496e+001 -4.442971496e+001 -2.1963e-001 -3.2355e+000
1463 0 +1.849159490e-004 -4.442981508e+001 -4.442981508e+001 -2.1963e-001 -3.2355e+000
1468 0 +1.594458643e-004 -4.442984055e+001 -4.442984055e+001 -2.1963e-001 -3.2355e+000
1476 0 +4.764213466e-005 -4.442995236e+001 -4.442995236e+001 -2.1963e-001 -3.2355e+000
1498 0 +7.073546207e-006 -4.442999293e+001 -4.442999293e+001 -2.1963e-001 -3.2355e+000
1538 0 +9.872388276e-007 -4.442999901e+001 -4.442999901e+001 -2.1963e-001 -3.2355e+000
1607 0 +9.209522602e-007 -4.442999908e+001 -4.442999908e+001 -2.1963e-001 -3.2355e+000
1677 0 +7.116529233e-007 -4.442999929e+001 -4.442999929e+001 -2.1963e-001 -3.2355e+000
1689 0 +5.883193950e-007 -4.442999941e+001 -4.442999941e+001 -2.1963e-001 -3.2355e+000
1691 0 +2.164971846e-008 -4.442999998e+001 -4.442999998e+001 -2.1963e-001 -3.2355e+000
1745 0 +8.311019428e-009 -4.442999999e+001 -4.442999999e+001 -2.1963e-001 -3.2355e+000
% f evaluations | g evaluations | best noise-free fitness - Fopt (2.557800000000e+002) + sum g_i+ | measured fitness | best measured fitness or single-digit g-values | x1 | x2...
1 0 +5.248928985e+001 +3.082692898e+002 +3.082692898e+002 -3.2262e+000 +6.6659e-001
2 0 +4.161170646e+000 +2.599411706e+002 +2.599411706e+002 -4.3972e+000 +1.7081e-001
11 0 +3.617302110e+000 +2.593973021e+002 +2.593973021e+002 +1.7472e+000 -3.0247e+000
435 0 +3.458866905e+000 +2.592388669e+002 +2.592388669e+002 +2.6759e+000 -3.5286e+000
494 0 +2.442944052e+000 +2.582229441e+002 +2.582229441e+002 +2.7529e+000 -4.0542e+000
513 0 +1.529011829e+000 +2.573090118e+002 +2.573090118e+002 +2.2372e+000 -4.4218e+000
514 0 +1.069316345e+000 +2.568493163e+002 +2.568493163e+002 +3.0607e+000 -4.8018e+000
713 0 +4.713635027e-001 +2.562513635e+002 +2.562513635e+002 +2.2394e+000 -4.4172e+000
913 0 +2.466349623e-001 +2.560266350e+002 +2.560266350e+002 +3.5003e+000 -3.9143e+000
1183 0 +2.337193566e-001 +2.560137194e+002 +2.560137194e+002 +3.5003e+000 -3.9145e+000
1185 0 +2.008333732e-001 +2.559808334e+002 +2.559808334e+002 +2.8700e+000 -4.1657e+000
1208 0 +1.744473195e-001 +2.559544473e+002 +2.559544473e+002 +2.8698e+000 -4.1659e+000
1215 0 +6.958548686e-002 +2.558495855e+002 +2.558495855e+002 +3.4998e+000 -3.9148e+000
1217 0 +6.107525177e-002 +2.558410753e+002 +2.558410753e+002 +3.4997e+000 -3.9148e+000
1294 0 +1.812509953e-002 +2.557981251e+002 +2.557981251e+002 +3.4996e+000 -3.9150e+000
1353 0 +1.624090335e-002 +2.557962409e+002 +2.557962409e+002 +3.4996e+000 -3.9150e+000
1387 0 +1.600981299e-002 +2.557960098e+002 +2.557960098e+002 +3.4996e+000 -3.9150e+000
1389 0 +1.329618829e-002 +2.557932962e+002 +2.557932962e+002 +3.4997e+000 -3.9150e+000
1395 0 +1.311294738e-002 +2.557931129e+002 +2.557931129e+002 +3.4997e+000 -3.9150e+000
1396 0 +1.220314518e-002 +2.557922031e+002 +2.557922031e+002 +3.4997e+000 -3.9149e+000
1400 0 +9.822453513e-003 +2.557898225e+002 +2.557898225e+002 +3.4997e+000 -3.9149e+000
1406 0 +8.414752276e-003 +2.557884148e+002 +2.557884148e+002 +3.4997e+000 -3.9149e+000
1407 0 +4.656091402e-003 +2.557846561e+002 +2.557846561e+002 +3.4997e+000 -3.9149e+000
1408 0 +3.999600608e-003 +2.557839996e+002 +2.557839996e+002 +3.4997e+000 -3.9149e+000
1410 0 +9.470494006e-004 +2.557809470e+002 +2.557809470e+002 +3.4997e+000 -3.9149e+000
1444 0 +5.298986729e-004 +2.557805299e+002 +2.557805299e+002 +3.4997e+000 -3.9149e+000
1460 0 +4.389629711e-004 +2.557804390e+002 +2.557804390e+002 +3.4997e+000 -3.9149e+000
1464 0 +5.910424372e-005 +2.557800591e+002 +2.557800591e+002 +3.4997e+000 -3.9149e+000
1498 0 +3.301076026e-005 +2.557800330e+002 +2.557800330e+002 +3.4997e+000 -3.9149e+000
1601 0 +2.921909709e-005 +2.557800292e+002 +2.557800292e+002 +3.4997e+000 -3.9149e+000
1606 0 +1.830985389e-005 +2.557800183e+002 +2.557800183e+002 +3.4997e+000 -3.9149e+000
1630 0 +1.538150724e-005 +2.557800154e+002 +2.557800154e+002 +3.4997e+000 -3.9149e+000
1635 0 +1.292040253e-005 +2.557800129e+002 +2.557800129e+002 +3.4997e+000 -3.9149e+000
1638 0 +6.212670797e-006 +2.557800062e+002 +2.557800062e+002 +3.4997e+000 -3.9149e+000
1656 0 +2.541297647e-006 +2.557800025e+002 +2.557800025e+002 +3.4997e+000 -3.9149e+000
1715 0 +1.058813211e-006 +2.557800011e+002 +2.557800011e+002 +3.4997e+000 -3.9149e+000
1769 0 +5.032618162e-007 +2.557800005e+002 +2.557800005e+002 +3.4997e+000 -3.9149e+000
1783 0 +2.255957838e-007 +2.557800002e+002 +2.557800002e+002 +3.4997e+000 -3.9149e+000
1802 0 +1.804805549e-007 +2.557800002e+002 +2.557800002e+002 +3.4997e+000 -3.9149e+000
1804 0 +1.259232647e-007 +2.557800001e+002 +2.557800001e+002 +3.4997e+000 -3.9149e+000
1834 0 +1.146165403e-007 +2.557800001e+002 +2.557800001e+002 +3.4997e+000 -3.9149e+000
1848 0 +9.647951060e-008 +2.557800001e+002 +2.557800001e+002 +3.4997e+000 -3.9149e+000
1862 0 +1.158940677e-008 +2.557800000e+002 +2.557800000e+002 +3.4997e+000 -3.9149e+000
1915 0 +5.987686791e-009 +2.557800000e+002 +2.557800000e+002 +3.4997e+000 -3.9149e+000
% f evaluations | g evaluations | best noise-free fitness - Fopt (1.000000000000e+003) + sum g_i+ | measured fitness | best measured fitness or single-digit g-values | x1 | x2...
1 0 +4.053967048e+001 +1.040539670e+003 +1.040539670e+003 +1.2199e+000 +4.4129e+000
2 0 +3.473553801e+001 +1.034735538e+003 +1.034735538e+003 -2.7527e+000 -4.4838e+000
4 0 +3.125038151e+001 +1.031250382e+003 +1.031250382e+003 -5.0000e+000 +5.0000e+000
5 0 +1.319511888e+001 +1.013195119e+003 +1.013195119e+003 +1.4773e+000 +4.0950e+000
18 0 +1.017725617e+001 +1.010177256e+003 +1.010177256e+003 -3.8062e+000 -2.7411e+000
32 0 +4.798258788e+000 +1.004798259e+003 +1.004798259e+003 -1.2474e+000 -4.7317e+000
36 0 +1.145160828e+000 +1.001145161e+003 +1.001145161e+003 -2.4542e+000 +1.7336e-001
209 0 +4.575915984e-001 +1.000457592e+003 +1.000457592e+003 -1.9739e+000 -5.8109e-002
520 0 +2.592293715e-001 +1.000259229e+003 +1.000259229e+003 -2.1478e+000 +3.4329e+000
2879 0 +2.503736434e-001 +1.000250374e+003 +1.000250374e+003 -3.1374e+000 +4.2125e+000
2887 0 +2.351378247e-001 +1.000235138e+003 +1.000235138e+003 -3.1372e+000 +4.2125e+000
2890 0 +2.029215607e-001 +1.000202922e+003 +1.000202922e+003 -3.1368e+000 +4.2126e+000
2895 0 +1.789902376e-001 +1.000178990e+003 +1.000178990e+003 -3.1366e+000 +4.2126e+000
2899 0 +1.563561985e-001 +1.000156356e+003 +1.000156356e+003 -3.1362e+000 +4.2127e+000
2903 0 +1.421443752e-001 +1.000142144e+003 +1.000142144e+003 -3.1360e+000 +4.2127e+000
2908 0 +1.069248361e-001 +1.000106925e+003 +1.000106925e+003 -3.1357e+000 +4.2128e+000
2913 0 +2.866694435e-002 +1.000028667e+003 +1.000028667e+003 -3.1349e+000 +4.2130e+000
2917 0 +1.080917373e-002 +1.000010809e+003 +1.000010809e+003 -3.1348e+000 +4.2130e+000
2956 0 +9.409260838e-003 +1.000009409e+003 +1.000009409e+003 -3.1347e+000 +4.2130e+000
3013 0 +8.572010842e-003 +1.000008572e+003 +1.000008572e+003 -3.1348e+000 +4.2130e+000
3014 0 +6.400847909e-003 +1.000006401e+003 +1.000006401e+003 -3.1348e+000 +4.2130e+000
3024 0 +6.102210013e-003 +1.000006102e+003 +1.000006102e+003 -3.1348e+000 +4.2130e+000
3026 0 +5.267042546e-003 +1.000005267e+003 +1.000005267e+003 -3.1348e+000 +4.2130e+000
3027 0 +3.533975759e-003 +1.000003534e+003 +1.000003534e+003 -3.1348e+000 +4.2130e+000
3036 0 +8.722170114e-004 +1.000000872e+003 +1.000000872e+003 -3.1348e+000 +4.2130e+000
3061 0 +7.069383480e-004 +1.000000707e+003 +1.000000707e+003 -3.1348e+000 +4.2130e+000
3092 0 +5.823257943e-004 +1.000000582e+003 +1.000000582e+003 -3.1348e+000 +4.2130e+000
3101 0 +1.982276532e-004 +1.000000198e+003 +1.000000198e+003 -3.1348e+000 +4.2130e+000
3119 0 +1.471283481e-004 +1.000000147e+003 +1.000000147e+003 -3.1348e+000 +4.2130e+000
3156 0 +9.083928330e-005 +1.000000091e+003 +1.000000091e+003 -3.1348e+000 +4.2130e+000
3202 0 +4.883912402e-005 +1.000000049e+003 +1.000000049e+003 -3.1348e+000 +4.2130e+000
3204 0 +4.744732121e-005 +1.000000047e+003 +1.000000047e+003 -3.1348e+000 +4.2130e+000
3205 0 +1.285621772e-005 +1.000000013e+003 +1.000000013e+003 -3.1348e+000 +4.2130e+000
3292 0 +2.737808131e-006 +1.000000003e+003 +1.000000003e+003 -3.1348e+000 +4.2130e+000
3448 0 +1.211419317e-006 +1.000000001e+003 +1.000000001e+003 -3.1348e+000 +4.2130e+000
3476 0 +4.557117563e-007 +1.000000000e+003 +1.000000000e+003 -3.1348e+000 +4.2130e+000
3490 0 +4.378950962e-007 +1.000000000e+003 +1.000000000e+003 -3.1348e+000 +4.2130e+000
3563 0 +4.054566034e-007 +1.000000000e+003 +1.000000000e+003 -3.1348e+000 +4.2130e+000
3580 0 +3.195302725e-007 +1.000000000e+003 +1.000000000e+003 -3.1348e+000 +4.2130e+000
3591 0 +2.012648110e-007 +1.000000000e+003 +1.000000000e+003 -3.1348e+000 +4.2130e+000
3611 0 +1.790459692e-007 +1.000000000e+003 +1.000000000e+003 -3.1348e+000 +4.2130e+000
3630 0 +1.140829227e-007 +1.000000000e+003 +1.000000000e+003 -3.1348e+000 +4.2130e+000
3654 0 +1.085423946e-007 +1.000000000e+003 +1.000000000e+003 -3.1348e+000 +4.2130e+000
3672 0 +6.315838164e-008 +1.000000000e+003 +1.000000000e+003 -3.1348e+000 +4.2130e+000
3690 0 +1.994737886e-008 +1.000000000e+003 +1.000000000e+003 -3.1348e+000 +4.2130e+000
3719 0 +5.678998605e-009 +1.000000000e+003 +1.000000000e+003 -3.1348e+000 +4.2130e+000
% f evaluations | g evaluations | best noise-free fitness - Fopt (-1.869500000000e+002) + sum g_i+ | measured fitness | best measured fitness or single-digit g-values | x1 | x2...
1 0 +5.261649643e+001 -1.343335036e+002 -1.343335036e+002 -4.7652e+000 +4.0918e+000
2 0 +3.875352094e+001 -1.481964791e+002 -1.481964791e+002 -1.2733e+000 +1.4890e+000
3 0 +1.398914047e+001 -1.729608595e+002 -1.729608595e+002 -1.5192e+000 -2.7322e+000
11 0 +1.296849871e+001 -1.739815013e+002 -1.739815013e+002 -2.4574e+000 -5.8871e-002
12 0 +9.898311530e+000 -1.770516885e+002 -1.770516885e+002 -5.0000e+000 -1.2211e-001
31 0 +4.163941022e+000 -1.827860590e+002 -1.827860590e+002 -4.0288e+000 -1.7794e+000
44 0 +5.580995830e-001 -1.863919004e+002 -1.863919004e+002 -4.8625e+000 -6.2886e-001
3484 0 +5.426783794e-001 -1.864073216e+002 -1.864073216e+002 -3.3297e+000 +1.1180e+000
3551 0 +3.215740337e-001 -1.866284260e+002 -1.866284260e+002 -4.8037e+000 +7.4091e-001
3615 0 +1.959011759e-001 -1.867540988e+002 -1.867540988e+002 -3.7403e+000 -1.7014e+000
3846 0 +1.355171174e-001 -1.868144829e+002 -1.868144829e+002 -3.8891e+000 +3.4354e+000
7405 0 +8.111588479e-002 -1.868688841e+002 -1.868688841e+002 -3.4353e+000 -4.8459e+000
7656 0 +6.153589392e-002 -1.868884641e+002 -1.868884641e+002 -3.5734e+000 -2.9302e+000
9689 0 +4.527485423e-002 -1.869047251e+002 -1.869047251e+002 -2.2400e+000 -2.4190e+000
17826 0 +2.241249305e-002 -1.869275875e+002 -1.869275875e+002 +1.2839e+000 -7.4023e-002
17831 0 +1.133665016e-002 -1.869386633e+002 -1.869386633e+002 +1.2839e+000 -7.3961e-002
17895 0 +6.491416768e-003 -1.869435086e+002 -1.869435086e+002 +1.2839e+000 -7.3967e-002
17920 0 +5.717644366e-003 -1.869442824e+002 -1.869442824e+002 +1.2839e+000 -7.3966e-002
17926 0 +5.254886902e-003 -1.869447451e+002 -1.869447451e+002 +1.2839e+000 -7.3950e-002
17932 0 +2.330124484e-003 -1.869476699e+002 -1.869476699e+002 +1.2839e+000 -7.3959e-002
17941 0 +1.566690719e-003 -1.869484333e+002 -1.869484333e+002 +1.2839e+000 -7.3965e-002
17971 0 +2.775375387e-004 -1.869497225e+002 -1.869497225e+002 +1.2839e+000 -7.3964e-002
18053 0 +9.506213436e-005 -1.869499049e+002 -1.869499049e+002 +1.2839e+000 -7.3965e-002
18121 0 +8.507905494e-005 -1.869499149e+002 -1.869499149e+002 +1.2839e+000 -7.3964e-002
18147 0 +4.449264307e-005 -1.869499555e+002 -1.869499555e+002 +1.2839e+000 -7.3964e-002
18192 0 +2.794637601e-005 -1.869499721e+002 -1.869499721e+002 +1.2839e+000 -7.3965e-002
18215 0 +2.284315107e-005 -1.869499772e+002 -1.869499772e+002 +1.2839e+000 -7.3965e-002
18236 0 +1.045441761e-005 -1.869499895e+002 -1.869499895e+002 +1.2839e+000 -7.3965e-002
18239 0 +9.326985747e-006 -1.869499907e+002 -1.869499907e+002 +1.2839e+000 -7.3965e-002
18296 0 +5.685841728e-006 -1.869499943e+002 -1.869499943e+002 +1.2839e+000 -7.3965e-002
18298 0 +3.070757032e-006 -1.869499969e+002 -1.869499969e+002 +1.2839e+000 -7.3965e-002
18343 0 +2.547198989e-006 -1.869499975e+002 -1.869499975e+002 +1.2839e+000 -7.3965e-002
18422 0 +2.006072094e-006 -1.869499980e+002 -1.869499980e+002 +1.2839e+000 -7.3965e-002
18458 0 +1.914773406e-006 -1.869499981e+002 -1.869499981e+002 +1.2839e+000 -7.3965e-002
18479 0 +1.133006833e-006 -1.869499989e+002 -1.869499989e+002 +1.2839e+000 -7.3965e-002
18514 0 +1.107120710e-006 -1.869499989e+002 -1.869499989e+002 +1.2839e+000 -7.3965e-002
18515 0 +2.006071895e-007 -1.869499998e+002 -1.869499998e+002 +1.2839e+000 -7.3965e-002
18535 0 +1.377567855e-007 -1.869499999e+002 -1.869499999e+002 +1.2839e+000 -7.3965e-002
18629 0 +6.010000675e-008 -1.869499999e+002 -1.869499999e+002 +1.2839e+000 -7.3965e-002
18639 0 +4.775122875e-008 -1.869500000e+002 -1.869500000e+002 +1.2839e+000 -7.3965e-002
18703 0 +3.975506502e-008 -1.869500000e+002 -1.869500000e+002 +1.2839e+000 -7.3965e-002
18710 0 +3.709772045e-008 -1.869500000e+002 -1.869500000e+002 +1.2839e+000 -7.3965e-002
18735 0 +1.283891038e-008 -1.869500000e+002 -1.869500000e+002 +1.2839e+000 -7.3965e-002
18825 0 +6.722558510e-009 -1.869500000e+002 -1.869500000e+002 +1.2839e+000 -7.3965e-002
% f evaluations | g evaluations | best noise-free fitness - Fopt (5.859500000000e+002) + sum g_i+ | measured fitness | best measured fitness or single-digit g-values | x1 | x2...
1 0 +1.882419920e+001 +6.047741992e+002 +6.047741992e+002 -2.1344e+000 -3.2885e+000
7 0 +1.365879484e+001 +5.996087948e+002 +5.996087948e+002 -3.4158e+000 +5.8742e-001
11 0 +4.286782140e+000 +5.902367821e+002 +5.902367821e+002 +5.2999e-001 +4.3186e+000
147 0 +2.341804764e+000 +5.882918048e+002 +5.882918048e+002 +1.7140e+000 +4.3186e+000
527 0 +1.992494400e+000 +5.879424944e+002 +5.879424944e+002 +1.9667e+000 +4.3519e+000
538 0 +8.269102675e-001 +5.867769103e+002 +5.867769103e+002 +1.6934e+000 +4.3062e+000
555 0 +3.944848273e-001 +5.863444848e+002 +5.863444848e+002 +2.4437e+000 +4.2202e+000
1011 0 +3.228948177e-001 +5.862728948e+002 +5.862728948e+002 +2.2481e+000 +4.7653e+000
1831 0 +1.922687060e-001 +5.861422687e+002 +5.861422687e+002 +3.4408e+000 -4.2326e+000
1901 0 +1.744864643e-001 +5.861244865e+002 +5.861244865e+002 +2.0006e+000 -4.4467e+000
1929 0 +1.115887776e-001 +5.860615888e+002 +5.860615888e+002 +2.0011e+000 -4.4463e+000
2019 0 +4.740896408e-002 +5.859974090e+002 +5.859974090e+002 +2.0010e+000 -4.4464e+000
2065 0 +1.202384614e-002 +5.859620238e+002 +5.859620238e+002 +2.0009e+000 -4.4465e+000
2087 0 +8.128492154e-003 +5.859581285e+002 +5.859581285e+002 +2.0009e+000 -4.4465e+000
2088 0 +6.895131203e-003 +5.859568951e+002 +5.859568951e+002 +2.0009e+000 -4.4465e+000
2094 0 +1.989422745e-003 +5.859519894e+002 +5.859519894e+002 +2.0009e+000 -4.4465e+000
2140 0 +8.153788308e-004 +5.859508154e+002 +5.859508154e+002 +2.0009e+000 -4.4465e+000
2173 0 +5.254987403e-004 +5.859505255e+002 +5.859505255e+002 +2.0009e+000 -4.4465e+000
2198 0 +1.320671448e-004 +5.859501321e+002 +5.859501321e+002 +2.0009e+000 -4.4465e+000
2255 0 +8.629136255e-005 +5.859500863e+002 +5.859500863e+002 +2.0009e+000 -4.4465e+000
2264 0 +4.311063356e-005 +5.859500431e+002 +5.859500431e+002 +2.0009e+000 -4.4465e+000
2323 0 +1.572729923e-005 +5.859500157e+002 +5.859500157e+002 +2.0009e+000 -4.4465e+000
2341 0 +6.735926945e-006 +5.859500067e+002 +5.859500067e+002 +2.0009e+000 -4.4465e+000
2359 0 +4.171085834e-006 +5.859500042e+002 +5.859500042e+002 +2.0009e+000 -4.4465e+000
2395 0 +4.045443120e-006 +5.859500040e+002 +5.859500040e+002 +2.0009e+000 -4.4465e+000
2407 0 +3.554446266e-006 +5.859500036e+002 +5.859500036e+002 +2.0009e+000 -4.4465e+000
2415 0 +2.726606908e-006 +5.859500027e+002 +5.859500027e+002 +2.0009e+000 -4.4465e+000
2417 0 +1.553616016e-006 +5.859500016e+002 +5.859500016e+002 +2.0009e+000 -4.4465e+000
2471 0 +1.092920229e-006 +5.859500011e+002 +5.859500011e+002 +2.0009e+000 -4.4465e+000
2492 0 +7.281577155e-007 +5.859500007e+002 +5.859500007e+002 +2.0009e+000 -4.4465e+000
2496 0 +2.889293000e-007 +5.859500003e+002 +5.859500003e+002 +2.0009e+000 -4.4465e+000
2582 0 +6.547804787e-008 +5.859500001e+002 +5.859500001e+002 +2.0009e+000 -4.4465e+000
2602 0 +5.986953511e-008 +5.859500001e+002 +5.859500001e+002 +2.0009e+000 -4.4465e+000
2658 0 +5.237370715e-008 +5.859500001e+002 +5.859500001e+002 +2.0009e+000 -4.4465e+000
2723 0 +3.208856469e-008 +5.859500000e+002 +5.859500000e+002 +2.0009e+000 -4.4465e+000
2734 0 +3.101786206e-008 +5.859500000e+002 +5.859500000e+002 +2.0009e+000 -4.4465e+000
2742 0 +2.386855158e-008 +5.859500000e+002 +5.859500000e+002 +2.0009e+000 -4.4465e+000
2772 0 +2.191575277e-008 +5.859500000e+002 +5.859500000e+002 +2.0009e+000 -4.4465e+000
2774 0 +1.416321993e-008 +5.859500000e+002 +5.859500000e+002 +2.0009e+000 -4.4465e+000
2776 0 +1.086812063e-008 +5.859500000e+002 +5.859500000e+002 +2.0009e+000 -4.4465e+000
2781 0 +6.498680705e-009 +5.859500000e+002 +5.859500000e+002 +2.0009e+000 -4.4465e+000
% f evaluations | g evaluations | best noise-free fitness - Fopt (2.871600000000e+002) + sum g_i+ | measured fitness | best measured fitness or single-digit g-values | x1 | x2...
1 0 +1.032429400e+001 +2.974842940e+002 +2.974842940e+002 +3.8592e-001 +1.1799e+000
6 0 +8.464740313e+000 +2.956247403e+002 +2.956247403e+002 -1.7875e+000 -5.0000e+000
52 0 +4.341777606e+000 +2.915017776e+002 +2.915017776e+002 +3.0610e+000 +2.9944e+000
196 0 +1.951551979e+000 +2.891115520e+002 +2.891115520e+002 +1.3119e+000 +3.2780e-001
410 0 +1.862294240e+000 +2.890222942e+002 +2.890222942e+002 +1.7019e+000 -2.5966e+000
644 0 +6.412435311e-001 +2.878012435e+002 +2.878012435e+002 +1.4570e+000 -4.0391e+000
671 0 +5.546471683e-001 +2.877146472e+002 +2.877146472e+002 +1.7019e+000 -3.5445e+000
1216 0 +5.212965947e-001 +2.876812966e+002 +2.876812966e+002 +3.6297e+000 +2.2586e+000
1291 0 +4.926666036e-001 +2.876526666e+002 +2.876526666e+002 +3.6297e+000 +2.2586e+000
1298 0 +4.861057726e-001 +2.876461058e+002 +2.876461058e+002 +3.6297e+000 +2.2586e+000
1302 0 +4.751690042e-001 +2.876351690e+002 +2.876351690e+002 +3.6297e+000 +2.2586e+000
1518 0 +4.670237611e-001 +2.876270238e+002 +2.876270238e+002 +3.6297e+000 +2.2586e+000
1534 0 +4.560981770e-001 +2.876160982e+002 +2.876160982e+002 +3.6296e+000 +2.2589e+000
1546 0 +4.425618935e-001 +2.876025619e+002 +2.876025619e+002 +3.6294e+000 +2.2592e+000
1554 0 +4.303820358e-001 +2.875903820e+002 +2.875903820e+002 +3.6293e+000 +2.2594e+000
1559 0 +4.134758162e-001 +2.875734758e+002 +2.875734758e+002 +3.6292e+000 +2.2596e+000
1561 0 +3.949615261e-001 +2.875549615e+002 +2.875549615e+002 +3.6290e+000 +2.2600e+000
1563 0 +3.484834170e-001 +2.875084834e+002 +2.875084834e+002 +3.6287e+000 +2.2605e+000
1565 0 +3.081342308e-001 +2.874681342e+002 +2.874681342e+002 +3.6283e+000 +2.2613e+000
1573 0 +2.400915599e-001 +2.874000916e+002 +2.874000916e+002 +3.6278e+000 +2.2621e+000
1582 0 +2.240738707e-001 +2.873840739e+002 +2.873840739e+002 +3.6277e+000 +2.2624e+000
1589 0 +1.850727256e-001 +2.873450727e+002 +2.873450727e+002 +3.6274e+000 +2.2629e+000
1590 0 +1.646937018e-001 +2.873246937e+002 +2.873246937e+002 +3.6273e+000 +2.2631e+000
1593 0 +1.170869761e-001 +2.872770870e+002 +2.872770870e+002 +3.6267e+000 +2.2642e+000
1600 0 +7.860307263e-002 +2.872386031e+002 +2.872386031e+002 +3.6269e+000 +2.2639e+000
1604 0 +7.749627110e-002 +2.872374963e+002 +2.872374963e+002 +3.6269e+000 +2.2639e+000
1643 0 +5.512295945e-002 +2.872151230e+002 +2.872151230e+002 +3.6269e+000 +2.2639e+000
1645 0 +4.882099026e-002 +2.872088210e+002 +2.872088210e+002 +3.6269e+000 +2.2639e+000
1647 0 +2.387029797e-002 +2.871838703e+002 +2.871838703e+002 +3.6269e+000 +2.2639e+000
1656 0 +1.311561383e-002 +2.871731156e+002 +2.871731156e+002 +3.6268e+000 +2.2640e+000
1663 0 +8.525124227e-003 +2.871685251e+002 +2.871685251e+002 +3.6269e+000 +2.2639e+000
1683 0 +4.967262535e-003 +2.871649673e+002 +2.871649673e+002 +3.6269e+000 +2.2639e+000
1694 0 +1.783711737e-003 +2.871617837e+002 +2.871617837e+002 +3.6269e+000 +2.2639e+000
1748 0 +1.275288266e-003 +2.871612753e+002 +2.871612753e+002 +3.6269e+000 +2.2639e+000
1765 0 +5.733772231e-004 +2.871605734e+002 +2.871605734e+002 +3.6269e+000 +2.2639e+000
1774 0 +4.411498181e-004 +2.871604411e+002 +2.871604411e+002 +3.6269e+000 +2.2639e+000
1777 0 +3.056412523e-004 +2.871603056e+002 +2.871603056e+002 +3.6269e+000 +2.2639e+000
1796 0 +1.872452644e-004 +2.871601872e+002 +2.871601872e+002 +3.6269e+000 +2.2639e+000
1833 0 +1.529569416e-004 +2.871601530e+002 +2.871601530e+002 +3.6269e+000 +2.2639e+000
1835 0 +1.434037807e-004 +2.871601434e+002 +2.871601434e+002 +3.6269e+000 +2.2639e+000
1839 0 +1.319038747e-004 +2.871601319e+002 +2.871601319e+002 +3.6269e+000 +2.2639e+000
1848 0 +8.715142644e-005 +2.871600872e+002 +2.871600872e+002 +3.6269e+000 +2.2639e+000
1852 0 +6.044808140e-005 +2.871600604e+002 +2.871600604e+002 +3.6269e+000 +2.2639e+000
1869 0 +3.472719982e-005 +2.871600347e+002 +2.871600347e+002 +3.6269e+000 +2.2639e+000
1900 0 +3.032067502e-005 +2.871600303e+002 +2.871600303e+002 +3.6269e+000 +2.2639e+000
1917 0 +1.801574734e-005 +2.871600180e+002 +2.871600180e+002 +3.6269e+000 +2.2639e+000
1922 0 +7.275418454e-006 +2.871600073e+002 +2.871600073e+002 +3.6269e+000 +2.2639e+000
1950 0 +2.141985306e-006 +2.871600021e+002 +2.871600021e+002 +3.6269e+000 +2.2639e+000
2029 0 +8.450864470e-007 +2.871600008e+002 +2.871600008e+002 +3.6269e+000 +2.2639e+000
2086 0 +5.442645943e-007 +2.871600005e+002 +2.871600005e+002 +3.6269e+000 +2.2639e+000
2124 0 +3.902452477e-007 +2.871600004e+002 +2.871600004e+002 +3.6269e+000 +2.2639e+000
2143 0 +3.814090519e-007 +2.871600004e+002 +2.871600004e+002 +3.6269e+000 +2.2639e+000
2168 0 +1.229497570e-007 +2.871600001e+002 +2.871600001e+002 +3.6269e+000 +2.2639e+000
2208 0 +5.956576388e-008 +2.871600001e+002 +2.871600001e+002 +3.6269e+000 +2.2639e+000
2218 0 +2.918704922e-008 +2.871600000e+002 +2.871600000e+002 +3.6269e+000 +2.2639e+000
2272 0 +1.777056013e-008 +2.871600000e+002 +2.871600000e+002 +3.6269e+000 +2.2639e+000
2296 0 +9.594714356e-009 +2.871600000e+002 +2.871600000e+002 +3.6269e+000 +2.2639e+000
% f evaluations | g evaluations | best noise-free fitness - Fopt (-3.943800000000e+002) + sum g_i+ | measured fitness | best measured fitness or single-digit g-values | x1 | x2...
1 0 +3.209866271e+001 -3.622813373e+002 -3.622813373e+002 +2.9492e+000 -4.9095e+000
6 0 +2.821712901e+001 -3.661628710e+002 -3.661628710e+002 +4.3135e-002 -1.4714e+000
8 0 +1.246001192e+001 -3.819199881e+002 -3.819199881e+002 -1.4121e+000 -1.5619e-001
13 0 +6.490052882e+000 -3.878899471e+002 -3.878899471e+002 -1.3672e+000 -4.9095e+000
142 0 +1.143731740e+000 -3.932362683e+002 -3.932362683e+002 -2.0058e+000 -4.2480e+000
343 0 +8.264509838e-001 -3.935535490e+002 -3.935535490e+002 -3.8531e+000 -3.6569e+000
518 0 +3.780819530e-001 -3.940019180e+002 -3.940019180e+002 -1.3055e+000 -4.8767e+000
586 0 +1.321197593e-001 -3.942478802e+002 -3.942478802e+002 -1.3052e+000 -4.8766e+000
623 0 +1.304553243e-001 -3.942495447e+002 -3.942495447e+002 -1.3052e+000 -4.8766e+000
661 0 +8.340495744e-002 -3.942965950e+002 -3.942965950e+002 -1.3050e+000 -4.8767e+000
666 0 +6.026658006e-002 -3.943197334e+002 -3.943197334e+002 -1.3050e+000 -4.8768e+000
682 0 +4.635308593e-002 -3.943336469e+002 -3.943336469e+002 -1.3049e+000 -4.8769e+000
690 0 +2.755640862e-002 -3.943524436e+002 -3.943524436e+002 -1.3048e+000 -4.8769e+000
691 0 +2.681067304e-002 -3.943531893e+002 -3.943531893e+002 -1.3049e+000 -4.8769e+000
697 0 +9.789213382e-003 -3.943702108e+002 -3.943702108e+002 -1.3049e+000 -4.8769e+000
706 0 +4.317787638e-003 -3.943756822e+002 -3.943756822e+002 -1.3048e+000 -4.8769e+000
742 0 +2.218642156e-003 -3.943777814e+002 -3.943777814e+002 -1.3048e+000 -4.8769e+000
754 0 +7.326741249e-004 -3.943792673e+002 -3.943792673e+002 -1.3048e+000 -4.8769e+000
763 0 +5.349100203e-004 -3.943794651e+002 -3.943794651e+002 -1.3048e+000 -4.8769e+000
765 0 +5.232394561e-004 -3.943794768e+002 -3.943794768e+002 -1.3048e+000 -4.8769e+000
779 0 +9.473525375e-005 -3.943799053e+002 -3.943799053e+002 -1.3048e+000 -4.8769e+000
818 0 +2.250030172e-005 -3.943799775e+002 -3.943799775e+002 -1.3048e+000 -4.8769e+000
909 0 +1.814790932e-005 -3.943799819e+002 -3.943799819e+002 -1.3048e+000 -4.8769e+000
913 0 +7.891064854e-006 -3.943799921e+002 -3.943799921e+002 -1.3048e+000 -4.8769e+000
915 0 +2.954626154e-006 -3.943799970e+002 -3.943799970e+002 -1.3048e+000 -4.8769e+000
963 0 +2.671934908e-006 -3.943799973e+002 -3.943799973e+002 -1.3048e+000 -4.8769e+000
964 0 +2.483779724e-006 -3.943799975e+002 -3.943799975e+002 -1.3048e+000 -4.8769e+000
974 0 +2.408164391e-006 -3.943799976e+002 -3.943799976e+002 -1.3048e+000 -4.8769e+000
990 0 +7.393948636e-007 -3.943799993e+002 -3.943799993e+002 -1.3048e+000 -4.8769e+000
1033 0 +5.785261692e-007 -3.943799994e+002 -3.943799994e+002 -1.3048e+000 -4.8769e+000
1048 0 +4.262270750e-007 -3.943799996e+002 -3.943799996e+002 -1.3048e+000 -4.8769e+000
1054 0 +4.063712709e-007 -3.943799996e+002 -3.943799996e+002 -1.3048e+000 -4.8769e+000
1057 0 +2.247710427e-007 -3.943799998e+002 -3.943799998e+002 -1.3048e+000 -4.8769e+000
1064 0 +1.125658287e-007 -3.943799999e+002 -3.943799999e+002 -1.3048e+000 -4.8769e+000
1108 0 +9.720747585e-008 -3.943799999e+002 -3.943799999e+002 -1.3048e+000 -4.8769e+000
1148 0 +1.289458851e-008 -3.943800000e+002 -3.943800000e+002 -1.3048e+000 -4.8769e+000
1199 0 +1.143354211e-008 -3.943800000e+002 -3.943800000e+002 -1.3048e+000 -4.8769e+000
1227 0 +7.377593647e-009 -3.943800000e+002 -3.943800000e+002 -1.3048e+000 -4.8769e+000
% f evaluations | g evaluations | best noise-free fitness - Fopt (5.443000000000e+001) + sum g_i+ | measured fitness | best measured fitness or single-digit g-values | x1 | x2...
1 0 +5.758308466e+001 +1.120130847e+002 +1.120130847e+002 -4.2314e-001 +6.8471e-001
2 0 +5.959988837e+000 +6.038998884e+001 +6.038998884e+001 +5.5200e-001 +1.0911e+000
3 0 +5.565941237e+000 +5.999594124e+001 +5.999594124e+001 +2.1530e+000 +2.5278e+000
14 0 +1.835124949e+000 +5.626512495e+001 +5.626512495e+001 +2.6653e-001 +1.0154e+000
123 0 +1.566071265e+000 +5.599607126e+001 +5.599607126e+001 +1.7468e-002 +1.3145e+000
625 0 +9.402739749e-001 +5.537027397e+001 +5.537027397e+001 -1.4906e-001 +1.7043e+000
672 0 +3.065234198e-001 +5.473652342e+001 +5.473652342e+001 +2.2061e+000 -5.8620e-001
1549 0 +5.345318173e-002 +5.448345318e+001 +5.448345318e+001 -3.1793e+000 -3.8263e+000
11300 0 +4.050091143e-002 +5.447050091e+001 +5.447050091e+001 +8.6922e-001 +2.5816e+000
11437 0 +3.876868817e-002 +5.446876869e+001 +5.446876869e+001 +8.6921e-001 +2.5816e+000
11496 0 +2.473583829e-002 +5.445473584e+001 +5.445473584e+001 -2.3229e+000 -9.2064e-001
11904 0 +1.868196599e-002 +5.444868197e+001 +5.444868197e+001 -2.3228e+000 -9.2070e-001
11944 0 +1.676766263e-002 +5.444676766e+001 +5.444676766e+001 -2.3229e+000 -9.2067e-001
12001 0 +1.042284907e-002 +5.444042285e+001 +5.444042285e+001 -2.3229e+000 -9.2068e-001
12020 0 +8.371608465e-003 +5.443837161e+001 +5.443837161e+001 -2.3228e+000 -9.2074e-001
12023 0 +6.904875686e-003 +5.443690488e+001 +5.443690488e+001 -2.3228e+000 -9.2072e-001
12055 0 +2.016629955e-003 +5.443201663e+001 +5.443201663e+001 -2.3228e+000 -9.2072e-001
12133 0 +8.266033739e-004 +5.443082660e+001 +5.443082660e+001 -2.3228e+000 -9.2071e-001
12249 0 +2.193150804e-004 +5.443021932e+001 +5.443021932e+001 -2.3228e+000 -9.2071e-001
12278 0 +5.998107341e-005 +5.443005998e+001 +5.443005998e+001 -2.3228e+000 -9.2071e-001
12409 0 +2.852624700e-005 +5.443002853e+001 +5.443002853e+001 -2.3228e+000 -9.2071e-001
12461 0 +2.497578876e-005 +5.443002498e+001 +5.443002498e+001 -2.3228e+000 -9.2071e-001
12469 0 +1.581892987e-005 +5.443001582e+001 +5.443001582e+001 -2.3228e+000 -9.2071e-001
12592 0 +6.010738829e-006 +5.443000601e+001 +5.443000601e+001 -2.3228e+000 -9.2071e-001
12707 0 +3.236761764e-006 +5.443000324e+001 +5.443000324e+001 -2.3228e+000 -9.2071e-001
12776 0 +3.052328310e-006 +5.443000305e+001 +5.443000305e+001 -2.3228e+000 -9.2071e-001
12795 0 +2.399167691e-006 +5.443000240e+001 +5.443000240e+001 -2.3228e+000 -9.2071e-001
12802 0 +8.071178499e-007 +5.443000081e+001 +5.443000081e+001 -2.3228e+000 -9.2071e-001
12813 0 +4.486833305e-007 +5.443000045e+001 +5.443000045e+001 -2.3228e+000 -9.2071e-001
12831 0 +1.720042349e-007 +5.443000017e+001 +5.443000017e+001 -2.3228e+000 -9.2071e-001
13024 0 +5.320634955e-008 +5.443000005e+001 +5.443000005e+001 -2.3228e+000 -9.2071e-001
13087 0 +3.074507759e-008 +5.443000003e+001 +5.443000003e+001 -2.3228e+000 -9.2071e-001
13129 0 +2.128847854e-008 +5.443000002e+001 +5.443000002e+001 -2.3228e+000 -9.2071e-001
13154 0 +1.037949460e-008 +5.443000001e+001 +5.443000001e+001 -2.3228e+000 -9.2071e-001
13215 0 +2.600437199e-009 +5.443000000e+001 +5.443000000e+001 -2.3228e+000 -9.2071e-001
% f evaluations | g evaluations | best noise-free fitness - Fopt (1.396900000000e+002) + sum g_i+ | measured fitness | best measured fitness or single-digit g-values | x1 | x2...
1 0 +1.088355313e+001 +1.505735531e+002 +1.505735531e+002 +4.7008e+000 -2.6033e+000
2 0 +7.749686855e+000 +1.474396869e+002 +1.474396869e+002 +1.2878e+000 -1.2992e+000
3 0 +2.883099108e+000 +1.425730991e+002 +1.425730991e+002 +3.0634e+000 -9.5382e-001
43 0 +2.446036626e+000 +1.421360366e+002 +1.421360366e+002 +4.3502e+000 -1.6135e+000
94 0 +2.225103274e+000 +1.419151033e+002 +1.419151033e+002 +4.4033e+000 -9.0293e-002
721 0 +1.550976242e+000 +1.412409762e+002 +1.412409762e+002 +4.9831e+000 -8.8369e-001
1022 0 +7.308368129e-001 +1.404208368e+002 +1.404208368e+002 +4.9642e+000 -1.2181e+000
1064 0 +1.943277459e-001 +1.398843277e+002 +1.398843277e+002 +4.9634e+000 -1.2181e+000
1122 0 +1.899961142e-001 +1.398799961e+002 +1.398799961e+002 +4.9634e+000 -1.2181e+000
1129 0 +1.810272123e-001 +1.398710272e+002 +1.398710272e+002 +4.9634e+000 -1.2181e+000
1151 0 +1.747930516e-001 +1.398647931e+002 +1.398647931e+002 +4.9634e+000 -1.2181e+000
1162 0 +1.732956232e-001 +1.398632956e+002 +1.398632956e+002 +4.9634e+000 -1.2181e+000
1352 0 +1.695376096e-001 +1.398595376e+002 +1.398595376e+002 +4.9634e+000 -1.2181e+000
1391 0 +1.653011632e-001 +1.398553012e+002 +1.398553012e+002 +4.9635e+000 -1.2181e+000
1398 0 +1.612503855e-001 +1.398512504e+002 +1.398512504e+002 +4.9635e+000 -1.2181e+000
1418 0 +1.582790391e-001 +1.398482790e+002 +1.398482790e+002 +4.9635e+000 -1.2181e+000
1428 0 +1.528175484e-001 +1.398428175e+002 +1.398428175e+002 +4.9635e+000 -1.2181e+000
1429 0 +1.487993582e-001 +1.398387994e+002 +1.398387994e+002 +4.9635e+000 -1.2181e+000
1430 0 +1.430839703e-001 +1.398330840e+002 +1.398330840e+002 +4.9635e+000 -1.2182e+000
1435 0 +1.355075838e-001 +1.398255076e+002 +1.398255076e+002 +4.9636e+000 -1.2182e+000
1436 0 +1.280215664e-001 +1.398180216e+002 +1.398180216e+002 +4.9636e+000 -1.2182e+000
1437 0 +1.246499175e-001 +1.398146499e+002 +1.398146499e+002 +4.9636e+000 -1.2182e+000
1440 0 +1.104995871e-001 +1.398004996e+002 +1.398004996e+002 +4.9637e+000 -1.2182e+000
1448 0 +8.708337728e-002 +1.397770834e+002 +1.397770834e+002 +4.9637e+000 -1.2183e+000
1452 0 +6.951112905e-002 +1.397595111e+002 +1.397595111e+002 +4.9638e+000 -1.2183e+000
1453 0 +5.451421773e-002 +1.397445142e+002 +1.397445142e+002 +4.9638e+000 -1.2184e+000
1456 0 +4.297277745e-002 +1.397329728e+002 +1.397329728e+002 +4.9639e+000 -1.2184e+000
1457 0 +2.602262585e-002 +1.397160226e+002 +1.397160226e+002 +4.9640e+000 -1.2185e+000
1458 0 +1.032111807e-002 +1.397003211e+002 +1.397003211e+002 +4.9639e+000 -1.2185e+000
1472 0 +9.552254852e-003 +1.396995523e+002 +1.396995523e+002 +4.9639e+000 -1.2185e+000
1487 0 +9.331656587e-003 +1.396993317e+002 +1.396993317e+002 +4.9639e+000 -1.2185e+000
1517 0 +8.837933114e-003 +1.396988379e+002 +1.396988379e+002 +4.9639e+000 -1.2185e+000
1518 0 +7.524394039e-003 +1.396975244e+002 +1.396975244e+002 +4.9639e+000 -1.2185e+000
1520 0 +7.166828131e-003 +1.396971668e+002 +1.396971668e+002 +4.9639e+000 -1.2185e+000
1521 0 +6.665571684e-003 +1.396966656e+002 +1.396966656e+002 +4.9639e+000 -1.2185e+000
1525 0 +4.858990770e-003 +1.396948590e+002 +1.396948590e+002 +4.9640e+000 -1.2185e+000
1533 0 +4.323014162e-003 +1.396943230e+002 +1.396943230e+002 +4.9640e+000 -1.2185e+000
1550 0 +3.774227435e-003 +1.396937742e+002 +1.396937742e+002 +4.9640e+000 -1.2185e+000
1561 0 +3.129009606e-003 +1.396931290e+002 +1.396931290e+002 +4.9640e+000 -1.2185e+000
1564 0 +2.346433356e-003 +1.396923464e+002 +1.396923464e+002 +4.9640e+000 -1.2185e+000
1566 0 +1.425367045e-003 +1.396914254e+002 +1.396914254e+002 +4.9640e+000 -1.2185e+000
1578 0 +4.995792219e-004 +1.396904996e+002 +1.396904996e+002 +4.9640e+000 -1.2185e+000
1587 0 +3.707124660e-004 +1.396903707e+002 +1.396903707e+002 +4.9640e+000 -1.2185e+000
1611 0 +1.343328606e-004 +1.396901343e+002 +1.396901343e+002 +4.9640e+000 -1.2185e+000
1618 0 +1.044915245e-004 +1.396901045e+002 +1.396901045e+002 +4.9640e+000 -1.2185e+000
1629 0 +1.296920098e-005 +1.396900130e+002 +1.396900130e+002 +4.9640e+000 -1.2185e+000
1692 0 +8.596642004e-006 +1.396900086e+002 +1.396900086e+002 +4.9640e+000 -1.2185e+000
1729 0 +7.853887865e-006 +1.396900079e+002 +1.396900079e+002 +4.9640e+000 -1.2185e+000
1731 0 +5.956661369e-006 +1.396900060e+002 +1.396900060e+002 +4.9640e+000 -1.2185e+000
1801 0 +5.726677642e-006 +1.396900057e+002 +1.396900057e+002 +4.9640e+000 -1.2185e+000
1815 0 +5.340689995e-006 +1.396900053e+002 +1.396900053e+002 +4.9640e+000 -1.2185e+000
1818 0 +4.784416603e-006 +1.396900048e+002 +1.396900048e+002 +4.9640e+000 -1.2185e+000
1821 0 +4.095295537e-006 +1.396900041e+002 +1.396900041e+002 +4.9640e+000 -1.2185e+000
1833 0 +3.490426224e-006 +1.396900035e+002 +1.396900035e+002 +4.9640e+000 -1.2185e+000
1837 0 +3.411765618e-006 +1.396900034e+002 +1.396900034e+002 +4.9640e+000 -1.2185e+000
1838 0 +2.614869715e-006 +1.396900026e+002 +1.396900026e+002 +4.9640e+000 -1.2185e+000
1851 0 +1.713712408e-006 +1.396900017e+002 +1.396900017e+002 +4.9640e+000 -1.2185e+000
1856 0 +1.542239630e-006 +1.396900015e+002 +1.396900015e+002 +4.9640e+000 -1.2185e+000
1864 0 +1.449137329e-006 +1.396900014e+002 +1.396900014e+002 +4.9640e+000 -1.2185e+000
1865 0 +1.357970376e-006 +1.396900014e+002 +1.396900014e+002 +4.9640e+000 -1.2185e+000
1874 0 +1.212013416e-006 +1.396900012e+002 +1.396900012e+002 +4.9640e+000 -1.2185e+000
1889 0 +9.647446007e-007 +1.396900010e+002 +1.396900010e+002 +4.9640e+000 -1.2185e+000
1904 0 +5.041098632e-007 +1.396900005e+002 +1.396900005e+002 +4.9640e+000 -1.2185e+000
1916 0 +3.455314470e-007 +1.396900003e+002 +1.396900003e+002 +4.9640e+000 -1.2185e+000
1936 0 +6.765930038e-008 +1.396900001e+002 +1.396900001e+002 +4.9640e+000 -1.2185e+000
2021 0 +1.157457064e-008 +1.396900000e+002 +1.396900000e+002 +4.9640e+000 -1.2185e+000
2069 0 +1.121208015e-008 +1.396900000e+002 +1.396900000e+002 +4.9640e+000 -1.2185e+000
2080 0 +8.207109659e-009 +1.396900000e+002 +1.396900000e+002 +4.9640e+000 -1.2185e+000
% f evaluations | g evaluations | best noise-free fitness - Fopt (-5.794000000000e+001) + sum g_i+ | measured fitness | best measured fitness or single-digit g-values | x1 | x2...
1 0 +2.665820481e+001 -3.128179519e+001 -3.128179519e+001 -1.9192e+000 +8.3270e-001
7 0 +2.059362865e+001 -3.734637135e+001 -3.734637135e+001 -5.0000e+000 +5.0000e+000
27 0 +1.073642372e+001 -4.720357628e+001 -4.720357628e+001 -4.9551e+000 +4.3462e+000
28 0 +9.727923313e+000 -4.821207669e+001 -4.821207669e+001 +9.3626e-001 -1.2717e+000
48 0 +8.222831583e+000 -4.971716842e+001 -4.971716842e+001 +7.8058e-001 +1.1837e+000
54 0 +7.159896311e+000 -5.078010369e+001 -5.078010369e+001 +1.3234e+000 +9.1211e-001
81 0 +5.517039209e+000 -5.242296079e+001 -5.242296079e+001 +1.1996e+000 +1.2785e+000
108 0 +3.498709617e+000 -5.444129038e+001 -5.444129038e+001 +8.1362e-001 -9.0390e-001
176 0 +3.246115297e+000 -5.469388470e+001 -5.469388470e+001 +4.2604e+000 -2.1352e+000
202 0 +3.171544864e+000 -5.476845514e+001 -5.476845514e+001 +4.6141e+000 -3.1924e+000
203 0 +3.297329842e-001 -5.761026702e+001 -5.761026702e+001 +3.8990e+000 -1.1977e-003
709 0 +3.202354000e-001 -5.761976460e+001 -5.761976460e+001 +3.8990e+000 -1.0429e-003
716 0 +3.145415816e-001 -5.762545842e+001 -5.762545842e+001 +3.8990e+000 -1.0597e-003
732 0 +3.008483018e-001 -5.763915170e+001 -5.763915170e+001 +3.8990e+000 -1.0597e-003
750 0 +2.939318444e-001 -5.764606816e+001 -5.764606816e+001 +3.8990e+000 -1.0576e-003
757 0 +2.861854936e-001 -5.765381451e+001 -5.765381451e+001 +3.8990e+000 -1.0470e-003
760 0 +2.769198056e-001 -5.766308019e+001 -5.766308019e+001 +3.8990e+000 -1.0359e-003
761 0 +2.724609520e-001 -5.766753905e+001 -5.766753905e+001 +3.8990e+000 -1.0361e-003
780 0 +2.687292996e-001 -5.767127070e+001 -5.767127070e+001 +3.8991e+000 -1.0485e-003
789 0 +2.558347347e-001 -5.768416527e+001 -5.768416527e+001 +3.8991e+000 -1.0611e-003
790 0 +2.394194885e-001 -5.770058051e+001 -5.770058051e+001 +3.8991e+000 -1.0629e-003
791 0 +2.307565417e-001 -5.770924346e+001 -5.770924346e+001 +3.8992e+000 -1.0749e-003
798 0 +2.101537423e-001 -5.772984626e+001 -5.772984626e+001 +3.8992e+000 -1.0979e-003
801 0 +1.466443314e-001 -5.779335567e+001 -5.779335567e+001 +3.8993e+000 -1.1210e-003
802 0 +1.342122852e-001 -5.780578771e+001 -5.780578771e+001 +3.8993e+000 -1.1241e-003
815 0 +1.311807494e-001 -5.780881925e+001 -5.780881925e+001 +3.8993e+000 -1.1051e-003
819 0 +1.219037304e-001 -5.781809627e+001 -5.781809627e+001 +3.8993e+000 -1.1117e-003
835 0 +1.194831186e-001 -5.782051688e+001 -5.782051688e+001 +3.8993e+000 -1.1073e-003
845 0 +1.106417902e-001 -5.782935821e+001 -5.782935821e+001 +3.8993e+000 -1.0810e-003
852 0 +1.075299296e-001 -5.783247007e+001 -5.783247007e+001 +3.8993e+000 -1.0605e-003
853 0 +1.052616910e-001 -5.783473831e+001 -5.783473831e+001 +3.8993e+000 -1.0398e-003
858 0 +1.025907666e-001 -5.783740923e+001 -5.783740923e+001 +3.8993e+000 -1.0218e-003
869 0 +9.749526750e-002 -5.784250473e+001 -5.784250473e+001 +3.8993e+000 -1.0014e-003
870 0 +9.155271512e-002 -5.784844728e+001 -5.784844728e+001 +3.8993e+000 -9.5184e-004
880 0 +8.870066375e-002 -5.785129934e+001 -5.785129934e+001 +3.8993e+000 -9.2603e-004
886 0 +7.622360648e-002 -5.786377639e+001 -5.786377639e+001 +3.8993e+000 -8.5815e-004
897 0 +6.419868553e-002 -5.787580131e+001 -5.787580131e+001 +3.8993e+000 -7.9026e-004
898 0 +4.503800272e-002 -5.789496200e+001 -5.789496200e+001 +3.8993e+000 -7.5872e-004
899 0 +3.338755857e-002 -5.790661244e+001 -5.790661244e+001 +3.8993e+000 -6.9782e-004
901 0 +1.258102982e-002 -5.792741897e+001 -5.792741897e+001 +3.8993e+000 -5.8816e-004
902 0 +8.287896093e-003 -5.793171210e+001 -5.793171210e+001 +3.8993e+000 -5.8816e-004
905 0 +4.819904943e-003 -5.793518010e+001 -5.793518010e+001 +3.8993e+000 -5.8462e-004
913 0 +1.221752270e-003 -5.793877825e+001 -5.793877825e+001 +3.8993e+000 -5.9348e-004
968 0 +4.726233153e-004 -5.793952738e+001 -5.793952738e+001 +3.8993e+000 -5.9501e-004
990 0 +4.149914046e-004 -5.793958501e+001 -5.793958501e+001 +3.8993e+000 -5.9381e-004
998 0 +2.729607546e-004 -5.793972704e+001 -5.793972704e+001 +3.8993e+000 -5.9377e-004
1014 0 +2.494672813e-004 -5.793975053e+001 -5.793975053e+001 +3.8993e+000 -5.9384e-004
1015 0 +1.085737217e-004 -5.793989143e+001 -5.793989143e+001 +3.8993e+000 -5.9422e-004
1019 0 +9.113949309e-005 -5.793990886e+001 -5.793990886e+001 +3.8993e+000 -5.9426e-004
1080 0 +6.768865009e-005 -5.793993231e+001 -5.793993231e+001 +3.8993e+000 -5.9428e-004
1084 0 +6.594783576e-005 -5.793993405e+001 -5.793993405e+001 +3.8993e+000 -5.9422e-004
1096 0 +3.600112963e-005 -5.793996400e+001 -5.793996400e+001 +3.8993e+000 -5.9432e-004
1101 0 +3.375728653e-005 -5.793996624e+001 -5.793996624e+001 +3.8993e+000 -5.9437e-004
1114 0 +2.881956669e-005 -5.793997118e+001 -5.793997118e+001 +3.8993e+000 -5.9433e-004
1129 0 +1.979010055e-005 -5.793998021e+001 -5.793998021e+001 +3.8993e+000 -5.9438e-004
1143 0 +1.688500011e-005 -5.793998311e+001 -5.793998311e+001 +3.8993e+000 -5.9437e-004
1156 0 +1.602332487e-005 -5.793998398e+001 -5.793998398e+001 +3.8993e+000 -5.9436e-004
1163 0 +1.018107810e-005 -5.793998982e+001 -5.793998982e+001 +3.8993e+000 -5.9435e-004
1167 0 +8.804023736e-006 -5.793999120e+001 -5.793999120e+001 +3.8993e+000 -5.9435e-004
1195 0 +6.499775864e-006 -5.793999350e+001 -5.793999350e+001 +3.8993e+000 -5.9435e-004
1200 0 +2.980847668e-006 -5.793999702e+001 -5.793999702e+001 +3.8993e+000 -5.9435e-004
1205 0 +2.679524812e-006 -5.793999732e+001 -5.793999732e+001 +3.8993e+000 -5.9435e-004
1223 0 +1.108730729e-006 -5.793999889e+001 -5.793999889e+001 +3.8993e+000 -5.9435e-004
1234 0 +8.843143817e-007 -5.793999912e+001 -5.793999912e+001 +3.8993e+000 -5.9435e-004
1244 0 +3.446677681e-007 -5.793999966e+001 -5.793999966e+001 +3.8993e+000 -5.9435e-004
1261 0 +1.270246770e-007 -5.793999987e+001 -5.793999987e+001 +3.8993e+000 -5.9435e-004
1315 0 +1.174351709e-007 -5.793999988e+001 -5.793999988e+001 +3.8993e+000 -5.9435e-004
1346 0 +9.253460576e-008 -5.793999991e+001 -5.793999991e+001 +3.8993e+000 -5.9435e-004
1347 0 +4.379645446e-008 -5.793999996e+001 -5.793999996e+001 +3.8993e+000 -5.9435e-004
1350 0 +3.844989749e-008 -5.793999996e+001 -5.793999996e+001 +3.8993e+000 -5.9435e-004
1352 0 +9.519382616e-009 -5.793999999e+001 -5.793999999e+001 +3.8993e+000 -5.9435e-004
% f evaluations | g evaluations | best noise-free fitness - Fopt (1.253900000000e+002) + sum g_i+ | measured fitness | best measured fitness or single-digit g-values | x1 | x2...
1 0 +9.259281329e+000 +1.346492813e+002 +1.346492813e+002 +7.1766e-001 -4.2612e+000
10 0 +7.726236045e+000 +1.331162360e+002 +1.331162360e+002 -8.6693e-002 -3.8948e+000
71 0 +6.248458255e+000 +1.316384583e+002 +1.316384583e+002 +2.9331e+000 -4.2534e+000
74 0 +5.049839681e+000 +1.304398397e+002 +1.304398397e+002 +7.9870e-001 -1.7960e+000
78 0 +4.877365789e+000 +1.302673658e+002 +1.302673658e+002 -1.3111e+000 -2.9490e+000
192 0 +3.493565694e+000 +1.288835657e+002 +1.288835657e+002 -1.1204e+000 +4.4435e+000
232 0 +2.303919916e+000 +1.276939199e+002 +1.276939199e+002 +1.1651e+000 -7.4057e-001
261 0 +1.280638132e+000 +1.266706381e+002 +1.266706381e+002 +1.4434e+000 -4.8590e+000
620 0 +1.108202029e+000 +1.264982020e+002 +1.264982020e+002 -2.2654e+000 -3.7528e+000
913 0 +4.323235312e-001 +1.258223235e+002 +1.258223235e+002 -1.8017e+000 -3.7514e+000
1082 0 +3.198485930e-001 +1.257098486e+002 +1.257098486e+002 -1.8017e+000 -3.7528e+000
1107 0 +3.063911975e-001 +1.256963912e+002 +1.256963912e+002 -1.8017e+000 -3.7529e+000
1114 0 +2.918046928e-001 +1.256818047e+002 +1.256818047e+002 -1.8017e+000 -3.7530e+000
4286 0 +2.397766470e-001 +1.256297766e+002 +1.256297766e+002 -8.2441e-001 -9.5634e-001
4290 0 +1.472501599e-001 +1.255372502e+002 +1.255372502e+002 -8.2451e-001 -9.5522e-001
4294 0 +1.405309046e-001 +1.255305309e+002 +1.255305309e+002 -8.2452e-001 -9.5514e-001
4300 0 +8.123184359e-002 +1.254712318e+002 +1.254712318e+002 -8.2458e-001 -9.5449e-001
4304 0 +5.044975639e-002 +1.254404498e+002 +1.254404498e+002 -8.2461e-001 -9.5419e-001
4317 0 +4.966136134e-002 +1.254396614e+002 +1.254396614e+002 -8.2461e-001 -9.5418e-001
4319 0 +2.347849042e-002 +1.254134785e+002 +1.254134785e+002 -8.2465e-001 -9.5376e-001
4363 0 +2.156232064e-002 +1.254115623e+002 +1.254115623e+002 -8.2463e-001 -9.5394e-001
4373 0 +8.994343898e-003 +1.253989943e+002 +1.253989943e+002 -8.2464e-001 -9.5385e-001
4439 0 +7.273628348e-003 +1.253972736e+002 +1.253972736e+002 -8.2464e-001 -9.5386e-001
4442 0 +5.240259991e-003 +1.253952403e+002 +1.253952403e+002 -8.2464e-001 -9.5384e-001
4444 0 +1.906328211e-003 +1.253919063e+002 +1.253919063e+002 -8.2464e-001 -9.5385e-001
4454 0 +1.540961879e-003 +1.253915410e+002 +1.253915410e+002 -8.2464e-001 -9.5385e-001
4496 0 +5.394751917e-004 +1.253905395e+002 +1.253905395e+002 -8.2464e-001 -9.5385e-001
4570 0 +4.107728863e-004 +1.253904108e+002 +1.253904108e+002 -8.2464e-001 -9.5385e-001
4573 0 +1.513328881e-004 +1.253901513e+002 +1.253901513e+002 -8.2464e-001 -9.5385e-001
4576 0 +1.237979666e-004 +1.253901238e+002 +1.253901238e+002 -8.2464e-001 -9.5385e-001
4605 0 +1.671643616e-005 +1.253900167e+002 +1.253900167e+002 -8.2464e-001 -9.5385e-001
4706 0 +1.593672306e-005 +1.253900159e+002 +1.253900159e+002 -8.2464e-001 -9.5385e-001
4723 0 +1.254595058e-005 +1.253900125e+002 +1.253900125e+002 -8.2464e-001 -9.5385e-001
4733 0 +7.329656938e-006 +1.253900073e+002 +1.253900073e+002 -8.2464e-001 -9.5385e-001
4749 0 +6.811091851e-006 +1.253900068e+002 +1.253900068e+002 -8.2464e-001 -9.5385e-001
4771 0 +4.498871988e-006 +1.253900045e+002 +1.253900045e+002 -8.2464e-001 -9.5385e-001
4772 0 +3.424910616e-006 +1.253900034e+002 +1.253900034e+002 -8.2464e-001 -9.5385e-001
4803 0 +1.604403622e-006 +1.253900016e+002 +1.253900016e+002 -8.2464e-001 -9.5385e-001
4846 0 +1.300370300e-006 +1.253900013e+002 +1.253900013e+002 -8.2464e-001 -9.5385e-001
4895 0 +9.631937843e-007 +1.253900010e+002 +1.253900010e+002 -8.2464e-001 -9.5385e-001
4907 0 +2.246371764e-007 +1.253900002e+002 +1.253900002e+002 -8.2464e-001 -9.5385e-001
4971 0 +1.218284211e-007 +1.253900001e+002 +1.253900001e+002 -8.2464e-001 -9.5385e-001
4978 0 +6.968585353e-008 +1.253900001e+002 +1.253900001e+002 -8.2464e-001 -9.5385e-001
5032 0 +1.934989768e-008 +1.253900000e+002 +1.253900000e+002 -8.2464e-001 -9.5385e-001
5094 0 +1.789287296e-008 +1.253900000e+002 +1.253900000e+002 -8.2464e-001 -9.5385e-001
5114 0 +1.672565020e-008 +1.253900000e+002 +1.253900000e+002 -8.2464e-001 -9.5385e-001
5155 0 +1.307921593e-008 +1.253900000e+002 +1.253900000e+002 -8.2464e-001 -9.5385e-001
5178 0 +5.880224307e-009 +1.253900000e+002 +1.253900000e+002 -8.2464e-001 -9.5385e-001
