% f evaluations | g evaluations | best noise-free fitness - Fopt (-1.000000000000e+003) + sum g_i+ | measured fitness | best measured fitness or single-digit g-values | x1 | x2...
1 0 +1.680289505e+001 -9.831971049e+002 -9.831971049e+002 +3.2035e+000 +4.5033e+000
2 0 +3.373770361e+000 -9.966262296e+002 -9.966262296e+002 -1.1884e-001 +3.4178e+000
5 0 +2.169001754e+000 -9.978309982e+002 -9.978309982e+002 +3.0723e-001 +3.1247e+000
6 0 +7.935350068e-001 -9.992064650e+002 -9.992064650e+002 +6.0436e-001 +2.4549e+000
10 0 +1.523443594e-001 -9.998476556e+002 -9.998476556e+002 +2.3656e+000 -1.3586e+000
127 0 +1.477688472e-001 -9.998522312e+002 -9.998522312e+002 +2.3097e+000 -1.1811e+000
146 0 +2.370010288e-003 -9.999976300e+002 -9.999976300e+002 +1.1863e+000 +1.0980e+000
248 0 +3.812807563e-007 -9.999999996e+002 -9.999999996e+002 +1.3314e+000 +7.6109e-001
321 0 +6.079062587e-009 -1.000000000e+003 -1.000000000e+003 +1.3587e+000 +6.9833e-001
% f evaluations | g evaluations | best noise-free fitness - Fopt (1.000000000000e+003) + sum g_i+ | measured fitness | best measured fitness or single-digit g-values | x1 | x2...
1 0 +7.335489466e+001 +1.073354895e+003 +1.073354895e+003 -2.1942e+000 +3.3620e+000
2 0 +3.331962076e+001 +1.033319621e+003 +1.033319621e+003 +1.0536e+000 +3.9203e+000
9 0 +2.489831564e+001 +1.024898316e+003 +1.024898316e+003 +3.5335e+000 +2.3045e+000
11 0 +1.872763924e+001 +1.018727639e+003 +1.018727639e+003 +3.7562e+000 +2.2469e+000
20 0 +1.048164149e+001 +1.010481641e+003 +1.010481641e+003 -1.5927e+000 +1.7421e+000
45 0 +8.859578266e+000 +1.008859578e+003 +1.008859578e+003 +6.4644e-001 +2.2829e-001
58 0 +7.939870788e+000 +1.007939871e+003 +1.007939871e+003 +3.6352e+000 -8.3871e-001
68 0 +5.917202502e+000 +1.005917203e+003 +1.005917203e+003 -2.6545e+000 -2.0335e+000
76 0 +2.003052042e+000 +1.002003052e+003 +1.002003052e+003 -2.7876e+000 -2.9943e+000
107 0 +7.742191827e-001 +1.000774219e+003 +1.000774219e+003 +1.9734e+000 -2.8420e+000
111 0 +1.406218185e-001 +1.000140622e+003 +1.000140622e+003 -2.2557e+000 -5.6350e-001
151 0 +1.859960462e-002 +1.000018600e+003 +1.000018600e+003 -4.0788e-001 -1.6062e+000
266 0 +6.414343363e-005 +1.000000064e+003 +1.000000064e+003 -5.9268e-001 -1.4754e+000
330 0 +6.840257015e-006 +1.000000007e+003 +1.000000007e+003 -5.6402e-001 -1.4771e+000
454 0 +4.558394380e-006 +1.000000005e+003 +1.000000005e+003 -8.0155e-001 -1.3630e+000
498 0 +2.230053951e-006 +1.000000002e+003 +1.000000002e+003 -8.2115e-001 -1.3513e+000
514 0 +1.577819262e-006 +1.000000002e+003 +1.000000002e+003 -8.0155e-001 -1.3613e+000
527 0 +5.652722166e-007 +1.000000001e+003 +1.000000001e+003 -6.2668e-001 -1.4483e+000
554 0 +1.983183893e-007 +1.000000000e+003 +1.000000000e+003 -7.2207e-001 -1.3965e+000
567 0 +1.948635600e-007 +1.000000000e+003 +1.000000000e+003 -6.5249e-001 -1.4357e+000
568 0 +1.481782874e-008 +1.000000000e+003 +1.000000000e+003 -6.8914e-001 -1.4150e+000
571 0 +2.137312549e-011 +1.000000000e+003 +1.000000000e+003 -7.1341e-001 -1.4033e+000
% f evaluations | g evaluations | best noise-free fitness - Fopt (-4.913000000000e+001) + sum g_i+ | measured fitness | best measured fitness or single-digit g-values | x1 | x2...
1 0 +2.086165186e+001 -2.826834814e+001 -2.826834814e+001 -5.2738e-001 +4.0976e+000
14 0 +5.434086695e+000 -4.369591330e+001 -4.369591330e+001 +3.0634e+000 -1.0855e+000
47 0 +2.950051044e+000 -4.617994896e+001 -4.617994896e+001 +8.3703e-001 -2.7060e+000
84 0 +1.014054521e+000 -4.811594548e+001 -4.811594548e+001 +1.1149e+000 -2.0029e+000
204 0 +9.931093825e-001 -4.813689062e+001 -4.813689062e+001 +1.1089e+000 -2.0029e+000
242 0 +8.572862450e-001 -4.827271375e+001 -4.827271375e+001 +7.5804e-001 -2.1174e+000
246 0 +8.482399621e-001 -4.828176004e+001 -4.828176004e+001 +7.4925e-001 -2.0605e+000
248 0 +7.293968048e-001 -4.840060320e+001 -4.840060320e+001 +9.4887e-001 -1.9834e+000
275 0 +7.081196864e-001 -4.842188031e+001 -4.842188031e+001 +8.5878e-001 -2.0281e+000
297 0 +7.019537101e-001 -4.842804629e+001 -4.842804629e+001 +9.4643e-001 -2.0729e+000
734 0 +2.462167706e-001 -4.888378323e+001 -4.888378323e+001 +2.9465e+000 +3.1062e-001
1033 0 +2.418080612e-006 -4.912999758e+001 -4.912999758e+001 +3.8087e+000 +2.7717e+000
1153 0 +4.330561865e-008 -4.912999996e+001 -4.912999996e+001 +3.7745e+000 +2.6815e+000
1298 0 +2.040366098e-009 -4.913000000e+001 -4.913000000e+001 +3.7558e+000 +2.6291e+000
% f evaluations | g evaluations | best noise-free fitness - Fopt (2.977300000000e+002) + sum g_i+ | measured fitness | best measured fitness or single-digit g-values | x1 | x2...
1 0 +6.000643410e+001 +3.577364341e+002 +3.577364341e+002 -1.2010e+000 -3.9743e+000
2 0 +3.824073078e+001 +3.359707308e+002 +3.359707308e+002 -2.1012e+000 -3.8772e+000
3 0 +2.973310381e+000 +3.007033104e+002 +3.007033104e+002 -4.1664e+000 -4.8828e+000
14 0 +1.477169812e-001 +2.978777170e+002 +2.978777170e+002 -1.7445e+000 +1.3195e+000
134 0 +1.441406858e-002 +2.977444141e+002 +2.977444141e+002 -3.8565e+000 +5.9745e-001
159 0 +4.818878840e-003 +2.977348189e+002 +2.977348189e+002 -4.3869e+000 +4.4905e-001
366 0 +1.312725740e-003 +2.977313127e+002 +2.977313127e+002 -3.5100e+000 +7.6642e-001
374 0 +1.465097398e-005 +2.977300147e+002 +2.977300147e+002 -3.9896e+000 +5.9745e-001
575 0 +3.592360258e-007 +2.977300004e+002 +2.977300004e+002 -3.7179e+000 +6.8266e-001
644 0 +2.720911993e-007 +2.977300003e+002 +2.977300003e+002 -3.7151e+000 +6.8305e-001
680 0 +1.841840458e-009 +2.977300000e+002 +2.977300000e+002 -3.7938e+000 +6.5804e-001
% f evaluations | g evaluations | best noise-free fitness - Fopt (5.157000000000e+001) + sum g_i+ | measured fitness | best measured fitness or single-digit g-values | x1 | x2...
1 0 +7.320698350e+000 +5.889069835e+001 +5.889069835e+001 +1.4921e-001 +4.6387e+000
28 0 +5.381560822e+000 +5.695156082e+001 +5.695156082e+001 -4.0709e-001 +4.5693e+000
45 0 +2.635016549e+000 +5.420501655e+001 +5.420501655e+001 -1.6547e+000 +3.0314e+000
51 0 +1.963991371e+000 +5.353399137e+001 +5.353399137e+001 -1.1991e+000 +1.6948e+000
86 0 +3.756621210e-001 +5.194566212e+001 +5.194566212e+001 -5.9154e-002 +2.2748e+000
225 0 +8.695278193e-004 +5.157086953e+001 +5.157086953e+001 +2.1266e+000 +1.2353e+000
396 0 +5.044507362e-004 +5.157050445e+001 +5.157050445e+001 +2.4090e+000 +1.1175e+000
415 0 +2.828226107e-004 +5.157028282e+001 +5.157028282e+001 +2.4322e+000 +1.1112e+000
435 0 +1.023053915e-005 +5.157001023e+001 +5.157001023e+001 +2.2197e+000 +1.2194e+000
617 0 +1.447960329e-008 +5.157000001e+001 +5.157000001e+001 +2.1043e+000 +1.2650e+000
674 0 +2.704766189e-009 +5.157000000e+001 +5.157000000e+001 +2.0636e+000 +1.2833e+000
% f evaluations | g evaluations | best noise-free fitness - Fopt (1.527100000000e+002) + sum g_i+ | measured fitness | best measured fitness or single-digit g-values | x1 | x2...
1 0 +7.435261698e+000 +1.601452617e+002 +1.601452617e+002 +1.9160e-001 -4.0989e+000
7 0 +6.381364173e+000 +1.590913642e+002 +1.590913642e+002 +2.7446e+000 -2.7900e+000
20 0 +2.938265217e+000 +1.556482652e+002 +1.556482652e+002 -5.9203e-001 -4.7172e+000
32 0 +1.603107758e+000 +1.543131078e+002 +1.543131078e+002 -7.9525e-001 -2.6846e+000
54 0 +1.094624534e-001 +1.528194625e+002 +1.528194625e+002 -1.4807e+000 -2.3867e+000
132 0 +4.028861334e-002 +1.527502886e+002 +1.527502886e+002 -1.7784e+000 -2.2809e+000
212 0 +4.939735196e-003 +1.527149397e+002 +1.527149397e+002 -2.2172e+000 -2.0263e+000
217 0 +9.534444191e-004 +1.527109534e+002 +1.527109534e+002 -3.1614e+000 -1.5338e+000
268 0 +3.260568917e-007 +1.527100003e+002 +1.527100003e+002 -3.0217e+000 -1.5886e+000
503 0 +1.471946121e-008 +1.527100000e+002 +1.527100000e+002 -3.0387e+000 -1.5769e+000
522 0 +5.724729135e-009 +1.527100000e+002 +1.527100000e+002 -3.1000e+000 -1.5443e+000
% f evaluations | g evaluations | best noise-free fitness - Fopt (9.980000000000e+001) + sum g_i+ | measured fitness | best measured fitness or single-digit g-values | x1 | x2...
1 0 +4.737587486e+000 +1.045375875e+002 +1.045375875e+002 -3.3194e+000 +3.5601e+000
11 0 +3.333563153e+000 +1.031335632e+002 +1.031335632e+002 -1.3972e+000 +3.1248e+000
21 0 +2.076159594e+000 +1.018761596e+002 +1.018761596e+002 -3.6223e+000 +4.7012e+000
23 0 +1.642653016e+000 +1.014426530e+002 +1.014426530e+002 -1.1289e+000 +1.9512e+000
90 0 +1.226097939e-001 +9.992260979e+001 +9.992260979e+001 -8.3460e-001 +6.4206e-001
285 0 +1.765493682e-002 +9.981765494e+001 +9.981765494e+001 -1.1454e+000 +4.2934e-001
371 0 +9.223990972e-003 +9.980922399e+001 +9.980922399e+001 -1.2585e+000 +3.9346e-001
414 0 +3.755673106e-009 +9.980000000e+001 +9.980000000e+001 -2.2138e+000 -3.7787e-002
% f evaluations | g evaluations | best noise-free fitness - Fopt (-1.194100000000e+002) + sum g_i+ | measured fitness | best measured fitness or single-digit g-values | x1 | x2...
1 0 +5.031930651e+001 -6.909069349e+001 -6.909069349e+001 +3.8223e+000 +1.5100e+000
2 0 +2.746500278e+001 -9.194499722e+001 -9.194499722e+001 -3.5158e+000 +1.0211e+000
5 0 +1.055626353e+001 -1.088537365e+002 -1.088537365e+002 +1.7541e+000 +2.6549e+000
10 0 +9.194380290e+000 -1.102156197e+002 -1.102156197e+002 -7.9028e-001 +7.7271e-001
22 0 +2.237773564e+000 -1.171722264e+002 -1.171722264e+002 -3.4846e-001 -9.6596e-001
38 0 +2.011054499e+000 -1.173989455e+002 -1.173989455e+002 -5.3173e-001 -3.1886e-001
56 0 +1.044405232e+000 -1.183655948e+002 -1.183655948e+002 +1.5620e+000 +9.3011e-001
131 0 +5.017662238e-001 -1.189082338e+002 -1.189082338e+002 -1.6687e-001 +5.2997e-001
157 0 +1.087560881e-001 -1.193012439e+002 -1.193012439e+002 -8.8988e-001 +5.8755e-001
257 0 +4.458983844e-002 -1.193654102e+002 -1.193654102e+002 -3.2964e-001 +6.4234e-001
276 0 +3.862548631e-002 -1.193713745e+002 -1.193713745e+002 +1.0854e-001 +6.8256e-001
368 0 +6.134630639e-003 -1.194038654e+002 -1.194038654e+002 -6.0587e-001 +5.3813e-001
409 0 +3.381950226e-003 -1.194066180e+002 -1.194066180e+002 -4.7558e-001 +5.7510e-001
428 0 +9.812055817e-004 -1.194090188e+002 -1.194090188e+002 -1.4747e+000 +4.2448e-001
476 0 +9.772110799e-004 -1.194090228e+002 -1.194090228e+002 -1.8356e+000 +4.0599e-001
485 0 +1.773284346e-004 -1.194098227e+002 -1.194098227e+002 -9.6660e-001 +5.0501e-001
509 0 +7.154481537e-006 -1.194099928e+002 -1.194099928e+002 -1.1678e+000 +4.8101e-001
524 0 +1.973882590e-006 -1.194099980e+002 -1.194099980e+002 -1.1760e+000 +4.8804e-001
526 0 +1.705458857e-006 -1.194099983e+002 -1.194099983e+002 -1.3275e+000 +4.6826e-001
529 0 +6.542250475e-007 -1.194099993e+002 -1.194099993e+002 -1.1750e+000 +4.8558e-001
580 0 +1.600398036e-008 -1.194100000e+002 -1.194100000e+002 -1.2537e+000 +4.7555e-001
637 0 +8.567724308e-011 -1.194100000e+002 -1.194100000e+002 -1.2770e+000 +4.7092e-001
% f evaluations | g evaluations | best noise-free fitness - Fopt (1.077000000000e+001) + sum g_i+ | measured fitness | best measured fitness or single-digit g-values | x1 | x2...
1 0 +2.729380284e+001 +3.806380284e+001 +3.806380284e+001 +2.5168e+000 +3.8467e+000
4 0 +1.352285426e+001 +2.429285426e+001 +2.429285426e+001 +5.0000e+000 +5.0000e+000
6 0 +8.217842977e+000 +1.898784298e+001 +1.898784298e+001 +1.7719e+000 +5.0000e+000
7 0 +5.188838847e+000 +1.595883885e+001 +1.595883885e+001 +3.5581e-001 +3.4604e+000
31 0 +2.616040247e+000 +1.338604025e+001 +1.338604025e+001 +4.3281e-001 -2.7356e+000
41 0 +2.042226412e+000 +1.281222641e+001 +1.281222641e+001 +4.5357e+000 +2.3261e+000
68 0 +1.213093196e-001 +1.089130932e+001 +1.089130932e+001 +2.7399e+000 -3.7451e-001
153 0 +3.255764771e-002 +1.080255765e+001 +1.080255765e+001 +1.1010e+000 -2.2757e+000
156 0 +3.572457703e-003 +1.077357246e+001 +1.077357246e+001 +2.1021e+000 -1.1709e+000
276 0 +9.463622732e-004 +1.077094636e+001 +1.077094636e+001 +2.1963e+000 -1.0442e+000
279 0 +2.077558011e-004 +1.077020776e+001 +1.077020776e+001 +1.4859e+000 -1.8065e+000
323 0 +7.937639756e-006 +1.077000794e+001 +1.077000794e+001 +1.9071e+000 -1.3482e+000
486 0 +5.493946576e-006 +1.077000549e+001 +1.077000549e+001 +1.8274e+000 -1.4425e+000
508 0 +4.119910368e-006 +1.077000412e+001 +1.077000412e+001 +1.8280e+000 -1.4415e+000
523 0 +1.076111147e-007 +1.077000011e+001 +1.077000011e+001 +1.7564e+000 -1.5100e+000
544 0 +1.714919762e-009 +1.077000000e+001 +1.077000000e+001 +1.7588e+000 -1.5100e+000
% f evaluations | g evaluations | best noise-free fitness - Fopt (2.137000000000e+001) + sum g_i+ | measured fitness | best measured fitness or single-digit g-values | x1 | x2...
1 0 +1.350266366e+001 +3.487266366e+001 +3.487266366e+001 -1.5036e+000 -2.4424e+000
2 0 +1.998958075e+000 +2.336895807e+001 +2.336895807e+001 -1.2180e+000 -3.0451e+000
4 0 +7.932686744e-001 +2.216326867e+001 +2.216326867e+001 +5.0000e+000 -5.0000e+000
284 0 +7.599740082e-001 +2.212997401e+001 +2.212997401e+001 +4.3876e+000 -4.3928e+000
299 0 +7.170050580e-001 +2.208700506e+001 +2.208700506e+001 +4.4586e+000 -4.4568e+000
338 0 +6.954755596e-001 +2.206547556e+001 +2.206547556e+001 +4.6055e+000 -4.5871e+000
1211 0 +3.254932453e-001 +2.169549325e+001 +2.169549325e+001 +3.2185e+000 +3.3158e+000
1395 0 +2.460774824e-001 +2.161607748e+001 +2.161607748e+001 +8.5993e-001 +9.7297e-001
1455 0 +2.379853468e-001 +2.160798535e+001 +2.160798535e+001 +8.6338e-001 +9.7297e-001
1496 0 +8.039166526e-004 +2.137080392e+001 +2.137080392e+001 +3.0260e+000 +3.0070e+000
1649 0 +5.759932643e-004 +2.137057599e+001 +2.137057599e+001 +3.0364e+000 +3.0215e+000
1683 0 +4.037013316e-005 +2.137004037e+001 +2.137004037e+001 +2.8566e+000 +2.8532e+000
1708 0 +1.128332592e-006 +2.137000113e+001 +2.137000113e+001 +2.6333e+000 +2.6514e+000
1722 0 +1.686057907e-007 +2.137000017e+001 +2.137000017e+001 +2.6404e+000 +2.6523e+000
1786 0 +5.076261544e-008 +2.137000005e+001 +2.137000005e+001 +2.7079e+000 +2.7167e+000
1799 0 +4.643828433e-008 +2.137000005e+001 +2.137000005e+001 +2.6597e+000 +2.6707e+000
1811 0 +1.181338050e-008 +2.137000001e+001 +2.137000001e+001 +2.6590e+000 +2.6710e+000
1821 0 +2.045567271e-009 +2.137000000e+001 +2.137000000e+001 +2.6805e+000 +2.6914e+000
% f evaluations | g evaluations | best noise-free fitness - Fopt (1.673000000000e+001) + sum g_i+ | measured fitness | best measured fitness or single-digit g-values | x1 | x2...
1 0 +2.323425892e+001 +3.996425892e+001 +3.996425892e+001 -2.7872e+000 -3.9062e+000
2 0 +8.591382499e+000 +2.532138250e+001 +2.532138250e+001 -2.2752e+000 -4.0803e+000
14 0 +6.730106311e+000 +2.346010631e+001 +2.346010631e+001 +2.2788e+000 +3.2981e+000
29 0 +2.835157010e-001 +1.701351570e+001 +1.701351570e+001 -1.6064e+000 -1.4968e+000
61 0 +8.723286171e-004 +1.673087233e+001 +1.673087233e+001 -1.3145e+000 -1.7051e+000
186 0 +2.771358250e-005 +1.673002771e+001 +1.673002771e+001 -1.1062e+000 -1.8822e+000
345 0 +7.044589477e-006 +1.673000704e+001 +1.673000704e+001 -1.3869e+000 -1.6053e+000
396 0 +3.473126249e-007 +1.673000035e+001 +1.673000035e+001 -1.2023e+000 -1.7940e+000
418 0 +5.838761297e-008 +1.673000006e+001 +1.673000006e+001 -1.2470e+000 -1.7492e+000
423 0 +4.763773731e-008 +1.673000005e+001 +1.673000005e+001 -1.2316e+000 -1.7641e+000
443 0 +7.145953163e-009 +1.673000001e+001 +1.673000001e+001 -1.2519e+000 -1.7402e+000
% f evaluations | g evaluations | best noise-free fitness - Fopt (1.000000000000e+003) + sum g_i+ | measured fitness | best measured fitness or single-digit g-values | x1 | x2...
1 0 +1.044450992e+001 +1.010444510e+003 +1.010444510e+003 -4.9498e-001 +2.7548e+000
3 0 +7.641419624e+000 +1.007641420e+003 +1.007641420e+003 -1.5141e-001 +2.6803e+000
5 0 +3.760429102e+000 +1.003760429e+003 +1.003760429e+003 +3.7044e+000 -1.8873e-001
16 0 +2.929860286e+000 +1.002929860e+003 +1.002929860e+003 +3.2667e+000 -4.0651e+000
42 0 +1.816622320e+000 +1.001816622e+003 +1.001816622e+003 +3.5774e+000 -4.6387e+000
51 0 +1.768846134e+000 +1.001768846e+003 +1.001768846e+003 +2.1042e+000 -4.6744e+000
118 0 +1.063896299e+000 +1.001063896e+003 +1.001063896e+003 +3.6379e+000 -4.4100e+000
178 0 +7.439375526e-001 +1.000743938e+003 +1.000743938e+003 +3.8126e+000 -4.5305e+000
222 0 +7.178792855e-001 +1.000717879e+003 +1.000717879e+003 +4.0721e+000 -4.6184e+000
239 0 +7.048620830e-001 +1.000704862e+003 +1.000704862e+003 +3.9668e+000 -4.5991e+000
552 0 +6.269031128e-001 +1.000626903e+003 +1.000626903e+003 +1.4843e+000 -4.4273e+000
572 0 +6.105350231e-001 +1.000610535e+003 +1.000610535e+003 +1.4818e+000 -4.4299e+000
585 0 +5.978824218e-001 +1.000597882e+003 +1.000597882e+003 +1.4815e+000 -4.4337e+000
587 0 +5.678342105e-001 +1.000567834e+003 +1.000567834e+003 +1.4583e+000 -4.4353e+000
598 0 +5.425865117e-001 +1.000542587e+003 +1.000542587e+003 +1.4119e+000 -4.4262e+000
643 0 +5.354252585e-001 +1.000535425e+003 +1.000535425e+003 +1.3895e+000 -4.4093e+000
654 0 +5.224010650e-001 +1.000522401e+003 +1.000522401e+003 +1.3349e+000 -4.4114e+000
705 0 +5.064331640e-001 +1.000506433e+003 +1.000506433e+003 +1.2125e+000 -4.3808e+000
728 0 +4.911628930e-001 +1.000491163e+003 +1.000491163e+003 +1.1367e+000 -4.3477e+000
735 0 +4.765826424e-001 +1.000476583e+003 +1.000476583e+003 +1.0957e+000 -4.3182e+000
737 0 +4.502648428e-001 +1.000450265e+003 +1.000450265e+003 +1.0204e+000 -4.2978e+000
743 0 +3.903231860e-001 +1.000390323e+003 +1.000390323e+003 +7.7202e-001 -4.2420e+000
745 0 +3.128511751e-001 +1.000312851e+003 +1.000312851e+003 +6.8637e-001 -4.2113e+000
747 0 +2.535751269e-001 +1.000253575e+003 +1.000253575e+003 +7.1532e-001 -4.2044e+000
748 0 +1.885866562e-001 +1.000188587e+003 +1.000188587e+003 +3.8132e-001 -4.1180e+000
764 0 +1.772177737e-001 +1.000177218e+003 +1.000177218e+003 +5.9506e-001 -4.1524e+000
769 0 +1.304350947e-001 +1.000130435e+003 +1.000130435e+003 +2.8012e-001 -4.0722e+000
775 0 +1.034262717e-001 +1.000103426e+003 +1.000103426e+003 -2.0991e-002 -3.9813e+000
783 0 +6.072675075e-002 +1.000060727e+003 +1.000060727e+003 -1.4400e-001 -3.9322e+000
788 0 +2.462898857e-002 +1.000024629e+003 +1.000024629e+003 -6.0188e-001 -3.7848e+000
792 0 +1.506508419e-002 +1.000015065e+003 +1.000015065e+003 -5.1920e-001 -3.7928e+000
793 0 +3.581405568e-003 +1.000003581e+003 +1.000003581e+003 -8.7495e-001 -3.6623e+000
799 0 +1.479895673e-008 +1.000000000e+003 +1.000000000e+003 -1.7030e+000 -3.3897e+000
905 0 +7.254811862e-009 +1.000000000e+003 +1.000000000e+003 -1.6906e+000 -3.3939e+000
% f evaluations | g evaluations | best noise-free fitness - Fopt (-1.079600000000e+002) + sum g_i+ | measured fitness | best measured fitness or single-digit g-values | x1 | x2...
1 0 +6.257819909e+001 -4.538180091e+001 -4.538180091e+001 +4.6264e+000 -2.2215e+000
3 0 +2.965072573e+001 -7.830927427e+001 -7.830927427e+001 +5.6407e-002 -4.3739e+000
5 0 +1.952235050e+001 -8.843764950e+001 -8.843764950e+001 -5.2571e-001 -4.3479e+000
7 0 +1.092429229e+001 -9.703570771e+001 -9.703570771e+001 -1.1797e+000 -4.1845e+000
18 0 +4.390481333e-001 -1.075209519e+002 -1.075209519e+002 +1.7065e+000 +6.3054e-001
46 0 +3.697113099e-003 -1.079563029e+002 -1.079563029e+002 -1.2503e+000 +1.2450e+000
273 0 +9.186484959e-007 -1.079599991e+002 -1.079599991e+002 -1.1528e+000 +1.1956e+000
581 0 +1.202383828e-007 -1.079599999e+002 -1.079599999e+002 -1.1110e+000 +1.1877e+000
590 0 +6.707098521e-008 -1.079599999e+002 -1.079599999e+002 -1.1114e+000 +1.1898e+000
606 0 +7.464535656e-010 -1.079600000e+002 -1.079600000e+002 -1.0568e+000 +1.1775e+000
% f evaluations | g evaluations | best noise-free fitness - Fopt (-3.025900000000e+002) + sum g_i+ | measured fitness | best measured fitness or single-digit g-values | x1 | x2...
1 0 +7.194665237e+001 -2.306433476e+002 -2.306433476e+002 +1.8856e+000 -4.3086e+000
2 0 +2.383183565e+001 -2.787581644e+002 -2.787581644e+002 -3.4983e+000 -1.4700e+000
3 0 +6.616587415e+000 -2.959734126e+002 -2.959734126e+002 +1.9451e+000 +1.1595e+000
10 0 +2.961398673e+000 -2.996286013e+002 -2.996286013e+002 -3.7228e+000 +2.4450e+000
35 0 +9.174410516e-001 -3.016725589e+002 -3.016725589e+002 -1.1254e+000 +3.1027e+000
42 0 +1.350241866e-001 -3.024549758e+002 -3.024549758e+002 -2.8301e-003 +6.9365e-001
167 0 +7.431930628e-002 -3.025156807e+002 -3.025156807e+002 -2.0394e-002 +7.5694e-001
225 0 +2.225069276e-004 -3.025897775e+002 -3.025897775e+002 +5.6492e-001 -2.4836e-001
374 0 +1.127837928e-004 -3.025898872e+002 -3.025898872e+002 +3.3351e-001 +1.5918e-001
416 0 +7.774503388e-007 -3.025899992e+002 -3.025899992e+002 +4.1439e-001 +1.8115e-002
434 0 +4.166622602e-010 -3.025900000e+002 -3.025900000e+002 +4.0946e-001 +3.5846e-002
% f evaluations | g evaluations | best noise-free fitness - Fopt (-3.065500000000e+002) + sum g_i+ | measured fitness | best measured fitness or single-digit g-values | x1 | x2...
1 0 +7.309949875e+001 -2.334505012e+002 -2.334505012e+002 +4.3516e+000 +6.4569e-001
2 0 +1.824477197e+001 -2.883052280e+002 -2.883052280e+002 +1.3259e+000 +3.2334e+000
6 0 +1.649336763e+001 -2.900566324e+002 -2.900566324e+002 +3.1361e-001 +5.0000e+000
12 0 +1.129833912e+001 -2.952516609e+002 -2.952516609e+002 -4.5256e+000 +2.5881e+000
20 0 +4.281000223e+000 -3.022689998e+002 -3.022689998e+002 -5.5845e-001 +9.9531e-001
28 0 +3.759744687e-001 -3.061740255e+002 -3.061740255e+002 -4.5437e+000 -3.3192e+000
48 0 +8.410871534e-002 -3.064658913e+002 -3.064658913e+002 -4.4640e+000 -3.3192e+000
96 0 +8.664517645e-005 -3.065499134e+002 -3.065499134e+002 -3.6000e+000 -3.6090e+000
328 0 +2.606251957e-005 -3.065499739e+002 -3.065499739e+002 -3.5972e+000 -3.5989e+000
468 0 +1.763334637e-006 -3.065499982e+002 -3.065499982e+002 -3.4319e+000 -3.6614e+000
535 0 +1.808087973e-007 -3.065499998e+002 -3.065499998e+002 -3.4418e+000 -3.6625e+000
549 0 +3.599268439e-009 -3.065500000e+002 -3.065500000e+002 -3.4042e+000 -3.6762e+000
