% f evaluations | g evaluations | best noise-free fitness - Fopt (-1.000000000000e+003) + sum g_i+ | measured fitness | best measured fitness or single-digit g-values | x1 | x2...
1 0 +7.172059024e+001 -9.282794098e+002 -9.282794098e+002 +5.2380e-001 -2.0076e+000 -2.5489e+000 -3.3048e+000 +3.1100e+000
2 0 +6.199223105e+001 -9.380077689e+002 -9.380077689e+002 +1.3193e+000 +5.1496e-001 -3.8427e-001 -4.6439e+000 +9.2220e-001
10 0 +1.870546451e+001 -9.812945355e+002 -9.812945355e+002 -1.9004e+000 +2.7801e+000 -4.8958e+000 -2.6924e+000 -3.9703e+000
41 0 +1.563412039e+001 -9.843658796e+002 -9.843658796e+002 -3.6907e+000 +2.6175e+000 -2.2066e+000 -2.8623e+000 -1.4108e+000
120 0 +1.295284543e+001 -9.870471546e+002 -9.870471546e+002 -1.6551e+000 +4.7675e+000 +6.0827e-002 -3.7160e+000 -2.3881e+000
215 0 +1.155357963e+001 -9.884464204e+002 -9.884464204e+002 -2.9843e+000 +1.5459e+000 -3.7095e+000 -4.4571e+000 -4.7580e+000
347 0 +1.038554807e+001 -9.896144519e+002 -9.896144519e+002 -4.3619e+000 +5.0000e+000 +1.0440e-001 -2.0031e+000 -4.1502e-001
380 0 +6.204448570e+000 -9.937955514e+002 -9.937955514e+002 -2.8336e+000 +3.5733e+000 -8.0000e-001 -3.1243e+000 -4.8946e-001
448 0 +2.586008667e+000 -9.974139913e+002 -9.974139913e+002 +1.8547e+000 -2.7725e-001 +1.1665e+000 -1.4125e+000 -1.6635e+000
581 0 +2.229907644e+000 -9.977700924e+002 -9.977700924e+002 -3.6510e+000 +3.8357e+000 -5.5503e-001 -3.8411e+000 -1.3329e+000
602 0 +2.037898666e+000 -9.979621013e+002 -9.979621013e+002 -2.7188e+000 +3.8738e+000 -8.8945e-001 -3.0462e+000 -1.1230e+000
803 0 +7.759616705e-001 -9.992240383e+002 -9.992240383e+002 +1.3074e+000 -1.0339e-001 +1.7225e+000 -1.8870e+000 -2.1998e+000
1397 0 +2.276294047e-001 -9.997723706e+002 -9.997723706e+002 +5.8258e-001 +9.5075e-002 +2.5873e+000 -1.6497e+000 -2.6590e+000
1508 0 +1.011868341e-001 -9.998988132e+002 -9.998988132e+002 +1.3017e+000 -1.4897e-002 +2.2685e+000 -1.5874e+000 -2.0454e+000
1604 0 +8.463886949e-002 -9.999153611e+002 -9.999153611e+002 +1.0635e+000 +4.6201e-001 +2.8592e+000 -1.6588e+000 -2.4978e+000
1826 0 +3.063302874e-002 -9.999693670e+002 -9.999693670e+002 +1.0181e+000 +3.4502e-001 +2.7076e+000 -1.6539e+000 -2.5356e+000
2043 0 +1.495706023e-002 -9.999850429e+002 -9.999850429e+002 +1.0234e+000 +2.3527e-001 +2.7136e+000 -1.5467e+000 -2.4064e+000
2550 0 +1.471317949e-002 -9.999852868e+002 -9.999852868e+002 +7.8498e-001 +4.7879e-001 +3.0791e+000 -1.5279e+000 -2.6627e+000
2611 0 +1.422261141e-002 -9.999857774e+002 -9.999857774e+002 +8.2776e-001 +3.4860e-001 +2.9500e+000 -1.5456e+000 -2.6082e+000
2652 0 +1.113032494e-002 -9.999888697e+002 -9.999888697e+002 +8.7518e-001 +3.2575e-001 +2.8097e+000 -1.3781e+000 -2.4306e+000
2709 0 +4.975599688e-003 -9.999950244e+002 -9.999950244e+002 +9.0023e-001 +4.9611e-001 +3.0030e+000 -1.1596e+000 -2.4006e+000
2775 0 +3.114023060e-003 -9.999968860e+002 -9.999968860e+002 +1.0287e+000 +5.2282e-001 +2.7920e+000 -9.0967e-001 -2.2252e+000
2797 0 +3.045788568e-003 -9.999969542e+002 -9.999969542e+002 +1.0428e+000 +5.6777e-001 +2.9519e+000 -9.9416e-001 -2.2729e+000
2801 0 +1.424776324e-003 -9.999985752e+002 -9.999985752e+002 +1.1179e+000 +5.9695e-001 +2.7702e+000 -7.6258e-001 -2.1352e+000
2809 0 +1.125751805e-003 -9.999988742e+002 -9.999988742e+002 +1.3087e+000 +5.8365e-001 +2.6410e+000 -6.2451e-001 -1.9441e+000
2820 0 +3.282573784e-004 -9.999996717e+002 -9.999996717e+002 +1.1767e+000 +7.5260e-001 +2.9029e+000 -4.6190e-001 -2.0160e+000
2842 0 +1.092114329e-004 -9.999998908e+002 -9.999998908e+002 +1.3294e+000 +8.1936e-001 +2.7878e+000 -1.3211e-001 -1.7586e+000
2897 0 +8.332083098e-006 -9.999999917e+002 -9.999999917e+002 +1.2929e+000 +6.9669e-001 +2.7129e+000 -2.7839e-001 -1.7951e+000
2947 0 +4.343448950e-006 -9.999999957e+002 -9.999999957e+002 +1.3978e+000 +7.3183e-001 +2.6287e+000 -1.3481e-001 -1.6687e+000
2957 0 +2.419723614e-006 -9.999999976e+002 -9.999999976e+002 +1.3886e+000 +7.3065e-001 +2.6363e+000 -1.4578e-001 -1.6793e+000
3087 0 +1.760904524e-007 -9.999999998e+002 -9.999999998e+002 +1.3734e+000 +7.1609e-001 +2.6190e+000 -1.4594e-001 -1.6770e+000
3350 0 +4.533433184e-008 -1.000000000e+003 -1.000000000e+003 +1.3477e+000 +7.2538e-001 +2.6499e+000 -1.3449e-001 -1.6894e+000
3356 0 +1.417026851e-008 -1.000000000e+003 -1.000000000e+003 +1.3377e+000 +7.0627e-001 +2.6340e+000 -1.6411e-001 -1.6987e+000
3539 0 +1.281102868e-008 -1.000000000e+003 -1.000000000e+003 +1.3577e+000 +7.2488e-001 +2.6242e+000 -1.0491e-001 -1.6658e+000
3577 0 +9.177369975e-009 -1.000000000e+003 -1.000000000e+003 +1.3434e+000 +7.2212e-001 +2.6404e+000 -1.4574e-001 -1.6972e+000
% f evaluations | g evaluations | best noise-free fitness - Fopt (1.000000000000e+003) + sum g_i+ | measured fitness | best measured fitness or single-digit g-values | x1 | x2...
1 0 +1.891705049e+001 +1.018917050e+003 +1.018917050e+003 -3.0409e+000 -2.6241e+000 -4.8248e+000 -1.8938e+000 -3.1699e+000
9 0 +8.139878187e+000 +1.008139878e+003 +1.008139878e+003 +9.6549e-001 +2.3018e+000 +2.2931e+000 -4.3645e+000 -4.7205e-001
150 0 +7.455583384e+000 +1.007455583e+003 +1.007455583e+003 +2.0998e+000 +2.8122e+000 -2.6136e+000 +3.3047e+000 +6.9162e-001
285 0 +6.455204460e+000 +1.006455204e+003 +1.006455204e+003 -3.9902e-001 +5.7372e-001 -2.5489e+000 +4.7245e+000 +1.7351e+000
318 0 +1.597041659e+000 +1.001597042e+003 +1.001597042e+003 -1.4773e+000 -2.2890e+000 -2.8297e+000 +1.8053e+000 -2.6758e+000
382 0 +1.005265892e+000 +1.001005266e+003 +1.001005266e+003 -1.1883e-001 -6.4209e-001 -1.3623e+000 +3.7514e+000 -1.8941e+000
971 0 +5.878898379e-001 +1.000587890e+003 +1.000587890e+003 -8.9759e-001 -9.8618e-001 -1.9194e+000 +3.3811e+000 -1.1212e+000
1242 0 +3.999865833e-001 +1.000399987e+003 +1.000399987e+003 -8.0429e-001 -1.9336e+000 -1.7352e+000 +2.3899e+000 -2.7428e+000
1249 0 +1.082605479e-001 +1.000108261e+003 +1.000108261e+003 -3.5098e-001 -9.3436e-001 -1.7760e+000 +3.6026e+000 -6.6468e-001
1518 0 +4.951575626e-002 +1.000049516e+003 +1.000049516e+003 -5.1043e-001 -9.3299e-001 -1.6773e+000 +3.3928e+000 -1.4402e+000
1907 0 +4.243619668e-002 +1.000042436e+003 +1.000042436e+003 -4.1692e-001 -7.8942e-001 -1.7776e+000 +3.1671e+000 -2.2921e+000
1914 0 +4.643450087e-003 +1.000004643e+003 +1.000004643e+003 -5.7371e-001 -1.0126e+000 -1.8529e+000 +3.1819e+000 -1.5282e+000
2304 0 +3.412622125e-003 +1.000003413e+003 +1.000003413e+003 -7.6839e-001 -1.3947e+000 -1.9827e+000 +2.6363e+000 -2.4789e+000
2573 0 +3.370655762e-003 +1.000003371e+003 +1.000003371e+003 -5.6848e-001 -1.2732e+000 -1.8581e+000 +2.8502e+000 -2.2766e+000
2700 0 +1.523380283e-003 +1.000001523e+003 +1.000001523e+003 -8.6982e-001 -1.5116e+000 -2.1196e+000 +2.5104e+000 -2.3592e+000
2707 0 +3.389283506e-005 +1.000000034e+003 +1.000000034e+003 -7.8929e-001 -1.4807e+000 -2.1657e+000 +2.4917e+000 -2.3929e+000
2764 0 +1.484463724e-006 +1.000000001e+003 +1.000000001e+003 -6.9948e-001 -1.4212e+000 -2.0248e+000 +2.6149e+000 -2.3352e+000
2781 0 +1.139008418e-006 +1.000000001e+003 +1.000000001e+003 -7.3156e-001 -1.4412e+000 -2.0774e+000 +2.5639e+000 -2.4106e+000
3269 0 +1.638203457e-007 +1.000000000e+003 +1.000000000e+003 -7.3090e-001 -1.4164e+000 -2.0755e+000 +2.5796e+000 -2.3962e+000
3344 0 +4.868400083e-008 +1.000000000e+003 +1.000000000e+003 -7.0930e-001 -1.4060e+000 -2.0392e+000 +2.6239e+000 -2.3269e+000
3376 0 +4.469791293e-008 +1.000000000e+003 +1.000000000e+003 -7.2072e-001 -1.3936e+000 -2.0610e+000 +2.6222e+000 -2.3212e+000
3528 0 +4.311664270e-008 +1.000000000e+003 +1.000000000e+003 -7.0972e-001 -1.4094e+000 -2.0521e+000 +2.6073e+000 -2.3565e+000
3576 0 +1.564785634e-009 +1.000000000e+003 +1.000000000e+003 -7.1244e-001 -1.3950e+000 -2.0520e+000 +2.6245e+000 -2.3227e+000
% f evaluations | g evaluations | best noise-free fitness - Fopt (-4.913000000000e+001) + sum g_i+ | measured fitness | best measured fitness or single-digit g-values | x1 | x2...
1 0 +4.758916056e+001 -1.540839442e+000 -1.540839442e+000 -3.5381e+000 +1.9352e+000 -3.8878e+000 +7.9477e-001 -1.2613e+000
32 0 +3.558719390e+001 -1.354280610e+001 -1.354280610e+001 +3.6848e+000 +2.6334e+000 -3.9377e-001 -4.4540e+000 +1.8670e+000
42 0 +3.354506043e+001 -1.558493957e+001 -1.558493957e+001 -3.1832e+000 +2.0711e+000 +3.8522e+000 +2.6414e+000 +4.8965e+000
125 0 +3.170317652e+001 -1.742682348e+001 -1.742682348e+001 -1.9806e-001 +1.1439e-001 -3.4044e-001 +3.1400e+000 +1.3947e+000
137 0 +2.856074277e+001 -2.056925723e+001 -2.056925723e+001 -9.4656e-001 +1.0675e+000 -2.3722e-001 +6.0660e-001 +1.3785e+000
174 0 +1.623778945e+001 -3.289221055e+001 -3.289221055e+001 -2.6118e+000 +1.9903e+000 -3.9685e-001 +3.2735e+000 -1.5160e-001
175 0 +5.766009447e+000 -4.336399055e+001 -4.336399055e+001 -1.1559e+000 +1.6345e+000 -2.5754e-001 +3.2780e+000 +1.0207e+000
477 0 +3.420578289e+000 -4.570942171e+001 -4.570942171e+001 -1.7966e+000 +2.4022e+000 -2.6966e+000 +2.2715e+000 +1.5039e+000
774 0 +3.223183967e+000 -4.590681603e+001 -4.590681603e+001 -1.4789e+000 +1.7390e+000 -1.4319e+000 +1.8495e+000 +1.2421e+000
926 0 +2.261899061e+000 -4.686810094e+001 -4.686810094e+001 -1.1986e+000 +1.5233e+000 -1.9763e+000 +1.9011e+000 +1.6615e+000
968 0 +2.170940725e+000 -4.695905928e+001 -4.695905928e+001 -1.3752e+000 +1.7037e+000 -1.5778e+000 +1.7404e+000 +1.2104e+000
1082 0 +2.026973357e+000 -4.710302664e+001 -4.710302664e+001 -9.9361e-001 +1.5695e+000 -2.2774e+000 +1.3425e+000 +1.7288e+000
1098 0 +1.969177838e+000 -4.716082216e+001 -4.716082216e+001 -1.2573e+000 +1.8942e+000 -2.4361e+000 +2.1121e+000 +1.6685e+000
3925 0 +5.013592092e-001 -4.862864079e+001 -4.862864079e+001 +2.9134e+000 +1.8164e+000 +2.6661e+000 +5.1833e-002 +7.2219e-001
4187 0 +4.898046457e-001 -4.864019535e+001 -4.864019535e+001 +4.1937e+000 +3.2885e+000 +4.1636e+000 +2.2922e-001 +8.1509e-001
4326 0 +1.890941017e-001 -4.894090590e+001 -4.894090590e+001 +3.2718e+000 +2.7330e+000 +3.6901e+000 +5.6348e-001 +6.3998e-001
4380 0 +3.003801243e-002 -4.909996199e+001 -4.909996199e+001 +3.0533e+000 +1.0082e+000 +2.7419e+000 +6.4449e-002 +1.0052e+000
4613 0 +8.786307553e-004 -4.912912137e+001 -4.912912137e+001 +3.5128e+000 +2.2277e+000 +3.2339e+000 +1.4338e-001 +8.8164e-001
4634 0 +6.004162408e-004 -4.912939958e+001 -4.912939958e+001 +3.5286e+000 +2.3107e+000 +3.2987e+000 +1.6550e-001 +8.7031e-001
4762 0 +3.483985516e-006 -4.912999652e+001 -4.912999652e+001 +3.8070e+000 +2.7487e+000 +3.3880e+000 +3.7706e-002 +9.5391e-001
5096 0 +2.060699885e-006 -4.912999794e+001 -4.912999794e+001 +3.7683e+000 +2.6008e+000 +3.3113e+000 -1.9207e-002 +9.7773e-001
5187 0 +1.702948907e-006 -4.912999830e+001 -4.912999830e+001 +3.7237e+000 +2.5962e+000 +3.2750e+000 -3.1936e-002 +9.5774e-001
5204 0 +1.631676270e-007 -4.912999984e+001 -4.912999984e+001 +3.7983e+000 +2.7015e+000 +3.3361e+000 -2.5844e-002 +9.6895e-001
5421 0 +4.484010674e-008 -4.912999996e+001 -4.912999996e+001 +3.7600e+000 +2.6380e+000 +3.3055e+000 -2.4832e-002 +9.6482e-001
5487 0 +2.201309712e-008 -4.912999998e+001 -4.912999998e+001 +3.7626e+000 +2.6402e+000 +3.3145e+000 -1.8787e-002 +9.6535e-001
5522 0 +1.199465771e-008 -4.912999999e+001 -4.912999999e+001 +3.7574e+000 +2.6314e+000 +3.3240e+000 -1.8429e-003 +9.5660e-001
5640 0 +4.473861281e-010 -4.913000000e+001 -4.913000000e+001 +3.7656e+000 +2.6454e+000 +3.3213e+000 -1.2239e-002 +9.6178e-001
% f evaluations | g evaluations | best noise-free fitness - Fopt (2.977300000000e+002) + sum g_i+ | measured fitness | best measured fitness or single-digit g-values | x1 | x2...
1 0 +7.608924106e+001 +3.738192411e+002 +3.738192411e+002 +2.1072e+000 -4.7660e-001 -1.4898e+000 +2.3371e-001 -3.0836e+000
2 0 +6.896410030e+001 +3.666941003e+002 +3.666941003e+002 -6.6988e-001 -1.7947e+000 +2.8971e+000 -4.5758e+000 +2.3984e+000
8 0 +5.585054221e+001 +3.535805422e+002 +3.535805422e+002 +1.6229e-001 -3.0207e+000 +3.9864e+000 -4.8880e+000 +1.8927e+000
22 0 +3.248126742e+001 +3.302112674e+002 +3.302112674e+002 -8.3710e-001 -2.3573e-001 +9.6235e-001 +6.6584e-001 +1.9683e-001
23 0 +1.985823758e+001 +3.175882376e+002 +3.175882376e+002 -7.2172e-001 -1.1234e+000 +1.0606e+000 +8.8663e-001 +1.6032e-001
96 0 +1.178654809e+001 +3.095165481e+002 +3.095165481e+002 +1.9560e+000 +3.5607e+000 +2.8722e+000 -1.9461e+000 +9.0837e-001
146 0 +1.074000444e+001 +3.084700044e+002 +3.084700044e+002 +1.8751e+000 +3.6110e+000 +3.0057e+000 -3.6088e+000 +1.7502e+000
235 0 +5.678034034e+000 +3.034080340e+002 +3.034080340e+002 +8.3016e-002 +1.5842e+000 +3.4877e+000 +2.5619e+000 -2.8556e-001
364 0 +3.968550195e+000 +3.016985502e+002 +3.016985502e+002 +1.3054e+000 +3.5480e+000 +2.9775e+000 -3.6670e+000 +9.3094e-001
566 0 +2.058199220e+000 +2.997881992e+002 +2.997881992e+002 +7.7253e-001 +3.8766e+000 +4.0562e+000 -3.3551e+000 +9.8173e-001
709 0 +1.398828901e+000 +2.991288289e+002 +2.991288289e+002 +1.2158e+000 +3.3108e+000 +3.5584e+000 -3.0021e+000 +7.4171e-001
823 0 +1.303894237e+000 +2.990338942e+002 +2.990338942e+002 +7.2725e-001 +3.2477e+000 +3.7983e+000 -3.1763e+000 +1.5361e-001
937 0 +1.119400430e+000 +2.988494004e+002 +2.988494004e+002 +9.4172e-001 +3.6650e+000 +3.7417e+000 -3.0459e+000 +5.4374e-001
975 0 +8.788419765e-001 +2.986088420e+002 +2.986088420e+002 +1.3779e+000 +3.3331e+000 +3.6432e+000 -3.1415e+000 +4.2303e-001
1003 0 +8.651595571e-001 +2.985951596e+002 +2.985951596e+002 +1.1385e+000 +3.5511e+000 +3.6573e+000 -3.1125e+000 +5.8729e-001
1084 0 +7.542425604e-001 +2.984842426e+002 +2.984842426e+002 +1.1222e+000 +3.2691e+000 +3.8209e+000 -3.2712e+000 +3.2492e-001
1096 0 +7.118958246e-001 +2.984418958e+002 +2.984418958e+002 +1.1422e+000 +3.3307e+000 +3.7875e+000 -3.2423e+000 +3.6059e-001
1224 0 +7.006925386e-001 +2.984306925e+002 +2.984306925e+002 +1.1517e+000 +3.3864e+000 +3.7366e+000 -3.2495e+000 +3.9007e-001
5483 0 +6.039444756e-001 +2.983339445e+002 +2.983339445e+002 -5.4360e-001 +1.0774e+000 +3.2259e+000 +2.1992e+000 +2.6524e-001
5586 0 +1.626867647e-001 +2.978926868e+002 +2.978926868e+002 -1.6932e+000 +5.1941e-001 +3.0265e+000 +2.7078e+000 +1.0711e+000
6048 0 +9.809534518e-002 +2.978280953e+002 +2.978280953e+002 -1.8233e+000 +1.2129e+000 +3.7611e+000 +2.1531e+000 +5.0453e-001
6149 0 +5.816366089e-002 +2.977881637e+002 +2.977881637e+002 -3.8149e+000 +1.6197e-001 +3.6125e+000 +2.6361e+000 +1.6111e+000
6164 0 +3.992420431e-002 +2.977699242e+002 +2.977699242e+002 -2.5770e+000 +7.7752e-001 +3.5910e+000 +2.5433e+000 +9.7188e-001
6179 0 +1.698933106e-002 +2.977469893e+002 +2.977469893e+002 -2.6314e+000 +7.3387e-001 +3.5480e+000 +2.5372e+000 +9.8969e-001
6283 0 +2.679150064e-003 +2.977326792e+002 +2.977326792e+002 -3.6221e+000 +8.5398e-001 +3.7055e+000 +2.2984e+000 +7.9395e-001
6354 0 +9.692263039e-004 +2.977309692e+002 +2.977309692e+002 -3.8078e+000 +7.6316e-001 +3.7815e+000 +2.2744e+000 +9.4662e-001
6357 0 +3.662222928e-004 +2.977303662e+002 +2.977303662e+002 -3.3241e+000 +6.0085e-001 +3.7239e+000 +2.4165e+000 +1.1984e+000
6409 0 +2.650465025e-004 +2.977302650e+002 +2.977302650e+002 -3.8833e+000 +7.4073e-001 +3.9560e+000 +2.2856e+000 +1.0608e+000
6506 0 +5.209646417e-006 +2.977300052e+002 +2.977300052e+002 -3.8924e+000 +6.4215e-001 +3.8300e+000 +2.3772e+000 +1.1161e+000
6515 0 +1.641585470e-006 +2.977300016e+002 +2.977300016e+002 -3.8551e+000 +6.6898e-001 +3.8367e+000 +2.3605e+000 +1.0834e+000
6723 0 +6.856859045e-007 +2.977300007e+002 +2.977300007e+002 -3.7927e+000 +6.5508e-001 +3.8688e+000 +2.3538e+000 +1.1301e+000
6753 0 +1.901996711e-007 +2.977300002e+002 +2.977300002e+002 -3.8218e+000 +6.5684e-001 +3.8595e+000 +2.3469e+000 +1.1205e+000
6858 0 +1.854484708e-007 +2.977300002e+002 +2.977300002e+002 -3.7726e+000 +6.5742e-001 +3.8256e+000 +2.3634e+000 +1.1093e+000
6964 0 +1.053205665e-007 +2.977300001e+002 +2.977300001e+002 -3.8667e+000 +6.6235e-001 +3.8606e+000 +2.3516e+000 +1.1071e+000
7104 0 +3.852221653e-009 +2.977300000e+002 +2.977300000e+002 -3.7921e+000 +6.6087e-001 +3.8431e+000 +2.3551e+000 +1.1076e+000
% f evaluations | g evaluations | best noise-free fitness - Fopt (5.157000000000e+001) + sum g_i+ | measured fitness | best measured fitness or single-digit g-values | x1 | x2...
1 0 +7.573058861e+001 +1.273005886e+002 +1.273005886e+002 -3.3278e+000 +2.8309e-001 +9.7279e-001 -6.0603e-001 -9.0810e-001
2 0 +7.058997391e+001 +1.221599739e+002 +1.221599739e+002 -2.0059e+000 +4.3783e+000 +2.6986e+000 -2.1457e+000 +1.6052e+000
8 0 +6.666900307e+001 +1.182390031e+002 +1.182390031e+002 -3.9228e+000 +1.3028e+000 -3.5304e+000 -3.1939e+000 +4.4655e-002
25 0 +6.503594519e+001 +1.166059452e+002 +1.166059452e+002 +4.2993e-001 -4.5100e+000 -8.1510e-001 -2.4186e+000 +2.0594e+000
28 0 +6.207224300e+001 +1.136422430e+002 +1.136422430e+002 +3.4910e+000 -4.3906e+000 +7.6001e-001 -2.5224e+000 +2.5776e+000
35 0 +2.256359161e+001 +7.413359161e+001 +7.413359161e+001 -2.2432e+000 -1.6186e+000 -1.2034e+000 -1.9072e+000 +2.1287e+000
81 0 +2.072505440e+001 +7.229505440e+001 +7.229505440e+001 +4.4438e+000 -1.5770e+000 -2.4141e+000 -4.6296e-001 +2.1625e+000
149 0 +1.674178203e+001 +6.831178203e+001 +6.831178203e+001 +2.8421e+000 -3.0690e+000 -1.9147e+000 -3.0215e+000 +2.1742e+000
187 0 +6.855924165e+000 +5.842592417e+001 +5.842592417e+001 +3.3721e+000 -4.8349e-001 -1.6714e+000 -1.4536e+000 +2.3139e+000
416 0 +6.312781899e+000 +5.788278190e+001 +5.788278190e+001 -1.7670e+000 -3.1208e+000 -4.7095e-001 -3.0339e+000 +2.0667e+000
483 0 +2.707391756e+000 +5.427739176e+001 +5.427739176e+001 -2.2322e+000 -2.4425e+000 -1.1221e+000 -3.0099e+000 +1.7201e+000
656 0 +1.600527697e+000 +5.317052770e+001 +5.317052770e+001 -2.4769e+000 -2.8170e+000 -1.4423e-001 -3.3965e+000 +1.3117e+000
943 0 +7.581627874e-001 +5.232816279e+001 +5.232816279e+001 +1.4662e+000 -5.1420e-001 -1.4388e+000 -3.7006e+000 +2.2182e+000
1103 0 +5.093940760e-001 +5.207939408e+001 +5.207939408e+001 +2.8074e+000 -1.8405e+000 -1.9927e+000 -2.8988e+000 +2.0905e+000
1469 0 +4.377715777e-001 +5.200777158e+001 +5.200777158e+001 +1.3664e+000 -3.6883e-001 -1.3169e+000 -3.6153e+000 +2.0449e+000
1608 0 +4.210883545e-001 +5.199108835e+001 +5.199108835e+001 +1.8171e+000 -7.1742e-001 -1.3185e+000 -2.8590e+000 +1.7623e+000
1661 0 +1.875805366e-001 +5.175758054e+001 +5.175758054e+001 +1.9268e+000 -5.4129e-001 -1.6773e+000 -3.0759e+000 +1.7350e+000
1704 0 +1.562137981e-001 +5.172621380e+001 +5.172621380e+001 +2.0497e+000 -1.2931e-002 -1.4614e+000 -2.5222e+000 +1.8191e+000
1754 0 +8.072502528e-002 +5.165072503e+001 +5.165072503e+001 +1.5757e+000 -3.9480e-001 -1.3219e+000 -3.1014e+000 +1.9383e+000
2078 0 +6.791126726e-002 +5.163791127e+001 +5.163791127e+001 +1.9891e+000 +1.8921e-001 -1.8777e+000 -2.6634e+000 +1.6395e+000
2418 0 +5.413904488e-002 +5.162413904e+001 +5.162413904e+001 +2.5899e+000 +2.8041e-001 -2.4263e+000 -2.1155e+000 +1.5443e+000
2443 0 +4.988489981e-002 +5.161988490e+001 +5.161988490e+001 +2.5571e+000 +8.9145e-001 -2.7072e+000 -1.7354e+000 +1.2213e+000
2447 0 +4.643795166e-002 +5.161643795e+001 +5.161643795e+001 +2.2620e+000 +1.2329e+000 -2.4968e+000 -1.6546e+000 +1.1025e+000
2461 0 +3.793317489e-003 +5.157379332e+001 +5.157379332e+001 +2.3929e+000 +9.4239e-001 -2.3570e+000 -1.7534e+000 +1.3352e+000
2493 0 +9.057028465e-004 +5.157090570e+001 +5.157090570e+001 +2.1610e+000 +8.1666e-001 -2.2258e+000 -2.0704e+000 +1.4527e+000
2715 0 +8.879129845e-004 +5.157088791e+001 +5.157088791e+001 +2.1837e+000 +1.0299e+000 -2.1349e+000 -1.8503e+000 +1.4133e+000
2761 0 +4.391473949e-004 +5.157043915e+001 +5.157043915e+001 +2.1076e+000 +1.0288e+000 -2.1247e+000 -1.9522e+000 +1.4392e+000
2776 0 +3.517361170e-004 +5.157035174e+001 +5.157035174e+001 +2.1677e+000 +9.7065e-001 -2.1681e+000 -1.9329e+000 +1.4270e+000
2859 0 +4.500163755e-006 +5.157000450e+001 +5.157000450e+001 +2.1419e+000 +1.1958e+000 -2.2408e+000 -1.7981e+000 +1.3540e+000
3211 0 +6.097608818e-007 +5.157000061e+001 +5.157000061e+001 +2.1012e+000 +1.2900e+000 -2.2234e+000 -1.7642e+000 +1.3333e+000
3230 0 +4.890901977e-007 +5.157000049e+001 +5.157000049e+001 +2.0914e+000 +1.2639e+000 -2.2194e+000 -1.7962e+000 +1.3446e+000
3288 0 +1.114310137e-007 +5.157000011e+001 +5.157000011e+001 +2.0952e+000 +1.2896e+000 -2.2216e+000 -1.7767e+000 +1.3286e+000
3344 0 +7.979693351e-009 +5.157000001e+001 +5.157000001e+001 +2.0752e+000 +1.3194e+000 -2.2269e+000 -1.7826e+000 +1.3221e+000
% f evaluations | g evaluations | best noise-free fitness - Fopt (1.527100000000e+002) + sum g_i+ | measured fitness | best measured fitness or single-digit g-values | x1 | x2...
1 0 +7.022780908e+001 +2.229378091e+002 +2.229378091e+002 -4.4107e+000 +1.9622e+000 +6.2348e-001 -2.1949e+000 +4.7881e+000
4 0 +4.066988323e+001 +1.933798832e+002 +1.933798832e+002 +2.9843e+000 -1.4516e+000 +2.5293e+000 -4.0665e+000 +2.9328e+000
18 0 +1.548996161e+001 +1.681999616e+002 +1.681999616e+002 +2.2530e-001 -1.7332e+000 -1.5198e+000 +2.0453e+000 -4.8718e+000
47 0 +1.443017172e+001 +1.671401717e+002 +1.671401717e+002 +1.0345e+000 -1.6161e+000 -2.8503e+000 -4.4987e+000 -2.6764e+000
276 0 +3.016596054e+000 +1.557265961e+002 +1.557265961e+002 +4.2766e+000 +4.6453e-002 +4.6586e-001 -4.6261e+000 +2.8906e+000
426 0 +2.162047956e+000 +1.548720480e+002 +1.548720480e+002 +4.3575e+000 -4.1623e-001 +4.7141e-001 -4.2145e+000 +2.4229e+000
732 0 +1.989100591e+000 +1.546991006e+002 +1.546991006e+002 +4.2678e+000 +1.1426e-001 -4.9396e-001 -4.6157e+000 +2.3622e+000
827 0 +1.853841390e+000 +1.545638414e+002 +1.545638414e+002 +4.3269e+000 +1.2626e-001 -5.4741e-001 -4.4474e+000 +2.1416e+000
887 0 +1.747330816e+000 +1.544573308e+002 +1.544573308e+002 +4.7197e+000 +3.9420e-001 -5.2449e-001 -3.9707e+000 +2.0722e+000
960 0 +8.930760715e-001 +1.536030761e+002 +1.536030761e+002 +4.3880e+000 +2.5614e-001 +5.2615e-002 -4.3836e+000 +2.3583e+000
1002 0 +8.113793981e-001 +1.535213794e+002 +1.535213794e+002 +4.6041e+000 +2.7081e-001 -2.1327e-001 -4.0958e+000 +2.2064e+000
1008 0 +7.079873111e-001 +1.534179873e+002 +1.534179873e+002 +4.4170e+000 +1.4445e-001 -8.4595e-002 -4.1375e+000 +2.2429e+000
1169 0 +6.936314208e-001 +1.534036314e+002 +1.534036314e+002 +4.3751e+000 +1.9557e-001 -8.9443e-002 -4.1643e+000 +2.2903e+000
8872 0 +1.989886992e-001 +1.529089887e+002 +1.529089887e+002 -9.6763e-001 -1.1453e+000 +2.4920e+000 +3.7259e+000 -4.7964e-001
9038 0 +1.066619396e-001 +1.528166619e+002 +1.528166619e+002 -3.9689e+000 -2.1652e+000 +2.2257e+000 +3.4250e+000 +5.0678e-001
9396 0 +1.023088806e-001 +1.528123089e+002 +1.528123089e+002 -1.3295e+000 -7.8285e-001 +2.3214e+000 +3.7092e+000 -1.0705e+000
9416 0 +9.102056295e-002 +1.528010206e+002 +1.528010206e+002 -1.6639e+000 -9.9918e-001 +2.5057e+000 +3.8007e+000 -7.5203e-001
9420 0 +7.526927877e-002 +1.527852693e+002 +1.527852693e+002 -2.8969e+000 -1.7645e+000 +2.2072e+000 +3.5931e+000 +7.1962e-002
9439 0 +1.672976557e-002 +1.527267298e+002 +1.527267298e+002 -2.9509e+000 -1.4264e+000 +2.4022e+000 +3.6639e+000 -3.1558e-001
9626 0 +3.436783238e-003 +1.527134368e+002 +1.527134368e+002 -4.0490e+000 -1.9317e+000 +2.5079e+000 +3.5402e+000 +6.4801e-001
9698 0 +2.447377253e-003 +1.527124474e+002 +1.527124474e+002 -2.8324e+000 -1.4914e+000 +2.5131e+000 +3.4786e+000 +2.7580e-001
9719 0 +9.725520573e-004 +1.527109726e+002 +1.527109726e+002 -3.0343e+000 -1.7180e+000 +2.3778e+000 +3.5463e+000 +1.7187e-001
9773 0 +7.406796669e-006 +1.527100074e+002 +1.527100074e+002 -2.9971e+000 -1.5954e+000 +2.4813e+000 +3.5568e+000 +2.3685e-001
10121 0 +2.701791828e-006 +1.527100027e+002 +1.527100027e+002 -3.1480e+000 -1.5873e+000 +2.4994e+000 +3.5810e+000 +2.2593e-001
10177 0 +1.570906846e-006 +1.527100016e+002 +1.527100016e+002 -2.9676e+000 -1.5594e+000 +2.4745e+000 +3.5870e+000 +1.4230e-001
10280 0 +1.210993616e-007 +1.527100001e+002 +1.527100001e+002 -3.0407e+000 -1.5276e+000 +2.4866e+000 +3.6095e+000 +1.1373e-001
10500 0 +9.068827467e-008 +1.527100001e+002 +1.527100001e+002 -3.0697e+000 -1.5506e+000 +2.4851e+000 +3.5962e+000 +1.4504e-001
10503 0 +5.720252716e-008 +1.527100001e+002 +1.527100001e+002 -3.0648e+000 -1.5491e+000 +2.4872e+000 +3.5955e+000 +1.4914e-001
10575 0 +4.722991775e-008 +1.527100000e+002 +1.527100000e+002 -3.0743e+000 -1.5548e+000 +2.4881e+000 +3.5934e+000 +1.6103e-001
10662 0 +3.006363158e-009 +1.527100000e+002 +1.527100000e+002 -3.0978e+000 -1.5629e+000 +2.4818e+000 +3.5995e+000 +1.5588e-001
% f evaluations | g evaluations | best noise-free fitness - Fopt (9.980000000000e+001) + sum g_i+ | measured fitness | best measured fitness or single-digit g-values | x1 | x2...
1 0 +7.882459409e+001 +1.786245941e+002 +1.786245941e+002 -1.8161e+000 -2.8770e-001 -4.9332e+000 -3.2743e+000 -2.7189e+000
2 0 +7.603268374e+001 +1.758326837e+002 +1.758326837e+002 +2.4484e+000 -5.7369e-001 -2.6966e-001 -2.3278e+000 +1.5218e+000
3 0 +7.020702631e+001 +1.700070263e+002 +1.700070263e+002 +2.8285e+000 +4.6431e+000 +3.5258e-001 +2.2829e+000 +2.3913e+000
5 0 +5.568828358e+001 +1.554882836e+002 +1.554882836e+002 +3.5597e+000 -4.1544e+000 +4.3587e+000 +2.8768e+000 +2.2843e-001
14 0 +3.631492720e+001 +1.361149272e+002 +1.361149272e+002 -3.2615e+000 +4.4294e+000 +1.3546e-002 +4.8104e-001 +3.9248e-001
53 0 +3.546360980e+001 +1.352636098e+002 +1.352636098e+002 +4.5874e-001 +4.7534e+000 -8.1773e-002 +1.3425e+000 +7.8166e-002
107 0 +1.102557034e+001 +1.108255703e+002 +1.108255703e+002 -3.6548e+000 -7.4676e-001 +3.4361e+000 +3.1520e+000 +4.6827e-001
263 0 +3.098091215e+000 +1.028980912e+002 +1.028980912e+002 -2.1725e+000 -1.2193e+000 +2.2544e+000 +2.9955e+000 +5.2566e-001
264 0 +2.180027704e+000 +1.019800277e+002 +1.019800277e+002 -2.8136e+000 +3.1245e+000 -3.6368e-001 -7.0666e-001 +7.0575e-002
514 0 +2.029115922e+000 +1.018291159e+002 +1.018291159e+002 -2.6019e+000 +2.9623e+000 -6.1104e-001 -9.5831e-001 +2.0661e-001
1000 0 +1.920886882e+000 +1.017208869e+002 +1.017208869e+002 -2.1861e+000 +2.3277e+000 +4.6034e-001 +4.5258e-001 +4.6269e-001
1002 0 +1.989439173e-001 +9.999894392e+001 +9.999894392e+001 -2.1440e+000 -3.1881e-001 +1.2205e+000 +2.0444e+000 +3.3004e-001
1415 0 +4.144771475e-002 +9.984144771e+001 +9.984144771e+001 -2.1985e+000 -6.9128e-001 +1.6562e+000 +2.3037e+000 +5.4826e-001
1820 0 +1.712679252e-002 +9.981712679e+001 +9.981712679e+001 -2.2650e+000 +7.5990e-002 +2.6454e+000 +2.3265e+000 +4.4277e-001
1828 0 +5.679257881e-003 +9.980567926e+001 +9.980567926e+001 -2.6576e+000 -3.7144e-001 +2.0157e+000 +1.9622e+000 +4.2730e-001
1878 0 +8.570214098e-004 +9.980085702e+001 +9.980085702e+001 -2.6082e+000 -6.3102e-001 +1.8387e+000 +2.2019e+000 +4.2959e-001
2193 0 +8.391430786e-004 +9.980083914e+001 +9.980083914e+001 -2.4469e+000 -5.9563e-001 +1.8141e+000 +2.2148e+000 +4.6273e-001
2213 0 +5.074498798e-004 +9.980050745e+001 +9.980050745e+001 -2.4308e+000 -2.5927e-001 +2.2518e+000 +2.2895e+000 +4.5291e-001
2300 0 +6.861980772e-005 +9.980006862e+001 +9.980006862e+001 -2.2444e+000 +1.5809e-002 +2.1751e+000 +2.2253e+000 +4.0291e-001
2463 0 +5.115984280e-006 +9.980000512e+001 +9.980000512e+001 -2.3362e+000 -1.0804e-001 +2.2138e+000 +2.2611e+000 +4.2287e-001
2655 0 +5.374769358e-007 +9.980000054e+001 +9.980000054e+001 -2.2779e+000 -7.1684e-002 +2.1875e+000 +2.2801e+000 +4.1572e-001
2815 0 +6.589687018e-009 +9.980000001e+001 +9.980000001e+001 -2.2256e+000 -2.6941e-002 +2.1805e+000 +2.2981e+000 +4.1573e-001
% f evaluations | g evaluations | best noise-free fitness - Fopt (-1.194100000000e+002) + sum g_i+ | measured fitness | best measured fitness or single-digit g-values | x1 | x2...
1 0 +6.801697638e+001 -5.139302362e+001 -5.139302362e+001 +3.5132e+000 -2.8312e+000 +1.5178e+000 -2.3971e+000 -2.2057e+000
6 0 +4.049008489e+001 -7.891991511e+001 -7.891991511e+001 +1.4771e-001 -1.4073e+000 +4.5632e+000 -1.8270e+000 +4.0481e+000
8 0 +3.418156876e+001 -8.522843124e+001 -8.522843124e+001 +1.5629e+000 -2.4522e-001 +2.8972e+000 +2.6004e+000 +2.7323e+000
31 0 +2.295959830e+001 -9.645040170e+001 -9.645040170e+001 +1.5890e+000 +8.9700e-001 +2.0914e+000 +2.7884e+000 +3.5407e+000
60 0 +1.529364275e+001 -1.041163572e+002 -1.041163572e+002 -1.0868e+000 -5.3923e-002 +2.4576e+000 +3.2565e+000 +2.5779e+000
131 0 +1.414870631e+001 -1.052612937e+002 -1.052612937e+002 +2.2482e-003 +4.4450e-001 +4.0336e+000 +3.2171e+000 +2.9664e+000
181 0 +1.063380295e+001 -1.087761971e+002 -1.087761971e+002 -2.7709e-001 +3.3078e-001 +4.6579e+000 +2.5952e+000 +2.9489e+000
377 0 +7.790449585e+000 -1.116195504e+002 -1.116195504e+002 -1.8525e+000 +2.3595e+000 +1.2078e+000 +3.0539e+000 +1.4951e+000
679 0 +2.904402174e+000 -1.165055978e+002 -1.165055978e+002 -2.7684e+000 +2.8765e+000 +2.6150e+000 +8.9661e-001 +2.1423e-001
697 0 +2.343411750e+000 -1.170665883e+002 -1.170665883e+002 -2.8246e+000 +2.1780e+000 +2.2319e+000 +1.9656e+000 +1.7560e-001
940 0 +2.201255884e+000 -1.172087441e+002 -1.172087441e+002 -1.1844e+000 +1.6713e+000 +2.5530e+000 +3.5315e+000 +1.0894e+000
971 0 +1.963449146e+000 -1.174465509e+002 -1.174465509e+002 -2.0905e+000 +2.5933e+000 +2.8294e+000 +2.4160e+000 +1.5343e+000
997 0 +1.647117900e+000 -1.177628821e+002 -1.177628821e+002 -2.2011e+000 +2.1780e+000 +2.7547e+000 +2.4113e+000 +1.0144e+000
1071 0 +8.249640244e-001 -1.185850360e+002 -1.185850360e+002 -1.1933e+000 +1.4075e+000 +3.1919e+000 +3.8819e+000 +1.2256e+000
1382 0 +6.768742134e-001 -1.187331258e+002 -1.187331258e+002 -1.0952e+000 +1.3527e+000 +3.1118e+000 +3.4980e+000 +8.5856e-001
1479 0 +5.094856365e-001 -1.189005144e+002 -1.189005144e+002 -2.7684e+000 +2.6737e+000 +2.2391e+000 +1.1928e+000 +3.3089e-001
1688 0 +3.665517656e-001 -1.190434482e+002 -1.190434482e+002 -1.4500e+000 +1.1400e+000 +2.8831e+000 +3.3104e+000 +2.3557e-001
1811 0 +3.491299580e-001 -1.190608700e+002 -1.190608700e+002 -1.3848e+000 +1.3966e+000 +3.2513e+000 +3.4527e+000 +6.0701e-001
1956 0 +1.286120771e-001 -1.192813879e+002 -1.192813879e+002 -1.5614e+000 +1.3012e+000 +3.2154e+000 +3.0833e+000 +1.9373e-001
2003 0 +6.753940764e-002 -1.193424606e+002 -1.193424606e+002 -1.8125e+000 +1.1551e+000 +3.0338e+000 +2.8198e+000 -4.7714e-001
2087 0 +1.418900562e-002 -1.193958110e+002 -1.193958110e+002 -1.0545e+000 +5.5105e-001 +3.5182e+000 +3.8500e+000 -3.5146e-001
2158 0 +3.607939971e-003 -1.194063921e+002 -1.194063921e+002 -1.3585e+000 +7.2692e-001 +3.2511e+000 +3.3705e+000 -6.0837e-001
2206 0 +9.246086881e-004 -1.194090754e+002 -1.194090754e+002 -1.2510e+000 +5.6371e-001 +3.2963e+000 +3.5885e+000 -6.7868e-001
2315 0 +3.056566318e-004 -1.194096943e+002 -1.194096943e+002 -1.2175e+000 +5.0463e-001 +3.2507e+000 +3.6113e+000 -8.5019e-001
2398 0 +9.303869319e-008 -1.194099999e+002 -1.194099999e+002 -1.3130e+000 +5.1576e-001 +3.1600e+000 +3.5061e+000 -9.4610e-001
3015 0 +7.454977435e-008 -1.194099999e+002 -1.194099999e+002 -1.2632e+000 +4.6142e-001 +3.2038e+000 +3.5615e+000 -9.6735e-001
3136 0 +1.215255452e-009 -1.194100000e+002 -1.194100000e+002 -1.2772e+000 +4.7349e-001 +3.1933e+000 +3.5536e+000 -9.6030e-001
% f evaluations | g evaluations | best noise-free fitness - Fopt (1.077000000000e+001) + sum g_i+ | measured fitness | best measured fitness or single-digit g-values | x1 | x2...
1 0 +7.819495152e+001 +8.896495152e+001 +8.896495152e+001 -1.3638e+000 -1.0161e+000 +2.3848e+000 -2.4941e+000 +3.3470e+000
6 0 +6.788469356e+001 +7.865469356e+001 +7.865469356e+001 +3.0617e-003 +4.5952e+000 -3.2840e+000 +3.4090e+000 +4.8546e-001
11 0 +1.084532534e+001 +2.161532534e+001 +2.161532534e+001 -4.3377e+000 -3.0708e+000 -2.0819e+000 -6.5274e-001 -3.7114e+000
38 0 +1.008623745e+001 +2.085623745e+001 +2.085623745e+001 -4.9862e+000 -2.9347e+000 -3.0705e+000 -1.7025e+000 -2.3293e+000
122 0 +7.634737741e+000 +1.840473774e+001 +1.840473774e+001 -4.5101e+000 -1.5375e+000 +8.0951e-001 +1.3171e+000 -3.1060e+000
314 0 +3.708410649e+000 +1.447841065e+001 +1.447841065e+001 -4.1449e+000 -2.5916e+000 +1.3768e+000 +1.0998e+000 -2.0134e+000
318 0 +3.467091665e+000 +1.423709166e+001 +1.423709166e+001 -2.7017e+000 -2.8108e+000 +2.7565e-001 +1.1323e+000 -1.4688e+000
320 0 +2.411038417e+000 +1.318103842e+001 +1.318103842e+001 -3.2221e+000 -1.3491e+000 +3.4682e-001 +9.4679e-001 -2.5841e+000
448 0 +2.188901278e+000 +1.295890128e+001 +1.295890128e+001 -3.0603e+000 -2.5318e+000 +4.4728e-002 +1.3157e+000 -1.8382e+000
456 0 +1.974941209e+000 +1.274494121e+001 +1.274494121e+001 -3.6284e+000 -1.7575e+000 +7.8801e-001 +1.1646e+000 -2.7464e+000
623 0 +1.883620799e+000 +1.265362080e+001 +1.265362080e+001 -3.2854e+000 -2.2309e+000 +4.9514e-001 +1.2187e+000 -2.1448e+000
670 0 +1.781532567e+000 +1.255153257e+001 +1.255153257e+001 -3.1033e+000 -1.3491e+000 +9.2203e-001 +9.6848e-001 -2.1624e+000
671 0 +1.468457870e+000 +1.223845787e+001 +1.223845787e+001 -3.7427e+000 -2.0370e+000 +1.6733e+000 +1.0339e+000 -2.2271e+000
721 0 +1.259317306e+000 +1.202931731e+001 +1.202931731e+001 -3.7213e+000 -1.7685e+000 +2.1938e+000 +8.3898e-001 -2.5131e+000
933 0 +1.245925082e+000 +1.201592508e+001 +1.201592508e+001 -3.5335e+000 -1.0791e+000 +1.3272e+000 +1.0197e+000 -2.4366e+000
1007 0 +1.186163707e+000 +1.195616371e+001 +1.195616371e+001 -3.8160e+000 -1.4689e+000 +2.2236e+000 +8.0233e-001 -2.4002e+000
1024 0 +9.791894061e-001 +1.174918941e+001 +1.174918941e+001 -3.6969e+000 -1.2647e+000 +1.8159e+000 +8.9533e-001 -2.3797e+000
1070 0 +9.769001516e-001 +1.174690015e+001 +1.174690015e+001 -3.4210e+000 -1.2218e+000 +1.3619e+000 +9.4436e-001 -2.3888e+000
1083 0 +8.541951940e-001 +1.162419519e+001 +1.162419519e+001 -3.5335e+000 -1.6464e+000 +1.2750e+000 +1.0131e+000 -2.4415e+000
1093 0 +8.103520430e-001 +1.158035204e+001 +1.158035204e+001 -3.7397e+000 -1.3946e+000 +1.6884e+000 +9.1795e-001 -2.4676e+000
1370 0 +7.473569299e-001 +1.151735693e+001 +1.151735693e+001 -3.7542e+000 -1.4138e+000 +1.7841e+000 +8.3659e-001 -2.5743e+000
1406 0 +7.247404364e-001 +1.149474044e+001 +1.149474044e+001 -3.6045e+000 -1.4603e+000 +1.8143e+000 +8.4318e-001 -2.5456e+000
1411 0 +6.968703222e-001 +1.146687032e+001 +1.146687032e+001 -3.6182e+000 -1.4040e+000 +1.7746e+000 +8.3586e-001 -2.5009e+000
4069 0 +5.171646246e-001 +1.128716462e+001 +1.128716462e+001 +1.9977e+000 -2.4994e+000 -2.3472e+000 +2.5178e+000 +1.0325e+000
4399 0 +4.572142921e-001 +1.122721429e+001 +1.122721429e+001 +9.3202e-001 +4.8259e-001 +9.3313e-001 +1.8794e+000 -1.8858e-001
4406 0 +1.598762437e-001 +1.092987624e+001 +1.092987624e+001 +1.1878e+000 -2.9211e-001 +1.3018e-001 +2.0345e+000 +1.0908e-001
4411 0 +1.078071537e-001 +1.087780715e+001 +1.087780715e+001 +1.2365e+000 -1.5494e+000 -7.2560e-001 +2.1803e+000 +5.7820e-001
4433 0 +2.659669857e-002 +1.079659670e+001 +1.079659670e+001 +1.4649e+000 -9.4980e-001 -3.5511e-001 +2.3130e+000 +1.9560e-001
4695 0 +9.616789598e-006 +1.077000962e+001 +1.077000962e+001 +1.7702e+000 -1.5016e+000 -4.6770e-001 +3.0092e+000 +3.2044e-001
4874 0 +6.746832256e-006 +1.077000675e+001 +1.077000675e+001 +1.7612e+000 -1.4860e+000 -4.1560e-001 +3.0147e+000 +3.2379e-001
4912 0 +6.103868435e-006 +1.077000610e+001 +1.077000610e+001 +1.7648e+000 -1.3651e+000 -3.8351e-001 +3.0384e+000 +2.8906e-001
4954 0 +4.499047884e-006 +1.077000450e+001 +1.077000450e+001 +1.8082e+000 -1.5163e+000 -5.0785e-001 +3.0956e+000 +3.5182e-001
5088 0 +6.060641162e-007 +1.077000061e+001 +1.077000061e+001 +1.7781e+000 -1.5169e+000 -4.6137e-001 +3.0539e+000 +3.4578e-001
5300 0 +3.884074893e-007 +1.077000039e+001 +1.077000039e+001 +1.7845e+000 -1.5714e+000 -5.1956e-001 +3.0379e+000 +3.6456e-001
5332 0 +6.256285623e-008 +1.077000006e+001 +1.077000006e+001 +1.7596e+000 -1.4617e+000 -4.2678e-001 +3.0197e+000 +3.1679e-001
5384 0 +2.104848207e-008 +1.077000002e+001 +1.077000002e+001 +1.7698e+000 -1.4874e+000 -4.5913e-001 +3.0249e+000 +3.3146e-001
5442 0 +1.754052192e-008 +1.077000002e+001 +1.077000002e+001 +1.7678e+000 -1.4979e+000 -4.4940e-001 +3.0321e+000 +3.3225e-001
5639 0 +1.469568467e-008 +1.077000001e+001 +1.077000001e+001 +1.7739e+000 -1.5150e+000 -4.8152e-001 +3.0286e+000 +3.4223e-001
5642 0 +6.415390885e-009 +1.077000001e+001 +1.077000001e+001 +1.7684e+000 -1.4619e+000 -4.2640e-001 +3.0397e+000 +3.1920e-001
% f evaluations | g evaluations | best noise-free fitness - Fopt (2.137000000000e+001) + sum g_i+ | measured fitness | best measured fitness or single-digit g-values | x1 | x2...
1 0 +8.068334548e+001 +1.020533455e+002 +1.020533455e+002 -4.2690e+000 +1.2092e+000 -7.1899e-002 -3.2322e+000 -6.1113e-001
3 0 +4.081107825e+001 +6.218107825e+001 +6.218107825e+001 +1.6567e+000 -1.4908e-001 +4.7852e+000 -6.2105e-001 -7.1388e-001
24 0 +3.508259251e+001 +5.645259251e+001 +5.645259251e+001 -2.3579e+000 +4.5404e+000 -4.0963e+000 +9.3757e-003 +4.3141e+000
29 0 +1.536739590e+001 +3.673739590e+001 +3.673739590e+001 -2.8877e-001 +4.0785e+000 -3.0113e+000 +1.5717e+000 +1.4844e+000
53 0 +9.260274957e+000 +3.063027496e+001 +3.063027496e+001 +7.5049e-001 -9.6988e-001 +4.3727e+000 -2.3639e-001 -6.6320e-001
103 0 +8.887598932e+000 +3.025759893e+001 +3.025759893e+001 +2.4718e+000 -4.7745e-001 +4.3727e+000 -2.3216e-001 -6.4523e-001
179 0 +8.004629516e+000 +2.937462952e+001 +2.937462952e+001 -9.2871e-001 +3.9045e+000 -3.5594e+000 +1.6560e+000 +2.0248e+000
258 0 +4.712503250e+000 +2.608250325e+001 +2.608250325e+001 +2.6576e+000 +1.0897e+000 -1.2875e+000 -5.8980e-002 +1.0566e+000
830 0 +3.862421199e+000 +2.523242120e+001 +2.523242120e+001 +2.8152e+000 +1.4093e+000 -1.9914e+000 -3.6276e-001 +9.8927e-001
880 0 +4.997956477e-001 +2.186979565e+001 +2.186979565e+001 +2.8222e+000 +2.7545e+000 -1.2844e+000 -8.6897e-001 +9.8927e-001
1018 0 +4.153029939e-001 +2.178530299e+001 +2.178530299e+001 +2.6627e+000 +1.3751e+000 -2.0306e+000 -2.0410e-001 +1.6628e+000
1168 0 +3.142649131e-001 +2.168426491e+001 +2.168426491e+001 +2.5871e+000 +8.9786e-001 -1.3049e+000 -2.0410e-001 +1.6628e+000
1517 0 +2.585767413e-001 +2.162857674e+001 +2.162857674e+001 +2.4150e+000 +2.3537e+000 -1.0054e+000 -1.4672e+000 +1.0927e+000
1530 0 +2.067750282e-001 +2.157677503e+001 +2.157677503e+001 +2.8222e+000 +2.3464e+000 -1.4811e+000 -7.1672e-001 +1.4622e+000
1552 0 +1.339875032e-002 +2.138339875e+001 +2.138339875e+001 +2.6466e+000 +2.1750e+000 -1.4611e+000 -6.7720e-001 +1.6446e+000
2257 0 +6.686275185e-003 +2.137668628e+001 +2.137668628e+001 +2.7606e+000 +2.9652e+000 -1.5404e+000 -9.5895e-001 +1.2077e+000
2280 0 +9.479575005e-004 +2.137094796e+001 +2.137094796e+001 +2.7073e+000 +2.3311e+000 -1.4833e+000 -6.0313e-001 +1.5227e+000
2464 0 +8.322190008e-004 +2.137083222e+001 +2.137083222e+001 +2.6896e+000 +3.0458e+000 -1.2666e+000 -1.2262e+000 +1.2683e+000
2536 0 +8.109610615e-004 +2.137081096e+001 +2.137081096e+001 +2.6805e+000 +2.6391e+000 -1.4253e+000 -9.8717e-001 +1.3497e+000
2603 0 +1.523776600e-004 +2.137015238e+001 +2.137015238e+001 +2.6793e+000 +2.5001e+000 -1.4867e+000 -8.2798e-001 +1.3656e+000
2667 0 +1.464893773e-004 +2.137014649e+001 +2.137014649e+001 +2.7051e+000 +2.6242e+000 -1.6049e+000 -7.7015e-001 +1.4260e+000
2758 0 +1.066945525e-004 +2.137010669e+001 +2.137010669e+001 +2.6861e+000 +2.7345e+000 -1.4034e+000 -9.4154e-001 +1.4074e+000
2770 0 +2.500606167e-005 +2.137002501e+001 +2.137002501e+001 +2.6933e+000 +2.6703e+000 -1.4733e+000 -9.0181e-001 +1.3321e+000
2853 0 +2.211612245e-005 +2.137002212e+001 +2.137002212e+001 +2.6665e+000 +2.6466e+000 -1.2354e+000 -1.0376e+000 +1.3609e+000
2886 0 +6.547328049e-006 +2.137000655e+001 +2.137000655e+001 +2.7052e+000 +2.6725e+000 -1.4180e+000 -8.9331e-001 +1.4015e+000
2978 0 +6.358441929e-006 +2.137000636e+001 +2.137000636e+001 +2.6781e+000 +2.7067e+000 -1.2634e+000 -1.0300e+000 +1.3458e+000
3062 0 +3.525163422e-006 +2.137000353e+001 +2.137000353e+001 +2.6801e+000 +2.6043e+000 -1.3113e+000 -9.7535e-001 +1.3485e+000
3066 0 +1.009496014e-006 +2.137000101e+001 +2.137000101e+001 +2.6626e+000 +2.7185e+000 -1.2398e+000 -1.1028e+000 +1.2822e+000
3148 0 +5.002379666e-008 +2.137000005e+001 +2.137000005e+001 +2.6788e+000 +2.7057e+000 -1.3066e+000 -1.0328e+000 +1.3172e+000
3190 0 +1.522928628e-008 +2.137000002e+001 +2.137000002e+001 +2.6829e+000 +2.7078e+000 -1.3345e+000 -1.0083e+000 +1.3216e+000
3192 0 +1.241195946e-008 +2.137000001e+001 +2.137000001e+001 +2.6827e+000 +2.7061e+000 -1.3349e+000 -1.0071e+000 +1.3216e+000
3543 0 +3.189960296e-009 +2.137000000e+001 +2.137000000e+001 +2.6813e+000 +2.6791e+000 -1.3284e+000 -9.9365e-001 +1.3397e+000
% f evaluations | g evaluations | best noise-free fitness - Fopt (1.673000000000e+001) + sum g_i+ | measured fitness | best measured fitness or single-digit g-values | x1 | x2...
1 0 +7.999518217e+001 +9.672518217e+001 +9.672518217e+001 +2.3596e+000 -2.6997e+000 +4.4132e+000 -2.9165e+000 +2.1947e+000
4 0 +6.472937656e+001 +8.145937656e+001 +8.145937656e+001 -2.2040e+000 -4.2365e+000 +2.2877e+000 +4.4889e+000 +5.8068e-001
5 0 +4.583313525e+001 +6.256313525e+001 +6.256313525e+001 +3.5010e+000 +3.3199e+000 -4.6040e+000 +2.0305e+000 -3.3847e+000
19 0 +2.082038673e+001 +3.755038673e+001 +3.755038673e+001 -4.7112e+000 +2.3739e+000 +4.8717e+000 +4.6216e+000 -2.8216e+000
42 0 +1.763358474e+001 +3.436358474e+001 +3.436358474e+001 +9.5879e-001 +1.1285e+000 +3.0910e+000 +4.1630e+000 +4.0018e+000
255 0 +1.233199758e+001 +2.906199758e+001 +2.906199758e+001 +1.2601e+000 +2.1886e+000 -2.6669e+000 +8.5912e-001 -3.4311e+000
305 0 +9.685709779e+000 +2.641570978e+001 +2.641570978e+001 +4.6362e-001 +3.1006e+000 -2.6669e+000 -1.2051e-001 -3.4311e+000
326 0 +7.605052657e+000 +2.433505266e+001 +2.433505266e+001 -1.3807e+000 +6.4781e-001 +1.7758e+000 +3.0355e+000 +2.4366e+000
379 0 +7.221183685e+000 +2.395118369e+001 +2.395118369e+001 +1.4361e+000 +1.6650e+000 -1.4465e+000 -2.7138e-001 -2.2081e+000
387 0 +2.376113176e+000 +1.910611318e+001 +1.910611318e+001 -1.7881e-001 +1.7858e+000 +2.4340e+000 +2.6275e+000 +4.3296e+000
801 0 +2.018561433e+000 +1.874856143e+001 +1.874856143e+001 -3.9231e-001 +2.3652e+000 -2.1179e+000 -1.6570e+000 -1.9181e+000
1072 0 +1.911000570e+000 +1.864100057e+001 +1.864100057e+001 -1.0878e-001 +1.7945e+000 -2.0701e+000 -1.8198e-001 -3.0354e+000
1280 0 +1.756765477e+000 +1.848676548e+001 +1.848676548e+001 +7.3100e-001 +2.2794e+000 -1.9874e+000 -8.2964e-001 -2.5279e+000
1342 0 +1.264793995e+000 +1.799479400e+001 +1.799479400e+001 +4.4312e-002 +2.4461e+000 -1.9714e+000 -1.2897e+000 -2.4117e+000
1492 0 +1.137210454e+000 +1.786721045e+001 +1.786721045e+001 +5.4188e-002 +2.3480e+000 -1.9714e+000 -1.2897e+000 -2.4117e+000
1529 0 +9.899219914e-001 +1.771992199e+001 +1.771992199e+001 -1.9430e-002 +2.3672e+000 -2.2264e+000 -1.1228e+000 -2.5243e+000
1797 0 +7.863422952e-001 +1.751634230e+001 +1.751634230e+001 +1.9481e-002 +2.1454e+000 -2.0961e+000 -8.3005e-001 -2.7311e+000
2149 0 +7.028752751e-001 +1.743287528e+001 +1.743287528e+001 +3.0469e-002 +2.1676e+000 -2.0040e+000 -8.9237e-001 -2.5658e+000
4528 0 +1.833604834e-001 +1.691336048e+001 +1.691336048e+001 -2.0138e+000 -1.8986e+000 -1.8179e+000 +2.0375e+000 -3.3013e+000
4698 0 +8.141815353e-002 +1.681141815e+001 +1.681141815e+001 -1.7338e+000 -1.7555e+000 -1.5614e+000 +2.0666e+000 -3.4378e+000
5022 0 +5.092004515e-002 +1.678092005e+001 +1.678092005e+001 -1.2783e+000 -1.3465e+000 -2.0492e+000 +2.1645e+000 -3.9596e+000
5038 0 +1.419105023e-002 +1.674419105e+001 +1.674419105e+001 -1.5231e+000 -8.4906e-001 -1.1481e+000 +2.2094e+000 -4.6311e+000
5370 0 +7.231025966e-003 +1.673723103e+001 +1.673723103e+001 -8.8281e-001 -1.8997e+000 -1.8500e+000 +2.5604e+000 -3.8210e+000
5372 0 +4.191044834e-003 +1.673419104e+001 +1.673419104e+001 -1.4989e+000 -1.4129e+000 -1.8185e+000 +2.0657e+000 -3.8379e+000
5568 0 +3.691729258e-003 +1.673369173e+001 +1.673369173e+001 -1.3543e+000 -1.8989e+000 -2.0193e+000 +2.3363e+000 -3.5402e+000
5575 0 +1.534007898e-003 +1.673153401e+001 +1.673153401e+001 -1.0916e+000 -1.6865e+000 -1.7625e+000 +2.4241e+000 -3.9140e+000
5683 0 +2.420512444e-004 +1.673024205e+001 +1.673024205e+001 -1.4117e+000 -1.5477e+000 -1.5543e+000 +2.2776e+000 -3.8994e+000
5686 0 +2.020128065e-004 +1.673020201e+001 +1.673020201e+001 -1.4100e+000 -1.5334e+000 -1.5463e+000 +2.2786e+000 -3.9198e+000
5877 0 +7.428082624e-005 +1.673007428e+001 +1.673007428e+001 -1.1336e+000 -1.8858e+000 -1.7452e+000 +2.4878e+000 -3.7369e+000
5931 0 +8.793399395e-007 +1.673000088e+001 +1.673000088e+001 -1.2109e+000 -1.8106e+000 -1.7703e+000 +2.4091e+000 -3.7283e+000
6022 0 +3.496478449e-007 +1.673000035e+001 +1.673000035e+001 -1.2772e+000 -1.7604e+000 -1.7559e+000 +2.3623e+000 -3.7334e+000
6176 0 +1.237652576e-007 +1.673000012e+001 +1.673000012e+001 -1.2205e+000 -1.7779e+000 -1.7679e+000 +2.3933e+000 -3.7412e+000
6410 0 +6.701771227e-008 +1.673000007e+001 +1.673000007e+001 -1.2465e+000 -1.7748e+000 -1.7701e+000 +2.3815e+000 -3.7310e+000
6581 0 +4.278419041e-008 +1.673000004e+001 +1.673000004e+001 -1.2631e+000 -1.7087e+000 -1.7036e+000 +2.3742e+000 -3.8092e+000
6661 0 +1.474746369e-008 +1.673000001e+001 +1.673000001e+001 -1.2623e+000 -1.7184e+000 -1.7165e+000 +2.3688e+000 -3.7917e+000
6770 0 +1.141684791e-008 +1.673000001e+001 +1.673000001e+001 -1.2603e+000 -1.7464e+000 -1.7395e+000 +2.3750e+000 -3.7653e+000
6788 0 +1.029284036e-008 +1.673000001e+001 +1.673000001e+001 -1.2602e+000 -1.7410e+000 -1.7322e+000 +2.3766e+000 -3.7726e+000
6959 0 +6.395595165e-011 +1.673000000e+001 +1.673000000e+001 -1.2540e+000 -1.7400e+000 -1.7376e+000 +2.3759e+000 -3.7719e+000
% f evaluations | g evaluations | best noise-free fitness - Fopt (1.000000000000e+003) + sum g_i+ | measured fitness | best measured fitness or single-digit g-values | x1 | x2...
1 0 +8.042654685e+001 +1.080426547e+003 +1.080426547e+003 +4.1024e+000 +1.2010e-001 -7.1302e-001 -3.2458e+000 +2.6156e+000
2 0 +7.886999013e+001 +1.078869990e+003 +1.078869990e+003 +1.7000e+000 +3.7384e+000 +2.4435e+000 +3.3596e+000 +4.1361e+000
3 0 +7.502339114e+001 +1.075023391e+003 +1.075023391e+003 -3.4041e+000 +2.3908e+000 -2.5676e+000 -3.1145e-001 +3.1620e+000
6 0 +3.456782219e+001 +1.034567822e+003 +1.034567822e+003 +2.5032e+000 +3.8725e+000 -1.4950e+000 +5.7509e-001 +1.9409e+000
35 0 +2.640024289e+001 +1.026400243e+003 +1.026400243e+003 -7.1086e-001 +1.1466e+000 +1.1141e+000 +2.7494e+000 +3.4942e+000
121 0 +2.212849738e+001 +1.022128497e+003 +1.022128497e+003 +2.0176e+000 +7.6135e-001 +1.3547e+000 -1.3579e+000 -2.2896e+000
135 0 +1.644800839e+001 +1.016448008e+003 +1.016448008e+003 -4.9795e-001 +8.1677e-001 +1.0480e+000 +2.8522e+000 +3.4187e+000
182 0 +1.010489577e+001 +1.010104896e+003 +1.010104896e+003 +2.2831e+000 -2.1717e+000 -1.6431e+000 +2.4302e+000 +2.4490e+000
229 0 +7.568430442e+000 +1.007568430e+003 +1.007568430e+003 -8.2467e-001 +3.7221e+000 -1.3799e+000 +1.2562e+000 +3.1269e+000
581 0 +7.149391965e+000 +1.007149392e+003 +1.007149392e+003 +2.6776e+000 -3.0838e+000 +1.9751e-001 +1.9092e+000 +1.6090e+000
596 0 +6.642446798e+000 +1.006642447e+003 +1.006642447e+003 +1.3718e+000 -2.6625e+000 -1.6327e+000 +1.8091e+000 +1.8256e+000
935 0 +6.437747507e+000 +1.006437748e+003 +1.006437748e+003 -2.2625e-001 +1.9657e+000 +8.8617e-001 +2.3760e+000 +3.0828e+000
1060 0 +5.691739794e+000 +1.005691740e+003 +1.005691740e+003 -6.8002e-001 +3.9814e+000 -2.6354e+000 +8.6889e-001 +3.6686e+000
1331 0 +5.099841618e+000 +1.005099842e+003 +1.005099842e+003 +2.4821e+000 -2.8114e+000 -1.0124e+000 +1.9944e+000 +1.8078e+000
1426 0 +3.043946815e+000 +1.003043947e+003 +1.003043947e+003 -1.3599e-001 +3.7903e+000 -1.3724e+000 +2.0903e-001 +3.1759e+000
1557 0 +2.482014780e+000 +1.002482015e+003 +1.002482015e+003 -1.8206e-001 +3.3975e+000 -6.3679e-001 +1.0634e+000 +3.1856e+000
1749 0 +2.439287291e+000 +1.002439287e+003 +1.002439287e+003 +1.8980e+000 +3.8576e+000 -3.0447e+000 +2.8660e+000 +2.4540e+000
1835 0 +2.279865447e+000 +1.002279865e+003 +1.002279865e+003 -3.9078e-001 +3.2678e+000 -7.9190e-001 +1.8595e+000 +3.7642e+000
2292 0 +2.183600626e+000 +1.002183601e+003 +1.002183601e+003 +1.0717e-001 +3.0721e+000 -4.5808e-001 +9.5904e-001 +3.2032e+000
2359 0 +2.100640350e+000 +1.002100640e+003 +1.002100640e+003 +7.4795e-001 +2.7489e+000 +7.2862e-001 +6.9644e-001 +2.9566e+000
2701 0 +2.025300917e+000 +1.002025301e+003 +1.002025301e+003 +4.8986e-001 +2.9851e+000 +5.5806e-001 +7.0994e-001 +3.0881e+000
2891 0 +1.928798738e+000 +1.001928799e+003 +1.001928799e+003 +2.4781e+000 +3.7065e+000 -3.6626e+000 +2.6900e+000 +3.3350e+000
2966 0 +1.650226292e+000 +1.001650226e+003 +1.001650226e+003 +2.2986e+000 +4.5179e+000 -3.3995e+000 +2.3332e+000 +3.0836e+000
3034 0 +1.529401175e+000 +1.001529401e+003 +1.001529401e+003 +2.5748e+000 +4.3962e+000 -3.8176e+000 +1.9282e+000 +2.8925e+000
3120 0 +1.025266528e+000 +1.001025267e+003 +1.001025267e+003 +2.5395e+000 +4.1753e+000 -3.4992e+000 +2.1295e+000 +3.3266e+000
3498 0 +1.016872276e+000 +1.001016872e+003 +1.001016872e+003 +2.5231e+000 +4.1671e+000 -3.3333e+000 +2.0446e+000 +2.7600e+000
3716 0 +9.949746065e-001 +1.000994975e+003 +1.000994975e+003 +2.6528e+000 +3.8188e+000 -3.4837e+000 +2.0333e+000 +3.1617e+000
3834 0 +9.451778055e-001 +1.000945178e+003 +1.000945178e+003 +2.3672e+000 +3.9925e+000 -3.3383e+000 +2.0469e+000 +3.0576e+000
4030 0 +8.637626697e-001 +1.000863763e+003 +1.000863763e+003 +2.5420e+000 +4.2478e+000 -3.5065e+000 +2.1287e+000 +2.9715e+000
4140 0 +8.356634328e-001 +1.000835663e+003 +1.000835663e+003 +2.3737e+000 +4.2889e+000 -3.5508e+000 +1.8905e+000 +2.9520e+000
4148 0 +8.205822181e-001 +1.000820582e+003 +1.000820582e+003 +2.6540e+000 +3.9762e+000 -3.5268e+000 +2.0446e+000 +3.1849e+000
4170 0 +7.337526812e-001 +1.000733753e+003 +1.000733753e+003 +2.5698e+000 +4.1705e+000 -3.5341e+000 +1.9667e+000 +2.9956e+000
4218 0 +7.081064820e-001 +1.000708106e+003 +1.000708106e+003 +2.5403e+000 +4.1610e+000 -3.5310e+000 +1.9926e+000 +3.0628e+000
4262 0 +6.999380258e-001 +1.000699938e+003 +1.000699938e+003 +2.5019e+000 +4.1424e+000 -3.4634e+000 +1.9935e+000 +3.0611e+000
13662 0 +1.509682950e-001 +1.000150968e+003 +1.000150968e+003 -2.7001e+000 -3.9399e+000 +2.5088e+000 +1.0410e+000 +3.3200e+000
13801 0 +1.356445751e-001 +1.000135645e+003 +1.000135645e+003 -3.4145e+000 -3.9296e+000 +2.6502e+000 +7.6786e-001 +3.5726e+000
14325 0 +1.043970783e-001 +1.000104397e+003 +1.000104397e+003 -3.5715e+000 -3.6406e+000 +2.3675e+000 +8.9161e-001 +3.8498e+000
14424 0 +8.352016625e-002 +1.000083520e+003 +1.000083520e+003 -2.6391e+000 -3.9843e+000 +2.9582e+000 +9.5240e-001 +3.1701e+000
14428 0 +5.175658344e-002 +1.000051757e+003 +1.000051757e+003 -2.6765e+000 -3.8315e+000 +2.3514e+000 +1.1508e+000 +3.0866e+000
14489 0 +3.660886960e-002 +1.000036609e+003 +1.000036609e+003 -2.9577e+000 -3.5851e+000 +2.1298e+000 +1.2025e+000 +3.2797e+000
14549 0 +3.349267932e-002 +1.000033493e+003 +1.000033493e+003 -2.6434e+000 -3.6066e+000 +2.6351e+000 +1.2279e+000 +3.3372e+000
14571 0 +1.774588168e-002 +1.000017746e+003 +1.000017746e+003 -2.7888e+000 -3.6600e+000 +2.2835e+000 +1.2687e+000 +3.0845e+000
14741 0 +5.655865255e-005 +1.000000057e+003 +1.000000057e+003 -1.9621e+000 -3.4387e+000 +1.7254e+000 +1.9572e+000 +2.5576e+000
15002 0 +2.209858508e-005 +1.000000022e+003 +1.000000022e+003 -1.5896e+000 -3.3816e+000 +1.5876e+000 +2.2113e+000 +2.2850e+000
15012 0 +1.485400617e-006 +1.000000001e+003 +1.000000001e+003 -1.6683e+000 -3.3885e+000 +1.6459e+000 +2.1546e+000 +2.3579e+000
15315 0 +1.294079652e-006 +1.000000001e+003 +1.000000001e+003 -1.7084e+000 -3.4216e+000 +1.7233e+000 +2.1005e+000 +2.4050e+000
15340 0 +6.156740255e-007 +1.000000001e+003 +1.000000001e+003 -1.6234e+000 -3.4034e+000 +1.6825e+000 +2.1711e+000 +2.3258e+000
15543 0 +1.794189757e-007 +1.000000000e+003 +1.000000000e+003 -1.7178e+000 -3.4050e+000 +1.6771e+000 +2.1166e+000 +2.3906e+000
15563 0 +1.660322368e-007 +1.000000000e+003 +1.000000000e+003 -1.6902e+000 -3.4159e+000 +1.7302e+000 +2.1130e+000 +2.3768e+000
15651 0 +1.110379344e-008 +1.000000000e+003 +1.000000000e+003 -1.7034e+000 -3.4023e+000 +1.6861e+000 +2.1257e+000 +2.3804e+000
15727 0 +3.803961590e-010 +1.000000000e+003 +1.000000000e+003 -1.6704e+000 -3.3987e+000 +1.6894e+000 +2.1431e+000 +2.3628e+000
% f evaluations | g evaluations | best noise-free fitness - Fopt (-1.079600000000e+002) + sum g_i+ | measured fitness | best measured fitness or single-digit g-values | x1 | x2...
1 0 +7.806620155e+001 -2.989379845e+001 -2.989379845e+001 -3.8054e+000 +3.1773e+000 -4.5679e+000 -2.0590e+000 -4.9133e-001
2 0 +7.655568214e+001 -3.140431786e+001 -3.140431786e+001 -1.2395e+000 -3.6312e+000 -6.8135e-001 -1.7419e+000 +4.7483e+000
3 0 +7.476451872e+001 -3.319548128e+001 -3.319548128e+001 +4.8059e+000 -2.2203e+000 +6.2531e-001 -2.3653e+000 -1.3356e+000
4 0 +6.809200411e+001 -3.986799589e+001 -3.986799589e+001 -1.3246e+000 -3.9233e+000 -4.6540e+000 +2.4847e+000 -7.4774e-001
6 0 +6.431604910e+001 -4.364395090e+001 -4.364395090e+001 +1.5827e+000 -4.5725e-001 -6.2673e-001 +4.0603e+000 -4.3841e+000
19 0 +9.882753568e+000 -9.807724643e+001 -9.807724643e+001 +1.0587e+000 +6.6520e-001 +3.3445e+000 +3.1831e+000 +1.4080e+000
71 0 +7.880685154e+000 -1.000793148e+002 -1.000793148e+002 +4.6679e-001 -4.7120e+000 +3.2170e+000 +3.7056e+000 -9.7766e-001
110 0 +7.328625479e+000 -1.006313745e+002 -1.006313745e+002 -3.8328e-001 -1.7807e+000 +3.5246e+000 -4.0504e+000 +9.4242e-001
314 0 +4.022016189e+000 -1.039379838e+002 -1.039379838e+002 -7.3420e-001 -2.7302e+000 +3.8393e+000 -3.6360e+000 +1.1083e+000
588 0 +3.449237460e+000 -1.045107625e+002 -1.045107625e+002 -7.0998e-001 -2.2621e+000 +3.4582e+000 -3.5931e+000 +1.3069e+000
640 0 +2.766953261e+000 -1.051930467e+002 -1.051930467e+002 -1.3571e+000 -2.6695e+000 +3.5479e+000 -4.7042e+000 +1.5716e+000
699 0 +2.122736500e+000 -1.058372635e+002 -1.058372635e+002 -7.4963e-001 -2.2910e+000 +3.4804e+000 -4.0117e+000 +1.9091e+000
836 0 +2.021029242e+000 -1.059389708e+002 -1.059389708e+002 -7.3048e-001 -2.4947e+000 +3.4954e+000 -4.0774e+000 +1.7428e+000
1056 0 +1.988453698e+000 -1.059715463e+002 -1.059715463e+002 -6.5603e-001 -2.7965e+000 +3.3944e+000 -4.6252e+000 +2.1300e+000
4110 0 +1.806694468e+000 -1.061533055e+002 -1.061533055e+002 -2.5849e+000 +1.9598e+000 -2.3648e+000 +2.7029e+000 -4.4690e+000
4308 0 +8.495082707e-001 -1.071104917e+002 -1.071104917e+002 +6.7104e-001 +4.4186e-001 -2.2975e+000 +1.9188e+000 -2.7612e+000
4429 0 +2.230459232e-001 -1.077369541e+002 -1.077369541e+002 -4.4573e-001 +9.6649e-001 -2.8890e+000 +2.4265e+000 -3.1610e+000
4517 0 +1.951754702e-001 -1.077648245e+002 -1.077648245e+002 -1.2290e+000 +1.1868e+000 -2.4209e+000 +2.1782e+000 -3.3767e+000
4626 0 +1.737356613e-001 -1.077862643e+002 -1.077862643e+002 -1.9914e+000 +1.5922e+000 -3.2448e-001 +6.9207e-001 -4.0953e+000
4655 0 +3.612141746e-002 -1.079238786e+002 -1.079238786e+002 -1.4858e+000 +1.3879e+000 -4.7645e-001 +1.0649e+000 -4.1727e+000
4858 0 +1.424484801e-002 -1.079457552e+002 -1.079457552e+002 -1.3573e+000 +1.2455e+000 -1.4478e+000 +1.7273e+000 -3.9165e+000
4945 0 +3.527173723e-003 -1.079564728e+002 -1.079564728e+002 -1.1336e+000 +1.1567e+000 -1.0016e+000 +1.0931e+000 -3.6706e+000
5119 0 +1.580634510e-003 -1.079584194e+002 -1.079584194e+002 -9.3830e-001 +1.1137e+000 -5.6262e-001 +8.7723e-001 -3.7443e+000
5206 0 +2.125445764e-004 -1.079597875e+002 -1.079597875e+002 -1.2425e+000 +1.2775e+000 -8.1951e-001 +1.2248e+000 -3.8902e+000
5224 0 +1.190112806e-005 -1.079599881e+002 -1.079599881e+002 -1.1492e+000 +1.1931e+000 -9.0356e-001 +1.2131e+000 -3.8014e+000
5351 0 +4.215807223e-007 -1.079599996e+002 -1.079599996e+002 -1.0787e+000 +1.1828e+000 -5.9164e-001 +1.0318e+000 -3.8478e+000
5559 0 +1.406885559e-007 -1.079599999e+002 -1.079599999e+002 -1.0630e+000 +1.1713e+000 -7.0003e-001 +1.0996e+000 -3.8260e+000
5720 0 +3.691899053e-008 -1.079600000e+002 -1.079600000e+002 -1.0552e+000 +1.1786e+000 -7.0522e-001 +1.1104e+000 -3.8226e+000
5875 0 +6.324782476e-009 -1.079600000e+002 -1.079600000e+002 -1.0503e+000 +1.1743e+000 -6.7275e-001 +1.0928e+000 -3.8289e+000
% f evaluations | g evaluations | best noise-free fitness - Fopt (-3.025900000000e+002) + sum g_i+ | measured fitness | best measured fitness or single-digit g-values | x1 | x2...
1 0 +8.561496389e+001 -2.169750361e+002 -2.169750361e+002 -4.7224e+000 -4.3647e+000 -1.5352e+000 +4.7901e+000 -2.2867e+000
3 0 +6.817675599e+001 -2.344132440e+002 -2.344132440e+002 +2.7329e+000 -2.4923e+000 +8.2536e-001 +3.3464e+000 -1.3497e+000
16 0 +6.353372069e+001 -2.390562793e+002 -2.390562793e+002 -1.4133e+000 +3.0290e+000 -2.1918e+000 -4.9421e+000 -3.9308e-002
17 0 +6.251680452e+001 -2.400731955e+002 -2.400731955e+002 +2.5167e+000 -4.2413e-001 -4.1573e+000 -5.7290e-001 -3.1692e+000
22 0 +8.543237260e+000 -2.940467627e+002 -2.940467627e+002 +1.2334e+000 -1.5153e+000 -1.6687e+000 -1.1743e+000 -6.6728e-001
23 0 +7.187846293e+000 -2.954021537e+002 -2.954021537e+002 +1.4148e+000 -7.6895e-001 -1.2709e+000 -1.0971e+000 -4.8981e-001
367 0 +7.000621916e+000 -2.955893781e+002 -2.955893781e+002 +2.5819e+000 -1.4092e+000 -3.9286e+000 -3.2761e+000 -2.0443e+000
387 0 +2.340371551e+000 -3.002496284e+002 -3.002496284e+002 +8.3570e-001 +3.5395e-001 -1.6576e+000 +5.3457e-002 -3.0780e-001
448 0 +2.249555609e+000 -3.003404444e+002 -3.003404444e+002 +1.4106e+000 -1.1587e+000 -3.5505e+000 +4.9050e-003 -5.1360e-001
453 0 +2.171592200e+000 -3.004184078e+002 -3.004184078e+002 +9.2438e-001 +1.5611e-001 -1.8046e+000 -1.4009e-002 -2.7719e-001
478 0 +1.482435073e+000 -3.011075649e+002 -3.011075649e+002 -8.3735e-001 +8.9902e-001 +9.2218e-001 +3.7763e-002 -2.7789e-001
503 0 +4.352017670e-001 -3.021547982e+002 -3.021547982e+002 +6.3369e-001 +4.5269e-001 -1.8046e+000 -1.4009e-002 -3.5025e-001
637 0 +3.239931423e-001 -3.022660069e+002 -3.022660069e+002 +9.4638e-001 +8.4439e-002 -1.5354e+000 +1.2271e-001 -7.7134e-001
674 0 +9.776520618e-004 -3.025890223e+002 -3.025890223e+002 +3.6516e-001 -2.4888e-002 -1.6340e+000 -2.2673e-001 -2.4409e-001
1089 0 +3.496372350e-004 -3.025896504e+002 -3.025896504e+002 +4.0681e-001 +6.2211e-002 -1.5408e+000 -1.4537e-001 -2.8259e-001
1193 0 +2.951598057e-004 -3.025897048e+002 -3.025897048e+002 +5.6098e-001 -6.0104e-002 -1.7304e+000 -1.3046e-001 -3.3452e-001
1318 0 +8.468327917e-005 -3.025899153e+002 -3.025899153e+002 +4.5921e-001 +5.7251e-002 -1.8207e+000 -1.4503e-001 -2.3130e-001
1329 0 +4.174848982e-007 -3.025899996e+002 -3.025899996e+002 +4.2730e-001 +3.7185e-002 -1.6394e+000 -1.2029e-001 -3.1142e-001
1361 0 +6.656955520e-008 -3.025899999e+002 -3.025899999e+002 +4.1477e-001 +2.5156e-002 -1.5342e+000 -1.3951e-001 -3.3493e-001
1456 0 +3.506909252e-008 -3.025900000e+002 -3.025900000e+002 +3.7787e-001 +6.0289e-002 -1.5345e+000 -1.3278e-001 -3.1394e-001
1548 0 +3.243769697e-009 -3.025900000e+002 -3.025900000e+002 +4.0771e-001 +4.3790e-002 -1.5762e+000 -1.3193e-001 -3.1480e-001
% f evaluations | g evaluations | best noise-free fitness - Fopt (-3.065500000000e+002) + sum g_i+ | measured fitness | best measured fitness or single-digit g-values | x1 | x2...
1 0 +8.225242068e+001 -2.242975793e+002 -2.242975793e+002 +3.5930e+000 -3.5332e-003 -7.8440e-001 +4.5300e+000 +1.6786e+000
2 0 +5.901541326e+001 -2.475345867e+002 -2.475345867e+002 +2.2836e+000 +4.3996e-002 -2.4379e+000 +5.6787e-001 -8.5441e-001
11 0 +3.323194521e+001 -2.733180548e+002 -2.733180548e+002 -2.1367e+000 -1.6318e+000 +1.2465e+000 +6.6637e-001 +6.3461e-001
38 0 +2.203753385e+001 -2.845124661e+002 -2.845124661e+002 -2.4443e+000 -1.4015e+000 -3.4051e+000 +9.4365e-001 +3.7283e+000
53 0 +2.133161617e+001 -2.852183838e+002 -2.852183838e+002 +1.4114e+000 -1.8575e+000 +8.2463e-001 -2.1316e+000 +4.0110e+000
122 0 +1.195615127e+001 -2.945938487e+002 -2.945938487e+002 -1.2435e-001 -2.6881e+000 +1.3741e+000 -3.2157e+000 +3.3161e+000
244 0 +7.298656646e+000 -2.992513434e+002 -2.992513434e+002 -2.4817e-001 -7.0223e-001 +2.8740e+000 -5.5922e-001 +1.0741e+000
798 0 +6.700451499e+000 -2.998495485e+002 -2.998495485e+002 -1.7742e+000 +5.8667e-001 +3.1091e+000 -1.5255e+000 +1.0208e+000
846 0 +6.255065541e+000 -3.002949345e+002 -3.002949345e+002 -3.1241e+000 +6.6786e-001 +2.8919e+000 -1.7174e+000 +1.3066e+000
965 0 +4.948944845e+000 -3.016010552e+002 -3.016010552e+002 -2.0993e+000 -1.6858e-001 +3.6711e+000 -7.7705e-001 +1.2853e+000
1006 0 +4.497177587e+000 -3.020528224e+002 -3.020528224e+002 -1.3510e+000 -1.9871e-001 +3.3597e+000 -8.7163e-001 +9.7656e-001
1052 0 +4.410918200e+000 -3.021390818e+002 -3.021390818e+002 -1.9877e+000 +3.3688e-001 +3.1874e+000 -1.0128e+000 +1.2472e+000
1092 0 +3.629039327e+000 -3.029209607e+002 -3.029209607e+002 -1.1790e+000 -6.8405e-001 +3.3668e+000 -2.5609e-001 +1.1382e+000
1365 0 +3.372296939e+000 -3.031777031e+002 -3.031777031e+002 -1.5117e+000 -5.0357e-001 +3.5298e+000 -3.4280e-001 +1.2351e+000
1376 0 +3.146516684e+000 -3.034034833e+002 -3.034034833e+002 -2.0247e+000 -3.3864e-001 +3.5469e+000 -3.7155e-001 +1.2816e+000
1406 0 +2.800606363e+000 -3.037493936e+002 -3.037493936e+002 -2.1084e+000 +1.3978e-001 +2.9706e+000 -1.0704e+000 +1.2143e+000
1466 0 +2.622027779e+000 -3.039279722e+002 -3.039279722e+002 -2.0558e+000 -3.9050e-001 +3.2673e+000 -3.5797e-001 +1.0588e+000
6492 0 +2.204230698e+000 -3.043457693e+002 -3.043457693e+002 +4.1742e+000 +2.1884e+000 -3.2657e+000 +1.5207e+000 -2.9514e+000
6581 0 +2.105257534e+000 -3.044447425e+002 -3.044447425e+002 +4.3842e+000 +1.2061e+000 -3.6426e+000 +1.5500e+000 -2.7870e+000
6627 0 +1.552570890e+000 -3.049974291e+002 -3.049974291e+002 +3.9533e+000 +1.4988e+000 -2.9432e+000 +1.5959e+000 -3.2475e+000
6786 0 +8.132223780e-001 -3.057367776e+002 -3.057367776e+002 +4.1466e+000 +1.5220e+000 -3.2581e+000 +1.6912e+000 -3.2683e+000
6792 0 +7.075914046e-001 -3.058424086e+002 -3.058424086e+002 +4.2501e+000 +1.6271e+000 -3.3159e+000 +1.6959e+000 -3.5091e+000
24611 0 +4.533759446e-001 -3.060966241e+002 -3.060966241e+002 -2.7666e+000 -1.7444e+000 +3.1436e+000 +1.9504e+000 -2.6164e+000
24615 0 +4.151086150e-001 -3.061348914e+002 -3.061348914e+002 -3.1240e+000 -2.6271e+000 +3.5500e+000 +1.2773e+000 -2.0588e+000
24683 0 +3.429616742e-001 -3.062070383e+002 -3.062070383e+002 -2.5575e+000 -6.3619e-001 +3.4043e+000 +2.3383e+000 -2.7019e+000
24735 0 +1.851972932e-001 -3.063648027e+002 -3.063648027e+002 -3.8658e+000 -2.0985e+000 +3.4030e+000 +1.5911e+000 -2.3196e+000
24837 0 +1.191656544e-001 -3.064308343e+002 -3.064308343e+002 -2.2117e+000 -1.5919e+000 +3.3615e+000 +1.7249e+000 -2.4355e+000
24867 0 +5.921166120e-002 -3.064907883e+002 -3.064907883e+002 -3.0819e+000 -3.0715e+000 +3.4924e+000 +1.0197e+000 -2.0975e+000
24892 0 +3.772185450e-003 -3.065462278e+002 -3.065462278e+002 -3.1393e+000 -3.6728e+000 +3.7119e+000 +3.5516e-001 -1.7622e+000
25014 0 +1.973873990e-003 -3.065480261e+002 -3.065480261e+002 -2.8653e+000 -3.2666e+000 +3.6353e+000 +5.5862e-001 -1.9141e+000
25038 0 +1.258342099e-003 -3.065487417e+002 -3.065487417e+002 -3.1123e+000 -3.3121e+000 +3.6209e+000 +6.4295e-001 -1.9483e+000
25054 0 +1.081042666e-005 -3.065499892e+002 -3.065499892e+002 -3.3296e+000 -3.6735e+000 +3.6792e+000 +3.6283e-001 -1.8118e+000
25293 0 +5.536863512e-006 -3.065499945e+002 -3.065499945e+002 -3.4200e+000 -3.8655e+000 +3.7278e+000 +2.2041e-001 -1.7400e+000
25324 0 +2.082177275e-007 -3.065499998e+002 -3.065499998e+002 -3.3384e+000 -3.6641e+000 +3.7214e+000 +3.4445e-001 -1.7938e+000
25648 0 +1.405297780e-007 -3.065499999e+002 -3.065499999e+002 -3.3720e+000 -3.7163e+000 +3.7010e+000 +3.2115e-001 -1.7854e+000
25836 0 +1.295767902e-007 -3.065499999e+002 -3.065499999e+002 -3.3820e+000 -3.6746e+000 +3.6998e+000 +3.5187e-001 -1.7975e+000
25838 0 +3.103275503e-008 -3.065500000e+002 -3.065500000e+002 -3.3853e+000 -3.6897e+000 +3.7066e+000 +3.4326e-001 -1.7925e+000
25891 0 +1.150669959e-008 -3.065500000e+002 -3.065500000e+002 -3.3737e+000 -3.7146e+000 +3.7127e+000 +3.2120e-001 -1.7820e+000
25899 0 +8.582105693e-009 -3.065500000e+002 -3.065500000e+002 -3.3738e+000 -3.7100e+000 +3.7132e+000 +3.2496e-001 -1.7836e+000
