% f evaluations | g evaluations | best noise-free fitness - Fopt (-1.000000000000e+003) + sum g_i+ | measured fitness | best measured fitness or single-digit g-values | x1 | x2...
1 0 +5.564263930e+001 -9.443573607e+002 -9.443573607e+002 -4.4536e+000 +3.2547e+000 -4.1083e+000
2 0 +2.164846099e+001 -9.783515390e+002 -9.783515390e+002 -4.6963e+000 +2.0980e+000 -1.5512e+000
3 0 +1.485646850e+001 -9.851435315e+002 -9.851435315e+002 -3.3494e-001 +1.5346e+000 -4.2214e+000
10 0 +1.062646734e+001 -9.893735327e+002 -9.893735327e+002 -3.5628e-001 -3.6766e-001 +1.6504e-001
47 0 +1.037492545e+001 -9.896250746e+002 -9.896250746e+002 -4.8514e-001 +7.7212e-001 +2.4024e+000
57 0 +9.246538745e+000 -9.907534613e+002 -9.907534613e+002 +1.4461e-001 +1.0945e+000 +2.2297e+000
63 0 +6.961502369e+000 -9.930384976e+002 -9.930384976e+002 -3.3494e-001 +7.0136e-001 -3.4782e+000
66 0 +2.488914018e+000 -9.975110860e+002 -9.975110860e+002 +2.1434e+000 +7.3277e-001 +2.6544e+000
90 0 +1.918447451e+000 -9.980815525e+002 -9.980815525e+002 +2.8023e+000 +7.6542e-001 +3.0981e+000
207 0 +3.696413485e-001 -9.996303587e+002 -9.996303587e+002 +1.4461e-001 +3.0188e-002 +2.2297e+000
264 0 +3.424734264e-001 -9.996575266e+002 -9.996575266e+002 +3.0944e+000 +2.0879e+000 +3.4091e+000
327 0 +6.026484558e-002 -9.999397352e+002 -9.999397352e+002 +1.4461e-001 +1.9184e-001 +2.1390e+000
597 0 +6.005546022e-002 -9.999399445e+002 -9.999399445e+002 +3.9636e-002 +1.9184e-001 +2.1390e+000
667 0 +1.163379696e-002 -9.999883662e+002 -9.999883662e+002 +3.4938e-001 -1.7080e-002 +2.1700e+000
697 0 +1.144222123e-002 -9.999885578e+002 -9.999885578e+002 +3.4938e-001 -1.4724e-002 +2.1700e+000
844 0 +8.720481807e-003 -9.999912795e+002 -9.999912795e+002 +2.2814e+000 +1.2974e+000 +3.0200e+000
912 0 +7.185446582e-003 -9.999928146e+002 -9.999928146e+002 +8.7670e-001 +2.0817e-001 +2.3807e+000
940 0 +4.371883816e-003 -9.999956281e+002 -9.999956281e+002 +1.2766e+000 +4.6617e-001 +2.5213e+000
947 0 +9.663119515e-004 -9.999990337e+002 -9.999990337e+002 +1.6002e+000 +7.2370e-001 +2.7050e+000
1058 0 +8.638213925e-004 -9.999991362e+002 -9.999991362e+002 +1.0607e+000 +6.5485e-001 +2.5549e+000
1075 0 +2.187447512e-004 -9.999997813e+002 -9.999997813e+002 +1.0403e+000 +5.5414e-001 +2.5205e+000
1099 0 +4.070982823e-005 -9.999999593e+002 -9.999999593e+002 +1.0793e+000 +5.5802e-001 +2.5232e+000
1108 0 +4.842224826e-007 -9.999999995e+002 -9.999999995e+002 +1.4134e+000 +7.4458e-001 +2.6571e+000
1160 0 +4.314804301e-007 -9.999999996e+002 -9.999999996e+002 +1.3689e+000 +7.4830e-001 +2.6465e+000
1205 0 +1.569719643e-008 -1.000000000e+003 -1.000000000e+003 +1.3821e+000 +7.3268e-001 +2.6478e+000
1234 0 +8.571987564e-011 -1.000000000e+003 -1.000000000e+003 +1.3480e+000 +7.1525e-001 +2.6336e+000
% f evaluations | g evaluations | best noise-free fitness - Fopt (1.000000000000e+003) + sum g_i+ | measured fitness | best measured fitness or single-digit g-values | x1 | x2...
1 0 +1.538646152e+001 +1.015386462e+003 +1.015386462e+003 -4.8281e+000 +3.7431e+000 -3.0072e+000
9 0 +1.319758732e+001 +1.013197587e+003 +1.013197587e+003 -3.0571e+000 -3.6962e+000 +1.3862e+000
15 0 +7.334582529e+000 +1.007334583e+003 +1.007334583e+003 -2.9371e+000 -3.3749e+000 +1.5709e+000
88 0 +4.911203746e-001 +1.000491120e+003 +1.000491120e+003 -2.5842e+000 +7.9491e-001 -2.2854e+000
300 0 +4.686210926e-001 +1.000468621e+003 +1.000468621e+003 -2.8927e+000 +1.1948e+000 -1.7676e+000
467 0 +2.247371481e-001 +1.000224737e+003 +1.000224737e+003 +3.3072e-001 -2.6147e+000 -1.7288e+000
551 0 +1.582093931e-001 +1.000158209e+003 +1.000158209e+003 -1.6176e+000 -3.4684e-001 -1.5707e+000
656 0 +1.392582553e-001 +1.000139258e+003 +1.000139258e+003 -1.0617e+000 -8.9280e-001 -1.8255e+000
759 0 +6.122872186e-004 +1.000000612e+003 +1.000000612e+003 -4.2367e-001 -1.7372e+000 -2.0102e+000
934 0 +9.280904067e-005 +1.000000093e+003 +1.000000093e+003 -6.8567e-001 -1.4152e+000 -2.0898e+000
984 0 +1.990037401e-005 +1.000000020e+003 +1.000000020e+003 -7.0935e-001 -1.4234e+000 -2.0244e+000
1001 0 +8.492511029e-006 +1.000000008e+003 +1.000000008e+003 -6.9847e-001 -1.4290e+000 -2.0120e+000
1038 0 +4.797772135e-007 +1.000000000e+003 +1.000000000e+003 -7.2856e-001 -1.3833e+000 -2.0724e+000
1071 0 +1.433249963e-009 +1.000000000e+003 +1.000000000e+003 -7.2858e-001 -1.3869e+000 -2.0539e+000
% f evaluations | g evaluations | best noise-free fitness - Fopt (-4.913000000000e+001) + sum g_i+ | measured fitness | best measured fitness or single-digit g-values | x1 | x2...
1 0 +5.136831721e+001 +2.238317214e+000 +2.238317214e+000 +7.3272e-001 +2.6457e+000 -6.2396e-001
4 0 +2.892499051e+001 -2.020500949e+001 -2.020500949e+001 -3.7997e+000 +5.8875e-002 -3.4939e+000
6 0 +2.795370365e+001 -2.117629635e+001 -2.117629635e+001 +1.9865e+000 -1.2764e+000 -4.1348e-001
11 0 +2.129738885e+001 -2.783261115e+001 -2.783261115e+001 +4.9975e-001 -3.2444e+000 +1.7364e+000
14 0 +1.620556559e+001 -3.292443441e+001 -3.292443441e+001 -4.6777e+000 -1.0346e+000 +4.0616e+000
19 0 +6.862163258e+000 -4.226783674e+001 -4.226783674e+001 +3.5228e-001 +7.3599e-001 +2.6596e+000
33 0 +6.311314614e+000 -4.281868539e+001 -4.281868539e+001 -2.4641e+000 -1.5386e+000 +3.8685e+000
40 0 +4.761119078e+000 -4.436888092e+001 -4.436888092e+001 +2.3495e+000 -8.0212e-001 +2.6214e+000
104 0 +2.506349185e+000 -4.662365081e+001 -4.662365081e+001 -3.0340e+000 -2.9459e-001 +4.4320e+000
132 0 +1.782780566e+000 -4.734721943e+001 -4.734721943e+001 +1.4800e+000 -8.4635e-001 +3.4104e+000
283 0 +4.494120026e-001 -4.868058800e+001 -4.868058800e+001 +2.6852e+000 +9.0810e-001 +3.3643e+000
446 0 +4.024854010e-001 -4.872751460e+001 -4.872751460e+001 +2.1278e+000 +2.8841e-001 +3.7405e+000
478 0 +3.455788937e-001 -4.878442111e+001 -4.878442111e+001 +2.3003e+000 +5.9196e-001 +3.7034e+000
528 0 +5.740955965e-002 -4.907259044e+001 -4.907259044e+001 +3.2119e+000 +1.8366e+000 +3.0216e+000
715 0 +1.499952839e-002 -4.911500047e+001 -4.911500047e+001 +2.9496e+000 +1.4446e+000 +3.4595e+000
739 0 +1.429463024e-002 -4.911570537e+001 -4.911570537e+001 +2.9550e+000 +1.4478e+000 +3.3164e+000
757 0 +1.830141785e-004 -4.912981699e+001 -4.912981699e+001 +3.5405e+000 +2.3350e+000 +3.3157e+000
929 0 +3.736328789e-005 -4.912996264e+001 -4.912996264e+001 +3.6441e+000 +2.4596e+000 +3.2908e+000
951 0 +1.491399757e-006 -4.912999851e+001 -4.912999851e+001 +3.7448e+000 +2.6153e+000 +3.3490e+000
1000 0 +2.612132022e-007 -4.912999974e+001 -4.912999974e+001 +3.7101e+000 +2.5645e+000 +3.3306e+000
1090 0 +1.877904552e-007 -4.912999981e+001 -4.912999981e+001 +3.7877e+000 +2.6753e+000 +3.3191e+000
1097 0 +1.041406961e-007 -4.912999990e+001 -4.912999990e+001 +3.8011e+000 +2.6978e+000 +3.3174e+000
1113 0 +5.152959659e-008 -4.912999995e+001 -4.912999995e+001 +3.7397e+000 +2.6066e+000 +3.3254e+000
1131 0 +3.712765562e-008 -4.912999996e+001 -4.912999996e+001 +3.7482e+000 +2.6204e+000 +3.3316e+000
1148 0 +1.118361581e-008 -4.912999999e+001 -4.912999999e+001 +3.7505e+000 +2.6245e+000 +3.3301e+000
1178 0 +5.578847606e-009 -4.912999999e+001 -4.912999999e+001 +3.7598e+000 +2.6382e+000 +3.3294e+000
% f evaluations | g evaluations | best noise-free fitness - Fopt (2.977300000000e+002) + sum g_i+ | measured fitness | best measured fitness or single-digit g-values | x1 | x2...
1 0 +9.679943931e+000 +3.074099439e+002 +3.074099439e+002 -1.4096e+000 +3.7274e-001 +4.3118e+000
42 0 +5.536790139e+000 +3.032667901e+002 +3.032667901e+002 -3.3685e+000 -1.3333e+000 +1.3376e+000
152 0 +5.060041316e+000 +3.027900413e+002 +3.027900413e+002 +2.0850e+000 +1.2206e+000 +1.9851e+000
173 0 +2.397651192e+000 +3.001276512e+002 +3.001276512e+002 -4.7194e-001 +6.9077e-001 +3.2012e+000
177 0 +2.279257591e+000 +3.000092576e+002 +3.000092576e+002 +8.6682e-001 +1.4349e+000 +2.0221e+000
246 0 +2.106623530e+000 +2.998366235e+002 +2.998366235e+002 -1.9090e+000 +9.9605e-001 +3.3430e+000
285 0 +3.272718313e-001 +2.980572718e+002 +2.980572718e+002 -3.4000e+000 +4.8173e-001 +4.2259e+000
420 0 +1.246768109e-001 +2.978546768e+002 +2.978546768e+002 -1.9396e+000 +8.4977e-001 +3.1530e+000
521 0 +4.462183455e-003 +2.977344622e+002 +2.977344622e+002 -3.1527e+000 +6.5551e-001 +3.7516e+000
567 0 +9.043151875e-004 +2.977309043e+002 +2.977309043e+002 -3.2207e+000 +7.3169e-001 +3.6125e+000
772 0 +2.589087853e-005 +2.977300259e+002 +2.977300259e+002 -3.6654e+000 +6.5849e-001 +3.8439e+000
797 0 +5.823668403e-006 +2.977300058e+002 +2.977300058e+002 -3.9435e+000 +6.4216e-001 +3.8916e+000
846 0 +1.933927365e-006 +2.977300019e+002 +2.977300019e+002 -3.6575e+000 +6.7744e-001 +3.8042e+000
876 0 +3.437245368e-007 +2.977300003e+002 +2.977300003e+002 -3.8735e+000 +6.4538e-001 +3.8819e+000
911 0 +8.335246093e-008 +2.977300001e+002 +2.977300001e+002 -3.7551e+000 +6.6765e-001 +3.8243e+000
959 0 +2.457028359e-008 +2.977300000e+002 +2.977300000e+002 -3.7535e+000 +6.6847e-001 +3.8275e+000
1008 0 +4.137575615e-009 +2.977300000e+002 +2.977300000e+002 -3.7864e+000 +6.6349e-001 +3.8390e+000
% f evaluations | g evaluations | best noise-free fitness - Fopt (5.157000000000e+001) + sum g_i+ | measured fitness | best measured fitness or single-digit g-values | x1 | x2...
1 0 +8.124794808e+001 +1.328179481e+002 +1.328179481e+002 -2.6910e+000 +4.6034e+000 -2.3812e+000
2 0 +2.904526448e+001 +8.061526448e+001 +8.061526448e+001 +3.5381e+000 +2.0050e+000 -3.6343e+000
15 0 +1.955759725e+001 +7.112759725e+001 +7.112759725e+001 -2.9844e-004 -3.6795e+000 -7.3728e-001
21 0 +3.892497180e+000 +5.546249718e+001 +5.546249718e+001 +1.4235e+000 -4.5110e+000 +4.7465e+000
114 0 +2.057267052e+000 +5.362726705e+001 +5.362726705e+001 +2.3831e+000 -2.0210e+000 +4.6605e+000
203 0 +1.880885848e+000 +5.345088585e+001 +5.345088585e+001 +1.4803e+000 -1.5801e+000 +4.4986e+000
210 0 +1.701369653e+000 +5.327136965e+001 +5.327136965e+001 +1.9527e+000 -1.8955e+000 +4.1542e+000
258 0 +1.594038166e+000 +5.316403817e+001 +5.316403817e+001 +1.5491e+000 -1.6711e+000 +4.5083e+000
263 0 +7.017008889e-001 +5.227170089e+001 +5.227170089e+001 +1.8304e+000 -1.8993e+000 +4.4163e+000
2909 0 +5.072287884e-001 +5.207722879e+001 +5.207722879e+001 +4.3651e+000 +6.3391e-001 +2.4722e-001
3236 0 +3.354459728e-001 +5.190544597e+001 +5.190544597e+001 +3.7938e+000 +8.8271e-001 -5.1885e-001
3257 0 +1.665337648e-001 +5.173653376e+001 +5.173653376e+001 +3.6355e+000 +9.7399e-001 -1.0976e+000
3319 0 +1.613439320e-001 +5.173134393e+001 +5.173134393e+001 +3.7462e+000 +8.0775e-001 -6.7116e-001
3371 0 +9.839795707e-002 +5.166839796e+001 +5.166839796e+001 +2.8792e+000 +1.0859e+000 -1.6693e+000
3407 0 +1.262475405e-002 +5.158262475e+001 +5.158262475e+001 +2.3868e+000 +1.1186e+000 -1.8207e+000
3486 0 +3.510109602e-003 +5.157351011e+001 +5.157351011e+001 +1.9393e+000 +1.2246e+000 -2.1612e+000
3499 0 +7.548394726e-005 +5.157007548e+001 +5.157007548e+001 +1.8818e+000 +1.3530e+000 -2.4437e+000
3626 0 +2.258502576e-007 +5.157000023e+001 +5.157000023e+001 +2.0650e+000 +1.2726e+000 -2.2023e+000
3814 0 +1.367678237e-008 +5.157000001e+001 +5.157000001e+001 +2.0576e+000 +1.2846e+000 -2.2308e+000
3839 0 +3.644089475e-010 +5.157000000e+001 +5.157000000e+001 +2.0806e+000 +1.2781e+000 -2.2123e+000
% f evaluations | g evaluations | best noise-free fitness - Fopt (1.527100000000e+002) + sum g_i+ | measured fitness | best measured fitness or single-digit g-values | x1 | x2...
1 0 +8.334507031e+001 +2.360550703e+002 +2.360550703e+002 +4.4483e+000 -3.7479e+000 -8.2332e-001
2 0 +7.585656377e+001 +2.285665638e+002 +2.285665638e+002 +3.4148e+000 -1.6364e+000 -4.5818e+000
3 0 +6.750774540e+001 +2.202177454e+002 +2.202177454e+002 +4.9322e+000 -1.2231e+000 +2.0917e+000
6 0 +2.434833111e+001 +1.770583311e+002 +1.770583311e+002 -4.2330e+000 +5.1646e-001 -3.2532e+000
18 0 +1.715219933e+001 +1.698621993e+002 +1.698621993e+002 +3.6136e+000 -4.8094e+000 +2.2427e+000
24 0 +8.118595934e+000 +1.608285959e+002 +1.608285959e+002 -1.0322e+000 -3.1401e+000 +3.9625e-001
28 0 +1.437743488e+000 +1.541477435e+002 +1.541477435e+002 -4.4656e+000 +1.9848e+000 -4.3266e+000
174 0 +1.325389620e+000 +1.540353896e+002 +1.540353896e+002 -9.3095e-001 -2.8802e+000 +1.8781e+000
217 0 +3.757951886e-001 +1.530857952e+002 +1.530857952e+002 -5.1392e-001 -2.5625e+000 +2.4535e+000
382 0 +1.319417445e-001 +1.528419417e+002 +1.528419417e+002 -1.0818e+000 -2.2830e+000 +2.5347e+000
491 0 +2.483052862e-002 +1.527348305e+002 +1.527348305e+002 -1.5721e+000 -2.3014e+000 +2.3256e+000
497 0 +1.185165733e-002 +1.527218517e+002 +1.527218517e+002 -3.1704e+000 -1.4140e+000 +2.6431e+000
569 0 +9.104800649e-004 +1.527109105e+002 +1.527109105e+002 -3.0372e+000 -1.6647e+000 +2.3749e+000
586 0 +2.164973118e-004 +1.527102165e+002 +1.527102165e+002 -2.7902e+000 -1.6911e+000 +2.4844e+000
587 0 +1.012988943e-004 +1.527101013e+002 +1.527101013e+002 -2.9695e+000 -1.6405e+000 +2.4582e+000
639 0 +8.749818846e-006 +1.527100087e+002 +1.527100087e+002 -2.9446e+000 -1.6425e+000 +2.4538e+000
676 0 +1.065444735e-006 +1.527100011e+002 +1.527100011e+002 -3.1427e+000 -1.5118e+000 +2.5024e+000
684 0 +1.623469359e-007 +1.527100002e+002 +1.527100002e+002 -3.1061e+000 -1.5473e+000 +2.4775e+000
907 0 +1.378944603e-007 +1.527100001e+002 +1.527100001e+002 -3.0987e+000 -1.5472e+000 +2.4803e+000
924 0 +1.013941073e-007 +1.527100001e+002 +1.527100001e+002 -3.0633e+000 -1.5713e+000 +2.4720e+000
925 0 +4.628807915e-008 +1.527100000e+002 +1.527100000e+002 -3.0834e+000 -1.5546e+000 +2.4798e+000
933 0 +1.353990342e-008 +1.527100000e+002 +1.527100000e+002 -3.0641e+000 -1.5643e+000 +2.4786e+000
941 0 +1.181831522e-009 +1.527100000e+002 +1.527100000e+002 -3.0872e+000 -1.5500e+000 +2.4851e+000
% f evaluations | g evaluations | best noise-free fitness - Fopt (9.980000000000e+001) + sum g_i+ | measured fitness | best measured fitness or single-digit g-values | x1 | x2...
1 0 +4.239056765e+001 +1.421905676e+002 +1.421905676e+002 -2.4713e+000 -3.8943e+000 +3.7511e+000
8 0 +3.239887426e+001 +1.321988743e+002 +1.321988743e+002 +5.0000e+000 -5.0000e+000 +5.0000e+000
10 0 +1.671239297e+001 +1.165123930e+002 +1.165123930e+002 -1.8158e+000 -4.5437e+000 +1.9069e+000
26 0 +1.651012052e+001 +1.163101205e+002 +1.163101205e+002 +3.4237e+000 -1.9358e+000 +2.6616e+000
30 0 +8.992766982e+000 +1.087927670e+002 +1.087927670e+002 -4.5027e+000 -4.6172e+000 +1.2129e+000
39 0 +8.289572372e+000 +1.080895724e+002 +1.080895724e+002 +1.1667e+000 +3.3019e+000 -2.9704e+000
46 0 +3.727349388e+000 +1.035273494e+002 +1.035273494e+002 -8.1260e-001 +3.5422e-001 +3.3096e+000
68 0 +1.692922251e+000 +1.014929223e+002 +1.014929223e+002 +3.6822e+000 -2.7541e+000 +3.5023e+000
209 0 +4.088275240e-002 +9.984088275e+001 +9.984088275e+001 -2.1090e+000 -1.1171e-001 +1.8398e+000
959 0 +3.830666533e-002 +9.983830667e+001 +9.983830667e+001 -3.1272e+000 -9.8930e-002 +1.7727e+000
998 0 +2.252927613e-002 +9.982252928e+001 +9.982252928e+001 -2.4344e+000 -4.4406e-003 +2.3922e+000
1028 0 +3.863001354e-003 +9.980386300e+001 +9.980386300e+001 -1.7651e+000 +6.1688e-002 +2.6339e+000
1058 0 +3.648886324e-003 +9.980364889e+001 +9.980364889e+001 -1.7651e+000 +6.1688e-002 +2.6750e+000
1088 0 +1.283208318e-003 +9.980128321e+001 +9.980128321e+001 -1.7651e+000 +3.7342e-002 +2.6727e+000
1465 0 +4.745283236e-004 +9.980047453e+001 +9.980047453e+001 -2.0246e+000 +7.3531e-003 +2.3787e+000
1469 0 +8.267479117e-005 +9.980008267e+001 +9.980008267e+001 -2.2521e+000 -6.8231e-002 +2.0777e+000
1487 0 +3.656229390e-005 +9.980003656e+001 +9.980003656e+001 -2.4979e+000 -8.6160e-002 +1.9485e+000
1605 0 +1.577388545e-006 +9.980000158e+001 +9.980000158e+001 -2.2937e+000 -4.8618e-002 +2.1507e+000
1699 0 +1.063205573e-006 +9.980000106e+001 +9.980000106e+001 -2.3119e+000 -5.4777e-002 +2.1298e+000
1706 0 +2.089500981e-007 +9.980000021e+001 +9.980000021e+001 -2.2865e+000 -5.0942e-002 +2.1435e+000
1718 0 +4.874934234e-009 +9.980000000e+001 +9.980000000e+001 -2.2297e+000 -4.5135e-002 +2.1811e+000
% f evaluations | g evaluations | best noise-free fitness - Fopt (-1.194100000000e+002) + sum g_i+ | measured fitness | best measured fitness or single-digit g-values | x1 | x2...
1 0 +6.735672955e+001 -5.205327045e+001 -5.205327045e+001 -7.9017e-001 -1.1565e+000 -5.9381e-001
4 0 +6.290032303e+001 -5.650967697e+001 -5.650967697e+001 -1.9700e+000 -3.3478e+000 -5.6648e-001
6 0 +2.364173760e+001 -9.576826240e+001 -9.576826240e+001 +3.6009e+000 -1.7196e+000 +2.7462e+000
9 0 +8.454671836e+000 -1.109553282e+002 -1.109553282e+002 +5.0000e+000 -2.6654e+000 +1.8724e+000
17 0 +1.968592078e+000 -1.174414079e+002 -1.174414079e+002 -7.3649e-001 +4.1635e-001 +4.0299e+000
133 0 +1.316331525e+000 -1.180936685e+002 -1.180936685e+002 -6.9462e-003 +6.4441e-001 +3.1734e+000
164 0 +1.149394116e+000 -1.182606059e+002 -1.182606059e+002 -3.5412e+000 -3.9683e+000 -2.3272e+000
166 0 +1.043664116e+000 -1.183663359e+002 -1.183663359e+002 -3.3557e+000 -4.2472e+000 -2.2060e+000
199 0 +2.520786792e-001 -1.191579213e+002 -1.191579213e+002 -1.6846e+000 +4.0899e-001 +3.5095e+000
317 0 +1.196549051e-001 -1.192903451e+002 -1.192903451e+002 -1.4199e+000 +4.1635e-001 +2.5519e+000
319 0 +1.397774919e-002 -1.193960223e+002 -1.193960223e+002 -1.6132e-001 +5.8664e-001 +3.9096e+000
541 0 +3.435997751e-003 -1.194065640e+002 -1.194065640e+002 -1.0251e+000 +4.7445e-001 +3.3985e+000
617 0 +8.497132398e-004 -1.194091503e+002 -1.194091503e+002 -1.5176e+000 +4.6291e-001 +3.1301e+000
800 0 +5.449473418e-004 -1.194094551e+002 -1.194094551e+002 -1.3801e+000 +4.5491e-001 +2.9873e+000
827 0 +9.426651901e-005 -1.194099057e+002 -1.194099057e+002 -1.3337e+000 +4.7859e-001 +3.1914e+000
959 0 +6.484606160e-006 -1.194099935e+002 -1.194099935e+002 -1.4479e+000 +4.4862e-001 +3.0725e+000
1005 0 +1.760943519e-006 -1.194099982e+002 -1.194099982e+002 -1.1827e+000 +4.8462e-001 +3.2739e+000
1075 0 +1.866726080e-007 -1.194099998e+002 -1.194099998e+002 -1.3325e+000 +4.6416e-001 +3.1629e+000
1147 0 +6.502240524e-008 -1.194099999e+002 -1.194099999e+002 -1.2745e+000 +4.6916e-001 +3.1846e+000
1175 0 +7.434294957e-009 -1.194100000e+002 -1.194100000e+002 -1.2814e+000 +4.7184e-001 +3.1919e+000
% f evaluations | g evaluations | best noise-free fitness - Fopt (1.077000000000e+001) + sum g_i+ | measured fitness | best measured fitness or single-digit g-values | x1 | x2...
1 0 +6.378714917e+001 +7.455714917e+001 +7.455714917e+001 +3.2703e+000 -3.6304e+000 -9.5875e-002
3 0 +2.086080789e+001 +3.163080789e+001 +3.163080789e+001 -2.2212e+000 -2.7535e+000 -1.0755e+000
22 0 +3.008932617e+000 +1.377893262e+001 +1.377893262e+001 -1.2784e+000 -2.2631e+000 -1.0959e+000
122 0 +1.728234094e+000 +1.249823409e+001 +1.249823409e+001 +8.0769e-001 -1.5836e+000 -5.6703e-001
251 0 +2.296033349e-002 +1.079296033e+001 +1.079296033e+001 +3.1181e-001 -1.9008e+000 -2.3278e-001
443 0 +1.559676422e-003 +1.077155968e+001 +1.077155968e+001 +2.1335e+000 -1.4242e+000 -3.7862e-001
722 0 +9.784688348e-004 +1.077097847e+001 +1.077097847e+001 +1.8315e+000 -1.4502e+000 -4.6662e-001
727 0 +1.228010042e-004 +1.077012280e+001 +1.077012280e+001 +1.5045e+000 -1.5758e+000 -3.7105e-001
775 0 +3.603972232e-008 +1.077000004e+001 +1.077000004e+001 +1.8240e+000 -1.4786e+000 -4.6191e-001
788 0 +3.379559743e-009 +1.077000000e+001 +1.077000000e+001 +1.7908e+000 -1.4890e+000 -4.5457e-001
% f evaluations | g evaluations | best noise-free fitness - Fopt (2.137000000000e+001) + sum g_i+ | measured fitness | best measured fitness or single-digit g-values | x1 | x2...
1 0 +6.958641495e+001 +9.095641495e+001 +9.095641495e+001 -4.8392e+000 -4.0096e+000 -6.0129e-001
2 0 +4.224419942e+001 +6.361419942e+001 +6.361419942e+001 +2.4394e+000 +1.3146e+000 +3.0856e+000
10 0 +4.142205713e+001 +6.279205713e+001 +6.279205713e+001 +3.9288e+000 -2.8317e+000 -3.9690e+000
11 0 +4.056364724e+001 +6.193364724e+001 +6.193364724e+001 +1.0481e-001 +1.3007e+000 -1.9716e-001
12 0 +2.770618376e+001 +4.907618376e+001 +4.907618376e+001 +4.1384e-001 +1.2370e+000 -1.7108e-001
14 0 +9.623425752e+000 +3.099342575e+001 +3.099342575e+001 +4.0157e+000 +1.9220e+000 +2.8875e+000
34 0 +6.141482332e+000 +2.751148233e+001 +2.751148233e+001 +1.5486e+000 -1.7275e+000 -4.0989e+000
50 0 +3.440595119e+000 +2.481059512e+001 +2.481059512e+001 +9.8613e-001 -1.0106e+000 -3.9058e-001
230 0 +2.747146387e+000 +2.411714639e+001 +2.411714639e+001 +1.1239e+000 -2.2428e+000 -9.4971e-001
308 0 +1.584886944e+000 +2.295488694e+001 +2.295488694e+001 +1.5890e+000 +6.0775e-001 -1.1867e+000
358 0 +6.617124633e-001 +2.203171246e+001 +2.203171246e+001 +8.9511e-001 -6.4470e-001 -8.6488e-001
368 0 +4.761204448e-001 +2.184612044e+001 +2.184612044e+001 +9.9507e-001 +1.8786e-001 -1.1867e+000
511 0 +4.561050724e-003 +2.137456105e+001 +2.137456105e+001 +2.5048e+000 +2.2529e+000 -1.2516e+000
770 0 +4.461866058e-003 +2.137446187e+001 +2.137446187e+001 +2.9293e+000 +3.1400e+000 -1.4346e+000
851 0 +1.281920643e-003 +2.137128192e+001 +2.137128192e+001 +3.0157e+000 +3.2988e+000 -1.3864e+000
916 0 +1.171816715e-003 +2.137117182e+001 +2.137117182e+001 +2.8717e+000 +3.0921e+000 -1.3767e+000
941 0 +2.594652759e-006 +2.137000259e+001 +2.137000259e+001 +2.6084e+000 +2.5627e+000 -1.3143e+000
1101 0 +4.419456090e-008 +2.137000004e+001 +2.137000004e+001 +2.6730e+000 +2.6683e+000 -1.3198e+000
1234 0 +2.336520311e-009 +2.137000000e+001 +2.137000000e+001 +2.6868e+000 +2.7081e+000 -1.3313e+000
% f evaluations | g evaluations | best noise-free fitness - Fopt (1.673000000000e+001) + sum g_i+ | measured fitness | best measured fitness or single-digit g-values | x1 | x2...
1 0 +8.335070888e+001 +1.000807089e+002 +1.000807089e+002 -3.5827e+000 +2.9494e+000 -2.9218e+000
2 0 +6.553687396e+001 +8.226687396e+001 +8.226687396e+001 -1.5057e-001 +3.4271e+000 -4.9323e+000
4 0 +3.897784732e+001 +5.570784732e+001 +5.570784732e+001 +2.6226e+000 +1.5732e+000 -1.3205e+000
6 0 +9.579088920e+000 +2.630908892e+001 +2.630908892e+001 +4.4543e+000 +4.1497e+000 -8.2968e-001
37 0 +2.004109097e+000 +1.873410910e+001 +1.873410910e+001 +2.9171e+000 +7.4576e-001 +9.6596e-001
136 0 +1.936757439e+000 +1.866675744e+001 +1.866675744e+001 +3.2581e+000 -1.4878e-001 +1.7296e+000
185 0 +1.763889424e+000 +1.849388942e+001 +1.849388942e+001 +3.2895e+000 +3.6700e-001 +2.0144e+000
229 0 +1.439201791e+000 +1.816920179e+001 +1.816920179e+001 +3.1634e+000 +1.7910e-002 +1.6103e+000
245 0 +1.400585807e+000 +1.813058581e+001 +1.813058581e+001 +2.9588e+000 +3.6687e-001 +9.6684e-001
319 0 +8.078044480e-001 +1.753780445e+001 +1.753780445e+001 +3.1918e+000 +2.9296e-001 +1.6433e+000
423 0 +7.531210458e-001 +1.748312105e+001 +1.748312105e+001 +3.2232e+000 +3.4159e-001 +1.5913e+000
499 0 +7.205827875e-001 +1.745058279e+001 +1.745058279e+001 +3.1918e+000 +3.4262e-001 +1.4739e+000
572 0 +6.976642007e-001 +1.742766420e+001 +1.742766420e+001 +3.1934e+000 +2.5237e-001 +1.4990e+000
1666 0 +4.877099463e-001 +1.721770995e+001 +1.721770995e+001 -1.5216e+000 +1.1938e-001 -3.6572e-001
1778 0 +4.468463335e-001 +1.717684633e+001 +1.717684633e+001 -1.7182e+000 +5.6717e-001 -2.2424e-001
2183 0 +3.216312392e-001 +1.705163124e+001 +1.705163124e+001 -1.8366e+000 +6.0570e-001 -4.0443e-001
2208 0 +1.208105547e-001 +1.685081055e+001 +1.685081055e+001 -1.5599e+000 -6.0711e-002 -5.4110e-001
2211 0 +1.363324379e-002 +1.674363324e+001 +1.674363324e+001 -1.3511e+000 -9.9575e-001 -1.1124e+000
2303 0 +3.591494717e-003 +1.673359149e+001 +1.673359149e+001 -1.4199e+000 -1.0767e+000 -1.2807e+000
2329 0 +1.093798996e-003 +1.673109380e+001 +1.673109380e+001 -1.3516e+000 -1.6128e+000 -1.7998e+000
2379 0 +1.661569641e-006 +1.673000166e+001 +1.673000166e+001 -1.2263e+000 -1.8044e+000 -1.7646e+000
2424 0 +1.954967317e-007 +1.673000020e+001 +1.673000020e+001 -1.2599e+000 -1.6954e+000 -1.7049e+000
2444 0 +5.520751856e-008 +1.673000006e+001 +1.673000006e+001 -1.2509e+000 -1.7267e+000 -1.7205e+000
2592 0 +5.138088710e-008 +1.673000005e+001 +1.673000005e+001 -1.2389e+000 -1.7853e+000 -1.7566e+000
2625 0 +5.020641680e-009 +1.673000001e+001 +1.673000001e+001 -1.2452e+000 -1.7709e+000 -1.7544e+000
% f evaluations | g evaluations | best noise-free fitness - Fopt (1.000000000000e+003) + sum g_i+ | measured fitness | best measured fitness or single-digit g-values | x1 | x2...
1 0 +7.964839333e+001 +1.079648393e+003 +1.079648393e+003 -1.8742e-001 -1.0348e-001 +2.1936e+000
3 0 +7.176769329e+001 +1.071767693e+003 +1.071767693e+003 -2.7914e+000 +2.0878e+000 -2.4613e+000
4 0 +2.688920149e+001 +1.026889201e+003 +1.026889201e+003 +3.9282e+000 -2.0843e+000 +5.1117e-001
18 0 +8.247111238e+000 +1.008247111e+003 +1.008247111e+003 +7.1374e-001 -2.9079e+000 -1.6778e+000
30 0 +5.452700492e+000 +1.005452700e+003 +1.005452700e+003 -3.7567e+000 +4.7083e+000 +8.0582e-001
73 0 +2.095487456e+000 +1.002095487e+003 +1.002095487e+003 +2.7350e+000 -2.3838e+000 -1.4858e+000
88 0 +1.334746104e+000 +1.001334746e+003 +1.001334746e+003 -4.2586e+000 +4.6540e+000 +5.8067e-001
151 0 +9.199100264e-001 +1.000919910e+003 +1.000919910e+003 +2.0911e-002 -3.0197e+000 -3.8626e-001
206 0 +7.871157552e-001 +1.000787116e+003 +1.000787116e+003 +1.4469e-001 -2.9517e+000 +1.1534e+000
391 0 +6.126273083e-002 +1.000061263e+003 +1.000061263e+003 -1.4307e-001 -3.0197e+000 +4.7231e-001
566 0 +1.145202275e-003 +1.000001145e+003 +1.000001145e+003 -1.8329e+000 -3.4283e+000 +1.9764e+000
1016 0 +8.823967887e-004 +1.000000882e+003 +1.000000882e+003 -1.5574e+000 -3.3669e+000 +1.7560e+000
1147 0 +4.655478392e-006 +1.000000005e+003 +1.000000005e+003 -1.7700e+000 -3.4138e+000 +1.7661e+000
1385 0 +2.434060207e-007 +1.000000000e+003 +1.000000000e+003 -1.7334e+000 -3.4122e+000 +1.7127e+000
1425 0 +2.150244427e-007 +1.000000000e+003 +1.000000000e+003 -1.7305e+000 -3.4118e+000 +1.7122e+000
1457 0 +1.116063686e-008 +1.000000000e+003 +1.000000000e+003 -1.6778e+000 -3.3988e+000 +1.6773e+000
1553 0 +2.953242983e-009 +1.000000000e+003 +1.000000000e+003 -1.6724e+000 -3.3974e+000 +1.6839e+000
% f evaluations | g evaluations | best noise-free fitness - Fopt (-1.079600000000e+002) + sum g_i+ | measured fitness | best measured fitness or single-digit g-values | x1 | x2...
1 0 +8.282411543e+000 -9.967758846e+001 -9.967758846e+001 -1.6346e+000 +2.5819e+000 +3.4925e+000
52 0 +4.951302800e-001 -1.074648697e+002 -1.074648697e+002 -1.3285e+000 +1.5254e+000 -7.7569e-001
266 0 +9.057492969e-002 -1.078694251e+002 -1.078694251e+002 -6.5876e-001 +1.9058e-001 -4.9693e-001
422 0 +1.423768864e-002 -1.079457623e+002 -1.079457623e+002 -9.8027e-001 +1.2683e+000 -6.8617e-001
560 0 +9.221414441e-003 -1.079507786e+002 -1.079507786e+002 -1.1103e+000 +1.7845e-001 -2.4034e-001
570 0 +8.333223792e-004 -1.079591667e+002 -1.079591667e+002 -1.1301e+000 +1.0576e+000 -5.5416e-001
679 0 +2.492427776e-004 -1.079597508e+002 -1.079597508e+002 -1.0083e+000 +1.0134e+000 -6.0555e-001
689 0 +9.449442024e-005 -1.079599055e+002 -1.079599055e+002 -1.0366e+000 +1.3475e+000 -7.5155e-001
693 0 +8.865833249e-005 -1.079599113e+002 -1.079599113e+002 -1.0292e+000 +1.3125e+000 -7.4125e-001
729 0 +1.049885412e-006 -1.079599990e+002 -1.079599990e+002 -1.0367e+000 +1.1313e+000 -6.5279e-001
811 0 +5.547040871e-007 -1.079599994e+002 -1.079599994e+002 -1.0396e+000 +1.1618e+000 -6.6515e-001
826 0 +5.374220251e-007 -1.079599995e+002 -1.079599995e+002 -1.0664e+000 +1.2867e+000 -7.0000e-001
879 0 +1.749630627e-007 -1.079599998e+002 -1.079599998e+002 -1.0536e+000 +1.0993e+000 -6.3100e-001
889 0 +1.170365636e-007 -1.079599999e+002 -1.079599999e+002 -1.0676e+000 +1.1572e+000 -6.4545e-001
965 0 +1.088137935e-008 -1.079600000e+002 -1.079600000e+002 -1.0584e+000 +1.1910e+000 -6.6394e-001
992 0 +4.225867656e-009 -1.079600000e+002 -1.079600000e+002 -1.0625e+000 +1.2029e+000 -6.6872e-001
% f evaluations | g evaluations | best noise-free fitness - Fopt (-3.025900000000e+002) + sum g_i+ | measured fitness | best measured fitness or single-digit g-values | x1 | x2...
1 0 +5.897208595e+001 -2.436179140e+002 -2.436179140e+002 -1.1914e+000 +5.4256e-001 +3.6231e+000
3 0 +5.020858995e+001 -2.523814101e+002 -2.523814101e+002 -4.8276e-001 +8.0686e-002 +4.9898e+000
6 0 +8.051711367e+000 -2.945382886e+002 -2.945382886e+002 -1.8423e+000 +2.1509e+000 +1.7203e+000
29 0 +2.176685393e+000 -3.004133146e+002 -3.004133146e+002 -5.3427e-001 +1.5077e+000 +1.1961e+000
82 0 +2.046156105e+000 -3.005438439e+002 -3.005438439e+002 +1.3595e-001 +7.3581e-001 +9.5809e-001
122 0 +4.970929517e-001 -3.020929070e+002 -3.020929070e+002 +1.8199e+000 +1.9656e+000 -2.6148e+000
376 0 +4.939505524e-002 -3.025406049e+002 -3.025406049e+002 +5.0918e-002 -1.1275e-001 -1.2602e+000
403 0 +4.837199709e-002 -3.025416280e+002 -3.025416280e+002 +6.5418e-001 +6.7226e-001 -1.7875e+000
472 0 +4.597178759e-002 -3.025440282e+002 -3.025440282e+002 +4.7070e-001 +3.8243e-001 -1.6777e+000
646 0 +3.788518571e-003 -3.025862115e+002 -3.025862115e+002 +2.8884e-002 -1.1275e-001 -1.3107e+000
648 0 +8.602387197e-004 -3.025891398e+002 -3.025891398e+002 +5.9879e-001 +9.5781e-002 -1.7039e+000
761 0 +8.843472824e-005 -3.025899116e+002 -3.025899116e+002 +3.7584e-001 -8.5297e-002 -1.5436e+000
856 0 +3.143663179e-005 -3.025899686e+002 -3.025899686e+002 +4.7761e-001 +4.2800e-002 -1.6153e+000
872 0 +1.906805551e-006 -3.025899981e+002 -3.025899981e+002 +3.8392e-001 -1.1155e-002 -1.5452e+000
1057 0 +6.113072004e-008 -3.025899999e+002 -3.025899999e+002 +4.0601e-001 +2.6969e-002 -1.5632e+000
1169 0 +4.676235221e-008 -3.025900000e+002 -3.025900000e+002 +3.9109e-001 +3.2402e-002 -1.5567e+000
1170 0 +4.442199497e-009 -3.025900000e+002 -3.025900000e+002 +4.1553e-001 +4.5356e-002 -1.5718e+000
% f evaluations | g evaluations | best noise-free fitness - Fopt (-3.065500000000e+002) + sum g_i+ | measured fitness | best measured fitness or single-digit g-values | x1 | x2...
1 0 +5.841799726e+001 -2.481320027e+002 -2.481320027e+002 -6.5794e-001 +3.3515e+000 +1.1125e-001
4 0 +2.287461656e+001 -2.836753834e+002 -2.836753834e+002 +7.9714e-001 +3.8964e+000 +2.9407e-001
7 0 +1.912887759e+001 -2.874211224e+002 -2.874211224e+002 +9.9954e-001 +4.3088e+000 -4.1641e-001
8 0 +1.610825703e+001 -2.904417430e+002 -2.904417430e+002 +5.0000e+000 +5.5807e-001 -2.4223e+000
70 0 +1.098495168e+001 -2.955650483e+002 -2.955650483e+002 +5.3754e-001 +3.2509e+000 +2.3515e-001
82 0 +7.223284109e+000 -2.993267159e+002 -2.993267159e+002 +2.4132e+000 +2.6206e+000 +3.0922e+000
110 0 +2.072105728e+000 -3.044778943e+002 -3.044778943e+002 +1.9922e+000 +1.4697e+000 +3.5301e+000
221 0 +1.424536628e+000 -3.051254634e+002 -3.051254634e+002 +2.0530e+000 +1.8024e+000 +3.9272e+000
276 0 +1.337271800e+000 -3.052127282e+002 -3.052127282e+002 +2.5141e+000 +1.5878e+000 +3.6555e+000
305 0 +9.839037404e-001 -3.055660963e+002 -3.055660963e+002 +2.6309e+000 +1.8959e+000 +3.7450e+000
311 0 +8.997537533e-001 -3.056502462e+002 -3.056502462e+002 +2.3681e+000 +1.9744e+000 +3.9272e+000
344 0 +7.017031365e-001 -3.058482969e+002 -3.058482969e+002 +2.3789e+000 +1.8724e+000 +3.6436e+000
2951 0 +6.507409317e-001 -3.058992591e+002 -3.058992591e+002 -1.0779e+000 -4.6382e+000 +4.4685e-001
3099 0 +1.107490665e-001 -3.064392509e+002 -3.064392509e+002 -2.0270e+000 -4.2421e+000 +1.7542e+000
3215 0 +5.905728463e-002 -3.064909427e+002 -3.064909427e+002 -3.1064e+000 -3.9570e+000 +2.7117e+000
3261 0 +1.202277481e-003 -3.065487977e+002 -3.065487977e+002 -3.6180e+000 -3.5995e+000 +4.1033e+000
3404 0 +5.023355467e-004 -3.065494977e+002 -3.065494977e+002 -3.4472e+000 -3.6332e+000 +3.9758e+000
3503 0 +1.180573585e-004 -3.065498819e+002 -3.065498819e+002 -3.4891e+000 -3.6656e+000 +3.7465e+000
3550 0 +2.365641399e-005 -3.065499763e+002 -3.065499763e+002 -3.4579e+000 -3.6672e+000 +3.8028e+000
3612 0 +1.405543117e-006 -3.065499986e+002 -3.065499986e+002 -3.4046e+000 -3.6765e+000 +3.7680e+000
3672 0 +2.563320436e-007 -3.065499997e+002 -3.065499997e+002 -3.3980e+000 -3.6839e+000 +3.7165e+000
3676 0 +4.611632676e-008 -3.065500000e+002 -3.065500000e+002 -3.3629e+000 -3.6946e+000 +3.6945e+000
3785 0 +1.549915396e-008 -3.065500000e+002 -3.065500000e+002 -3.3892e+000 -3.6845e+000 +3.7184e+000
3831 0 +1.050432274e-008 -3.065500000e+002 -3.065500000e+002 -3.3637e+000 -3.6897e+000 +3.7080e+000
3919 0 +2.800220500e-009 -3.065500000e+002 -3.065500000e+002 -3.3861e+000 -3.6849e+000 +3.7228e+000
