% f evaluations | g evaluations | best noise-free fitness - Fopt (-2.098800000000e+002) + sum g_i+ | measured fitness | best measured fitness or single-digit g-values | x1 | x2...
1 0 +1.847573950e+007 +1.847552962e+007 +1.847552962e+007 +9.7857e-002 -4.9496e+000 -7.3950e-001
2 0 +4.304581533e+006 +4.304371653e+006 +4.304371653e+006 +4.1025e+000 +2.3539e+000 +1.4814e+000
5 0 +2.058991595e+006 +2.058781715e+006 +2.058781715e+006 -5.0000e+000 -5.0000e+000 +5.0000e+000
8 0 +4.554325521e+005 +4.552226721e+005 +4.552226721e+005 -5.0000e+000 +5.0000e+000 +2.8334e+000
9 0 +4.130923800e+005 +4.128825000e+005 +4.128825000e+005 +8.1273e-004 +5.0000e+000 +4.1323e+000
10 0 +4.012124558e+005 +4.010025758e+005 +4.010025758e+005 +2.3717e+000 -4.1175e+000 +2.8818e+000
11 0 +5.452426312e+003 +5.242546312e+003 +5.242546312e+003 -4.2166e-001 +6.5667e-001 +3.4735e+000
47 0 +4.158522794e+003 +3.948642794e+003 +3.948642794e+003 -1.4041e+000 +2.4514e+000 +3.5413e+000
48 0 +2.681114611e+003 +2.471234611e+003 +2.471234611e+003 -1.4510e+000 +3.6549e-001 +3.6019e+000
60 0 +1.842736956e+003 +1.632856956e+003 +1.632856956e+003 -6.7290e-001 -4.1582e-001 +3.5217e+000
84 0 +1.438657777e+003 +1.228777777e+003 +1.228777777e+003 -5.5371e-001 -7.7478e-002 +3.5217e+000
99 0 +1.157611565e+003 +9.477315649e+002 +9.477315649e+002 -3.9601e-001 +1.1526e+000 +3.5287e+000
108 0 +1.061517740e+003 +8.516377399e+002 +8.516377399e+002 -2.2061e-001 +8.9974e-001 +3.5831e+000
111 0 +2.966665961e+001 -1.802133404e+002 -1.802133404e+002 -8.6628e-001 +3.4355e-001 +3.5582e+000
123 0 +2.238271014e+001 -1.874972899e+002 -1.874972899e+002 -1.3697e+000 +5.7735e-001 +3.5550e+000
151 0 +1.857254477e+001 -1.913074552e+002 -1.913074552e+002 -6.8721e-001 +5.5120e-001 +3.5561e+000
156 0 +7.460608747e+000 -2.024193913e+002 -2.024193913e+002 -6.2738e-001 +5.1181e-001 +3.5547e+000
189 0 +6.181960751e+000 -2.036980392e+002 -2.036980392e+002 -8.1746e-001 +4.6801e-001 +3.5557e+000
193 0 +5.493476635e+000 -2.043865234e+002 -2.043865234e+002 -8.9485e-001 +4.8149e-001 +3.5540e+000
198 0 +3.748736708e+000 -2.061312633e+002 -2.061312633e+002 -6.5297e-001 +4.4305e-001 +3.5542e+000
203 0 +3.678107794e+000 -2.062018922e+002 -2.062018922e+002 -4.7458e-001 +4.4601e-001 +3.5551e+000
210 0 +2.364793705e+000 -2.075152063e+002 -2.075152063e+002 -1.5822e-001 +4.5862e-001 +3.5542e+000
234 0 +1.436967911e+000 -2.084430321e+002 -2.084430321e+002 +2.5634e-001 +4.3446e-001 +3.5550e+000
250 0 +8.764134358e-001 -2.090035866e+002 -2.090035866e+002 +1.3489e+000 +4.7596e-001 +3.5544e+000
252 0 +8.464440529e-001 -2.090335559e+002 -2.090335559e+002 +9.6030e-001 +4.6308e-001 +3.5536e+000
255 0 +5.181885942e-001 -2.093618114e+002 -2.093618114e+002 +1.2674e+000 +4.6524e-001 +3.5549e+000
277 0 +4.673848646e-001 -2.094126151e+002 -2.094126151e+002 +6.7721e-001 +4.6206e-001 +3.5544e+000
283 0 +8.634420371e-003 -2.098713656e+002 -2.098713656e+002 +1.2516e+000 +4.4552e-001 +3.5544e+000
293 0 +3.151992644e-003 -2.098768480e+002 -2.098768480e+002 +1.2191e+000 +4.4954e-001 +3.5544e+000
337 0 +1.013873005e-003 -2.098789861e+002 -2.098789861e+002 +1.2199e+000 +4.4723e-001 +3.5544e+000
349 0 +8.548733524e-005 -2.098799145e+002 -2.098799145e+002 +1.1996e+000 +4.4787e-001 +3.5544e+000
388 0 +4.931706769e-005 -2.098799507e+002 -2.098799507e+002 +1.2071e+000 +4.4823e-001 +3.5544e+000
400 0 +2.819236107e-005 -2.098799718e+002 -2.098799718e+002 +1.2071e+000 +4.4816e-001 +3.5544e+000
402 0 +1.133961570e-005 -2.098799887e+002 -2.098799887e+002 +1.2085e+000 +4.4808e-001 +3.5544e+000
410 0 +2.977330723e-006 -2.098799970e+002 -2.098799970e+002 +1.2071e+000 +4.4796e-001 +3.5544e+000
451 0 +2.055073764e-006 -2.098799979e+002 -2.098799979e+002 +1.2067e+000 +4.4796e-001 +3.5544e+000
456 0 +1.638294407e-007 -2.098799998e+002 -2.098799998e+002 +1.2073e+000 +4.4800e-001 +3.5544e+000
473 0 +8.404069263e-008 -2.098799999e+002 -2.098799999e+002 +1.2074e+000 +4.4800e-001 +3.5544e+000
501 0 +3.744270316e-008 -2.098800000e+002 -2.098800000e+002 +1.2074e+000 +4.4800e-001 +3.5544e+000
520 0 +1.172963948e-008 -2.098800000e+002 -2.098800000e+002 +1.2071e+000 +4.4800e-001 +3.5544e+000
533 0 +9.814868918e-010 -2.098800000e+002 -2.098800000e+002 +1.2072e+000 +4.4800e-001 +3.5544e+000
% f evaluations | g evaluations | best noise-free fitness - Fopt (-9.209000000000e+001) + sum g_i+ | measured fitness | best measured fitness or single-digit g-values | x1 | x2...
1 0 +2.960692645e+006 +2.960600555e+006 +2.960600555e+006 +2.9545e-001 -8.9114e-001 -1.5017e+000
6 0 +2.247327818e+006 +2.247235728e+006 +2.247235728e+006 +2.2085e+000 -4.5062e+000 +1.6908e+000
8 0 +5.529867211e+004 +5.520658211e+004 +5.520658211e+004 +5.0000e+000 -5.0000e+000 +4.2801e-002
9 0 +5.337267246e+004 +5.328058246e+004 +5.328058246e+004 +1.4101e+000 -5.0000e+000 +6.6536e-002
34 0 +1.182071092e+004 +1.172862092e+004 +1.172862092e+004 -3.4965e+000 -8.2950e-001 +9.7668e-002
75 0 +3.543260606e+003 +3.451170606e+003 +3.451170606e+003 -2.5352e+000 +1.0560e+000 +6.4629e-002
87 0 +1.326434818e+003 +1.234344818e+003 +1.234344818e+003 -3.8160e+000 +2.0989e+000 +1.2583e-001
116 0 +8.906367517e+002 +7.985467517e+002 +7.985467517e+002 -2.9395e+000 +3.3707e+000 +7.1258e-002
119 0 +1.313685558e+002 +3.927855577e+001 +3.927855577e+001 -2.5393e+000 +2.9402e+000 +9.4104e-002
122 0 +6.350954893e+001 -2.858045107e+001 -2.858045107e+001 -3.4972e+000 +2.4104e+000 +9.0316e-002
123 0 +5.062072569e+001 -4.146927431e+001 -4.146927431e+001 -3.3208e+000 +2.5943e+000 +8.4780e-002
136 0 +1.703078575e+001 -7.505921425e+001 -7.505921425e+001 -2.7729e+000 +2.6794e+000 +9.1484e-002
151 0 +5.452565611e+000 -8.663743439e+001 -8.663743439e+001 -1.5268e+000 +2.6291e+000 +9.1133e-002
163 0 +3.579232407e+000 -8.851076759e+001 -8.851076759e+001 -6.1514e-001 +2.6536e+000 +9.1133e-002
192 0 +3.184427814e+000 -8.890557219e+001 -8.890557219e+001 -3.3008e-002 +2.6068e+000 +8.8820e-002
196 0 +4.361936221e-001 -9.165380638e+001 -9.165380638e+001 +8.4519e-002 +2.6121e+000 +9.0310e-002
208 0 +2.512970042e-001 -9.183870300e+001 -9.183870300e+001 +7.5565e-001 +2.6070e+000 +9.0562e-002
221 0 +6.474603221e-002 -9.202525397e+001 -9.202525397e+001 +6.6362e-001 +2.6190e+000 +9.0652e-002
248 0 +1.664835593e-002 -9.207335164e+001 -9.207335164e+001 +8.1599e-001 +2.6196e+000 +9.0468e-002
263 0 +1.002364563e-002 -9.207997635e+001 -9.207997635e+001 +6.5161e-001 +2.6231e+000 +9.0465e-002
278 0 +2.599765161e-003 -9.208740023e+001 -9.208740023e+001 +7.0723e-001 +2.6213e+000 +9.0445e-002
292 0 +2.314968454e-004 -9.208976850e+001 -9.208976850e+001 +7.1095e-001 +2.6216e+000 +9.0403e-002
337 0 +5.438674862e-005 -9.208994561e+001 -9.208994561e+001 +7.2985e-001 +2.6216e+000 +9.0394e-002
370 0 +5.019945110e-005 -9.208994980e+001 -9.208994980e+001 +7.2077e-001 +2.6217e+000 +9.0396e-002
371 0 +3.904048640e-008 -9.208999996e+001 -9.208999996e+001 +7.2554e-001 +2.6216e+000 +9.0400e-002
425 0 +1.703378416e-008 -9.208999998e+001 -9.208999998e+001 +7.2573e-001 +2.6216e+000 +9.0400e-002
448 0 +1.242743508e-008 -9.208999999e+001 -9.208999999e+001 +7.2550e-001 +2.6216e+000 +9.0400e-002
466 0 +9.588205785e-010 -9.209000000e+001 -9.209000000e+001 +7.2561e-001 +2.6216e+000 +9.0400e-002
% f evaluations | g evaluations | best noise-free fitness - Fopt (-8.789000000000e+001) + sum g_i+ | measured fitness | best measured fitness or single-digit g-values | x1 | x2...
1 0 +4.034676835e+006 +4.034588945e+006 +4.034588945e+006 -1.5893e+000 +2.0176e+000 +3.2614e+000
8 0 +8.619364455e+004 +8.610575455e+004 +8.610575455e+004 -1.1407e+000 -5.0000e+000 +1.3585e+000
9 0 +2.051322092e+004 +2.042533092e+004 +2.042533092e+004 +5.0000e+000 -9.0025e-001 +1.2566e+000
33 0 +1.960223783e+004 +1.951434783e+004 +1.951434783e+004 +4.8037e+000 -7.9093e-001 +1.2488e+000
37 0 +1.361173461e+004 +1.352384461e+004 +1.352384461e+004 +4.7307e+000 -6.1670e-003 +1.2331e+000
69 0 +1.039657169e+004 +1.030868169e+004 +1.030868169e+004 +4.0414e+000 +1.0395e+000 +1.1804e+000
81 0 +4.124823664e+003 +4.036933664e+003 +4.036933664e+003 +4.7307e+000 +1.6399e+000 +1.2480e+000
97 0 +3.656268249e+003 +3.568378249e+003 +3.568378249e+003 -2.2095e+000 +2.8253e+000 +1.2998e+000
102 0 +7.551781909e+002 +6.672881909e+002 +6.672881909e+002 +2.1359e+000 +2.8253e+000 +1.2367e+000
104 0 +1.192174613e+002 +3.132746128e+001 +3.132746128e+001 -3.9068e+000 +3.3856e+000 +1.2438e+000
124 0 +1.122753614e+001 -7.666246386e+001 -7.666246386e+001 -1.1863e+000 +3.6647e+000 +1.2467e+000
136 0 +6.797173730e+000 -8.109282627e+001 -8.109282627e+001 -2.4220e+000 +3.6575e+000 +1.2498e+000
169 0 +2.563801443e+000 -8.532619856e+001 -8.532619856e+001 -1.1203e+000 +3.6308e+000 +1.2499e+000
177 0 +2.501720589e+000 -8.538827941e+001 -8.538827941e+001 -3.1994e-001 +3.6887e+000 +1.2491e+000
193 0 +1.654587724e+000 -8.623541228e+001 -8.623541228e+001 +2.6015e-001 +3.6308e+000 +1.2484e+000
202 0 +3.301544491e-001 -8.755984555e+001 -8.755984555e+001 +5.2604e-001 +3.6308e+000 +1.2497e+000
215 0 +3.704111833e-002 -8.785295888e+001 -8.785295888e+001 +3.6723e-001 +3.6480e+000 +1.2495e+000
219 0 +1.790991602e-002 -8.787209008e+001 -8.787209008e+001 +3.3192e-001 +3.6476e+000 +1.2495e+000
260 0 +8.951690685e-003 -8.788104831e+001 -8.788104831e+001 +2.8997e-001 +3.6457e+000 +1.2495e+000
262 0 +7.303633627e-003 -8.788269637e+001 -8.788269637e+001 +2.4837e-001 +3.6453e+000 +1.2497e+000
267 0 +8.136649173e-005 -8.788991863e+001 -8.788991863e+001 +2.3787e-001 +3.6456e+000 +1.2496e+000
293 0 +7.397907717e-005 -8.788992602e+001 -8.788992602e+001 +2.4555e-001 +3.6454e+000 +1.2496e+000
301 0 +2.732904522e-005 -8.788997267e+001 -8.788997267e+001 +2.3610e-001 +3.6455e+000 +1.2496e+000
317 0 +2.657501470e-005 -8.788997342e+001 -8.788997342e+001 +2.3896e-001 +3.6454e+000 +1.2496e+000
328 0 +2.524467162e-005 -8.788997476e+001 -8.788997476e+001 +2.3695e-001 +3.6455e+000 +1.2496e+000
329 0 +1.187573596e-005 -8.788998812e+001 -8.788998812e+001 +2.3896e-001 +3.6455e+000 +1.2496e+000
345 0 +7.457885104e-006 -8.788999254e+001 -8.788999254e+001 +2.3780e-001 +3.6457e+000 +1.2496e+000
357 0 +6.573097849e-006 -8.788999343e+001 -8.788999343e+001 +2.3926e-001 +3.6456e+000 +1.2496e+000
359 0 +1.121423168e-007 -8.788999989e+001 -8.788999989e+001 +2.3906e-001 +3.6456e+000 +1.2496e+000
423 0 +4.839218093e-008 -8.788999995e+001 -8.788999995e+001 +2.3897e-001 +3.6456e+000 +1.2496e+000
434 0 +1.523173410e-008 -8.788999998e+001 -8.788999998e+001 +2.3913e-001 +3.6456e+000 +1.2496e+000
445 0 +7.414229231e-009 -8.788999999e+001 -8.788999999e+001 +2.3926e-001 +3.6456e+000 +1.2496e+000
% f evaluations | g evaluations | best noise-free fitness - Fopt (3.201900000000e+002) + sum g_i+ | measured fitness | best measured fitness or single-digit g-values | x1 | x2...
1 0 +2.192062893e+005 +2.195264793e+005 +2.195264793e+005 +3.6284e+000 -1.9778e+000 +9.3969e-001
8 0 +5.502722008e+004 +5.534741008e+004 +5.534741008e+004 +5.0000e+000 +1.6144e-001 +1.6217e+000
9 0 +1.963219690e+004 +1.995238690e+004 +1.995238690e+004 +5.0000e+000 -2.6881e-001 +1.5267e+000
11 0 +1.104187916e+004 +1.136206916e+004 +1.136206916e+004 +1.4093e+000 +1.0201e+000 +1.3883e+000
18 0 +2.123213595e+003 +2.443403595e+003 +2.443403595e+003 +1.7015e+000 -1.0359e+000 +1.3906e+000
100 0 +1.169573114e+003 +1.489763114e+003 +1.489763114e+003 +1.8919e+000 -1.4938e+000 +1.3798e+000
103 0 +2.742435929e+002 +5.944335929e+002 +5.944335929e+002 +3.3747e+000 -2.8427e+000 +1.4086e+000
129 0 +8.352456354e+001 +4.037145635e+002 +4.037145635e+002 +3.3213e+000 -2.1777e+000 +1.4095e+000
153 0 +9.682641202e+000 +3.298726412e+002 +3.298726412e+002 +2.7236e+000 -2.3459e+000 +1.4031e+000
215 0 +8.371154392e+000 +3.285611544e+002 +3.285611544e+002 +2.4257e+000 -2.3602e+000 +1.4036e+000
227 0 +8.251087369e+000 +3.284410874e+002 +3.284410874e+002 +2.3944e+000 -2.3602e+000 +1.4036e+000
241 0 +8.126471754e+000 +3.283164718e+002 +3.283164718e+002 +2.3944e+000 -2.3678e+000 +1.4032e+000
274 0 +7.719466103e+000 +3.279094661e+002 +3.279094661e+002 +2.2482e+000 -2.3717e+000 +1.4031e+000
286 0 +7.384615348e+000 +3.275746153e+002 +3.275746153e+002 +2.1511e+000 -2.3718e+000 +1.4032e+000
290 0 +7.226775065e+000 +3.274167751e+002 +3.274167751e+002 +2.0964e+000 -2.3617e+000 +1.4028e+000
299 0 +6.691803059e+000 +3.268818031e+002 +3.268818031e+002 +1.9229e+000 -2.3793e+000 +1.4029e+000
300 0 +6.450184492e+000 +3.266401845e+002 +3.266401845e+002 +1.8084e+000 -2.3856e+000 +1.4027e+000
303 0 +6.058510228e+000 +3.262485102e+002 +3.262485102e+002 +1.8640e+000 -2.3672e+000 +1.4029e+000
312 0 +5.979751172e+000 +3.261697512e+002 +3.261697512e+002 +1.7892e+000 -2.3716e+000 +1.4026e+000
325 0 +5.488881787e+000 +3.256788818e+002 +3.256788818e+002 +1.7710e+000 -2.3720e+000 +1.4030e+000
328 0 +4.817044320e+000 +3.250070443e+002 +3.250070443e+002 +1.6342e+000 -2.3806e+000 +1.4031e+000
329 0 +3.747921827e+000 +3.239379218e+002 +3.239379218e+002 +1.4891e+000 -2.3769e+000 +1.4033e+000
340 0 +3.350939825e+000 +3.235409398e+002 +3.235409398e+002 +1.4369e+000 -2.3741e+000 +1.4032e+000
342 0 +3.149325358e+000 +3.233393254e+002 +3.233393254e+002 +1.4308e+000 -2.3615e+000 +1.4033e+000
344 0 +2.732160870e+000 +3.229221609e+002 +3.229221609e+002 +1.3192e+000 -2.3699e+000 +1.4030e+000
346 0 +2.610316130e+000 +3.228003161e+002 +3.228003161e+002 +1.2700e+000 -2.3616e+000 +1.4028e+000
349 0 +2.028446309e+000 +3.222184463e+002 +3.222184463e+002 +8.6215e-001 -2.3510e+000 +1.4033e+000
358 0 +1.988341573e+000 +3.221783416e+002 +3.221783416e+002 +7.7099e-001 -2.3455e+000 +1.4031e+000
369 0 +1.928169177e+000 +3.221181692e+002 +3.221181692e+002 +8.3030e-001 -2.3541e+000 +1.4033e+000
375 0 +1.622865103e+000 +3.218128651e+002 +3.218128651e+002 +4.7711e-001 -2.3300e+000 +1.4032e+000
384 0 +1.560375480e+000 +3.217503755e+002 +3.217503755e+002 +7.0313e-001 -2.3644e+000 +1.4031e+000
389 0 +7.729782568e-001 +3.209629783e+002 +3.209629783e+002 +4.2571e-001 -2.3482e+000 +1.4032e+000
391 0 +7.553085169e-001 +3.209453085e+002 +3.209453085e+002 +3.6446e-001 -2.3554e+000 +1.4028e+000
395 0 +6.040396955e-001 +3.207940397e+002 +3.207940397e+002 +3.5563e-001 -2.3551e+000 +1.4030e+000
406 0 +5.859516140e-001 +3.207759516e+002 +3.207759516e+002 +3.8108e-001 -2.3602e+000 +1.4034e+000
414 0 +5.217982747e-001 +3.207117983e+002 +3.207117983e+002 +8.9034e-002 -2.3536e+000 +1.4028e+000
416 0 +2.941928841e-001 +3.204841929e+002 +3.204841929e+002 +8.9034e-002 -2.3606e+000 +1.4032e+000
422 0 +2.840955454e-001 +3.204740955e+002 +3.204740955e+002 +6.0595e-002 -2.3574e+000 +1.4030e+000
439 0 +2.201961474e-001 +3.204101961e+002 +3.204101961e+002 -6.3533e-002 -2.3553e+000 +1.4029e+000
445 0 +1.476632101e-001 +3.203376632e+002 +3.203376632e+002 -2.2178e-001 -2.3541e+000 +1.4029e+000
451 0 +1.115494142e-001 +3.203015494e+002 +3.203015494e+002 -3.1570e-001 -2.3553e+000 +1.4029e+000
460 0 +5.867817247e-002 +3.202486782e+002 +3.202486782e+002 -1.9274e-001 -2.3614e+000 +1.4032e+000
468 0 +2.985593718e-003 +3.201929856e+002 +3.201929856e+002 -3.9998e-001 -2.3619e+000 +1.4032e+000
485 0 +6.034481868e-004 +3.201906034e+002 +3.201906034e+002 -4.2221e-001 -2.3605e+000 +1.4032e+000
497 0 +4.001031411e-004 +3.201904001e+002 +3.201904001e+002 -4.4253e-001 -2.3612e+000 +1.4032e+000
509 0 +6.303033723e-005 +3.201900630e+002 +3.201900630e+002 -4.3902e-001 -2.3608e+000 +1.4032e+000
552 0 +1.422781384e-005 +3.201900142e+002 +3.201900142e+002 -4.3592e-001 -2.3608e+000 +1.4032e+000
555 0 +5.938379104e-007 +3.201900006e+002 +3.201900006e+002 -4.3299e-001 -2.3608e+000 +1.4032e+000
588 0 +6.716408052e-008 +3.201900001e+002 +3.201900001e+002 -4.3270e-001 -2.3608e+000 +1.4032e+000
612 0 +1.644008307e-008 +3.201900000e+002 +3.201900000e+002 -4.3276e-001 -2.3608e+000 +1.4032e+000
672 0 +1.557447149e-008 +3.201900000e+002 +3.201900000e+002 -4.3276e-001 -2.3608e+000 +1.4032e+000
674 0 +8.749907465e-010 +3.201900000e+002 +3.201900000e+002 -4.3279e-001 -2.3608e+000 +1.4032e+000
% f evaluations | g evaluations | best noise-free fitness - Fopt (-1.042400000000e+002) + sum g_i+ | measured fitness | best measured fitness or single-digit g-values | x1 | x2...
1 0 +4.051066792e+006 +4.050962552e+006 +4.050962552e+006 +3.9699e+000 -3.0388e+000 -6.7416e-001
3 0 +2.195149704e+003 +2.090909704e+003 +2.090909704e+003 +2.0996e+000 -3.1123e+000 +1.2757e+000
8 0 +1.991143412e+003 +1.886903412e+003 +1.886903412e+003 +6.6069e-001 -5.0000e+000 +1.3390e+000
9 0 +3.130488599e+002 +2.088088599e+002 +2.088088599e+002 +1.0253e+000 -4.0087e+000 +1.2964e+000
56 0 +5.928359756e+001 -4.495640244e+001 -4.495640244e+001 +8.3312e-003 -4.1607e+000 +1.3147e+000
86 0 +1.204552234e+001 -9.219447766e+001 -9.219447766e+001 +9.4799e-002 -3.9843e+000 +1.3107e+000
98 0 +1.200169608e+001 -9.223830392e+001 -9.223830392e+001 +1.7706e-001 -3.9843e+000 +1.3107e+000
100 0 +6.561887446e+000 -9.767811255e+001 -9.767811255e+001 +6.1817e-001 -3.9131e+000 +1.3160e+000
119 0 +1.850464076e-001 -1.040549536e+002 -1.040549536e+002 +8.0215e-001 -3.9215e+000 +1.3134e+000
122 0 +1.124052937e-001 -1.041275947e+002 -1.041275947e+002 +6.4548e-001 -3.9260e+000 +1.3135e+000
142 0 +2.214370140e-002 -1.042178563e+002 -1.042178563e+002 +5.4503e-001 -3.9195e+000 +1.3136e+000
180 0 +1.020339122e-002 -1.042297966e+002 -1.042297966e+002 +4.0123e-001 -3.9196e+000 +1.3135e+000
189 0 +3.062769284e-003 -1.042369372e+002 -1.042369372e+002 +3.9790e-001 -3.9188e+000 +1.3136e+000
201 0 +7.224939709e-005 -1.042399278e+002 -1.042399278e+002 +3.9486e-001 -3.9202e+000 +1.3136e+000
276 0 +5.311073892e-007 -1.042399995e+002 -1.042399995e+002 +3.9514e-001 -3.9200e+000 +1.3136e+000
322 0 +3.783185321e-008 -1.042400000e+002 -1.042400000e+002 +3.9436e-001 -3.9200e+000 +1.3136e+000
415 0 +2.045936753e-010 -1.042400000e+002 -1.042400000e+002 +3.9440e-001 -3.9200e+000 +1.3136e+000
% f evaluations | g evaluations | best noise-free fitness - Fopt (-6.785000000000e+001) + sum g_i+ | measured fitness | best measured fitness or single-digit g-values | x1 | x2...
1 0 +4.946098212e+005 +4.945419712e+005 +4.945419712e+005 -1.7445e+000 +2.8795e+000 +5.3846e-001
8 0 +6.335572965e+004 +6.328787965e+004 +6.328787965e+004 -5.0000e+000 -5.0000e+000 +1.3601e+000
9 0 +1.583439017e+004 +1.576654017e+004 +1.576654017e+004 -4.0951e+000 +5.0000e+000 +1.4057e+000
23 0 +7.760525067e+003 +7.692675067e+003 +7.692675067e+003 -2.0126e+000 +1.7715e+000 +1.2196e+000
47 0 +6.101968158e+003 +6.034118158e+003 +6.034118158e+003 -1.3414e+000 +2.6474e+000 +1.2196e+000
48 0 +2.355545967e+003 +2.287695967e+003 +2.287695967e+003 -1.6074e-001 +1.6435e+000 +1.3144e+000
58 0 +2.222118873e+003 +2.154268873e+003 +2.154268873e+003 +5.5268e-001 +2.2304e+000 +1.3458e+000
75 0 +1.089363151e+001 -5.695636849e+001 -5.695636849e+001 -4.4342e-001 +3.0995e+000 +1.3027e+000
99 0 +1.393406977e+000 -6.645659302e+001 -6.645659302e+001 -2.0717e-001 +3.0221e+000 +1.3037e+000
156 0 +5.009254344e-001 -6.734907457e+001 -6.734907457e+001 +2.0941e-001 +3.0249e+000 +1.3041e+000
189 0 +1.664230805e-001 -6.768357692e+001 -6.768357692e+001 +5.7335e-001 +3.0058e+000 +1.3039e+000
196 0 +8.397793617e-002 -6.776602206e+001 -6.776602206e+001 +7.0611e-001 +3.0128e+000 +1.3042e+000
208 0 +4.407125604e-002 -6.780592874e+001 -6.780592874e+001 +7.0994e-001 +3.0147e+000 +1.3041e+000
246 0 +2.540216116e-003 -6.784745978e+001 -6.784745978e+001 +9.2003e-001 +3.0152e+000 +1.3040e+000
269 0 +4.564053603e-005 -6.784995436e+001 -6.784995436e+001 +8.8849e-001 +3.0144e+000 +1.3040e+000
319 0 +3.416051150e-005 -6.784996584e+001 -6.784996584e+001 +8.8608e-001 +3.0144e+000 +1.3040e+000
327 0 +1.325967632e-005 -6.784998674e+001 -6.784998674e+001 +8.8499e-001 +3.0144e+000 +1.3040e+000
344 0 +2.997319470e-006 -6.784999700e+001 -6.784999700e+001 +8.8313e-001 +3.0144e+000 +1.3040e+000
358 0 +3.659685035e-007 -6.784999963e+001 -6.784999963e+001 +8.8143e-001 +3.0144e+000 +1.3040e+000
378 0 +9.896723441e-008 -6.784999990e+001 -6.784999990e+001 +8.8155e-001 +3.0144e+000 +1.3040e+000
391 0 +6.044501788e-009 -6.784999999e+001 -6.784999999e+001 +8.8164e-001 +3.0144e+000 +1.3040e+000
% f evaluations | g evaluations | best noise-free fitness - Fopt (-3.639800000000e+002) + sum g_i+ | measured fitness | best measured fitness or single-digit g-values | x1 | x2...
1 0 +7.467017103e+004 +7.430619103e+004 +7.430619103e+004 -5.9490e-001 -4.8728e+000 +2.7276e+000
3 0 +2.005025338e+003 +1.641045338e+003 +1.641045338e+003 -3.4940e+000 +2.7151e+000 +2.6557e+000
23 0 +5.427079804e+002 +1.787279804e+002 +1.787279804e+002 -1.1294e+000 +3.8071e+000 +2.6229e+000
39 0 +1.798017082e+002 -1.841782918e+002 -1.841782918e+002 -1.3880e+000 +2.8600e+000 +2.6210e+000
45 0 +4.185467295e+001 -3.221253271e+002 -3.221253271e+002 -1.3354e+000 +3.2355e+000 +2.6194e+000
112 0 +2.841004296e+001 -3.355699570e+002 -3.355699570e+002 -1.7673e+000 +3.1871e+000 +2.6099e+000
116 0 +4.453631506e+000 -3.595263685e+002 -3.595263685e+002 +2.1093e-001 +3.1864e+000 +2.6147e+000
128 0 +2.542911755e+000 -3.614370882e+002 -3.614370882e+002 +3.9344e-001 +3.1998e+000 +2.6138e+000
268 0 +2.384400746e+000 -3.615955993e+002 -3.615955993e+002 +4.0207e-001 +3.1926e+000 +2.6137e+000
275 0 +1.770759556e+000 -3.622092404e+002 -3.622092404e+002 +6.3372e-001 +3.1962e+000 +2.6132e+000
276 0 +1.289681677e+000 -3.626903183e+002 -3.626903183e+002 +1.0265e+000 +3.2044e+000 +2.6144e+000
293 0 +9.858352565e-001 -3.629941647e+002 -3.629941647e+002 +1.4156e+000 +3.2076e+000 +2.6144e+000
296 0 +1.623121579e-001 -3.638176878e+002 -3.638176878e+002 +1.4383e+000 +3.1925e+000 +2.6135e+000
303 0 +8.794507354e-002 -3.638920549e+002 -3.638920549e+002 +2.0103e+000 +3.1929e+000 +2.6134e+000
311 0 +3.341439143e-002 -3.639465856e+002 -3.639465856e+002 +1.7492e+000 +3.1872e+000 +2.6135e+000
324 0 +3.113236727e-002 -3.639488676e+002 -3.639488676e+002 +1.9360e+000 +3.1867e+000 +2.6136e+000
326 0 +7.287150084e-003 -3.639727128e+002 -3.639727128e+002 +1.8491e+000 +3.1881e+000 +2.6136e+000
346 0 +1.201429060e-004 -3.639798799e+002 -3.639798799e+002 +1.8175e+000 +3.1904e+000 +2.6136e+000
407 0 +1.210338525e-005 -3.639799879e+002 -3.639799879e+002 +1.8090e+000 +3.1903e+000 +2.6136e+000
437 0 +2.251028945e-007 -3.639799998e+002 -3.639799998e+002 +1.8116e+000 +3.1904e+000 +2.6136e+000
505 0 +1.783341190e-007 -3.639799998e+002 -3.639799998e+002 +1.8114e+000 +3.1904e+000 +2.6136e+000
533 0 +1.232081672e-007 -3.639799999e+002 -3.639799999e+002 +1.8115e+000 +3.1904e+000 +2.6136e+000
538 0 +1.376690761e-008 -3.639800000e+002 -3.639800000e+002 +1.8111e+000 +3.1904e+000 +2.6136e+000
592 0 +7.007486147e-009 -3.639800000e+002 -3.639800000e+002 +1.8111e+000 +3.1904e+000 +2.6136e+000
% f evaluations | g evaluations | best noise-free fitness - Fopt (-1.865000000000e+001) + sum g_i+ | measured fitness | best measured fitness or single-digit g-values | x1 | x2...
1 0 +5.433754703e+005 +5.433568203e+005 +5.433568203e+005 -4.5389e+000 -3.1397e+000 -1.6751e+000
2 0 +4.250184781e+005 +4.249998281e+005 +4.249998281e+005 +3.9479e+000 +1.8489e+000 -3.1775e+000
8 0 +7.556971755e+003 +7.538321755e+003 +7.538321755e+003 -5.0000e+000 +6.2929e-002 -2.5024e+000
24 0 +3.240710314e+003 +3.222060314e+003 +3.222060314e+003 -2.4633e+000 -2.8754e+000 -2.5369e+000
32 0 +4.592763484e+002 +4.406263484e+002 +4.406263484e+002 -2.7345e+000 -1.9376e+000 -2.4927e+000
54 0 +1.098278201e+002 +9.117782012e+001 +9.117782012e+001 -1.3106e+000 -2.5610e+000 -2.4910e+000
70 0 +1.081418889e+002 +8.949188885e+001 +8.949188885e+001 -2.2571e+000 -2.4293e+000 -2.4910e+000
91 0 +4.360980277e+001 +2.495980277e+001 +2.495980277e+001 -1.8082e+000 -2.6338e+000 -2.4821e+000
103 0 +1.812730864e+001 -5.226913573e-001 -5.226913573e-001 -1.5706e+000 -2.5422e+000 -2.4830e+000
111 0 +1.477728382e+001 -3.872716184e+000 -3.872716184e+000 -2.0199e+000 -2.5022e+000 -2.4819e+000
114 0 +8.192437734e+000 -1.045756227e+001 -1.045756227e+001 -1.3106e+000 -2.4815e+000 -2.4817e+000
138 0 +6.656274437e+000 -1.199372556e+001 -1.199372556e+001 -1.1650e+000 -2.4671e+000 -2.4804e+000
152 0 +2.982893067e+000 -1.566710693e+001 -1.566710693e+001 +1.0148e-001 -2.4459e+000 -2.4802e+000
165 0 +6.585922976e-001 -1.799140770e+001 -1.799140770e+001 +6.6183e-001 -2.4575e+000 -2.4810e+000
187 0 +2.467095375e-001 -1.840329046e+001 -1.840329046e+001 +1.7732e+000 -2.4536e+000 -2.4808e+000
199 0 +1.266038098e-001 -1.852339619e+001 -1.852339619e+001 +1.4654e+000 -2.4562e+000 -2.4810e+000
204 0 +1.098454759e-002 -1.863901545e+001 -1.863901545e+001 +1.5314e+000 -2.4682e+000 -2.4808e+000
228 0 +4.736498007e-003 -1.864526350e+001 -1.864526350e+001 +1.5135e+000 -2.4655e+000 -2.4808e+000
237 0 +1.002526852e-003 -1.864899747e+001 -1.864899747e+001 +1.4506e+000 -2.4648e+000 -2.4808e+000
275 0 +5.243625680e-004 -1.864947564e+001 -1.864947564e+001 +1.4613e+000 -2.4653e+000 -2.4808e+000
280 0 +2.954167179e-004 -1.864970458e+001 -1.864970458e+001 +1.4539e+000 -2.4653e+000 -2.4808e+000
290 0 +1.449298016e-004 -1.864985507e+001 -1.864985507e+001 +1.4569e+000 -2.4654e+000 -2.4808e+000
316 0 +6.445672032e-006 -1.864999355e+001 -1.864999355e+001 +1.4683e+000 -2.4656e+000 -2.4808e+000
334 0 +1.572740690e-006 -1.864999843e+001 -1.864999843e+001 +1.4662e+000 -2.4656e+000 -2.4808e+000
393 0 +1.024110787e-007 -1.864999990e+001 -1.864999990e+001 +1.4675e+000 -2.4656e+000 -2.4808e+000
425 0 +6.329763380e-009 -1.864999999e+001 -1.864999999e+001 +1.4672e+000 -2.4656e+000 -2.4808e+000
% f evaluations | g evaluations | best noise-free fitness - Fopt (1.749200000000e+002) + sum g_i+ | measured fitness | best measured fitness or single-digit g-values | x1 | x2...
1 0 +2.420034497e+007 +2.420051989e+007 +2.420051989e+007 -4.5195e+000 -4.6646e+000 +1.5617e+000
2 0 +2.503983804e+006 +2.504158724e+006 +2.504158724e+006 +1.1893e+000 -2.0221e+000 -4.8588e+000
3 0 +9.410896891e+003 +9.585816891e+003 +9.585816891e+003 +3.8064e+000 -1.7318e+000 -3.3181e+000
22 0 +3.355144948e+003 +3.530064948e+003 +3.530064948e+003 -1.6919e+000 -3.5686e+000 -3.4044e+000
41 0 +1.620320051e+003 +1.795240051e+003 +1.795240051e+003 +3.6385e-001 -3.0244e+000 -3.4037e+000
55 0 +1.248399644e+003 +1.423319644e+003 +1.423319644e+003 +1.5934e+000 -2.7405e+000 -3.4331e+000
56 0 +1.235826770e+002 +2.985026770e+002 +2.985026770e+002 +1.7280e+000 -2.0573e+000 -3.4194e+000
68 0 +5.635434192e+001 +2.312743419e+002 +2.312743419e+002 -1.1902e+000 -2.0798e+000 -3.4094e+000
73 0 +3.578537032e+001 +2.107053703e+002 +2.107053703e+002 -2.0435e+000 -1.9160e+000 -3.4045e+000
87 0 +1.778866362e+001 +1.927086636e+002 +1.927086636e+002 -6.9495e-001 -1.9649e+000 -3.4120e+000
105 0 +7.539312768e+000 +1.824593128e+002 +1.824593128e+002 +2.1365e-001 -1.8498e+000 -3.4128e+000
129 0 +7.135838188e+000 +1.820558382e+002 +1.820558382e+002 +2.7761e-001 -1.8012e+000 -3.4122e+000
130 0 +9.915525887e-001 +1.759115526e+002 +1.759115526e+002 -3.7311e-001 -1.8665e+000 -3.4105e+000
145 0 +6.268747946e-001 +1.755468748e+002 +1.755468748e+002 -3.2026e-001 -1.8470e+000 -3.4102e+000
157 0 +4.069674777e-001 +1.753269675e+002 +1.753269675e+002 -8.1871e-001 -1.8292e+000 -3.4107e+000
159 0 +1.785364423e-002 +1.749378536e+002 +1.749378536e+002 -1.0552e+000 -1.8419e+000 -3.4104e+000
171 0 +5.923730203e-003 +1.749259237e+002 +1.749259237e+002 -1.1698e+000 -1.8455e+000 -3.4105e+000
240 0 +3.388991018e-004 +1.749203389e+002 +1.749203389e+002 -1.1440e+000 -1.8443e+000 -3.4104e+000
247 0 +3.468509050e-005 +1.749200347e+002 +1.749200347e+002 -1.1561e+000 -1.8449e+000 -3.4104e+000
255 0 +1.973033287e-005 +1.749200197e+002 +1.749200197e+002 -1.1521e+000 -1.8449e+000 -3.4104e+000
296 0 +1.247183573e-005 +1.749200125e+002 +1.749200125e+002 -1.1507e+000 -1.8447e+000 -3.4104e+000
305 0 +1.094109675e-005 +1.749200109e+002 +1.749200109e+002 -1.1544e+000 -1.8447e+000 -3.4104e+000
324 0 +1.170570272e-007 +1.749200001e+002 +1.749200001e+002 -1.1521e+000 -1.8448e+000 -3.4104e+000
397 0 +1.190352350e-008 +1.749200000e+002 +1.749200000e+002 -1.1520e+000 -1.8448e+000 -3.4104e+000
409 0 +3.975600293e-009 +1.749200000e+002 +1.749200000e+002 -1.1519e+000 -1.8448e+000 -3.4104e+000
% f evaluations | g evaluations | best noise-free fitness - Fopt (-5.659600000000e+002) + sum g_i+ | measured fitness | best measured fitness or single-digit g-values | x1 | x2...
1 0 +2.623707966e+007 +2.623651370e+007 +2.623651370e+007 +3.9158e+000 +1.7392e+000 +3.0429e+000
3 0 +1.220558980e+005 +1.214899380e+005 +1.214899380e+005 +1.8570e+000 +7.5338e-001 -1.7958e+000
9 0 +5.552574439e+004 +5.495978439e+004 +5.495978439e+004 +3.3700e+000 +2.6986e+000 -2.3643e+000
10 0 +1.716702266e+004 +1.660106266e+004 +1.660106266e+004 -2.6946e+000 -1.4788e+000 -2.2609e+000
11 0 +1.259596480e+004 +1.203000480e+004 +1.203000480e+004 +5.0000e+000 +3.5888e+000 -2.1859e+000
12 0 +1.228549579e+004 +1.171953579e+004 +1.171953579e+004 +5.0000e+000 +3.5339e+000 -2.1864e+000
17 0 +4.565459792e+003 +3.999499792e+003 +3.999499792e+003 +1.2891e+000 +1.1236e+000 -2.0772e+000
34 0 +3.072626149e+003 +2.506666149e+003 +2.506666149e+003 +1.3734e+000 +1.1925e+000 -2.0999e+000
46 0 +2.641495894e+003 +2.075535894e+003 +2.075535894e+003 +2.5550e+000 +1.9600e+000 -2.1346e+000
62 0 +1.818433267e+003 +1.252473267e+003 +1.252473267e+003 +1.9072e+000 +1.4606e+000 -2.1429e+000
114 0 +1.275169311e+003 +7.092093108e+002 +7.092093108e+002 -4.1295e-001 +7.3198e-001 -2.1097e+000
118 0 +7.378887310e+002 +1.719287310e+002 +1.719287310e+002 +1.6268e-001 +9.3830e-001 -2.1290e+000
123 0 +3.604047147e+002 -2.055552853e+002 -2.055552853e+002 -4.1295e-001 +7.3198e-001 -2.1341e+000
134 0 +2.483248493e+001 -5.411275151e+002 -5.411275151e+002 -3.5542e+000 +3.5485e-001 -2.1469e+000
152 0 +1.470015029e+001 -5.512598497e+002 -5.512598497e+002 -2.1865e+000 +3.4283e-001 -2.1448e+000
172 0 +1.087857693e+000 -5.648721423e+002 -5.648721423e+002 -1.3173e+000 +2.5519e-001 -2.1456e+000
194 0 +3.730005406e-001 -5.655869995e+002 -5.655869995e+002 -8.5211e-001 +2.1921e-001 -2.1451e+000
232 0 +1.819475229e-002 -5.659418052e+002 -5.659418052e+002 -8.8273e-001 +2.3894e-001 -2.1447e+000
254 0 +5.015001667e-003 -5.659549850e+002 -5.659549850e+002 -9.0353e-001 +2.3647e-001 -2.1448e+000
288 0 +9.469267843e-005 -5.659599053e+002 -5.659599053e+002 -9.5504e-001 +2.3616e-001 -2.1448e+000
335 0 +9.107295102e-005 -5.659599089e+002 -5.659599089e+002 -9.6444e-001 +2.3618e-001 -2.1448e+000
350 0 +3.291834889e-005 -5.659599671e+002 -5.659599671e+002 -9.5559e-001 +2.3609e-001 -2.1448e+000
382 0 +2.017179793e-005 -5.659599798e+002 -5.659599798e+002 -9.5442e-001 +2.3595e-001 -2.1448e+000
393 0 +1.581953825e-006 -5.659599984e+002 -5.659599984e+002 -9.5728e-001 +2.3597e-001 -2.1448e+000
409 0 +1.342498308e-007 -5.659599999e+002 -5.659599999e+002 -9.5780e-001 +2.3600e-001 -2.1448e+000
432 0 +8.662959772e-008 -5.659599999e+002 -5.659599999e+002 -9.5768e-001 +2.3601e-001 -2.1448e+000
492 0 +8.064228041e-008 -5.659599999e+002 -5.659599999e+002 -9.5736e-001 +2.3600e-001 -2.1448e+000
496 0 +3.904392543e-008 -5.659600000e+002 -5.659600000e+002 -9.5743e-001 +2.3600e-001 -2.1448e+000
507 0 +4.577259460e-009 -5.659600000e+002 -5.659600000e+002 -9.5756e-001 +2.3600e-001 -2.1448e+000
% f evaluations | g evaluations | best noise-free fitness - Fopt (7.095000000000e+001) + sum g_i+ | measured fitness | best measured fitness or single-digit g-values | x1 | x2...
1 0 +3.381581843e+007 +3.381588938e+007 +3.381588938e+007 -1.6723e+000 -1.6605e+000 +3.6814e+000
3 0 +6.968431778e+004 +6.975526778e+004 +6.975526778e+004 -4.7452e+000 +5.2130e-001 -1.8660e+000
9 0 +4.414186013e+004 +4.421281013e+004 +4.421281013e+004 +6.1637e-001 -9.8106e-001 -2.3218e+000
29 0 +1.392903227e+003 +1.463853227e+003 +1.463853227e+003 -1.5568e-001 +1.2951e+000 -2.1618e+000
46 0 +6.298448125e+002 +7.007948125e+002 +7.007948125e+002 -2.6208e+000 +2.6860e-001 -2.1351e+000
50 0 +3.693922392e+002 +4.403422392e+002 +4.403422392e+002 -1.2406e+000 +8.7387e-001 -2.1085e+000
69 0 +1.532048821e+001 +8.627048821e+001 +8.627048821e+001 -1.3202e+000 +1.1387e+000 -2.1241e+000
104 0 +1.139637473e+001 +8.234637473e+001 +8.234637473e+001 -2.4577e+000 +1.0357e+000 -2.1276e+000
129 0 +6.981588800e+000 +7.793158880e+001 +7.793158880e+001 -1.9447e+000 +1.0831e+000 -2.1263e+000
163 0 +5.998943101e+000 +7.694894310e+001 +7.694894310e+001 -1.4489e+000 +1.0529e+000 -2.1262e+000
175 0 +5.814052379e+000 +7.676405238e+001 +7.676405238e+001 -1.3953e+000 +1.0529e+000 -2.1262e+000
179 0 +4.158902399e+000 +7.510890240e+001 +7.510890240e+001 -1.0291e+000 +1.0728e+000 -2.1282e+000
187 0 +3.187145343e+000 +7.413714534e+001 +7.413714534e+001 -1.0291e+000 +1.0884e+000 -2.1272e+000
210 0 +3.135968300e+000 +7.408596830e+001 +7.408596830e+001 -1.0291e+000 +1.0839e+000 -2.1273e+000
214 0 +2.545980259e+000 +7.349598026e+001 +7.349598026e+001 -8.0014e-001 +1.0744e+000 -2.1275e+000
224 0 +2.493144802e+000 +7.344314480e+001 +7.344314480e+001 -7.9711e-001 +1.0896e+000 -2.1271e+000
227 0 +2.383136839e+000 +7.333313684e+001 +7.333313684e+001 -7.7230e-001 +1.0768e+000 -2.1275e+000
229 0 +1.764492988e+000 +7.271449299e+001 +7.271449299e+001 -6.1502e-001 +1.0824e+000 -2.1273e+000
233 0 +9.683783072e-001 +7.191837831e+001 +7.191837831e+001 -2.4640e-001 +1.0926e+000 -2.1269e+000
234 0 +3.720491919e-001 +7.132204919e+001 +7.132204919e+001 +1.6467e-001 +1.0871e+000 -2.1269e+000
237 0 +9.382028148e-002 +7.104382028e+001 +7.104382028e+001 +3.7321e-001 +1.0855e+000 -2.1272e+000
257 0 +9.019163686e-002 +7.104019164e+001 +7.104019164e+001 +3.7670e-001 +1.0853e+000 -2.1272e+000
266 0 +1.084726861e-002 +7.096084727e+001 +7.096084727e+001 +5.9823e-001 +1.0826e+000 -2.1272e+000
284 0 +3.596907854e-003 +7.095359691e+001 +7.095359691e+001 +5.7449e-001 +1.0802e+000 -2.1272e+000
291 0 +2.376814778e-004 +7.095023768e+001 +7.095023768e+001 +6.1964e-001 +1.0797e+000 -2.1272e+000
319 0 +3.175902862e-005 +7.095003176e+001 +7.095003176e+001 +6.1552e-001 +1.0792e+000 -2.1272e+000
366 0 +1.662236944e-005 +7.095001662e+001 +7.095001662e+001 +6.1229e-001 +1.0791e+000 -2.1272e+000
378 0 +1.515094517e-005 +7.095001515e+001 +7.095001515e+001 +6.1173e-001 +1.0791e+000 -2.1272e+000
382 0 +1.440667475e-006 +7.095000144e+001 +7.095000144e+001 +6.1370e-001 +1.0792e+000 -2.1272e+000
389 0 +1.341934137e-007 +7.095000013e+001 +7.095000013e+001 +6.1457e-001 +1.0792e+000 -2.1272e+000
399 0 +4.710092583e-008 +7.095000005e+001 +7.095000005e+001 +6.1427e-001 +1.0792e+000 -2.1272e+000
431 0 +1.098582914e-008 +7.095000001e+001 +7.095000001e+001 +6.1430e-001 +1.0792e+000 -2.1272e+000
446 0 +5.319449770e-009 +7.095000001e+001 +7.095000001e+001 +6.1440e-001 +1.0792e+000 -2.1272e+000
% f evaluations | g evaluations | best noise-free fitness - Fopt (4.728000000000e+001) + sum g_i+ | measured fitness | best measured fitness or single-digit g-values | x1 | x2...
1 0 +4.332939889e+005 +4.333412689e+005 +4.333412689e+005 +2.8312e+000 +1.3595e+000 +3.8726e+000
6 0 +3.256774822e+004 +3.261502822e+004 +3.261502822e+004 +1.4944e-001 -7.5110e-001 +3.0985e+000
8 0 +9.817302820e+002 +1.029010282e+003 +1.029010282e+003 -5.0000e+000 -9.1150e-001 +3.3005e+000
35 0 +3.362050998e+002 +3.834850998e+002 +3.834850998e+002 -3.8751e+000 -1.0571e+000 +3.2853e+000
47 0 +6.734252896e+001 +1.146225290e+002 +1.146225290e+002 -4.4334e+000 -8.7166e-001 +3.2718e+000
109 0 +5.454100699e+001 +1.018210070e+002 +1.018210070e+002 -3.9952e+000 -8.1293e-001 +3.2712e+000
133 0 +2.586374725e+001 +7.314374725e+001 +7.314374725e+001 -1.4313e+000 -7.7853e-001 +3.2702e+000
145 0 +2.196918425e+001 +6.924918425e+001 +6.924918425e+001 -9.8460e-001 -7.9694e-001 +3.2698e+000
157 0 +8.446783321e+000 +5.572678332e+001 +5.572678332e+001 +1.2850e+000 -8.5184e-001 +3.2695e+000
179 0 +3.885326558e+000 +5.116532656e+001 +5.116532656e+001 +3.1821e+000 -8.0265e-001 +3.2723e+000
187 0 +9.376225476e-002 +4.737376225e+001 +4.737376225e+001 +3.5518e+000 -7.9855e-001 +3.2703e+000
221 0 +1.738880076e-003 +4.728173888e+001 +4.728173888e+001 +3.6603e+000 -8.0663e-001 +3.2704e+000
255 0 +6.366345027e-004 +4.728063663e+001 +4.728063663e+001 +3.6807e+000 -8.0659e-001 +3.2704e+000
265 0 +3.754699876e-005 +4.728003755e+001 +4.728003755e+001 +3.6934e+000 -8.0654e-001 +3.2704e+000
283 0 +8.865267723e-006 +4.728000887e+001 +4.728000887e+001 +3.6954e+000 -8.0644e-001 +3.2704e+000
297 0 +5.092333325e-006 +4.728000509e+001 +4.728000509e+001 +3.6964e+000 -8.0642e-001 +3.2704e+000
335 0 +4.969290060e-006 +4.728000497e+001 +4.728000497e+001 +3.6921e+000 -8.0639e-001 +3.2704e+000
338 0 +2.932001472e-006 +4.728000293e+001 +4.728000293e+001 +3.6927e+000 -8.0641e-001 +3.2704e+000
349 0 +1.600560729e-006 +4.728000160e+001 +4.728000160e+001 +3.6935e+000 -8.0643e-001 +3.2704e+000
359 0 +1.683969586e-007 +4.728000017e+001 +4.728000017e+001 +3.6941e+000 -8.0640e-001 +3.2704e+000
364 0 +2.165835156e-008 +4.728000002e+001 +4.728000002e+001 +3.6945e+000 -8.0640e-001 +3.2704e+000
392 0 +8.648228800e-009 +4.728000001e+001 +4.728000001e+001 +3.6944e+000 -8.0640e-001 +3.2704e+000
% f evaluations | g evaluations | best noise-free fitness - Fopt (-5.688800000000e+002) + sum g_i+ | measured fitness | best measured fitness or single-digit g-values | x1 | x2...
1 0 +3.730373884e+005 +3.724685084e+005 +3.724685084e+005 +4.1672e+000 +3.6362e+000 -7.1870e-001
8 0 +9.337454707e+002 +3.648654707e+002 +3.648654707e+002 +3.1448e+000 -2.1184e+000 -1.2373e+000
9 0 +7.394128515e+002 +1.705328515e+002 +1.705328515e+002 +3.0852e+000 -2.5074e+000 -1.2380e+000
32 0 +6.443217432e+000 -5.624367826e+002 -5.624367826e+002 +3.9692e+000 -2.6144e+000 -1.2629e+000
104 0 +6.029690404e+000 -5.628503096e+002 -5.628503096e+002 +3.7957e+000 -2.4747e+000 -1.2636e+000
106 0 +5.247426418e+000 -5.636325736e+002 -5.636325736e+002 +2.6625e+000 -2.6215e+000 -1.2630e+000
115 0 +6.463242603e-001 -5.682336757e+002 -5.682336757e+002 +3.1637e+000 -2.5546e+000 -1.2631e+000
143 0 +2.971205330e-002 -5.688502879e+002 -5.688502879e+002 +2.3922e+000 -2.5392e+000 -1.2633e+000
146 0 +2.054271980e-002 -5.688594573e+002 -5.688594573e+002 +2.3922e+000 -2.5436e+000 -1.2631e+000
168 0 +1.064224593e-003 -5.688789358e+002 -5.688789358e+002 +2.4971e+000 -2.5429e+000 -1.2632e+000
202 0 +3.644133324e-004 -5.688796356e+002 -5.688796356e+002 +2.4861e+000 -2.5421e+000 -1.2632e+000
238 0 +8.372411719e-005 -5.688799163e+002 -5.688799163e+002 +2.4703e+000 -2.5423e+000 -1.2632e+000
271 0 +8.480378824e-006 -5.688799915e+002 -5.688799915e+002 +2.4708e+000 -2.5424e+000 -1.2632e+000
283 0 +3.610918270e-006 -5.688799964e+002 -5.688799964e+002 +2.4719e+000 -2.5424e+000 -1.2632e+000
290 0 +2.874157531e-006 -5.688799971e+002 -5.688799971e+002 +2.4717e+000 -2.5424e+000 -1.2632e+000
335 0 +2.003638429e-007 -5.688799998e+002 -5.688799998e+002 +2.4723e+000 -2.5424e+000 -1.2632e+000
360 0 +7.365906640e-008 -5.688799999e+002 -5.688799999e+002 +2.4723e+000 -2.5424e+000 -1.2632e+000
379 0 +6.901439065e-008 -5.688799999e+002 -5.688799999e+002 +2.4719e+000 -2.5424e+000 -1.2632e+000
390 0 +1.341322786e-008 -5.688800000e+002 -5.688800000e+002 +2.4720e+000 -2.5424e+000 -1.2632e+000
432 0 +1.031332886e-008 -5.688800000e+002 -5.688800000e+002 +2.4720e+000 -2.5424e+000 -1.2632e+000
448 0 +5.463220987e-009 -5.688800000e+002 -5.688800000e+002 +2.4720e+000 -2.5424e+000 -1.2632e+000
% f evaluations | g evaluations | best noise-free fitness - Fopt (2.069000000000e+001) + sum g_i+ | measured fitness | best measured fitness or single-digit g-values | x1 | x2...
1 0 +9.460687667e+006 +9.460708357e+006 +9.460708357e+006 +1.6317e+000 +3.8918e+000 +4.6897e+000
6 0 +1.372588547e+005 +1.372795447e+005 +1.372795447e+005 +1.8517e+000 +3.5896e+000 +1.8931e+000
8 0 +2.047228770e+003 +2.067918770e+003 +2.067918770e+003 +5.0000e+000 -1.0340e+000 +1.5125e+000
22 0 +1.979338339e+003 +2.000028339e+003 +2.000028339e+003 +1.1744e+000 +1.2990e+000 +1.5539e+000
56 0 +1.919263002e+003 +1.939953002e+003 +1.939953002e+003 +4.7995e+000 -9.9764e-001 +1.5125e+000
58 0 +1.380367788e+003 +1.401057788e+003 +1.401057788e+003 +7.9622e-001 +1.7596e-001 +1.4987e+000
92 0 +1.126157452e+003 +1.146847452e+003 +1.146847452e+003 +4.0101e+000 -5.0436e-001 +1.5063e+000
104 0 +3.633567853e+002 +3.840467853e+002 +3.840467853e+002 +4.2452e+000 -1.1912e-001 +1.5169e+000
118 0 +3.126920826e+002 +3.333820826e+002 +3.333820826e+002 +1.0188e-002 +5.2028e-001 +1.5207e+000
131 0 +4.864704404e+001 +6.933704404e+001 +6.933704404e+001 +4.2452e+000 -5.0214e-002 +1.5357e+000
142 0 +3.685709443e+001 +5.754709443e+001 +5.754709443e+001 +4.5003e+000 +1.9475e-001 +1.5278e+000
143 0 +7.114803381e+000 +2.780480338e+001 +2.780480338e+001 +4.6434e+000 +6.8201e-002 +1.5330e+000
151 0 +1.007856869e+000 +2.169785687e+001 +2.169785687e+001 +3.7331e+000 +1.4546e-001 +1.5326e+000
163 0 +9.299781543e-002 +2.078299782e+001 +2.078299782e+001 +3.7387e+000 +1.4585e-001 +1.5334e+000
232 0 +2.521459310e-003 +2.069252146e+001 +2.069252146e+001 +3.7665e+000 +1.5420e-001 +1.5336e+000
273 0 +6.127608712e-005 +2.069006128e+001 +2.069006128e+001 +3.8043e+000 +1.5373e-001 +1.5336e+000
306 0 +5.140382781e-005 +2.069005140e+001 +2.069005140e+001 +3.8029e+000 +1.5342e-001 +1.5336e+000
345 0 +1.365294439e-005 +2.069001365e+001 +2.069001365e+001 +3.8089e+000 +1.5363e-001 +1.5336e+000
355 0 +4.912535623e-006 +2.069000491e+001 +2.069000491e+001 +3.8055e+000 +1.5357e-001 +1.5336e+000
398 0 +2.574034248e-007 +2.069000026e+001 +2.069000026e+001 +3.8053e+000 +1.5359e-001 +1.5336e+000
435 0 +1.392711368e-007 +2.069000014e+001 +2.069000014e+001 +3.8057e+000 +1.5359e-001 +1.5336e+000
455 0 +1.956973250e-008 +2.069000002e+001 +2.069000002e+001 +3.8056e+000 +1.5360e-001 +1.5336e+000
475 0 +7.607724228e-009 +2.069000001e+001 +2.069000001e+001 +3.8056e+000 +1.5360e-001 +1.5336e+000
% f evaluations | g evaluations | best noise-free fitness - Fopt (5.616700000000e+002) + sum g_i+ | measured fitness | best measured fitness or single-digit g-values | x1 | x2...
1 0 +3.116043699e+007 +3.116099866e+007 +3.116099866e+007 -3.2659e+000 -2.9287e+000 +3.2533e+000
4 0 +2.166829545e+007 +2.166885712e+007 +2.166885712e+007 +8.3467e-002 +2.8322e+000 +2.3126e+000
5 0 +6.532692409e+006 +6.533254079e+006 +6.533254079e+006 +5.0000e+000 -5.0000e+000 -5.0000e+000
6 0 +5.238279024e+003 +5.799949024e+003 +5.799949024e+003 -4.2267e-001 +1.9408e+000 -2.3336e+000
11 0 +1.181501350e+003 +1.743171350e+003 +1.743171350e+003 +9.5334e-001 -6.8727e-001 -2.3915e+000
46 0 +1.039435673e+003 +1.601105673e+003 +1.601105673e+003 +1.0605e+000 -9.9420e-001 -2.3431e+000
61 0 +2.104726463e+002 +7.721426463e+002 +7.721426463e+002 +8.1937e-001 +3.2790e-001 -2.3580e+000
103 0 +1.340371703e+001 +5.750737170e+002 +5.750737170e+002 +1.3534e+000 -6.4512e-002 -2.3615e+000
132 0 +5.863778601e+000 +5.675337786e+002 +5.675337786e+002 +4.5446e-001 -1.4625e-001 -2.3628e+000
156 0 +3.956182150e+000 +5.656261822e+002 +5.656261822e+002 +2.9615e-001 -1.1610e-001 -2.3625e+000
168 0 +2.960057195e+000 +5.646300572e+002 +5.646300572e+002 +8.9555e-002 -1.1346e-001 -2.3620e+000
182 0 +2.617731693e+000 +5.642877317e+002 +5.642877317e+002 -2.8801e-001 -9.7570e-002 -2.3621e+000
199 0 +2.253905859e+000 +5.639239059e+002 +5.639239059e+002 -4.1681e-001 -1.2947e-001 -2.3629e+000
202 0 +2.109743025e+000 +5.637797430e+002 +5.637797430e+002 -1.9466e-001 -1.2108e-001 -2.3626e+000
208 0 +2.037924606e+000 +5.637079246e+002 +5.637079246e+002 -3.0580e-001 -1.2435e-001 -2.3623e+000
211 0 +1.876173922e+000 +5.635461739e+002 +5.635461739e+002 -4.7705e-001 -1.1228e-001 -2.3625e+000
232 0 +1.758395547e+000 +5.634283955e+002 +5.634283955e+002 -5.8938e-001 -1.0291e-001 -2.3622e+000
233 0 +1.477665833e+000 +5.631476658e+002 +5.631476658e+002 -6.4293e-001 -1.1344e-001 -2.3628e+000
234 0 +9.474293232e-001 +5.626174293e+002 +5.626174293e+002 -7.7161e-001 -1.1388e-001 -2.3620e+000
241 0 +7.650039468e-001 +5.624350039e+002 +5.624350039e+002 -7.7910e-001 -1.1943e-001 -2.3623e+000
253 0 +5.279956933e-001 +5.621979957e+002 +5.621979957e+002 -1.0246e+000 -1.2476e-001 -2.3623e+000
255 0 +5.237046514e-001 +5.621937047e+002 +5.621937047e+002 -9.7455e-001 -1.1877e-001 -2.3625e+000
256 0 +1.697949760e-001 +5.618397950e+002 +5.618397950e+002 -1.5060e+000 -1.2892e-001 -2.3627e+000
260 0 +9.276073937e-002 +5.617627607e+002 +5.617627607e+002 -1.4657e+000 -1.2600e-001 -2.3624e+000
271 0 +8.827223401e-002 +5.617582722e+002 +5.617582722e+002 -1.5453e+000 -1.2762e-001 -2.3625e+000
272 0 +4.962326977e-002 +5.617196233e+002 +5.617196233e+002 -1.6994e+000 -1.2760e-001 -2.3624e+000
283 0 +4.671484564e-002 +5.617167148e+002 +5.617167148e+002 -1.6106e+000 -1.2473e-001 -2.3623e+000
284 0 +2.385403081e-002 +5.616938540e+002 +5.616938540e+002 -1.6251e+000 -1.2397e-001 -2.3624e+000
303 0 +3.384880322e-003 +5.616733849e+002 +5.616733849e+002 -1.6493e+000 -1.1961e-001 -2.3624e+000
333 0 +9.611111443e-004 +5.616709611e+002 +5.616709611e+002 -1.6699e+000 -1.2018e-001 -2.3624e+000
344 0 +4.645093256e-004 +5.616704645e+002 +5.616704645e+002 -1.6874e+000 -1.1968e-001 -2.3624e+000
348 0 +3.320425321e-004 +5.616703320e+002 +5.616703320e+002 -1.6916e+000 -1.1996e-001 -2.3624e+000
360 0 +1.239903895e-006 +5.616700012e+002 +5.616700012e+002 -1.7008e+000 -1.1997e-001 -2.3624e+000
402 0 +2.047087264e-007 +5.616700002e+002 +5.616700002e+002 -1.7008e+000 -1.1999e-001 -2.3624e+000
451 0 +2.347996997e-008 +5.616700000e+002 +5.616700000e+002 -1.7009e+000 -1.2000e-001 -2.3624e+000
461 0 +5.590891305e-009 +5.616700000e+002 +5.616700000e+002 -1.7008e+000 -1.2000e-001 -2.3624e+000
