% f evaluations | g evaluations | best noise-free fitness - Fopt (-2.098800000000e+002) + sum g_i+ | measured fitness | best measured fitness or single-digit g-values | x1 | x2...
1 0 +7.240280296e+006 +7.240070416e+006 +7.240070416e+006 +8.8700e-002 -1.9778e+000 -4.3461e+000 +1.0607e+000 -9.6861e-001
3 0 +1.445337338e+006 +1.445127458e+006 +1.445127458e+006 -4.9584e+000 +1.3180e+000 +3.7631e+000 +3.2351e+000 +2.8919e+000
5 0 +3.405222269e+005 +3.403123469e+005 +3.403123469e+005 +1.9812e+000 +9.5185e-001 -1.2652e+000 -2.5885e-001 +1.4598e+000
8 0 +2.019964154e+005 +2.017865354e+005 +2.017865354e+005 +2.1542e+000 +2.2229e+000 +2.0698e+000 +1.9965e+000 +1.3555e+000
29 0 +1.389652580e+004 +1.368664580e+004 +1.368664580e+004 -5.0000e+000 +4.5158e+000 +1.2532e+000 +1.8997e+000 +1.8127e+000
59 0 +8.727798514e+003 +8.517918514e+003 +8.517918514e+003 +1.1980e+000 -1.9199e+000 +3.3189e+000 +1.8926e+000 +1.8159e+000
128 0 +7.197814596e+003 +6.987934596e+003 +6.987934596e+003 -5.0000e+000 +8.3383e-001 +1.5335e+000 +2.6145e+000 +1.8249e+000
132 0 +5.235106056e+003 +5.025226056e+003 +5.025226056e+003 -1.8536e+000 -7.2824e-001 +1.6382e+000 +2.1966e+000 +1.7745e+000
152 0 +5.115100719e+003 +4.905220719e+003 +4.905220719e+003 -1.9827e+000 +1.4728e-001 +1.3203e+000 +2.4386e+000 +1.7724e+000
167 0 +3.250528980e+003 +3.040648980e+003 +3.040648980e+003 -5.0000e+000 -2.0827e+000 +1.9360e+000 +2.3898e+000 +1.7847e+000
197 0 +1.009052442e+003 +7.991724422e+002 +7.991724422e+002 -2.6865e+000 -2.0827e+000 +3.3189e+000 +2.4565e+000 +1.8091e+000
208 0 +3.137582672e+002 +1.038782672e+002 +1.038782672e+002 -5.0000e+000 +1.9446e+000 +3.3189e+000 +2.4570e+000 +1.7909e+000
255 0 +4.260711439e+001 -1.672728856e+002 -1.672728856e+002 -5.0000e+000 +5.2564e-001 +3.5332e+000 +2.3714e+000 +1.7852e+000
268 0 +2.205525934e+001 -1.878247407e+002 -1.878247407e+002 -2.6006e+000 +6.3680e-001 +3.4765e+000 +2.3847e+000 +1.7845e+000
319 0 +8.487255488e+000 -2.013927445e+002 -2.013927445e+002 -5.0863e-001 +1.7643e-001 +3.5086e+000 +2.3894e+000 +1.7861e+000
339 0 +7.967755322e+000 -2.019122447e+002 -2.019122447e+002 +1.3670e-001 +2.0633e-001 +3.4934e+000 +2.3930e+000 +1.7861e+000
342 0 +1.773759071e+000 -2.081062409e+002 -2.081062409e+002 +1.3670e-001 +3.4384e-001 +3.5434e+000 +2.3849e+000 +1.7854e+000
369 0 +1.295207098e+000 -2.085847929e+002 -2.085847929e+002 +1.8970e+000 +3.6691e-001 +3.5746e+000 +2.3891e+000 +1.7854e+000
422 0 +5.879471759e-001 -2.092920528e+002 -2.092920528e+002 +9.2260e-001 +4.6775e-001 +3.5434e+000 +2.3876e+000 +1.7851e+000
435 0 +3.114885668e-001 -2.095685114e+002 -2.095685114e+002 +1.6283e+000 +4.0506e-001 +3.5457e+000 +2.3864e+000 +1.7854e+000
465 0 +1.636672172e-001 -2.097163328e+002 -2.097163328e+002 +1.0806e+000 +3.9726e-001 +3.5564e+000 +2.3861e+000 +1.7854e+000
482 0 +1.265017402e-001 -2.097534983e+002 -2.097534983e+002 +1.2667e+000 +4.0312e-001 +3.5487e+000 +2.3863e+000 +1.7855e+000
505 0 +8.660863269e-002 -2.097933914e+002 -2.097933914e+002 +1.1718e+000 +4.4472e-001 +3.5468e+000 +2.3861e+000 +1.7854e+000
519 0 +1.821051941e-002 -2.098617895e+002 -2.098617895e+002 +1.2253e+000 +4.2569e-001 +3.5546e+000 +2.3864e+000 +1.7856e+000
568 0 +4.530922626e-003 -2.098754691e+002 -2.098754691e+002 +1.1519e+000 +4.4151e-001 +3.5544e+000 +2.3865e+000 +1.7856e+000
619 0 +3.032161626e-004 -2.098796968e+002 -2.098796968e+002 +1.2130e+000 +4.5008e-001 +3.5541e+000 +2.3864e+000 +1.7856e+000
631 0 +1.203980149e-004 -2.098798796e+002 -2.098798796e+002 +1.2121e+000 +4.4801e-001 +3.5543e+000 +2.3864e+000 +1.7856e+000
667 0 +8.136685588e-005 -2.098799186e+002 -2.098799186e+002 +1.2025e+000 +4.4786e-001 +3.5544e+000 +2.3864e+000 +1.7856e+000
699 0 +1.103635390e-005 -2.098799890e+002 -2.098799890e+002 +1.2080e+000 +4.4838e-001 +3.5543e+000 +2.3864e+000 +1.7856e+000
723 0 +8.169654450e-006 -2.098799918e+002 -2.098799918e+002 +1.2081e+000 +4.4793e-001 +3.5544e+000 +2.3864e+000 +1.7856e+000
790 0 +1.643417960e-006 -2.098799984e+002 -2.098799984e+002 +1.2068e+000 +4.4809e-001 +3.5544e+000 +2.3864e+000 +1.7856e+000
806 0 +3.506160340e-007 -2.098799996e+002 -2.098799996e+002 +1.2069e+000 +4.4795e-001 +3.5544e+000 +2.3864e+000 +1.7856e+000
829 0 +2.662359293e-007 -2.098799997e+002 -2.098799997e+002 +1.2074e+000 +4.4796e-001 +3.5544e+000 +2.3864e+000 +1.7856e+000
860 0 +1.758769486e-007 -2.098799998e+002 -2.098799998e+002 +1.2068e+000 +4.4800e-001 +3.5544e+000 +2.3864e+000 +1.7856e+000
875 0 +1.472746476e-007 -2.098799999e+002 -2.098799999e+002 +1.2072e+000 +4.4798e-001 +3.5544e+000 +2.3864e+000 +1.7856e+000
881 0 +1.068164863e-007 -2.098799999e+002 -2.098799999e+002 +1.2072e+000 +4.4800e-001 +3.5544e+000 +2.3864e+000 +1.7856e+000
915 0 +4.629035288e-008 -2.098800000e+002 -2.098800000e+002 +1.2071e+000 +4.4799e-001 +3.5544e+000 +2.3864e+000 +1.7856e+000
935 0 +2.584280878e-008 -2.098800000e+002 -2.098800000e+002 +1.2071e+000 +4.4799e-001 +3.5544e+000 +2.3864e+000 +1.7856e+000
954 0 +1.553127049e-008 -2.098800000e+002 -2.098800000e+002 +1.2072e+000 +4.4799e-001 +3.5544e+000 +2.3864e+000 +1.7856e+000
963 0 +1.236523417e-008 -2.098800000e+002 -2.098800000e+002 +1.2072e+000 +4.4798e-001 +3.5544e+000 +2.3864e+000 +1.7856e+000
993 0 +8.893721315e-010 -2.098800000e+002 -2.098800000e+002 +1.2072e+000 +4.4800e-001 +3.5544e+000 +2.3864e+000 +1.7856e+000
% f evaluations | g evaluations | best noise-free fitness - Fopt (-9.209000000000e+001) + sum g_i+ | measured fitness | best measured fitness or single-digit g-values | x1 | x2...
1 0 +4.672363366e+006 +4.672271276e+006 +4.672271276e+006 -3.5136e+000 +4.9461e+000 -3.4963e+000 +4.4931e+000 -1.8464e+000
4 0 +3.878902835e+006 +3.878810745e+006 +3.878810745e+006 +5.3682e-002 +1.9043e+000 -6.8529e-002 -3.7698e+000 +1.8500e+000
8 0 +1.505080892e+006 +1.504988802e+006 +1.504988802e+006 +3.9283e+000 +4.4990e+000 -4.1117e+000 +3.2063e+000 -1.0015e+000
10 0 +1.032430891e+006 +1.032338801e+006 +1.032338801e+006 +9.5128e-001 -4.0745e+000 +2.6705e+000 +1.7915e+000 +7.4823e-001
12 0 +4.211153552e+004 +4.201944552e+004 +4.201944552e+004 +1.1322e+000 +5.0000e+000 +2.3505e+000 -9.2752e-001 -2.3704e-001
13 0 +1.963102555e+004 +1.953893555e+004 +1.953893555e+004 +3.8627e+000 +1.6349e+000 -4.0321e-002 -1.0783e+000 -1.8208e-001
133 0 +9.773073659e+003 +9.680983659e+003 +9.680983659e+003 +3.1674e+000 +1.8326e+000 -1.7760e-001 -1.5561e+000 -2.1090e-001
144 0 +9.346822012e+003 +9.254732012e+003 +9.254732012e+003 +5.0000e+000 +6.6403e-001 +2.3836e+000 -2.0947e+000 -8.4080e-002
152 0 +3.457047579e+002 +2.536147579e+002 +2.536147579e+002 +7.2318e-001 +1.9140e+000 +5.3175e-001 -1.7600e+000 -1.2534e-001
219 0 +1.503008798e+002 +5.821087981e+001 +5.821087981e+001 -3.5406e+000 +3.1910e+000 +1.7120e-001 -1.7681e+000 -1.1960e-001
279 0 +5.205816276e+001 -4.003183724e+001 -4.003183724e+001 +4.6808e+000 +3.4727e+000 +2.1072e-001 -1.8281e+000 -1.1746e-001
287 0 +2.658415943e+001 -6.550584057e+001 -6.550584057e+001 +4.6808e+000 +2.9884e+000 +9.2995e-002 -1.8221e+000 -1.1687e-001
316 0 +1.898074203e+001 -7.310925797e+001 -7.310925797e+001 +1.0261e+000 +2.2309e+000 +2.6885e-002 -1.8355e+000 -1.2203e-001
374 0 +8.064513114e+000 -8.402548689e+001 -8.402548689e+001 +3.3886e+000 +2.5035e+000 +8.7472e-002 -1.8254e+000 -1.1935e-001
397 0 +1.888451344e-001 -9.190115487e+001 -9.190115487e+001 +5.2136e-001 +2.6509e+000 +9.8930e-002 -1.8266e+000 -1.1902e-001
421 0 +1.599357920e-001 -9.193006421e+001 -9.193006421e+001 +4.0386e-001 +2.6451e+000 +9.6124e-002 -1.8263e+000 -1.1915e-001
445 0 +1.228754603e-001 -9.196712454e+001 -9.196712454e+001 +5.6151e-001 +2.6048e+000 +9.9088e-002 -1.8267e+000 -1.1924e-001
475 0 +6.009496569e-003 -9.208399050e+001 -9.208399050e+001 +7.6876e-001 +2.6274e+000 +9.1824e-002 -1.8266e+000 -1.1919e-001
500 0 +5.224051955e-003 -9.208477595e+001 -9.208477595e+001 +7.5303e-001 +2.6228e+000 +9.1577e-002 -1.8262e+000 -1.1924e-001
522 0 +2.149695301e-003 -9.208785030e+001 -9.208785030e+001 +7.2952e-001 +2.6199e+000 +9.1416e-002 -1.8263e+000 -1.1923e-001
567 0 +1.201632910e-003 -9.208879837e+001 -9.208879837e+001 +7.3483e-001 +2.6183e+000 +9.0624e-002 -1.8263e+000 -1.1922e-001
600 0 +6.534113841e-004 -9.208934659e+001 -9.208934659e+001 +7.3672e-001 +2.6223e+000 +9.0181e-002 -1.8263e+000 -1.1921e-001
637 0 +3.913171701e-004 -9.208960868e+001 -9.208960868e+001 +7.2991e-001 +2.6203e+000 +9.0612e-002 -1.8264e+000 -1.1922e-001
641 0 +1.789915241e-004 -9.208982101e+001 -9.208982101e+001 +7.3186e-001 +2.6230e+000 +9.0290e-002 -1.8264e+000 -1.1921e-001
658 0 +1.165594983e-004 -9.208988344e+001 -9.208988344e+001 +7.2492e-001 +2.6214e+000 +9.0522e-002 -1.8264e+000 -1.1919e-001
712 0 +7.308256315e-006 -9.208999269e+001 -9.208999269e+001 +7.2555e-001 +2.6213e+000 +9.0402e-002 -1.8264e+000 -1.1920e-001
750 0 +7.140845852e-006 -9.208999286e+001 -9.208999286e+001 +7.2660e-001 +2.6217e+000 +9.0376e-002 -1.8264e+000 -1.1920e-001
777 0 +6.103450971e-007 -9.208999939e+001 -9.208999939e+001 +7.2600e-001 +2.6217e+000 +9.0405e-002 -1.8264e+000 -1.1920e-001
831 0 +3.496806329e-007 -9.208999965e+001 -9.208999965e+001 +7.2520e-001 +2.6216e+000 +9.0389e-002 -1.8264e+000 -1.1920e-001
874 0 +2.295293200e-007 -9.208999977e+001 -9.208999977e+001 +7.2545e-001 +2.6216e+000 +9.0390e-002 -1.8264e+000 -1.1920e-001
893 0 +6.926690332e-008 -9.208999993e+001 -9.208999993e+001 +7.2548e-001 +2.6216e+000 +9.0397e-002 -1.8264e+000 -1.1920e-001
903 0 +6.818027032e-009 -9.208999999e+001 -9.208999999e+001 +7.2556e-001 +2.6216e+000 +9.0399e-002 -1.8264e+000 -1.1920e-001
% f evaluations | g evaluations | best noise-free fitness - Fopt (-8.789000000000e+001) + sum g_i+ | measured fitness | best measured fitness or single-digit g-values | x1 | x2...
1 0 +2.676807767e+005 +2.675928867e+005 +2.675928867e+005 +2.1143e+000 -2.7848e+000 +4.5772e+000 -6.0280e-001 -3.5076e+000
13 0 +5.502735720e+004 +5.493946720e+004 +5.493946720e+004 -1.3105e+000 -5.0000e+000 -1.2712e+000 -1.1828e+000 -2.9270e+000
29 0 +1.124655925e+004 +1.115866925e+004 +1.115866925e+004 -2.3094e+000 -2.4854e-001 +3.3276e+000 -2.3748e+000 -3.1519e+000
115 0 +8.755525157e+003 +8.667635157e+003 +8.667635157e+003 -2.2870e+000 -1.8877e+000 -1.5312e+000 -1.9783e+000 -3.0735e+000
140 0 +7.641725843e+003 +7.553835843e+003 +7.553835843e+003 +3.0384e-002 -3.0837e+000 +4.1520e-002 -2.3741e+000 -3.1303e+000
151 0 +6.988002304e+003 +6.900112304e+003 +6.900112304e+003 -1.3255e+000 -1.3756e+000 +3.2492e+000 -2.3713e+000 -3.0934e+000
174 0 +3.869221218e+002 +2.990321218e+002 +2.990321218e+002 +1.4311e+000 +2.7273e+000 +1.1174e+000 -2.1949e+000 -3.0946e+000
193 0 +1.432934090e+002 +5.540340901e+001 +5.540340901e+001 -3.0692e+000 +3.1050e+000 +9.3562e-001 -2.1357e+000 -3.0817e+000
231 0 +9.672258837e+001 +8.832588366e+000 +8.832588366e+000 -3.0692e+000 +4.7529e+000 +1.2691e+000 -2.1089e+000 -3.0890e+000
248 0 +6.469217516e+001 -2.319782484e+001 -2.319782484e+001 +1.4311e+000 +4.1728e+000 +1.4677e+000 -2.1111e+000 -3.0849e+000
294 0 +4.378851618e+000 -8.351114838e+001 -8.351114838e+001 +1.9056e+000 +3.4951e+000 +1.2586e+000 -2.1134e+000 -3.0816e+000
331 0 +3.280812578e+000 -8.460918742e+001 -8.460918742e+001 -7.0639e-001 +3.5610e+000 +1.2192e+000 -2.1153e+000 -3.0820e+000
374 0 +1.687268505e-001 -8.772127315e+001 -8.772127315e+001 +6.0154e-001 +3.6713e+000 +1.2514e+000 -2.1102e+000 -3.0824e+000
397 0 +7.580477006e-002 -8.781419523e+001 -8.781419523e+001 +2.1932e-001 +3.6317e+000 +1.2536e+000 -2.1094e+000 -3.0822e+000
438 0 +1.210635896e-002 -8.787789364e+001 -8.787789364e+001 +2.9627e-001 +3.6434e+000 +1.2522e+000 -2.1098e+000 -3.0824e+000
514 0 +6.808274959e-003 -8.788319173e+001 -8.788319173e+001 +2.0542e-001 +3.6443e+000 +1.2511e+000 -2.1093e+000 -3.0824e+000
555 0 +6.524253714e-003 -8.788347575e+001 -8.788347575e+001 +1.9971e-001 +3.6431e+000 +1.2504e+000 -2.1094e+000 -3.0823e+000
563 0 +2.180112314e-003 -8.788781989e+001 -8.788781989e+001 +2.4526e-001 +3.6401e+000 +1.2493e+000 -2.1097e+000 -3.0824e+000
610 0 +5.860943388e-004 -8.788941391e+001 -8.788941391e+001 +2.3497e-001 +3.6495e+000 +1.2494e+000 -2.1096e+000 -3.0824e+000
635 0 +9.078376065e-005 -8.788990922e+001 -8.788990922e+001 +2.3660e-001 +3.6447e+000 +1.2494e+000 -2.1096e+000 -3.0824e+000
679 0 +2.973976923e-005 -8.788997026e+001 -8.788997026e+001 +2.3841e-001 +3.6453e+000 +1.2497e+000 -2.1096e+000 -3.0824e+000
686 0 +1.935383312e-005 -8.788998065e+001 -8.788998065e+001 +2.4101e-001 +3.6453e+000 +1.2497e+000 -2.1096e+000 -3.0824e+000
703 0 +1.350020946e-005 -8.788998650e+001 -8.788998650e+001 +2.4065e-001 +3.6456e+000 +1.2496e+000 -2.1096e+000 -3.0824e+000
757 0 +1.191303980e-006 -8.788999881e+001 -8.788999881e+001 +2.3897e-001 +3.6457e+000 +1.2496e+000 -2.1096e+000 -3.0824e+000
840 0 +5.455302272e-007 -8.788999945e+001 -8.788999945e+001 +2.3912e-001 +3.6456e+000 +1.2496e+000 -2.1096e+000 -3.0824e+000
876 0 +3.875898358e-008 -8.788999996e+001 -8.788999996e+001 +2.3930e-001 +3.6456e+000 +1.2496e+000 -2.1096e+000 -3.0824e+000
926 0 +1.800734140e-008 -8.788999998e+001 -8.788999998e+001 +2.3923e-001 +3.6456e+000 +1.2496e+000 -2.1096e+000 -3.0824e+000
941 0 +4.806807397e-009 -8.789000000e+001 -8.789000000e+001 +2.3916e-001 +3.6456e+000 +1.2496e+000 -2.1096e+000 -3.0824e+000
% f evaluations | g evaluations | best noise-free fitness - Fopt (3.201900000000e+002) + sum g_i+ | measured fitness | best measured fitness or single-digit g-values | x1 | x2...
1 0 +2.107079359e+007 +2.107111378e+007 +2.107111378e+007 -4.1136e+000 +3.2854e+000 +7.0697e-001 -2.5941e+000 +1.1205e+000
3 0 +2.088838205e+007 +2.088870224e+007 +2.088870224e+007 +1.4463e+000 -2.3270e+000 -2.8815e+000 +1.9306e+000 +1.0785e+000
4 0 +1.053151933e+006 +1.053472123e+006 +1.053472123e+006 +3.8695e+000 +4.0886e+000 +3.1116e+000 +3.6293e+000 -2.8783e+000
5 0 +5.998595452e+005 +6.001797352e+005 +6.001797352e+005 +3.6185e+000 -1.4207e+000 -3.1588e+000 -1.8737e+000 -4.2683e+000
11 0 +1.512648534e+005 +1.515850434e+005 +1.515850434e+005 +3.0647e+000 -4.3995e+000 +3.0542e+000 -2.5452e+000 -3.2537e+000
12 0 +1.866061232e+004 +1.898080232e+004 +1.898080232e+004 +5.0000e+000 +5.0000e+000 -9.1527e-001 -6.7887e-001 -3.5750e+000
109 0 +1.085199492e+004 +1.117218492e+004 +1.117218492e+004 +4.5807e+000 +1.9130e+000 -2.1337e-001 -5.0750e-001 -3.5305e+000
160 0 +8.105311962e+003 +8.425501962e+003 +8.425501962e+003 +3.3344e-001 +1.3161e+000 -7.7559e-001 -8.8699e-001 -3.5254e+000
163 0 +5.540952129e+003 +5.861142129e+003 +5.861142129e+003 +5.3702e-001 +8.6802e-001 -7.6024e-002 -1.0413e+000 -3.5056e+000
171 0 +4.757007286e+003 +5.077197286e+003 +5.077197286e+003 +5.0000e+000 +2.7176e+000 -2.8582e-001 -9.9593e-001 -3.4747e+000
174 0 +3.123786426e+003 +3.443976426e+003 +3.443976426e+003 +4.5931e+000 +2.5054e+000 +7.7182e-001 -6.5541e-001 -3.4449e+000
188 0 +4.263857386e+002 +7.465757386e+002 +7.465757386e+002 +1.0802e+000 +7.1777e-001 +1.3414e+000 -9.0466e-001 -3.4621e+000
242 0 +3.394244109e+002 +6.596144109e+002 +6.596144109e+002 +2.5805e+000 +4.0357e-002 +1.7477e+000 -8.5538e-001 -3.4675e+000
248 0 +3.216917906e+001 +3.523591791e+002 +3.523591791e+002 -7.1925e-001 -1.5232e+000 +1.2987e+000 -8.4765e-001 -3.4700e+000
274 0 +1.646457808e+001 +3.366545781e+002 +3.366545781e+002 +1.7186e+000 -2.8159e+000 +1.3616e+000 -8.5518e-001 -3.4679e+000
286 0 +1.176055762e+001 +3.319505576e+002 +3.319505576e+002 +1.4889e+000 -2.8192e+000 +1.4251e+000 -8.5727e-001 -3.4686e+000
307 0 +8.460392221e-001 +3.210360392e+002 +3.210360392e+002 -8.5596e-001 -2.4043e+000 +1.4242e+000 -8.5810e-001 -3.4700e+000
380 0 +4.408597607e-002 +3.202340860e+002 +3.202340860e+002 -6.1840e-001 -2.3620e+000 +1.4048e+000 -8.5724e-001 -3.4696e+000
383 0 +1.180771962e-002 +3.202018077e+002 +3.202018077e+002 -3.7607e-001 -2.3569e+000 +1.4048e+000 -8.5721e-001 -3.4696e+000
443 0 +8.045469560e-003 +3.201980455e+002 +3.201980455e+002 -3.7607e-001 -2.3571e+000 +1.4048e+000 -8.5735e-001 -3.4696e+000
495 0 +4.710224232e-003 +3.201947102e+002 +3.201947102e+002 -4.3674e-001 -2.3545e+000 +1.4031e+000 -8.5754e-001 -3.4697e+000
503 0 +2.146084752e-003 +3.201921461e+002 +3.201921461e+002 -4.1861e-001 -2.3580e+000 +1.4027e+000 -8.5749e-001 -3.4696e+000
543 0 +2.251116238e-004 +3.201902251e+002 +3.201902251e+002 -4.2805e-001 -2.3618e+000 +1.4034e+000 -8.5762e-001 -3.4696e+000
594 0 +6.438320452e-005 +3.201900644e+002 +3.201900644e+002 -4.2807e-001 -2.3600e+000 +1.4033e+000 -8.5761e-001 -3.4696e+000
654 0 +1.290405157e-005 +3.201900129e+002 +3.201900129e+002 -4.3489e-001 -2.3608e+000 +1.4032e+000 -8.5761e-001 -3.4696e+000
698 0 +2.877839393e-006 +3.201900029e+002 +3.201900029e+002 -4.3290e-001 -2.3608e+000 +1.4032e+000 -8.5761e-001 -3.4696e+000
746 0 +5.653844823e-007 +3.201900006e+002 +3.201900006e+002 -4.3271e-001 -2.3608e+000 +1.4032e+000 -8.5760e-001 -3.4696e+000
762 0 +2.411935043e-007 +3.201900002e+002 +3.201900002e+002 -4.3242e-001 -2.3608e+000 +1.4032e+000 -8.5760e-001 -3.4696e+000
825 0 +1.506917329e-007 +3.201900002e+002 +3.201900002e+002 -4.3259e-001 -2.3608e+000 +1.4032e+000 -8.5760e-001 -3.4696e+000
862 0 +1.326273491e-007 +3.201900001e+002 +3.201900001e+002 -4.3285e-001 -2.3608e+000 +1.4032e+000 -8.5760e-001 -3.4696e+000
891 0 +6.938194019e-009 +3.201900000e+002 +3.201900000e+002 -4.3275e-001 -2.3608e+000 +1.4032e+000 -8.5760e-001 -3.4696e+000
% f evaluations | g evaluations | best noise-free fitness - Fopt (-1.042400000000e+002) + sum g_i+ | measured fitness | best measured fitness or single-digit g-values | x1 | x2...
1 0 +1.968395487e+007 +1.968385063e+007 +1.968385063e+007 +4.1294e+000 +1.9552e+000 -3.2672e+000 -1.6220e+000 -4.4996e+000
2 0 +9.229916006e+006 +9.229811766e+006 +9.229811766e+006 -3.6719e+000 +4.6804e+000 -2.9475e+000 +1.0625e+000 +3.0365e+000
3 0 +7.893311766e+006 +7.893207526e+006 +7.893207526e+006 -7.3220e-001 -4.3134e+000 -4.5456e-001 -9.0436e-001 +2.7087e+000
5 0 +2.811783462e+006 +2.811679222e+006 +2.811679222e+006 +3.7139e+000 -2.0653e+000 -4.2349e+000 +3.9783e+000 -1.4018e+000
9 0 +1.461104453e+006 +1.461000213e+006 +1.461000213e+006 -2.4694e+000 +4.7474e+000 +8.9352e-002 -2.2928e+000 -1.1699e+000
11 0 +1.199712826e+006 +1.199608586e+006 +1.199608586e+006 +1.0545e+000 -4.3088e+000 +4.7291e-001 -2.2314e+000 +9.6561e-001
12 0 +1.180380128e+005 +1.179337728e+005 +1.179337728e+005 +5.0000e+000 -5.0000e+000 +5.0000e+000 -2.1917e+000 -1.4867e-002
26 0 +3.643081782e+004 +3.632657782e+004 +3.632657782e+004 -5.0000e+000 -7.8759e-001 -5.0000e+000 -3.6348e-001 -7.0296e-002
27 0 +1.786894026e+004 +1.776470026e+004 +1.776470026e+004 -1.0036e+000 -2.7085e+000 +2.0547e+000 -1.2555e+000 -9.8268e-002
49 0 +1.619219479e+004 +1.608795479e+004 +1.608795479e+004 +7.5930e-001 +6.8019e-001 +5.0000e+000 -4.8905e-001 -1.0434e-001
87 0 +1.416995667e+004 +1.406571667e+004 +1.406571667e+004 -6.7738e-001 -3.1524e+000 +7.4914e-001 -1.1289e+000 -1.1290e-001
102 0 +1.088964368e+004 +1.078540368e+004 +1.078540368e+004 +2.2906e+000 -2.4682e+000 +4.6899e-001 +4.4767e-002 -5.5006e-002
116 0 +5.594937857e+002 +4.552537857e+002 +4.552537857e+002 +3.3608e+000 -1.3960e+000 +1.5761e+000 -4.0646e-001 -5.4865e-002
126 0 +4.225625419e+002 +3.183225419e+002 +3.183225419e+002 +3.9458e+000 -4.9349e+000 +1.6220e+000 -4.0896e-001 -6.6399e-002
184 0 +2.350187029e+002 +1.307787029e+002 +1.307787029e+002 -9.9397e-001 -2.0407e+000 +1.2703e+000 -5.1199e-001 -4.7531e-002
211 0 +7.340627712e+001 -3.083372288e+001 -3.083372288e+001 -3.5501e+000 -3.0924e+000 +1.2608e+000 -4.8383e-001 -6.4102e-002
240 0 +7.888147937e+000 -9.635185206e+001 -9.635185206e+001 +2.6963e-001 -4.3651e+000 +1.3001e+000 -4.9622e-001 -5.7440e-002
278 0 +6.371352180e+000 -9.786864782e+001 -9.786864782e+001 +1.5696e+000 -3.6458e+000 +1.3415e+000 -4.9217e-001 -5.7316e-002
308 0 +5.490236183e+000 -9.874976382e+001 -9.874976382e+001 +2.3321e+000 -4.0617e+000 +1.3265e+000 -4.9593e-001 -5.9385e-002
322 0 +2.542757173e+000 -1.016972428e+002 -1.016972428e+002 +1.6558e+000 -3.9555e+000 +1.3068e+000 -4.9260e-001 -5.9163e-002
334 0 +4.322993887e-001 -1.038077006e+002 -1.038077006e+002 +1.3414e-001 -3.9225e+000 +1.2951e+000 -4.9353e-001 -5.8259e-002
343 0 +1.536408850e-001 -1.040863591e+002 -1.040863591e+002 +7.0040e-001 -3.9242e+000 +1.3085e+000 -4.9290e-001 -5.8497e-002
399 0 +3.576846653e-002 -1.042042315e+002 -1.042042315e+002 +3.8281e-001 -3.8961e+000 +1.3110e+000 -4.9406e-001 -5.8375e-002
417 0 +8.926554712e-003 -1.042310734e+002 -1.042310734e+002 +4.0721e-001 -3.9123e+000 +1.3116e+000 -4.9354e-001 -5.8343e-002
467 0 +2.153442065e-003 -1.042378466e+002 -1.042378466e+002 +3.7101e-001 -3.9228e+000 +1.3139e+000 -4.9347e-001 -5.8431e-002
487 0 +1.341318110e-003 -1.042386587e+002 -1.042386587e+002 +4.1429e-001 -3.9238e+000 +1.3133e+000 -4.9364e-001 -5.8384e-002
547 0 +7.614373665e-004 -1.042392386e+002 -1.042392386e+002 +3.9734e-001 -3.9176e+000 +1.3143e+000 -4.9355e-001 -5.8404e-002
562 0 +3.414542925e-004 -1.042396585e+002 -1.042396585e+002 +3.9482e-001 -3.9170e+000 +1.3136e+000 -4.9365e-001 -5.8399e-002
623 0 +1.057526221e-004 -1.042398942e+002 -1.042398942e+002 +3.9530e-001 -3.9195e+000 +1.3136e+000 -4.9358e-001 -5.8392e-002
660 0 +7.933002169e-005 -1.042399207e+002 -1.042399207e+002 +3.9338e-001 -3.9187e+000 +1.3137e+000 -4.9360e-001 -5.8396e-002
695 0 +1.700665483e-005 -1.042399830e+002 -1.042399830e+002 +3.9523e-001 -3.9206e+000 +1.3136e+000 -4.9359e-001 -5.8401e-002
714 0 +4.831210077e-006 -1.042399952e+002 -1.042399952e+002 +3.9407e-001 -3.9199e+000 +1.3136e+000 -4.9359e-001 -5.8401e-002
781 0 +7.972403751e-007 -1.042399992e+002 -1.042399992e+002 +3.9524e-001 -3.9200e+000 +1.3136e+000 -4.9360e-001 -5.8400e-002
825 0 +8.818670949e-008 -1.042399999e+002 -1.042399999e+002 +3.9454e-001 -3.9200e+000 +1.3136e+000 -4.9360e-001 -5.8400e-002
842 0 +6.521716500e-008 -1.042399999e+002 -1.042399999e+002 +3.9450e-001 -3.9200e+000 +1.3136e+000 -4.9360e-001 -5.8400e-002
881 0 +1.414690587e-008 -1.042400000e+002 -1.042400000e+002 +3.9439e-001 -3.9200e+000 +1.3136e+000 -4.9360e-001 -5.8400e-002
938 0 +2.886224593e-010 -1.042400000e+002 -1.042400000e+002 +3.9441e-001 -3.9200e+000 +1.3136e+000 -4.9360e-001 -5.8400e-002
% f evaluations | g evaluations | best noise-free fitness - Fopt (-6.785000000000e+001) + sum g_i+ | measured fitness | best measured fitness or single-digit g-values | x1 | x2...
1 0 +7.814728841e+006 +7.814660991e+006 +7.814660991e+006 -4.0244e+000 -2.3703e+000 -2.2736e+000 -2.1527e+000 +1.1511e+000
8 0 +3.934513650e+006 +3.934445800e+006 +3.934445800e+006 -3.0299e+000 -4.7978e+000 +3.2073e-001 -2.3977e+000 +4.8813e-001
9 0 +7.091976784e+005 +7.091298284e+005 +7.091298284e+005 -2.5274e-001 -4.7212e+000 -4.9251e+000 -3.3907e-001 -1.9674e+000
11 0 +2.264874154e+005 +2.264195654e+005 +2.264195654e+005 -4.4838e+000 +4.4359e+000 -4.9564e+000 +4.8673e+000 -1.0597e+000
12 0 +1.710345819e+005 +1.709667319e+005 +1.709667319e+005 +5.0000e+000 -5.0000e+000 +5.0000e+000 +5.0000e+000 -1.5475e+000
13 0 +7.989956485e+004 +7.983171485e+004 +7.983171485e+004 -9.6345e-001 -5.0000e+000 +2.0035e-001 +4.6795e+000 -1.4277e+000
32 0 +4.353129745e+004 +4.346344745e+004 +4.346344745e+004 -1.8567e-001 +4.6820e+000 -4.9564e+000 +2.5813e+000 -1.4027e+000
44 0 +3.693231003e+004 +3.686446003e+004 +3.686446003e+004 +1.6948e+000 -3.3463e-001 -1.2063e+000 +2.2528e+000 -1.2430e+000
64 0 +1.493328313e+004 +1.486543313e+004 +1.486543313e+004 +4.0489e+000 -5.0000e+000 +4.9005e+000 +3.0742e+000 -1.3849e+000
124 0 +7.633466461e+003 +7.565616461e+003 +7.565616461e+003 +4.5477e+000 +4.6820e+000 -6.0833e-001 +3.3686e+000 -1.3584e+000
144 0 +7.010331346e+003 +6.942481346e+003 +6.942481346e+003 +4.6353e+000 +4.8782e+000 -5.2644e-001 +3.3384e+000 -1.3723e+000
159 0 +4.263019262e+003 +4.195169262e+003 +4.195169262e+003 +1.2911e+000 +2.2854e+000 +5.4805e-001 +3.3442e+000 -1.3837e+000
175 0 +1.571728244e+003 +1.503878244e+003 +1.503878244e+003 +1.9314e+000 -3.4764e+000 +8.0720e-001 +3.0909e+000 -1.3557e+000
195 0 +9.911351525e+002 +9.232851525e+002 +9.232851525e+002 +2.7209e+000 +4.4983e-001 +3.8301e-001 +3.0270e+000 -1.3611e+000
203 0 +2.655480282e+002 +1.976980282e+002 +1.976980282e+002 +1.5994e+000 +3.1073e+000 +1.5532e+000 +3.1075e+000 -1.3550e+000
224 0 +2.175347530e+001 -4.609652470e+001 -4.609652470e+001 -1.7352e+000 +2.6480e+000 +1.2518e+000 +3.0330e+000 -1.3644e+000
312 0 +9.052120793e+000 -5.879787921e+001 -5.879787921e+001 -4.6254e-001 +2.8957e+000 +1.3643e+000 +3.0215e+000 -1.3625e+000
349 0 +1.262945495e+000 -6.658705450e+001 -6.658705450e+001 +1.7030e+000 +3.0275e+000 +1.3109e+000 +3.0269e+000 -1.3611e+000
366 0 +1.409680332e-001 -6.770903197e+001 -6.770903197e+001 +1.0823e+000 +3.0175e+000 +1.3113e+000 +3.0292e+000 -1.3616e+000
417 0 +1.131678709e-001 -6.773683213e+001 -6.773683213e+001 +1.0326e+000 +3.0075e+000 +1.3133e+000 +3.0306e+000 -1.3616e+000
428 0 +9.443053537e-002 -6.775556946e+001 -6.775556946e+001 +7.1611e-001 +2.9896e+000 +1.3039e+000 +3.0296e+000 -1.3614e+000
455 0 +4.402630670e-002 -6.780597369e+001 -6.780597369e+001 +7.7355e-001 +3.0052e+000 +1.3043e+000 +3.0294e+000 -1.3616e+000
478 0 +2.535952304e-002 -6.782464048e+001 -6.782464048e+001 +8.8552e-001 +3.0235e+000 +1.3081e+000 +3.0307e+000 -1.3616e+000
488 0 +2.278822313e-002 -6.782721178e+001 -6.782721178e+001 +7.9061e-001 +3.0284e+000 +1.3071e+000 +3.0304e+000 -1.3616e+000
521 0 +5.971966485e-003 -6.784402803e+001 -6.784402803e+001 +8.7395e-001 +3.0175e+000 +1.3040e+000 +3.0300e+000 -1.3616e+000
543 0 +1.826114594e-003 -6.784817389e+001 -6.784817389e+001 +8.5953e-001 +3.0165e+000 +1.3038e+000 +3.0304e+000 -1.3616e+000
571 0 +5.717432379e-005 -6.784994283e+001 -6.784994283e+001 +8.8010e-001 +3.0143e+000 +1.3039e+000 +3.0304e+000 -1.3616e+000
652 0 +4.274705353e-005 -6.784995725e+001 -6.784995725e+001 +8.7734e-001 +3.0141e+000 +1.3040e+000 +3.0304e+000 -1.3616e+000
719 0 +1.473441330e-005 -6.784998527e+001 -6.784998527e+001 +8.8329e-001 +3.0145e+000 +1.3039e+000 +3.0304e+000 -1.3616e+000
736 0 +8.008122734e-007 -6.784999920e+001 -6.784999920e+001 +8.8099e-001 +3.0145e+000 +1.3040e+000 +3.0304e+000 -1.3616e+000
828 0 +4.405818999e-007 -6.784999956e+001 -6.784999956e+001 +8.8174e-001 +3.0143e+000 +1.3040e+000 +3.0304e+000 -1.3616e+000
860 0 +4.373232798e-008 -6.784999996e+001 -6.784999996e+001 +8.8168e-001 +3.0144e+000 +1.3040e+000 +3.0304e+000 -1.3616e+000
916 0 +1.602529665e-009 -6.785000000e+001 -6.785000000e+001 +8.8162e-001 +3.0144e+000 +1.3040e+000 +3.0304e+000 -1.3616e+000
% f evaluations | g evaluations | best noise-free fitness - Fopt (-3.639800000000e+002) + sum g_i+ | measured fitness | best measured fitness or single-digit g-values | x1 | x2...
1 0 +4.369513779e+007 +4.369477381e+007 +4.369477381e+007 -3.8613e+000 -2.8182e+000 +5.5207e-002 +2.9372e+000 -4.8433e+000
2 0 +2.157177901e+005 +2.153538101e+005 +2.153538101e+005 +2.2844e+000 -1.2281e+000 -4.6368e+000 +1.5835e+000 +2.2425e+000
30 0 +9.988224575e+004 +9.951826575e+004 +9.951826575e+004 +2.1821e+000 +4.3612e+000 +4.2853e-001 +3.2811e+000 +1.8769e+000
33 0 +3.406663011e+004 +3.370265011e+004 +3.370265011e+004 +1.6441e+000 +1.2420e+000 +2.7800e+000 +4.5807e+000 +2.3081e+000
61 0 +2.259298175e+004 +2.222900175e+004 +2.222900175e+004 +4.4088e-002 -2.8882e+000 -8.1953e-001 +3.5402e+000 +2.0853e+000
81 0 +1.316509371e+004 +1.280111371e+004 +1.280111371e+004 -1.5185e-001 -4.0243e+000 +3.6938e-002 +4.0135e+000 +2.2423e+000
91 0 +1.193423161e+004 +1.157025161e+004 +1.157025161e+004 -1.9318e+000 +4.3612e+000 +3.6174e+000 +3.4751e+000 +2.2396e+000
101 0 +9.315615702e+003 +8.951635702e+003 +8.951635702e+003 +6.2929e-001 -3.8779e+000 +2.0324e-001 +4.0135e+000 +2.1235e+000
139 0 +1.423314239e+003 +1.059334239e+003 +1.059334239e+003 +1.3843e+000 -3.5621e-001 +3.6174e+000 +3.8977e+000 +2.1625e+000
172 0 +2.546647428e+002 -1.093152572e+002 -1.093152572e+002 +4.7590e+000 +4.6231e-001 +2.7365e+000 +3.8984e+000 +2.1684e+000
195 0 +2.303916839e+002 -1.335883161e+002 -1.335883161e+002 +4.7590e+000 +6.2401e-001 +2.6422e+000 +3.9113e+000 +2.1706e+000
221 0 +4.457720119e+001 -3.194027988e+002 -3.194027988e+002 +3.2293e+000 +2.6705e+000 +2.5524e+000 +3.8980e+000 +2.1708e+000
243 0 +3.859296971e+001 -3.253870303e+002 -3.253870303e+002 +2.2081e+000 +2.1561e+000 +2.6194e+000 +3.9087e+000 +2.1636e+000
288 0 +1.349416121e+001 -3.504858388e+002 -3.504858388e+002 +4.5339e+000 +2.8171e+000 +2.6282e+000 +3.9142e+000 +2.1653e+000
347 0 +1.644181896e+000 -3.623358181e+002 -3.623358181e+002 +2.6307e+000 +3.1729e+000 +2.6474e+000 +3.9109e+000 +2.1658e+000
376 0 +4.845939218e-001 -3.634954061e+002 -3.634954061e+002 +1.2607e+000 +3.1427e+000 +2.6202e+000 +3.9087e+000 +2.1653e+000
413 0 +4.043844458e-001 -3.635756156e+002 -3.635756156e+002 +2.2523e+000 +3.1319e+000 +2.6232e+000 +3.9098e+000 +2.1654e+000
430 0 +8.685743822e-002 -3.638931426e+002 -3.638931426e+002 +1.9648e+000 +3.1605e+000 +2.6084e+000 +3.9100e+000 +2.1656e+000
478 0 +5.602458938e-002 -3.639239754e+002 -3.639239754e+002 +1.8411e+000 +3.2250e+000 +2.6178e+000 +3.9094e+000 +2.1656e+000
503 0 +2.828263812e-002 -3.639517174e+002 -3.639517174e+002 +1.7865e+000 +3.1822e+000 +2.6102e+000 +3.9101e+000 +2.1655e+000
558 0 +2.967245642e-004 -3.639797033e+002 -3.639797033e+002 +1.8280e+000 +3.1895e+000 +2.6135e+000 +3.9096e+000 +2.1656e+000
596 0 +2.345188920e-004 -3.639797655e+002 -3.639797655e+002 +1.8000e+000 +3.1921e+000 +2.6137e+000 +3.9096e+000 +2.1656e+000
628 0 +1.056820173e-004 -3.639798943e+002 -3.639798943e+002 +1.8120e+000 +3.1912e+000 +2.6136e+000 +3.9096e+000 +2.1656e+000
646 0 +1.044346368e-005 -3.639799896e+002 -3.639799896e+002 +1.8110e+000 +3.1899e+000 +2.6136e+000 +3.9096e+000 +2.1656e+000
756 0 +4.517763273e-006 -3.639799955e+002 -3.639799955e+002 +1.8120e+000 +3.1906e+000 +2.6136e+000 +3.9096e+000 +2.1656e+000
788 0 +4.083185217e-006 -3.639799959e+002 -3.639799959e+002 +1.8118e+000 +3.1905e+000 +2.6136e+000 +3.9096e+000 +2.1656e+000
801 0 +8.728235912e-007 -3.639799991e+002 -3.639799991e+002 +1.8115e+000 +3.1903e+000 +2.6136e+000 +3.9096e+000 +2.1656e+000
826 0 +4.036015184e-007 -3.639799996e+002 -3.639799996e+002 +1.8111e+000 +3.1903e+000 +2.6136e+000 +3.9096e+000 +2.1656e+000
862 0 +2.709091973e-007 -3.639799997e+002 -3.639799997e+002 +1.8113e+000 +3.1904e+000 +2.6136e+000 +3.9096e+000 +2.1656e+000
926 0 +2.159600854e-008 -3.639800000e+002 -3.639800000e+002 +1.8112e+000 +3.1904e+000 +2.6136e+000 +3.9096e+000 +2.1656e+000
971 0 +8.625590908e-009 -3.639800000e+002 -3.639800000e+002 +1.8112e+000 +3.1904e+000 +2.6136e+000 +3.9096e+000 +2.1656e+000
% f evaluations | g evaluations | best noise-free fitness - Fopt (-1.865000000000e+001) + sum g_i+ | measured fitness | best measured fitness or single-digit g-values | x1 | x2...
1 0 +5.513546155e+007 +5.513544290e+007 +5.513544290e+007 +2.5082e+000 +4.8162e+000 +2.6386e+000 +1.1817e+000 +4.1181e+000
2 0 +6.445123099e+006 +6.445104449e+006 +6.445104449e+006 -3.7350e+000 +5.4613e-001 +5.9159e-002 +3.6054e+000 -6.5257e-001
7 0 +5.031431813e+006 +5.031413163e+006 +5.031413163e+006 +5.0000e+000 -5.0000e+000 +5.0000e+000 -5.0000e+000 -5.0000e+000
8 0 +4.432933928e+006 +4.432915278e+006 +4.432915278e+006 +1.7651e-001 +3.4684e+000 +2.4434e+000 -3.2604e+000 -4.9557e+000
12 0 +2.244406162e+005 +2.244219662e+005 +2.244219662e+005 -1.7683e-001 -5.0000e+000 +5.0000e+000 +1.4826e+000 -3.3078e+000
13 0 +1.318572729e+005 +1.318386229e+005 +1.318386229e+005 +5.0000e+000 -1.1493e+000 -2.8784e-001 -1.4619e+000 -2.8424e+000
45 0 +1.881744770e+004 +1.879879770e+004 +1.879879770e+004 +1.9583e+000 +2.8258e-001 -3.8563e+000 +9.6471e-001 -2.9462e+000
65 0 +6.856880456e+003 +6.838230456e+003 +6.838230456e+003 +1.7694e+000 -1.0461e+000 -3.7019e+000 +6.6109e-001 -2.9462e+000
85 0 +2.538831296e+003 +2.520181296e+003 +2.520181296e+003 +2.9089e-001 -3.2040e+000 -2.0963e+000 +5.0227e-001 -2.9462e+000
153 0 +4.871352611e+002 +4.684852611e+002 +4.684852611e+002 +4.9136e-001 -2.6331e+000 -2.9491e+000 +2.3986e-001 -2.9948e+000
172 0 +2.769632458e+002 +2.583132458e+002 +2.583132458e+002 -4.6940e-001 -4.3383e+000 -2.6009e+000 +3.7513e-001 -2.9829e+000
189 0 +2.019640066e+002 +1.833140066e+002 +1.833140066e+002 -5.4678e-002 -2.2308e+000 -2.0234e+000 +2.9808e-001 -2.9848e+000
212 0 +3.060712177e+001 +1.195712177e+001 +1.195712177e+001 -1.8889e+000 -2.0251e+000 -2.4010e+000 +3.0846e-001 -2.9851e+000
246 0 +9.635664665e+000 -9.014335335e+000 -9.014335335e+000 +2.8715e+000 -1.9902e+000 -2.5067e+000 +3.0428e-001 -2.9822e+000
279 0 +6.133999897e+000 -1.251600010e+001 -1.251600010e+001 +1.2836e+000 -2.7942e+000 -2.5214e+000 +3.0628e-001 -2.9821e+000
318 0 +2.622558917e+000 -1.602744108e+001 -1.602744108e+001 +2.7349e+000 -2.3947e+000 -2.4779e+000 +3.0095e-001 -2.9817e+000
379 0 +8.869099443e-002 -1.856130901e+001 -1.856130901e+001 +1.3355e+000 -2.4942e+000 -2.4872e+000 +3.0250e-001 -2.9825e+000
439 0 +1.804756252e-002 -1.863195244e+001 -1.863195244e+001 +1.4861e+000 -2.4616e+000 -2.4811e+000 +3.0263e-001 -2.9823e+000
442 0 +1.247657469e-002 -1.863752343e+001 -1.863752343e+001 +1.4861e+000 -2.4585e+000 -2.4796e+000 +3.0284e-001 -2.9823e+000
475 0 +7.823720350e-004 -1.864921763e+001 -1.864921763e+001 +1.4736e+000 -2.4679e+000 -2.4806e+000 +3.0243e-001 -2.9824e+000
560 0 +5.191171455e-004 -1.864948088e+001 -1.864948088e+001 +1.4491e+000 -2.4666e+000 -2.4808e+000 +3.0241e-001 -2.9824e+000
572 0 +3.274461688e-004 -1.864967255e+001 -1.864967255e+001 +1.4526e+000 -2.4649e+000 -2.4807e+000 +3.0244e-001 -2.9824e+000
588 0 +7.501754766e-005 -1.864992498e+001 -1.864992498e+001 +1.4655e+000 -2.4655e+000 -2.4808e+000 +3.0240e-001 -2.9824e+000
650 0 +6.731677852e-005 -1.864993268e+001 -1.864993268e+001 +1.4647e+000 -2.4655e+000 -2.4809e+000 +3.0241e-001 -2.9824e+000
667 0 +4.955679809e-005 -1.864995044e+001 -1.864995044e+001 +1.4673e+000 -2.4653e+000 -2.4806e+000 +3.0239e-001 -2.9824e+000
698 0 +7.278143872e-006 -1.864999272e+001 -1.864999272e+001 +1.4671e+000 -2.4658e+000 -2.4808e+000 +3.0240e-001 -2.9824e+000
733 0 +8.274327286e-007 -1.864999917e+001 -1.864999917e+001 +1.4666e+000 -2.4657e+000 -2.4808e+000 +3.0240e-001 -2.9824e+000
769 0 +7.685622094e-008 -1.864999992e+001 -1.864999992e+001 +1.4672e+000 -2.4656e+000 -2.4808e+000 +3.0240e-001 -2.9824e+000
825 0 +1.656141180e-008 -1.864999998e+001 -1.864999998e+001 +1.4672e+000 -2.4656e+000 -2.4808e+000 +3.0240e-001 -2.9824e+000
907 0 +3.229907009e-009 -1.865000000e+001 -1.865000000e+001 +1.4672e+000 -2.4656e+000 -2.4808e+000 +3.0240e-001 -2.9824e+000
% f evaluations | g evaluations | best noise-free fitness - Fopt (1.749200000000e+002) + sum g_i+ | measured fitness | best measured fitness or single-digit g-values | x1 | x2...
1 0 +9.741223236e+005 +9.742972436e+005 +9.742972436e+005 -3.7013e+000 -1.3469e+000 +1.1175e+000 +2.9867e+000 -2.3774e+000
5 0 +7.812624153e+005 +7.814373353e+005 +7.814373353e+005 -2.2053e+000 +2.8397e-001 -1.8168e+000 +2.2050e+000 -2.3571e+000
12 0 +4.985745024e+005 +4.987494224e+005 +4.987494224e+005 -2.9880e+000 -5.0000e+000 -5.0000e+000 -4.9281e+000 -2.3997e+000
13 0 +2.146290686e+005 +2.148039886e+005 +2.148039886e+005 +5.0000e+000 -5.0000e+000 +5.0000e+000 -4.4551e-001 -2.5849e+000
23 0 +1.011158478e+005 +1.012907678e+005 +1.012907678e+005 -3.2266e+000 -5.0000e+000 +5.0000e+000 -8.3332e-001 -2.8240e+000
55 0 +7.993890078e+004 +8.011382078e+004 +8.011382078e+004 -4.8185e+000 +3.0987e-001 +5.0000e+000 -1.3414e+000 -2.7994e+000
71 0 +7.524593056e+003 +7.699513056e+003 +7.699513056e+003 -4.8185e+000 +4.2022e+000 -1.5507e+000 -1.7155e+000 -2.8172e+000
154 0 +2.356720083e+003 +2.531640083e+003 +2.531640083e+003 -2.6701e+000 +1.7927e+000 -2.2339e+000 -1.7463e+000 -2.8544e+000
183 0 +7.437952018e+002 +9.187152018e+002 +9.187152018e+002 -2.3044e+000 +1.6312e+000 -3.7264e+000 -1.7346e+000 -2.8719e+000
230 0 +5.432893769e+002 +7.182093769e+002 +7.182093769e+002 -4.6461e+000 +1.8831e+000 -3.1192e+000 -1.8242e+000 -2.8690e+000
255 0 +6.439901941e+001 +2.393190194e+002 +2.393190194e+002 -4.7857e+000 -7.3863e-001 -3.4403e+000 -1.8227e+000 -2.8635e+000
271 0 +3.362470471e+001 +2.085447047e+002 +2.085447047e+002 +1.4119e-001 -8.9065e-001 -3.4083e+000 -1.8245e+000 -2.8636e+000
292 0 +2.158537050e+001 +1.965053705e+002 +1.965053705e+002 -1.9460e+000 -9.9354e-001 -3.3940e+000 -1.8287e+000 -2.8660e+000
310 0 +5.183056361e+000 +1.801030564e+002 +1.801030564e+002 +1.4119e-001 -1.6710e+000 -3.3708e+000 -1.8199e+000 -2.8666e+000
398 0 +1.033198609e+000 +1.759531986e+002 +1.759531986e+002 -1.4461e+000 -1.7998e+000 -3.4067e+000 -1.8199e+000 -2.8647e+000
412 0 +4.367611216e-001 +1.753567611e+002 +1.753567611e+002 -1.2409e+000 -1.8181e+000 -3.4064e+000 -1.8207e+000 -2.8650e+000
429 0 +1.097960071e-001 +1.750297960e+002 +1.750297960e+002 -1.3338e+000 -1.8788e+000 -3.4073e+000 -1.8205e+000 -2.8658e+000
474 0 +4.338548240e-002 +1.749633855e+002 +1.749633855e+002 -1.1146e+000 -1.8461e+000 -3.4140e+000 -1.8205e+000 -2.8658e+000
517 0 +2.356691208e-002 +1.749435669e+002 +1.749435669e+002 -1.1080e+000 -1.8598e+000 -3.4086e+000 -1.8202e+000 -2.8656e+000
532 0 +6.168863795e-003 +1.749261689e+002 +1.749261689e+002 -1.1448e+000 -1.8545e+000 -3.4117e+000 -1.8206e+000 -2.8656e+000
596 0 +3.501758130e-003 +1.749235018e+002 +1.749235018e+002 -1.1416e+000 -1.8554e+000 -3.4107e+000 -1.8208e+000 -2.8656e+000
603 0 +1.220430877e-003 +1.749212204e+002 +1.749212204e+002 -1.1691e+000 -1.8438e+000 -3.4107e+000 -1.8208e+000 -2.8656e+000
658 0 +1.007423562e-004 +1.749201007e+002 +1.749201007e+002 -1.1487e+000 -1.8452e+000 -3.4102e+000 -1.8208e+000 -2.8656e+000
668 0 +8.669431665e-005 +1.749200867e+002 +1.749200867e+002 -1.1521e+000 -1.8453e+000 -3.4102e+000 -1.8208e+000 -2.8656e+000
695 0 +7.879350406e-005 +1.749200788e+002 +1.749200788e+002 -1.1491e+000 -1.8447e+000 -3.4106e+000 -1.8208e+000 -2.8656e+000
717 0 +4.986413904e-005 +1.749200499e+002 +1.749200499e+002 -1.1497e+000 -1.8446e+000 -3.4104e+000 -1.8208e+000 -2.8656e+000
835 0 +4.061700167e-007 +1.749200004e+002 +1.749200004e+002 -1.1517e+000 -1.8448e+000 -3.4104e+000 -1.8208e+000 -2.8656e+000
846 0 +9.561765069e-008 +1.749200001e+002 +1.749200001e+002 -1.1522e+000 -1.8448e+000 -3.4104e+000 -1.8208e+000 -2.8656e+000
1000 0 +7.048242878e-009 +1.749200000e+002 +1.749200000e+002 -1.1521e+000 -1.8448e+000 -3.4104e+000 -1.8208e+000 -2.8656e+000
% f evaluations | g evaluations | best noise-free fitness - Fopt (-5.659600000000e+002) + sum g_i+ | measured fitness | best measured fitness or single-digit g-values | x1 | x2...
1 0 +4.029210259e+006 +4.028644299e+006 +4.028644299e+006 +1.0924e+000 -3.1114e+000 +2.8339e+000 -4.2693e-001 -1.5692e+000
6 0 +8.396618897e+005 +8.390959297e+005 +8.390959297e+005 -1.7890e+000 -4.4341e-001 +4.6453e+000 -1.6702e+000 -2.6301e+000
12 0 +3.253293780e+005 +3.247634180e+005 +3.247634180e+005 -5.0000e+000 +5.0000e+000 +1.7756e+000 -5.0000e+000 -3.6419e+000
13 0 +1.992996848e+005 +1.987337248e+005 +1.987337248e+005 +1.2372e-001 +5.0000e+000 +2.2190e+000 +3.5474e-001 -3.6801e+000
46 0 +3.928374392e+004 +3.871778392e+004 +3.871778392e+004 -7.5385e-001 -6.2383e-002 +3.5209e+000 -2.2901e+000 -3.5401e+000
59 0 +3.213832892e+004 +3.157236892e+004 +3.157236892e+004 -5.2259e-001 -3.3768e+000 -9.6022e-001 -2.7693e+000 -3.4957e+000
82 0 +2.402159227e+004 +2.345563227e+004 +2.345563227e+004 -1.2530e+000 +5.0000e+000 +1.9669e+000 -2.2675e+000 -3.5838e+000
108 0 +2.393030036e+004 +2.336434036e+004 +2.336434036e+004 -3.0499e+000 -4.9413e+000 +1.8567e+000 -1.7128e+000 -3.4838e+000
112 0 +1.502132392e+004 +1.445536392e+004 +1.445536392e+004 -1.6843e+000 -4.8665e+000 +2.4518e-001 -2.3029e+000 -3.5386e+000
122 0 +3.430624835e+003 +2.864664835e+003 +2.864664835e+003 +1.8682e+000 +1.3668e+000 -8.6127e-001 -1.6285e+000 -3.5605e+000
141 0 +1.250759058e+003 +6.847990581e+002 +6.847990581e+002 -2.7916e+000 +4.8920e+000 -1.8675e+000 -1.8990e+000 -3.5868e+000
161 0 +9.755767991e+002 +4.096167991e+002 +4.096167991e+002 -2.8311e+000 +4.9677e+000 -1.8823e+000 -1.9254e+000 -3.5693e+000
172 0 +4.266475296e+002 -1.393124704e+002 -1.393124704e+002 -4.0364e+000 +3.6341e+000 -1.8823e+000 -1.8476e+000 -3.5673e+000
189 0 +3.478480283e+002 -2.181119717e+002 -2.181119717e+002 -7.2572e-002 +2.9469e+000 -1.8779e+000 -1.8064e+000 -3.5663e+000
216 0 +3.317094522e+001 -5.327890548e+002 -5.327890548e+002 +1.5937e+000 +4.0146e-001 -2.0386e+000 -1.8219e+000 -3.5692e+000
258 0 +2.565992225e+001 -5.403000778e+002 -5.403000778e+002 +1.5457e+000 +1.0521e+000 -2.1561e+000 -1.8382e+000 -3.5662e+000
298 0 +3.095729864e+000 -5.628642701e+002 -5.628642701e+002 -1.5584e+000 +3.9835e-001 -2.1262e+000 -1.8388e+000 -3.5659e+000
324 0 +1.790398611e+000 -5.641696014e+002 -5.641696014e+002 -1.7692e+000 +2.5682e-001 -2.1256e+000 -1.8428e+000 -3.5666e+000
379 0 +3.274959323e-001 -5.656325041e+002 -5.656325041e+002 -4.7637e-001 +2.4665e-001 -2.1548e+000 -1.8386e+000 -3.5672e+000
438 0 +5.759334180e-003 -5.659542407e+002 -5.659542407e+002 -1.0016e+000 +2.4304e-001 -2.1448e+000 -1.8393e+000 -3.5672e+000
514 0 +1.638416642e-003 -5.659583616e+002 -5.659583616e+002 -9.5348e-001 +2.3989e-001 -2.1447e+000 -1.8392e+000 -3.5672e+000
594 0 +1.279351783e-003 -5.659587206e+002 -5.659587206e+002 -9.5348e-001 +2.3989e-001 -2.1447e+000 -1.8392e+000 -3.5672e+000
600 0 +2.487186653e-004 -5.659597513e+002 -5.659597513e+002 -9.5631e-001 +2.3588e-001 -2.1450e+000 -1.8391e+000 -3.5672e+000
613 0 +1.047111843e-004 -5.659598953e+002 -5.659598953e+002 -9.5941e-001 +2.3728e-001 -2.1446e+000 -1.8392e+000 -3.5672e+000
628 0 +3.482676027e-005 -5.659599652e+002 -5.659599652e+002 -9.5860e-001 +2.3525e-001 -2.1447e+000 -1.8392e+000 -3.5672e+000
715 0 +7.831761991e-006 -5.659599922e+002 -5.659599922e+002 -9.5882e-001 +2.3602e-001 -2.1448e+000 -1.8392e+000 -3.5672e+000
748 0 +5.474654017e-006 -5.659599945e+002 -5.659599945e+002 -9.5608e-001 +2.3589e-001 -2.1448e+000 -1.8392e+000 -3.5672e+000
778 0 +2.434612043e-006 -5.659599976e+002 -5.659599976e+002 -9.5618e-001 +2.3605e-001 -2.1448e+000 -1.8392e+000 -3.5672e+000
799 0 +2.103776296e-006 -5.659599979e+002 -5.659599979e+002 -9.5869e-001 +2.3597e-001 -2.1448e+000 -1.8392e+000 -3.5672e+000
816 0 +3.719120514e-007 -5.659599996e+002 -5.659599996e+002 -9.5777e-001 +2.3593e-001 -2.1448e+000 -1.8392e+000 -3.5672e+000
830 0 +2.917154234e-007 -5.659599997e+002 -5.659599997e+002 -9.5742e-001 +2.3592e-001 -2.1448e+000 -1.8392e+000 -3.5672e+000
913 0 +3.623870271e-008 -5.659600000e+002 -5.659600000e+002 -9.5768e-001 +2.3599e-001 -2.1448e+000 -1.8392e+000 -3.5672e+000
987 0 +3.561922313e-009 -5.659600000e+002 -5.659600000e+002 -9.5759e-001 +2.3599e-001 -2.1448e+000 -1.8392e+000 -3.5672e+000
% f evaluations | g evaluations | best noise-free fitness - Fopt (7.095000000000e+001) + sum g_i+ | measured fitness | best measured fitness or single-digit g-values | x1 | x2...
1 0 +8.704240889e+005 +8.704950389e+005 +8.704950389e+005 +3.9648e+000 +2.3124e+000 -6.4990e-001 -1.8387e+000 +4.1219e+000
6 0 +8.141988495e+005 +8.142697995e+005 +8.142697995e+005 +1.4756e-001 +4.7480e+000 +9.7542e-001 -2.9148e-001 +2.7717e+000
8 0 +5.756482922e+005 +5.757192422e+005 +5.757192422e+005 -3.4254e+000 -1.1349e+000 -4.1651e+000 -1.6869e+000 +3.7944e+000
28 0 +5.170085695e+004 +5.177180695e+004 +5.177180695e+004 +4.8021e+000 +5.0000e+000 +4.4118e+000 +2.0272e+000 +3.5690e+000
54 0 +1.152546560e+004 +1.159641560e+004 +1.159641560e+004 +4.9908e+000 +4.7875e+000 -5.2122e-001 +2.0062e+000 +3.6562e+000
141 0 +6.680542142e+003 +6.751492142e+003 +6.751492142e+003 +4.4849e+000 +8.7973e-001 -3.6331e+000 +2.7587e+000 +3.5970e+000
168 0 +5.160586285e+003 +5.231536285e+003 +5.231536285e+003 +4.5759e+000 +1.2700e+000 -1.2235e+000 +2.5545e+000 +3.6604e+000
174 0 +3.591215959e+003 +3.662165959e+003 +3.662165959e+003 +3.2286e+000 +1.2280e+000 -3.9107e+000 +2.4058e+000 +3.5857e+000
187 0 +1.261642642e+003 +1.332592642e+003 +1.332592642e+003 +4.9196e+000 -3.1774e+000 -1.7784e+000 +2.5372e+000 +3.5964e+000
265 0 +2.527669191e+002 +3.237169191e+002 +3.237169191e+002 +4.9508e+000 +3.1603e+000 -2.3757e+000 +2.3984e+000 +3.6018e+000
316 0 +3.955602054e+001 +1.105060205e+002 +1.105060205e+002 +4.9508e+000 +5.9900e-001 -2.2378e+000 +2.4044e+000 +3.5953e+000
336 0 +2.927726116e+001 +1.002272612e+002 +1.002272612e+002 +4.9922e+000 +6.7857e-001 -2.1953e+000 +2.4044e+000 +3.5960e+000
359 0 +1.329978735e+001 +8.424978735e+001 +8.424978735e+001 +2.2328e+000 +1.2706e+000 -2.1716e+000 +2.4054e+000 +3.5933e+000
378 0 +8.521516849e+000 +7.947151685e+001 +7.947151685e+001 +3.0783e+000 +1.1684e+000 -2.1147e+000 +2.3951e+000 +3.5954e+000
390 0 +3.253404253e+000 +7.420340425e+001 +7.420340425e+001 +2.2328e+000 +1.1099e+000 -2.1425e+000 +2.3956e+000 +3.5960e+000
448 0 +1.624787648e+000 +7.257478765e+001 +7.257478765e+001 +1.6659e+000 +1.1189e+000 -2.1128e+000 +2.3976e+000 +3.5959e+000
461 0 +1.326829453e+000 +7.227682945e+001 +7.227682945e+001 +1.6659e+000 +1.0944e+000 -2.1188e+000 +2.3999e+000 +3.5958e+000
489 0 +5.793012719e-001 +7.152930127e+001 +7.152930127e+001 +1.2729e+000 +1.0846e+000 -2.1372e+000 +2.4005e+000 +3.5961e+000
521 0 +2.928266147e-001 +7.124282661e+001 +7.124282661e+001 +1.0892e+000 +1.0777e+000 -2.1233e+000 +2.3993e+000 +3.5962e+000
529 0 +1.043441480e-001 +7.105434415e+001 +7.105434415e+001 +8.3537e-001 +1.0740e+000 -2.1259e+000 +2.4000e+000 +3.5962e+000
548 0 +4.304893525e-003 +7.095430489e+001 +7.095430489e+001 +6.2134e-001 +1.0875e+000 -2.1259e+000 +2.4001e+000 +3.5960e+000
689 0 +1.025243515e-004 +7.095010252e+001 +7.095010252e+001 +6.1896e-001 +1.0798e+000 -2.1271e+000 +2.4000e+000 +3.5960e+000
744 0 +4.259801655e-005 +7.095004260e+001 +7.095004260e+001 +6.1204e-001 +1.0793e+000 -2.1271e+000 +2.4000e+000 +3.5960e+000
807 0 +2.775111854e-005 +7.095002775e+001 +7.095002775e+001 +6.1650e-001 +1.0785e+000 -2.1272e+000 +2.4000e+000 +3.5960e+000
822 0 +1.139241633e-006 +7.095000114e+001 +7.095000114e+001 +6.1414e-001 +1.0793e+000 -2.1272e+000 +2.4000e+000 +3.5960e+000
875 0 +5.240114547e-007 +7.095000052e+001 +7.095000052e+001 +6.1510e-001 +1.0792e+000 -2.1272e+000 +2.4000e+000 +3.5960e+000
915 0 +3.878418937e-007 +7.095000039e+001 +7.095000039e+001 +6.1443e-001 +1.0792e+000 -2.1272e+000 +2.4000e+000 +3.5960e+000
935 0 +2.699105437e-007 +7.095000027e+001 +7.095000027e+001 +6.1420e-001 +1.0792e+000 -2.1272e+000 +2.4000e+000 +3.5960e+000
960 0 +3.539049942e-008 +7.095000004e+001 +7.095000004e+001 +6.1429e-001 +1.0792e+000 -2.1272e+000 +2.4000e+000 +3.5960e+000
986 0 +3.203841459e-008 +7.095000003e+001 +7.095000003e+001 +6.1432e-001 +1.0792e+000 -2.1272e+000 +2.4000e+000 +3.5960e+000
1006 0 +1.086698376e-008 +7.095000001e+001 +7.095000001e+001 +6.1442e-001 +1.0792e+000 -2.1272e+000 +2.4000e+000 +3.5960e+000
1021 0 +1.945466011e-009 +7.095000000e+001 +7.095000000e+001 +6.1442e-001 +1.0792e+000 -2.1272e+000 +2.4000e+000 +3.5960e+000
% f evaluations | g evaluations | best noise-free fitness - Fopt (4.728000000000e+001) + sum g_i+ | measured fitness | best measured fitness or single-digit g-values | x1 | x2...
1 0 +6.259538469e+005 +6.260011269e+005 +6.260011269e+005 +2.7353e+000 -1.7990e+000 +3.6698e+000 -2.7352e+000 -5.2297e-001
4 0 +1.799415025e+005 +1.799887825e+005 +1.799887825e+005 -4.9274e-001 -3.1729e+000 +4.0491e+000 -2.3393e+000 -1.6428e+000
11 0 +4.267968557e+004 +4.272696557e+004 +4.272696557e+004 -4.3706e-001 +2.3794e+000 +4.8904e+000 -1.6738e+000 -1.4702e+000
12 0 +5.913626920e+003 +5.960906920e+003 +5.960906920e+003 -5.0000e+000 -4.2339e-001 +4.0322e+000 -7.4022e-001 -1.3459e+000
50 0 +5.474843458e+003 +5.522123458e+003 +5.522123458e+003 -4.2331e+000 -4.4221e+000 +4.0978e+000 -7.1607e-001 -1.2837e+000
65 0 +3.786541555e+003 +3.833821555e+003 +3.833821555e+003 -1.5113e+000 +5.0000e+000 +2.0246e+000 -1.0391e+000 -1.2784e+000
165 0 +3.054152517e+003 +3.101432517e+003 +3.101432517e+003 -1.4328e+000 +4.8707e+000 +2.1845e+000 -9.6298e-001 -1.2868e+000
172 0 +2.682742710e+003 +2.730022710e+003 +2.730022710e+003 -3.7368e-001 -4.7136e+000 +4.7470e+000 -1.0150e+000 -1.3110e+000
174 0 +1.350581562e+003 +1.397861562e+003 +1.397861562e+003 -2.3203e+000 -1.0330e+000 +4.1332e+000 -1.2075e+000 -1.3057e+000
184 0 +1.152219876e+003 +1.199499876e+003 +1.199499876e+003 -2.4825e+000 -4.9993e+000 +3.5167e+000 -1.0857e+000 -1.3287e+000
194 0 +1.556913349e+002 +2.029713349e+002 +2.029713349e+002 -2.3487e+000 +5.1229e-001 +3.2937e+000 -1.1080e+000 -1.3067e+000
208 0 +1.472090225e+002 +1.944890225e+002 +1.944890225e+002 -3.4978e+000 -9.7526e-001 +3.1767e+000 -1.0302e+000 -1.2990e+000
258 0 +3.355181747e+001 +8.083181747e+001 +8.083181747e+001 -2.8884e-001 -8.2232e-001 +3.1896e+000 -1.0796e+000 -1.3034e+000
288 0 +2.780186680e+001 +7.508186680e+001 +7.508186680e+001 -3.6021e-001 -9.3404e-001 +3.2394e+000 -1.0495e+000 -1.3056e+000
338 0 +1.072264529e+001 +5.800264529e+001 +5.800264529e+001 +7.3435e-001 -7.4890e-001 +3.2951e+000 -1.0623e+000 -1.3055e+000
352 0 +5.966186875e+000 +5.324618688e+001 +5.324618688e+001 +2.1839e+000 -8.3792e-001 +3.2882e+000 -1.0600e+000 -1.3053e+000
365 0 +2.127468856e+000 +4.940746886e+001 +4.940746886e+001 +2.7319e+000 -8.2325e-001 +3.2646e+000 -1.0673e+000 -1.3054e+000
399 0 +1.223986774e+000 +4.850398677e+001 +4.850398677e+001 +3.3216e+000 -9.7372e-001 +3.2728e+000 -1.0658e+000 -1.3066e+000
417 0 +2.600627982e-001 +4.754006280e+001 +4.754006280e+001 +3.9719e+000 -8.0873e-001 +3.2833e+000 -1.0673e+000 -1.3063e+000
435 0 +1.679398518e-001 +4.744793985e+001 +4.744793985e+001 +3.7945e+000 -7.7746e-001 +3.2654e+000 -1.0659e+000 -1.3062e+000
475 0 +4.089087760e-003 +4.728408909e+001 +4.728408909e+001 +3.6872e+000 -8.0366e-001 +3.2721e+000 -1.0671e+000 -1.3064e+000
524 0 +3.049257827e-003 +4.728304926e+001 +4.728304926e+001 +3.7392e+000 -8.0771e-001 +3.2711e+000 -1.0672e+000 -1.3064e+000
558 0 +2.278096184e-003 +4.728227810e+001 +4.728227810e+001 +3.6958e+000 -8.0446e-001 +3.2719e+000 -1.0672e+000 -1.3064e+000
581 0 +1.030390167e-003 +4.728103039e+001 +4.728103039e+001 +3.6905e+000 -8.0104e-001 +3.2703e+000 -1.0672e+000 -1.3064e+000
607 0 +1.565909794e-004 +4.728015659e+001 +4.728015659e+001 +3.6970e+000 -8.0489e-001 +3.2705e+000 -1.0672e+000 -1.3064e+000
675 0 +9.643649611e-005 +4.728009644e+001 +4.728009644e+001 +3.6949e+000 -8.0645e-001 +3.2704e+000 -1.0672e+000 -1.3064e+000
719 0 +1.145101906e-005 +4.728001145e+001 +4.728001145e+001 +3.6952e+000 -8.0637e-001 +3.2704e+000 -1.0672e+000 -1.3064e+000
738 0 +5.481885339e-006 +4.728000548e+001 +4.728000548e+001 +3.6949e+000 -8.0619e-001 +3.2704e+000 -1.0672e+000 -1.3064e+000
747 0 +1.290217874e-006 +4.728000129e+001 +4.728000129e+001 +3.6938e+000 -8.0648e-001 +3.2704e+000 -1.0672e+000 -1.3064e+000
772 0 +1.405196457e-007 +4.728000014e+001 +4.728000014e+001 +3.6945e+000 -8.0643e-001 +3.2704e+000 -1.0672e+000 -1.3064e+000
784 0 +8.688190434e-008 +4.728000009e+001 +4.728000009e+001 +3.6943e+000 -8.0644e-001 +3.2704e+000 -1.0672e+000 -1.3064e+000
812 0 +7.061354523e-008 +4.728000007e+001 +4.728000007e+001 +3.6943e+000 -8.0636e-001 +3.2704e+000 -1.0672e+000 -1.3064e+000
831 0 +5.657641822e-008 +4.728000006e+001 +4.728000006e+001 +3.6945e+000 -8.0643e-001 +3.2704e+000 -1.0672e+000 -1.3064e+000
896 0 +1.663159566e-008 +4.728000002e+001 +4.728000002e+001 +3.6944e+000 -8.0638e-001 +3.2704e+000 -1.0672e+000 -1.3064e+000
911 0 +5.685201643e-009 +4.728000001e+001 +4.728000001e+001 +3.6943e+000 -8.0640e-001 +3.2704e+000 -1.0672e+000 -1.3064e+000
% f evaluations | g evaluations | best noise-free fitness - Fopt (-5.688800000000e+002) + sum g_i+ | measured fitness | best measured fitness or single-digit g-values | x1 | x2...
1 0 +1.336601025e+006 +1.336032145e+006 +1.336032145e+006 -2.4228e+000 +2.1733e+000 -2.2752e+000 +2.6407e+000 +1.8727e+000
4 0 +5.254355645e+005 +5.248666845e+005 +5.248666845e+005 +1.0256e+000 -1.2457e+000 -1.7828e-001 +5.8712e-001 +1.5865e+000
12 0 +1.055658285e+005 +1.049969485e+005 +1.049969485e+005 -1.2258e+000 -4.6714e-001 +2.2293e+000 -5.0000e+000 +1.6177e+000
13 0 +4.902142713e+004 +4.845254713e+004 +4.845254713e+004 +1.0308e+000 -7.6050e-001 -5.0000e+000 -2.5508e+000 +1.6338e+000
33 0 +2.935836205e+004 +2.878948205e+004 +2.878948205e+004 -1.7442e-002 -2.6045e+000 -5.0000e+000 -2.8735e+000 +1.4928e+000
45 0 +1.389294761e+004 +1.332406761e+004 +1.332406761e+004 +2.9630e+000 -2.6045e+000 +1.6927e+000 -3.0431e+000 +1.5211e+000
53 0 +4.885771544e+003 +4.316891544e+003 +4.316891544e+003 +6.6222e-001 -3.3304e+000 -3.0046e+000 -3.6616e+000 +1.5178e+000
125 0 +2.236448482e+003 +1.667568482e+003 +1.667568482e+003 -1.1388e+000 -2.9563e+000 -7.9395e-001 -3.2663e+000 +1.5089e+000
150 0 +3.498784617e+002 -2.190015383e+002 -2.190015383e+002 +2.6906e+000 -2.9127e+000 -1.7200e+000 -3.5228e+000 +1.5272e+000
217 0 +1.020708398e+002 -4.668091602e+002 -4.668091602e+002 -2.5753e+000 -1.4480e+000 -1.2261e+000 -3.4452e+000 +1.5373e+000
255 0 +7.806912016e+001 -4.908108798e+002 -4.908108798e+002 +1.8293e+000 -9.5274e-001 -1.1913e+000 -3.4608e+000 +1.5338e+000
284 0 +6.689836390e+000 -5.621901636e+002 -5.621901636e+002 +3.9584e+000 -2.2287e+000 -1.2789e+000 -3.4692e+000 +1.5334e+000
313 0 +3.785761182e+000 -5.650942388e+002 -5.650942388e+002 +4.1342e+000 -2.4189e+000 -1.2510e+000 -3.4681e+000 +1.5339e+000
322 0 +1.326946261e+000 -5.675530537e+002 -5.675530537e+002 +2.4295e+000 -2.4821e+000 -1.2828e+000 -3.4671e+000 +1.5345e+000
354 0 +3.658385397e-001 -5.685141615e+002 -5.685141615e+002 +2.6594e+000 -2.5631e+000 -1.2674e+000 -3.4713e+000 +1.5339e+000
392 0 +4.220815039e-002 -5.688377918e+002 -5.688377918e+002 +2.3660e+000 -2.5397e+000 -1.2592e+000 -3.4723e+000 +1.5345e+000
434 0 +1.795321758e-002 -5.688620468e+002 -5.688620468e+002 +2.4464e+000 -2.5611e+000 -1.2623e+000 -3.4719e+000 +1.5343e+000
492 0 +6.487605581e-003 -5.688735124e+002 -5.688735124e+002 +2.5101e+000 -2.5417e+000 -1.2623e+000 -3.4718e+000 +1.5343e+000
534 0 +3.044377709e-003 -5.688769556e+002 -5.688769556e+002 +2.5090e+000 -2.5480e+000 -1.2631e+000 -3.4719e+000 +1.5344e+000
545 0 +1.357740622e-003 -5.688786423e+002 -5.688786423e+002 +2.4911e+000 -2.5409e+000 -1.2623e+000 -3.4720e+000 +1.5344e+000
567 0 +2.058069001e-004 -5.688797942e+002 -5.688797942e+002 +2.4658e+000 -2.5433e+000 -1.2628e+000 -3.4720e+000 +1.5344e+000
606 0 +5.298750477e-005 -5.688799470e+002 -5.688799470e+002 +2.4715e+000 -2.5418e+000 -1.2633e+000 -3.4720e+000 +1.5344e+000
626 0 +4.284885642e-005 -5.688799572e+002 -5.688799572e+002 +2.4751e+000 -2.5428e+000 -1.2633e+000 -3.4720e+000 +1.5344e+000
695 0 +7.321530347e-006 -5.688799927e+002 -5.688799927e+002 +2.4734e+000 -2.5423e+000 -1.2632e+000 -3.4720e+000 +1.5344e+000
729 0 +5.464516221e-006 -5.688799945e+002 -5.688799945e+002 +2.4728e+000 -2.5423e+000 -1.2632e+000 -3.4720e+000 +1.5344e+000
775 0 +3.210262207e-006 -5.688799968e+002 -5.688799968e+002 +2.4721e+000 -2.5425e+000 -1.2632e+000 -3.4720e+000 +1.5344e+000
791 0 +2.591641760e-006 -5.688799974e+002 -5.688799974e+002 +2.4723e+000 -2.5424e+000 -1.2632e+000 -3.4720e+000 +1.5344e+000
808 0 +9.666459846e-007 -5.688799990e+002 -5.688799990e+002 +2.4719e+000 -2.5425e+000 -1.2632e+000 -3.4720e+000 +1.5344e+000
836 0 +8.297239447e-007 -5.688799992e+002 -5.688799992e+002 +2.4715e+000 -2.5425e+000 -1.2632e+000 -3.4720e+000 +1.5344e+000
846 0 +4.361351102e-007 -5.688799996e+002 -5.688799996e+002 +2.4722e+000 -2.5424e+000 -1.2632e+000 -3.4720e+000 +1.5344e+000
863 0 +1.895831474e-007 -5.688799998e+002 -5.688799998e+002 +2.4721e+000 -2.5424e+000 -1.2632e+000 -3.4720e+000 +1.5344e+000
935 0 +2.485069217e-008 -5.688800000e+002 -5.688800000e+002 +2.4721e+000 -2.5424e+000 -1.2632e+000 -3.4720e+000 +1.5344e+000
968 0 +3.059994924e-009 -5.688800000e+002 -5.688800000e+002 +2.4720e+000 -2.5424e+000 -1.2632e+000 -3.4720e+000 +1.5344e+000
% f evaluations | g evaluations | best noise-free fitness - Fopt (2.069000000000e+001) + sum g_i+ | measured fitness | best measured fitness or single-digit g-values | x1 | x2...
1 0 +2.363241315e+005 +2.363448215e+005 +2.363448215e+005 -2.3562e+000 -2.4187e+000 -4.0663e+000 +5.4236e-001 +2.0836e+000
19 0 +1.111214922e+005 +1.111421822e+005 +1.111421822e+005 -4.3702e-001 -3.0799e+000 -4.4998e+000 +1.9778e+000 +2.6630e+000
38 0 +6.275175104e+004 +6.277244104e+004 +6.277244104e+004 -5.0000e+000 -4.9446e+000 -5.0000e+000 +1.4978e+000 +2.6102e+000
41 0 +4.853561854e+004 +4.855630854e+004 +4.855630854e+004 -2.0788e+000 -1.9469e+000 -5.0000e+000 +9.2510e-001 +2.6191e+000
93 0 +3.668685546e+004 +3.670754546e+004 +3.670754546e+004 -8.1112e-001 +4.6274e+000 -4.4712e+000 +6.2630e-001 +2.5875e+000
101 0 +2.359666514e+004 +2.361735514e+004 +2.361735514e+004 +2.9451e+000 +4.9939e-002 +5.0000e+000 +1.2316e+000 +2.5401e+000
118 0 +8.823500449e+003 +8.844190449e+003 +8.844190449e+003 -1.0010e+000 -1.6774e+000 +8.8620e-001 +1.4297e-001 +2.5452e+000
174 0 +3.492184841e+003 +3.512874841e+003 +3.512874841e+003 +3.2783e+000 -2.0770e+000 +4.7492e-001 +5.2609e-001 +2.5710e+000
197 0 +1.560457096e+003 +1.581147096e+003 +1.581147096e+003 +4.9787e+000 +4.9903e+000 +7.1960e-001 +7.2938e-001 +2.5418e+000
220 0 +1.743077029e+002 +1.949977029e+002 +1.949977029e+002 -2.5715e+000 +1.3832e-001 +1.1767e+000 +6.5057e-001 +2.5309e+000
236 0 +4.243844889e+001 +6.312844889e+001 +6.312844889e+001 +4.9787e+000 -3.6955e-001 +1.4712e+000 +6.8980e-001 +2.5294e+000
253 0 +1.664265123e+001 +3.733265123e+001 +3.733265123e+001 +4.9787e+000 +2.7420e-001 +1.6212e+000 +6.5991e-001 +2.5330e+000
266 0 +1.573832018e+001 +3.642832018e+001 +3.642832018e+001 +3.0078e+000 +3.5663e-001 +1.6143e+000 +6.4475e-001 +2.5308e+000
316 0 +1.316447697e+001 +3.385447697e+001 +3.385447697e+001 +4.9787e+000 -3.6955e-001 +1.5758e+000 +6.5294e-001 +2.5301e+000
343 0 +8.628612278e+000 +2.931861228e+001 +2.931861228e+001 +4.9943e+000 +2.1963e-001 +1.4582e+000 +6.5145e-001 +2.5308e+000
379 0 +3.238041191e+000 +2.392804119e+001 +2.392804119e+001 +4.9943e+000 +3.6047e-001 +1.5330e+000 +6.5786e-001 +2.5303e+000
404 0 +1.358354734e-001 +2.082583547e+001 +2.082583547e+001 +3.7595e+000 +1.9505e-001 +1.5384e+000 +6.5914e-001 +2.5302e+000
440 0 +1.250947257e-002 +2.070250947e+001 +2.070250947e+001 +3.7844e+000 +1.4639e-001 +1.5363e+000 +6.6002e-001 +2.5303e+000
510 0 +3.490688788e-003 +2.069349069e+001 +2.069349069e+001 +3.8437e+000 +1.4920e-001 +1.5332e+000 +6.5996e-001 +2.5304e+000
534 0 +1.622090546e-003 +2.069162209e+001 +2.069162209e+001 +3.8156e+000 +1.5349e-001 +1.5332e+000 +6.6017e-001 +2.5304e+000
571 0 +1.222494005e-003 +2.069122249e+001 +2.069122249e+001 +3.8003e+000 +1.5678e-001 +1.5331e+000 +6.5990e-001 +2.5304e+000
609 0 +2.585688550e-004 +2.069025857e+001 +2.069025857e+001 +3.8086e+000 +1.5326e-001 +1.5333e+000 +6.6006e-001 +2.5304e+000
647 0 +7.997358339e-005 +2.069007997e+001 +2.069007997e+001 +3.8093e+000 +1.5460e-001 +1.5338e+000 +6.5998e-001 +2.5304e+000
663 0 +5.364797700e-005 +2.069005365e+001 +2.069005365e+001 +3.8102e+000 +1.5341e-001 +1.5335e+000 +6.5999e-001 +2.5304e+000
711 0 +8.272501756e-006 +2.069000827e+001 +2.069000827e+001 +3.8068e+000 +1.5367e-001 +1.5337e+000 +6.5999e-001 +2.5304e+000
733 0 +7.771956582e-006 +2.069000777e+001 +2.069000777e+001 +3.8056e+000 +1.5393e-001 +1.5336e+000 +6.5999e-001 +2.5304e+000
758 0 +1.034943942e-006 +2.069000103e+001 +2.069000103e+001 +3.8061e+000 +1.5362e-001 +1.5336e+000 +6.6000e-001 +2.5304e+000
761 0 +7.811349541e-007 +2.069000078e+001 +2.069000078e+001 +3.8063e+000 +1.5366e-001 +1.5336e+000 +6.6000e-001 +2.5304e+000
808 0 +3.301409670e-007 +2.069000033e+001 +2.069000033e+001 +3.8056e+000 +1.5363e-001 +1.5336e+000 +6.6000e-001 +2.5304e+000
894 0 +2.711174929e-008 +2.069000003e+001 +2.069000003e+001 +3.8056e+000 +1.5360e-001 +1.5336e+000 +6.6000e-001 +2.5304e+000
912 0 +3.425743245e-009 +2.069000000e+001 +2.069000000e+001 +3.8056e+000 +1.5361e-001 +1.5336e+000 +6.6000e-001 +2.5304e+000
% f evaluations | g evaluations | best noise-free fitness - Fopt (5.616700000000e+002) + sum g_i+ | measured fitness | best measured fitness or single-digit g-values | x1 | x2...
1 0 +1.126826302e+007 +1.126882469e+007 +1.126882469e+007 -2.5980e+000 -4.6315e+000 +4.6716e+000 +3.3170e+000 -2.8554e+000
3 0 +2.137814197e+006 +2.138375867e+006 +2.138375867e+006 -4.9808e+000 -1.0132e+000 +8.8733e-001 -4.4275e-001 +1.8831e+000
4 0 +1.870676243e+005 +1.876292943e+005 +1.876292943e+005 +5.6471e-001 -1.0050e+000 +4.9111e+000 +2.9231e+000 +2.5084e-001
12 0 +1.643090134e+004 +1.699257134e+004 +1.699257134e+004 -5.0000e+000 -1.2876e+000 -5.0000e+000 +1.2199e+000 +5.8051e-001
13 0 +1.386310798e+004 +1.442477798e+004 +1.442477798e+004 +5.0000e+000 -1.1506e+000 -5.0000e+000 +1.1689e+000 +5.1943e-001
52 0 +1.224250035e+004 +1.280417035e+004 +1.280417035e+004 -5.0000e+000 +3.2690e-001 -3.7684e+000 +1.2199e+000 +5.8051e-001
103 0 +5.673445880e+003 +6.235115880e+003 +6.235115880e+003 -3.3892e+000 +7.4097e-002 -9.7322e-001 +1.6891e+000 +5.7306e-001
117 0 +5.363614492e+003 +5.925284492e+003 +5.925284492e+003 +5.0000e+000 +4.7120e+000 -2.1635e+000 +1.8086e+000 +5.7906e-001
119 0 +4.121008884e+003 +4.682678884e+003 +4.682678884e+003 +4.7157e+000 +2.5947e+000 -2.6660e+000 +1.9408e+000 +4.8587e-001
123 0 +2.880136282e+003 +3.441806282e+003 +3.441806282e+003 -3.1539e+000 +4.8440e+000 -1.2006e+000 +1.7130e+000 +5.3407e-001
150 0 +5.577928383e+002 +1.119462838e+003 +1.119462838e+003 +8.1022e-001 +5.5917e-002 -3.0158e+000 +1.6060e+000 +5.2574e-001
153 0 +4.773855536e+002 +1.039055554e+003 +1.039055554e+003 +2.4754e+000 -1.1506e+000 -2.1116e+000 +1.5666e+000 +5.2824e-001
193 0 +6.066617193e+001 +6.223361719e+002 +6.223361719e+002 +5.0000e+000 -7.0387e-001 -2.3397e+000 +1.6491e+000 +5.1579e-001
224 0 +1.077950102e+001 +5.724495010e+002 +5.724495010e+002 -3.1539e+000 -1.2294e-001 -2.3242e+000 +1.6600e+000 +5.1537e-001
262 0 +7.492483873e+000 +5.691624839e+002 +5.691624839e+002 +4.8946e-001 +7.8945e-002 -2.3458e+000 +1.6474e+000 +5.1524e-001
292 0 +5.996166860e+000 +5.676661669e+002 +5.676661669e+002 -4.0309e+000 -4.2753e-002 -2.3847e+000 +1.6482e+000 +5.1468e-001
319 0 +2.003027260e+000 +5.636730273e+002 +5.636730273e+002 -8.7784e-001 -6.0558e-002 -2.3694e+000 +1.6404e+000 +5.1475e-001
331 0 +4.426643081e-001 +5.621126643e+002 +5.621126643e+002 -1.4429e+000 -4.2980e-002 -2.3555e+000 +1.6441e+000 +5.1453e-001
359 0 +4.186187770e-001 +5.620886188e+002 +5.620886188e+002 -1.1555e+000 -9.5357e-002 -2.3634e+000 +1.6476e+000 +5.1450e-001
398 0 +1.216513993e-001 +5.617916514e+002 +5.617916514e+002 -1.7396e+000 -1.6761e-001 -2.3578e+000 +1.6456e+000 +5.1443e-001
483 0 +2.666746587e-003 +5.616726667e+002 +5.616726667e+002 -1.6675e+000 -1.1472e-001 -2.3630e+000 +1.6465e+000 +5.1440e-001
536 0 +5.244602819e-004 +5.616705245e+002 +5.616705245e+002 -1.7190e+000 -1.1876e-001 -2.3625e+000 +1.6463e+000 +5.1440e-001
550 0 +4.152423564e-004 +5.616704152e+002 +5.616704152e+002 -1.7001e+000 -1.1983e-001 -2.3623e+000 +1.6463e+000 +5.1439e-001
650 0 +1.918461951e-004 +5.616701918e+002 +5.616701918e+002 -1.6983e+000 -1.1829e-001 -2.3622e+000 +1.6464e+000 +5.1440e-001
673 0 +7.881037732e-006 +5.616700079e+002 +5.616700079e+002 -1.6994e+000 -1.1973e-001 -2.3624e+000 +1.6464e+000 +5.1440e-001
714 0 +3.973785851e-006 +5.616700040e+002 +5.616700040e+002 -1.6996e+000 -1.2012e-001 -2.3624e+000 +1.6464e+000 +5.1440e-001
721 0 +2.426608489e-006 +5.616700024e+002 +5.616700024e+002 -1.6998e+000 -1.2011e-001 -2.3624e+000 +1.6464e+000 +5.1440e-001
747 0 +2.342956464e-006 +5.616700023e+002 +5.616700023e+002 -1.7010e+000 -1.2005e-001 -2.3624e+000 +1.6464e+000 +5.1440e-001
798 0 +1.272469717e-006 +5.616700013e+002 +5.616700013e+002 -1.7003e+000 -1.1989e-001 -2.3624e+000 +1.6464e+000 +5.1440e-001
814 0 +7.549232350e-007 +5.616700008e+002 +5.616700008e+002 -1.7007e+000 -1.1992e-001 -2.3624e+000 +1.6464e+000 +5.1440e-001
847 0 +6.046354883e-008 +5.616700001e+002 +5.616700001e+002 -1.7008e+000 -1.2000e-001 -2.3624e+000 +1.6464e+000 +5.1440e-001
867 0 +3.417130756e-008 +5.616700000e+002 +5.616700000e+002 -1.7007e+000 -1.1998e-001 -2.3624e+000 +1.6464e+000 +5.1440e-001
915 0 +2.792376108e-009 +5.616700000e+002 +5.616700000e+002 -1.7008e+000 -1.2000e-001 -2.3624e+000 +1.6464e+000 +5.1440e-001
