% f evaluations | g evaluations | best noise-free fitness - Fopt (-5.465000000000e+002) + sum g_i+ | measured fitness | best measured fitness or single-digit g-values | x1 | x2...
1 0 +6.126348340e+003 +5.579848340e+003 +5.579848340e+003 -4.0776e+000 +3.9833e+000 -2.2322e+000 -1.6930e+000 +1.2673e+000
6 0 +2.150577905e+003 +1.604077905e+003 +1.604077905e+003 -4.1767e+000 +2.8170e+000 +4.6765e-001 -1.5036e-001 +1.5455e+000
36 0 +9.632808401e+001 -4.501719160e+002 -4.501719160e+002 -1.1834e-001 +2.2892e+000 +2.5504e+000 -2.0461e+000 +1.7219e+000
42 0 +3.452705174e+000 -5.430472948e+002 -5.430472948e+002 -1.5814e-001 +1.7904e+000 +2.7965e-001 -1.6850e+000 +1.1323e+000
116 0 +2.659515329e+000 -5.438404847e+002 -5.438404847e+002 +5.4930e-001 +2.7955e+000 +1.7867e+000 -2.0842e+000 +1.5997e+000
135 0 +2.470027547e+000 -5.440299725e+002 -5.440299725e+002 -2.0676e+000 +1.9153e+000 +2.5114e-001 -2.1775e+000 +9.9418e-001
339 0 +2.134326689e+000 -5.443656733e+002 -5.443656733e+002 +4.7794e-001 +2.7284e+000 +1.8652e+000 -2.1969e+000 +1.6142e+000
444 0 +1.472811244e+000 -5.450271888e+002 -5.450271888e+002 +7.5170e-001 +2.7521e+000 +1.9680e+000 -2.1522e+000 +1.2145e+000
719 0 +1.148644895e+000 -5.453513551e+002 -5.453513551e+002 +1.4363e+000 +3.0238e+000 +1.7877e+000 -2.1699e+000 +1.2288e+000
920 0 +6.981353021e-001 -5.458018647e+002 -5.458018647e+002 +1.6171e+000 +3.0194e+000 +1.8843e+000 -2.2030e+000 +9.4369e-001
1116 0 +6.138903693e-001 -5.458861096e+002 -5.458861096e+002 +1.5923e+000 +3.0290e+000 +1.9121e+000 -2.1756e+000 +9.3996e-001
1169 0 +5.822104993e-001 -5.459177895e+002 -5.459177895e+002 +1.5893e+000 +3.0353e+000 +1.8780e+000 -2.1410e+000 +9.6728e-001
1185 0 +5.001079048e-001 -5.459998921e+002 -5.459998921e+002 +1.5053e+000 +3.0222e+000 +1.8985e+000 -2.1471e+000 +9.5126e-001
1295 0 +4.752750091e-001 -5.460247250e+002 -5.460247250e+002 +1.5196e+000 +3.0050e+000 +1.8814e+000 -2.1598e+000 +9.4878e-001
6269 0 +4.165225059e-001 -5.460834775e+002 -5.460834775e+002 -2.1133e+000 +2.1877e+000 +2.0692e+000 -6.1245e-001 +2.4886e+000
6365 0 +3.697924392e-001 -5.461302076e+002 -5.461302076e+002 -2.1133e+000 +2.1677e+000 +2.0692e+000 -6.1245e-001 +2.4886e+000
7037 0 +3.588887846e-001 -5.461411112e+002 -5.461411112e+002 -2.1133e+000 +2.1619e+000 +2.0692e+000 -6.1245e-001 +2.4886e+000
7061 0 +3.352353387e-001 -5.461647647e+002 -5.461647647e+002 -2.1133e+000 +2.1533e+000 +2.0682e+000 -6.1245e-001 +2.4807e+000
7313 0 +2.813597454e-001 -5.462186403e+002 -5.462186403e+002 -2.1270e+000 +2.0901e+000 +2.1398e+000 -5.7995e-001 +2.4816e+000
7745 0 +2.585320920e-001 -5.462414679e+002 -5.462414679e+002 -2.1232e+000 +2.1275e+000 +2.1085e+000 -5.7995e-001 +2.4816e+000
7793 0 +2.567606466e-001 -5.462432394e+002 -5.462432394e+002 -2.1232e+000 +2.1275e+000 +2.1085e+000 -5.7995e-001 +2.4845e+000
8249 0 +2.492947225e-001 -5.462507053e+002 -5.462507053e+002 -2.1232e+000 +2.1216e+000 +2.1040e+000 -5.7843e-001 +2.4845e+000
9905 0 +2.444438137e-001 -5.462555562e+002 -5.462555562e+002 -2.1166e+000 +2.1188e+000 +2.1040e+000 -5.8118e-001 +2.4832e+000
9953 0 +2.392260561e-001 -5.462607739e+002 -5.462607739e+002 -2.1166e+000 +2.1032e+000 +2.1060e+000 -5.8118e-001 +2.4832e+000
19220 0 +1.219965359e-001 -5.463780035e+002 -5.463780035e+002 -2.1157e+000 +2.0478e+000 +2.1160e+000 -2.1208e+000 +2.0788e+000
19249 0 +1.141254650e-001 -5.463858745e+002 -5.463858745e+002 -2.1138e+000 +2.0844e+000 +2.0816e+000 -2.1294e+000 +2.0737e+000
19278 0 +6.095317287e-002 -5.464390468e+002 -5.464390468e+002 -2.1106e+000 +2.0900e+000 +2.0929e+000 -2.1369e+000 +2.1010e+000
19460 0 +3.134511141e-002 -5.464686549e+002 -5.464686549e+002 -2.0826e+000 +2.1343e+000 +2.0852e+000 -2.0989e+000 +2.0995e+000
19713 0 +5.198484814e-005 -5.464999480e+002 -5.464999480e+002 -2.1052e+000 +2.1039e+000 +2.1059e+000 -2.1043e+000 +2.1047e+000
19759 0 +2.741437811e-006 -5.464999973e+002 -5.464999973e+002 -2.1050e+000 +2.1048e+000 +2.1050e+000 -2.1047e+000 +2.1048e+000
19806 0 +2.756167987e-007 -5.464999997e+002 -5.464999997e+002 -2.1048e+000 +2.1048e+000 +2.1048e+000 -2.1048e+000 +2.1048e+000
19830 0 +1.590187821e-007 -5.464999998e+002 -5.464999998e+002 -2.1048e+000 +2.1048e+000 +2.1049e+000 -2.1048e+000 +2.1048e+000
19911 0 +1.701573638e-008 -5.465000000e+002 -5.465000000e+002 -2.1048e+000 +2.1049e+000 +2.1048e+000 -2.1048e+000 +2.1048e+000
19936 0 +3.940385795e-009 -5.465000000e+002 -5.465000000e+002 -2.1048e+000 +2.1048e+000 +2.1048e+000 -2.1048e+000 +2.1048e+000
% f evaluations | g evaluations | best noise-free fitness - Fopt (1.000000000000e+003) + sum g_i+ | measured fitness | best measured fitness or single-digit g-values | x1 | x2...
1 0 +3.907320747e+004 +4.007320747e+004 +4.007320747e+004 +4.2018e+000 +2.6840e+000 -1.8485e+000 -3.8548e+000 -4.6522e+000
3 0 +9.090800051e+003 +1.009080005e+004 +1.009080005e+004 -1.8862e+000 +1.0127e+000 -4.2925e+000 -2.6143e+000 +4.3807e-001
4 0 +1.828127517e+003 +2.828127517e+003 +2.828127517e+003 -2.6564e+000 +2.7417e-001 -4.5627e-001 -3.5812e+000 -8.2285e-001
24 0 +3.037695840e+000 +1.003037696e+003 +1.003037696e+003 -2.2739e+000 +1.9383e+000 -1.9985e+000 -1.5704e+000 -8.2285e-001
138 0 +2.886818886e+000 +1.002886819e+003 +1.002886819e+003 +2.8424e-001 +1.3479e-001 -2.4958e+000 -9.2514e-001 -1.2402e+000
180 0 +2.611213231e+000 +1.002611213e+003 +1.002611213e+003 -1.8528e+000 +2.1575e+000 -1.3637e+000 -1.2247e+000 -1.1406e+000
253 0 +2.362792441e+000 +1.002362792e+003 +1.002362792e+003 -1.8959e+000 +2.3316e+000 -1.9966e+000 -1.1067e+000 -1.2543e+000
418 0 +2.330949798e+000 +1.002330950e+003 +1.002330950e+003 -1.9492e+000 +2.1121e+000 -1.6106e+000 -6.8463e-001 -1.4218e+000
456 0 +2.002014930e+000 +1.002002015e+003 +1.002002015e+003 -2.1597e+000 +2.1510e+000 -1.9388e+000 -1.5907e+000 -1.1347e+000
499 0 +1.664404385e+000 +1.001664404e+003 +1.001664404e+003 -1.9185e+000 +2.1415e+000 -1.6038e+000 -7.3163e-001 -1.3023e+000
539 0 +1.650673236e+000 +1.001650673e+003 +1.001650673e+003 -1.9238e+000 +2.1449e+000 -1.5987e+000 -7.4106e-001 -1.3018e+000
572 0 +9.258211669e-001 +1.000925821e+003 +1.000925821e+003 -2.0162e+000 +2.2190e+000 -2.0705e+000 -1.6336e+000 -1.0800e+000
694 0 +8.875169360e-001 +1.000887517e+003 +1.000887517e+003 -2.1626e+000 +2.1702e+000 -2.0493e+000 -2.0234e+000 -9.7824e-001
792 0 +7.781718721e-001 +1.000778172e+003 +1.000778172e+003 -2.0162e+000 +2.1332e+000 -2.0705e+000 -1.6486e+000 -1.0800e+000
854 0 +7.393061185e-001 +1.000739306e+003 +1.000739306e+003 -2.1269e+000 +2.2019e+000 -1.9917e+000 -2.1424e+000 -9.7858e-001
936 0 +6.303877443e-001 +1.000630388e+003 +1.000630388e+003 -2.0002e+000 +2.1425e+000 -2.1311e+000 -2.0374e+000 -9.9880e-001
1176 0 +6.102364871e-001 +1.000610236e+003 +1.000610236e+003 -2.0201e+000 +2.2384e+000 -2.1162e+000 -2.1200e+000 -9.5365e-001
1217 0 +4.739369282e-001 +1.000473937e+003 +1.000473937e+003 -2.0779e+000 +2.1438e+000 -2.1061e+000 -2.1057e+000 -9.1447e-001
1302 0 +3.716661623e-001 +1.000371666e+003 +1.000371666e+003 -2.1933e+000 +2.1220e+000 -2.1029e+000 -2.1090e+000 -9.4326e-001
1356 0 +3.382491808e-001 +1.000338249e+003 +1.000338249e+003 -2.0827e+000 +2.1529e+000 -2.0823e+000 -2.1292e+000 -9.3474e-001
1357 0 +3.071960506e-001 +1.000307196e+003 +1.000307196e+003 -2.0985e+000 +2.1151e+000 -2.0786e+000 -2.1344e+000 -9.3915e-001
1397 0 +2.722156811e-001 +1.000272216e+003 +1.000272216e+003 -2.0706e+000 +2.1438e+000 -2.1008e+000 -2.1064e+000 -9.6819e-001
1487 0 +2.659919899e-001 +1.000265992e+003 +1.000265992e+003 -2.1122e+000 +2.1202e+000 -2.0837e+000 -2.0993e+000 -9.5392e-001
1510 0 +2.556626870e-001 +1.000255663e+003 +1.000255663e+003 -2.1109e+000 +2.1068e+000 -2.0955e+000 -2.0935e+000 -9.7085e-001
1526 0 +2.418724828e-001 +1.000241872e+003 +1.000241872e+003 -2.1006e+000 +2.1186e+000 -2.0989e+000 -2.1069e+000 -9.5630e-001
1595 0 +2.394899606e-001 +1.000239490e+003 +1.000239490e+003 -2.0961e+000 +2.1022e+000 -2.0992e+000 -2.1071e+000 -9.6147e-001
29483 0 +1.274402793e-001 +1.000127440e+003 +1.000127440e+003 -2.0527e+000 +2.1398e+000 -2.0596e+000 -2.1455e+000 -2.0977e+000
29861 0 +1.113567202e-001 +1.000111357e+003 +1.000111357e+003 -2.0916e+000 +2.1398e+000 -2.0596e+000 -2.1455e+000 -2.0977e+000
31696 0 +1.083673018e-001 +1.000108367e+003 +1.000108367e+003 -2.1019e+000 +2.0857e+000 -2.0907e+000 -2.1468e+000 -2.1025e+000
31900 0 +5.932848671e-002 +1.000059328e+003 +1.000059328e+003 -2.1001e+000 +2.1363e+000 -2.0826e+000 -2.1343e+000 -2.1035e+000
32071 0 +2.327932146e-002 +1.000023279e+003 +1.000023279e+003 -2.0939e+000 +2.1107e+000 -2.0788e+000 -2.1182e+000 -2.1011e+000
32323 0 +2.114636890e-002 +1.000021146e+003 +1.000021146e+003 -2.0939e+000 +2.1107e+000 -2.0788e+000 -2.1138e+000 -2.1011e+000
32538 0 +4.056535742e-003 +1.000004057e+003 +1.000004057e+003 -2.1003e+000 +2.1013e+000 -2.1021e+000 -2.1117e+000 -2.1061e+000
32645 0 +3.959348924e-003 +1.000003959e+003 +1.000003959e+003 -2.1036e+000 +2.1043e+000 -2.0939e+000 -2.1078e+000 -2.1044e+000
32874 0 +2.388424036e-007 +1.000000000e+003 +1.000000000e+003 -2.1048e+000 +2.1048e+000 -2.1048e+000 -2.1048e+000 -2.1048e+000
32904 0 +1.430395287e-007 +1.000000000e+003 +1.000000000e+003 -2.1048e+000 +2.1048e+000 -2.1048e+000 -2.1049e+000 -2.1048e+000
32968 0 +1.758780854e-008 +1.000000000e+003 +1.000000000e+003 -2.1048e+000 +2.1048e+000 -2.1048e+000 -2.1048e+000 -2.1048e+000
33027 0 +1.402804628e-008 +1.000000000e+003 +1.000000000e+003 -2.1048e+000 +2.1048e+000 -2.1048e+000 -2.1048e+000 -2.1048e+000
33079 0 +4.088974492e-009 +1.000000000e+003 +1.000000000e+003 -2.1048e+000 +2.1048e+000 -2.1048e+000 -2.1048e+000 -2.1048e+000
% f evaluations | g evaluations | best noise-free fitness - Fopt (2.083800000000e+002) + sum g_i+ | measured fitness | best measured fitness or single-digit g-values | x1 | x2...
1 0 +7.404555072e+004 +7.425393072e+004 +7.425393072e+004 +3.7109e+000 +1.0730e+000 +3.7525e+000 -4.9209e+000 +2.6960e-002
2 0 +2.322390335e+003 +2.530770335e+003 +2.530770335e+003 +9.4398e-001 +4.9378e+000 +1.5982e+000 +2.5821e+000 +1.8145e+000
22 0 +7.304422465e+002 +9.388222465e+002 +9.388222465e+002 -3.4660e-001 +3.8514e+000 +1.2758e+000 +1.4870e+000 +1.0314e+000
50 0 +3.804473256e+001 +2.464247326e+002 +2.464247326e+002 +2.6816e+000 +2.0611e-001 +6.3422e-001 +4.4441e-001 +1.0238e+000
81 0 +1.637518670e+001 +2.247551867e+002 +2.247551867e+002 +2.6834e+000 +2.5820e+000 +1.5867e+000 +1.7664e+000 +1.6125e+000
89 0 +4.407039217e+000 +2.127870392e+002 +2.127870392e+002 +1.8810e+000 +3.2805e+000 -9.3356e-003 +1.4074e+000 +1.3890e+000
107 0 +3.515343558e+000 +2.118953436e+002 +2.118953436e+002 +1.7694e+000 +5.2015e-001 +8.5110e-001 +1.9497e+000 +1.2482e+000
127 0 +3.091344427e+000 +2.114713444e+002 +2.114713444e+002 +1.7694e+000 +1.0300e+000 +1.2069e+000 +2.3347e+000 +9.9347e-001
147 0 +2.960794078e+000 +2.113407941e+002 +2.113407941e+002 +1.6261e+000 +1.4252e+000 +8.5618e-001 +2.4083e+000 +1.4173e+000
226 0 +2.644562019e+000 +2.110245620e+002 +2.110245620e+002 +1.1799e+000 +2.1768e+000 +2.1380e+000 +1.6362e+000 +1.3755e+000
301 0 +2.063203084e+000 +2.104432031e+002 +2.104432031e+002 -3.2406e-001 +2.4596e+000 +1.4491e+000 +2.3044e+000 +8.4432e-001
353 0 +1.866078221e+000 +2.102460782e+002 +2.102460782e+002 -6.2668e-001 +2.4537e+000 +2.0744e+000 +2.2213e+000 +2.0489e+000
481 0 +1.763030103e+000 +2.101430301e+002 +2.101430301e+002 -1.1265e+000 +2.2817e+000 +2.0899e+000 +2.0396e+000 +1.4780e+000
505 0 +1.497682701e+000 +2.098776827e+002 +2.098776827e+002 -1.4318e+000 +2.2238e+000 +2.0568e+000 +2.1225e+000 +2.0743e+000
726 0 +1.170065164e+000 +2.095500652e+002 +2.095500652e+002 -2.0522e+000 +2.2065e+000 +1.4085e+000 +2.3270e+000 +1.9894e+000
792 0 +1.131706569e+000 +2.095117066e+002 +2.095117066e+002 -2.0791e+000 +2.1761e+000 +9.5346e-001 +2.4456e+000 +2.0037e+000
1026 0 +1.063318335e+000 +2.094433183e+002 +2.094433183e+002 -2.2052e+000 +2.1808e+000 +1.3769e+000 +2.2942e+000 +2.0285e+000
1122 0 +1.018535369e+000 +2.093985354e+002 +2.093985354e+002 -9.2720e-001 +2.4465e+000 +1.9431e+000 +2.2172e+000 +2.0701e+000
1143 0 +9.515375614e-001 +2.093315376e+002 +2.093315376e+002 -1.9156e+000 +2.1484e+000 +2.0781e+000 +2.1126e+000 +1.7154e+000
1345 0 +7.455632981e-001 +2.091255633e+002 +2.091255633e+002 -9.7608e-001 +2.3953e+000 +1.9512e+000 +2.1132e+000 +2.1232e+000
1498 0 +5.414493705e-001 +2.089214494e+002 +2.089214494e+002 -9.4922e-001 +2.3680e+000 +2.0719e+000 +2.1036e+000 +2.1139e+000
1994 0 +5.167936845e-001 +2.088967937e+002 +2.088967937e+002 -1.9169e+000 +2.2392e+000 +2.0730e+000 +2.1294e+000 +2.0786e+000
2047 0 +4.870728388e-001 +2.088670728e+002 +2.088670728e+002 -1.0431e+000 +2.3549e+000 +2.0411e+000 +2.1419e+000 +2.0825e+000
2130 0 +3.193974958e-001 +2.086993975e+002 +2.086993975e+002 -1.9962e+000 +2.1661e+000 +2.1032e+000 +2.0951e+000 +2.1490e+000
2155 0 +2.461876317e-001 +2.086261876e+002 +2.086261876e+002 -2.0648e+000 +2.1239e+000 +2.1475e+000 +2.1279e+000 +2.1296e+000
2219 0 +1.610768087e-001 +2.085410768e+002 +2.085410768e+002 -2.0386e+000 +2.1967e+000 +2.0935e+000 +2.1208e+000 +2.0956e+000
2239 0 +1.445874901e-001 +2.085245875e+002 +2.085245875e+002 -2.0978e+000 +2.1881e+000 +2.0657e+000 +2.1291e+000 +2.0924e+000
2257 0 +1.254909225e-001 +2.085054909e+002 +2.085054909e+002 -2.1311e+000 +2.1734e+000 +2.0691e+000 +2.1252e+000 +2.0988e+000
2311 0 +6.292339233e-002 +2.084429234e+002 +2.084429234e+002 -2.1115e+000 +2.1504e+000 +2.0979e+000 +2.0906e+000 +2.0997e+000
2415 0 +1.887200378e-002 +2.083988720e+002 +2.083988720e+002 -2.1154e+000 +2.1048e+000 +2.0993e+000 +2.1117e+000 +2.1153e+000
2514 0 +1.682674535e-002 +2.083968267e+002 +2.083968267e+002 -2.1371e+000 +2.1130e+000 +2.1024e+000 +2.1006e+000 +2.1075e+000
2544 0 +7.689596176e-003 +2.083876896e+002 +2.083876896e+002 -2.1181e+000 +2.1197e+000 +2.1022e+000 +2.1055e+000 +2.1046e+000
2582 0 +3.050394951e-003 +2.083830504e+002 +2.083830504e+002 -2.1169e+000 +2.1110e+000 +2.1041e+000 +2.1050e+000 +2.1054e+000
2640 0 +1.287722112e-003 +2.083812877e+002 +2.083812877e+002 -2.1024e+000 +2.1130e+000 +2.1053e+000 +2.1045e+000 +2.1046e+000
2676 0 +8.808298557e-004 +2.083808808e+002 +2.083808808e+002 -2.1074e+000 +2.1036e+000 +2.1055e+000 +2.1012e+000 +2.1047e+000
2700 0 +7.515181265e-004 +2.083807515e+002 +2.083807515e+002 -2.0990e+000 +2.1053e+000 +2.1053e+000 +2.1031e+000 +2.1038e+000
2711 0 +4.194612272e-004 +2.083804195e+002 +2.083804195e+002 -2.1054e+000 +2.1043e+000 +2.1080e+000 +2.1048e+000 +2.1058e+000
2744 0 +3.081152290e-004 +2.083803081e+002 +2.083803081e+002 -2.1048e+000 +2.1037e+000 +2.1035e+000 +2.1052e+000 +2.1033e+000
2764 0 +2.116232082e-004 +2.083802116e+002 +2.083802116e+002 -2.1051e+000 +2.1037e+000 +2.1056e+000 +2.1051e+000 +2.1035e+000
2785 0 +3.625026631e-005 +2.083800363e+002 +2.083800363e+002 -2.1059e+000 +2.1040e+000 +2.1052e+000 +2.1053e+000 +2.1049e+000
2832 0 +1.842093266e-005 +2.083800184e+002 +2.083800184e+002 -2.1048e+000 +2.1051e+000 +2.1049e+000 +2.1047e+000 +2.1045e+000
2917 0 +4.131559137e-006 +2.083800041e+002 +2.083800041e+002 -2.1049e+000 +2.1046e+000 +2.1047e+000 +2.1048e+000 +2.1048e+000
2994 0 +2.109478800e-006 +2.083800021e+002 +2.083800021e+002 -2.1048e+000 +2.1048e+000 +2.1046e+000 +2.1048e+000 +2.1048e+000
3011 0 +1.274068552e-006 +2.083800013e+002 +2.083800013e+002 -2.1049e+000 +2.1048e+000 +2.1047e+000 +2.1049e+000 +2.1049e+000
3035 0 +1.803921634e-007 +2.083800002e+002 +2.083800002e+002 -2.1048e+000 +2.1048e+000 +2.1048e+000 +2.1049e+000 +2.1048e+000
3115 0 +1.415390329e-007 +2.083800001e+002 +2.083800001e+002 -2.1049e+000 +2.1048e+000 +2.1049e+000 +2.1049e+000 +2.1048e+000
3170 0 +1.138674577e-007 +2.083800001e+002 +2.083800001e+002 -2.1049e+000 +2.1049e+000 +2.1049e+000 +2.1049e+000 +2.1048e+000
3187 0 +9.359803244e-008 +2.083800001e+002 +2.083800001e+002 -2.1048e+000 +2.1049e+000 +2.1048e+000 +2.1048e+000 +2.1048e+000
3200 0 +5.044557838e-008 +2.083800001e+002 +2.083800001e+002 -2.1048e+000 +2.1049e+000 +2.1048e+000 +2.1048e+000 +2.1048e+000
3254 0 +4.877136917e-009 +2.083800000e+002 +2.083800000e+002 -2.1048e+000 +2.1048e+000 +2.1048e+000 +2.1048e+000 +2.1048e+000
% f evaluations | g evaluations | best noise-free fitness - Fopt (-1.449600000000e+002) + sum g_i+ | measured fitness | best measured fitness or single-digit g-values | x1 | x2...
1 0 +7.042670993e+004 +7.028174993e+004 +7.028174993e+004 +3.7060e+000 +3.5105e+000 +2.0205e+000 +3.5017e+000 -3.4664e+000
6 0 +2.509261351e+004 +2.494765351e+004 +2.494765351e+004 +3.6774e+000 +1.8987e+000 +2.1852e+000 -6.1670e-001 +6.8227e-001
10 0 +1.703648427e+004 +1.689152427e+004 +1.689152427e+004 -4.8634e+000 -3.5258e+000 -2.1094e+000 +2.0251e+000 -3.9079e+000
12 0 +4.302349820e+003 +4.157389820e+003 +4.157389820e+003 -3.1930e+000 +1.0532e+000 -3.5147e-001 -2.2069e+000 -3.2177e+000
16 0 +3.272808156e+003 +3.127848156e+003 +3.127848156e+003 -2.9916e-001 +1.5252e+000 -4.1807e+000 -1.3276e+000 -3.1045e+000
28 0 +1.177014927e+003 +1.032054927e+003 +1.032054927e+003 +2.0677e+000 -1.1826e+000 -3.5195e+000 -1.4084e+000 -2.1405e+000
32 0 +1.057190773e+003 +9.122307726e+002 +9.122307726e+002 -4.1221e+000 +1.7304e+000 -2.0938e+000 -2.2263e-001 -2.5344e+000
46 0 +2.306482881e+002 +8.568828807e+001 +8.568828807e+001 -3.0855e+000 -2.4635e+000 +1.3920e-001 -6.2584e-001 -1.5102e+000
48 0 +3.670079881e+000 -1.412899201e+002 -1.412899201e+002 +8.4790e-002 -2.4760e+000 -2.1091e+000 -1.0696e+000 -1.4108e+000
65 0 +2.917604576e+000 -1.420423954e+002 -1.420423954e+002 -4.6827e-001 -2.4968e+000 -1.0118e+000 -1.9797e+000 -6.7077e-001
114 0 +2.531807667e+000 -1.424281923e+002 -1.424281923e+002 -9.7647e-001 -2.2769e+000 -1.9865e+000 -6.6349e-001 -2.2406e+000
186 0 +2.491394466e+000 -1.424686055e+002 -1.424686055e+002 -1.2201e+000 -2.4091e+000 -1.4069e+000 -7.9616e-001 -1.3725e+000
192 0 +2.410784168e+000 -1.425492158e+002 -1.425492158e+002 -8.9807e-001 -1.5483e+000 -2.2373e+000 -1.3704e-001 -1.9983e+000
214 0 +2.143770260e+000 -1.428162297e+002 -1.428162297e+002 -9.7647e-001 -2.4247e+000 -1.9546e+000 -7.0416e-001 -1.9407e+000
470 0 +2.090544980e+000 -1.428694550e+002 -1.428694550e+002 -9.3518e-001 -1.5740e+000 -1.5853e+000 -7.0706e-001 -2.3854e+000
493 0 +1.751433673e+000 -1.432085663e+002 -1.432085663e+002 -2.1425e+000 -2.1331e+000 -1.9899e+000 -7.4386e-001 -1.2597e+000
682 0 +1.622404751e+000 -1.433375952e+002 -1.433375952e+002 -2.1168e+000 -2.1244e+000 -2.0333e+000 -5.2338e-001 -1.4558e+000
753 0 +1.519963633e+000 -1.434400364e+002 -1.434400364e+002 -2.1383e+000 -2.0310e+000 -2.1099e+000 -7.4386e-001 -1.2790e+000
1081 0 +1.512334533e+000 -1.434476655e+002 -1.434476655e+002 -1.0553e+000 -2.3956e+000 -2.0378e+000 -5.8104e-001 -1.8917e+000
1293 0 +1.351873349e+000 -1.436081267e+002 -1.436081267e+002 -2.2534e+000 -2.0566e+000 -2.0966e+000 -6.8802e-001 -1.2790e+000
1322 0 +1.328953436e+000 -1.436310466e+002 -1.436310466e+002 -2.0093e+000 -2.1516e+000 -2.0320e+000 -5.6026e-001 -1.4313e+000
1373 0 +1.224125423e+000 -1.437358746e+002 -1.437358746e+002 -2.2286e+000 -2.0566e+000 -2.1587e+000 -6.4710e-001 -1.2790e+000
1410 0 +7.262942699e-001 -1.442337057e+002 -1.442337057e+002 -1.9559e+000 -2.1452e+000 -2.1053e+000 -5.9005e-001 -1.3571e+000
1750 0 +6.270552053e-001 -1.443329448e+002 -1.443329448e+002 -1.9891e+000 -2.1266e+000 -2.1020e+000 -5.6940e-001 -1.3571e+000
1993 0 +5.196097788e-001 -1.444403902e+002 -1.444403902e+002 -2.1090e+000 -2.1259e+000 -2.0824e+000 -5.8664e-001 -1.3570e+000
2445 0 +5.034934204e-001 -1.444565066e+002 -1.444565066e+002 -2.0780e+000 -2.1111e+000 -2.1110e+000 -5.8808e-001 -1.3522e+000
2581 0 +4.803962318e-001 -1.444796038e+002 -1.444796038e+002 -2.1067e+000 -2.1131e+000 -2.1063e+000 -5.7034e-001 -1.3421e+000
2623 0 +4.754622441e-001 -1.444845378e+002 -1.444845378e+002 -2.1009e+000 -2.1025e+000 -2.1066e+000 -5.8292e-001 -1.3434e+000
12421 0 +4.400680141e-001 -1.445199320e+002 -1.445199320e+002 -2.1851e+000 -2.1642e+000 -2.1702e+000 -2.1220e+000 -2.0976e+000
12464 0 +3.458826756e-001 -1.446141173e+002 -1.446141173e+002 -2.1529e+000 -2.1755e+000 -2.0101e+000 -2.1468e+000 -2.0896e+000
12624 0 +3.153980198e-001 -1.446446020e+002 -1.446446020e+002 -2.0258e+000 -2.1642e+000 -2.1702e+000 -2.0773e+000 -2.0980e+000
12682 0 +2.315961740e-001 -1.447284038e+002 -1.447284038e+002 -2.0258e+000 -2.0827e+000 -2.1702e+000 -2.0773e+000 -2.0980e+000
12769 0 +9.905984209e-002 -1.448609402e+002 -1.448609402e+002 -2.0258e+000 -2.0827e+000 -2.1115e+000 -2.1105e+000 -2.0980e+000
13589 0 +9.499921059e-002 -1.448650008e+002 -1.448650008e+002 -2.1542e+000 -2.0992e+000 -2.1439e+000 -2.1159e+000 -2.1017e+000
13745 0 +7.716642119e-002 -1.448828336e+002 -1.448828336e+002 -2.0261e+000 -2.1226e+000 -2.1158e+000 -2.0931e+000 -2.1136e+000
13929 0 +6.291616762e-002 -1.448970838e+002 -1.448970838e+002 -2.0342e+000 -2.1043e+000 -2.1115e+000 -2.1105e+000 -2.0980e+000
14136 0 +4.573763491e-002 -1.449142624e+002 -1.449142624e+002 -2.0984e+000 -2.0657e+000 -2.1061e+000 -2.0907e+000 -2.1032e+000
14233 0 +3.761005457e-002 -1.449223899e+002 -1.449223899e+002 -2.1212e+000 -2.1258e+000 -2.1000e+000 -2.1241e+000 -2.0929e+000
14494 0 +3.063764707e-002 -1.449293624e+002 -1.449293624e+002 -2.1166e+000 -2.1218e+000 -2.1000e+000 -2.1241e+000 -2.0940e+000
14610 0 +2.777677451e-002 -1.449322232e+002 -1.449322232e+002 -2.1166e+000 -2.1218e+000 -2.1000e+000 -2.1241e+000 -2.0972e+000
14765 0 +1.690799458e-002 -1.449430920e+002 -1.449430920e+002 -2.0924e+000 -2.1153e+000 -2.1031e+000 -2.1136e+000 -2.0925e+000
14825 0 +1.072278650e-002 -1.449492772e+002 -1.449492772e+002 -2.1166e+000 -2.1093e+000 -2.0989e+000 -2.1064e+000 -2.0958e+000
14861 0 +1.007052741e-002 -1.449499295e+002 -1.449499295e+002 -2.0984e+000 -2.0845e+000 -2.1061e+000 -2.1030e+000 -2.1032e+000
14904 0 +5.098778611e-003 -1.449549012e+002 -1.449549012e+002 -2.0980e+000 -2.1184e+000 -2.1047e+000 -2.1103e+000 -2.1042e+000
14906 0 +3.592626766e-005 -1.449599641e+002 -1.449599641e+002 -2.1055e+000 -2.1047e+000 -2.1057e+000 -2.1046e+000 -2.1045e+000
14958 0 +4.518054766e-007 -1.449599995e+002 -1.449599995e+002 -2.1048e+000 -2.1048e+000 -2.1049e+000 -2.1048e+000 -2.1048e+000
15015 0 +6.092304261e-008 -1.449599999e+002 -1.449599999e+002 -2.1048e+000 -2.1049e+000 -2.1048e+000 -2.1048e+000 -2.1048e+000
15029 0 +5.687024895e-008 -1.449599999e+002 -1.449599999e+002 -2.1048e+000 -2.1048e+000 -2.1049e+000 -2.1048e+000 -2.1048e+000
15139 0 +5.177824391e-008 -1.449599999e+002 -1.449599999e+002 -2.1049e+000 -2.1048e+000 -2.1048e+000 -2.1048e+000 -2.1048e+000
15183 0 +9.321468042e-010 -1.449600000e+002 -1.449600000e+002 -2.1049e+000 -2.1048e+000 -2.1048e+000 -2.1048e+000 -2.1048e+000
% f evaluations | g evaluations | best noise-free fitness - Fopt (-6.300000000000e+000) + sum g_i+ | measured fitness | best measured fitness or single-digit g-values | x1 | x2...
1 0 +3.161739528e+004 +3.161109528e+004 +3.161109528e+004 +4.5255e+000 -4.3816e+000 +3.9019e+000 +1.1575e+000 +1.0101e+000
2 0 +6.244126881e+003 +6.237826881e+003 +6.237826881e+003 -3.6144e+000 -1.8686e-001 +2.1360e+000 +2.9408e+000 -7.5064e-001
6 0 +2.699261526e+002 +2.636261526e+002 +2.636261526e+002 -3.2382e-001 -3.2895e+000 -1.1907e+000 +5.1198e-001 -8.1901e-001
42 0 +1.476852084e+002 +1.413852084e+002 +1.413852084e+002 -1.5998e+000 -2.5355e+000 -8.9572e-001 +2.4961e+000 -3.6104e-001
50 0 +5.594974944e+000 -7.050250563e-001 -7.050250563e-001 -1.1081e+000 -1.8023e+000 -1.0725e+000 +1.7166e+000 -8.1798e-001
55 0 +4.859644223e+000 -1.440355777e+000 -1.440355777e+000 -1.2473e+000 -2.4030e+000 -6.6760e-001 +1.3442e+000 -2.4180e+000
70 0 +4.535607676e+000 -1.764392324e+000 -1.764392324e+000 -1.4645e+000 -1.8201e+000 -1.0761e+000 +2.0368e+000 -1.1263e+000
81 0 +3.299585922e+000 -3.000414078e+000 -3.000414078e+000 +1.6375e+000 -2.1319e+000 -8.1998e-002 +6.6422e-001 -2.2213e+000
113 0 +2.624615189e+000 -3.675384811e+000 -3.675384811e+000 +1.9957e+000 -1.3853e+000 -2.3886e-001 +1.5365e+000 -1.5365e+000
121 0 +2.304653946e+000 -3.995346054e+000 -3.995346054e+000 +1.7238e+000 -2.2147e+000 -8.1998e-002 +6.6422e-001 -2.1492e+000
333 0 +2.284790692e+000 -4.015209308e+000 -4.015209308e+000 +2.1457e+000 -2.1576e+000 -4.5305e-001 +1.4066e+000 -1.4371e+000
383 0 +2.085555275e+000 -4.214444725e+000 -4.214444725e+000 +2.0975e+000 -2.2110e+000 -6.1250e-001 +9.0176e-001 -1.7000e+000
587 0 +1.729039250e+000 -4.570960750e+000 -4.570960750e+000 +2.1055e+000 -2.0708e+000 -1.7040e-001 +1.4576e+000 -1.4185e+000
701 0 +1.551092904e+000 -4.748907096e+000 -4.748907096e+000 +1.9438e+000 -2.1541e+000 -1.1579e-001 +1.0883e+000 -1.9574e+000
821 0 +1.298379532e+000 -5.001620468e+000 -5.001620468e+000 +1.9448e+000 -2.1795e+000 -1.1579e-001 +1.0757e+000 -2.0236e+000
1220 0 +1.202712532e+000 -5.097287468e+000 -5.097287468e+000 +1.9196e+000 -2.2023e+000 -9.6054e-002 +1.0582e+000 -2.3143e+000
1280 0 +1.162092475e+000 -5.137907525e+000 -5.137907525e+000 +1.9196e+000 -2.1540e+000 -1.1329e-001 +1.0582e+000 -2.3143e+000
1514 0 +1.107936449e+000 -5.192063551e+000 -5.192063551e+000 +2.1419e+000 -2.1521e+000 -1.8230e-002 +1.8879e+000 -2.1417e+000
1568 0 +9.619521380e-001 -5.338047862e+000 -5.338047862e+000 +2.0398e+000 -2.1619e+000 -1.4511e-001 +1.0440e+000 -2.3308e+000
1595 0 +7.799346338e-001 -5.520065366e+000 -5.520065366e+000 +2.1064e+000 -2.1316e+000 -4.0224e-002 +1.0248e+000 -2.3828e+000
1662 0 +7.086612743e-001 -5.591338726e+000 -5.591338726e+000 +2.1665e+000 -2.1530e+000 -6.5779e-002 +1.1367e+000 -2.3478e+000
1691 0 +6.848648270e-001 -5.615135173e+000 -5.615135173e+000 +2.0496e+000 -2.1558e+000 -2.4761e-002 +1.1271e+000 -2.3772e+000
1762 0 +6.542805983e-001 -5.645719402e+000 -5.645719402e+000 +2.1665e+000 -2.1204e+000 -6.5779e-002 +1.1367e+000 -2.3422e+000
1777 0 +6.373091350e-001 -5.662690865e+000 -5.662690865e+000 +2.0614e+000 -2.1341e+000 +2.0478e-003 +1.0973e+000 -2.3540e+000
1887 0 +5.849311012e-001 -5.715068899e+000 -5.715068899e+000 +2.1412e+000 -2.1060e+000 -6.3781e-002 +1.1302e+000 -2.3421e+000
1947 0 +5.706621821e-001 -5.729337818e+000 -5.729337818e+000 +2.1412e+000 -2.1060e+000 -6.5002e-002 +1.1259e+000 -2.3413e+000
1957 0 +5.455271021e-001 -5.754472898e+000 -5.754472898e+000 +2.1023e+000 -2.1675e+000 -4.6928e-002 +1.0954e+000 -2.3604e+000
2081 0 +5.347684579e-001 -5.765231542e+000 -5.765231542e+000 +2.1439e+000 -2.0946e+000 -5.6170e-002 +1.0875e+000 -2.3403e+000
2094 0 +4.787694656e-001 -5.821230534e+000 -5.821230534e+000 +2.0976e+000 -2.1210e+000 -7.0652e-002 +1.0899e+000 -2.3592e+000
2236 0 +4.768389838e-001 -5.823161016e+000 -5.823161016e+000 +2.0960e+000 -2.1084e+000 -7.2142e-002 +1.0869e+000 -2.3548e+000
15849 0 +4.568229731e-001 -5.843177027e+000 -5.843177027e+000 -1.5079e+000 -3.0146e+000 -1.8666e+000 +2.1856e+000 -2.0402e+000
16728 0 +4.006731844e-001 -5.899326816e+000 -5.899326816e+000 -1.4944e+000 -2.9995e+000 -1.9159e+000 +2.1127e+000 -2.1217e+000
17067 0 +3.147511528e-001 -5.985248847e+000 -5.985248847e+000 -1.5079e+000 -2.9959e+000 -1.8666e+000 +2.1689e+000 -2.0630e+000
18082 0 +2.998165320e-001 -6.000183468e+000 -6.000183468e+000 -1.5140e+000 -2.9918e+000 -1.8683e+000 +2.1640e+000 -2.0676e+000
18517 0 +2.664221803e-001 -6.033577820e+000 -6.033577820e+000 -1.5140e+000 -2.9892e+000 -1.8683e+000 +2.1640e+000 -2.0780e+000
19157 0 +2.237913386e-001 -6.076208661e+000 -6.076208661e+000 +2.0412e+000 -2.1624e+000 -2.0796e+000 +2.0725e+000 -2.0871e+000
19766 0 +2.167277385e-001 -6.083272262e+000 -6.083272262e+000 +2.0420e+000 -2.1572e+000 -2.0796e+000 +2.0725e+000 -2.0871e+000
19853 0 +1.545419016e-001 -6.145458098e+000 -6.145458098e+000 +2.0420e+000 -2.1488e+000 -2.0796e+000 +2.0725e+000 -2.1022e+000
19998 0 +1.496147863e-001 -6.150385214e+000 -6.150385214e+000 +2.0406e+000 -2.1471e+000 -2.0802e+000 +2.0731e+000 -2.1026e+000
20455 0 +1.263555694e-001 -6.173644431e+000 -6.173644431e+000 +2.0050e+000 -2.1481e+000 -2.0684e+000 +2.1085e+000 -2.1042e+000
20464 0 +7.101416438e-002 -6.228985836e+000 -6.228985836e+000 +2.0490e+000 -2.1144e+000 -2.1186e+000 +2.0977e+000 -2.0892e+000
20599 0 +6.526337818e-002 -6.234736622e+000 -6.234736622e+000 +2.0719e+000 -2.0784e+000 -2.1014e+000 +2.1007e+000 -2.1226e+000
20764 0 +5.417717986e-002 -6.245822820e+000 -6.245822820e+000 +2.1372e+000 -2.1027e+000 -2.0726e+000 +2.1185e+000 -2.1099e+000
20803 0 +3.183759648e-002 -6.268162404e+000 -6.268162404e+000 +2.0931e+000 -2.1257e+000 -2.0730e+000 +2.1070e+000 -2.1063e+000
20885 0 +1.499042495e-002 -6.285009575e+000 -6.285009575e+000 +2.1165e+000 -2.1024e+000 -2.0888e+000 +2.1181e+000 -2.1014e+000
21023 0 +5.047997411e-003 -6.294952003e+000 -6.294952003e+000 +2.0997e+000 -2.1213e+000 -2.0977e+000 +2.1054e+000 -2.1031e+000
21197 0 +4.377725056e-003 -6.295622275e+000 -6.295622275e+000 +2.1039e+000 -2.1172e+000 -2.1081e+000 +2.1038e+000 -2.1031e+000
21253 0 +3.321760356e-003 -6.296678240e+000 -6.296678240e+000 +2.0947e+000 -2.0983e+000 -2.1064e+000 +2.1020e+000 -2.1034e+000
21265 0 +2.630454141e-003 -6.297369546e+000 -6.297369546e+000 +2.0935e+000 -2.1021e+000 -2.1043e+000 +2.1035e+000 -2.1027e+000
21286 0 +2.123773088e-003 -6.297876227e+000 -6.297876227e+000 +2.0935e+000 -2.1096e+000 -2.1069e+000 +2.1038e+000 -2.1031e+000
21308 0 +2.406451660e-007 -6.299999759e+000 -6.299999759e+000 +2.1049e+000 -2.1048e+000 -2.1048e+000 +2.1048e+000 -2.1048e+000
21318 0 +1.189960965e-007 -6.299999881e+000 -6.299999881e+000 +2.1049e+000 -2.1049e+000 -2.1048e+000 +2.1048e+000 -2.1048e+000
21357 0 +9.956669178e-008 -6.299999900e+000 -6.299999900e+000 +2.1048e+000 -2.1049e+000 -2.1048e+000 +2.1049e+000 -2.1049e+000
21374 0 +9.658398969e-008 -6.299999903e+000 -6.299999903e+000 +2.1048e+000 -2.1049e+000 -2.1048e+000 +2.1048e+000 -2.1049e+000
21401 0 +6.423938803e-008 -6.299999936e+000 -6.299999936e+000 +2.1048e+000 -2.1048e+000 -2.1049e+000 +2.1048e+000 -2.1049e+000
21454 0 +7.998036011e-009 -6.299999992e+000 -6.299999992e+000 +2.1049e+000 -2.1048e+000 -2.1048e+000 +2.1048e+000 -2.1048e+000
% f evaluations | g evaluations | best noise-free fitness - Fopt (-1.367600000000e+002) + sum g_i+ | measured fitness | best measured fitness or single-digit g-values | x1 | x2...
1 0 +1.203234804e+005 +1.201867204e+005 +1.201867204e+005 +2.7986e+000 -3.1228e+000 -6.1841e-001 -2.0034e-001 +4.2179e+000
3 0 +8.461600923e+004 +8.447924923e+004 +8.447924923e+004 +1.4645e+000 -1.2896e+000 -3.0178e+000 +6.7856e-001 +3.5857e+000
4 0 +7.962605221e+004 +7.948929221e+004 +7.948929221e+004 +2.2737e+000 +3.3105e+000 -4.2033e+000 -4.2620e-001 +3.0959e+000
5 0 +2.579751576e+004 +2.566075576e+004 +2.566075576e+004 +3.4458e+000 -4.4839e+000 -4.4031e+000 +3.8140e+000 +5.1686e-001
6 0 +4.950727994e+003 +4.813967994e+003 +4.813967994e+003 +2.5060e+000 -4.7398e+000 -1.6927e+000 +1.0804e+000 -2.9091e+000
11 0 +3.679361721e+003 +3.542601721e+003 +3.542601721e+003 +1.5681e+000 -3.1046e+000 +2.0350e-001 +3.4238e+000 +5.0275e-001
12 0 +2.577023396e+003 +2.440263396e+003 +2.440263396e+003 +5.0000e+000 +2.3964e+000 -1.4081e+000 +1.8627e+000 -1.0251e+000
13 0 +4.754736439e+000 -1.320052636e+002 -1.320052636e+002 +1.5807e-001 -2.5421e-001 -1.9520e+000 +1.9521e+000 -1.3850e+000
45 0 +3.996041147e+000 -1.327639589e+002 -1.327639589e+002 +5.6393e-001 -6.1547e-001 -1.8563e+000 +1.3863e+000 -1.5994e+000
91 0 +3.724170545e+000 -1.330358295e+002 -1.330358295e+002 -1.7917e+000 -3.0212e+000 -1.0917e+000 +2.5157e+000 -1.9135e+000
126 0 +3.653264955e+000 -1.331067350e+002 -1.331067350e+002 -4.1737e-001 -2.9461e+000 -1.2438e+000 +1.3746e+000 -1.6944e+000
127 0 +3.038938404e+000 -1.337210616e+002 -1.337210616e+002 -1.2604e+000 -8.4283e-001 -8.5636e-001 +8.8607e-001 -1.8732e+000
177 0 +2.982815551e+000 -1.337771844e+002 -1.337771844e+002 -1.2960e+000 -2.1971e-001 -9.0548e-001 +8.8547e-001 -1.6849e+000
218 0 +2.397285424e+000 -1.343627146e+002 -1.343627146e+002 -6.2368e-001 -1.0957e+000 -3.7717e-001 +1.0588e+000 -1.1930e+000
634 0 +2.324348588e+000 -1.344356514e+002 -1.344356514e+002 -1.4318e+000 -1.7006e+000 -2.2625e-001 +1.3775e+000 -1.1395e+000
665 0 +2.224916572e+000 -1.345350834e+002 -1.345350834e+002 -1.3101e+000 -2.9005e+000 +6.6387e-002 +1.4193e+000 -1.1631e+000
755 0 +1.854893982e+000 -1.349051060e+002 -1.349051060e+002 -1.3754e+000 -2.9291e+000 -6.5535e-001 +9.8616e-001 -1.2567e+000
967 0 +1.420843677e+000 -1.353391563e+002 -1.353391563e+002 -1.4604e+000 -2.1651e+000 -6.3131e-002 +1.0928e+000 -1.2204e+000
2355 0 +1.250642792e+000 -1.355093572e+002 -1.355093572e+002 -6.0224e-001 -2.8039e+000 -1.8727e+000 +6.7004e-001 -1.3098e+000
2655 0 +1.217225034e+000 -1.355427750e+002 -1.355427750e+002 -6.0224e-001 -2.8120e+000 -1.8867e+000 +6.6859e-001 -1.3103e+000
3155 0 +1.140622645e+000 -1.356193774e+002 -1.356193774e+002 -6.4981e-001 -2.7684e+000 -1.9064e+000 +6.4540e-001 -1.3169e+000
3295 0 +1.118132343e+000 -1.356418677e+002 -1.356418677e+002 -6.4591e-001 -2.8283e+000 -1.9206e+000 +6.4117e-001 -1.3169e+000
5193 0 +1.078766468e+000 -1.356812335e+002 -1.356812335e+002 -1.4749e+000 -2.9471e+000 +1.0564e-001 +1.1261e+000 -1.2226e+000
5253 0 +1.061194781e+000 -1.356988052e+002 -1.356988052e+002 -1.4749e+000 -2.9471e+000 +1.0564e-001 +1.1261e+000 -1.2161e+000
6131 0 +9.691264360e-001 -1.357908736e+002 -1.357908736e+002 -1.4475e+000 -2.9702e+000 -1.8480e+000 +6.5645e-001 -1.2845e+000
6231 0 +9.350792603e-001 -1.358249207e+002 -1.358249207e+002 -1.4475e+000 -2.9702e+000 -1.8790e+000 +6.5645e-001 -1.2845e+000
6406 0 +9.296703698e-001 -1.358303296e+002 -1.358303296e+002 -1.4196e+000 -2.9887e+000 -1.8463e+000 +6.3669e-001 -1.2985e+000
6411 0 +8.811441698e-001 -1.358788558e+002 -1.358788558e+002 -1.4475e+000 -2.9702e+000 -1.8668e+000 +6.5645e-001 -1.3528e+000
6428 0 +8.626884493e-001 -1.358973116e+002 -1.358973116e+002 -1.4846e+000 -2.9268e+000 -1.8995e+000 +6.1140e-001 -1.3497e+000
6491 0 +8.351076365e-001 -1.359248924e+002 -1.359248924e+002 -1.4531e+000 -2.9702e+000 -1.8668e+000 +6.1922e-001 -1.3528e+000
6507 0 +7.548839937e-001 -1.360051160e+002 -1.360051160e+002 -1.4899e+000 -2.9964e+000 -1.8885e+000 +6.1916e-001 -1.3482e+000
6556 0 +7.331352597e-001 -1.360268647e+002 -1.360268647e+002 -1.5197e+000 -2.9931e+000 -1.8957e+000 +6.2327e-001 -1.3396e+000
6596 0 +7.241502728e-001 -1.360358497e+002 -1.360358497e+002 -1.5197e+000 -3.0019e+000 -1.8957e+000 +6.2327e-001 -1.3327e+000
11494 0 +5.770156189e-001 -1.361829844e+002 -1.361829844e+002 +2.1120e+000 -2.0611e+000 -2.0945e+000 +1.6091e+000 -2.2199e+000
11733 0 +5.410426525e-001 -1.362189573e+002 -1.362189573e+002 +2.0868e+000 -2.0374e+000 -2.1048e+000 +1.6504e+000 -2.2241e+000
11748 0 +5.168503869e-001 -1.362431496e+002 -1.362431496e+002 +1.9756e+000 -2.0496e+000 -2.0530e+000 +2.0783e+000 -2.1175e+000
11773 0 +4.081430361e-001 -1.363518570e+002 -1.363518570e+002 +2.0755e+000 -1.9875e+000 -2.0873e+000 +2.0852e+000 -2.1293e+000
11912 0 +3.996232867e-001 -1.363603767e+002 -1.363603767e+002 +1.9835e+000 -2.0368e+000 -2.0851e+000 +2.0848e+000 -2.1213e+000
11951 0 +2.486662714e-001 -1.365113337e+002 -1.365113337e+002 +2.0795e+000 -2.0376e+000 -2.0716e+000 +2.0783e+000 -2.1157e+000
12061 0 +2.134214725e-001 -1.365465785e+002 -1.365465785e+002 +2.1834e+000 -2.0257e+000 -2.0901e+000 +2.0783e+000 -2.1139e+000
12181 0 +2.004533621e-001 -1.365595466e+002 -1.365595466e+002 +2.1506e+000 -2.0265e+000 -2.0780e+000 +2.0907e+000 -2.0990e+000
12182 0 +1.937932800e-001 -1.365662067e+002 -1.365662067e+002 +2.1331e+000 -2.0208e+000 -2.0927e+000 +2.0861e+000 -2.1239e+000
12277 0 +1.803543235e-001 -1.365796457e+002 -1.365796457e+002 +2.1457e+000 -2.0216e+000 -2.0838e+000 +2.0939e+000 -2.1057e+000
12330 0 +1.775481059e-001 -1.365824519e+002 -1.365824519e+002 +2.1363e+000 -2.0227e+000 -2.1004e+000 +2.0757e+000 -2.1140e+000
12334 0 +1.505400249e-001 -1.366094600e+002 -1.366094600e+002 +2.1220e+000 -2.0211e+000 -2.1061e+000 +2.0835e+000 -2.1127e+000
12382 0 +1.400279947e-001 -1.366199720e+002 -1.366199720e+002 +2.1244e+000 -2.0269e+000 -2.1016e+000 +2.0857e+000 -2.1161e+000
12394 0 +1.342432170e-001 -1.366257568e+002 -1.366257568e+002 +2.1287e+000 -2.0212e+000 -2.1051e+000 +2.1002e+000 -2.1153e+000
12406 0 +1.064828247e-001 -1.366535172e+002 -1.366535172e+002 +2.1248e+000 -2.0359e+000 -2.1066e+000 +2.0884e+000 -2.1182e+000
12433 0 +9.589749052e-002 -1.366641025e+002 -1.366641025e+002 +2.1218e+000 -2.0397e+000 -2.1003e+000 +2.0903e+000 -2.1074e+000
12453 0 +8.740769229e-002 -1.366725923e+002 -1.366725923e+002 +2.1271e+000 -2.0376e+000 -2.1143e+000 +2.0877e+000 -2.1128e+000
12462 0 +8.383267894e-002 -1.366761673e+002 -1.366761673e+002 +2.1292e+000 -2.0461e+000 -2.1237e+000 +2.0868e+000 -2.0959e+000
12476 0 +8.124507122e-002 -1.366787549e+002 -1.366787549e+002 +2.1185e+000 -2.0391e+000 -2.1081e+000 +2.0970e+000 -2.1119e+000
12480 0 +7.585522995e-002 -1.366841448e+002 -1.366841448e+002 +2.1176e+000 -2.0460e+000 -2.1127e+000 +2.0900e+000 -2.0993e+000
12507 0 +7.292057104e-002 -1.366870794e+002 -1.366870794e+002 +2.1143e+000 -2.0391e+000 -2.1278e+000 +2.0990e+000 -2.1053e+000
12510 0 +6.660951198e-002 -1.366933905e+002 -1.366933905e+002 +2.1083e+000 -2.0464e+000 -2.1038e+000 +2.1049e+000 -2.1062e+000
12517 0 +5.082131139e-002 -1.367091787e+002 -1.367091787e+002 +2.0900e+000 -2.0691e+000 -2.0881e+000 +2.1102e+000 -2.1040e+000
12519 0 +4.237860715e-002 -1.367176214e+002 -1.367176214e+002 +2.1132e+000 -2.0606e+000 -2.1092e+000 +2.0990e+000 -2.0977e+000
12529 0 +3.164369531e-002 -1.367283563e+002 -1.367283563e+002 +2.0980e+000 -2.0775e+000 -2.0893e+000 +2.1107e+000 -2.1040e+000
12530 0 +3.652158749e-003 -1.367563478e+002 -1.367563478e+002 +2.1022e+000 -2.0922e+000 -2.1048e+000 +2.1038e+000 -2.1054e+000
12557 0 +2.775086264e-005 -1.367599722e+002 -1.367599722e+002 +2.1057e+000 -2.1042e+000 -2.1052e+000 +2.1052e+000 -2.1050e+000
12573 0 +1.748750833e-006 -1.367599983e+002 -1.367599983e+002 +2.1047e+000 -2.1050e+000 -2.1049e+000 +2.1047e+000 -2.1049e+000
12654 0 +8.180847999e-009 -1.367600000e+002 -1.367600000e+002 +2.1049e+000 -2.1048e+000 -2.1048e+000 +2.1048e+000 -2.1048e+000
% f evaluations | g evaluations | best noise-free fitness - Fopt (3.667500000000e+002) + sum g_i+ | measured fitness | best measured fitness or single-digit g-values | x1 | x2...
1 0 +4.037583221e+004 +4.074258221e+004 +4.074258221e+004 -1.2160e+000 +2.2564e+000 -4.8061e+000 +9.2563e-001 +2.8111e+000
3 0 +4.799501881e+002 +8.467001881e+002 +8.467001881e+002 -1.4757e+000 -1.6950e+000 +2.6595e+000 -1.7012e-001 +3.0831e+000
23 0 +3.061839503e+002 +6.729339503e+002 +6.729339503e+002 -1.7012e-001 -4.9298e-001 +3.0244e+000 -3.5137e-001 +1.2109e+000
49 0 +5.276561042e+000 +3.720265610e+002 +3.720265610e+002 +2.8037e-001 -1.0559e+000 +1.7991e+000 +2.0478e+000 +2.2586e+000
93 0 +3.892972609e+000 +3.706429726e+002 +3.706429726e+002 -8.9124e-001 -8.5366e-002 +1.2328e+000 +1.2144e+000 +1.1398e+000
111 0 +3.032686861e+000 +3.697826869e+002 +3.697826869e+002 -2.6666e-001 -1.9994e+000 +1.8441e-001 +2.1853e+000 +2.0932e+000
148 0 +2.656749925e+000 +3.694067499e+002 +3.694067499e+002 +3.5298e-001 -2.7273e+000 +1.4081e+000 +1.8281e+000 +1.7780e+000
150 0 +2.115088235e+000 +3.688650882e+002 +3.688650882e+002 -2.1486e+000 -2.2671e+000 +1.9282e+000 +9.6509e-001 +2.0430e+000
198 0 +1.940396509e+000 +3.686903965e+002 +3.686903965e+002 -2.2459e+000 -1.9747e+000 +1.4128e+000 +7.8612e-001 +2.1207e+000
239 0 +1.823045947e+000 +3.685730459e+002 +3.685730459e+002 -1.9365e+000 -2.1833e+000 +2.0852e+000 +2.1191e-001 +1.7080e+000
361 0 +1.197319625e+000 +3.679473196e+002 +3.679473196e+002 -2.2248e+000 -2.1275e+000 +2.1178e+000 +5.8857e-001 +1.5805e+000
1529 0 +7.911530248e-001 +3.675411530e+002 +3.675411530e+002 -2.1460e+000 -2.1029e+000 +2.0735e+000 +5.1716e-001 +1.3635e+000
1623 0 +6.468936281e-001 +3.673968936e+002 +3.673968936e+002 -2.2134e+000 -2.0652e+000 +2.0963e+000 +6.0890e-001 +1.3370e+000
1710 0 +5.945892266e-001 +3.673445892e+002 +3.673445892e+002 -2.1164e+000 -2.0727e+000 +2.0647e+000 +6.1195e-001 +1.3286e+000
1893 0 +5.328777173e-001 +3.672828777e+002 +3.672828777e+002 -2.1387e+000 -2.0844e+000 +2.1081e+000 +5.7916e-001 +1.3636e+000
2059 0 +5.236403098e-001 +3.672736403e+002 +3.672736403e+002 -2.0878e+000 -2.1154e+000 +2.1128e+000 +5.8099e-001 +1.3624e+000
2093 0 +4.918235887e-001 +3.672418236e+002 +3.672418236e+002 -2.1162e+000 -2.0808e+000 +2.1074e+000 +5.6820e-001 +1.3406e+000
2198 0 +4.780178795e-001 +3.672280179e+002 +3.672280179e+002 -2.1184e+000 -2.0934e+000 +2.1126e+000 +5.8005e-001 +1.3430e+000
8241 0 +3.229966927e-001 +3.670729967e+002 +3.670729967e+002 +1.5238e+000 -3.0521e+000 +1.8587e+000 +2.1470e+000 +2.0764e+000
8433 0 +3.019088947e-001 +3.670519089e+002 +3.670519089e+002 +1.5516e+000 -3.0521e+000 +1.8587e+000 +2.1470e+000 +2.0867e+000
8652 0 +2.884415760e-001 +3.670384416e+002 +3.670384416e+002 +1.5016e+000 -3.0224e+000 +1.8827e+000 +2.1361e+000 +2.1075e+000
8806 0 +2.499471315e-001 +3.669999471e+002 +3.669999471e+002 +1.5264e+000 -3.0128e+000 +1.8844e+000 +2.1537e+000 +2.1013e+000
8846 0 +2.429674517e-001 +3.669929675e+002 +3.669929675e+002 +1.4924e+000 -3.0141e+000 +1.8775e+000 +2.1600e+000 +2.0916e+000
9067 0 +2.391658144e-001 +3.669891658e+002 +3.669891658e+002 +1.5004e+000 -3.0035e+000 +1.8811e+000 +2.1611e+000 +2.0933e+000
29714 0 +1.424546206e-001 +3.668924546e+002 +3.668924546e+002 -2.1183e+000 -2.0742e+000 +2.0975e+000 +2.1316e+000 +2.0688e+000
30916 0 +7.903237335e-002 +3.668290324e+002 +3.668290324e+002 -2.1291e+000 -2.1249e+000 +2.1192e+000 +2.0972e+000 +2.0848e+000
31378 0 +2.323868613e-002 +3.667732387e+002 +3.667732387e+002 -2.0788e+000 -2.1249e+000 +2.1192e+000 +2.0972e+000 +2.1079e+000
31756 0 +2.068965345e-002 +3.667706897e+002 +3.667706897e+002 -2.0870e+000 -2.1249e+000 +2.1192e+000 +2.0972e+000 +2.1079e+000
33256 0 +1.974856240e-002 +3.667697486e+002 +3.667697486e+002 -2.0930e+000 -2.0858e+000 +2.1186e+000 +2.1001e+000 +2.1143e+000
33318 0 +1.579765368e-002 +3.667657977e+002 +3.667657977e+002 -2.0759e+000 -2.1086e+000 +2.1050e+000 +2.0995e+000 +2.1136e+000
33360 0 +1.373917812e-002 +3.667637392e+002 +3.667637392e+002 -2.0759e+000 -2.1086e+000 +2.1050e+000 +2.0995e+000 +2.1120e+000
33425 0 +1.254248211e-002 +3.667625425e+002 +3.667625425e+002 -2.1156e+000 -2.0791e+000 +2.1107e+000 +2.1085e+000 +2.1020e+000
33522 0 +1.101211357e-002 +3.667610121e+002 +3.667610121e+002 -2.1091e+000 -2.1183e+000 +2.0984e+000 +2.1010e+000 +2.0987e+000
33698 0 +1.089916184e-002 +3.667608992e+002 +3.667608992e+002 -2.1052e+000 -2.0974e+000 +2.1026e+000 +2.1035e+000 +2.0956e+000
33774 0 +9.720603868e-003 +3.667597206e+002 +3.667597206e+002 -2.1095e+000 -2.1183e+000 +2.1006e+000 +2.1010e+000 +2.0993e+000
33845 0 +3.853270180e-003 +3.667538533e+002 +3.667538533e+002 -2.1156e+000 -2.0986e+000 +2.1107e+000 +2.1085e+000 +2.1020e+000
33846 0 +2.485305071e-003 +3.667524853e+002 +3.667524853e+002 -2.1034e+000 -2.1076e+000 +2.1020e+000 +2.0996e+000 +2.1047e+000
34182 0 +1.930263442e-003 +3.667519303e+002 +3.667519303e+002 -2.1034e+000 -2.1041e+000 +2.1038e+000 +2.1013e+000 +2.1026e+000
34318 0 +1.118379605e-003 +3.667511184e+002 +3.667511184e+002 -2.1083e+000 -2.0999e+000 +2.1028e+000 +2.1035e+000 +2.1039e+000
34565 0 +1.009578675e-003 +3.667510096e+002 +3.667510096e+002 -2.1083e+000 -2.0987e+000 +2.1058e+000 +2.1024e+000 +2.1065e+000
34706 0 +8.789781058e-004 +3.667508790e+002 +3.667508790e+002 -2.1052e+000 -2.1020e+000 +2.1055e+000 +2.1035e+000 +2.1026e+000
34805 0 +5.476846754e-004 +3.667505477e+002 +3.667505477e+002 -2.1081e+000 -2.1028e+000 +2.1041e+000 +2.1042e+000 +2.1068e+000
34901 0 +1.136438653e-004 +3.667501136e+002 +3.667501136e+002 -2.1043e+000 -2.1043e+000 +2.1063e+000 +2.1054e+000 +2.1048e+000
34964 0 +4.142911445e-005 +3.667500414e+002 +3.667500414e+002 -2.1067e+000 -2.1047e+000 +2.1050e+000 +2.1051e+000 +2.1046e+000
35377 0 +4.005121679e-005 +3.667500401e+002 +3.667500401e+002 -2.1051e+000 -2.1051e+000 +2.1038e+000 +2.1048e+000 +2.1049e+000
35416 0 +3.476841937e-005 +3.667500348e+002 +3.667500348e+002 -2.1046e+000 -2.1044e+000 +2.1041e+000 +2.1048e+000 +2.1048e+000
35426 0 +4.630682326e-006 +3.667500046e+002 +3.667500046e+002 -2.1048e+000 -2.1050e+000 +2.1047e+000 +2.1051e+000 +2.1048e+000
35543 0 +4.524137580e-006 +3.667500045e+002 +3.667500045e+002 -2.1051e+000 -2.1050e+000 +2.1046e+000 +2.1051e+000 +2.1047e+000
35587 0 +4.388725529e-006 +3.667500044e+002 +3.667500044e+002 -2.1052e+000 -2.1049e+000 +2.1048e+000 +2.1051e+000 +2.1048e+000
35614 0 +2.815066864e-006 +3.667500028e+002 +3.667500028e+002 -2.1051e+000 -2.1049e+000 +2.1049e+000 +2.1050e+000 +2.1047e+000
35661 0 +1.169843188e-006 +3.667500012e+002 +3.667500012e+002 -2.1049e+000 -2.1048e+000 +2.1048e+000 +2.1050e+000 +2.1049e+000
35814 0 +5.325470624e-007 +3.667500005e+002 +3.667500005e+002 -2.1048e+000 -2.1050e+000 +2.1049e+000 +2.1048e+000 +2.1048e+000
35872 0 +2.365831051e-007 +3.667500002e+002 +3.667500002e+002 -2.1047e+000 -2.1049e+000 +2.1048e+000 +2.1048e+000 +2.1048e+000
35971 0 +1.578215461e-007 +3.667500002e+002 +3.667500002e+002 -2.1048e+000 -2.1049e+000 +2.1048e+000 +2.1048e+000 +2.1049e+000
36058 0 +2.920813813e-008 +3.667500000e+002 +3.667500000e+002 -2.1049e+000 -2.1048e+000 +2.1049e+000 +2.1049e+000 +2.1048e+000
36149 0 +0.000000000e+000 +3.667500000e+002 +3.667500000e+002 -2.1048e+000 -2.1048e+000 +2.1048e+000 +2.1048e+000 +2.1048e+000
% f evaluations | g evaluations | best noise-free fitness - Fopt (-2.486900000000e+002) + sum g_i+ | measured fitness | best measured fitness or single-digit g-values | x1 | x2...
1 0 +8.905461767e+004 +8.880592767e+004 +8.880592767e+004 +3.4877e-001 +3.8429e+000 -3.8275e+000 +2.9631e+000 +3.2204e+000
3 0 +3.289903428e+004 +3.265034428e+004 +3.265034428e+004 -4.1474e+000 +4.5313e+000 -6.1008e-001 +2.7358e+000 +1.2237e+000
8 0 +1.029600677e+004 +1.004731677e+004 +1.004731677e+004 -2.3715e+000 -3.8455e+000 +8.8252e-001 +6.0614e-001 +5.7445e-001
11 0 +8.247103738e+003 +7.998413738e+003 +7.998413738e+003 +1.6549e+000 -2.2921e+000 +1.3856e-001 +4.6773e+000 -2.2324e-001
14 0 +1.054367259e+003 +8.056772589e+002 +8.056772589e+002 -1.1086e+000 +1.6545e+000 +3.6378e+000 +1.8781e+000 -2.0796e+000
31 0 +6.037212998e+002 +3.550312998e+002 +3.550312998e+002 +2.6879e+000 -2.4791e+000 +1.3856e-001 +3.2575e+000 -1.8117e+000
86 0 +4.537971961e+000 -2.441520280e+002 -2.441520280e+002 +1.9078e-001 -2.9062e-001 +2.3015e+000 +5.6078e-001 -1.9831e+000
98 0 +4.459364974e+000 -2.442306350e+002 -2.442306350e+002 +1.8236e+000 -1.5000e+000 +1.3868e+000 +1.0111e+000 -1.7425e+000
118 0 +3.701338958e+000 -2.449886610e+002 -2.449886610e+002 +1.8302e+000 -1.5000e+000 +1.6960e+000 +1.3712e+000 -1.3638e+000
137 0 +3.514208206e+000 -2.451757918e+002 -2.451757918e+002 +3.0366e-001 -1.8906e+000 +1.0401e-001 +2.4546e+000 -1.3262e+000
176 0 +3.215302262e+000 -2.454746977e+002 -2.454746977e+002 +1.1627e+000 +7.1779e-001 +1.8345e+000 +2.1282e+000 -9.5249e-001
189 0 +3.116922554e+000 -2.455730774e+002 -2.455730774e+002 -1.6056e-001 +2.1753e-001 +1.6877e+000 +7.0244e-001 -1.5763e+000
212 0 +3.056027019e+000 -2.456339730e+002 -2.456339730e+002 +4.0732e-001 -1.4180e+000 +1.3081e+000 +2.3524e+000 -8.6930e-001
230 0 +2.964617255e+000 -2.457253827e+002 -2.457253827e+002 +5.0595e-001 -2.4385e+000 +1.9654e+000 +1.4590e+000 -1.5228e+000
240 0 +2.838882165e+000 -2.458511178e+002 -2.458511178e+002 +3.9892e-001 -2.5719e+000 -1.5822e-001 +2.1570e+000 -1.4183e+000
304 0 +2.253468961e+000 -2.464365310e+002 -2.464365310e+002 +9.0169e-001 -1.3918e+000 +2.2959e+000 +2.0825e+000 -1.2109e+000
656 0 +2.111255189e+000 -2.465787448e+002 -2.465787448e+002 +1.0065e+000 +3.0672e-001 +2.6995e+000 +1.6140e+000 -1.0434e+000
1132 0 +2.056358730e+000 -2.466336413e+002 -2.466336413e+002 +1.0075e+000 -1.5516e+000 +2.1990e+000 +1.7099e+000 -1.0318e+000
1246 0 +1.799500201e+000 -2.468904998e+002 -2.468904998e+002 +9.6138e-001 +1.8807e-001 +2.6259e+000 +1.4889e+000 -1.1236e+000
1316 0 +1.617899552e+000 -2.470721004e+002 -2.470721004e+002 +9.9628e-001 +3.0672e-001 +2.7512e+000 +1.4956e+000 -1.0686e+000
1426 0 +1.583417093e+000 -2.471065829e+002 -2.471065829e+002 +9.6287e-001 +3.2931e-001 +2.7141e+000 +1.4306e+000 -1.1339e+000
1796 0 +1.520533622e+000 -2.471694664e+002 -2.471694664e+002 +9.8246e-001 +3.1064e-001 +2.7185e+000 +1.4780e+000 -1.0795e+000
1946 0 +1.457901523e+000 -2.472320985e+002 -2.472320985e+002 +9.5736e-001 +2.9370e-001 +2.7281e+000 +1.4639e+000 -1.1141e+000
2413 0 +1.436212022e+000 -2.472537880e+002 -2.472537880e+002 +9.6800e-001 +2.9414e-001 +2.7040e+000 +1.4926e+000 -1.0915e+000
2480 0 +1.410335312e+000 -2.472796647e+002 -2.472796647e+002 +9.5734e-001 +2.9271e-001 +2.7001e+000 +1.4902e+000 -1.1038e+000
2705 0 +1.357074922e+000 -2.473329251e+002 -2.473329251e+002 +1.0267e+000 +3.2206e-001 +2.7211e+000 +1.5026e+000 -1.1148e+000
2751 0 +1.346362930e+000 -2.473436371e+002 -2.473436371e+002 +1.0078e+000 +3.2457e-001 +2.7153e+000 +1.4966e+000 -1.1103e+000
4997 0 +1.227898839e+000 -2.474621012e+002 -2.474621012e+002 -1.2884e+000 -2.9875e+000 +1.9154e+000 +2.2031e+000 -9.7321e-001
5021 0 +7.091051519e-001 -2.479808948e+002 -2.479808948e+002 -1.4400e+000 -2.9175e+000 +1.9423e+000 +2.1535e+000 -9.6681e-001
6053 0 +7.067853658e-001 -2.479832146e+002 -2.479832146e+002 -1.4210e+000 -2.9117e+000 +1.9317e+000 +2.1477e+000 -9.6681e-001
6221 0 +6.238128420e-001 -2.480661872e+002 -2.480661872e+002 -1.4914e+000 -2.9467e+000 +1.9317e+000 +2.1399e+000 -9.7207e-001
6425 0 +4.437590308e-001 -2.482462410e+002 -2.482462410e+002 +2.0068e+000 -2.1402e+000 +2.0511e+000 +2.1389e+000 -9.6766e-001
6953 0 +3.339277918e-001 -2.483560722e+002 -2.483560722e+002 +2.0500e+000 -2.0606e+000 +2.1172e+000 +2.1003e+000 -9.5336e-001
7403 0 +2.910010104e-001 -2.483989990e+002 -2.483989990e+002 +2.1030e+000 -2.1059e+000 +2.0910e+000 +2.0841e+000 -9.7845e-001
7451 0 +2.752883079e-001 -2.484147117e+002 -2.484147117e+002 +2.1071e+000 -2.1059e+000 +2.0910e+000 +2.1066e+000 -9.7845e-001
7486 0 +2.446765385e-001 -2.484453235e+002 -2.484453235e+002 +2.1248e+000 -2.0887e+000 +2.1124e+000 +2.1070e+000 -9.5885e-001
7505 0 +2.368872320e-001 -2.484531128e+002 -2.484531128e+002 +2.1049e+000 -2.1041e+000 +2.1050e+000 +2.1049e+000 -9.6098e-001
20333 0 +1.558099149e-001 -2.485341901e+002 -2.485341901e+002 +2.1049e+000 -2.0512e+000 +2.1231e+000 +2.1015e+000 -2.0731e+000
20613 0 +5.593512278e-002 -2.486340649e+002 -2.486340649e+002 +2.1049e+000 -2.1181e+000 +2.1012e+000 +2.1015e+000 -2.1284e+000
22216 0 +3.729265177e-002 -2.486527073e+002 -2.486527073e+002 +2.1369e+000 -2.1084e+000 +2.1182e+000 +2.0940e+000 -2.1197e+000
22293 0 +5.570640201e-003 -2.486844294e+002 -2.486844294e+002 +2.1114e+000 -2.1181e+000 +2.1012e+000 +2.1015e+000 -2.1066e+000
23378 0 +5.032034946e-003 -2.486849680e+002 -2.486849680e+002 +2.1114e+000 -2.1059e+000 +2.1012e+000 +2.1014e+000 -2.1112e+000
23859 0 +1.966739727e-003 -2.486880333e+002 -2.486880333e+002 +2.1057e+000 -2.1120e+000 +2.1067e+000 +2.1040e+000 -2.1074e+000
24137 0 +2.277380418e-008 -2.486900000e+002 -2.486900000e+002 +2.1048e+000 -2.1049e+000 +2.1048e+000 +2.1048e+000 -2.1048e+000
24176 0 +1.792406579e-008 -2.486900000e+002 -2.486900000e+002 +2.1048e+000 -2.1048e+000 +2.1048e+000 +2.1048e+000 -2.1048e+000
24210 0 +6.349637260e-009 -2.486900000e+002 -2.486900000e+002 +2.1048e+000 -2.1048e+000 +2.1048e+000 +2.1049e+000 -2.1048e+000
% f evaluations | g evaluations | best noise-free fitness - Fopt (-6.786000000000e+001) + sum g_i+ | measured fitness | best measured fitness or single-digit g-values | x1 | x2...
1 0 +6.527936337e+004 +6.521150337e+004 +6.521150337e+004 +4.0915e+000 +1.6709e+000 -4.8076e+000 -2.2217e+000 -3.8970e+000
4 0 +2.622576017e+004 +2.615790017e+004 +2.615790017e+004 -3.3149e+000 +3.5041e+000 -1.6694e+000 -1.4214e+000 -4.6359e+000
5 0 +2.250841431e+004 +2.244055431e+004 +2.244055431e+004 +1.2368e+000 +1.6841e+000 +9.1651e-002 -3.2341e-001 +9.9718e-001
6 0 +1.226298574e+004 +1.219512574e+004 +1.219512574e+004 +4.7708e+000 +2.9290e+000 +2.3816e+000 -2.0174e+000 -3.4032e+000
8 0 +1.010409343e+004 +1.003623343e+004 +1.003623343e+004 -2.2683e+000 +9.6918e-001 +1.1268e+000 -3.9165e-002 +3.6839e-001
10 0 +6.631476042e+003 +6.563616042e+003 +6.563616042e+003 -4.2886e+000 +2.8349e+000 +2.4663e-002 +4.1988e+000 +1.0422e-001
14 0 +1.417835354e+003 +1.349975354e+003 +1.349975354e+003 -4.1087e+000 -6.7207e-001 +2.8785e+000 -4.3930e-001 -1.4288e+000
21 0 +8.498058117e+002 +7.819458117e+002 +7.819458117e+002 -4.8479e-001 +2.5799e+000 +6.1034e-002 +3.5235e-001 -3.0599e+000
28 0 +4.111919016e+000 -6.374808098e+001 -6.374808098e+001 -1.7015e+000 +1.7371e-001 +5.3462e-001 +1.4452e+000 -1.2875e+000
48 0 +3.737856693e+000 -6.412214331e+001 -6.412214331e+001 -1.7015e+000 +1.7371e-001 +5.6939e-001 +1.4452e+000 -1.6231e+000
61 0 +3.530772447e+000 -6.432922755e+001 -6.432922755e+001 -4.9144e-001 +2.5243e+000 +1.7470e-001 +1.4769e+000 -1.5738e+000
111 0 +2.950896757e+000 -6.490910324e+001 -6.490910324e+001 -6.9040e-001 -2.7430e-001 +5.6824e-001 +2.3414e+000 -2.0941e+000
148 0 +2.799519019e+000 -6.506048098e+001 -6.506048098e+001 +1.5844e+000 +4.1643e-001 +2.0325e+000 +1.6144e+000 -1.6578e+000
219 0 +2.590965079e+000 -6.526903492e+001 -6.526903492e+001 +1.3625e+000 +3.5411e-001 +4.6680e-001 +1.6394e+000 -1.3782e+000
225 0 +2.521775745e+000 -6.533822425e+001 -6.533822425e+001 +1.5566e+000 +2.2709e-001 +1.0093e+000 +1.2782e+000 -2.0057e+000
465 0 +2.480528445e+000 -6.537947156e+001 -6.537947156e+001 +1.5566e+000 +2.2709e-001 +6.8239e-001 +1.0230e+000 -2.0057e+000
533 0 +2.102808456e+000 -6.575719154e+001 -6.575719154e+001 +1.3920e+000 +9.3435e-001 +4.0697e-001 +2.5181e+000 -1.3170e+000
733 0 +2.034930933e+000 -6.582506907e+001 -6.582506907e+001 +1.4450e+000 +9.4512e-001 +3.8870e-001 +2.5009e+000 -1.3246e+000
860 0 +1.963613285e+000 -6.589638672e+001 -6.589638672e+001 +1.6287e+000 +3.3980e-001 +5.8387e-001 +2.4445e+000 -1.3824e+000
952 0 +1.848481661e+000 -6.601151834e+001 -6.601151834e+001 +1.5411e+000 +8.8579e-001 +4.5449e-001 +2.5371e+000 -1.6440e+000
1201 0 +1.638703327e+000 -6.622129667e+001 -6.622129667e+001 +1.5849e+000 +9.9540e-001 +3.6444e-001 +2.5313e+000 -1.6283e+000
1281 0 +1.598799438e+000 -6.626120056e+001 -6.626120056e+001 +1.5165e+000 +9.9540e-001 +3.6444e-001 +2.5666e+000 -1.6283e+000
1373 0 +1.400277357e+000 -6.645972264e+001 -6.645972264e+001 +1.4450e+000 +8.9609e-001 +3.8870e-001 +2.5877e+000 -1.9565e+000
1685 0 +1.193484267e+000 -6.666651573e+001 -6.666651573e+001 +1.5102e+000 +2.7568e-001 +5.1163e-001 +2.4983e+000 -1.6454e+000
2001 0 +1.162012225e+000 -6.669798777e+001 -6.669798777e+001 +1.4444e+000 +2.4757e-001 -1.6418e-003 +2.6268e+000 -1.9726e+000
2039 0 +1.086309313e+000 -6.677369069e+001 -6.677369069e+001 +1.4295e+000 +2.1531e-001 -1.8335e-002 +2.6293e+000 -1.9744e+000
2041 0 +1.034622026e+000 -6.682537797e+001 -6.682537797e+001 +1.4410e+000 +2.4757e-001 -1.8900e-002 +2.6268e+000 -1.9724e+000
2154 0 +1.020898531e+000 -6.683910147e+001 -6.683910147e+001 +1.4410e+000 +2.4470e-001 -2.0578e-002 +2.6284e+000 -1.9700e+000
2364 0 +9.894819835e-001 -6.687051802e+001 -6.687051802e+001 +1.4538e+000 +2.6557e-001 -2.6407e-002 +2.6284e+000 -1.9678e+000
2541 0 +9.765477066e-001 -6.688345229e+001 -6.688345229e+001 +1.5088e+000 +2.9830e-001 -3.4320e-002 +2.6299e+000 -1.9568e+000
2556 0 +8.468836480e-001 -6.701311635e+001 -6.701311635e+001 +1.5133e+000 +2.6940e-001 +5.1148e-001 +2.4939e+000 -1.9744e+000
2568 0 +7.680115006e-001 -6.709198850e+001 -6.709198850e+001 +1.5119e+000 +2.5601e-001 +5.1493e-001 +2.4938e+000 -1.9959e+000
2587 0 +7.550972539e-001 -6.710490275e+001 -6.710490275e+001 +1.5266e+000 +2.8676e-001 +5.0847e-001 +2.4894e+000 -1.9951e+000
2627 0 +7.322349347e-001 -6.712776507e+001 -6.712776507e+001 +1.5201e+000 +2.8676e-001 +5.0847e-001 +2.4955e+000 -1.9997e+000
2707 0 +7.233211695e-001 -6.713667883e+001 -6.713667883e+001 +1.5201e+000 +2.9781e-001 +5.3859e-001 +2.4938e+000 -2.0019e+000
12461 0 +6.493234121e-001 -6.721067659e+001 -6.721067659e+001 -2.1081e+000 +2.1556e+000 +2.5470e-002 +2.6636e+000 -8.3079e-001
13331 0 +6.455752432e-001 -6.721442476e+001 -6.721442476e+001 -2.0992e+000 +2.1556e+000 +2.5470e-002 +2.6636e+000 -8.3079e-001
14346 0 +6.283924897e-001 -6.723160751e+001 -6.723160751e+001 -2.0992e+000 +2.1338e+000 +1.9887e-002 +2.6636e+000 -8.2502e-001
15332 0 +6.077707092e-001 -6.725222929e+001 -6.725222929e+001 -2.0984e+000 +2.1338e+000 +4.8252e-002 +2.6636e+000 -8.2502e-001
16568 0 +5.345519284e-001 -6.732544807e+001 -6.732544807e+001 -2.0312e+000 +2.1133e+000 +6.1919e-002 +2.6236e+000 -8.3226e-001
17507 0 +5.194867760e-001 -6.734051322e+001 -6.734051322e+001 -2.0679e+000 +2.1244e+000 +7.9988e-002 +2.6179e+000 -8.1825e-001
17631 0 +4.920409327e-001 -6.736795907e+001 -6.736795907e+001 -2.0761e+000 +2.1171e+000 +5.6614e-002 +2.6260e+000 -8.3378e-001
18159 0 +4.851567209e-001 -6.737484328e+001 -6.737484328e+001 -2.0972e+000 +2.1293e+000 +6.5335e-002 +2.6185e+000 -8.2967e-001
18217 0 +4.783774991e-001 -6.738162250e+001 -6.738162250e+001 -2.0972e+000 +2.1179e+000 +6.4526e-002 +2.6185e+000 -8.2967e-001
28335 0 +3.069465644e-001 -6.755305344e+001 -6.755305344e+001 -2.1135e+000 +2.1317e+000 +2.1776e+000 +2.1277e+000 -2.0976e+000
29086 0 +2.984815566e-001 -6.756151844e+001 -6.756151844e+001 -2.0973e+000 +2.1924e+000 +2.0107e+000 +2.1344e+000 -2.1056e+000
29638 0 +2.479658936e-001 -6.761203411e+001 -6.761203411e+001 -2.1259e+000 +2.0979e+000 +7.0877e-002 +2.6235e+000 -1.9777e+000
29700 0 +7.453099726e-002 -6.778546900e+001 -6.778546900e+001 -2.1135e+000 +2.0951e+000 +2.1333e+000 +2.1277e+000 -2.0976e+000
30295 0 +5.649397313e-002 -6.780350603e+001 -6.780350603e+001 -2.1135e+000 +2.0887e+000 +2.1081e+000 +2.1277e+000 -2.1133e+000
30785 0 +5.087762542e-002 -6.780912237e+001 -6.780912237e+001 -2.1135e+000 +2.1378e+000 +2.0851e+000 +2.1277e+000 -2.1065e+000
31205 0 +4.085391545e-002 -6.781914608e+001 -6.781914608e+001 -2.1135e+000 +2.1378e+000 +2.0851e+000 +2.0978e+000 -2.1140e+000
31555 0 +3.903934380e-002 -6.782096066e+001 -6.782096066e+001 -2.1094e+000 +2.1378e+000 +2.0851e+000 +2.0978e+000 -2.1140e+000
31666 0 +2.415843671e-002 -6.783584156e+001 -6.783584156e+001 -2.0946e+000 +2.0822e+000 +2.1006e+000 +2.1125e+000 -2.0951e+000
31701 0 +1.904085601e-002 -6.784095914e+001 -6.784095914e+001 -2.1155e+000 +2.0822e+000 +2.1006e+000 +2.1110e+000 -2.0955e+000
31876 0 +1.849560252e-002 -6.784150440e+001 -6.784150440e+001 -2.0999e+000 +2.0844e+000 +2.1005e+000 +2.1110e+000 -2.0959e+000
32675 0 +8.643717068e-003 -6.785135628e+001 -6.785135628e+001 -2.0953e+000 +2.1083e+000 +2.1036e+000 +2.1031e+000 -2.1139e+000
33445 0 +1.272614319e-003 -6.785872739e+001 -6.785872739e+001 -2.0953e+000 +2.1083e+000 +2.1036e+000 +2.1031e+000 -2.1062e+000
34320 0 +1.066617900e-003 -6.785893338e+001 -6.785893338e+001 -2.0965e+000 +2.1083e+000 +2.1036e+000 +2.1031e+000 -2.1062e+000
35161 0 +3.953451817e-004 -6.785960465e+001 -6.785960465e+001 -2.0988e+000 +2.1053e+000 +2.1053e+000 +2.1049e+000 -2.1048e+000
35219 0 +1.405262119e-004 -6.785985947e+001 -6.785985947e+001 -2.1044e+000 +2.1036e+000 +2.1034e+000 +2.1053e+000 -2.1048e+000
35235 0 +7.531227197e-009 -6.785999999e+001 -6.785999999e+001 -2.1048e+000 +2.1048e+000 +2.1048e+000 +2.1048e+000 -2.1048e+000
% f evaluations | g evaluations | best noise-free fitness - Fopt (-2.329000000000e+001) + sum g_i+ | measured fitness | best measured fitness or single-digit g-values | x1 | x2...
1 0 +4.853349191e+004 +4.851020191e+004 +4.851020191e+004 -4.9273e+000 -2.4597e+000 +1.5729e+000 +3.8981e+000 -4.1645e+000
2 0 +1.253582669e+004 +1.251253669e+004 +1.251253669e+004 -2.8597e+000 +4.3777e-001 -2.9803e+000 -1.0708e+000 -3.0902e+000
4 0 +7.178620147e+003 +7.155330147e+003 +7.155330147e+003 +4.8812e+000 +1.2365e+000 +2.7612e+000 -1.0697e+000 -3.5892e+000
14 0 +1.298897658e+003 +1.275607658e+003 +1.275607658e+003 +1.2681e+000 -2.4105e+000 +1.8062e+000 -1.7083e+000 -2.5199e+000
24 0 +5.730194473e+000 -1.755980553e+001 -1.755980553e+001 +2.5590e+000 +1.8538e+000 +4.3381e-001 -1.8688e+000 -1.0494e+000
53 0 +4.398680151e+000 -1.889131985e+001 -1.889131985e+001 +1.4362e+000 +1.0089e+000 +1.5075e+000 -1.7167e+000 -1.8456e+000
64 0 +3.397729569e+000 -1.989227043e+001 -1.989227043e+001 +1.6972e+000 +1.5601e+000 +1.5957e+000 -1.8388e+000 -1.0494e+000
93 0 +2.878257225e+000 -2.041174278e+001 -2.041174278e+001 +1.0648e+000 +2.3952e+000 +7.3118e-001 -1.5240e+000 -1.8456e+000
133 0 +2.495621274e+000 -2.079437873e+001 -2.079437873e+001 +7.4980e-001 +2.3952e+000 +2.0851e+000 -1.3609e+000 -2.3815e+000
183 0 +2.174691320e+000 -2.111530868e+001 -2.111530868e+001 +4.9233e-001 +2.5802e+000 +1.8900e+000 -1.6669e+000 -1.0324e+000
250 0 +1.848941850e+000 -2.144105815e+001 -2.144105815e+001 +8.6855e-001 +2.5030e+000 +1.3583e+000 -2.2733e+000 -9.8077e-001
593 0 +1.471005785e+000 -2.181899421e+001 -2.181899421e+001 +9.2765e-001 +2.4011e+000 +2.0115e+000 -1.2325e+000 -2.3544e+000
1294 0 +1.433412299e+000 -2.185658770e+001 -2.185658770e+001 +2.1056e+000 +2.0290e+000 +1.1348e+000 -1.1764e+000 -2.3309e+000
1573 0 +1.390308185e+000 -2.189969181e+001 -2.189969181e+001 +9.1661e-001 +2.4091e+000 +2.0115e+000 -1.2459e+000 -2.3305e+000
1673 0 +1.371759701e+000 -2.191824030e+001 -2.191824030e+001 +9.3244e-001 +2.4030e+000 +2.0010e+000 -1.2489e+000 -2.3252e+000
1947 0 +1.243097283e+000 -2.204690272e+001 -2.204690272e+001 +2.3750e-001 +2.5946e+000 +1.9689e+000 -2.1277e+000 -1.7611e+000
1985 0 +1.027514334e+000 -2.226248567e+001 -2.226248567e+001 +1.0047e+000 +2.3757e+000 +2.0198e+000 -2.1237e+000 -1.7171e+000
2085 0 +1.019344804e+000 -2.227065520e+001 -2.227065520e+001 +1.1172e+000 +2.3391e+000 +2.0254e+000 -2.1183e+000 -1.7770e+000
2285 0 +9.786590700e-001 -2.231134093e+001 -2.231134093e+001 +1.0666e+000 +2.3612e+000 +2.0830e+000 -2.1021e+000 -1.7783e+000
2932 0 +8.812464414e-001 -2.240875356e+001 -2.240875356e+001 +1.0420e+000 +2.3839e+000 +2.0417e+000 -2.1138e+000 -1.7581e+000
3860 0 +8.046255438e-001 -2.248537446e+001 -2.248537446e+001 -1.1348e-001 +2.6664e+000 +1.9631e+000 -2.1344e+000 -2.0879e+000
4032 0 +5.060320648e-001 -2.278396794e+001 -2.278396794e+001 +1.0102e+000 +2.3668e+000 +2.0480e+000 -2.1204e+000 -2.0751e+000
4612 0 +4.386709691e-001 -2.285132903e+001 -2.285132903e+001 +1.0272e+000 +2.3668e+000 +2.0480e+000 -2.1204e+000 -2.1025e+000
4912 0 +3.415454791e-001 -2.294845452e+001 -2.294845452e+001 +2.2522e+000 +2.1122e+000 +2.0480e+000 -2.1204e+000 -2.1025e+000
4932 0 +9.885412100e-002 -2.319114588e+001 -2.319114588e+001 +2.1199e+000 +2.1122e+000 +2.0480e+000 -2.1204e+000 -2.1025e+000
5052 0 +5.626895540e-002 -2.323373104e+001 -2.323373104e+001 +2.1355e+000 +2.1390e+000 +2.0778e+000 -2.1204e+000 -2.1025e+000
5332 0 +5.561518936e-002 -2.323438481e+001 -2.323438481e+001 +2.1355e+000 +2.1393e+000 +2.0789e+000 -2.1204e+000 -2.1025e+000
5632 0 +3.707351048e-002 -2.325292649e+001 -2.325292649e+001 +2.1355e+000 +2.1026e+000 +2.0789e+000 -2.1204e+000 -2.1025e+000
5672 0 +3.059908982e-002 -2.325940091e+001 -2.325940091e+001 +2.1270e+000 +2.1026e+000 +2.0789e+000 -2.1045e+000 -2.1025e+000
5752 0 +2.687470358e-002 -2.326312530e+001 -2.326312530e+001 +2.1259e+000 +2.1026e+000 +2.0789e+000 -2.1111e+000 -2.1025e+000
5952 0 +2.159398022e-002 -2.326840602e+001 -2.326840602e+001 +2.1138e+000 +2.1071e+000 +2.0789e+000 -2.1111e+000 -2.1025e+000
6112 0 +6.407091509e-003 -2.328359291e+001 -2.328359291e+001 +2.1138e+000 +2.1071e+000 +2.0922e+000 -2.1111e+000 -2.1025e+000
6212 0 +5.759143865e-003 -2.328424086e+001 -2.328424086e+001 +2.1138e+000 +2.1071e+000 +2.0932e+000 -2.1111e+000 -2.1025e+000
6472 0 +3.766766042e-003 -2.328623323e+001 -2.328623323e+001 +2.1138e+000 +2.0997e+000 +2.0996e+000 -2.1111e+000 -2.1025e+000
6621 0 +2.146742400e-003 -2.328785326e+001 -2.328785326e+001 +2.1078e+000 +2.1080e+000 +2.1081e+000 -2.1029e+000 -2.1088e+000
6801 0 +1.845860828e-003 -2.328815414e+001 -2.328815414e+001 +2.1078e+000 +2.1080e+000 +2.1051e+000 -2.1042e+000 -2.1088e+000
6884 0 +8.664481532e-004 -2.328913355e+001 -2.328913355e+001 +2.1082e+000 +2.0985e+000 +2.1043e+000 -2.1042e+000 -2.1056e+000
7024 0 +3.737611526e-004 -2.328962624e+001 -2.328962624e+001 +2.1047e+000 +2.1013e+000 +2.1043e+000 -2.1042e+000 -2.1056e+000
7463 0 +1.366634051e-004 -2.328986334e+001 -2.328986334e+001 +2.1073e+000 +2.1050e+000 +2.1061e+000 -2.1043e+000 -2.1049e+000
7803 0 +1.219916928e-004 -2.328987801e+001 -2.328987801e+001 +2.1073e+000 +2.1050e+000 +2.1047e+000 -2.1055e+000 -2.1052e+000
7955 0 +5.142784494e-005 -2.328994857e+001 -2.328994857e+001 +2.1031e+000 +2.1049e+000 +2.1053e+000 -2.1049e+000 -2.1046e+000
7984 0 +3.775215425e-005 -2.328996225e+001 -2.328996225e+001 +2.1041e+000 +2.1045e+000 +2.1058e+000 -2.1047e+000 -2.1049e+000
8024 0 +2.704625587e-005 -2.328997295e+001 -2.328997295e+001 +2.1041e+000 +2.1047e+000 +2.1046e+000 -2.1045e+000 -2.1047e+000
8079 0 +1.091334350e-005 -2.328998909e+001 -2.328998909e+001 +2.1054e+000 +2.1047e+000 +2.1045e+000 -2.1047e+000 -2.1048e+000
8131 0 +2.348304161e-006 -2.328999765e+001 -2.328999765e+001 +2.1048e+000 +2.1047e+000 +2.1047e+000 -2.1049e+000 -2.1049e+000
8171 0 +7.889759388e-007 -2.328999921e+001 -2.328999921e+001 +2.1050e+000 +2.1047e+000 +2.1049e+000 -2.1048e+000 -2.1049e+000
8208 0 +4.360045516e-007 -2.328999956e+001 -2.328999956e+001 +2.1049e+000 +2.1048e+000 +2.1048e+000 -2.1049e+000 -2.1048e+000
8331 0 +4.163100868e-007 -2.328999958e+001 -2.328999958e+001 +2.1047e+000 +2.1049e+000 +2.1049e+000 -2.1048e+000 -2.1048e+000
8336 0 +3.786435343e-007 -2.328999962e+001 -2.328999962e+001 +2.1048e+000 +2.1049e+000 +2.1048e+000 -2.1048e+000 -2.1048e+000
8356 0 +3.535180610e-007 -2.328999965e+001 -2.328999965e+001 +2.1048e+000 +2.1049e+000 +2.1048e+000 -2.1048e+000 -2.1048e+000
8366 0 +8.453649514e-008 -2.328999992e+001 -2.328999992e+001 +2.1048e+000 +2.1049e+000 +2.1048e+000 -2.1048e+000 -2.1049e+000
8381 0 +2.868385707e-008 -2.328999997e+001 -2.328999997e+001 +2.1048e+000 +2.1048e+000 +2.1048e+000 -2.1048e+000 -2.1049e+000
8423 0 +1.636044544e-008 -2.328999998e+001 -2.328999998e+001 +2.1048e+000 +2.1049e+000 +2.1049e+000 -2.1048e+000 -2.1048e+000
8491 0 +7.412914727e-009 -2.328999999e+001 -2.328999999e+001 +2.1048e+000 +2.1049e+000 +2.1049e+000 -2.1048e+000 -2.1048e+000
% f evaluations | g evaluations | best noise-free fitness - Fopt (-1.028000000000e+001) + sum g_i+ | measured fitness | best measured fitness or single-digit g-values | x1 | x2...
1 0 +2.003231081e+004 +2.002203081e+004 +2.002203081e+004 +4.7470e+000 -1.6434e+000 +4.1943e+000 +3.1015e+000 -1.9275e+000
6 0 +1.430346687e+004 +1.429318687e+004 +1.429318687e+004 +4.5071e+000 +3.4477e+000 +3.7901e+000 -3.4684e+000 -2.3281e+000
13 0 +3.425760420e+003 +3.415480420e+003 +3.415480420e+003 +5.0000e+000 +6.6759e-001 +5.3535e-001 -9.6949e-001 -4.5208e-001
38 0 +5.616585527e+002 +5.513785527e+002 +5.513785527e+002 -6.6548e-001 +2.1190e+000 +2.1653e+000 -1.6601e+000 -3.8651e-001
40 0 +4.353485504e+002 +4.250685504e+002 +4.250685504e+002 +1.8976e+000 -2.3955e-001 +3.4613e+000 -2.0832e+000 -1.6482e+000
98 0 +3.776329768e+002 +3.673529768e+002 +3.673529768e+002 -9.6842e-001 +6.3095e-002 +2.9953e+000 -1.9873e+000 -3.8651e-001
101 0 +1.295636183e+002 +1.192836183e+002 +1.192836183e+002 +6.0722e-001 -3.8377e-001 +3.1042e+000 -1.7531e+000 -2.4706e+000
134 0 +3.307859411e+000 -6.972140589e+000 -6.972140589e+000 -1.5021e+000 +1.6710e+000 +1.5603e+000 -2.3533e+000 -1.0454e+000
153 0 +2.479624171e+000 -7.800375829e+000 -7.800375829e+000 +1.8467e+000 +1.3386e+000 +1.7500e+000 -2.1533e+000 -1.4030e+000
212 0 +2.330456610e+000 -7.949543390e+000 -7.949543390e+000 +9.9932e-001 +5.1873e-001 +2.5478e+000 -2.0208e+000 -1.4519e+000
273 0 +2.269189694e+000 -8.010810306e+000 -8.010810306e+000 +1.8837e+000 +1.3386e+000 +1.7453e+000 -2.1749e+000 -1.4023e+000
313 0 +1.938746457e+000 -8.341253543e+000 -8.341253543e+000 +2.0043e+000 +1.2560e+000 +1.6887e+000 -2.1670e+000 -1.3934e+000
472 0 +1.403682975e+000 -8.876317025e+000 -8.876317025e+000 +2.1383e+000 +2.1449e+000 +2.0386e+000 -1.6268e+000 -1.1593e+000
719 0 +1.117994238e+000 -9.162005762e+000 -9.162005762e+000 +2.0066e+000 +2.2410e+000 +1.9897e+000 -2.1414e+000 -8.8886e-001
979 0 +1.068962073e+000 -9.211037927e+000 -9.211037927e+000 +1.9378e+000 +2.2410e+000 +2.0721e+000 -2.1414e+000 -8.8886e-001
1280 0 +8.061638448e-001 -9.473836155e+000 -9.473836155e+000 +2.0516e+000 +2.1981e+000 +2.1731e+000 -2.1430e+000 -9.4707e-001
1460 0 +5.151877378e-001 -9.764812262e+000 -9.764812262e+000 +2.0516e+000 +2.1981e+000 +2.0672e+000 -2.1626e+000 -9.4707e-001
2040 0 +4.394992984e-001 -9.840500702e+000 -9.840500702e+000 +2.0516e+000 +2.1966e+000 +2.0648e+000 -2.1460e+000 -9.4707e-001
2120 0 +4.070201563e-001 -9.872979844e+000 -9.872979844e+000 +2.0483e+000 +2.1995e+000 +2.0648e+000 -2.1294e+000 -9.4942e-001
2340 0 +3.891847203e-001 -9.890815280e+000 -9.890815280e+000 +2.0451e+000 +2.1964e+000 +2.0656e+000 -2.1140e+000 -9.5227e-001
2495 0 +3.610709477e-001 -9.918929052e+000 -9.918929052e+000 +2.0135e+000 +2.1679e+000 +2.0990e+000 -2.0956e+000 -9.6907e-001
2661 0 +3.151748763e-001 -9.964825124e+000 -9.964825124e+000 +2.0628e+000 +2.1425e+000 +2.0594e+000 -2.1175e+000 -9.6569e-001
2801 0 +3.004796672e-001 -9.979520333e+000 -9.979520333e+000 +2.0806e+000 +2.1316e+000 +2.0620e+000 -2.1175e+000 -9.6699e-001
2816 0 +2.893793670e-001 -9.990620633e+000 -9.990620633e+000 +2.1236e+000 +2.1308e+000 +2.0675e+000 -2.1121e+000 -9.6322e-001
2833 0 +2.843461649e-001 -9.995653835e+000 -9.995653835e+000 +2.0732e+000 +2.1390e+000 +2.1111e+000 -2.1126e+000 -9.4763e-001
2838 0 +2.682167252e-001 -1.001178327e+001 -1.001178327e+001 +2.1197e+000 +2.0937e+000 +2.0807e+000 -2.1204e+000 -9.5754e-001
2896 0 +2.601732875e-001 -1.001982671e+001 -1.001982671e+001 +2.0900e+000 +2.1125e+000 +2.0787e+000 -2.1054e+000 -9.6227e-001
2936 0 +2.522599431e-001 -1.002774006e+001 -1.002774006e+001 +2.0921e+000 +2.1076e+000 +2.0860e+000 -2.1028e+000 -9.5861e-001
3003 0 +2.428466110e-001 -1.003715339e+001 -1.003715339e+001 +2.0990e+000 +2.1013e+000 +2.1132e+000 -2.1104e+000 -9.5861e-001
3123 0 +2.391416128e-001 -1.004085839e+001 -1.004085839e+001 +2.1105e+000 +2.0975e+000 +2.1044e+000 -2.1079e+000 -9.5763e-001
8342 0 +2.192095518e-001 -1.006079045e+001 -1.006079045e+001 +2.1004e+000 +2.0014e+000 +2.1128e+000 -2.0833e+000 -2.1131e+000
8870 0 +1.931240266e-001 -1.008687597e+001 -1.008687597e+001 +2.1004e+000 +2.0087e+000 +2.1128e+000 -2.0833e+000 -2.1131e+000
8918 0 +1.708649766e-001 -1.010913502e+001 -1.010913502e+001 +2.1004e+000 +2.0153e+000 +2.1128e+000 -2.0833e+000 -2.1131e+000
9206 0 +8.033767197e-002 -1.019966233e+001 -1.019966233e+001 +2.0994e+000 +2.0496e+000 +2.1128e+000 -2.0833e+000 -2.1131e+000
9446 0 +7.336469661e-002 -1.020663530e+001 -1.020663530e+001 +2.1163e+000 +2.0496e+000 +2.1128e+000 -2.0833e+000 -2.1131e+000
10286 0 +3.705817235e-002 -1.024294183e+001 -1.024294183e+001 +2.1045e+000 +2.0763e+000 +2.1128e+000 -2.0833e+000 -2.1131e+000
10622 0 +3.619835456e-002 -1.024380165e+001 -1.024380165e+001 +2.1045e+000 +2.0768e+000 +2.1128e+000 -2.0833e+000 -2.1124e+000
10670 0 +2.860371018e-002 -1.025139629e+001 -1.025139629e+001 +2.1045e+000 +2.0768e+000 +2.1128e+000 -2.1126e+000 -2.1124e+000
10862 0 +2.410026545e-002 -1.025589973e+001 -1.025589973e+001 +2.1045e+000 +2.0768e+000 +2.1128e+000 -2.1126e+000 -2.0962e+000
11150 0 +2.029106998e-002 -1.025970893e+001 -1.025970893e+001 +2.1045e+000 +2.0763e+000 +2.1128e+000 -2.1126e+000 -2.1013e+000
11174 0 +1.497151309e-002 -1.026502849e+001 -1.026502849e+001 +2.1051e+000 +2.0763e+000 +2.1128e+000 -2.1050e+000 -2.1034e+000
11798 0 +3.512100260e-003 -1.027648790e+001 -1.027648790e+001 +2.1051e+000 +2.0938e+000 +2.1128e+000 -2.1050e+000 -2.1034e+000
12398 0 +3.392915022e-003 -1.027660708e+001 -1.027660708e+001 +2.1051e+000 +2.0938e+000 +2.1128e+000 -2.1038e+000 -2.1034e+000
12430 0 +2.741793164e-003 -1.027725821e+001 -1.027725821e+001 +2.1145e+000 +2.0974e+000 +2.1096e+000 -2.1079e+000 -2.1033e+000
12598 0 +1.842601229e-003 -1.027815740e+001 -1.027815740e+001 +2.1086e+000 +2.1034e+000 +2.1096e+000 -2.1079e+000 -2.1033e+000
12662 0 +6.028424675e-004 -1.027939716e+001 -1.027939716e+001 +2.1092e+000 +2.1015e+000 +2.1026e+000 -2.1061e+000 -2.1046e+000
12719 0 +3.908171808e-004 -1.027960918e+001 -1.027960918e+001 +2.1093e+000 +2.1018e+000 +2.1059e+000 -2.1031e+000 -2.1054e+000
12801 0 +3.479082837e-004 -1.027965209e+001 -1.027965209e+001 +2.1074e+000 +2.1046e+000 +2.1076e+000 -2.1048e+000 -2.1043e+000
12849 0 +3.259655912e-004 -1.027967403e+001 -1.027967403e+001 +2.1030e+000 +2.1046e+000 +2.1076e+000 -2.1048e+000 -2.1043e+000
12885 0 +3.134292858e-004 -1.027968657e+001 -1.027968657e+001 +2.1085e+000 +2.1029e+000 +2.1064e+000 -2.1047e+000 -2.1060e+000
12954 0 +2.227390190e-004 -1.027977726e+001 -1.027977726e+001 +2.1054e+000 +2.1054e+000 +2.1069e+000 -2.1048e+000 -2.1042e+000
13012 0 +1.861183443e-004 -1.027981388e+001 -1.027981388e+001 +2.1074e+000 +2.1025e+000 +2.1055e+000 -2.1045e+000 -2.1041e+000
13069 0 +1.097865672e-004 -1.027989021e+001 -1.027989021e+001 +2.1057e+000 +2.1031e+000 +2.1055e+000 -2.1038e+000 -2.1047e+000
13109 0 +2.571374117e-005 -1.027997429e+001 -1.027997429e+001 +2.1041e+000 +2.1053e+000 +2.1041e+000 -2.1049e+000 -2.1046e+000
13194 0 +9.125374705e-006 -1.027999087e+001 -1.027999087e+001 +2.1053e+000 +2.1044e+000 +2.1052e+000 -2.1045e+000 -2.1049e+000
13229 0 +8.631094573e-006 -1.027999137e+001 -1.027999137e+001 +2.1052e+000 +2.1044e+000 +2.1050e+000 -2.1051e+000 -2.1048e+000
13277 0 +1.147866829e-006 -1.027999885e+001 -1.027999885e+001 +2.1051e+000 +2.1048e+000 +2.1049e+000 -2.1048e+000 -2.1048e+000
13447 0 +9.626454336e-007 -1.027999904e+001 -1.027999904e+001 +2.1050e+000 +2.1049e+000 +2.1049e+000 -2.1049e+000 -2.1048e+000
13475 0 +7.530702533e-007 -1.027999925e+001 -1.027999925e+001 +2.1049e+000 +2.1049e+000 +2.1050e+000 -2.1048e+000 -2.1049e+000
13501 0 +2.420690492e-007 -1.027999976e+001 -1.027999976e+001 +2.1048e+000 +2.1049e+000 +2.1048e+000 -2.1048e+000 -2.1049e+000
13571 0 +2.167744988e-007 -1.027999978e+001 -1.027999978e+001 +2.1049e+000 +2.1049e+000 +2.1049e+000 -2.1049e+000 -2.1049e+000
13615 0 +1.555581761e-007 -1.027999984e+001 -1.027999984e+001 +2.1049e+000 +2.1049e+000 +2.1049e+000 -2.1048e+000 -2.1048e+000
13669 0 +1.327044536e-007 -1.027999987e+001 -1.027999987e+001 +2.1049e+000 +2.1049e+000 +2.1048e+000 -2.1048e+000 -2.1049e+000
13704 0 +1.026907643e-007 -1.027999990e+001 -1.027999990e+001 +2.1049e+000 +2.1049e+000 +2.1049e+000 -2.1049e+000 -2.1048e+000
13708 0 +9.474855034e-008 -1.027999991e+001 -1.027999991e+001 +2.1049e+000 +2.1048e+000 +2.1049e+000 -2.1048e+000 -2.1049e+000
13722 0 +6.050129286e-010 -1.028000000e+001 -1.028000000e+001 +2.1049e+000 +2.1048e+000 +2.1048e+000 -2.1048e+000 -2.1048e+000
% f evaluations | g evaluations | best noise-free fitness - Fopt (1.799700000000e+002) + sum g_i+ | measured fitness | best measured fitness or single-digit g-values | x1 | x2...
1 0 +4.143561782e+004 +4.161558782e+004 +4.161558782e+004 -4.2203e+000 -4.5204e+000 -2.8860e+000 +1.9299e+000 -1.2084e+000
2 0 +3.960492891e+004 +3.978489891e+004 +3.978489891e+004 -1.7532e+000 -6.7058e-001 +3.1167e+000 -3.3363e+000 +1.6332e-002
3 0 +2.461231271e+003 +2.641201271e+003 +2.641201271e+003 -2.9525e+000 -7.6948e-001 +4.4158e+000 +4.3299e-001 +2.4029e+000
26 0 +4.281493776e+000 +1.842514938e+002 +1.842514938e+002 +7.0955e-001 -2.8204e-001 +1.0378e+000 +1.2832e+000 +2.3599e+000
83 0 +2.620523007e+000 +1.825905230e+002 +1.825905230e+002 -2.1831e+000 -4.5935e-001 +1.8736e+000 +6.8920e-001 +2.5305e+000
133 0 +2.518649711e+000 +1.824886497e+002 +1.824886497e+002 -2.0046e+000 +1.2063e+000 +2.4686e+000 +1.3047e+000 +1.9616e+000
178 0 +2.400357737e+000 +1.823703577e+002 +1.823703577e+002 -2.3000e+000 +2.0471e+000 +1.3651e+000 +7.7991e-001 +1.8086e+000
250 0 +2.373872975e+000 +1.823438730e+002 +1.823438730e+002 -1.9560e+000 +2.4084e+000 +1.4390e+000 +8.0574e-001 +2.4818e+000
348 0 +2.340250458e+000 +1.823102505e+002 +1.823102505e+002 -2.2340e+000 +2.3071e+000 +1.5021e+000 +7.7623e-001 +2.1043e+000
470 0 +1.860590142e+000 +1.818305901e+002 +1.818305901e+002 -2.3496e+000 +1.9581e+000 +2.1300e+000 +6.0372e-001 +2.3717e+000
704 0 +1.298500377e+000 +1.812685004e+002 +1.812685004e+002 -2.1066e+000 +1.2679e+000 +1.7341e+000 +6.4237e-001 +2.4379e+000
870 0 +8.592091600e-001 +1.808292092e+002 +1.808292092e+002 -2.2660e+000 +1.9962e+000 +2.1300e+000 +6.0372e-001 +2.5293e+000
910 0 +6.405365155e-001 +1.806105365e+002 +1.806105365e+002 -2.2505e+000 +1.9962e+000 +2.1300e+000 +5.9427e-001 +2.5107e+000
1050 0 +5.230526105e-001 +1.804930526e+002 +1.804930526e+002 -2.2455e+000 +2.0067e+000 +2.1277e+000 +5.8550e-001 +2.4965e+000
1486 0 +3.280144423e-001 +1.802980144e+002 +1.802980144e+002 -2.1368e+000 +2.0664e+000 +2.1340e+000 +6.0239e-001 +2.4834e+000
1786 0 +3.152877805e-001 +1.802852878e+002 +1.802852878e+002 -2.1380e+000 +2.0831e+000 +2.1386e+000 +5.9708e-001 +2.4834e+000
2149 0 +2.988284496e-001 +1.802688284e+002 +1.802688284e+002 -2.1441e+000 +2.1202e+000 +2.1337e+000 +5.6771e-001 +2.4892e+000
2163 0 +2.939773933e-001 +1.802639774e+002 +1.802639774e+002 -2.1038e+000 +2.0835e+000 +2.1385e+000 +5.5219e-001 +2.4986e+000
2243 0 +2.754656777e-001 +1.802454657e+002 +1.802454657e+002 -2.1132e+000 +2.0729e+000 +2.1330e+000 +5.8487e-001 +2.4860e+000
2273 0 +2.629857469e-001 +1.802329857e+002 +1.802329857e+002 -2.1099e+000 +2.1024e+000 +2.1088e+000 +5.9557e-001 +2.4915e+000
2317 0 +2.519311923e-001 +1.802219312e+002 +1.802219312e+002 -2.0881e+000 +2.1228e+000 +2.0859e+000 +5.8777e-001 +2.4878e+000
2329 0 +2.463540716e-001 +1.802163541e+002 +1.802163541e+002 -2.1055e+000 +2.1034e+000 +2.1017e+000 +5.7282e-001 +2.4801e+000
2357 0 +2.381421132e-001 +1.802081421e+002 +1.802081421e+002 -2.1004e+000 +2.1122e+000 +2.1014e+000 +5.8191e-001 +2.4845e+000
9377 0 +2.093332754e-001 +1.801793333e+002 +1.801793333e+002 -2.0594e+000 +2.1187e+000 +2.0387e+000 +2.1349e+000 +2.1211e+000
9449 0 +1.953460122e-001 +1.801653460e+002 +1.801653460e+002 -2.0556e+000 +2.1187e+000 +2.0385e+000 +2.1349e+000 +2.1170e+000
9929 0 +1.937694359e-001 +1.801637694e+002 +1.801637694e+002 -2.0556e+000 +2.1187e+000 +2.0385e+000 +2.1342e+000 +2.1170e+000
10361 0 +1.359217262e-001 +1.801059217e+002 +1.801059217e+002 -2.0556e+000 +2.1316e+000 +2.0574e+000 +2.1342e+000 +2.1170e+000
10409 0 +1.269951298e-001 +1.800969951e+002 +1.800969951e+002 -2.0556e+000 +2.1316e+000 +2.0551e+000 +2.1289e+000 +2.1170e+000
11849 0 +1.094330810e-001 +1.800794331e+002 +1.800794331e+002 -2.0566e+000 +2.1299e+000 +2.0556e+000 +2.1289e+000 +2.1119e+000
12041 0 +9.709234180e-002 +1.800670923e+002 +1.800670923e+002 -2.0762e+000 +2.1299e+000 +2.0556e+000 +2.1289e+000 +2.1119e+000
13432 0 +8.940088365e-002 +1.800594009e+002 +1.800594009e+002 -2.0728e+000 +2.1528e+000 +2.0607e+000 +2.1186e+000 +2.1146e+000
13433 0 +7.923707344e-002 +1.800492371e+002 +1.800492371e+002 -2.0992e+000 +2.1373e+000 +2.0627e+000 +2.1271e+000 +2.1124e+000
13864 0 +7.629324386e-002 +1.800462932e+002 +1.800462932e+002 -2.0909e+000 +2.1385e+000 +2.0607e+000 +2.1186e+000 +2.1146e+000
14032 0 +7.005945451e-002 +1.800400595e+002 +1.800400595e+002 -2.0909e+000 +2.1385e+000 +2.0607e+000 +2.1205e+000 +2.1111e+000
14033 0 +5.679440554e-002 +1.800267944e+002 +1.800267944e+002 -2.0992e+000 +2.1359e+000 +2.0680e+000 +2.1263e+000 +2.1068e+000
14224 0 +4.476103348e-002 +1.800147610e+002 +1.800147610e+002 -2.0909e+000 +2.1335e+000 +2.0742e+000 +2.1205e+000 +2.1111e+000
14752 0 +3.401020884e-002 +1.800040102e+002 +1.800040102e+002 -2.0909e+000 +2.1335e+000 +2.0784e+000 +2.1240e+000 +2.1006e+000
14896 0 +2.907893295e-002 +1.799990789e+002 +1.799990789e+002 -2.0909e+000 +2.1335e+000 +2.0784e+000 +2.1052e+000 +2.1006e+000
14944 0 +2.531103842e-002 +1.799953110e+002 +1.799953110e+002 -2.0909e+000 +2.1335e+000 +2.0860e+000 +2.1196e+000 +2.0968e+000
14992 0 +2.414858021e-002 +1.799941486e+002 +1.799941486e+002 -2.0909e+000 +2.1335e+000 +2.0860e+000 +2.1196e+000 +2.0984e+000
15424 0 +2.387840842e-002 +1.799938784e+002 +1.799938784e+002 -2.0909e+000 +2.1335e+000 +2.0860e+000 +2.1200e+000 +2.1004e+000
15694 0 +2.313320739e-002 +1.799931332e+002 +1.799931332e+002 -2.0897e+000 +2.1391e+000 +2.1068e+000 +2.1052e+000 +2.1025e+000
15766 0 +1.847887146e-002 +1.799884789e+002 +1.799884789e+002 -2.0913e+000 +2.1351e+000 +2.1078e+000 +2.1052e+000 +2.1042e+000
15863 0 +7.354844329e-003 +1.799773548e+002 +1.799773548e+002 -2.0861e+000 +2.1226e+000 +2.1001e+000 +2.1090e+000 +2.1053e+000
15887 0 +5.845147827e-003 +1.799758451e+002 +1.799758451e+002 -2.0981e+000 +2.1226e+000 +2.1001e+000 +2.1090e+000 +2.1053e+000
16127 0 +5.612428088e-003 +1.799756124e+002 +1.799756124e+002 -2.0981e+000 +2.1226e+000 +2.1001e+000 +2.1084e+000 +2.1053e+000
16285 0 +1.717238097e-003 +1.799717172e+002 +1.799717172e+002 -2.1055e+000 +2.1087e+000 +2.1044e+000 +2.1000e+000 +2.1055e+000
16419 0 +1.086475658e-003 +1.799710865e+002 +1.799710865e+002 -2.1000e+000 +2.1059e+000 +2.1061e+000 +2.1077e+000 +2.1056e+000
16456 0 +7.214161791e-004 +1.799707214e+002 +1.799707214e+002 -2.1026e+000 +2.1057e+000 +2.1004e+000 +2.1059e+000 +2.1055e+000
16504 0 +2.851203408e-004 +1.799702851e+002 +1.799702851e+002 -2.1026e+000 +2.1068e+000 +2.1027e+000 +2.1059e+000 +2.1055e+000
16627 0 +2.024442114e-005 +1.799700202e+002 +1.799700202e+002 -2.1045e+000 +2.1047e+000 +2.1047e+000 +2.1048e+000 +2.1044e+000
16661 0 +2.871729521e-010 +1.799700000e+002 +1.799700000e+002 -2.1048e+000 +2.1048e+000 +2.1048e+000 +2.1048e+000 +2.1048e+000
% f evaluations | g evaluations | best noise-free fitness - Fopt (8.376000000000e+001) + sum g_i+ | measured fitness | best measured fitness or single-digit g-values | x1 | x2...
1 0 +6.471304401e+003 +6.555064401e+003 +6.555064401e+003 +1.0090e+000 -1.7403e-001 +2.4622e+000 -2.2075e+000 -3.4751e+000
11 0 +8.638452721e+002 +9.476052721e+002 +9.476052721e+002 -2.8774e+000 +2.4051e+000 -8.1249e-001 -3.3770e-001 -2.2822e+000
38 0 +8.792540845e+000 +9.255254084e+001 +9.255254084e+001 -8.0029e-001 +2.4661e+000 +2.2999e+000 -1.9948e+000 -1.6566e+000
85 0 +5.186226512e+000 +8.894622651e+001 +8.894622651e+001 -1.4274e+000 +1.6476e+000 +1.6809e+000 -2.0253e+000 -1.6401e+000
101 0 +4.696560966e+000 +8.845656097e+001 +8.845656097e+001 -7.1794e-001 +1.1767e+000 +8.6664e-001 -1.0796e+000 -1.9230e+000
110 0 +4.490744042e+000 +8.825074404e+001 +8.825074404e+001 -7.5908e-001 +5.0049e-001 +1.3083e+000 -1.3683e+000 -1.3263e+000
112 0 +2.463416632e+000 +8.622341663e+001 +8.622341663e+001 -2.0106e+000 +2.1015e+000 +1.4028e+000 -1.5141e+000 -1.4811e+000
144 0 +1.901927246e+000 +8.566192725e+001 +8.566192725e+001 -1.9958e+000 +2.1187e+000 +1.0839e+000 -2.3985e+000 -1.5959e+000
193 0 +1.559000846e+000 +8.531900085e+001 +8.531900085e+001 -2.0695e+000 +2.1189e+000 +2.3327e-001 -2.5438e+000 -1.1191e+000
253 0 +1.006088619e+000 +8.476608862e+001 +8.476608862e+001 -2.1507e+000 +2.1915e+000 +8.7782e-002 -2.5931e+000 -8.9444e-001
476 0 +4.712054133e-001 +8.423120541e+001 +8.423120541e+001 -2.2141e+000 +2.1206e+000 +1.0417e-001 -2.6185e+000 -1.9597e+000
1271 0 +4.481838723e-001 +8.420818387e+001 +8.420818387e+001 -2.1070e+000 +2.0712e+000 +2.1573e+000 -2.0434e+000 -9.7156e-001
1551 0 +4.423941542e-001 +8.420239415e+001 +8.420239415e+001 -2.1070e+000 +2.1338e+000 +2.2060e+000 -2.0434e+000 -2.1222e+000
1734 0 +4.134466805e-001 +8.417344668e+001 +8.417344668e+001 -2.1496e+000 +2.0830e+000 +3.4551e-002 -2.6037e+000 -1.9517e+000
1891 0 +3.921093204e-001 +8.415210932e+001 +8.415210932e+001 -2.2167e+000 +2.0807e+000 +2.0859e+000 -2.1015e+000 -2.1558e+000
1904 0 +1.307708605e-001 +8.389077086e+001 +8.389077086e+001 -2.1263e+000 +2.0501e+000 +2.0704e+000 -2.1219e+000 -2.1087e+000
2199 0 +5.460095803e-002 +8.381460096e+001 +8.381460096e+001 -2.1394e+000 +2.0966e+000 +2.1238e+000 -2.0856e+000 -2.1242e+000
2239 0 +5.313557262e-002 +8.381313557e+001 +8.381313557e+001 -2.1386e+000 +2.0877e+000 +2.1238e+000 -2.0856e+000 -2.1242e+000
2413 0 +4.243055724e-002 +8.380243056e+001 +8.380243056e+001 -2.1461e+000 +2.0663e+000 +2.1125e+000 -2.1137e+000 -2.1092e+000
2447 0 +2.486861094e-002 +8.378486861e+001 +8.378486861e+001 -2.1261e+000 +2.0833e+000 +2.1287e+000 -2.1074e+000 -2.1017e+000
2513 0 +2.373957430e-002 +8.378373957e+001 +8.378373957e+001 -2.1270e+000 +2.1151e+000 +2.1125e+000 -2.1137e+000 -2.1092e+000
2648 0 +1.466759966e-002 +8.377466760e+001 +8.377466760e+001 -2.1067e+000 +2.0962e+000 +2.1034e+000 -2.1182e+000 -2.0957e+000
2694 0 +7.009520720e-003 +8.376700952e+001 +8.376700952e+001 -2.1207e+000 +2.1135e+000 +2.1013e+000 -2.1104e+000 -2.1017e+000
2707 0 +6.876071442e-003 +8.376687607e+001 +8.376687607e+001 -2.1205e+000 +2.1071e+000 +2.0943e+000 -2.1089e+000 -2.1017e+000
2759 0 +5.649107933e-003 +8.376564911e+001 +8.376564911e+001 -2.1095e+000 +2.0936e+000 +2.1149e+000 -2.0985e+000 -2.1097e+000
2772 0 +3.434788077e-003 +8.376343479e+001 +8.376343479e+001 -2.1186e+000 +2.0981e+000 +2.1014e+000 -2.1060e+000 -2.1023e+000
2777 0 +3.098220977e-003 +8.376309822e+001 +8.376309822e+001 -2.0970e+000 +2.1180e+000 +2.1026e+000 -2.1043e+000 -2.1040e+000
2812 0 +1.816426239e-003 +8.376181643e+001 +8.376181643e+001 -2.1104e+000 +2.0950e+000 +2.1077e+000 -2.1027e+000 -2.1044e+000
2823 0 +9.301793764e-004 +8.376093018e+001 +8.376093018e+001 -2.1002e+000 +2.1000e+000 +2.1046e+000 -2.1046e+000 -2.1047e+000
2890 0 +8.523454442e-004 +8.376085235e+001 +8.376085235e+001 -2.1050e+000 +2.1069e+000 +2.1083e+000 -2.1050e+000 -2.1062e+000
2900 0 +7.414476832e-004 +8.376074145e+001 +8.376074145e+001 -2.1049e+000 +2.1008e+000 +2.1076e+000 -2.1030e+000 -2.1070e+000
2908 0 +1.751288215e-004 +8.376017513e+001 +8.376017513e+001 -2.1041e+000 +2.1029e+000 +2.1040e+000 -2.1049e+000 -2.1053e+000
2983 0 +1.131819644e-004 +8.376011318e+001 +8.376011318e+001 -2.1035e+000 +2.1044e+000 +2.1058e+000 -2.1053e+000 -2.1041e+000
2997 0 +5.932205542e-005 +8.376005932e+001 +8.376005932e+001 -2.1058e+000 +2.1050e+000 +2.1057e+000 -2.1051e+000 -2.1051e+000
3051 0 +5.671696940e-005 +8.376005672e+001 +8.376005672e+001 -2.1057e+000 +2.1047e+000 +2.1045e+000 -2.1050e+000 -2.1055e+000
3070 0 +1.402168400e-005 +8.376001402e+001 +8.376001402e+001 -2.1051e+000 +2.1052e+000 +2.1050e+000 -2.1052e+000 -2.1049e+000
3115 0 +1.097676281e-005 +8.376001098e+001 +8.376001098e+001 -2.1047e+000 +2.1047e+000 +2.1049e+000 -2.1049e+000 -2.1051e+000
3125 0 +2.777153952e-006 +8.376000278e+001 +8.376000278e+001 -2.1049e+000 +2.1045e+000 +2.1047e+000 -2.1049e+000 -2.1048e+000
3147 0 +1.238320493e-006 +8.376000124e+001 +8.376000124e+001 -2.1049e+000 +2.1049e+000 +2.1049e+000 -2.1048e+000 -2.1048e+000
3185 0 +8.344434406e-007 +8.376000083e+001 +8.376000083e+001 -2.1050e+000 +2.1050e+000 +2.1049e+000 -2.1049e+000 -2.1048e+000
3247 0 +4.876082471e-008 +8.376000005e+001 +8.376000005e+001 -2.1048e+000 +2.1049e+000 +2.1048e+000 -2.1048e+000 -2.1048e+000
3271 0 +1.636728086e-008 +8.376000002e+001 +8.376000002e+001 -2.1049e+000 +2.1049e+000 +2.1048e+000 -2.1048e+000 -2.1048e+000
3318 0 +6.854577350e-009 +8.376000001e+001 +8.376000001e+001 -2.1048e+000 +2.1049e+000 +2.1048e+000 -2.1048e+000 -2.1048e+000
% f evaluations | g evaluations | best noise-free fitness - Fopt (-3.890100000000e+002) + sum g_i+ | measured fitness | best measured fitness or single-digit g-values | x1 | x2...
1 0 +1.827919576e+004 +1.789018576e+004 +1.789018576e+004 -4.3982e+000 -7.1284e-001 -4.3663e+000 +1.4456e-001 -4.6099e+000
9 0 +1.785606416e+004 +1.746705416e+004 +1.746705416e+004 +1.6543e+000 +2.1445e+000 +2.4073e+000 +1.1320e-001 -1.8408e+000
18 0 +2.190669760e+003 +1.801659760e+003 +1.801659760e+003 +4.8388e+000 -1.2180e+000 -1.0282e+000 -9.4686e-001 -9.3832e-001
43 0 +1.323176344e+003 +9.341663436e+002 +9.341663436e+002 +7.9008e-001 +1.4828e+000 -3.7082e+000 -2.3418e+000 -1.2466e+000
64 0 +7.070887747e+000 -3.819391123e+002 -3.819391123e+002 -1.5345e+000 +5.5093e-001 -1.6540e+000 -4.4661e-001 -1.0379e+000
82 0 +4.464327723e+000 -3.845456723e+002 -3.845456723e+002 +1.4147e-001 -5.7852e-001 -1.9841e+000 -1.2824e+000 -2.1386e+000
94 0 +3.589040762e+000 -3.854209592e+002 -3.854209592e+002 +2.0774e-001 -7.4293e-002 -1.7061e+000 -1.1719e+000 -1.2386e+000
140 0 +2.323004290e+000 -3.866869957e+002 -3.866869957e+002 -2.1530e+000 -7.1712e-001 -3.5585e-001 -1.7722e+000 -7.3057e-001
248 0 +2.113627219e+000 -3.868963728e+002 -3.868963728e+002 +6.0546e-001 -1.6424e-001 -2.2929e-002 -2.6346e+000 -8.7899e-001
393 0 +2.009869624e+000 -3.870001304e+002 -3.870001304e+002 -2.1554e+000 -8.2634e-002 -5.2689e-001 -1.7178e+000 -1.0349e+000
637 0 +1.965287338e+000 -3.870447127e+002 -3.870447127e+002 -2.2435e+000 -7.1895e-002 -6.3640e-001 -1.9660e+000 -9.8542e-001
657 0 +1.848591491e+000 -3.871614085e+002 -3.871614085e+002 -2.2435e+000 -6.0542e-002 -6.3640e-001 -1.9944e+000 -1.0030e+000
937 0 +1.762503217e+000 -3.872474968e+002 -3.872474968e+002 -2.2435e+000 -6.0542e-002 -5.9291e-001 -2.0118e+000 -1.0030e+000
957 0 +1.721281641e+000 -3.872887184e+002 -3.872887184e+002 -2.1137e+000 +3.4541e-002 -5.7708e-001 -2.0104e+000 -1.0030e+000
1097 0 +1.578497311e+000 -3.874315027e+002 -3.874315027e+002 -2.1335e+000 -6.3425e-003 -5.7708e-001 -2.0104e+000 -9.9043e-001
1187 0 +1.503144591e+000 -3.875068554e+002 -3.875068554e+002 -2.0873e+000 -8.1144e-001 -3.6005e-001 -2.5437e+000 -5.4013e-001
1503 0 +1.436389675e+000 -3.875736103e+002 -3.875736103e+002 -2.2615e+000 +7.0532e-001 -8.8117e-001 -2.4516e+000 -8.6768e-001
1603 0 +1.272224841e+000 -3.877377752e+002 -3.877377752e+002 -2.1976e+000 +5.2864e-001 -8.2061e-001 -2.4569e+000 -8.7510e-001
1682 0 +1.222037375e+000 -3.877879626e+002 -3.877879626e+002 -2.0506e+000 +4.6389e-001 -7.7317e-001 -2.4686e+000 -8.4965e-001
1683 0 +8.770032899e-001 -3.881329967e+002 -3.881329967e+002 -2.1495e+000 +5.7550e-001 -7.4104e-001 -2.4812e+000 -8.8737e-001
2223 0 +8.609277135e-001 -3.881490723e+002 -3.881490723e+002 -2.1506e+000 +6.0369e-001 -7.5015e-001 -2.4806e+000 -8.8876e-001
2286 0 +7.953699519e-001 -3.882146300e+002 -3.882146300e+002 -2.1496e+000 +6.6547e-001 -7.4430e-001 -2.4603e+000 -8.6856e-001
2326 0 +7.805052247e-001 -3.882294948e+002 -3.882294948e+002 -2.1251e+000 +6.5922e-001 -7.4142e-001 -2.4614e+000 -8.7021e-001
2346 0 +7.711750444e-001 -3.882388250e+002 -3.882388250e+002 -2.1249e+000 +6.5437e-001 -7.4099e-001 -2.4612e+000 -8.7075e-001
2386 0 +7.392209418e-001 -3.882707791e+002 -3.882707791e+002 -2.1117e+000 +5.9816e-001 -7.4065e-001 -2.4544e+000 -8.5924e-001
2608 0 +7.210651812e-001 -3.882889348e+002 -3.882889348e+002 -2.1280e+000 +6.2660e-001 -7.5699e-001 -2.4469e+000 -8.7642e-001
9579 0 +6.872950946e-001 -3.883227049e+002 -3.883227049e+002 -2.0923e+000 -1.3120e+000 -2.5810e-001 -2.5678e+000 -1.9960e+000
10763 0 +5.253855344e-001 -3.884846145e+002 -3.884846145e+002 -2.0968e+000 -2.0767e+000 -3.8842e-002 -2.5643e+000 -2.0117e+000
10883 0 +5.117249723e-001 -3.884982750e+002 -3.884982750e+002 -2.0960e+000 -2.0767e+000 -3.8842e-002 -2.5673e+000 -2.0117e+000
11243 0 +4.575796304e-001 -3.885524204e+002 -3.885524204e+002 -2.0955e+000 -2.0810e+000 -3.7151e-002 -2.5760e+000 -2.0078e+000
11499 0 +3.874375568e-001 -3.886225624e+002 -3.886225624e+002 -2.0738e+000 -2.0678e+000 -2.8920e-002 -2.6297e+000 -1.9881e+000
11859 0 +3.733767096e-001 -3.886366233e+002 -3.886366233e+002 -2.0738e+000 -2.0680e+000 -3.7751e-002 -2.6275e+000 -1.9923e+000
11931 0 +3.432919938e-001 -3.886667080e+002 -3.886667080e+002 -2.1092e+000 -2.0680e+000 -3.7751e-002 -2.6275e+000 -1.9900e+000
12443 0 +3.310345868e-001 -3.886789654e+002 -3.886789654e+002 -2.1013e+000 -2.0453e+000 -7.6333e-002 -2.6052e+000 -1.9953e+000
12615 0 +3.156599507e-001 -3.886943400e+002 -3.886943400e+002 -2.0595e+000 -2.1344e+000 -9.3418e-002 -2.5900e+000 -1.9910e+000
13018 0 +2.701481571e-001 -3.887398518e+002 -3.887398518e+002 -2.0983e+000 -2.1018e+000 -7.8445e-002 -2.6253e+000 -1.9888e+000
13067 0 +2.662887814e-001 -3.887437112e+002 -3.887437112e+002 -2.0936e+000 -2.1048e+000 -7.6333e-002 -2.6278e+000 -1.9853e+000
13498 0 +2.558392971e-001 -3.887541607e+002 -3.887541607e+002 -2.0983e+000 -2.1130e+000 -7.7907e-002 -2.6253e+000 -1.9813e+000
13882 0 +2.443941413e-001 -3.887656059e+002 -3.887656059e+002 -2.1042e+000 -2.1042e+000 -7.7907e-002 -2.6014e+000 -1.9813e+000
15138 0 +7.303376313e-002 -3.889369662e+002 -3.889369662e+002 -2.1059e+000 -2.1086e+000 -2.1091e+000 -2.0966e+000 -2.0805e+000
15402 0 +7.240233340e-002 -3.889375977e+002 -3.889375977e+002 -2.1059e+000 -2.1037e+000 -2.1091e+000 -2.0966e+000 -2.0805e+000
15534 0 +6.170089252e-002 -3.889482991e+002 -3.889482991e+002 -2.1066e+000 -2.1050e+000 -2.0884e+000 -2.0935e+000 -2.0877e+000
15654 0 +5.350494427e-002 -3.889564951e+002 -3.889564951e+002 -2.1070e+000 -2.1050e+000 -2.0884e+000 -2.0967e+000 -2.0877e+000
15726 0 +5.053373870e-002 -3.889594663e+002 -3.889594663e+002 -2.1089e+000 -2.1075e+000 -2.0852e+000 -2.1172e+000 -2.0829e+000
15785 0 +4.927148326e-002 -3.889607285e+002 -3.889607285e+002 -2.1087e+000 -2.1083e+000 -2.1000e+000 -2.1172e+000 -2.0814e+000
15809 0 +3.721394611e-002 -3.889727861e+002 -3.889727861e+002 -2.1087e+000 -2.1083e+000 -2.1000e+000 -2.1172e+000 -2.0847e+000
15833 0 +9.925847347e-003 -3.890000742e+002 -3.890000742e+002 -2.1069e+000 -2.1050e+000 -2.1000e+000 -2.1172e+000 -2.0972e+000
15929 0 +6.622630414e-003 -3.890033774e+002 -3.890033774e+002 -2.1096e+000 -2.1035e+000 -2.1036e+000 -2.0981e+000 -2.1124e+000
15956 0 +6.602553974e-003 -3.890033974e+002 -3.890033974e+002 -2.1245e+000 -2.1111e+000 -2.1044e+000 -2.1071e+000 -2.1031e+000
15999 0 +4.770374042e-003 -3.890052296e+002 -3.890052296e+002 -2.1232e+000 -2.0966e+000 -2.1051e+000 -2.1078e+000 -2.1019e+000
16046 0 +4.444170262e-003 -3.890055558e+002 -3.890055558e+002 -2.1230e+000 -2.0990e+000 -2.1113e+000 -2.1039e+000 -2.1034e+000
16058 0 +2.324587760e-003 -3.890076754e+002 -3.890076754e+002 -2.1132e+000 -2.0986e+000 -2.1051e+000 -2.1003e+000 -2.1049e+000
16178 0 +1.051649861e-007 -3.890099999e+002 -3.890099999e+002 -2.1048e+000 -2.1048e+000 -2.1049e+000 -2.1048e+000 -2.1048e+000
16190 0 +3.074518418e-008 -3.890100000e+002 -3.890100000e+002 -2.1048e+000 -2.1048e+000 -2.1048e+000 -2.1048e+000 -2.1048e+000
16262 0 +1.063477839e-008 -3.890100000e+002 -3.890100000e+002 -2.1048e+000 -2.1048e+000 -2.1048e+000 -2.1048e+000 -2.1048e+000
16285 0 +8.001507013e-009 -3.890100000e+002 -3.890100000e+002 -2.1048e+000 -2.1049e+000 -2.1048e+000 -2.1048e+000 -2.1048e+000
% f evaluations | g evaluations | best noise-free fitness - Fopt (-1.455800000000e+002) + sum g_i+ | measured fitness | best measured fitness or single-digit g-values | x1 | x2...
1 0 +3.039113624e+004 +3.024555624e+004 +3.024555624e+004 +4.2172e+000 +3.6348e+000 -3.4670e+000 -4.6806e+000 -1.5456e+000
3 0 +2.018629161e+004 +2.004071161e+004 +2.004071161e+004 -1.9044e+000 +3.3576e+000 +2.9459e+000 +1.7851e+000 -3.0349e-001
5 0 +9.523118224e+003 +9.377538224e+003 +9.377538224e+003 +4.2801e+000 +4.1954e+000 +4.8960e-001 -4.0120e+000 -1.6560e+000
6 0 +4.407122526e+002 +2.951322526e+002 +2.951322526e+002 +7.9408e-001 -3.4088e+000 +9.6709e-001 -2.2707e-001 -1.8679e+000
33 0 +2.041445475e+002 +5.856454745e+001 +5.856454745e+001 -3.2072e+000 -2.7928e-001 +2.7006e+000 -1.8292e+000 -2.1888e+000
49 0 +1.334040911e+002 -1.217590891e+001 -1.217590891e+001 +1.5149e-003 -7.0605e-001 +1.7898e+000 -2.2359e-001 -9.3885e-001
50 0 +1.014215768e+002 -4.415842321e+001 -4.415842321e+001 +1.8842e+000 -2.8019e+000 +8.8584e-002 -1.2728e+000 -8.0136e-001
85 0 +4.444591639e+000 -1.411354084e+002 -1.411354084e+002 -3.9044e-002 -1.5700e+000 +9.6147e-001 -1.3553e+000 -2.0110e+000
96 0 +3.600074013e+000 -1.419799260e+002 -1.419799260e+002 +1.9472e+000 +2.9676e-001 +4.6511e-001 -1.7209e+000 -2.1478e+000
98 0 +2.772571895e+000 -1.428074281e+002 -1.428074281e+002 -6.0801e-001 -2.5326e+000 +1.1045e+000 -2.4217e+000 -1.9940e+000
181 0 +2.147051867e+000 -1.434329481e+002 -1.434329481e+002 +2.1955e+000 -6.3191e-001 +1.4101e+000 -2.3317e+000 -1.9994e+000
298 0 +1.703876223e+000 -1.438761238e+002 -1.438761238e+002 +8.7109e-001 -2.5498e+000 +9.9925e-001 -2.4087e+000 -2.0298e+000
498 0 +1.521921288e+000 -1.440580787e+002 -1.440580787e+002 +9.8280e-001 -2.4508e+000 +7.5514e-001 -2.4031e+000 -1.9949e+000
616 0 +6.436800278e-001 -1.449363200e+002 -1.449363200e+002 +2.0554e+000 -2.1543e+000 +1.2510e-001 -2.5415e+000 -1.9759e+000
1176 0 +3.908289706e-001 -1.451891710e+002 -1.451891710e+002 +2.0457e+000 -2.1258e+000 +1.1621e-001 -2.5770e+000 -1.9813e+000
1393 0 +3.322620925e-001 -1.452477379e+002 -1.452477379e+002 +2.0862e+000 -2.1655e+000 +2.7506e-002 -2.6308e+000 -1.9825e+000
1453 0 +3.232905978e-001 -1.452567094e+002 -1.452567094e+002 +2.0862e+000 -2.1655e+000 +3.9968e-002 -2.6355e+000 -1.9807e+000
1745 0 +3.136024396e-001 -1.452663976e+002 -1.452663976e+002 +2.1381e+000 -2.0583e+000 +1.0790e-001 -2.6168e+000 -1.9671e+000
1766 0 +2.812517107e-001 -1.452987483e+002 -1.452987483e+002 +2.1245e+000 -2.0828e+000 +6.8731e-002 -2.5910e+000 -1.9771e+000
1817 0 +2.519737353e-001 -1.453280263e+002 -1.453280263e+002 +2.0790e+000 -2.1255e+000 +5.8639e-002 -2.6089e+000 -1.9781e+000
1911 0 +2.453047006e-001 -1.453346953e+002 -1.453346953e+002 +2.1007e+000 -2.1208e+000 +6.5544e-002 -2.6107e+000 -1.9727e+000
1988 0 +2.387855640e-001 -1.453412144e+002 -1.453412144e+002 +2.0996e+000 -2.1090e+000 +6.8128e-002 -2.6187e+000 -1.9777e+000
6749 0 +6.394475507e-002 -1.455160552e+002 -1.455160552e+002 +2.1482e+000 -2.1120e+000 +2.0680e+000 -2.1167e+000 -2.1016e+000
7061 0 +4.286875002e-002 -1.455371312e+002 -1.455371312e+002 +2.1482e+000 -2.1120e+000 +2.0793e+000 -2.1120e+000 -2.1016e+000
7073 0 +2.147459915e-002 -1.455585254e+002 -1.455585254e+002 +2.0910e+000 -2.0955e+000 +2.1219e+000 -2.0908e+000 -2.1148e+000
7313 0 +1.865679652e-002 -1.455613432e+002 -1.455613432e+002 +2.0910e+000 -2.0955e+000 +2.1095e+000 -2.0908e+000 -2.1148e+000
7481 0 +1.861123832e-002 -1.455613888e+002 -1.455613888e+002 +2.0910e+000 -2.0951e+000 +2.1095e+000 -2.0910e+000 -2.1148e+000
7505 0 +1.752992187e-002 -1.455624701e+002 -1.455624701e+002 +2.1139e+000 -2.0899e+000 +2.1095e+000 -2.0907e+000 -2.1148e+000
8231 0 +9.100051995e-003 -1.455708999e+002 -1.455708999e+002 +2.1046e+000 -2.1152e+000 +2.0993e+000 -2.0958e+000 -2.1044e+000
8374 0 +8.518838225e-003 -1.455714812e+002 -1.455714812e+002 +2.0997e+000 -2.1253e+000 +2.0932e+000 -2.1062e+000 -2.1032e+000
8395 0 +4.876865009e-003 -1.455751231e+002 -1.455751231e+002 +2.1074e+000 -2.1009e+000 +2.1051e+000 -2.1135e+000 -2.1043e+000
8448 0 +2.056287530e-003 -1.455779437e+002 -1.455779437e+002 +2.1066e+000 -2.0941e+000 +2.1078e+000 -2.1040e+000 -2.1041e+000
8535 0 +1.196120533e-003 -1.455788039e+002 -1.455788039e+002 +2.1029e+000 -2.1044e+000 +2.1053e+000 -2.1005e+000 -2.1048e+000
8574 0 +3.100890922e-008 -1.455800000e+002 -1.455800000e+002 +2.1048e+000 -2.1048e+000 +2.1048e+000 -2.1048e+000 -2.1049e+000
8608 0 +1.254738891e-008 -1.455800000e+002 -1.455800000e+002 +2.1048e+000 -2.1048e+000 +2.1048e+000 -2.1048e+000 -2.1048e+000
8646 0 +3.461138931e-009 -1.455800000e+002 -1.455800000e+002 +2.1048e+000 -2.1048e+000 +2.1048e+000 -2.1048e+000 -2.1048e+000
