% f evaluations | g evaluations | best noise-free fitness - Fopt (-5.465000000000e+002) + sum g_i+ | measured fitness | best measured fitness or single-digit g-values | x1 | x2...
1 0 +2.911099471e+004 +2.856449471e+004 +2.856449471e+004 -1.3257e+000 +2.7529e+000 -2.2076e+000
2 0 +1.891754375e+004 +1.837104375e+004 +1.837104375e+004 -2.0827e+000 -4.3464e+000 +2.4641e+000
3 0 +1.102030031e+003 +5.555300307e+002 +5.555300307e+002 +3.6649e+000 +2.9748e-001 +1.4028e+000
12 0 +5.270792146e+000 -5.412292079e+002 -5.412292079e+002 -7.4753e-001 +1.6681e+000 +1.2274e+000
17 0 +4.427424867e+000 -5.420725751e+002 -5.420725751e+002 -3.8181e-001 +2.0308e+000 +1.1647e+000
27 0 +3.694816611e+000 -5.428051834e+002 -5.428051834e+002 +1.7257e-001 +6.9069e-001 +1.0468e+000
55 0 +3.605956047e+000 -5.428940440e+002 -5.428940440e+002 -1.9486e+000 +2.3754e+000 +1.1813e+000
82 0 +2.920615900e+000 -5.435793841e+002 -5.435793841e+002 -1.1879e+000 +3.6746e-001 +1.3257e+000
87 0 +2.756029138e+000 -5.437439709e+002 -5.437439709e+002 -9.4083e-001 +1.4720e+000 +1.1415e+000
105 0 +2.602201401e+000 -5.438977986e+002 -5.438977986e+002 -9.7267e-001 +2.0444e-001 +1.4202e+000
113 0 +2.255023541e+000 -5.442449765e+002 -5.442449765e+002 -1.1420e+000 +1.7759e+000 +1.0648e+000
181 0 +2.202344022e+000 -5.442976560e+002 -5.442976560e+002 -1.0456e+000 +2.4498e+000 +9.4728e-001
218 0 +2.090190231e+000 -5.444098098e+002 -5.444098098e+002 -9.6077e-001 +2.4376e+000 +9.5389e-001
227 0 +1.909674231e+000 -5.445903258e+002 -5.445903258e+002 -1.0151e+000 +4.1717e-001 +1.3559e+000
323 0 +1.670426694e+000 -5.448295733e+002 -5.448295733e+002 -1.0281e+000 +3.3053e-001 +1.3743e+000
326 0 +1.469825247e+000 -5.450301748e+002 -5.450301748e+002 -9.5308e-001 +2.3220e+000 +9.1860e-001
344 0 +1.390816824e+000 -5.451091832e+002 -5.451091832e+002 -9.0901e-001 +2.3938e+000 +9.0997e-001
368 0 +1.258216728e+000 -5.452417833e+002 -5.452417833e+002 -9.2755e-001 +2.3938e+000 +8.9277e-001
409 0 +1.198580484e+000 -5.453014195e+002 -5.453014195e+002 -9.6773e-001 +2.3931e+000 +8.7438e-001
551 0 +1.159183608e+000 -5.453408164e+002 -5.453408164e+002 -9.9212e-001 +2.3963e+000 +8.9868e-001
579 0 +1.139263295e+000 -5.453607367e+002 -5.453607367e+002 -1.0101e+000 +2.3651e+000 +8.8825e-001
636 0 +1.119961292e+000 -5.453800387e+002 -5.453800387e+002 -1.0226e+000 +2.3742e+000 +8.9609e-001
1230 0 +1.001306664e+000 -5.454986933e+002 -5.454986933e+002 +1.3429e+000 +2.9569e+000 +1.9231e+000
1417 0 +9.029895870e-001 -5.455970104e+002 -5.455970104e+002 +1.4427e+000 +9.3301e-001 +2.3959e+000
1487 0 +8.542628604e-001 -5.456457371e+002 -5.456457371e+002 +1.4539e+000 +9.6462e-001 +2.3837e+000
1595 0 +4.693461720e-001 -5.460306538e+002 -5.460306538e+002 +1.4984e+000 +3.0060e+000 +1.8588e+000
1797 0 +4.246145098e-001 -5.460753855e+002 -5.460753855e+002 +1.5334e+000 +3.0101e+000 +1.8672e+000
1826 0 +3.948139599e-001 -5.461051860e+002 -5.461051860e+002 +1.5130e+000 +3.0090e+000 +1.8785e+000
2606 0 +3.171864345e-001 -5.461828136e+002 -5.461828136e+002 -2.0460e+000 +2.1299e+000 +2.1378e+000
2668 0 +1.608601977e-001 -5.463391398e+002 -5.463391398e+002 -2.0809e+000 +2.1034e+000 +2.1351e+000
2770 0 +1.403189500e-001 -5.463596811e+002 -5.463596811e+002 -2.0809e+000 +2.1220e+000 +2.1278e+000
2821 0 +4.063930703e-002 -5.464593607e+002 -5.464593607e+002 -2.0840e+000 +2.1089e+000 +2.1179e+000
2928 0 +2.760855739e-002 -5.464723914e+002 -5.464723914e+002 -2.0902e+000 +2.1212e+000 +2.0912e+000
3042 0 +1.817905228e-002 -5.464818209e+002 -5.464818209e+002 -2.0914e+000 +2.1089e+000 +2.1133e+000
3086 0 +1.317275330e-002 -5.464868272e+002 -5.464868272e+002 -2.0815e+000 +2.1170e+000 +2.1052e+000
3107 0 +2.595714391e-003 -5.464974043e+002 -5.464974043e+002 -2.1084e+000 +2.1106e+000 +2.1037e+000
3124 0 +1.313704388e-006 -5.464999987e+002 -5.464999987e+002 -2.1049e+000 +2.1050e+000 +2.1049e+000
3162 0 +2.127642347e-007 -5.464999998e+002 -5.464999998e+002 -2.1048e+000 +2.1048e+000 +2.1048e+000
3203 0 +1.010743063e-007 -5.464999999e+002 -5.464999999e+002 -2.1049e+000 +2.1048e+000 +2.1048e+000
3215 0 +2.399133336e-009 -5.465000000e+002 -5.465000000e+002 -2.1049e+000 +2.1048e+000 +2.1048e+000
% f evaluations | g evaluations | best noise-free fitness - Fopt (1.000000000000e+003) + sum g_i+ | measured fitness | best measured fitness or single-digit g-values | x1 | x2...
1 0 +3.063380993e+004 +3.163380993e+004 +3.163380993e+004 -3.5520e+000 -1.1323e+000 +1.2847e+000
2 0 +2.077289858e+004 +2.177289858e+004 +2.177289858e+004 -1.6883e+000 +3.0633e+000 -4.2410e+000
4 0 +2.040508682e+004 +2.140508682e+004 +2.140508682e+004 -3.7470e+000 +1.9120e+000 -4.5017e+000
6 0 +7.295600957e+003 +8.295600957e+003 +8.295600957e+003 -8.9969e-001 +3.3218e+000 -3.2180e+000
8 0 +2.505026469e+003 +3.505026469e+003 +3.505026469e+003 +5.0000e+000 +3.6444e+000 -1.4190e+000
9 0 +2.422862529e+003 +3.422862529e+003 +3.422862529e+003 +4.8235e+000 +7.9494e-001 -1.8148e+000
11 0 +4.948542774e+000 +1.004948543e+003 +1.004948543e+003 -1.3632e+000 -2.2602e-001 -2.3968e+000
36 0 +4.872177002e+000 +1.004872177e+003 +1.004872177e+003 +2.4019e-001 +1.0089e+000 -1.9481e+000
37 0 +4.461278859e+000 +1.004461279e+003 +1.004461279e+003 -1.1795e+000 -2.8726e-001 -2.8062e+000
43 0 +4.307068247e+000 +1.004307068e+003 +1.004307068e+003 +1.2849e-001 +1.6625e+000 -1.7479e+000
52 0 +2.801095804e+000 +1.002801096e+003 +1.002801096e+003 -3.7658e-001 +4.4891e-001 -1.6403e+000
66 0 +2.356927589e+000 +1.002356928e+003 +1.002356928e+003 +5.8292e-001 +6.7857e-001 -2.1106e+000
97 0 +2.264589976e+000 +1.002264590e+003 +1.002264590e+003 -1.0525e+000 -2.4345e-001 -2.7412e+000
170 0 +2.163258176e+000 +1.002163258e+003 +1.002163258e+003 -1.0394e+000 +3.6318e-001 -2.1544e+000
205 0 +1.818613109e+000 +1.001818613e+003 +1.001818613e+003 -1.0604e+000 -2.4345e-001 -2.7024e+000
281 0 +1.359426393e+000 +1.001359426e+003 +1.001359426e+003 -2.0336e+000 -4.3205e-001 -2.7264e+000
435 0 +1.316336620e+000 +1.001316337e+003 +1.001316337e+003 -9.4935e-001 +3.8145e-001 -2.5121e+000
444 0 +1.068064710e+000 +1.001068065e+003 +1.001068065e+003 -2.1919e+000 -5.1293e-001 -2.7264e+000
480 0 +9.325969513e-001 +1.000932597e+003 +1.000932597e+003 -2.1919e+000 -5.0556e-001 -2.7595e+000
543 0 +7.990534046e-001 +1.000799053e+003 +1.000799053e+003 -2.0820e+000 -4.8797e-001 -2.7595e+000
619 0 +7.913825299e-001 +1.000791383e+003 +1.000791383e+003 -2.1305e+000 -4.9794e-001 -2.7644e+000
637 0 +7.717711028e-001 +1.000771771e+003 +1.000771771e+003 -2.0880e+000 -4.8369e-001 -2.7504e+000
1238 0 +1.704112552e-001 +1.000170411e+003 +1.000170411e+003 -2.1053e+000 +2.1603e+000 -2.0978e+000
1565 0 +1.690780966e-001 +1.000169078e+003 +1.000169078e+003 -2.1185e+000 +2.1101e+000 -2.0721e+000
1649 0 +1.283884355e-001 +1.000128388e+003 +1.000128388e+003 -2.0895e+000 +2.1551e+000 -2.0843e+000
1655 0 +9.262544284e-003 +1.000009263e+003 +1.000009263e+003 -2.1113e+000 +2.0984e+000 -2.1130e+000
1763 0 +7.020666662e-003 +1.000007021e+003 +1.000007021e+003 -2.0946e+000 +2.1101e+000 -2.0981e+000
1819 0 +5.774437443e-003 +1.000005774e+003 +1.000005774e+003 -2.0993e+000 +2.0978e+000 -2.1036e+000
1832 0 +2.512613337e-003 +1.000002513e+003 +1.000002513e+003 -2.1035e+000 +2.1119e+000 -2.1037e+000
1874 0 +2.292922566e-003 +1.000002293e+003 +1.000002293e+003 -2.0933e+000 +2.1068e+000 -2.1043e+000
1878 0 +4.765138515e-004 +1.000000477e+003 +1.000000477e+003 -2.0998e+000 +2.1070e+000 -2.1042e+000
1887 0 +1.942878515e-004 +1.000000194e+003 +1.000000194e+003 -2.1043e+000 +2.1066e+000 -2.1049e+000
1903 0 +6.668326796e-005 +1.000000067e+003 +1.000000067e+003 -2.1050e+000 +2.1047e+000 -2.1055e+000
1966 0 +3.293937425e-007 +1.000000000e+003 +1.000000000e+003 -2.1049e+000 +2.1049e+000 -2.1048e+000
1980 0 +9.561063052e-011 +1.000000000e+003 +1.000000000e+003 -2.1048e+000 +2.1048e+000 -2.1048e+000
% f evaluations | g evaluations | best noise-free fitness - Fopt (2.083800000000e+002) + sum g_i+ | measured fitness | best measured fitness or single-digit g-values | x1 | x2...
1 0 +3.896373595e+004 +3.917211595e+004 +3.917211595e+004 -3.6064e-001 +4.8105e+000 +4.4537e+000
4 0 +2.124126753e+003 +2.332506753e+003 +2.332506753e+003 -4.8015e+000 +4.5742e-001 +1.7081e+000
6 0 +5.653821285e+002 +7.737621285e+002 +7.737621285e+002 +2.4978e+000 +4.1460e+000 +1.6543e+000
11 0 +1.634173441e+002 +3.717973441e+002 +3.717973441e+002 -3.9217e-001 -4.1319e-001 +2.7233e+000
12 0 +4.171102407e+000 +2.125511024e+002 +2.125511024e+002 +5.8691e-001 +1.6991e+000 +2.0843e+000
22 0 +3.132811202e+000 +2.115128112e+002 +2.115128112e+002 -5.1401e-001 -8.6051e-002 +1.4649e+000
49 0 +2.600671977e+000 +2.109806720e+002 +2.109806720e+002 -3.7821e-001 +2.3555e+000 +2.0520e+000
123 0 +2.432566867e+000 +2.108125669e+002 +2.108125669e+002 +5.8589e-001 +1.5790e+000 +2.2282e+000
164 0 +1.687393478e+000 +2.100673935e+002 +2.100673935e+002 -3.0079e-001 +2.5465e+000 +1.9385e+000
285 0 +1.309580273e+000 +2.096895803e+002 +2.096895803e+002 -8.4728e-001 +2.3708e+000 +2.0532e+000
335 0 +1.182678155e+000 +2.095626782e+002 +2.095626782e+002 -1.0949e+000 +2.2815e+000 +2.0813e+000
410 0 +9.030321115e-001 +2.092830321e+002 +2.092830321e+002 -2.1262e+000 +1.4414e+000 +2.2524e+000
621 0 +8.184786159e-001 +2.091984786e+002 +2.091984786e+002 -2.0567e+000 +1.4950e+000 +2.2401e+000
642 0 +7.472101387e-001 +2.091272101e+002 +2.091272101e+002 -2.0857e+000 +1.5167e+000 +2.2501e+000
688 0 +7.395870110e-001 +2.091195870e+002 +2.091195870e+002 -2.0970e+000 +1.5053e+000 +2.2469e+000
728 0 +7.238047491e-001 +2.091038047e+002 +2.091038047e+002 -2.1048e+000 +1.4942e+000 +2.2577e+000
1460 0 +6.686417764e-001 +2.090486418e+002 +2.090486418e+002 +1.4300e+000 +2.9327e+000 +1.8995e+000
1468 0 +6.165065611e-001 +2.089965066e+002 +2.089965066e+002 +1.5145e+000 +3.0744e+000 +1.8663e+000
1509 0 +3.950273545e-001 +2.087750274e+002 +2.087750274e+002 +1.5093e+000 +3.0076e+000 +1.8794e+000
4332 0 +3.513485001e-001 +2.087313485e+002 +2.087313485e+002 -2.2421e+000 +2.0458e+000 +2.1275e+000
4693 0 +3.193780928e-001 +2.086993781e+002 +2.086993781e+002 -2.2142e+000 +2.0335e+000 +2.1336e+000
4751 0 +9.335902343e-002 +2.084733590e+002 +2.084733590e+002 -2.1211e+000 +2.0648e+000 +2.1260e+000
4831 0 +9.908400206e-003 +2.083899084e+002 +2.083899084e+002 -2.1211e+000 +2.1100e+000 +2.1058e+000
4871 0 +6.251104330e-003 +2.083862511e+002 +2.083862511e+002 -2.1216e+000 +2.1056e+000 +2.1058e+000
5151 0 +5.293933941e-003 +2.083852939e+002 +2.083852939e+002 -2.1216e+000 +2.1023e+000 +2.1071e+000
5171 0 +5.246967873e-003 +2.083852470e+002 +2.083852470e+002 -2.1215e+000 +2.1022e+000 +2.1071e+000
5318 0 +2.438560293e-003 +2.083824386e+002 +2.083824386e+002 -2.1076e+000 +2.1002e+000 +2.1030e+000
5338 0 +8.813024945e-004 +2.083808813e+002 +2.083808813e+002 -2.1076e+000 +2.1072e+000 +2.1030e+000
5393 0 +1.662431259e-008 +2.083800000e+002 +2.083800000e+002 -2.1049e+000 +2.1048e+000 +2.1048e+000
5451 0 +7.767084753e-010 +2.083800000e+002 +2.083800000e+002 -2.1048e+000 +2.1048e+000 +2.1048e+000
% f evaluations | g evaluations | best noise-free fitness - Fopt (-1.449600000000e+002) + sum g_i+ | measured fitness | best measured fitness or single-digit g-values | x1 | x2...
1 0 +6.120113750e+004 +6.105617750e+004 +6.105617750e+004 +4.0147e+000 +4.2871e+000 +2.1882e-001
2 0 +2.020835679e+004 +2.006339679e+004 +2.006339679e+004 -4.1714e+000 -4.9123e+000 +1.3688e+000
3 0 +1.552470309e+003 +1.407510309e+003 +1.407510309e+003 -3.9210e+000 -1.9947e+000 -2.6822e+000
6 0 +1.971311911e+001 -1.252468809e+002 -1.252468809e+002 +2.1548e-001 -7.7818e-001 -2.6208e+000
16 0 +4.586850479e+000 -1.403731495e+002 -1.403731495e+002 -1.7131e+000 -2.0446e+000 -1.6275e+000
28 0 +1.800419667e+000 -1.431595803e+002 -1.431595803e+002 -2.0451e+000 -2.0446e+000 -1.3199e+000
54 0 +1.738707098e+000 -1.432212929e+002 -1.432212929e+002 -2.0242e+000 -9.3398e-001 -2.3602e+000
56 0 +7.718802584e-001 -1.441881197e+002 -1.441881197e+002 -2.1495e+000 -2.0804e+000 -1.7620e+000
198 0 +6.827619421e-001 -1.442772381e+002 -1.442772381e+002 -2.1190e+000 -2.0412e+000 -2.1762e+000
205 0 +6.201894723e-001 -1.443398105e+002 -1.443398105e+002 -2.1555e+000 -2.0935e+000 -2.0463e+000
217 0 +1.055564247e-001 -1.448544436e+002 -1.448544436e+002 -2.1291e+000 -2.1405e+000 -2.0914e+000
222 0 +5.773979403e-002 -1.449022602e+002 -1.449022602e+002 -2.0914e+000 -2.1389e+000 -2.1017e+000
282 0 +3.511642941e-003 -1.449564884e+002 -1.449564884e+002 -2.0992e+000 -2.1122e+000 -2.1004e+000
324 0 +1.205695867e-005 -1.449599879e+002 -1.449599879e+002 -2.1047e+000 -2.1049e+000 -2.1051e+000
346 0 +2.780456896e-007 -1.449599997e+002 -1.449599997e+002 -2.1047e+000 -2.1049e+000 -2.1049e+000
369 0 +2.979601277e-008 -1.449600000e+002 -1.449600000e+002 -2.1048e+000 -2.1049e+000 -2.1049e+000
395 0 +8.128608897e-012 -1.449600000e+002 -1.449600000e+002 -2.1048e+000 -2.1048e+000 -2.1048e+000
% f evaluations | g evaluations | best noise-free fitness - Fopt (-6.300000000000e+000) + sum g_i+ | measured fitness | best measured fitness or single-digit g-values | x1 | x2...
1 0 +6.245570231e+004 +6.244940231e+004 +6.244940231e+004 +2.3302e+000 +3.7163e+000 +1.4205e+000
2 0 +3.936013464e+002 +3.873013464e+002 +3.873013464e+002 -2.1254e+000 -1.2868e+000 -2.7466e+000
11 0 +2.460818484e+000 -3.839181516e+000 -3.839181516e+000 +2.3019e+000 -4.7145e-001 -2.1638e+000
62 0 +1.849637323e+000 -4.450362677e+000 -4.450362677e+000 +1.8138e+000 -1.9385e-001 -2.5510e+000
131 0 +1.799865716e+000 -4.500134284e+000 -4.500134284e+000 +1.9376e+000 -5.2970e-002 -2.2558e+000
191 0 +1.149450517e+000 -5.150549483e+000 -5.150549483e+000 +2.1109e+000 -7.9838e-002 -2.2558e+000
332 0 +1.143332663e+000 -5.156667337e+000 -5.156667337e+000 +2.1181e+000 -7.2541e-002 -2.2586e+000
355 0 +1.075669841e+000 -5.224330159e+000 -5.224330159e+000 +1.9206e+000 -8.6476e-002 -2.6348e+000
358 0 +1.005389068e+000 -5.294610932e+000 -5.294610932e+000 +1.9602e+000 -7.8856e-002 -2.5731e+000
365 0 +9.646008889e-001 -5.335399111e+000 -5.335399111e+000 +2.0526e+000 +1.3925e-002 -2.6513e+000
370 0 +9.537090084e-001 -5.346290992e+000 -5.346290992e+000 +2.0637e+000 +2.0997e-002 -2.6454e+000
371 0 +8.944798286e-001 -5.405520171e+000 -5.405520171e+000 +1.9337e+000 -8.5507e-002 -2.6077e+000
384 0 +7.998034604e-001 -5.500196540e+000 -5.500196540e+000 +2.0135e+000 -2.1705e-002 -2.6224e+000
396 0 +7.690366789e-001 -5.530963321e+000 -5.530963321e+000 +2.0198e+000 -2.1705e-002 -2.6248e+000
406 0 +4.054368206e-001 -5.894563179e+000 -5.894563179e+000 +2.1109e+000 -8.2635e-002 -2.6116e+000
409 0 +3.974797664e-001 -5.902520234e+000 -5.902520234e+000 +2.1036e+000 -7.7760e-002 -2.6126e+000
1341 0 +3.496307900e-001 -5.950369210e+000 -5.950369210e+000 +2.1877e+000 -2.1510e+000 -2.0904e+000
1436 0 +2.915163011e-001 -6.008483699e+000 -6.008483699e+000 +2.1883e+000 -2.1334e+000 -2.1144e+000
1477 0 +1.637760818e-001 -6.136223918e+000 -6.136223918e+000 +2.1684e+000 -2.0874e+000 -2.0851e+000
1492 0 +1.421751617e-001 -6.157824838e+000 -6.157824838e+000 +2.1503e+000 -2.1373e+000 -2.0908e+000
1519 0 +1.225502168e-002 -6.287744978e+000 -6.287744978e+000 +2.0838e+000 -2.1054e+000 -2.1093e+000
1534 0 +5.639029605e-004 -6.299436097e+000 -6.299436097e+000 +2.1095e+000 -2.1021e+000 -2.1049e+000
1548 0 +3.086574768e-005 -6.299969134e+000 -6.299969134e+000 +2.1036e+000 -2.1049e+000 -2.1048e+000
1600 0 +1.193752751e-005 -6.299988062e+000 -6.299988062e+000 +2.1040e+000 -2.1050e+000 -2.1048e+000
1620 0 +5.778067171e-007 -6.299999422e+000 -6.299999422e+000 +2.1048e+000 -2.1048e+000 -2.1048e+000
1637 0 +3.235023769e-007 -6.299999676e+000 -6.299999676e+000 +2.1048e+000 -2.1048e+000 -2.1048e+000
1660 0 +8.721823264e-009 -6.299999991e+000 -6.299999991e+000 +2.1048e+000 -2.1048e+000 -2.1048e+000
% f evaluations | g evaluations | best noise-free fitness - Fopt (-1.367600000000e+002) + sum g_i+ | measured fitness | best measured fitness or single-digit g-values | x1 | x2...
1 0 +7.114665118e+004 +7.100989118e+004 +7.100989118e+004 +2.4798e+000 +1.3248e+000 +2.6904e+000
2 0 +7.655979411e+003 +7.519219411e+003 +7.519219411e+003 +2.3931e+000 -3.4691e+000 +8.9535e-001
3 0 +5.911791935e+002 +4.544191935e+002 +4.544191935e+002 -3.6157e+000 -4.0169e+000 -9.7265e-001
11 0 +3.745092660e+000 -1.330149073e+002 -1.330149073e+002 +8.8774e-001 -1.4258e+000 -1.4880e+000
48 0 +2.189769856e+000 -1.345702301e+002 -1.345702301e+002 +2.0976e+000 -2.0185e+000 -1.6525e+000
194 0 +2.096611040e+000 -1.346633890e+002 -1.346633890e+002 +2.1556e+000 -1.9136e+000 -1.8111e+000
264 0 +2.085285717e+000 -1.346747143e+002 -1.346747143e+002 +2.0937e+000 -2.0185e+000 -1.6308e+000
284 0 +1.908416267e+000 -1.348515837e+002 -1.348515837e+002 +2.1510e+000 -2.1289e+000 -1.6284e+000
288 0 +1.525677244e+000 -1.352343228e+002 -1.352343228e+002 +2.1471e+000 -2.1397e+000 -1.4123e+000
321 0 +1.358303311e+000 -1.354016967e+002 -1.354016967e+002 +2.2099e+000 -2.0152e+000 -1.7442e+000
345 0 +1.030069207e+000 -1.357299308e+002 -1.357299308e+002 +2.1817e+000 -2.0378e+000 -1.8012e+000
413 0 +9.001934375e-001 -1.358598066e+002 -1.358598066e+002 +2.1034e+000 -2.0796e+000 -1.7970e+000
415 0 +8.489363998e-001 -1.359110636e+002 -1.359110636e+002 +2.1185e+000 -2.0190e+000 -2.0693e+000
419 0 +6.609242370e-001 -1.360990758e+002 -1.360990758e+002 +2.0402e+000 -2.0608e+000 -2.0651e+000
451 0 +4.670952767e-001 -1.362929047e+002 -1.362929047e+002 +2.1185e+000 -2.0716e+000 -2.1639e+000
455 0 +2.409154428e-001 -1.365190846e+002 -1.365190846e+002 +1.9889e+000 -2.1419e+000 -2.1063e+000
472 0 +9.756667997e-002 -1.366624333e+002 -1.366624333e+002 +2.0508e+000 -2.1451e+000 -2.0868e+000
499 0 +2.447330157e-002 -1.367355267e+002 -1.367355267e+002 +2.1185e+000 -2.1200e+000 -2.0968e+000
536 0 +5.286219559e-004 -1.367594714e+002 -1.367594714e+002 +2.1032e+000 -2.1054e+000 -2.1030e+000
546 0 +2.106738705e-005 -1.367599789e+002 -1.367599789e+002 +2.1054e+000 -2.1044e+000 -2.1047e+000
553 0 +1.884070466e-005 -1.367599812e+002 -1.367599812e+002 +2.1039e+000 -2.1051e+000 -2.1046e+000
572 0 +5.893295452e-008 -1.367599999e+002 -1.367599999e+002 +2.1048e+000 -2.1049e+000 -2.1048e+000
590 0 +3.355606282e-008 -1.367600000e+002 -1.367600000e+002 +2.1048e+000 -2.1049e+000 -2.1048e+000
605 0 +1.179842002e-009 -1.367600000e+002 -1.367600000e+002 +2.1048e+000 -2.1048e+000 -2.1048e+000
% f evaluations | g evaluations | best noise-free fitness - Fopt (3.667500000000e+002) + sum g_i+ | measured fitness | best measured fitness or single-digit g-values | x1 | x2...
1 0 +7.867986695e+004 +7.904661695e+004 +7.904661695e+004 +1.3634e+000 -4.0680e+000 -4.2496e+000
3 0 +3.993482107e+004 +4.030157107e+004 +4.030157107e+004 +1.0183e+000 -2.9109e+000 -2.7125e+000
4 0 +2.984730850e+004 +3.021405850e+004 +3.021405850e+004 +2.2971e+000 +4.2415e+000 +3.7308e+000
6 0 +1.207004607e+004 +1.243679607e+004 +1.243679607e+004 -1.7797e+000 +3.4062e+000 +4.0129e+000
9 0 +1.029454254e+004 +1.066129254e+004 +1.066129254e+004 -1.6520e+000 +3.1063e+000 +1.4972e+000
11 0 +4.501486707e+000 +3.712514867e+002 +3.712514867e+002 -1.6405e+000 -1.4816e+000 +1.0556e+000
12 0 +3.985358731e+000 +3.707353587e+002 +3.707353587e+002 -1.8852e+000 -1.3040e+000 +2.0350e+000
33 0 +3.802946061e+000 +3.705529461e+002 +3.705529461e+002 -1.4433e+000 -2.3370e+000 +1.1431e+000
46 0 +3.471116908e+000 +3.702211169e+002 +3.702211169e+002 -2.2691e+000 -7.2377e-001 +1.7121e+000
48 0 +3.173098520e+000 +3.699230985e+002 +3.699230985e+002 -2.0828e+000 -3.8125e-001 +2.1392e+000
72 0 +2.915220077e+000 +3.696652201e+002 +3.696652201e+002 -2.0846e+000 -2.1789e-001 +2.1392e+000
73 0 +2.796018789e+000 +3.695460188e+002 +3.695460188e+002 -1.9281e+000 -1.7725e-001 +1.5518e+000
77 0 +1.994183432e+000 +3.687441834e+002 +3.687441834e+002 -2.1713e+000 -9.4659e-001 +1.2265e+000
107 0 +9.683288202e-001 +3.677183288e+002 +3.677183288e+002 -1.9786e+000 -2.0685e+000 +9.4800e-001
179 0 +8.901953221e-001 +3.676401953e+002 +3.676401953e+002 -1.9750e+000 -2.0862e+000 +9.4263e-001
241 0 +7.212492519e-001 +3.674712493e+002 +3.674712493e+002 -1.9857e+000 -2.1324e+000 +9.7822e-001
258 0 +6.237679008e-001 +3.673737679e+002 +3.673737679e+002 -2.0397e+000 -2.1757e+000 +9.4638e-001
296 0 +5.146489968e-001 +3.672646490e+002 +3.672646490e+002 -2.0547e+000 -2.1158e+000 +9.7985e-001
305 0 +4.938395789e-001 +3.672438396e+002 +3.672438396e+002 -2.0327e+000 -2.1072e+000 +9.5970e-001
311 0 +4.872070972e-001 +3.672372071e+002 +3.672372071e+002 -2.0320e+000 -2.1217e+000 +9.5161e-001
319 0 +4.223437073e-001 +3.671723437e+002 +3.671723437e+002 -2.0667e+000 -2.1208e+000 +9.5930e-001
344 0 +4.044068801e-001 +3.671544069e+002 +3.671544069e+002 -2.0858e+000 -2.1016e+000 +9.6221e-001
353 0 +3.948222431e-001 +3.671448222e+002 +3.671448222e+002 -2.1038e+000 -2.1047e+000 +9.6108e-001
4607 0 +2.160105010e-001 +3.669660105e+002 +3.669660105e+002 -2.1435e+000 -2.0825e+000 +2.1436e+000
4652 0 +7.546128707e-002 +3.668254613e+002 +3.668254613e+002 -2.1625e+000 -2.0935e+000 +2.0970e+000
4833 0 +5.864724744e-002 +3.668086472e+002 +3.668086472e+002 -2.0865e+000 -2.1005e+000 +2.0888e+000
4958 0 +5.215501376e-003 +3.667552155e+002 +3.667552155e+002 -2.1021e+000 -2.1125e+000 +2.1067e+000
4969 0 +2.516754773e-003 +3.667525168e+002 +3.667525168e+002 -2.1009e+000 -2.1123e+000 +2.1033e+000
4986 0 +9.070680562e-008 +3.667500001e+002 +3.667500001e+002 -2.1048e+000 -2.1048e+000 +2.1048e+000
5056 0 +1.929510063e-008 +3.667500000e+002 +3.667500000e+002 -2.1048e+000 -2.1048e+000 +2.1048e+000
5071 0 +1.549022954e-008 +3.667500000e+002 +3.667500000e+002 -2.1048e+000 -2.1048e+000 +2.1048e+000
5089 0 +3.738193755e-009 +3.667500000e+002 +3.667500000e+002 -2.1048e+000 -2.1048e+000 +2.1048e+000
% f evaluations | g evaluations | best noise-free fitness - Fopt (-2.486900000000e+002) + sum g_i+ | measured fitness | best measured fitness or single-digit g-values | x1 | x2...
1 0 +6.833023318e+003 +6.584333318e+003 +6.584333318e+003 -4.7214e+000 -1.3941e+000 -2.7545e-001
4 0 +2.520793432e+003 +2.272103432e+003 +2.272103432e+003 +4.1933e+000 +7.2517e-001 +7.7106e-001
9 0 +4.588524104e+000 -2.441014759e+002 -2.441014759e+002 +5.7812e-001 -2.3350e+000 +1.5875e+000
19 0 +4.525046734e+000 -2.441649533e+002 -2.441649533e+002 -3.6026e-001 -1.4213e+000 +1.4834e+000
24 0 +3.199436747e+000 -2.454905633e+002 -2.454905633e+002 -1.1194e+000 -1.3904e+000 +2.2402e+000
44 0 +2.379549166e+000 -2.463104508e+002 -2.463104508e+002 +1.8775e+000 -2.1101e+000 +1.4808e+000
99 0 +2.277485384e+000 -2.464125146e+002 -2.464125146e+002 +2.1452e+000 -2.0345e+000 +8.6122e-001
140 0 +2.049146106e+000 -2.466408539e+002 -2.466408539e+002 +2.2264e+000 -2.1634e+000 +1.4411e+000
142 0 +2.038312670e+000 -2.466516873e+002 -2.466516873e+002 -5.9727e-001 -1.2538e+000 +2.3346e+000
167 0 +1.126579185e+000 -2.475634208e+002 -2.475634208e+002 +2.0952e+000 -2.0350e+000 +9.2427e-001
203 0 +1.087311049e+000 -2.476026890e+002 -2.476026890e+002 +2.1908e+000 -2.0452e+000 +9.1999e-001
218 0 +9.213918274e-001 -2.477686082e+002 -2.477686082e+002 +2.2264e+000 -2.0117e+000 +1.0062e+000
290 0 +7.239369998e-001 -2.479660630e+002 -2.479660630e+002 +2.0541e+000 -2.0555e+000 +9.9634e-001
314 0 +5.568313763e-001 -2.481331686e+002 -2.481331686e+002 +2.2005e+000 -2.0729e+000 +9.6270e-001
584 0 +4.078193443e-001 -2.482821807e+002 -2.482821807e+002 +2.1204e+000 -2.1080e+000 +9.6624e-001
630 0 +3.980242255e-001 -2.482919758e+002 -2.482919758e+002 +2.1070e+000 -2.0968e+000 +9.6198e-001
2145 0 +3.514350132e-001 -2.483385650e+002 -2.483385650e+002 +2.0577e+000 -2.1547e+000 +2.0541e+000
2327 0 +1.183677515e-001 -2.485716322e+002 -2.485716322e+002 +2.1031e+000 -2.0746e+000 +2.0920e+000
2439 0 +1.158222976e-001 -2.485741777e+002 -2.485741777e+002 +2.0546e+000 -2.1547e+000 +2.0920e+000
2481 0 +1.019325611e-001 -2.485880674e+002 -2.485880674e+002 +2.0469e+000 -2.1475e+000 +2.0893e+000
2719 0 +6.336563638e-002 -2.486266344e+002 -2.486266344e+002 +2.0469e+000 -2.1302e+000 +2.0957e+000
2803 0 +4.993245308e-002 -2.486400675e+002 -2.486400675e+002 +2.0511e+000 -2.1227e+000 +2.0982e+000
2859 0 +4.842193946e-002 -2.486415781e+002 -2.486415781e+002 +2.0511e+000 -2.1207e+000 +2.1013e+000
2900 0 +3.405292637e-002 -2.486559471e+002 -2.486559471e+002 +2.1420e+000 -2.1069e+000 +2.0995e+000
2924 0 +2.994820295e-002 -2.486600518e+002 -2.486600518e+002 +2.1020e+000 -2.0885e+000 +2.0997e+000
2957 0 +1.443814673e-002 -2.486755619e+002 -2.486755619e+002 +2.0838e+000 -2.1207e+000 +2.0984e+000
3026 0 +8.859979842e-003 -2.486811400e+002 -2.486811400e+002 +2.0916e+000 -2.1180e+000 +2.0995e+000
3117 0 +4.385699655e-003 -2.486856143e+002 -2.486856143e+002 +2.1025e+000 -2.0965e+000 +2.1066e+000
3135 0 +3.538293064e-003 -2.486864617e+002 -2.486864617e+002 +2.0930e+000 -2.1047e+000 +2.1029e+000
3139 0 +2.889188021e-003 -2.486871108e+002 -2.486871108e+002 +2.1179e+000 -2.1010e+000 +2.1058e+000
3143 0 +1.568311844e-003 -2.486884317e+002 -2.486884317e+002 +2.1123e+000 -2.1001e+000 +2.1050e+000
3171 0 +1.472903932e-008 -2.486900000e+002 -2.486900000e+002 +2.1048e+000 -2.1048e+000 +2.1049e+000
3191 0 +2.850697456e-009 -2.486900000e+002 -2.486900000e+002 +2.1048e+000 -2.1048e+000 +2.1048e+000
% f evaluations | g evaluations | best noise-free fitness - Fopt (-6.786000000000e+001) + sum g_i+ | measured fitness | best measured fitness or single-digit g-values | x1 | x2...
1 0 +4.737504432e+004 +4.730718432e+004 +4.730718432e+004 +4.3301e+000 -1.2042e+000 -1.6540e+000
2 0 +1.213298287e+004 +1.206512287e+004 +1.206512287e+004 +1.4156e+000 -2.7008e+000 +2.1865e+000
6 0 +3.574264787e+002 +2.895664787e+002 +2.895664787e+002 +2.4060e+000 +4.5825e-001 +2.9214e+000
11 0 +4.362950914e+000 -6.349704909e+001 -6.349704909e+001 +5.1100e-001 +2.5454e+000 +1.3733e+000
19 0 +2.716412558e+000 -6.514358744e+001 -6.514358744e+001 -1.9368e+000 +9.2638e-003 +2.0986e+000
89 0 +2.449754700e+000 -6.541024530e+001 -6.541024530e+001 -2.2460e+000 -5.1452e-001 +2.1761e+000
184 0 +2.347977945e+000 -6.551202206e+001 -6.551202206e+001 -2.2235e+000 +7.8208e-001 +2.0942e+000
205 0 +2.249409785e+000 -6.561059022e+001 -6.561059022e+001 -1.9199e+000 +1.4634e-001 +2.0076e+000
206 0 +2.224873426e+000 -6.563512657e+001 -6.563512657e+001 -2.2636e+000 +7.4078e-002 +1.8995e+000
241 0 +1.890315283e+000 -6.596968472e+001 -6.596968472e+001 -2.0538e+000 +1.1929e-001 +1.9999e+000
295 0 +1.847644669e+000 -6.601235533e+001 -6.601235533e+001 -2.1575e+000 +5.2419e-001 +2.1428e+000
337 0 +1.218802255e+000 -6.664119774e+001 -6.664119774e+001 -2.1104e+000 +9.2327e-002 +2.2852e+000
358 0 +1.145388089e+000 -6.671461191e+001 -6.671461191e+001 -2.1278e+000 +4.6544e-002 +2.2758e+000
537 0 +1.119668063e+000 -6.674033194e+001 -6.674033194e+001 -2.1010e+000 +7.4780e-002 +2.2703e+000
1947 0 +7.244746079e-001 -6.713552539e+001 -6.713552539e+001 -1.9788e+000 +2.1585e+000 +9.3069e-001
2865 0 +7.244181962e-001 -6.713558180e+001 -6.713558180e+001 -1.9788e+000 +2.1584e+000 +9.3069e-001
3166 0 +6.293471349e-001 -6.723065287e+001 -6.723065287e+001 -2.2131e+000 +2.0647e+000 +9.5732e-001
3259 0 +5.400912709e-001 -6.731990873e+001 -6.731990873e+001 -2.0454e+000 +2.1186e+000 +2.1561e+000
3293 0 +4.958012314e-001 -6.736419877e+001 -6.736419877e+001 -2.0783e+000 +2.1186e+000 +2.1561e+000
3344 0 +1.952727736e-001 -6.766472723e+001 -6.766472723e+001 -2.0783e+000 +2.1186e+000 +2.1344e+000
3531 0 +1.883022995e-001 -6.767169770e+001 -6.767169770e+001 -2.0758e+000 +2.1186e+000 +2.1336e+000
3548 0 +1.821522636e-001 -6.767784774e+001 -6.767784774e+001 -2.1051e+000 +2.1186e+000 +2.1336e+000
3633 0 +1.298957969e-001 -6.773010420e+001 -6.773010420e+001 -2.0978e+000 +2.1203e+000 +2.1277e+000
3684 0 +1.187714660e-001 -6.774122853e+001 -6.774122853e+001 -2.0976e+000 +2.1203e+000 +2.1264e+000
3735 0 +7.701466854e-002 -6.778298533e+001 -6.778298533e+001 -2.1319e+000 +2.1157e+000 +2.1191e+000
4069 0 +8.964820365e-003 -6.785103518e+001 -6.785103518e+001 -2.0940e+000 +2.1047e+000 +2.0986e+000
4153 0 +3.877046151e-003 -6.785612295e+001 -6.785612295e+001 -2.0941e+000 +2.1133e+000 +2.1038e+000
4740 0 +3.329159518e-003 -6.785667084e+001 -6.785667084e+001 -2.1019e+000 +2.1025e+000 +2.1014e+000
4747 0 +2.529788828e-003 -6.785747021e+001 -6.785747021e+001 -2.0988e+000 +2.1096e+000 +2.1008e+000
4748 0 +6.578610189e-004 -6.785934214e+001 -6.785934214e+001 -2.1052e+000 +2.1025e+000 +2.1039e+000
4749 0 +6.064014466e-004 -6.785939360e+001 -6.785939360e+001 -2.0991e+000 +2.1060e+000 +2.1051e+000
4851 0 +5.547541468e-004 -6.785944525e+001 -6.785944525e+001 -2.0991e+000 +2.1060e+000 +2.1044e+000
4861 0 +6.503335892e-005 -6.785993497e+001 -6.785993497e+001 -2.1032e+000 +2.1050e+000 +2.1045e+000
4919 0 +9.318057437e-011 -6.786000000e+001 -6.786000000e+001 -2.1048e+000 +2.1048e+000 +2.1048e+000
% f evaluations | g evaluations | best noise-free fitness - Fopt (-2.329000000000e+001) + sum g_i+ | measured fitness | best measured fitness or single-digit g-values | x1 | x2...
1 0 +2.038863808e+005 +2.038630908e+005 +2.038630908e+005 +4.7977e+000 -4.0822e+000 -4.7136e+000
2 0 +2.090091324e+004 +2.087762324e+004 +2.087762324e+004 +4.7810e+000 -4.8857e+000 +1.8477e+000
8 0 +2.503923584e+003 +2.480633584e+003 +2.480633584e+003 +5.0000e+000 +5.2830e-001 +2.2253e+000
14 0 +2.086847799e+003 +2.063557799e+003 +2.063557799e+003 +4.7810e+000 +2.5185e-001 +1.8477e+000
21 0 +1.370611830e+003 +1.347321830e+003 +1.347321830e+003 +8.4323e-001 +3.3843e+000 +2.3204e+000
22 0 +5.398035088e+000 -1.789196491e+001 -1.789196491e+001 +1.7150e+000 +4.2573e-001 +1.7675e+000
33 0 +4.653537513e+000 -1.863646249e+001 -1.863646249e+001 +2.5440e+000 +1.3347e+000 +1.9566e+000
34 0 +4.071165274e+000 -1.921883473e+001 -1.921883473e+001 +2.2983e+000 +8.5427e-001 +1.4281e+000
42 0 +3.406028136e+000 -1.988397186e+001 -1.988397186e+001 +9.1526e-001 +4.9338e-001 +1.9024e+000
52 0 +3.056904943e+000 -2.023309506e+001 -2.023309506e+001 +2.2356e+000 +8.1655e-001 +1.3750e+000
73 0 +2.949935045e+000 -2.034006496e+001 -2.034006496e+001 +2.1500e+000 +1.5916e+000 +9.9413e-001
126 0 +2.778584278e+000 -2.051141572e+001 -2.051141572e+001 +1.8784e+000 +1.1855e-001 +1.6696e+000
128 0 +1.939788229e+000 -2.135021177e+001 -2.135021177e+001 +2.0877e+000 +1.5916e+000 +1.8708e+000
137 0 +1.313726000e+000 -2.197627400e+001 -2.197627400e+001 +2.0236e+000 +1.1446e+000 +2.3470e+000
213 0 +1.219789151e+000 -2.207021085e+001 -2.207021085e+001 +2.0030e+000 +1.4880e+000 +2.2178e+000
221 0 +1.004367986e+000 -2.228563201e+001 -2.228563201e+001 +2.0463e+000 +1.5667e+000 +2.2222e+000
289 0 +9.473906268e-001 -2.234260937e+001 -2.234260937e+001 +2.1032e+000 +2.2422e+000 +2.0864e+000
310 0 +8.359542496e-001 -2.245404575e+001 -2.245404575e+001 +2.1798e+000 +2.1041e+000 +1.7593e+000
343 0 +7.991085010e-001 -2.249089150e+001 -2.249089150e+001 +2.0563e+000 +2.0213e+000 +2.0819e+000
348 0 +1.723887540e-001 -2.311761125e+001 -2.311761125e+001 +2.1034e+000 +2.1125e+000 +2.0707e+000
457 0 +9.608669832e-002 -2.319391330e+001 -2.319391330e+001 +2.0941e+000 +2.0884e+000 +2.0877e+000
500 0 +3.364819591e-002 -2.325635180e+001 -2.325635180e+001 +2.1136e+000 +2.0780e+000 +2.1102e+000
529 0 +1.764911462e-002 -2.327235089e+001 -2.327235089e+001 +2.0890e+000 +2.1140e+000 +2.0941e+000
540 0 +1.298937105e-002 -2.327701063e+001 -2.327701063e+001 +2.1005e+000 +2.0985e+000 +2.0988e+000
551 0 +8.168844836e-003 -2.328183116e+001 -2.328183116e+001 +2.0839e+000 +2.1062e+000 +2.1046e+000
570 0 +5.567849585e-003 -2.328443215e+001 -2.328443215e+001 +2.0871e+000 +2.1079e+000 +2.1051e+000
598 0 +2.389967135e-003 -2.328761003e+001 -2.328761003e+001 +2.1141e+000 +2.1065e+000 +2.1037e+000
610 0 +2.308030237e-003 -2.328769197e+001 -2.328769197e+001 +2.1148e+000 +2.1059e+000 +2.1045e+000
622 0 +3.394064640e-004 -2.328966059e+001 -2.328966059e+001 +2.1041e+000 +2.1074e+000 +2.1046e+000
629 0 +2.537695565e-008 -2.328999997e+001 -2.328999997e+001 +2.1049e+000 +2.1048e+000 +2.1048e+000
641 0 +4.103064555e-010 -2.329000000e+001 -2.329000000e+001 +2.1048e+000 +2.1048e+000 +2.1048e+000
% f evaluations | g evaluations | best noise-free fitness - Fopt (-1.028000000000e+001) + sum g_i+ | measured fitness | best measured fitness or single-digit g-values | x1 | x2...
1 0 +2.137967267e+004 +2.136939267e+004 +2.136939267e+004 -7.5797e-001 +4.7950e+000 -2.1156e+000
6 0 +5.217617350e+002 +5.114817350e+002 +5.114817350e+002 -1.6871e-001 +3.4308e+000 +2.0964e+000
11 0 +5.902405367e+000 -4.377594633e+000 -4.377594633e+000 -2.2081e+000 +8.8412e-001 +2.0599e+000
12 0 +3.550256497e+000 -6.729743503e+000 -6.729743503e+000 -1.2191e+000 +2.2936e+000 +1.4678e+000
52 0 +2.434038678e+000 -7.845961322e+000 -7.845961322e+000 -1.0951e-001 +2.6583e+000 +1.6727e+000
54 0 +2.073091143e+000 -8.206908857e+000 -8.206908857e+000 -5.5689e-001 +2.9116e+000 +1.9211e+000
112 0 +1.501382327e+000 -8.778617673e+000 -8.778617673e+000 +1.0546e-001 +2.5790e+000 +1.9855e+000
256 0 +1.431637844e+000 -8.848362156e+000 -8.848362156e+000 +2.4520e-002 +2.6385e+000 +1.9563e+000
258 0 +1.366815359e+000 -8.913184641e+000 -8.913184641e+000 +2.8982e-001 +2.5035e+000 +2.0033e+000
283 0 +1.304948815e+000 -8.975051185e+000 -8.975051185e+000 -4.7810e-001 +2.7445e+000 +1.9549e+000
292 0 +8.963581063e-001 -9.383641894e+000 -9.383641894e+000 +1.0995e+000 +2.3213e+000 +2.0524e+000
311 0 +8.434570080e-001 -9.436542992e+000 -9.436542992e+000 +1.8809e+000 +2.1775e+000 +2.0643e+000
318 0 +3.814400453e-001 -9.898559955e+000 -9.898559955e+000 +1.9604e+000 +2.1712e+000 +2.0864e+000
324 0 +2.090137652e-002 -1.025909862e+001 -1.025909862e+001 +2.1313e+000 +2.1094e+000 +2.0998e+000
396 0 +1.203366135e-002 -1.026796634e+001 -1.026796634e+001 +2.0812e+000 +2.1094e+000 +2.0998e+000
452 0 +4.682365175e-004 -1.027953176e+001 -1.027953176e+001 +2.1078e+000 +2.1032e+000 +2.1040e+000
458 0 +3.241542596e-004 -1.027967585e+001 -1.027967585e+001 +2.1070e+000 +2.1032e+000 +2.1042e+000
477 0 +2.495120235e-007 -1.027999975e+001 -1.027999975e+001 +2.1048e+000 +2.1048e+000 +2.1049e+000
500 0 +8.805793428e-009 -1.027999999e+001 -1.027999999e+001 +2.1048e+000 +2.1048e+000 +2.1048e+000
% f evaluations | g evaluations | best noise-free fitness - Fopt (1.799700000000e+002) + sum g_i+ | measured fitness | best measured fitness or single-digit g-values | x1 | x2...
1 0 +2.487258166e+004 +2.505255166e+004 +2.505255166e+004 -1.1934e+000 -2.7711e+000 -1.8664e-001
3 0 +1.377239052e+004 +1.395236052e+004 +1.395236052e+004 -2.9834e+000 +4.4056e-001 +4.4948e+000
8 0 +1.124895490e+004 +1.142892490e+004 +1.142892490e+004 -3.2292e+000 +5.0000e+000 +1.4720e+000
10 0 +8.470973624e+003 +8.650943624e+003 +8.650943624e+003 -1.2247e+000 +4.8851e+000 -6.6917e-001
12 0 +3.205651647e+000 +1.831756516e+002 +1.831756516e+002 -9.1458e-001 +9.3389e-001 +1.5628e+000
34 0 +2.583280095e+000 +1.825532801e+002 +1.825532801e+002 -2.0462e+000 +6.2757e-001 +1.8359e+000
127 0 +2.331525417e+000 +1.823015254e+002 +1.823015254e+002 -2.3024e+000 +1.9950e+000 +7.0764e-001
159 0 +1.864196058e+000 +1.818341961e+002 +1.818341961e+002 -1.9995e+000 +1.6336e-001 +1.7058e+000
221 0 +1.841847806e+000 +1.818118478e+002 +1.818118478e+002 -2.1724e+000 +4.0578e-002 +1.9312e+000
232 0 +1.725153939e+000 +1.816951539e+002 +1.816951539e+002 -2.1536e+000 +2.6926e-002 +1.7217e+000
352 0 +1.562653077e+000 +1.815326531e+002 +1.815326531e+002 -2.1554e+000 +1.3406e-002 +1.7787e+000
375 0 +1.538886401e+000 +1.815088864e+002 +1.815088864e+002 -2.0575e+000 +3.7433e-002 +1.7501e+000
399 0 +1.030419905e+000 +1.810004199e+002 +1.810004199e+002 -2.1118e+000 +1.0483e-001 +1.4287e+000
458 0 +9.797984607e-001 +1.809497985e+002 +1.809497985e+002 -2.1594e+000 +1.0427e-001 +1.4731e+000
530 0 +9.078372012e-001 +1.808778372e+002 +1.808778372e+002 -2.1299e+000 +1.0427e-001 +1.4731e+000
542 0 +8.766274421e-001 +1.808466274e+002 +1.808466274e+002 -2.1164e+000 +1.0142e-001 +1.4740e+000
567 0 +8.492473217e-001 +1.808192473e+002 +1.808192473e+002 -2.1293e+000 +4.4912e-002 +1.4627e+000
621 0 +8.256245110e-001 +1.807956245e+002 +1.807956245e+002 -2.0819e+000 +5.3835e-002 +1.4728e+000
657 0 +8.016320678e-001 +1.807716321e+002 +1.807716321e+002 -2.0978e+000 +5.7865e-002 +1.4728e+000
674 0 +7.898484508e-001 +1.807598485e+002 +1.807598485e+002 -2.1084e+000 +6.8939e-002 +1.4695e+000
1867 0 +4.876573564e-001 +1.804576574e+002 +1.804576574e+002 -1.9684e+000 +2.1988e+000 +2.0783e+000
1927 0 +4.475431808e-001 +1.804175432e+002 +1.804175432e+002 -2.0813e+000 +9.0212e-002 +2.5944e+000
1965 0 +4.443262146e-001 +1.804143262e+002 +1.804143262e+002 -1.9869e+000 +2.1988e+000 +2.0783e+000
1993 0 +3.688425738e-001 +1.803388426e+002 +1.803388426e+002 -1.9869e+000 +2.1852e+000 +2.0783e+000
2174 0 +3.163812188e-001 +1.802863812e+002 +1.802863812e+002 -1.9686e+000 +2.1221e+000 +2.1053e+000
2230 0 +3.143143155e-001 +1.802843143e+002 +1.802843143e+002 -1.9686e+000 +2.1232e+000 +2.1049e+000
2272 0 +2.960680849e-001 +1.802660681e+002 +1.802660681e+002 -1.9726e+000 +2.1232e+000 +2.1049e+000
2301 0 +2.836400226e-001 +1.802536400e+002 +1.802536400e+002 -1.9869e+000 +2.1091e+000 +2.0916e+000
2315 0 +2.778494213e-001 +1.802478494e+002 +1.802478494e+002 -1.9883e+000 +2.1091e+000 +2.0916e+000
2343 0 +2.575432688e-001 +1.802275433e+002 +1.802275433e+002 -2.2022e+000 +2.1206e+000 +2.0916e+000
2413 0 +1.478484907e-001 +1.801178485e+002 +1.801178485e+002 -2.0156e+000 +2.1206e+000 +2.0916e+000
2637 0 +1.442694612e-001 +1.801142695e+002 +1.801142695e+002 -2.0156e+000 +2.1233e+000 +2.0916e+000
2651 0 +8.120503388e-002 +1.800512050e+002 +1.800512050e+002 -2.0407e+000 +2.1233e+000 +2.0916e+000
2889 0 +7.652994466e-002 +1.800465299e+002 +1.800465299e+002 -2.0430e+000 +2.1233e+000 +2.0916e+000
2943 0 +1.220069963e-002 +1.799822007e+002 +1.799822007e+002 -2.1139e+000 +2.1015e+000 +2.0977e+000
3181 0 +8.917954407e-003 +1.799789180e+002 +1.799789180e+002 -2.1137e+000 +2.1015e+000 +2.0990e+000
3195 0 +1.592490450e-003 +1.799715925e+002 +1.799715925e+002 -2.1137e+000 +2.1015e+000 +2.1046e+000
3447 0 +8.612247455e-004 +1.799708612e+002 +1.799708612e+002 -2.1043e+000 +2.1015e+000 +2.1046e+000
3587 0 +6.805117293e-004 +1.799706805e+002 +1.799706805e+002 -2.1005e+000 +2.1038e+000 +2.1043e+000
3797 0 +4.224119288e-004 +1.799704224e+002 +1.799704224e+002 -2.1038e+000 +2.1024e+000 +2.1052e+000
3905 0 +2.055998038e-009 +1.799700000e+002 +1.799700000e+002 -2.1048e+000 +2.1048e+000 +2.1048e+000
% f evaluations | g evaluations | best noise-free fitness - Fopt (8.376000000000e+001) + sum g_i+ | measured fitness | best measured fitness or single-digit g-values | x1 | x2...
1 0 +1.366081146e+004 +1.374457146e+004 +1.374457146e+004 -4.5781e-001 +4.3847e-001 +4.4942e+000
2 0 +2.559759319e+003 +2.643519319e+003 +2.643519319e+003 -3.5920e+000 -2.1395e+000 +2.1235e+000
3 0 +9.130325248e+002 +9.967925248e+002 +9.967925248e+002 -1.4643e+000 +3.2880e+000 +1.9592e-001
8 0 +3.079498750e+002 +3.917098750e+002 +3.917098750e+002 -3.3732e+000 +9.5236e-001 +1.6561e+000
11 0 +2.210440990e+000 +8.597044099e+001 +8.597044099e+001 -2.0080e+000 +1.6034e+000 +1.9259e+000
12 0 +2.117799614e+000 +8.587779961e+001 +8.587779961e+001 -2.0944e+000 +1.3923e+000 +2.2038e+000
70 0 +1.665280067e+000 +8.542528007e+001 +8.542528007e+001 -2.2870e+000 -5.1975e-002 +1.5156e+000
130 0 +1.475720985e+000 +8.523572098e+001 +8.523572098e+001 -2.2651e+000 +9.3661e-002 +1.4839e+000
195 0 +1.279675883e+000 +8.503967588e+001 +8.503967588e+001 -2.2440e+000 +9.0135e-002 +1.4533e+000
438 0 +1.236507231e+000 +8.499650723e+001 +8.499650723e+001 -2.0865e+000 +8.1567e-002 +1.4142e+000
447 0 +1.015282871e+000 +8.477528287e+001 +8.477528287e+001 -2.0504e+000 +2.6815e-002 +1.4849e+000
495 0 +9.963188490e-001 +8.475631885e+001 +8.475631885e+001 -2.0520e+000 +3.0995e-002 +1.4704e+000
526 0 +9.122869023e-001 +8.467228690e+001 +8.467228690e+001 -2.0544e+000 +5.4796e-002 +1.4883e+000
566 0 +8.566752292e-001 +8.461667523e+001 +8.461667523e+001 -2.1230e+000 +9.9053e-002 +1.4674e+000
569 0 +8.425115988e-001 +8.460251160e+001 +8.460251160e+001 -2.0695e+000 +1.0033e-001 +1.4693e+000
609 0 +8.274606445e-001 +8.458746064e+001 +8.458746064e+001 -2.1223e+000 +8.7557e-002 +1.4724e+000
620 0 +7.896158300e-001 +8.454961583e+001 +8.454961583e+001 -2.1057e+000 +7.0462e-002 +1.4692e+000
2739 0 +5.582180272e-001 +8.431821803e+001 +8.431821803e+001 +1.5277e+000 +2.9619e+000 +1.9025e+000
3074 0 +4.473685644e-001 +8.420736856e+001 +8.420736856e+001 +1.4652e+000 +2.9942e+000 +1.8918e+000
3451 0 +4.231656545e-001 +8.418316565e+001 +8.418316565e+001 +1.5248e+000 +3.0152e+000 +1.8896e+000
3468 0 +4.123059505e-001 +8.417230595e+001 +8.417230595e+001 +1.5133e+000 +3.0061e+000 +1.8896e+000
3545 0 +3.961825408e-001 +8.415618254e+001 +8.415618254e+001 +1.5039e+000 +3.0057e+000 +1.8800e+000
7747 0 +3.803293597e-001 +8.414032936e+001 +8.414032936e+001 -2.1567e+000 +2.0665e+000 +2.0711e+000
7923 0 +1.997794603e-001 +8.395977946e+001 +8.395977946e+001 -2.0642e+000 +2.0697e+000 +2.0938e+000
8342 0 +1.338009547e-001 +8.389380095e+001 +8.389380095e+001 -2.1283e+000 +2.1206e+000 +2.0763e+000
8611 0 +4.855868009e-003 +8.376485587e+001 +8.376485587e+001 -2.1072e+000 +2.1129e+000 +2.1049e+000
8697 0 +1.355818674e-003 +8.376135582e+001 +8.376135582e+001 -2.0971e+000 +2.1049e+000 +2.1039e+000
8790 0 +6.502094337e-006 +8.376000650e+001 +8.376000650e+001 -2.1043e+000 +2.1048e+000 +2.1048e+000
8809 0 +3.831679493e-006 +8.376000383e+001 +8.376000383e+001 -2.1053e+000 +2.1047e+000 +2.1049e+000
8819 0 +1.755303515e-006 +8.376000176e+001 +8.376000176e+001 -2.1050e+000 +2.1047e+000 +2.1049e+000
8880 0 +3.027922020e-007 +8.376000030e+001 +8.376000030e+001 -2.1047e+000 +2.1049e+000 +2.1048e+000
8910 0 +1.236745106e-008 +8.376000001e+001 +8.376000001e+001 -2.1048e+000 +2.1048e+000 +2.1048e+000
8944 0 +8.947154129e-010 +8.376000000e+001 +8.376000000e+001 -2.1048e+000 +2.1048e+000 +2.1048e+000
% f evaluations | g evaluations | best noise-free fitness - Fopt (-3.890100000000e+002) + sum g_i+ | measured fitness | best measured fitness or single-digit g-values | x1 | x2...
1 0 +3.126904874e+003 +2.737894874e+003 +2.737894874e+003 +2.8138e+000 -4.5599e+000 +6.3822e-001
4 0 +1.132585719e+002 -2.757514281e+002 -2.757514281e+002 +3.0243e+000 -3.1485e+000 -3.9598e-001
40 0 +8.835771957e+000 -3.801742280e+002 -3.801742280e+002 +1.7406e+000 -3.3380e+000 -7.8366e-001
47 0 +3.522388225e+000 -3.854876118e+002 -3.854876118e+002 +4.8883e-001 -2.7464e+000 -1.7851e+000
67 0 +2.847673465e+000 -3.861623265e+002 -3.861623265e+002 -9.9570e-001 -1.6805e+000 -1.0042e+000
106 0 +2.745980462e+000 -3.862640195e+002 -3.862640195e+002 +1.5057e+000 -2.2723e+000 -1.1984e+000
190 0 +2.424412409e+000 -3.865855876e+002 -3.865855876e+002 +1.5470e+000 -2.3361e+000 -1.2015e+000
193 0 +1.316523871e+000 -3.876934761e+002 -3.876934761e+002 +1.2688e+000 -2.9871e+000 -1.8717e+000
201 0 +1.241922429e+000 -3.877680776e+002 -3.877680776e+002 +1.5368e+000 -1.0311e+000 -2.4170e+000
297 0 +8.533174907e-001 -3.881566825e+002 -3.881566825e+002 +1.5281e+000 -1.0123e+000 -2.3802e+000
503 0 +8.115679777e-001 -3.881984320e+002 -3.881984320e+002 +1.5013e+000 -9.7370e-001 -2.3984e+000
544 0 +7.899022295e-001 -3.882200978e+002 -3.882200978e+002 +1.5148e+000 -9.7750e-001 -2.3870e+000
1580 0 +7.761853323e-001 -3.882338147e+002 -3.882338147e+002 -2.1019e+000 -1.4844e+000 -2.2765e+000
1713 0 +7.077174007e-001 -3.883022826e+002 -3.883022826e+002 -2.2852e+000 -2.0441e+000 -2.1524e+000
1993 0 +6.313279195e-001 -3.883786721e+002 -3.883786721e+002 -2.2852e+000 -2.0441e+000 -2.1442e+000
2002 0 +1.098237089e-001 -3.889001763e+002 -3.889001763e+002 -2.1240e+000 -2.0613e+000 -2.1035e+000
2044 0 +1.087440941e-001 -3.889012559e+002 -3.889012559e+002 -2.1240e+000 -2.0613e+000 -2.1038e+000
2226 0 +6.957535158e-002 -3.889404246e+002 -3.889404246e+002 -2.1242e+000 -2.0812e+000 -2.1270e+000
2259 0 +6.568687317e-002 -3.889443131e+002 -3.889443131e+002 -2.1497e+000 -2.0916e+000 -2.0944e+000
2282 0 +7.847858124e-003 -3.890021521e+002 -3.890021521e+002 -2.1242e+000 -2.0992e+000 -2.1033e+000
2422 0 +3.648361470e-003 -3.890063516e+002 -3.890063516e+002 -2.1178e+000 -2.1040e+000 -2.1033e+000
2814 0 +3.527139404e-003 -3.890064729e+002 -3.890064729e+002 -2.1188e+000 -2.1025e+000 -2.1044e+000
3318 0 +2.470533959e-003 -3.890075295e+002 -3.890075295e+002 -2.1161e+000 -2.0999e+000 -2.1068e+000
3382 0 +2.182653718e-003 -3.890078173e+002 -3.890078173e+002 -2.1032e+000 -2.0998e+000 -2.1043e+000
3428 0 +2.010203694e-003 -3.890079898e+002 -3.890079898e+002 -2.1011e+000 -2.1010e+000 -2.1040e+000
3456 0 +1.389990006e-003 -3.890086100e+002 -3.890086100e+002 -2.1012e+000 -2.1027e+000 -2.1034e+000
3458 0 +5.751091650e-004 -3.890094249e+002 -3.890094249e+002 -2.1050e+000 -2.1026e+000 -2.1068e+000
3472 0 +2.237239360e-004 -3.890097763e+002 -3.890097763e+002 -2.1050e+000 -2.1059e+000 -2.1036e+000
3542 0 +7.809682120e-005 -3.890099219e+002 -3.890099219e+002 -2.1050e+000 -2.1059e+000 -2.1043e+000
3598 0 +6.745518016e-005 -3.890099325e+002 -3.890099325e+002 -2.1046e+000 -2.1059e+000 -2.1043e+000
3729 0 +5.093843566e-005 -3.890099491e+002 -3.890099491e+002 -2.1032e+000 -2.1055e+000 -2.1045e+000
3779 0 +4.329679405e-005 -3.890099567e+002 -3.890099567e+002 -2.1043e+000 -2.1057e+000 -2.1049e+000
3788 0 +3.053653444e-005 -3.890099695e+002 -3.890099695e+002 -2.1047e+000 -2.1056e+000 -2.1046e+000
3791 0 +1.741809393e-005 -3.890099826e+002 -3.890099826e+002 -2.1054e+000 -2.1051e+000 -2.1046e+000
3802 0 +4.210050975e-009 -3.890100000e+002 -3.890100000e+002 -2.1048e+000 -2.1049e+000 -2.1048e+000
% f evaluations | g evaluations | best noise-free fitness - Fopt (-1.455800000000e+002) + sum g_i+ | measured fitness | best measured fitness or single-digit g-values | x1 | x2...
1 0 +1.023828750e+005 +1.022372950e+005 +1.022372950e+005 -3.9047e+000 -2.4262e-001 -3.9067e+000
2 0 +3.341052602e+004 +3.326494602e+004 +3.326494602e+004 -3.7960e+000 -2.1283e+000 -2.2181e+000
4 0 +2.285128822e+004 +2.270570822e+004 +2.270570822e+004 -4.6145e+000 -3.2446e+000 -1.9309e+000
7 0 +1.972094849e+004 +1.957536849e+004 +1.957536849e+004 -3.2574e+000 +2.7913e+000 +4.2705e+000
8 0 +3.849121444e+003 +3.703541444e+003 +3.703541444e+003 -2.0740e+000 -5.0000e+000 +1.8582e+000
10 0 +1.249549239e+003 +1.103969239e+003 +1.103969239e+003 +5.7798e-001 -2.5122e+000 -1.1877e-002
19 0 +8.907418282e+002 +7.451618282e+002 +7.451618282e+002 +7.1156e-001 -1.1951e+000 +4.0540e-001
23 0 +2.950129548e+001 -1.160787045e+002 -1.160787045e+002 -3.3096e-001 -3.0721e+000 +9.5736e-001
32 0 +3.726931708e+000 -1.418530683e+002 -1.418530683e+002 -6.4456e-001 -2.8505e+000 +5.4915e-001
69 0 +3.195753882e+000 -1.423842461e+002 -1.423842461e+002 -2.4947e+000 -2.0314e+000 +1.2662e+000
78 0 +3.134690136e+000 -1.424453099e+002 -1.424453099e+002 -1.4082e+000 -1.4433e+000 +8.4775e-001
87 0 +2.083065377e+000 -1.434969346e+002 -1.434969346e+002 -4.4933e-001 -2.8486e+000 +1.8891e+000
107 0 +1.256430622e+000 -1.443235694e+002 -1.443235694e+002 -1.3581e+000 -3.0538e+000 +1.8960e+000
143 0 +9.857682252e-001 -1.445942318e+002 -1.445942318e+002 -1.4093e+000 -3.0311e+000 +1.9159e+000
345 0 +5.839717182e-001 -1.449960283e+002 -1.449960283e+002 -1.4335e+000 -2.9913e+000 +1.8604e+000
460 0 +5.371091739e-001 -1.450428908e+002 -1.450428908e+002 -1.5122e+000 -3.0048e+000 +1.8505e+000
467 0 +4.650451300e-001 -1.451149549e+002 -1.451149549e+002 -1.4599e+000 -3.0165e+000 +1.8739e+000
489 0 +4.253333508e-001 -1.451546666e+002 -1.451546666e+002 -1.5115e+000 -3.0329e+000 +1.8735e+000
529 0 +4.050103916e-001 -1.451749896e+002 -1.451749896e+002 -1.5204e+000 -3.0004e+000 +1.8767e+000
534 0 +3.949901821e-001 -1.451850098e+002 -1.451850098e+002 -1.5133e+000 -3.0090e+000 +1.8778e+000
1163 0 +1.249597235e-001 -1.454550403e+002 -1.454550403e+002 +2.0719e+000 -2.0761e+000 +2.1265e+000
1364 0 +6.281481422e-002 -1.455171852e+002 -1.455171852e+002 +2.1649e+000 -2.0855e+000 +2.1124e+000
1432 0 +3.423876972e-002 -1.455457612e+002 -1.455457612e+002 +2.0846e+000 -2.1250e+000 +2.1093e+000
1442 0 +6.698691539e-005 -1.455799330e+002 -1.455799330e+002 +2.1042e+000 -2.1041e+000 +2.1047e+000
1480 0 +5.104872685e-007 -1.455799995e+002 -1.455799995e+002 +2.1048e+000 -2.1048e+000 +2.1049e+000
1514 0 +1.198010295e-007 -1.455799999e+002 -1.455799999e+002 +2.1048e+000 -2.1048e+000 +2.1049e+000
1539 0 +9.464918094e-008 -1.455799999e+002 -1.455799999e+002 +2.1049e+000 -2.1049e+000 +2.1048e+000
1564 0 +1.292050911e-009 -1.455800000e+002 -1.455800000e+002 +2.1048e+000 -2.1048e+000 +2.1048e+000
