% f evaluations | g evaluations | best noise-free fitness - Fopt (7.627000000000e+001) + sum g_i+ | measured fitness | best measured fitness or single-digit g-values | x1 | x2...
1 0 +2.946725856e+006 +2.946802126e+006 +2.946802126e+006 -3.1742e+000 -3.8553e+000 +6.0416e-001 -3.6503e-001 +1.2500e+000
2 0 +1.712269470e+006 +1.712345740e+006 +1.712345740e+006 +4.3217e+000 +5.6552e-001 +2.7268e+000 -2.0626e+000 -2.9808e+000
9 0 +1.632012125e+006 +1.632088395e+006 +1.632088395e+006 -1.3411e-001 -5.4894e-001 +2.0724e+000 +9.2115e-001 -4.7363e+000
10 0 +1.310199483e+006 +1.310275753e+006 +1.310275753e+006 +7.0629e-001 -3.4585e+000 -1.7965e+000 +1.7929e+000 +4.3447e+000
13 0 +2.566359087e+005 +2.567121787e+005 +2.567121787e+005 +1.2013e+000 -8.6086e-001 +2.4862e+000 -6.8672e-001 -7.5284e-001
23 0 +1.483543236e+005 +1.484305936e+005 +1.484305936e+005 -5.0000e+000 -4.6301e+000 +7.7854e-002 +5.0000e+000 -5.0000e+000
51 0 +1.410412082e+005 +1.411174782e+005 +1.411174782e+005 -2.4867e+000 -3.8553e+000 -3.2529e+000 +2.2670e+000 -4.8974e+000
60 0 +4.229336105e+003 +4.305606105e+003 +4.305606105e+003 -7.4747e-001 -2.4203e+000 -1.3059e+000 -6.1498e-001 -2.6361e+000
101 0 +2.978502000e+003 +3.054772000e+003 +3.054772000e+003 -2.9322e+000 -4.5349e+000 -3.3522e+000 +2.4026e+000 -3.8655e+000
136 0 +8.480273198e+001 +1.610727320e+002 +1.610727320e+002 -1.2170e+000 -2.0275e+000 -2.6608e-002 -3.1019e-001 -3.6457e+000
191 0 +4.900904896e+001 +1.252790490e+002 +1.252790490e+002 -1.6370e+000 -2.5057e+000 -5.9388e-001 +3.6720e-001 -4.2722e+000
251 0 +4.639823018e+000 +8.090982302e+001 +8.090982302e+001 -2.0906e+000 -2.5239e+000 -5.0703e-001 +1.0612e-001 -1.3254e+000
450 0 +3.556436344e+000 +7.982643634e+001 +7.982643634e+001 -9.4883e-001 -3.6324e+000 -1.5092e+000 +1.3231e+000 -1.9997e+000
568 0 +3.462197350e+000 +7.973219735e+001 +7.973219735e+001 -8.3532e-001 -2.3462e+000 -2.3309e-002 -1.2532e-001 -1.7843e+000
712 0 +2.774436098e+000 +7.904443610e+001 +7.904443610e+001 -1.1505e+000 -2.3133e+000 -2.2281e-001 -2.5530e-001 -1.7614e+000
733 0 +9.941383862e-001 +7.726413839e+001 +7.726413839e+001 -4.6734e-001 -3.5327e+000 -1.6293e+000 +8.2971e-001 -1.3703e+000
795 0 +5.492269758e-001 +7.681922698e+001 +7.681922698e+001 -7.1100e-001 -3.3996e+000 -1.1479e+000 +9.8293e-001 -1.4013e+000
802 0 +5.139047696e-001 +7.678390477e+001 +7.678390477e+001 -7.4252e-001 -3.3945e+000 -1.1774e+000 +9.5556e-001 -1.3745e+000
864 0 +3.324227123e-001 +7.660242271e+001 +7.660242271e+001 -6.5370e-001 -3.2217e+000 -1.1410e+000 +6.1894e-001 -1.2999e+000
949 0 +8.601510097e-003 +7.627860151e+001 +7.627860151e+001 -9.2469e-001 -3.1777e+000 -1.2391e+000 +6.1860e-001 -1.8187e+000
1044 0 +8.290605391e-003 +7.627829061e+001 +7.627829061e+001 -9.8166e-001 -3.1718e+000 -1.2825e+000 +5.7949e-001 -1.7508e+000
1183 0 +2.207506252e-003 +7.627220751e+001 +7.627220751e+001 -9.5077e-001 -3.1377e+000 -1.2470e+000 +5.3232e-001 -1.7514e+000
1221 0 +1.553350420e-003 +7.627155335e+001 +7.627155335e+001 -9.3439e-001 -3.1588e+000 -1.2612e+000 +5.5676e-001 -1.7415e+000
1227 0 +1.085113314e-003 +7.627108511e+001 +7.627108511e+001 -9.3190e-001 -3.1554e+000 -1.2567e+000 +5.5398e-001 -1.7488e+000
1260 0 +1.489688393e-004 +7.627014897e+001 +7.627014897e+001 -9.2955e-001 -3.1501e+000 -1.2441e+000 +5.5293e-001 -1.7523e+000
1459 0 +4.513438191e-005 +7.627004513e+001 +7.627004513e+001 -9.4133e-001 -3.1522e+000 -1.2432e+000 +5.5936e-001 -1.7462e+000
1512 0 +3.475326066e-005 +7.627003475e+001 +7.627003475e+001 -9.3576e-001 -3.1493e+000 -1.2379e+000 +5.5594e-001 -1.7446e+000
1542 0 +2.894516180e-005 +7.627002895e+001 +7.627002895e+001 -9.4159e-001 -3.1503e+000 -1.2440e+000 +5.5507e-001 -1.7444e+000
1562 0 +1.462080252e-005 +7.627001462e+001 +7.627001462e+001 -9.4039e-001 -3.1511e+000 -1.2437e+000 +5.5654e-001 -1.7451e+000
1732 0 +1.312355225e-005 +7.627001312e+001 +7.627001312e+001 -9.3728e-001 -3.1496e+000 -1.2399e+000 +5.5573e-001 -1.7459e+000
1817 0 +2.304896469e-006 +7.627000230e+001 +7.627000230e+001 -9.3783e-001 -3.1505e+000 -1.2416e+000 +5.5655e-001 -1.7462e+000
1887 0 +8.761763866e-007 +7.627000088e+001 +7.627000088e+001 -9.3850e-001 -3.1504e+000 -1.2418e+000 +5.5659e-001 -1.7475e+000
1895 0 +6.507376611e-007 +7.627000065e+001 +7.627000065e+001 -9.3851e-001 -3.1504e+000 -1.2419e+000 +5.5651e-001 -1.7475e+000
1951 0 +5.863980448e-007 +7.627000059e+001 +7.627000059e+001 -9.3819e-001 -3.1503e+000 -1.2419e+000 +5.5608e-001 -1.7474e+000
1980 0 +1.332352610e-007 +7.627000013e+001 +7.627000013e+001 -9.3840e-001 -3.1503e+000 -1.2424e+000 +5.5580e-001 -1.7475e+000
2044 0 +6.978294209e-008 +7.627000007e+001 +7.627000007e+001 -9.3846e-001 -3.1503e+000 -1.2424e+000 +5.5582e-001 -1.7471e+000
2129 0 +3.139432181e-008 +7.627000003e+001 +7.627000003e+001 -9.3841e-001 -3.1503e+000 -1.2423e+000 +5.5595e-001 -1.7471e+000
2196 0 +2.100291852e-008 +7.627000002e+001 +7.627000002e+001 -9.3840e-001 -3.1504e+000 -1.2424e+000 +5.5595e-001 -1.7473e+000
2475 0 +5.190372576e-009 +7.627000001e+001 +7.627000001e+001 -9.3839e-001 -3.1504e+000 -1.2424e+000 +5.5598e-001 -1.7472e+000
% f evaluations | g evaluations | best noise-free fitness - Fopt (-2.255000000000e+001) + sum g_i+ | measured fitness | best measured fitness or single-digit g-values | x1 | x2...
1 0 +2.918073031e+006 +2.918050481e+006 +2.918050481e+006 +1.5358e+000 -3.6917e+000 -1.9055e+000 +3.0875e+000 -4.6351e+000
8 0 +1.156919176e+005 +1.156693676e+005 +1.156693676e+005 -1.4066e+000 +3.5804e+000 +2.3870e+000 +1.3804e+000 -2.2575e+000
14 0 +1.035819997e+004 +1.033564997e+004 +1.033564997e+004 -1.2799e+000 -2.3619e+000 +1.6919e+000 +4.0746e+000 -1.8428e+000
22 0 +3.509318766e+003 +3.486768766e+003 +3.486768766e+003 +1.5058e-001 +1.2387e+000 +9.2706e-001 -2.8540e+000 -2.4951e+000
24 0 +9.310335575e+002 +9.084835575e+002 +9.084835575e+002 -3.1689e-001 -4.8608e+000 -3.7220e-001 +4.2863e+000 -2.2541e+000
95 0 +3.227572195e+002 +3.002072195e+002 +3.002072195e+002 +3.1450e+000 +4.1041e+000 +4.1773e-001 +8.0350e-001 +2.2576e+000
172 0 +2.461982616e+001 +2.069826162e+000 +2.069826162e+000 +4.6296e-001 +1.2091e+000 +8.6156e-001 -2.7258e+000 -2.0315e+000
299 0 +1.929057533e+001 -3.259424665e+000 -3.259424665e+000 +7.2099e-001 +2.0009e+000 +1.6261e+000 -2.3113e+000 -9.4843e-001
495 0 +1.136499973e+001 -1.118500027e+001 -1.118500027e+001 +1.0159e+000 +1.6765e+000 +1.5321e+000 -2.3905e+000 -7.0959e-001
550 0 +7.726948603e+000 -1.482305140e+001 -1.482305140e+001 +9.1057e-001 +3.6866e+000 +3.6435e+000 -2.7949e+000 +8.0115e-001
661 0 +7.300750364e+000 -1.524924964e+001 -1.524924964e+001 +2.2267e+000 +1.6478e+000 +9.9161e-001 -3.1644e+000 +1.0669e-001
723 0 +7.198893203e+000 -1.535110680e+001 -1.535110680e+001 +3.0686e+000 +4.5110e+000 +1.8541e+000 -3.9762e+000 +1.7605e+000
753 0 +6.580179108e+000 -1.596982089e+001 -1.596982089e+001 +1.2570e+000 +2.3971e+000 +2.3318e+000 -3.0686e+000 +3.4551e-002
767 0 +2.919010778e+000 -1.963098922e+001 -1.963098922e+001 +2.2472e+000 +3.6074e+000 +2.3932e+000 -3.4115e+000 +1.2770e+000
844 0 +2.116422066e+000 -2.043357793e+001 -2.043357793e+001 +2.6165e+000 +3.5498e+000 +1.4894e+000 -2.7711e+000 +1.2340e+000
893 0 +2.080455909e+000 -2.046954409e+001 -2.046954409e+001 +2.3380e+000 +3.4085e+000 +1.7700e+000 -2.8706e+000 +1.0659e+000
998 0 +5.830038797e-001 -2.196699612e+001 -2.196699612e+001 +2.5802e+000 +3.1150e+000 +2.0229e+000 -2.6140e+000 +1.6082e+000
1120 0 +1.945333962e-001 -2.235546660e+001 -2.235546660e+001 +2.6582e+000 +2.9008e+000 +2.3254e+000 -2.9672e+000 +1.8040e+000
1175 0 +5.347771851e-002 -2.249652228e+001 -2.249652228e+001 +2.4810e+000 +2.6609e+000 +2.6276e+000 -2.6579e+000 +1.8961e+000
1200 0 +1.331090991e-002 -2.253668909e+001 -2.253668909e+001 +2.5511e+000 +2.6470e+000 +2.5075e+000 -2.6618e+000 +1.8876e+000
1222 0 +1.241453812e-002 -2.253758546e+001 -2.253758546e+001 +2.4924e+000 +2.5659e+000 +2.5058e+000 -2.6809e+000 +1.8024e+000
1242 0 +8.664582102e-003 -2.254133542e+001 -2.254133542e+001 +2.5494e+000 +2.5987e+000 +2.5095e+000 -2.6619e+000 +1.8830e+000
1283 0 +7.079905440e-003 -2.254292009e+001 -2.254292009e+001 +2.5654e+000 +2.5862e+000 +2.4670e+000 -2.7972e+000 +1.8268e+000
1298 0 +5.319903937e-003 -2.254468010e+001 -2.254468010e+001 +2.5459e+000 +2.5641e+000 +2.4719e+000 -2.7606e+000 +1.8165e+000
1330 0 +3.480612838e-003 -2.254651939e+001 -2.254651939e+001 +2.5613e+000 +2.5723e+000 +2.4940e+000 -2.7825e+000 +1.8458e+000
1359 0 +1.726270146e-003 -2.254827373e+001 -2.254827373e+001 +2.5743e+000 +2.5790e+000 +2.4917e+000 -2.7720e+000 +1.8636e+000
1441 0 +4.093698522e-004 -2.254959063e+001 -2.254959063e+001 +2.5776e+000 +2.5713e+000 +2.5091e+000 -2.7473e+000 +1.8880e+000
1470 0 +2.707490912e-004 -2.254972925e+001 -2.254972925e+001 +2.5652e+000 +2.5655e+000 +2.5071e+000 -2.7476e+000 +1.8708e+000
1567 0 +1.888305836e-004 -2.254981117e+001 -2.254981117e+001 +2.5705e+000 +2.5852e+000 +2.5038e+000 -2.7354e+000 +1.8802e+000
1673 0 +1.734457837e-004 -2.254982655e+001 -2.254982655e+001 +2.5661e+000 +2.5854e+000 +2.5144e+000 -2.7456e+000 +1.8796e+000
1674 0 +1.515578595e-004 -2.254984844e+001 -2.254984844e+001 +2.5640e+000 +2.5852e+000 +2.5143e+000 -2.7459e+000 +1.8769e+000
1774 0 +4.114805797e-005 -2.254995885e+001 -2.254995885e+001 +2.5672e+000 +2.5811e+000 +2.5113e+000 -2.7459e+000 +1.8782e+000
1818 0 +2.953416059e-005 -2.254997047e+001 -2.254997047e+001 +2.5654e+000 +2.5822e+000 +2.5108e+000 -2.7415e+000 +1.8771e+000
1847 0 +1.884452404e-005 -2.254998116e+001 -2.254998116e+001 +2.5657e+000 +2.5796e+000 +2.5097e+000 -2.7417e+000 +1.8763e+000
1913 0 +9.731408429e-006 -2.254999027e+001 -2.254999027e+001 +2.5669e+000 +2.5795e+000 +2.5078e+000 -2.7404e+000 +1.8768e+000
1974 0 +7.410526969e-006 -2.254999259e+001 -2.254999259e+001 +2.5672e+000 +2.5812e+000 +2.5091e+000 -2.7425e+000 +1.8776e+000
2070 0 +2.626796203e-007 -2.254999974e+001 -2.254999974e+001 +2.5657e+000 +2.5802e+000 +2.5092e+000 -2.7422e+000 +1.8759e+000
2082 0 +1.098558045e-007 -2.254999989e+001 -2.254999989e+001 +2.5655e+000 +2.5802e+000 +2.5095e+000 -2.7422e+000 +1.8759e+000
2141 0 +7.765409293e-008 -2.254999992e+001 -2.254999992e+001 +2.5654e+000 +2.5801e+000 +2.5097e+000 -2.7423e+000 +1.8759e+000
2215 0 +1.740248123e-008 -2.254999998e+001 -2.254999998e+001 +2.5656e+000 +2.5799e+000 +2.5097e+000 -2.7424e+000 +1.8761e+000
2478 0 +3.693305217e-009 -2.255000000e+001 -2.255000000e+001 +2.5656e+000 +2.5800e+000 +2.5096e+000 -2.7424e+000 +1.8760e+000
% f evaluations | g evaluations | best noise-free fitness - Fopt (1.366000000000e+001) + sum g_i+ | measured fitness | best measured fitness or single-digit g-values | x1 | x2...
1 0 +2.671506888e+006 +2.671520548e+006 +2.671520548e+006 +2.1920e+000 +1.7644e+000 -4.0661e+000 +3.6352e+000 -3.5959e+000
2 0 +3.612900905e+004 +3.614266905e+004 +3.614266905e+004 -3.4445e+000 +9.2174e-001 +2.9140e+000 +2.1592e-001 -1.7230e+000
22 0 +4.490749770e+003 +4.504409770e+003 +4.504409770e+003 -8.0133e-001 +1.2434e+000 +1.4095e+000 +3.0995e+000 -1.2200e-001
94 0 +2.630117823e+002 +2.766717823e+002 +2.766717823e+002 -1.6163e+000 +4.3800e-001 -6.1775e-001 +1.1278e+000 -3.0528e+000
116 0 +1.589891686e+002 +1.726491686e+002 +1.726491686e+002 +2.7764e+000 +2.6257e+000 -1.7790e+000 +3.9307e+000 +1.2641e+000
266 0 +1.066865610e+002 +1.203465610e+002 +1.203465610e+002 +1.9340e+000 +2.4634e+000 -2.4492e+000 +3.9445e+000 +1.3187e+000
340 0 +5.552048451e+001 +6.918048451e+001 +6.918048451e+001 -1.3208e+000 +1.1578e-002 +4.0912e+000 +6.1570e-001 -4.3198e+000
371 0 +3.711232728e+000 +1.737123273e+001 +1.737123273e+001 -6.3989e-001 +1.0674e+000 +2.7411e+000 +8.9816e-001 -2.5363e+000
693 0 +2.629080097e+000 +1.628908010e+001 +1.628908010e+001 +2.0715e-001 +1.7188e+000 +2.7476e+000 +1.2536e+000 -1.4767e+000
895 0 +1.989486937e+000 +1.564948694e+001 +1.564948694e+001 -5.3342e-002 +2.3742e+000 +3.5436e+000 -6.8483e-001 -1.8751e+000
918 0 +7.977740512e-002 +1.373977741e+001 +1.373977741e+001 +2.0966e-001 +2.1961e+000 +2.5976e+000 +3.4207e-001 -1.4266e+000
1020 0 +7.049462370e-002 +1.373049462e+001 +1.373049462e+001 +3.4587e-001 +2.2482e+000 +2.8209e+000 +3.6508e-001 -1.3744e+000
1059 0 +4.528743566e-002 +1.370528744e+001 +1.370528744e+001 +2.5181e-001 +2.2016e+000 +2.6639e+000 +3.5013e-001 -1.4276e+000
1079 0 +9.116490935e-003 +1.366911649e+001 +1.366911649e+001 +3.6765e-001 +2.2109e+000 +2.6441e+000 +3.9767e-001 -1.4220e+000
1325 0 +6.476071629e-003 +1.366647607e+001 +1.366647607e+001 +4.4388e-001 +2.1902e+000 +2.7028e+000 +3.7188e-001 -1.5133e+000
1391 0 +2.901032843e-003 +1.366290103e+001 +1.366290103e+001 +4.7284e-001 +2.2296e+000 +2.6602e+000 +3.3429e-001 -1.4899e+000
1406 0 +2.472560564e-003 +1.366247256e+001 +1.366247256e+001 +4.5611e-001 +2.2155e+000 +2.6612e+000 +3.3681e-001 -1.5048e+000
1484 0 +5.558867869e-004 +1.366055589e+001 +1.366055589e+001 +4.4438e-001 +2.2187e+000 +2.6686e+000 +3.5633e-001 -1.4775e+000
1566 0 +7.584529668e-005 +1.366007585e+001 +1.366007585e+001 +4.2744e-001 +2.2209e+000 +2.6577e+000 +3.5247e-001 -1.4696e+000
1686 0 +7.149010887e-005 +1.366007149e+001 +1.366007149e+001 +4.2773e-001 +2.2224e+000 +2.6644e+000 +3.5371e-001 -1.4659e+000
1725 0 +3.223869879e-005 +1.366003224e+001 +1.366003224e+001 +4.3003e-001 +2.2232e+000 +2.6637e+000 +3.5198e-001 -1.4671e+000
1773 0 +2.300800910e-005 +1.366002301e+001 +1.366002301e+001 +4.2992e-001 +2.2236e+000 +2.6624e+000 +3.4867e-001 -1.4692e+000
1930 0 +1.284078605e-005 +1.366001284e+001 +1.366001284e+001 +4.2637e-001 +2.2236e+000 +2.6599e+000 +3.4954e-001 -1.4668e+000
1987 0 +6.478566482e-006 +1.366000648e+001 +1.366000648e+001 +4.2758e-001 +2.2250e+000 +2.6607e+000 +3.4943e-001 -1.4651e+000
1997 0 +1.912829484e-006 +1.366000191e+001 +1.366000191e+001 +4.2716e-001 +2.2248e+000 +2.6605e+000 +3.4825e-001 -1.4663e+000
2004 0 +6.256252050e-007 +1.366000063e+001 +1.366000063e+001 +4.2736e-001 +2.2245e+000 +2.6600e+000 +3.4847e-001 -1.4667e+000
2118 0 +1.380595531e-007 +1.366000014e+001 +1.366000014e+001 +4.2703e-001 +2.2241e+000 +2.6600e+000 +3.4880e-001 -1.4670e+000
2120 0 +1.270722105e-007 +1.366000013e+001 +1.366000013e+001 +4.2711e-001 +2.2241e+000 +2.6601e+000 +3.4875e-001 -1.4670e+000
2199 0 +4.769537831e-008 +1.366000005e+001 +1.366000005e+001 +4.2708e-001 +2.2240e+000 +2.6601e+000 +3.4867e-001 -1.4672e+000
2220 0 +3.197846965e-008 +1.366000003e+001 +1.366000003e+001 +4.2725e-001 +2.2240e+000 +2.6601e+000 +3.4876e-001 -1.4672e+000
2306 0 +1.114601211e-008 +1.366000001e+001 +1.366000001e+001 +4.2723e-001 +2.2240e+000 +2.6600e+000 +3.4886e-001 -1.4671e+000
2328 0 +5.091829181e-009 +1.366000001e+001 +1.366000001e+001 +4.2717e-001 +2.2240e+000 +2.6600e+000 +3.4880e-001 -1.4672e+000
% f evaluations | g evaluations | best noise-free fitness - Fopt (9.378400000000e+002) + sum g_i+ | measured fitness | best measured fitness or single-digit g-values | x1 | x2...
1 0 +4.948168880e+006 +4.949106720e+006 +4.949106720e+006 -1.9009e+000 -1.4195e-001 -1.4093e+000 +4.1890e+000 +4.3262e+000
3 0 +6.626907364e+004 +6.720691364e+004 +6.720691364e+004 +3.0110e+000 +3.2121e+000 +2.2573e+000 +4.8772e+000 -1.0656e+000
17 0 +6.656791346e+003 +7.594631346e+003 +7.594631346e+003 +1.9651e+000 -4.8835e+000 +3.8864e+000 -1.0417e+000 -2.4350e+000
64 0 +6.923564869e+002 +1.630196487e+003 +1.630196487e+003 -7.9461e-001 +1.3269e+000 +2.2032e+000 -1.9035e+000 -7.0126e-001
106 0 +6.611324198e+002 +1.598972420e+003 +1.598972420e+003 +1.4938e+000 -1.9816e+000 +5.4022e-001 +8.0745e-001 -1.4641e+000
133 0 +1.197289906e+002 +1.057568991e+003 +1.057568991e+003 +2.2116e+000 +2.8874e+000 +1.9839e+000 +3.4229e+000 -4.9748e-001
212 0 +5.820069543e+001 +9.960406954e+002 +9.960406954e+002 +1.2364e+000 -4.6312e-001 +4.3634e-001 +1.8424e+000 +3.9128e-001
251 0 +5.676809109e+001 +9.946080911e+002 +9.946080911e+002 +6.9917e-001 +9.5535e-001 +1.2764e+000 +5.7934e-001 -6.4474e-001
253 0 +3.402632851e+001 +9.718663285e+002 +9.718663285e+002 +3.0681e+000 +1.9842e+000 +4.8254e+000 +2.9261e+000 -1.8116e+000
278 0 +1.868966500e+001 +9.565296650e+002 +9.565296650e+002 +6.6153e-001 +6.3453e-001 +1.7334e+000 -3.5641e-001 -1.8655e+000
355 0 +1.016139823e+001 +9.480013982e+002 +9.480013982e+002 -1.2567e+000 +2.6817e+000 +1.2619e+000 -2.4888e+000 -1.5944e+000
626 0 +5.458334383e+000 +9.432983344e+002 +9.432983344e+002 -8.7235e-001 +4.8013e+000 +3.9479e+000 -2.0684e+000 -1.6032e+000
695 0 +3.612704350e+000 +9.414527044e+002 +9.414527044e+002 +7.9682e-001 +3.3535e+000 +4.1741e+000 -4.1982e-002 -1.7918e+000
724 0 +2.190359224e+000 +9.400303592e+002 +9.400303592e+002 -2.6720e-001 +2.3966e+000 +4.5931e+000 -1.6073e+000 -8.4692e-001
736 0 +1.480159084e+000 +9.393201591e+002 +9.393201591e+002 -5.2809e-002 +3.7929e+000 +4.8280e+000 -1.1281e+000 -1.2068e+000
788 0 +9.451083265e-001 +9.387851083e+002 +9.387851083e+002 -2.3920e-001 +2.8583e+000 +4.1149e+000 -1.8142e+000 -1.8240e+000
809 0 +8.993985224e-001 +9.387393985e+002 +9.387393985e+002 -2.1961e-001 +3.0700e+000 +4.0568e+000 -1.7848e+000 -1.9733e+000
861 0 +1.624445827e-001 +9.380024446e+002 +9.380024446e+002 -1.6138e-001 +3.6248e+000 +3.7759e+000 -1.2382e+000 -1.5874e+000
892 0 +1.318125314e-001 +9.379718125e+002 +9.379718125e+002 -2.9139e-001 +3.8741e+000 +3.8455e+000 -1.2641e+000 -1.3536e+000
977 0 +6.798685940e-003 +9.378467987e+002 +9.378467987e+002 -2.8588e-001 +3.6342e+000 +3.9565e+000 -1.3383e+000 -1.3164e+000
1099 0 +6.695167064e-003 +9.378466952e+002 +9.378466952e+002 -2.8734e-001 +3.6181e+000 +4.0042e+000 -1.3585e+000 -1.3145e+000
1125 0 +5.893751163e-003 +9.378458938e+002 +9.378458938e+002 -2.8150e-001 +3.5382e+000 +4.0032e+000 -1.3440e+000 -1.2619e+000
1196 0 +1.724999463e-003 +9.378417250e+002 +9.378417250e+002 -2.7567e-001 +3.5571e+000 +3.9981e+000 -1.3519e+000 -1.3064e+000
1358 0 +7.301874167e-004 +9.378407302e+002 +9.378407302e+002 -3.0568e-001 +3.5819e+000 +3.9635e+000 -1.3768e+000 -1.2977e+000
1514 0 +2.753310415e-004 +9.378402753e+002 +9.378402753e+002 -3.0252e-001 +3.5742e+000 +3.9799e+000 -1.3819e+000 -1.3033e+000
1535 0 +3.649951884e-005 +9.378400365e+002 +9.378400365e+002 -2.9800e-001 +3.5779e+000 +3.9807e+000 -1.3751e+000 -1.3053e+000
1629 0 +2.627052959e-005 +9.378400263e+002 +9.378400263e+002 -2.9659e-001 +3.5743e+000 +3.9793e+000 -1.3725e+000 -1.3033e+000
1729 0 +2.530438167e-005 +9.378400253e+002 +9.378400253e+002 -2.9574e-001 +3.5776e+000 +3.9815e+000 -1.3709e+000 -1.3035e+000
1744 0 +7.443233130e-006 +9.378400074e+002 +9.378400074e+002 -2.9714e-001 +3.5763e+000 +3.9779e+000 -1.3728e+000 -1.3043e+000
1828 0 +4.784756470e-006 +9.378400048e+002 +9.378400048e+002 -2.9653e-001 +3.5784e+000 +3.9809e+000 -1.3735e+000 -1.3068e+000
1850 0 +4.523539360e-006 +9.378400045e+002 +9.378400045e+002 -2.9701e-001 +3.5784e+000 +3.9802e+000 -1.3736e+000 -1.3059e+000
2019 0 +1.788516556e-006 +9.378400018e+002 +9.378400018e+002 -2.9634e-001 +3.5776e+000 +3.9798e+000 -1.3725e+000 -1.3057e+000
2035 0 +1.295296101e-006 +9.378400013e+002 +9.378400013e+002 -2.9658e-001 +3.5775e+000 +3.9794e+000 -1.3728e+000 -1.3056e+000
2063 0 +5.232476497e-007 +9.378400005e+002 +9.378400005e+002 -2.9694e-001 +3.5784e+000 +3.9793e+000 -1.3728e+000 -1.3052e+000
2150 0 +1.636346951e-007 +9.378400002e+002 +9.378400002e+002 -2.9687e-001 +3.5781e+000 +3.9789e+000 -1.3728e+000 -1.3055e+000
2192 0 +1.022162905e-007 +9.378400001e+002 +9.378400001e+002 -2.9679e-001 +3.5782e+000 +3.9790e+000 -1.3727e+000 -1.3055e+000
2242 0 +6.368713912e-008 +9.378400001e+002 +9.378400001e+002 -2.9669e-001 +3.5782e+000 +3.9793e+000 -1.3727e+000 -1.3057e+000
2264 0 +4.674359388e-008 +9.378400000e+002 +9.378400000e+002 -2.9672e-001 +3.5783e+000 +3.9793e+000 -1.3727e+000 -1.3056e+000
2514 0 +1.001581040e-008 +9.378400000e+002 +9.378400000e+002 -2.9680e-001 +3.5784e+000 +3.9792e+000 -1.3728e+000 -1.3056e+000
2561 0 +4.912180884e-009 +9.378400000e+002 +9.378400000e+002 -2.9680e-001 +3.5785e+000 +3.9792e+000 -1.3728e+000 -1.3056e+000
% f evaluations | g evaluations | best noise-free fitness - Fopt (-7.872000000000e+001) + sum g_i+ | measured fitness | best measured fitness or single-digit g-values | x1 | x2...
1 0 +5.959614742e+006 +5.959536022e+006 +5.959536022e+006 +3.4983e+000 -4.1101e+000 -1.9193e+000 +1.7780e+000 +4.2553e+000
10 0 +2.152801484e+005 +2.152014284e+005 +2.152014284e+005 -9.5757e-002 +1.4054e+000 +1.2641e+000 +2.4415e+000 -4.5888e+000
18 0 +5.471902804e+003 +5.393182804e+003 +5.393182804e+003 -2.5563e+000 -5.1268e-001 +4.6599e+000 +3.3405e+000 -4.1678e+000
71 0 +3.578133526e+002 +2.790933526e+002 +2.790933526e+002 -3.8388e-001 +4.8756e+000 -1.5915e+000 -1.2329e+000 +9.0639e-001
95 0 +1.149129162e+002 +3.619291622e+001 +3.619291622e+001 -9.9724e-001 -2.4329e+000 +6.1570e-001 +2.1129e+000 -3.8182e+000
101 0 +4.655639742e+001 -3.216360258e+001 -3.216360258e+001 -1.9013e-002 -3.9495e+000 +1.3048e+000 +1.5864e+000 -6.7364e-001
436 0 +2.156037786e+001 -5.715962214e+001 -5.715962214e+001 -5.9675e-002 -1.1758e+000 +7.0492e-001 +1.4967e+000 -2.4398e+000
488 0 +1.894787944e+001 -5.977212056e+001 -5.977212056e+001 -4.4192e-001 -6.5842e-001 -4.9008e-001 +4.5503e-001 -5.5080e-001
604 0 +1.372398131e+001 -6.499601869e+001 -6.499601869e+001 +3.7376e-001 -2.5198e+000 -5.1661e-001 +1.0213e+000 -1.5262e+000
751 0 +1.250434061e+001 -6.621565939e+001 -6.621565939e+001 +1.8426e-001 -1.6496e+000 -1.3723e+000 +1.7245e-001 -9.1475e-002
799 0 +1.057031148e+001 -6.814968852e+001 -6.814968852e+001 +1.2327e+000 -1.2868e+000 -7.7085e-001 +7.5623e-001 -1.5988e+000
832 0 +8.524115208e+000 -7.019588479e+001 -7.019588479e+001 +1.0898e+000 -7.6601e-001 -2.2991e+000 -2.8585e-001 -8.2117e-002
892 0 +3.187040175e+000 -7.553295982e+001 -7.553295982e+001 +2.0177e+000 -5.8605e-001 -1.4796e+000 +2.5110e-001 -1.1093e+000
962 0 +4.751534498e-001 -7.824484655e+001 -7.824484655e+001 +3.5223e+000 -1.2547e+000 -1.3704e+000 +4.9399e-001 -1.5328e+000
1012 0 +5.555280684e-002 -7.866444719e+001 -7.866444719e+001 +3.2763e+000 -1.3152e+000 -2.0942e+000 +3.0969e-001 -1.6541e+000
1076 0 +9.287878369e-003 -7.871071212e+001 -7.871071212e+001 +3.3684e+000 -1.4834e+000 -2.1182e+000 +2.7946e-001 -1.5004e+000
1095 0 +2.688129618e-003 -7.871731187e+001 -7.871731187e+001 +3.3723e+000 -1.4489e+000 -2.0614e+000 +3.0041e-001 -1.5263e+000
1290 0 +1.484799654e-003 -7.871851520e+001 -7.871851520e+001 +3.4297e+000 -1.4063e+000 -2.0759e+000 +2.8644e-001 -1.5210e+000
1395 0 +5.215611177e-004 -7.871947844e+001 -7.871947844e+001 +3.4148e+000 -1.4030e+000 -2.0678e+000 +2.8796e-001 -1.5183e+000
1398 0 +3.090710606e-004 -7.871969093e+001 -7.871969093e+001 +3.4109e+000 -1.4076e+000 -2.0658e+000 +2.8888e-001 -1.5166e+000
1414 0 +2.679056935e-004 -7.871973209e+001 -7.871973209e+001 +3.4156e+000 -1.4097e+000 -2.0645e+000 +2.8701e-001 -1.5083e+000
1548 0 +2.458490698e-004 -7.871975415e+001 -7.871975415e+001 +3.4104e+000 -1.4184e+000 -2.0585e+000 +2.8788e-001 -1.5001e+000
1566 0 +1.193846490e-004 -7.871988062e+001 -7.871988062e+001 +3.4133e+000 -1.4149e+000 -2.0515e+000 +2.9238e-001 -1.5092e+000
1600 0 +7.959852877e-005 -7.871992040e+001 -7.871992040e+001 +3.4077e+000 -1.4193e+000 -2.0582e+000 +2.9404e-001 -1.5192e+000
1626 0 +1.552419407e-005 -7.871998448e+001 -7.871998448e+001 +3.4086e+000 -1.4224e+000 -2.0567e+000 +2.9285e-001 -1.5122e+000
1636 0 +9.642763331e-006 -7.871999036e+001 -7.871999036e+001 +3.4104e+000 -1.4220e+000 -2.0574e+000 +2.9306e-001 -1.5140e+000
1803 0 +3.042531858e-006 -7.871999696e+001 -7.871999696e+001 +3.4116e+000 -1.4223e+000 -2.0567e+000 +2.9290e-001 -1.5126e+000
1810 0 +2.005977166e-006 -7.871999799e+001 -7.871999799e+001 +3.4120e+000 -1.4218e+000 -2.0573e+000 +2.9261e-001 -1.5126e+000
1965 0 +1.323088426e-006 -7.871999868e+001 -7.871999868e+001 +3.4107e+000 -1.4211e+000 -2.0574e+000 +2.9258e-001 -1.5128e+000
1990 0 +4.281098143e-008 -7.871999996e+001 -7.871999996e+001 +3.4110e+000 -1.4215e+000 -2.0576e+000 +2.9279e-001 -1.5136e+000
2306 0 +3.812994009e-008 -7.871999996e+001 -7.871999996e+001 +3.4112e+000 -1.4214e+000 -2.0576e+000 +2.9278e-001 -1.5136e+000
2327 0 +1.572183805e-008 -7.871999998e+001 -7.871999998e+001 +3.4112e+000 -1.4215e+000 -2.0576e+000 +2.9279e-001 -1.5137e+000
2359 0 +8.862826917e-009 -7.871999999e+001 -7.871999999e+001 +3.4112e+000 -1.4215e+000 -2.0576e+000 +2.9280e-001 -1.5136e+000
% f evaluations | g evaluations | best noise-free fitness - Fopt (-4.151000000000e+001) + sum g_i+ | measured fitness | best measured fitness or single-digit g-values | x1 | x2...
1 0 +3.230199681e+005 +3.229784581e+005 +3.229784581e+005 +1.1521e+000 -1.5170e+000 +5.2648e-001 -1.3026e+000 -3.4419e-002
3 0 +1.744095732e+004 +1.739944732e+004 +1.739944732e+004 -1.8228e+000 +5.1318e-001 -3.8302e+000 -3.7904e+000 +7.2978e-001
22 0 +2.423366555e+002 +2.008266555e+002 +2.008266555e+002 -4.1236e-001 +1.5736e+000 +1.8347e+000 -7.9296e-001 -2.5246e-001
23 0 +1.675761666e+002 +1.260661666e+002 +1.260661666e+002 -1.4041e-001 +1.7599e+000 +2.3905e+000 -6.0292e-001 -1.0703e+000
76 0 +3.827208520e+001 -3.237914798e+000 -3.237914798e+000 +6.5547e-002 +1.3421e+000 +1.4525e+000 -9.6653e-001 -1.4143e+000
299 0 +2.366492957e+001 -1.784507043e+001 -1.784507043e+001 +6.7724e-001 +1.5672e+000 -5.2147e-001 +7.1726e-001 -2.5600e+000
631 0 +2.299482186e+001 -1.851517814e+001 -1.851517814e+001 +5.2822e-001 +1.2968e+000 +1.2333e-001 -2.1949e-001 -2.3050e+000
732 0 +1.744634870e+001 -2.406365130e+001 -2.406365130e+001 +9.3335e-002 +3.1057e-001 -9.9124e-001 -2.3061e+000 -1.6000e+000
772 0 +1.683994231e+001 -2.467005769e+001 -2.467005769e+001 +1.0025e-001 +4.2321e-001 -8.3783e-001 -3.0838e+000 -2.9918e+000
774 0 +1.184226321e+001 -2.966773679e+001 -2.966773679e+001 -2.0144e-002 +1.1597e+000 -2.7385e+000 -1.7885e+000 -3.9236e+000
807 0 +6.106112566e+000 -3.540388743e+001 -3.540388743e+001 +8.3478e-001 +5.8493e-001 -2.9840e+000 -8.7379e-001 -3.6576e+000
997 0 +4.797302055e+000 -3.671269795e+001 -3.671269795e+001 +8.0530e-001 +2.3309e-001 -2.9594e+000 -1.6537e+000 -3.6258e+000
1032 0 +4.260722812e+000 -3.724927719e+001 -3.724927719e+001 +9.5655e-001 +1.1995e-001 -2.8883e+000 -1.5479e+000 -3.5654e+000
1110 0 +1.900023297e+000 -3.960997670e+001 -3.960997670e+001 +1.8021e+000 -7.6881e-001 -2.4982e+000 -1.9214e+000 -3.8587e+000
1159 0 +8.873099393e-001 -4.062269006e+001 -4.062269006e+001 +2.5107e+000 -1.2547e+000 -3.2506e+000 -1.6642e+000 -4.6020e+000
1194 0 +1.172814708e-001 -4.139271853e+001 -4.139271853e+001 +2.6012e+000 -1.3433e+000 -3.0885e+000 -1.2398e+000 -3.9267e+000
1195 0 +9.864364752e-002 -4.141135635e+001 -4.141135635e+001 +2.5851e+000 -1.3283e+000 -3.0752e+000 -1.2312e+000 -3.9029e+000
1268 0 +2.432194522e-002 -4.148567805e+001 -4.148567805e+001 +2.4121e+000 -1.1915e+000 -3.1664e+000 -1.2033e+000 -3.7849e+000
1288 0 +1.690893022e-002 -4.149309107e+001 -4.149309107e+001 +2.4065e+000 -1.2147e+000 -3.1631e+000 -1.2535e+000 -3.7689e+000
1319 0 +5.544917548e-003 -4.150445508e+001 -4.150445508e+001 +2.3949e+000 -1.1794e+000 -3.0242e+000 -1.2665e+000 -3.7856e+000
1359 0 +5.138450219e-003 -4.150486155e+001 -4.150486155e+001 +2.3876e+000 -1.1889e+000 -3.1119e+000 -1.2305e+000 -3.7287e+000
1423 0 +4.912813676e-003 -4.150508719e+001 -4.150508719e+001 +2.3685e+000 -1.1782e+000 -3.0493e+000 -1.2645e+000 -3.7186e+000
1428 0 +3.077581752e-003 -4.150692242e+001 -4.150692242e+001 +2.3728e+000 -1.1866e+000 -3.0511e+000 -1.2684e+000 -3.7134e+000
1563 0 +2.041342744e-004 -4.150979587e+001 -4.150979587e+001 +2.4020e+000 -1.2035e+000 -3.0427e+000 -1.2503e+000 -3.7222e+000
1626 0 +5.162848056e-005 -4.150994837e+001 -4.150994837e+001 +2.3982e+000 -1.2078e+000 -3.0500e+000 -1.2606e+000 -3.7165e+000
1713 0 +3.509274501e-005 -4.150996491e+001 -4.150996491e+001 +2.4032e+000 -1.2125e+000 -3.0449e+000 -1.2648e+000 -3.7211e+000
1783 0 +1.622605452e-005 -4.150998377e+001 -4.150998377e+001 +2.3995e+000 -1.2102e+000 -3.0445e+000 -1.2655e+000 -3.7175e+000
1814 0 +1.073090712e-005 -4.150998927e+001 -4.150998927e+001 +2.4007e+000 -1.2104e+000 -3.0446e+000 -1.2649e+000 -3.7196e+000
1883 0 +9.340052742e-006 -4.150999066e+001 -4.150999066e+001 +2.3999e+000 -1.2103e+000 -3.0460e+000 -1.2647e+000 -3.7178e+000
1950 0 +1.262393511e-006 -4.150999874e+001 -4.150999874e+001 +2.4004e+000 -1.2094e+000 -3.0463e+000 -1.2623e+000 -3.7189e+000
2057 0 +1.276615720e-007 -4.150999987e+001 -4.150999987e+001 +2.3998e+000 -1.2087e+000 -3.0455e+000 -1.2626e+000 -3.7192e+000
2228 0 +1.052700682e-007 -4.150999989e+001 -4.150999989e+001 +2.4000e+000 -1.2088e+000 -3.0458e+000 -1.2622e+000 -3.7190e+000
2289 0 +4.399581854e-008 -4.150999996e+001 -4.150999996e+001 +2.4000e+000 -1.2088e+000 -3.0458e+000 -1.2623e+000 -3.7191e+000
2381 0 +1.917259596e-008 -4.150999998e+001 -4.150999998e+001 +2.3999e+000 -1.2088e+000 -3.0456e+000 -1.2624e+000 -3.7191e+000
2393 0 +1.469976496e-008 -4.150999999e+001 -4.150999999e+001 +2.4000e+000 -1.2088e+000 -3.0456e+000 -1.2624e+000 -3.7191e+000
2421 0 +1.105299674e-008 -4.150999999e+001 -4.150999999e+001 +2.4000e+000 -1.2088e+000 -3.0455e+000 -1.2624e+000 -3.7192e+000
2437 0 +7.147114900e-009 -4.150999999e+001 -4.150999999e+001 +2.4000e+000 -1.2088e+000 -3.0456e+000 -1.2624e+000 -3.7192e+000
% f evaluations | g evaluations | best noise-free fitness - Fopt (1.320700000000e+002) + sum g_i+ | measured fitness | best measured fitness or single-digit g-values | x1 | x2...
1 0 +3.489334082e+007 +3.489347289e+007 +3.489347289e+007 +4.4094e+000 -1.4214e+000 +3.3036e+000 +3.5209e+000 +2.1408e-001
2 0 +2.863902858e+007 +2.863916065e+007 +2.863916065e+007 -3.4319e-001 -4.6010e+000 +4.9112e+000 +3.7739e+000 +5.8615e-001
3 0 +3.764333063e+006 +3.764465133e+006 +3.764465133e+006 -1.4425e+000 +4.2489e+000 +3.4297e+000 +1.9070e+000 +3.0229e+000
4 0 +4.070582409e+005 +4.071903109e+005 +4.071903109e+005 +3.8666e+000 -3.6155e+000 +1.9583e+000 -2.7607e+000 -3.9834e+000
10 0 +1.700755825e+004 +1.713962825e+004 +1.713962825e+004 +2.5005e+000 +4.1987e-002 -1.4645e+000 -1.9690e+000 -3.6784e+000
22 0 +2.612437804e+003 +2.744507804e+003 +2.744507804e+003 -1.0749e+000 +3.1285e+000 -3.9037e+000 +2.7734e-001 +2.2993e+000
75 0 +8.233285563e+001 +2.144028556e+002 +2.144028556e+002 -7.0145e-001 +1.1954e+000 -1.9043e+000 -4.9520e-001 +7.4448e-001
254 0 +4.193163159e+001 +1.740016316e+002 +1.740016316e+002 +1.2531e+000 -2.6170e-001 -5.4571e-002 -1.6791e+000 -7.2615e-001
278 0 +2.072282517e+001 +1.527928252e+002 +1.527928252e+002 -1.9499e+000 +2.3092e+000 +5.4554e-001 -2.4936e-001 -1.2837e+000
566 0 +1.538334475e+001 +1.474533447e+002 +1.474533447e+002 -7.6195e-001 +1.9336e+000 +8.2789e-001 -7.0258e-001 -5.1350e-001
730 0 +1.271546253e+001 +1.447854625e+002 +1.447854625e+002 -2.1624e+000 +2.4500e+000 +1.6769e-001 -1.3403e-001 -1.4958e+000
793 0 +1.031831801e+001 +1.423883180e+002 +1.423883180e+002 -1.2180e+000 +2.5264e+000 +5.3483e-001 -3.5531e-001 +5.5183e-001
924 0 +5.256093049e+000 +1.373260930e+002 +1.373260930e+002 -1.9516e+000 +3.8986e+000 +1.0446e+000 +6.2714e-002 +4.1900e-001
1005 0 +3.047559875e+000 +1.351175599e+002 +1.351175599e+002 -2.8593e+000 +3.2041e+000 +1.5407e+000 +1.9279e-001 +6.8596e-002
1024 0 +2.728682420e+000 +1.347986824e+002 +1.347986824e+002 -2.1139e+000 +3.5636e+000 +1.5575e+000 +1.3603e-002 +3.8690e-001
1074 0 +1.303850528e+000 +1.333738505e+002 +1.333738505e+002 -1.8750e+000 +3.5987e+000 +2.1675e+000 -1.4181e-001 +4.3091e-002
1088 0 +1.183844925e+000 +1.332538449e+002 +1.332538449e+002 -1.6338e+000 +3.9066e+000 +3.0902e+000 -2.7353e-001 -1.2308e-001
1140 0 +3.298493608e-002 +1.321029849e+002 +1.321029849e+002 -2.4979e+000 +3.6836e+000 +3.1947e+000 -4.8957e-003 +1.6054e-001
1191 0 +2.854843852e-002 +1.320985484e+002 +1.320985484e+002 -2.5488e+000 +3.7782e+000 +3.1170e+000 +2.5422e-002 -6.3105e-004
1211 0 +1.607150940e-002 +1.320860715e+002 +1.320860715e+002 -2.5047e+000 +3.8258e+000 +3.0747e+000 +2.3953e-002 +3.0810e-002
1262 0 +1.391442300e-002 +1.320839144e+002 +1.320839144e+002 -2.4889e+000 +3.8668e+000 +3.0317e+000 +3.0852e-002 +5.7284e-002
1350 0 +1.363779246e-002 +1.320836378e+002 +1.320836378e+002 -2.5101e+000 +3.8296e+000 +3.0679e+000 +2.5003e-002 -1.0540e-003
1396 0 +2.175797496e-003 +1.320721758e+002 +1.320721758e+002 -2.4755e+000 +3.7938e+000 +3.0744e+000 +9.8033e-003 +4.9538e-002
1626 0 +6.010881583e-004 +1.320706011e+002 +1.320706011e+002 -2.4742e+000 +3.7743e+000 +3.0885e+000 +6.0485e-003 +6.8678e-002
1634 0 +5.453011567e-004 +1.320705453e+002 +1.320705453e+002 -2.4717e+000 +3.7672e+000 +3.0804e+000 +5.1389e-003 +7.4208e-002
1659 0 +5.351069061e-005 +1.320700535e+002 +1.320700535e+002 -2.4858e+000 +3.7758e+000 +3.0762e+000 +1.2455e-002 +8.4885e-002
1666 0 +3.391874492e-005 +1.320700339e+002 +1.320700339e+002 -2.4843e+000 +3.7724e+000 +3.0729e+000 +1.1726e-002 +8.5571e-002
1835 0 +2.689202654e-005 +1.320700269e+002 +1.320700269e+002 -2.4794e+000 +3.7746e+000 +3.0756e+000 +1.0218e-002 +8.6424e-002
1837 0 +1.960474475e-005 +1.320700196e+002 +1.320700196e+002 -2.4813e+000 +3.7766e+000 +3.0781e+000 +1.1001e-002 +8.6935e-002
1873 0 +1.889892940e-005 +1.320700189e+002 +1.320700189e+002 -2.4814e+000 +3.7789e+000 +3.0751e+000 +1.1633e-002 +8.6388e-002
1951 0 +9.092703721e-006 +1.320700091e+002 +1.320700091e+002 -2.4803e+000 +3.7764e+000 +3.0729e+000 +1.1087e-002 +8.6892e-002
1963 0 +7.400736450e-006 +1.320700074e+002 +1.320700074e+002 -2.4836e+000 +3.7752e+000 +3.0766e+000 +1.1732e-002 +8.7621e-002
2042 0 +6.256648902e-006 +1.320700063e+002 +1.320700063e+002 -2.4816e+000 +3.7732e+000 +3.0738e+000 +1.1004e-002 +8.7933e-002
2073 0 +2.624100944e-006 +1.320700026e+002 +1.320700026e+002 -2.4810e+000 +3.7746e+000 +3.0756e+000 +1.0848e-002 +8.7624e-002
2096 0 +1.674639549e-006 +1.320700017e+002 +1.320700017e+002 -2.4816e+000 +3.7747e+000 +3.0744e+000 +1.1156e-002 +8.7429e-002
2101 0 +6.343653070e-007 +1.320700006e+002 +1.320700006e+002 -2.4816e+000 +3.7748e+000 +3.0750e+000 +1.1152e-002 +8.7767e-002
2166 0 +1.314525662e-007 +1.320700001e+002 +1.320700001e+002 -2.4816e+000 +3.7750e+000 +3.0752e+000 +1.1158e-002 +8.8175e-002
2240 0 +1.248044157e-007 +1.320700001e+002 +1.320700001e+002 -2.4814e+000 +3.7751e+000 +3.0754e+000 +1.1078e-002 +8.7936e-002
2287 0 +9.975369153e-008 +1.320700001e+002 +1.320700001e+002 -2.4815e+000 +3.7751e+000 +3.0751e+000 +1.1140e-002 +8.7759e-002
2517 0 +6.456698998e-008 +1.320700001e+002 +1.320700001e+002 -2.4817e+000 +3.7752e+000 +3.0750e+000 +1.1256e-002 +8.8114e-002
2527 0 +3.126129400e-008 +1.320700000e+002 +1.320700000e+002 -2.4816e+000 +3.7752e+000 +3.0750e+000 +1.1214e-002 +8.8057e-002
2552 0 +4.948674359e-009 +1.320700000e+002 +1.320700000e+002 -2.4816e+000 +3.7752e+000 +3.0752e+000 +1.1194e-002 +8.7966e-002
% f evaluations | g evaluations | best noise-free fitness - Fopt (9.725000000000e+001) + sum g_i+ | measured fitness | best measured fitness or single-digit g-values | x1 | x2...
1 0 +5.869184378e+006 +5.869281628e+006 +5.869281628e+006 -5.6213e-001 +1.5400e+000 -1.4470e+000 -3.5893e+000 +7.2275e-001
4 0 +3.938342921e+006 +3.938440171e+006 +3.938440171e+006 +1.6883e+000 -2.4802e+000 +1.1584e+000 +4.1810e+000 -2.1834e+000
5 0 +1.923347808e+006 +1.923445058e+006 +1.923445058e+006 +3.1336e+000 +3.1389e+000 -3.9577e+000 -9.7349e-001 +6.2412e-001
8 0 +5.812179902e+005 +5.813152402e+005 +5.813152402e+005 -3.0925e+000 -2.9921e+000 -4.1876e+000 +4.1078e+000 +3.4275e+000
14 0 +3.500838172e+003 +3.598088172e+003 +3.598088172e+003 -5.4799e-001 +3.5418e-001 -1.5833e+000 +3.8350e+000 -1.1585e+000
23 0 +6.225025714e+001 +1.595002571e+002 +1.595002571e+002 +2.8671e+000 -6.6919e-001 -9.6318e-002 +2.1555e+000 +1.5280e+000
210 0 +1.759159135e+001 +1.148415913e+002 +1.148415913e+002 +1.0320e+000 +6.5143e-001 +2.1646e+000 +1.3327e+000 +2.3459e+000
322 0 +1.480880190e+001 +1.120588019e+002 +1.120588019e+002 +2.3539e+000 -1.1954e+000 +2.3570e-001 +2.3788e+000 +2.7164e+000
410 0 +8.967542906e+000 +1.062175429e+002 +1.062175429e+002 +1.3529e+000 +4.2451e-001 +1.5904e+000 +1.2547e+000 +2.4477e+000
621 0 +7.380978582e+000 +1.046309786e+002 +1.046309786e+002 +1.8468e+000 +5.5030e-001 +8.1971e-001 +1.5497e+000 +1.0850e+000
724 0 +3.217050735e+000 +1.004670507e+002 +1.004670507e+002 +1.3970e+000 +2.6712e-001 +1.3468e-001 +1.0987e+000 +2.3964e+000
932 0 +2.171687059e+000 +9.942168706e+001 +9.942168706e+001 +1.6028e+000 +7.3160e-001 +8.7044e-001 +6.0937e-001 +2.3674e+000
937 0 +8.628416802e-001 +9.811284168e+001 +9.811284168e+001 +1.1912e+000 +9.2131e-001 +8.5730e-001 +4.9873e-001 +2.4444e+000
1016 0 +1.517174427e-001 +9.740171744e+001 +9.740171744e+001 +5.3720e-001 +1.0655e+000 +6.0307e-001 +3.5875e-001 +2.7336e+000
1035 0 +6.871000854e-002 +9.731871001e+001 +9.731871001e+001 +4.9121e-001 +1.1226e+000 +4.2315e-001 +4.2861e-002 +3.0683e+000
1063 0 +1.732665000e-002 +9.726732665e+001 +9.726732665e+001 +5.4138e-001 +1.0582e+000 +4.9288e-001 +1.0651e-001 +3.0914e+000
1129 0 +1.042420469e-002 +9.726042420e+001 +9.726042420e+001 +5.9859e-001 +1.1240e+000 +5.3580e-001 +6.9367e-002 +2.9926e+000
1146 0 +4.656558804e-003 +9.725465656e+001 +9.725465656e+001 +5.6568e-001 +1.1074e+000 +5.2184e-001 +9.9648e-002 +2.9971e+000
1203 0 +4.005891457e-004 +9.725040059e+001 +9.725040059e+001 +5.7463e-001 +1.0770e+000 +5.5973e-001 +1.2936e-001 +3.0213e+000
1563 0 +1.534097438e-004 +9.725015341e+001 +9.725015341e+001 +5.8790e-001 +1.0767e+000 +5.4444e-001 +1.3118e-001 +3.0034e+000
1646 0 +5.559846515e-005 +9.725005560e+001 +9.725005560e+001 +5.7383e-001 +1.0755e+000 +5.4531e-001 +1.3778e-001 +3.0061e+000
1649 0 +5.357521168e-005 +9.725005358e+001 +9.725005358e+001 +5.7333e-001 +1.0756e+000 +5.4551e-001 +1.3768e-001 +3.0065e+000
1670 0 +5.153241098e-005 +9.725005153e+001 +9.725005153e+001 +5.7870e-001 +1.0784e+000 +5.4491e-001 +1.3344e-001 +3.0033e+000
1698 0 +2.085524731e-005 +9.725002086e+001 +9.725002086e+001 +5.7576e-001 +1.0780e+000 +5.5051e-001 +1.3398e-001 +3.0076e+000
1772 0 +1.946635005e-005 +9.725001947e+001 +9.725001947e+001 +5.7760e-001 +1.0769e+000 +5.5078e-001 +1.3669e-001 +3.0044e+000
1849 0 +1.826441928e-005 +9.725001826e+001 +9.725001826e+001 +5.8091e-001 +1.0752e+000 +5.5182e-001 +1.3577e-001 +3.0074e+000
1850 0 +1.759589398e-005 +9.725001760e+001 +9.725001760e+001 +5.8087e-001 +1.0752e+000 +5.5179e-001 +1.3575e-001 +3.0074e+000
1854 0 +1.374446097e-005 +9.725001374e+001 +9.725001374e+001 +5.8084e-001 +1.0753e+000 +5.5150e-001 +1.3549e-001 +3.0075e+000
1866 0 +8.494394478e-006 +9.725000849e+001 +9.725000849e+001 +5.8043e-001 +1.0760e+000 +5.5086e-001 +1.3526e-001 +3.0066e+000
1906 0 +1.153384176e-006 +9.725000115e+001 +9.725000115e+001 +5.7896e-001 +1.0756e+000 +5.4899e-001 +1.3513e-001 +3.0078e+000
2000 0 +5.888980468e-007 +9.725000059e+001 +9.725000059e+001 +5.7824e-001 +1.0757e+000 +5.4849e-001 +1.3572e-001 +3.0070e+000
2014 0 +2.607832243e-007 +9.725000026e+001 +9.725000026e+001 +5.7829e-001 +1.0758e+000 +5.4889e-001 +1.3562e-001 +3.0071e+000
2048 0 +1.582817646e-007 +9.725000016e+001 +9.725000016e+001 +5.7871e-001 +1.0759e+000 +5.4902e-001 +1.3528e-001 +3.0072e+000
2068 0 +1.198595925e-007 +9.725000012e+001 +9.725000012e+001 +5.7869e-001 +1.0758e+000 +5.4891e-001 +1.3530e-001 +3.0072e+000
2188 0 +1.090703847e-007 +9.725000011e+001 +9.725000011e+001 +5.7857e-001 +1.0759e+000 +5.4869e-001 +1.3513e-001 +3.0073e+000
2198 0 +9.538521795e-008 +9.725000010e+001 +9.725000010e+001 +5.7848e-001 +1.0760e+000 +5.4878e-001 +1.3513e-001 +3.0073e+000
2319 0 +3.562865913e-008 +9.725000004e+001 +9.725000004e+001 +5.7843e-001 +1.0761e+000 +5.4890e-001 +1.3517e-001 +3.0072e+000
2401 0 +1.370123925e-008 +9.725000001e+001 +9.725000001e+001 +5.7850e-001 +1.0760e+000 +5.4883e-001 +1.3521e-001 +3.0072e+000
2517 0 +1.151633455e-009 +9.725000000e+001 +9.725000000e+001 +5.7841e-001 +1.0760e+000 +5.4882e-001 +1.3521e-001 +3.0072e+000
% f evaluations | g evaluations | best noise-free fitness - Fopt (-2.033000000000e+001) + sum g_i+ | measured fitness | best measured fitness or single-digit g-values | x1 | x2...
1 0 +6.992324791e+004 +6.990291791e+004 +6.990291791e+004 +2.1540e+000 -6.6914e-001 -2.1260e+000 +2.3970e+000 -1.7252e+000
2 0 +9.450165756e+003 +9.429835756e+003 +9.429835756e+003 +1.6728e+000 +1.2005e+000 +1.9621e+000 +2.3441e+000 +5.3053e-002
14 0 +3.682505060e+003 +3.662175060e+003 +3.662175060e+003 +3.3290e+000 +1.8535e+000 +2.9545e+000 +4.0757e+000 +5.4663e-001
22 0 +1.404320876e+003 +1.383990876e+003 +1.383990876e+003 -3.9377e+000 +1.9631e+000 +2.4165e+000 -1.5859e+000 +4.1728e-002
115 0 +1.150991519e+003 +1.130661519e+003 +1.130661519e+003 +1.4149e+000 +1.9334e+000 +1.9259e+000 +2.6167e+000 -2.9833e-001
133 0 +8.330435322e+002 +8.127135322e+002 +8.127135322e+002 +4.1703e+000 -1.5210e+000 +4.8230e-001 +1.4256e+000 +3.9839e+000
160 0 +2.885600019e+002 +2.682300019e+002 +2.682300019e+002 -1.3939e+000 -1.1211e+000 +2.6540e+000 -2.5138e-001 +4.1283e-001
166 0 +1.332350024e+002 +1.129050024e+002 +1.129050024e+002 +4.1483e+000 -1.8203e+000 +4.8940e-001 +2.6995e+000 +1.3273e+000
219 0 +1.213682391e+002 +1.010382391e+002 +1.010382391e+002 +4.2412e+000 -4.9251e+000 +1.5992e+000 +3.2251e+000 +2.1426e-001
280 0 +5.943699600e+001 +3.910699600e+001 +3.910699600e+001 +2.5837e+000 -4.2238e+000 +1.7621e+000 +2.9640e+000 -1.4026e+000
420 0 +5.085256144e+001 +3.052256144e+001 +3.052256144e+001 +8.3166e-001 +4.3022e-001 +2.1131e-002 +3.4464e-001 +1.3038e+000
483 0 +2.525751855e+001 +4.927518548e+000 +4.927518548e+000 +2.7567e+000 -3.1197e-001 +1.3331e+000 +9.2934e-001 +3.6975e+000
498 0 +1.843925381e+001 -1.890746194e+000 -1.890746194e+000 +1.3648e+000 +2.1833e-001 +1.0577e+000 +1.6495e+000 +2.3576e-001
716 0 +1.666199794e+001 -3.668002062e+000 -3.668002062e+000 +2.7238e+000 +2.0430e-001 +2.0914e-002 +1.7871e+000 +1.3082e+000
833 0 +1.455232777e+001 -5.777672235e+000 -5.777672235e+000 +4.5313e+000 -4.0763e-001 +5.1057e-001 +2.2170e+000 +3.3189e+000
863 0 +1.196808830e+001 -8.361911701e+000 -8.361911701e+000 +3.2550e+000 +1.6217e+000 -7.0970e-001 +2.1435e+000 +1.3815e+000
883 0 +4.714971179e+000 -1.561502882e+001 -1.561502882e+001 +4.5866e+000 +1.0551e+000 +1.2478e+000 +2.9308e+000 +3.0168e+000
901 0 +4.149740393e+000 -1.618025961e+001 -1.618025961e+001 +4.3972e+000 +1.0084e+000 +1.2334e+000 +2.9229e+000 +2.7237e+000
902 0 +4.002451038e+000 -1.632754896e+001 -1.632754896e+001 +4.3543e+000 +1.0795e+000 +1.0659e+000 +2.8891e+000 +2.6339e+000
959 0 +1.037504431e+000 -1.929249557e+001 -1.929249557e+001 +4.2545e+000 +2.0482e+000 +1.1143e+000 +3.3557e+000 +1.9453e+000
1042 0 +4.673170298e-001 -1.986268297e+001 -1.986268297e+001 +3.8013e+000 +2.3745e+000 +1.4494e+000 +2.9952e+000 +2.2858e+000
1089 0 +3.792850626e-001 -1.995071494e+001 -1.995071494e+001 +4.0223e+000 +2.2626e+000 +1.6497e+000 +3.1490e+000 +2.4225e+000
1104 0 +2.514001529e-001 -2.007859985e+001 -2.007859985e+001 +3.8088e+000 +2.4670e+000 +1.6800e+000 +3.0916e+000 +2.2990e+000
1148 0 +7.325596522e-002 -2.025674403e+001 -2.025674403e+001 +4.0622e+000 +2.4761e+000 +1.8950e+000 +3.4671e+000 +2.1119e+000
1192 0 +5.268227927e-002 -2.027731772e+001 -2.027731772e+001 +4.0675e+000 +2.5720e+000 +2.0213e+000 +3.5394e+000 +2.0983e+000
1253 0 +2.461472737e-002 -2.030538527e+001 -2.030538527e+001 +3.9541e+000 +2.5125e+000 +1.9736e+000 +3.4392e+000 +2.0680e+000
1296 0 +2.351027857e-003 -2.032764897e+001 -2.032764897e+001 +3.9315e+000 +2.5162e+000 +1.9401e+000 +3.4099e+000 +2.0684e+000
1410 0 +1.691953128e-003 -2.032830805e+001 -2.032830805e+001 +3.9281e+000 +2.4618e+000 +1.9335e+000 +3.4048e+000 +2.0509e+000
1454 0 +9.709414588e-004 -2.032902906e+001 -2.032902906e+001 +3.9171e+000 +2.4797e+000 +1.9427e+000 +3.4153e+000 +2.0262e+000
1483 0 +3.998751264e-004 -2.032960012e+001 -2.032960012e+001 +3.9276e+000 +2.4939e+000 +1.9485e+000 +3.4225e+000 +2.0368e+000
1552 0 +7.978132440e-005 -2.032992022e+001 -2.032992022e+001 +3.9235e+000 +2.4948e+000 +1.9348e+000 +3.4100e+000 +2.0456e+000
1608 0 +4.403951631e-005 -2.032995596e+001 -2.032995596e+001 +3.9291e+000 +2.5011e+000 +1.9356e+000 +3.4169e+000 +2.0435e+000
1859 0 +2.720951457e-005 -2.032997279e+001 -2.032997279e+001 +3.9243e+000 +2.4984e+000 +1.9358e+000 +3.4124e+000 +2.0440e+000
1889 0 +1.123911462e-005 -2.032998876e+001 -2.032998876e+001 +3.9256e+000 +2.4997e+000 +1.9356e+000 +3.4133e+000 +2.0445e+000
1951 0 +4.011906540e-006 -2.032999599e+001 -2.032999599e+001 +3.9266e+000 +2.5008e+000 +1.9370e+000 +3.4139e+000 +2.0463e+000
1961 0 +3.278037862e-006 -2.032999672e+001 -2.032999672e+001 +3.9270e+000 +2.5005e+000 +1.9373e+000 +3.4141e+000 +2.0465e+000
2008 0 +2.313064055e-006 -2.032999769e+001 -2.032999769e+001 +3.9292e+000 +2.4998e+000 +1.9355e+000 +3.4149e+000 +2.0467e+000
2032 0 +7.600196312e-007 -2.032999924e+001 -2.032999924e+001 +3.9282e+000 +2.4994e+000 +1.9361e+000 +3.4147e+000 +2.0459e+000
2068 0 +5.682379509e-007 -2.032999943e+001 -2.032999943e+001 +3.9277e+000 +2.4996e+000 +1.9363e+000 +3.4144e+000 +2.0460e+000
2142 0 +1.851162210e-007 -2.032999981e+001 -2.032999981e+001 +3.9280e+000 +2.4998e+000 +1.9357e+000 +3.4144e+000 +2.0463e+000
2325 0 +1.597030987e-007 -2.032999984e+001 -2.032999984e+001 +3.9279e+000 +2.5000e+000 +1.9360e+000 +3.4142e+000 +2.0466e+000
2336 0 +4.512444463e-008 -2.032999995e+001 -2.032999995e+001 +3.9280e+000 +2.4998e+000 +1.9359e+000 +3.4144e+000 +2.0463e+000
2542 0 +2.156021139e-008 -2.032999998e+001 -2.032999998e+001 +3.9279e+000 +2.5001e+000 +1.9359e+000 +3.4143e+000 +2.0464e+000
2570 0 +9.523887456e-009 -2.032999999e+001 -2.032999999e+001 +3.9280e+000 +2.5001e+000 +1.9361e+000 +3.4144e+000 +2.0464e+000
% f evaluations | g evaluations | best noise-free fitness - Fopt (9.431000000000e+001) + sum g_i+ | measured fitness | best measured fitness or single-digit g-values | x1 | x2...
1 0 +4.916375893e+004 +4.925806893e+004 +4.925806893e+004 +4.2976e+000 +1.6135e-001 -4.7269e-001 -1.3386e+000 +3.9609e+000
5 0 +7.764710021e+002 +8.707810021e+002 +8.707810021e+002 +3.1133e+000 -1.3055e+000 -2.5424e+000 -1.0938e+000 +1.7506e+000
92 0 +6.826691359e+002 +7.769791359e+002 +7.769791359e+002 -2.7310e+000 -8.9271e-001 -1.6184e+000 -3.4660e-001 -8.8762e-001
131 0 +1.700947482e+002 +2.644047482e+002 +2.644047482e+002 +1.1224e+000 +2.6206e+000 +1.3077e+000 +5.6755e-001 +1.1795e+000
175 0 +7.158476305e+001 +1.658947630e+002 +1.658947630e+002 -1.0137e-001 +1.7401e+000 +3.1783e-001 -1.6664e-001 -6.4814e-001
264 0 +6.867281947e+001 +1.629828195e+002 +1.629828195e+002 -2.8011e-001 +1.8605e+000 -7.7911e-001 +9.9703e-001 -1.6672e+000
272 0 +5.929033175e+001 +1.536003318e+002 +1.536003318e+002 -2.7376e+000 -1.1885e+000 -1.0626e+000 -1.6009e-001 +1.1952e+000
375 0 +5.175821283e+001 +1.460682128e+002 +1.460682128e+002 -2.2380e+000 +2.6836e-001 -9.4377e-001 +8.3998e-001 -1.2967e-001
640 0 +3.857306485e+001 +1.328830648e+002 +1.328830648e+002 -2.9489e+000 +1.2288e+000 -2.5046e-001 +1.9515e+000 -1.2165e-002
677 0 +3.703163623e+001 +1.313416362e+002 +1.313416362e+002 -9.6439e-001 +1.0838e+000 -9.1779e-002 +1.0752e+000 +9.9722e-001
705 0 +1.307198346e+001 +1.073819835e+002 +1.073819835e+002 -8.7873e-001 +2.8102e+000 +3.7324e+000 +1.1661e-001 +3.3995e+000
757 0 +1.211152498e+001 +1.064215250e+002 +1.064215250e+002 -4.6780e+000 +1.5307e+000 +3.7024e+000 -4.1876e-001 +2.5718e+000
807 0 +1.186746880e+001 +1.061774688e+002 +1.061774688e+002 -4.5880e+000 +1.3569e+000 +3.4135e+000 -2.8798e-001 +2.6402e+000
824 0 +6.356711596e+000 +1.006667116e+002 +1.006667116e+002 -1.6887e+000 +2.9775e+000 +3.9411e+000 +7.5570e-001 +3.6551e+000
866 0 +5.104068251e+000 +9.941406825e+001 +9.941406825e+001 -4.0060e+000 +2.1055e+000 +3.3729e+000 +7.0839e-001 +2.6494e+000
902 0 +4.196270580e+000 +9.850627058e+001 +9.850627058e+001 -3.9218e+000 +2.1002e+000 +3.2545e+000 +1.0975e+000 +3.0106e+000
920 0 +4.888116126e-001 +9.479881161e+001 +9.479881161e+001 -3.7344e+000 +3.2474e+000 +3.8772e+000 +2.1171e+000 +3.1553e+000
962 0 +6.745826455e-002 +9.437745826e+001 +9.437745826e+001 -3.7743e+000 +3.1421e+000 +4.0004e+000 +2.3642e+000 +3.9308e+000
982 0 +2.752790621e-002 +9.433752791e+001 +9.433752791e+001 -3.7193e+000 +3.1197e+000 +4.0078e+000 +2.1655e+000 +3.7742e+000
1084 0 +2.362909328e-002 +9.433362909e+001 +9.433362909e+001 -3.7892e+000 +3.0125e+000 +3.9763e+000 +2.1635e+000 +3.8969e+000
1105 0 +1.001714243e-002 +9.432001714e+001 +9.432001714e+001 -3.8420e+000 +3.0041e+000 +3.9524e+000 +2.1325e+000 +3.7871e+000
1107 0 +9.749436735e-003 +9.431974944e+001 +9.431974944e+001 -3.8394e+000 +3.0033e+000 +3.9506e+000 +2.1344e+000 +3.7900e+000
1157 0 +7.862351114e-003 +9.431786235e+001 +9.431786235e+001 -3.7905e+000 +3.0604e+000 +3.9454e+000 +2.1776e+000 +3.7461e+000
1162 0 +4.309226077e-003 +9.431430923e+001 +9.431430923e+001 -3.8123e+000 +3.0508e+000 +3.9451e+000 +2.1710e+000 +3.7416e+000
1256 0 +3.650766973e-003 +9.431365077e+001 +9.431365077e+001 -3.8301e+000 +3.0682e+000 +3.9273e+000 +2.2371e+000 +3.7418e+000
1276 0 +2.566162052e-003 +9.431256616e+001 +9.431256616e+001 -3.8572e+000 +3.0364e+000 +3.9179e+000 +2.2196e+000 +3.7509e+000
1412 0 +1.755638756e-003 +9.431175564e+001 +9.431175564e+001 -3.8402e+000 +3.0329e+000 +3.9208e+000 +2.2126e+000 +3.7683e+000
1425 0 +1.641043060e-003 +9.431164104e+001 +9.431164104e+001 -3.8265e+000 +3.0515e+000 +3.9445e+000 +2.2230e+000 +3.7972e+000
1460 0 +6.053919253e-004 +9.431060539e+001 +9.431060539e+001 -3.8319e+000 +3.0541e+000 +3.9417e+000 +2.2017e+000 +3.7535e+000
1477 0 +3.447710788e-004 +9.431034477e+001 +9.431034477e+001 -3.8225e+000 +3.0602e+000 +3.9451e+000 +2.2061e+000 +3.7594e+000
1515 0 +8.820598877e-005 +9.431008821e+001 +9.431008821e+001 -3.8289e+000 +3.0520e+000 +3.9455e+000 +2.2059e+000 +3.7735e+000
1542 0 +8.570534467e-005 +9.431008571e+001 +9.431008571e+001 -3.8228e+000 +3.0479e+000 +3.9398e+000 +2.2069e+000 +3.7775e+000
1573 0 +1.565544643e-005 +9.431001566e+001 +9.431001566e+001 -3.8268e+000 +3.0522e+000 +3.9426e+000 +2.2103e+000 +3.7748e+000
1691 0 +1.087213890e-005 +9.431001087e+001 +9.431001087e+001 -3.8261e+000 +3.0529e+000 +3.9420e+000 +2.2110e+000 +3.7737e+000
1821 0 +4.345144220e-006 +9.431000435e+001 +9.431000435e+001 -3.8251e+000 +3.0535e+000 +3.9413e+000 +2.2133e+000 +3.7745e+000
1853 0 +3.823799105e-006 +9.431000382e+001 +9.431000382e+001 -3.8271e+000 +3.0528e+000 +3.9421e+000 +2.2116e+000 +3.7741e+000
1995 0 +1.166298176e-006 +9.431000117e+001 +9.431000117e+001 -3.8267e+000 +3.0530e+000 +3.9415e+000 +2.2122e+000 +3.7736e+000
2061 0 +4.444254387e-007 +9.431000044e+001 +9.431000044e+001 -3.8262e+000 +3.0532e+000 +3.9412e+000 +2.2129e+000 +3.7738e+000
2092 0 +1.933265992e-008 +9.431000002e+001 +9.431000002e+001 -3.8265e+000 +3.0527e+000 +3.9407e+000 +2.2128e+000 +3.7736e+000
2427 0 +8.038583132e-009 +9.431000001e+001 +9.431000001e+001 -3.8264e+000 +3.0528e+000 +3.9408e+000 +2.2129e+000 +3.7736e+000
% f evaluations | g evaluations | best noise-free fitness - Fopt (-1.436900000000e+002) + sum g_i+ | measured fitness | best measured fitness or single-digit g-values | x1 | x2...
1 0 +1.863727280e+007 +1.863712911e+007 +1.863712911e+007 +4.4195e+000 -3.5012e+000 +2.8259e+000 +2.8296e-001 +4.4276e+000
2 0 +4.857993973e+006 +4.857850283e+006 +4.857850283e+006 -3.1895e+000 +4.1312e+000 -2.9312e+000 +1.7713e+000 -2.3078e+000
4 0 +2.252691017e+006 +2.252547327e+006 +2.252547327e+006 -4.0557e+000 +5.6867e-001 +2.8040e+000 +2.4900e+000 -8.4156e-001
9 0 +3.103269144e+003 +2.959579144e+003 +2.959579144e+003 +4.1240e-001 +1.8555e+000 +4.9717e+000 +2.0326e+000 -1.6539e-001
51 0 +2.342785862e+003 +2.199095862e+003 +2.199095862e+003 -1.4988e-001 -8.4377e-001 -2.8053e+000 +2.1676e+000 +7.0014e-001
59 0 +4.565006233e+002 +3.128106233e+002 +3.128106233e+002 -1.3072e+000 -1.1917e+000 +1.8857e+000 +9.7893e-001 +3.2813e-001
100 0 +4.074008635e+002 +2.637108635e+002 +2.637108635e+002 -3.3197e+000 +4.5581e-001 +1.5958e+000 -2.6493e+000 -1.0580e+000
250 0 +2.009825381e+002 +5.729253810e+001 +5.729253810e+001 -2.9007e+000 +1.3817e-001 +1.1282e+000 -2.6841e+000 -1.0580e+000
291 0 +1.867409169e+002 +4.305091685e+001 +4.305091685e+001 -2.1826e+000 +3.1985e+000 +1.7537e+000 +1.5986e+000 -1.7645e-001
316 0 +8.306053379e+001 -6.062946621e+001 -6.062946621e+001 -2.1487e+000 -9.3808e-001 -2.4412e-001 +2.2341e+000 +9.8363e-001
336 0 +6.332571730e+001 -8.036428270e+001 -8.036428270e+001 -6.8057e-001 +6.7066e-001 -2.7216e+000 -4.2925e-002 -3.3198e-001
339 0 +4.078551425e+001 -1.029044857e+002 -1.029044857e+002 -2.5051e+000 +1.7485e+000 +1.2302e-001 +2.3049e+000 +5.1129e-001
350 0 +8.262611862e+000 -1.354273881e+002 -1.354273881e+002 -7.8874e-001 -6.8402e-001 +5.8043e-001 -1.8117e+000 -8.5718e-001
704 0 +6.146114429e+000 -1.375438856e+002 -1.375438856e+002 -1.4251e+000 -4.5596e-001 +5.3797e-001 -2.8791e+000 -1.2217e+000
829 0 +1.785130554e+000 -1.419048694e+002 -1.419048694e+002 -1.3463e+000 +1.6281e+000 +2.3380e+000 -1.7889e+000 -1.3024e+000
945 0 +1.197578652e-001 -1.435702421e+002 -1.435702421e+002 -1.1926e+000 +5.6674e-001 +2.4283e+000 -2.3584e+000 -1.3348e+000
996 0 +7.561739313e-002 -1.436143826e+002 -1.436143826e+002 -1.3370e+000 +6.4643e-001 +2.3797e+000 -2.4662e+000 -1.3695e+000
1023 0 +5.401894483e-002 -1.436359811e+002 -1.436359811e+002 -1.3858e+000 +6.7216e-001 +2.4630e+000 -2.5087e+000 -1.3872e+000
1071 0 +1.243081296e-002 -1.436775692e+002 -1.436775692e+002 -1.3151e+000 +5.4849e-001 +2.6164e+000 -2.5005e+000 -1.3751e+000
1102 0 +9.679488533e-003 -1.436803205e+002 -1.436803205e+002 -1.3819e+000 +4.9937e-001 +2.6245e+000 -2.5109e+000 -1.3597e+000
1198 0 +8.835890123e-003 -1.436811641e+002 -1.436811641e+002 -1.3142e+000 +5.1611e-001 +2.5646e+000 -2.5127e+000 -1.3713e+000
1205 0 +7.873187512e-003 -1.436821268e+002 -1.436821268e+002 -1.3055e+000 +5.2187e-001 +2.5638e+000 -2.5365e+000 -1.3830e+000
1231 0 +4.943754534e-003 -1.436850562e+002 -1.436850562e+002 -1.3205e+000 +5.2437e-001 +2.5587e+000 -2.5421e+000 -1.3833e+000
1297 0 +9.643851692e-004 -1.436890356e+002 -1.436890356e+002 -1.3422e+000 +5.2586e-001 +2.5287e+000 -2.5259e+000 -1.3730e+000
1336 0 +6.964226256e-005 -1.436899304e+002 -1.436899304e+002 -1.3714e+000 +5.1893e-001 +2.5294e+000 -2.5335e+000 -1.3703e+000
1437 0 +6.502842811e-005 -1.436899350e+002 -1.436899350e+002 -1.3706e+000 +5.2248e-001 +2.5232e+000 -2.5298e+000 -1.3694e+000
1472 0 +7.050682569e-006 -1.436899929e+002 -1.436899929e+002 -1.3705e+000 +5.1993e-001 +2.5268e+000 -2.5276e+000 -1.3682e+000
1762 0 +3.363771981e-006 -1.436899966e+002 -1.436899966e+002 -1.3724e+000 +5.1923e-001 +2.5268e+000 -2.5250e+000 -1.3668e+000
1821 0 +1.363504282e-006 -1.436899986e+002 -1.436899986e+002 -1.3720e+000 +5.1939e-001 +2.5265e+000 -2.5267e+000 -1.3675e+000
1833 0 +2.892594466e-007 -1.436899997e+002 -1.436899997e+002 -1.3723e+000 +5.1869e-001 +2.5265e+000 -2.5266e+000 -1.3673e+000
1854 0 +1.250483592e-007 -1.436899999e+002 -1.436899999e+002 -1.3719e+000 +5.1826e-001 +2.5263e+000 -2.5267e+000 -1.3673e+000
2003 0 +7.684067782e-008 -1.436899999e+002 -1.436899999e+002 -1.3722e+000 +5.1826e-001 +2.5265e+000 -2.5264e+000 -1.3672e+000
2023 0 +5.395628477e-008 -1.436899999e+002 -1.436899999e+002 -1.3722e+000 +5.1830e-001 +2.5263e+000 -2.5264e+000 -1.3671e+000
2098 0 +2.884442551e-008 -1.436900000e+002 -1.436900000e+002 -1.3720e+000 +5.1828e-001 +2.5263e+000 -2.5264e+000 -1.3672e+000
2165 0 +1.449004117e-008 -1.436900000e+002 -1.436900000e+002 -1.3720e+000 +5.1841e-001 +2.5264e+000 -2.5265e+000 -1.3672e+000
2250 0 +7.297387583e-009 -1.436900000e+002 -1.436900000e+002 -1.3720e+000 +5.1838e-001 +2.5263e+000 -2.5264e+000 -1.3672e+000
% f evaluations | g evaluations | best noise-free fitness - Fopt (-3.533800000000e+002) + sum g_i+ | measured fitness | best measured fitness or single-digit g-values | x1 | x2...
1 0 +1.272562841e+006 +1.272209461e+006 +1.272209461e+006 -2.7553e+000 -1.3979e+000 +3.1998e+000 -2.7274e+000 +3.3339e+000
22 0 +7.712129634e+004 +7.676791634e+004 +7.676791634e+004 -2.2988e+000 +2.3802e+000 +2.8779e+000 -1.7991e+000 +2.5797e+000
23 0 +2.765071056e+003 +2.411691056e+003 +2.411691056e+003 -6.3892e-001 +1.8716e+000 +6.9439e-001 -4.9347e+000 +9.9918e-001
30 0 +6.795037379e+002 +3.261237379e+002 +3.261237379e+002 -3.3047e+000 +3.4967e+000 +4.1581e-001 -1.0252e+000 +3.3148e+000
157 0 +1.666841947e+002 -1.866958053e+002 -1.866958053e+002 -2.9957e+000 +4.5812e-001 +4.8955e-001 -7.8319e-001 +4.9800e+000
207 0 +5.327615721e+001 -3.001038428e+002 -3.001038428e+002 -3.0254e+000 +9.9693e-001 +2.6522e+000 -1.9531e+000 +1.1201e+000
208 0 +3.720900609e+001 -3.161709939e+002 -3.161709939e+002 -3.0021e+000 +9.8761e-001 +2.7586e+000 -1.9645e+000 +1.0494e+000
427 0 +3.563095040e+001 -3.177490496e+002 -3.177490496e+002 -3.4116e+000 +9.4629e-001 +2.7475e+000 -1.6671e+000 +9.3453e-001
454 0 +2.636927797e+001 -3.270107220e+002 -3.270107220e+002 -3.2761e+000 +2.4326e+000 -3.1979e-001 -3.4664e+000 +1.6568e-001
468 0 +8.635469405e+000 -3.447445306e+002 -3.447445306e+002 -3.2819e+000 +2.2520e+000 +3.2564e-001 -2.1527e+000 +1.8721e+000
483 0 +7.003420542e+000 -3.463765795e+002 -3.463765795e+002 -3.3284e+000 +8.1206e-001 +7.8500e-001 -2.0886e+000 +1.9842e+000
701 0 +4.969431083e+000 -3.484105689e+002 -3.484105689e+002 -3.5463e+000 +2.0243e+000 -3.1804e-001 -1.0238e+000 +3.9366e+000
782 0 +4.436312287e+000 -3.489436877e+002 -3.489436877e+002 -2.4629e+000 +9.9093e-001 +1.7325e+000 -1.6236e+000 +3.2649e+000
805 0 +3.866710220e+000 -3.495132898e+002 -3.495132898e+002 -2.9452e+000 +8.4434e-001 +2.6850e+000 -1.1284e+000 +2.6168e+000
816 0 +3.142913792e+000 -3.502370862e+002 -3.502370862e+002 -3.3022e+000 +9.2286e-001 +2.3932e-001 -1.0657e+000 +4.1299e+000
894 0 +2.269633944e+000 -3.511103661e+002 -3.511103661e+002 -2.8660e+000 +1.4331e+000 +2.2347e+000 -1.1528e+000 +2.8809e+000
929 0 +9.783599825e-001 -3.524016400e+002 -3.524016400e+002 -3.2758e+000 +1.5551e+000 +7.1141e-001 -8.0032e-001 +4.0335e+000
958 0 +6.724044201e-001 -3.527075956e+002 -3.527075956e+002 -3.7299e+000 +2.1428e+000 +1.8544e+000 -1.7073e-001 +3.2709e+000
985 0 +5.325632109e-001 -3.528474368e+002 -3.528474368e+002 -3.7749e+000 +2.0242e+000 +1.5017e+000 -3.9163e-001 +3.1581e+000
1014 0 +3.107453046e-001 -3.530692547e+002 -3.530692547e+002 -3.3606e+000 +1.9036e+000 +1.7887e+000 -3.7601e-001 +3.6261e+000
1126 0 +6.242143767e-003 -3.533737579e+002 -3.533737579e+002 -3.6116e+000 +1.5015e+000 +1.4809e+000 -3.5256e-001 +3.6536e+000
1150 0 +2.433142020e-003 -3.533775669e+002 -3.533775669e+002 -3.6080e+000 +1.5104e+000 +1.5204e+000 -3.2500e-001 +3.6701e+000
1276 0 +1.977453693e-003 -3.533780225e+002 -3.533780225e+002 -3.6035e+000 +1.5117e+000 +1.5085e+000 -3.3189e-001 +3.6747e+000
1372 0 +5.268321174e-004 -3.533794732e+002 -3.533794732e+002 -3.6199e+000 +1.5138e+000 +1.5242e+000 -3.2933e-001 +3.6404e+000
1424 0 +2.101952473e-004 -3.533797898e+002 -3.533797898e+002 -3.6174e+000 +1.5088e+000 +1.4994e+000 -3.4780e-001 +3.6352e+000
1678 0 +1.562100320e-004 -3.533798438e+002 -3.533798438e+002 -3.6298e+000 +1.5105e+000 +1.5054e+000 -3.3311e-001 +3.6350e+000
1725 0 +9.638545993e-005 -3.533799036e+002 -3.533799036e+002 -3.6206e+000 +1.5055e+000 +1.5008e+000 -3.3974e-001 +3.6435e+000
1759 0 +6.591371363e-005 -3.533799341e+002 -3.533799341e+002 -3.6190e+000 +1.5043e+000 +1.5087e+000 -3.3887e-001 +3.6414e+000
1774 0 +5.294380560e-005 -3.533799471e+002 -3.533799471e+002 -3.6191e+000 +1.5090e+000 +1.5057e+000 -3.3988e-001 +3.6405e+000
1883 0 +2.844019116e-005 -3.533799716e+002 -3.533799716e+002 -3.6261e+000 +1.5062e+000 +1.5062e+000 -3.3613e-001 +3.6364e+000
1888 0 +1.189501000e-005 -3.533799881e+002 -3.533799881e+002 -3.6232e+000 +1.5086e+000 +1.5040e+000 -3.3814e-001 +3.6387e+000
1981 0 +4.957264537e-006 -3.533799950e+002 -3.533799950e+002 -3.6228e+000 +1.5046e+000 +1.5039e+000 -3.3847e-001 +3.6399e+000
2044 0 +1.726238679e-006 -3.533799983e+002 -3.533799983e+002 -3.6239e+000 +1.5057e+000 +1.5039e+000 -3.3724e-001 +3.6401e+000
2088 0 +8.483425518e-007 -3.533799992e+002 -3.533799992e+002 -3.6234e+000 +1.5057e+000 +1.5045e+000 -3.3789e-001 +3.6392e+000
2169 0 +6.634146530e-007 -3.533799993e+002 -3.533799993e+002 -3.6241e+000 +1.5060e+000 +1.5044e+000 -3.3745e-001 +3.6389e+000
2220 0 +2.620333817e-007 -3.533799997e+002 -3.533799997e+002 -3.6240e+000 +1.5056e+000 +1.5037e+000 -3.3788e-001 +3.6390e+000
2222 0 +2.556000140e-007 -3.533799997e+002 -3.533799997e+002 -3.6240e+000 +1.5056e+000 +1.5037e+000 -3.3788e-001 +3.6390e+000
2296 0 +2.405978421e-007 -3.533799998e+002 -3.533799998e+002 -3.6238e+000 +1.5060e+000 +1.5041e+000 -3.3771e-001 +3.6390e+000
2297 0 +2.335147542e-007 -3.533799998e+002 -3.533799998e+002 -3.6239e+000 +1.5060e+000 +1.5041e+000 -3.3770e-001 +3.6391e+000
2315 0 +1.966186005e-007 -3.533799998e+002 -3.533799998e+002 -3.6239e+000 +1.5059e+000 +1.5040e+000 -3.3763e-001 +3.6392e+000
2359 0 +6.471532288e-008 -3.533799999e+002 -3.533799999e+002 -3.6240e+000 +1.5056e+000 +1.5040e+000 -3.3771e-001 +3.6391e+000
2571 0 +1.013034989e-008 -3.533800000e+002 -3.533800000e+002 -3.6240e+000 +1.5056e+000 +1.5040e+000 -3.3758e-001 +3.6393e+000
2605 0 +7.004075542e-009 -3.533800000e+002 -3.533800000e+002 -3.6240e+000 +1.5055e+000 +1.5040e+000 -3.3758e-001 +3.6393e+000
% f evaluations | g evaluations | best noise-free fitness - Fopt (-2.910000000000e+000) + sum g_i+ | measured fitness | best measured fitness or single-digit g-values | x1 | x2...
1 0 +1.721852315e+008 +1.721852286e+008 +1.721852286e+008 -3.6153e+000 -4.8121e+000 -4.8844e+000 +1.6831e+000 +2.5374e+000
2 0 +2.312228270e+007 +2.312227979e+007 +2.312227979e+007 +3.4574e+000 -4.5481e+000 +4.5659e-001 +9.8683e-001 +4.6225e+000
3 0 +6.619354486e+006 +6.619351576e+006 +6.619351576e+006 +3.2860e+000 +4.8825e+000 +4.5893e+000 +3.9359e+000 -3.2431e+000
6 0 +6.409978729e+006 +6.409975819e+006 +6.409975819e+006 +4.3657e+000 +4.3239e+000 +4.6863e+000 -1.3327e+000 -2.3157e+000
7 0 +1.988851496e+005 +1.988822396e+005 +1.988822396e+005 +5.0000e+000 -5.0000e+000 +5.0000e+000 +5.0000e+000 -5.0000e+000
12 0 +1.012983151e+005 +1.012954051e+005 +1.012954051e+005 +3.0036e+000 -1.5856e+000 +4.9511e+000 +5.0000e+000 +9.0685e-001
15 0 +4.206397681e+004 +4.206106681e+004 +4.206106681e+004 +4.3121e+000 -6.1625e-001 +4.3864e+000 -4.1886e+000 +6.8683e-002
56 0 +3.349506362e+004 +3.349215362e+004 +3.349215362e+004 +3.7917e+000 +3.8351e+000 +2.7817e+000 -2.1564e+000 -5.8852e-001
128 0 +2.216721200e+004 +2.216430200e+004 +2.216430200e+004 -1.8459e+000 +4.3377e+000 +4.6009e+000 -3.8701e+000 -1.1199e+000
130 0 +1.868504368e+002 +1.839404368e+002 +1.839404368e+002 +7.0120e-001 +4.1033e+000 +3.2315e+000 -4.7979e-001 -5.0000e+000
172 0 +1.590010169e+002 +1.560910169e+002 +1.560910169e+002 +3.0088e+000 -9.9569e-001 +4.5830e+000 +1.5647e+000 +8.2638e-001
374 0 +2.915261962e+001 +2.624261962e+001 +2.624261962e+001 +3.7573e+000 +1.4865e+000 +3.0408e+000 -1.2686e+000 -4.4147e+000
498 0 +2.074860870e+001 +1.783860870e+001 +1.783860870e+001 +3.5529e+000 -5.2419e-001 +3.8800e+000 +1.9461e+000 -2.1483e+000
539 0 +9.533560975e+000 +6.623560975e+000 +6.623560975e+000 +1.2676e+000 +2.1773e+000 +4.0615e+000 +1.0729e+000 -2.5925e-001
542 0 +8.126935224e+000 +5.216935224e+000 +5.216935224e+000 +1.8180e+000 +1.6628e+000 +4.0036e+000 -6.5918e-002 -1.1798e+000
596 0 +7.051481684e+000 +4.141481684e+000 +4.141481684e+000 +1.5581e+000 +2.7640e+000 +3.7675e+000 -4.4871e-001 -7.7483e-001
742 0 +5.549463079e+000 +2.639463079e+000 +2.639463079e+000 +1.8797e+000 +1.6074e+000 +4.0100e+000 +1.6501e-001 -9.0151e-001
844 0 +4.401994773e+000 +1.491994773e+000 +1.491994773e+000 +1.8750e+000 +1.5986e+000 +4.0602e+000 -6.0566e-002 -5.4217e-001
1027 0 +3.574500715e+000 +6.645007147e-001 +6.645007147e-001 +2.0039e+000 +1.9853e+000 +3.9629e+000 -4.9343e-001 +2.3402e-001
1063 0 +1.674741045e+000 -1.235258955e+000 -1.235258955e+000 +2.8131e+000 +1.7749e+000 +3.6722e+000 -7.4457e-001 -2.8891e-001
1201 0 +7.518106640e-001 -2.158189336e+000 -2.158189336e+000 +3.2059e+000 +1.5342e+000 +3.5741e+000 -4.3907e-001 -3.5753e-001
1360 0 +7.341680989e-001 -2.175831901e+000 -2.175831901e+000 +3.3718e+000 +1.4637e+000 +3.5126e+000 +1.5143e-002 -2.7519e-001
1460 0 +1.994728753e-002 -2.890052712e+000 -2.890052712e+000 +3.7948e+000 +1.8167e+000 +3.2358e+000 -1.4483e-001 -1.0238e-001
1647 0 +7.427014250e-003 -2.902572986e+000 -2.902572986e+000 +3.7480e+000 +1.9327e+000 +3.2174e+000 -1.7795e-001 -7.4676e-002
1674 0 +5.603737995e-003 -2.904396262e+000 -2.904396262e+000 +3.7395e+000 +1.9057e+000 +3.2283e+000 -1.8726e-001 -1.0553e-001
1747 0 +1.567609570e-003 -2.908432390e+000 -2.908432390e+000 +3.7485e+000 +1.9025e+000 +3.2181e+000 -1.0160e-001 -1.3605e-001
1806 0 +1.166802876e-003 -2.908833197e+000 -2.908833197e+000 +3.7399e+000 +1.9021e+000 +3.2222e+000 -1.4655e-001 -1.6020e-001
1983 0 +4.687398224e-004 -2.909531260e+000 -2.909531260e+000 +3.7492e+000 +1.9114e+000 +3.2164e+000 -1.4031e-001 -1.4033e-001
2062 0 +3.245884797e-004 -2.909675412e+000 -2.909675412e+000 +3.7382e+000 +1.9332e+000 +3.2135e+000 -1.4233e-001 -1.3592e-001
2121 0 +1.040605129e-004 -2.909895939e+000 -2.909895939e+000 +3.7287e+000 +1.9272e+000 +3.2192e+000 -1.3582e-001 -1.3586e-001
2137 0 +5.043811636e-005 -2.909949562e+000 -2.909949562e+000 +3.7302e+000 +1.9256e+000 +3.2189e+000 -1.3448e-001 -1.3881e-001
2168 0 +2.235254799e-005 -2.909977647e+000 -2.909977647e+000 +3.7307e+000 +1.9237e+000 +3.2190e+000 -1.3144e-001 -1.4067e-001
2260 0 +5.867459206e-006 -2.909994133e+000 -2.909994133e+000 +3.7340e+000 +1.9215e+000 +3.2184e+000 -1.3126e-001 -1.4168e-001
2467 0 +3.088776562e-006 -2.909996911e+000 -2.909996911e+000 +3.7342e+000 +1.9232e+000 +3.2176e+000 -1.3094e-001 -1.4251e-001
2486 0 +1.982725431e-006 -2.909998017e+000 -2.909998017e+000 +3.7350e+000 +1.9232e+000 +3.2173e+000 -1.3091e-001 -1.4172e-001
2527 0 +1.080314391e-006 -2.909998920e+000 -2.909998920e+000 +3.7342e+000 +1.9225e+000 +3.2179e+000 -1.3037e-001 -1.4146e-001
2530 0 +1.052560350e-006 -2.909998947e+000 -2.909998947e+000 +3.7342e+000 +1.9225e+000 +3.2179e+000 -1.3038e-001 -1.4147e-001
2567 0 +7.989427164e-007 -2.909999201e+000 -2.909999201e+000 +3.7342e+000 +1.9227e+000 +3.2178e+000 -1.3053e-001 -1.4132e-001
2608 0 +3.433133071e-007 -2.909999657e+000 -2.909999657e+000 +3.7342e+000 +1.9229e+000 +3.2178e+000 -1.3011e-001 -1.4100e-001
2620 0 +3.311359249e-007 -2.909999669e+000 -2.909999669e+000 +3.7340e+000 +1.9229e+000 +3.2178e+000 -1.3022e-001 -1.4091e-001
2856 0 +4.652603991e-008 -2.909999953e+000 -2.909999953e+000 +3.7344e+000 +1.9233e+000 +3.2175e+000 -1.3050e-001 -1.4091e-001
2915 0 +4.325994896e-008 -2.909999957e+000 -2.909999957e+000 +3.7344e+000 +1.9233e+000 +3.2176e+000 -1.3027e-001 -1.4073e-001
2973 0 +1.070408473e-008 -2.909999989e+000 -2.909999989e+000 +3.7344e+000 +1.9232e+000 +3.2176e+000 -1.3048e-001 -1.4078e-001
3022 0 +7.513396127e-009 -2.909999992e+000 -2.909999992e+000 +3.7345e+000 +1.9232e+000 +3.2176e+000 -1.3041e-001 -1.4084e-001
% f evaluations | g evaluations | best noise-free fitness - Fopt (-2.970000000000e+000) + sum g_i+ | measured fitness | best measured fitness or single-digit g-values | x1 | x2...
1 0 +2.166023261e+004 +2.165726261e+004 +2.165726261e+004 -2.1525e+000 +4.7779e-001 +2.1558e+000 -3.3946e+000 -3.6204e+000
22 0 +2.089638003e+002 +2.059938003e+002 +2.059938003e+002 -9.6140e-001 -2.8449e+000 +1.6985e+000 -1.2566e+000 -4.1798e-001
23 0 +7.207918785e+001 +6.910918785e+001 +6.910918785e+001 -1.4483e+000 -2.2205e+000 +2.0671e+000 -6.1471e-001 -1.1671e+000
124 0 +3.807780797e+001 +3.510780797e+001 +3.510780797e+001 +2.0172e+000 -6.1095e-001 -3.8807e+000 +1.9343e+000 -1.2629e+000
279 0 +3.491727275e+001 +3.194727275e+001 +3.194727275e+001 -6.8526e-001 -2.1895e-001 -1.5074e+000 -3.4814e+000 -2.2035e+000
380 0 +1.683196784e+001 +1.386196784e+001 +1.386196784e+001 +6.3972e-001 +9.1563e-001 -2.7519e+000 -2.1508e+000 -2.7226e+000
430 0 +1.364526631e+001 +1.067526631e+001 +1.067526631e+001 +1.1565e+000 +6.3197e-001 -4.1768e+000 -1.5459e+000 -2.3032e+000
695 0 +1.149687737e+001 +8.526877373e+000 +8.526877373e+000 +1.5062e+000 -5.8763e-001 -1.9891e+000 +3.5537e-001 -1.4093e+000
725 0 +9.468832611e+000 +6.498832611e+000 +6.498832611e+000 +1.4746e+000 +5.8820e-001 -3.8848e+000 +7.1237e-001 -2.3338e+000
771 0 +7.060231225e+000 +4.090231225e+000 +4.090231225e+000 +1.8332e+000 +5.4292e-001 -4.1485e+000 +3.4272e-001 -2.1370e+000
810 0 +6.403853328e+000 +3.433853328e+000 +3.433853328e+000 +2.3192e+000 +6.7333e-001 -3.5980e+000 +9.5887e-001 -2.1428e+000
893 0 +4.781139881e+000 +1.811139881e+000 +1.811139881e+000 +2.4213e+000 +8.7741e-001 -3.7478e+000 +4.5357e-001 -2.2320e+000
971 0 +4.674018249e+000 +1.704018249e+000 +1.704018249e+000 +2.4260e+000 -7.4156e-002 -2.9105e+000 +2.1199e-001 -1.4667e+000
992 0 +3.786266242e+000 +8.162662416e-001 +8.162662416e-001 +2.7785e+000 +3.0154e-001 -3.9040e+000 +1.3653e-001 -1.6121e+000
1012 0 +2.871052997e+000 -9.894700334e-002 -9.894700334e-002 +2.4703e+000 +8.6716e-001 -3.1568e+000 +1.2341e-001 -2.2054e+000
1055 0 +1.307230985e+000 -1.662769015e+000 -1.662769015e+000 +3.1379e+000 +9.9056e-001 -3.5437e+000 -8.2240e-002 -2.0476e+000
1203 0 +2.497791364e-001 -2.720220864e+000 -2.720220864e+000 +3.6875e+000 +1.1051e+000 -3.5316e+000 -4.8938e-001 -1.9250e+000
1242 0 +1.165934542e-001 -2.853406546e+000 -2.853406546e+000 +3.8528e+000 +1.1637e+000 -3.4296e+000 -5.1855e-001 -1.9178e+000
1272 0 +1.013221509e-001 -2.868677849e+000 -2.868677849e+000 +3.9097e+000 +9.1937e-001 -3.4083e+000 -5.4014e-001 -1.6982e+000
1311 0 +5.618381282e-002 -2.913816187e+000 -2.913816187e+000 +3.8544e+000 +1.0554e+000 -3.3600e+000 -5.8877e-001 -1.8265e+000
1347 0 +3.896009000e-002 -2.931039910e+000 -2.931039910e+000 +3.8537e+000 +1.1234e+000 -3.2470e+000 -5.7391e-001 -1.8876e+000
1355 0 +3.265926117e-002 -2.937340739e+000 -2.937340739e+000 +3.9912e+000 +1.0142e+000 -3.2981e+000 -6.2650e-001 -1.7458e+000
1431 0 +5.157555726e-003 -2.964842444e+000 -2.964842444e+000 +3.9882e+000 +1.0492e+000 -3.1555e+000 -5.9412e-001 -1.7830e+000
1497 0 +1.780554797e-003 -2.968219445e+000 -2.968219445e+000 +4.0004e+000 +1.0502e+000 -3.1588e+000 -5.9343e-001 -1.7796e+000
1518 0 +1.325841330e-003 -2.968674159e+000 -2.968674159e+000 +3.9862e+000 +1.0496e+000 -3.1921e+000 -5.7039e-001 -1.7843e+000
1523 0 +7.521574761e-004 -2.969247843e+000 -2.969247843e+000 +3.9838e+000 +1.0495e+000 -3.1559e+000 -5.8178e-001 -1.7856e+000
1567 0 +1.281571938e-004 -2.969871843e+000 -2.969871843e+000 +3.9879e+000 +1.0643e+000 -3.1778e+000 -5.7531e-001 -1.7959e+000
1601 0 +7.232577220e-005 -2.969927674e+000 -2.969927674e+000 +3.9805e+000 +1.0683e+000 -3.1788e+000 -5.8294e-001 -1.8011e+000
1781 0 +5.957137286e-005 -2.969940429e+000 -2.969940429e+000 +3.9833e+000 +1.0606e+000 -3.1769e+000 -5.8154e-001 -1.7940e+000
1822 0 +5.479948579e-005 -2.969945201e+000 -2.969945201e+000 +3.9796e+000 +1.0600e+000 -3.1802e+000 -5.8220e-001 -1.7946e+000
1873 0 +5.180253917e-005 -2.969948197e+000 -2.969948197e+000 +3.9793e+000 +1.0608e+000 -3.1800e+000 -5.7623e-001 -1.7958e+000
1910 0 +3.033591923e-005 -2.969969664e+000 -2.969969664e+000 +3.9749e+000 +1.0615e+000 -3.1746e+000 -5.8039e-001 -1.7978e+000
2044 0 +2.482998820e-005 -2.969975170e+000 -2.969975170e+000 +3.9781e+000 +1.0627e+000 -3.1811e+000 -5.7859e-001 -1.7976e+000
2073 0 +1.307712275e-006 -2.969998692e+000 -2.969998692e+000 +3.9770e+000 +1.0623e+000 -3.1777e+000 -5.7887e-001 -1.7977e+000
2095 0 +2.446353484e-007 -2.969999755e+000 -2.969999755e+000 +3.9773e+000 +1.0623e+000 -3.1771e+000 -5.7928e-001 -1.7976e+000
2144 0 +8.093189097e-008 -2.969999919e+000 -2.969999919e+000 +3.9777e+000 +1.0625e+000 -3.1767e+000 -5.7941e-001 -1.7976e+000
2197 0 +2.923050335e-008 -2.969999971e+000 -2.969999971e+000 +3.9775e+000 +1.0624e+000 -3.1767e+000 -5.7931e-001 -1.7976e+000
2510 0 +2.972607493e-009 -2.969999997e+000 -2.969999997e+000 +3.9776e+000 +1.0624e+000 -3.1768e+000 -5.7917e-001 -1.7976e+000
% f evaluations | g evaluations | best noise-free fitness - Fopt (2.996300000000e+002) + sum g_i+ | measured fitness | best measured fitness or single-digit g-values | x1 | x2...
1 0 +1.322478853e+007 +1.322508816e+007 +1.322508816e+007 +2.4430e+000 -3.5829e+000 +3.6354e-001 -1.3961e+000 -4.7802e+000
2 0 +3.457960168e+006 +3.458259798e+006 +3.458259798e+006 +6.4543e-001 -1.9300e+000 -2.6498e+000 -1.7725e-001 +1.2805e+000
3 0 +2.301146864e+006 +2.301446494e+006 +2.301446494e+006 +9.4152e-001 -2.4894e+000 +2.8546e+000 +3.5494e+000 -3.5729e+000
4 0 +1.893834740e+006 +1.894134370e+006 +1.894134370e+006 -3.2271e+000 +6.5309e-001 +3.8657e+000 +2.8686e-001 -3.8163e+000
8 0 +3.137671988e+005 +3.140668288e+005 +3.140668288e+005 -3.8053e+000 +3.2392e+000 +2.6217e+000 -6.2084e-001 -9.5009e-001
23 0 +1.081944184e+004 +1.111907184e+004 +1.111907184e+004 -2.4206e+000 +8.7166e-001 -3.5563e-001 +9.2337e-001 -3.9930e+000
47 0 +3.396928688e+002 +6.393228688e+002 +6.393228688e+002 -4.0278e+000 -6.9335e-002 +1.1981e-001 +4.0025e+000 -3.5797e+000
172 0 +4.480185299e+001 +3.444318530e+002 +3.444318530e+002 +2.7232e+000 +9.3430e-001 -9.7144e-001 -2.1575e+000 +8.6652e-001
282 0 +3.656089050e+001 +3.361908905e+002 +3.361908905e+002 +4.5100e+000 -6.8467e-001 -1.0063e+000 +3.4328e-001 +1.6303e-001
568 0 +3.006927020e+001 +3.296992702e+002 +3.296992702e+002 +1.6779e+000 +4.2513e-001 -6.2199e-001 -3.2923e-001 +2.8031e-001
578 0 +2.012173723e+001 +3.197517372e+002 +3.197517372e+002 +2.3821e+000 -4.1684e-001 -6.9592e-001 +1.1622e+000 +5.7746e-001
649 0 +1.803987356e+001 +3.176698736e+002 +3.176698736e+002 +1.4001e+000 -5.0719e-001 -4.8202e-001 +2.0142e+000 +4.4279e-001
755 0 +1.221894723e+001 +3.118489472e+002 +3.118489472e+002 -1.0070e+000 -2.0765e-001 -1.5703e+000 +2.3331e+000 +1.2568e+000
822 0 +6.634530685e-001 +3.002934531e+002 +3.002934531e+002 +9.2483e-001 -7.5794e-001 -3.1448e+000 +1.9321e+000 +2.8961e+000
833 0 +3.436294299e-001 +2.999736294e+002 +2.999736294e+002 +9.7618e-001 -8.6159e-001 -3.4222e+000 +2.0223e+000 +3.0058e+000
910 0 +3.521442139e-002 +2.996652144e+002 +2.996652144e+002 +7.3819e-001 -1.0092e+000 -3.4971e+000 +2.4793e+000 +3.1973e+000
947 0 +3.164565678e-002 +2.996616457e+002 +2.996616457e+002 +8.0492e-001 -9.8428e-001 -3.4214e+000 +2.4324e+000 +3.3033e+000
975 0 +1.703214264e-002 +2.996470321e+002 +2.996470321e+002 +8.3788e-001 -1.0336e+000 -3.4354e+000 +2.5138e+000 +3.2696e+000
1133 0 +1.204386601e-002 +2.996420439e+002 +2.996420439e+002 +7.1608e-001 -1.0086e+000 -3.5247e+000 +2.4652e+000 +3.0840e+000
1169 0 +1.101353330e-002 +2.996410135e+002 +2.996410135e+002 +7.4409e-001 -1.0037e+000 -3.5168e+000 +2.4418e+000 +3.0855e+000
1196 0 +5.741116675e-003 +2.996357411e+002 +2.996357411e+002 +8.4281e-001 -1.0427e+000 -3.5359e+000 +2.4779e+000 +3.2032e+000
1262 0 +1.456486447e-003 +2.996314565e+002 +2.996314565e+002 +7.8351e-001 -1.0141e+000 -3.5134e+000 +2.4565e+000 +3.1908e+000
1398 0 +1.289436794e-004 +2.996301289e+002 +2.996301289e+002 +7.8680e-001 -1.0234e+000 -3.5104e+000 +2.4746e+000 +3.1720e+000
1451 0 +9.448323601e-005 +2.996300945e+002 +2.996300945e+002 +7.8518e-001 -1.0241e+000 -3.5120e+000 +2.4750e+000 +3.1602e+000
1542 0 +4.552707173e-005 +2.996300455e+002 +2.996300455e+002 +7.8498e-001 -1.0242e+000 -3.5092e+000 +2.4776e+000 +3.1680e+000
1551 0 +1.165255117e-005 +2.996300117e+002 +2.996300117e+002 +7.8731e-001 -1.0254e+000 -3.5081e+000 +2.4793e+000 +3.1674e+000
1680 0 +8.288401887e-006 +2.996300083e+002 +2.996300083e+002 +7.8434e-001 -1.0251e+000 -3.5094e+000 +2.4799e+000 +3.1684e+000
1734 0 +4.190891389e-006 +2.996300042e+002 +2.996300042e+002 +7.8507e-001 -1.0251e+000 -3.5100e+000 +2.4792e+000 +3.1684e+000
1752 0 +2.281303637e-006 +2.996300023e+002 +2.996300023e+002 +7.8573e-001 -1.0250e+000 -3.5102e+000 +2.4785e+000 +3.1684e+000
1846 0 +1.743679093e-006 +2.996300017e+002 +2.996300017e+002 +7.8600e-001 -1.0251e+000 -3.5088e+000 +2.4793e+000 +3.1686e+000
1893 0 +9.987722365e-007 +2.996300010e+002 +2.996300010e+002 +7.8610e-001 -1.0249e+000 -3.5090e+000 +2.4788e+000 +3.1692e+000
1937 0 +3.058974585e-007 +2.996300003e+002 +2.996300003e+002 +7.8623e-001 -1.0249e+000 -3.5089e+000 +2.4787e+000 +3.1689e+000
2129 0 +1.748138061e-007 +2.996300002e+002 +2.996300002e+002 +7.8638e-001 -1.0247e+000 -3.5087e+000 +2.4781e+000 +3.1686e+000
2187 0 +1.071009592e-008 +2.996300000e+002 +2.996300000e+002 +7.8647e-001 -1.0248e+000 -3.5088e+000 +2.4783e+000 +3.1688e+000
2339 0 +5.065828645e-009 +2.996300000e+002 +2.996300000e+002 +7.8642e-001 -1.0248e+000 -3.5088e+000 +2.4784e+000 +3.1688e+000
