% f evaluations | g evaluations | best noise-free fitness - Fopt (7.627000000000e+001) + sum g_i+ | measured fitness | best measured fitness or single-digit g-values | x1 | x2...
1 0 +4.425793935e+006 +4.425870205e+006 +4.425870205e+006 +2.4701e-001 -1.0389e+000 -7.9951e-001
7 0 +3.187626483e+006 +3.187702753e+006 +3.187702753e+006 -3.0248e+000 -3.5174e+000 +2.7747e+000
8 0 +7.314458360e+005 +7.315221060e+005 +7.315221060e+005 -5.0000e+000 -3.5507e+000 -1.6272e+000
9 0 +3.596197236e+005 +3.596959936e+005 +3.596959936e+005 +5.0000e+000 -3.7075e+000 -1.8780e-001
11 0 +7.613098856e+004 +7.620725856e+004 +7.620725856e+004 +2.8237e-001 -3.3557e+000 -6.2359e-001
12 0 +1.768879703e+003 +1.845149703e+003 +1.845149703e+003 +4.2472e+000 -4.4311e+000 -7.3239e-002
72 0 +1.964643998e+002 +2.727343998e+002 +2.727343998e+002 +2.9261e+000 -4.1523e+000 -3.2672e-001
154 0 +1.269780260e+002 +2.032480260e+002 +2.032480260e+002 +5.3443e-001 -2.8371e+000 -1.9554e+000
184 0 +6.021879011e+000 +8.229187901e+001 +8.229187901e+001 +1.5339e+000 -3.2612e+000 -1.4913e+000
318 0 +1.942010716e+000 +7.821201072e+001 +7.821201072e+001 +2.6173e-001 -3.0031e+000 -1.6743e+000
408 0 +1.783519399e+000 +7.805351940e+001 +7.805351940e+001 +2.2900e-001 -2.9782e+000 -1.7068e+000
452 0 +1.100803099e+000 +7.737080310e+001 +7.737080310e+001 -2.7969e-001 -2.8247e+000 -1.8565e+000
553 0 +7.749961611e-002 +7.634749962e+001 +7.634749962e+001 -9.5902e-001 -3.0098e+000 -1.4559e+000
583 0 +7.568485842e-002 +7.634568486e+001 +7.634568486e+001 -7.9214e-001 -3.2737e+000 -1.0770e+000
634 0 +3.213598495e-002 +7.630213598e+001 +7.630213598e+001 -8.5998e-001 -3.2250e+000 -1.1407e+000
687 0 +1.778290803e-002 +7.628778291e+001 +7.628778291e+001 -1.0028e+000 -3.0850e+000 -1.3325e+000
698 0 +9.812949564e-003 +7.627981295e+001 +7.627981295e+001 -9.9715e-001 -3.1049e+000 -1.3028e+000
727 0 +2.814237556e-003 +7.627281424e+001 +7.627281424e+001 -9.6762e-001 -3.1252e+000 -1.2764e+000
839 0 +2.409652926e-003 +7.627240965e+001 +7.627240965e+001 -8.9047e-001 -3.1534e+000 -1.2459e+000
855 0 +1.713625046e-004 +7.627017136e+001 +7.627017136e+001 -9.2839e-001 -3.1512e+000 -1.2428e+000
873 0 +1.270554063e-004 +7.627012706e+001 +7.627012706e+001 -9.3439e-001 -3.1478e+000 -1.2471e+000
944 0 +7.515589508e-005 +7.627007516e+001 +7.627007516e+001 -9.4122e-001 -3.1543e+000 -1.2359e+000
987 0 +3.823079388e-005 +7.627003823e+001 +7.627003823e+001 -9.4191e-001 -3.1528e+000 -1.2382e+000
1005 0 +7.274664696e-006 +7.627000727e+001 +7.627000727e+001 -9.3805e-001 -3.1510e+000 -1.2415e+000
1052 0 +6.077788726e-006 +7.627000608e+001 +7.627000608e+001 -9.3730e-001 -3.1508e+000 -1.2420e+000
1100 0 +3.014200729e-006 +7.627000301e+001 +7.627000301e+001 -9.3844e-001 -3.1500e+000 -1.2430e+000
1117 0 +1.349301002e-006 +7.627000135e+001 +7.627000135e+001 -9.3943e-001 -3.1501e+000 -1.2427e+000
1157 0 +1.811421271e-007 +7.627000018e+001 +7.627000018e+001 -9.3826e-001 -3.1505e+000 -1.2423e+000
1241 0 +1.994374088e-008 +7.627000002e+001 +7.627000002e+001 -9.3854e-001 -3.1504e+000 -1.2424e+000
1263 0 +1.333243915e-008 +7.627000001e+001 +7.627000001e+001 -9.3839e-001 -3.1505e+000 -1.2423e+000
1410 0 +2.228034646e-009 +7.627000000e+001 +7.627000000e+001 -9.3844e-001 -3.1504e+000 -1.2424e+000
% f evaluations | g evaluations | best noise-free fitness - Fopt (-2.255000000000e+001) + sum g_i+ | measured fitness | best measured fitness or single-digit g-values | x1 | x2...
1 0 +3.336000911e+007 +3.335998656e+007 +3.335998656e+007 -2.7380e+000 -1.4780e+000 +3.6755e+000
2 0 +1.695800601e+005 +1.695575101e+005 +1.695575101e+005 +2.4449e+000 +2.8053e+000 -1.1974e+000
12 0 +5.689803485e+003 +5.667253485e+003 +5.667253485e+003 +2.8505e+000 +1.9718e+000 +4.2601e+000
36 0 +4.277616321e+003 +4.255066321e+003 +4.255066321e+003 +2.5149e+000 +4.2793e-001 -1.4312e+000
56 0 +5.142251904e+002 +4.916751904e+002 +4.916751904e+002 +1.6743e+000 +4.4275e+000 -1.3202e+000
68 0 +2.971235990e+001 +7.162359897e+000 +7.162359897e+000 +1.8227e+000 +2.4866e+000 -2.8769e+000
235 0 +1.774961941e+001 -4.800380592e+000 -4.800380592e+000 +2.1435e+000 +1.8042e+000 -1.5780e+000
286 0 +1.505626374e+001 -7.493736264e+000 -7.493736264e+000 +1.8800e+000 +3.3173e+000 -1.2894e+000
396 0 +9.742042211e+000 -1.280795779e+001 -1.280795779e+001 +2.1225e+000 +2.7687e+000 -3.5032e-001
400 0 +9.313938577e+000 -1.323606142e+001 -1.323606142e+001 +2.1557e+000 +2.5820e+000 -3.8329e-001
419 0 +1.294653985e+000 -2.125534602e+001 -2.125534602e+001 +2.5774e+000 +2.8332e+000 +2.9610e+000
449 0 +5.600713297e-001 -2.198992867e+001 -2.198992867e+001 +2.5709e+000 +3.0056e+000 +3.1518e+000
521 0 +3.489850179e-001 -2.220101498e+001 -2.220101498e+001 +2.5107e+000 +2.9228e+000 +2.6125e+000
523 0 +1.467440779e-002 -2.253532559e+001 -2.253532559e+001 +2.5442e+000 +2.6137e+000 +2.4059e+000
592 0 +8.316322185e-003 -2.254168368e+001 -2.254168368e+001 +2.5669e+000 +2.5567e+000 +2.4863e+000
614 0 +4.126162137e-003 -2.254587384e+001 -2.254587384e+001 +2.5641e+000 +2.5699e+000 +2.4851e+000
635 0 +9.771924163e-004 -2.254902281e+001 -2.254902281e+001 +2.5647e+000 +2.5740e+000 +2.4951e+000
681 0 +4.274111456e-004 -2.254957259e+001 -2.254957259e+001 +2.5703e+000 +2.5675e+000 +2.5253e+000
701 0 +2.676975523e-004 -2.254973230e+001 -2.254973230e+001 +2.5689e+000 +2.5734e+000 +2.5237e+000
800 0 +1.834488223e-004 -2.254981655e+001 -2.254981655e+001 +2.5666e+000 +2.5755e+000 +2.5102e+000
862 0 +1.292256749e-005 -2.254998708e+001 -2.254998708e+001 +2.5654e+000 +2.5788e+000 +2.5063e+000
903 0 +1.237471322e-005 -2.254998763e+001 -2.254998763e+001 +2.5649e+000 +2.5829e+000 +2.5090e+000
970 0 +1.020000568e-005 -2.254998980e+001 -2.254998980e+001 +2.5656e+000 +2.5820e+000 +2.5122e+000
1017 0 +1.740653548e-006 -2.254999826e+001 -2.254999826e+001 +2.5655e+000 +2.5797e+000 +2.5085e+000
1024 0 +3.996235414e-007 -2.254999960e+001 -2.254999960e+001 +2.5656e+000 +2.5798e+000 +2.5092e+000
1196 0 +1.830757590e-007 -2.254999982e+001 -2.254999982e+001 +2.5657e+000 +2.5797e+000 +2.5099e+000
1210 0 +1.562890333e-007 -2.254999984e+001 -2.254999984e+001 +2.5657e+000 +2.5796e+000 +2.5097e+000
1260 0 +5.428978156e-008 -2.254999995e+001 -2.254999995e+001 +2.5656e+000 +2.5800e+000 +2.5097e+000
1303 0 +5.836941597e-009 -2.254999999e+001 -2.254999999e+001 +2.5656e+000 +2.5799e+000 +2.5096e+000
% f evaluations | g evaluations | best noise-free fitness - Fopt (1.366000000000e+001) + sum g_i+ | measured fitness | best measured fitness or single-digit g-values | x1 | x2...
1 0 +2.358522767e+007 +2.358524133e+007 +2.358524133e+007 -1.6250e+000 +2.6576e+000 -3.3782e+000
2 0 +8.394587311e+006 +8.394600971e+006 +8.394600971e+006 +7.0080e-001 -4.6894e+000 +1.5684e-001
3 0 +6.554421593e+006 +6.554435253e+006 +6.554435253e+006 -3.3716e+000 +4.4046e+000 +4.1038e+000
7 0 +3.174832650e+006 +3.174846310e+006 +3.174846310e+006 -1.2951e+000 +2.0334e+000 +7.7463e-001
8 0 +1.260100388e+003 +1.273760388e+003 +1.273760388e+003 -2.7268e+000 -7.3796e-001 +2.1459e+000
12 0 +1.142398878e+003 +1.156058878e+003 +1.156058878e+003 -1.6920e+000 -2.5383e+000 -4.9912e-001
51 0 +3.924825840e+001 +5.290825840e+001 +5.290825840e+001 -1.9815e+000 -2.6252e+000 -3.9937e-001
154 0 +1.708297928e+001 +3.074297928e+001 +3.074297928e+001 +3.2414e-001 +7.1113e-001 +1.1645e+000
323 0 +8.838175179e+000 +2.249817518e+001 +2.249817518e+001 -3.4614e-001 +3.4884e-003 +9.8080e-001
353 0 +6.771809353e+000 +2.043180935e+001 +2.043180935e+001 +3.3711e-001 +6.0551e-001 +1.0342e+000
476 0 +6.221012924e+000 +1.988101292e+001 +1.988101292e+001 +1.8813e+000 +1.7078e+000 +8.9254e-001
480 0 +1.945343189e+000 +1.560534319e+001 +1.560534319e+001 +5.8489e-001 +2.8918e+000 +3.2300e+000
481 0 +1.917491603e-002 +1.367917492e+001 +1.367917492e+001 +4.3359e-001 +2.1953e+000 +2.6247e+000
546 0 +5.248698439e-003 +1.366524870e+001 +1.366524870e+001 +4.5829e-001 +2.2610e+000 +2.6727e+000
717 0 +3.407377602e-003 +1.366340738e+001 +1.366340738e+001 +4.4002e-001 +2.2663e+000 +2.6936e+000
760 0 +2.892763416e-003 +1.366289276e+001 +1.366289276e+001 +4.4236e-001 +2.2631e+000 +2.6883e+000
762 0 +1.986529737e-003 +1.366198653e+001 +1.366198653e+001 +4.6196e-001 +2.2379e+000 +2.6453e+000
785 0 +2.487810727e-004 +1.366024878e+001 +1.366024878e+001 +4.4069e-001 +2.2289e+000 +2.6538e+000
832 0 +1.937988326e-004 +1.366019380e+001 +1.366019380e+001 +4.2747e-001 +2.2186e+000 +2.6542e+000
852 0 +1.232481771e-004 +1.366012325e+001 +1.366012325e+001 +4.3210e-001 +2.2197e+000 +2.6513e+000
894 0 +1.185420088e-004 +1.366011854e+001 +1.366011854e+001 +4.2995e-001 +2.2209e+000 +2.6545e+000
915 0 +2.400320341e-005 +1.366002400e+001 +1.366002400e+001 +4.2629e-001 +2.2264e+000 +2.6632e+000
953 0 +4.583351318e-006 +1.366000458e+001 +1.366000458e+001 +4.2775e-001 +2.2248e+000 +2.6604e+000
987 0 +3.817744888e-006 +1.366000382e+001 +1.366000382e+001 +4.2604e-001 +2.2226e+000 +2.6595e+000
995 0 +1.082424667e-006 +1.366000108e+001 +1.366000108e+001 +4.2692e-001 +2.2233e+000 +2.6595e+000
1059 0 +2.380348860e-007 +1.366000024e+001 +1.366000024e+001 +4.2756e-001 +2.2242e+000 +2.6599e+000
1119 0 +8.089055470e-008 +1.366000008e+001 +1.366000008e+001 +4.2733e-001 +2.2242e+000 +2.6601e+000
1169 0 +4.414986954e-008 +1.366000004e+001 +1.366000004e+001 +4.2702e-001 +2.2239e+000 +2.6601e+000
1193 0 +2.142883559e-008 +1.366000002e+001 +1.366000002e+001 +4.2727e-001 +2.2239e+000 +2.6599e+000
1312 0 +1.719972076e-008 +1.366000002e+001 +1.366000002e+001 +4.2714e-001 +2.2240e+000 +2.6601e+000
1336 0 +1.243546066e-008 +1.366000001e+001 +1.366000001e+001 +4.2728e-001 +2.2240e+000 +2.6599e+000
1362 0 +2.208272676e-009 +1.366000000e+001 +1.366000000e+001 +4.2720e-001 +2.2240e+000 +2.6600e+000
% f evaluations | g evaluations | best noise-free fitness - Fopt (9.378400000000e+002) + sum g_i+ | measured fitness | best measured fitness or single-digit g-values | x1 | x2...
1 0 +2.517328126e+006 +2.518265966e+006 +2.518265966e+006 -7.7406e-001 -5.0458e-001 +1.2012e+000
11 0 +3.545598464e+005 +3.554976864e+005 +3.554976864e+005 -5.0000e+000 -5.0000e+000 +5.0000e+000
12 0 +9.402327116e+004 +9.496111116e+004 +9.496111116e+004 -2.5006e+000 -5.0000e+000 +3.9729e+000
46 0 +1.547398137e+004 +1.641182137e+004 +1.641182137e+004 +1.5189e+000 -3.1939e-001 +9.6711e-001
64 0 +1.294489258e+002 +1.067288926e+003 +1.067288926e+003 +4.9423e+000 -1.2221e+000 -2.3538e+000
177 0 +3.066850471e+001 +9.685085047e+002 +9.685085047e+002 +4.3659e-001 -8.9795e-001 +1.9899e+000
379 0 +2.032434847e+001 +9.581643485e+002 +9.581643485e+002 +1.0798e+000 +3.7175e-002 +1.6537e+000
430 0 +1.816236064e+001 +9.560023606e+002 +9.560023606e+002 +1.4303e+000 +1.0495e+000 +1.6161e+000
493 0 +1.348833269e+001 +9.513283327e+002 +9.513283327e+002 -5.9758e-001 -8.7282e-002 +3.1949e+000
586 0 +1.035763063e+001 +9.481976306e+002 +9.481976306e+002 +1.8524e+000 +2.9904e+000 +1.7854e+000
590 0 +5.674582751e+000 +9.435145828e+002 +9.435145828e+002 -1.2579e+000 +1.4344e+000 +4.2584e+000
600 0 +4.092517791e+000 +9.419325178e+002 +9.419325178e+002 -2.9295e-002 +2.3112e+000 +3.3608e+000
618 0 +2.843019802e+000 +9.406830198e+002 +9.406830198e+002 -9.8708e-002 +2.2320e+000 +3.4020e+000
652 0 +1.385058723e+000 +9.392250587e+002 +9.392250587e+002 -7.7759e-001 +3.2633e+000 +4.3410e+000
654 0 +4.003755070e-002 +9.378800376e+002 +9.378800376e+002 -3.5446e-001 +3.4540e+000 +3.9970e+000
687 0 +2.643938310e-003 +9.378426439e+002 +9.378426439e+002 -2.8198e-001 +3.6034e+000 +3.9726e+000
830 0 +2.418289342e-003 +9.378424183e+002 +9.378424183e+002 -2.8137e-001 +3.5949e+000 +3.9694e+000
889 0 +1.991641230e-004 +9.378401992e+002 +9.378401992e+002 -2.8737e-001 +3.5844e+000 +3.9721e+000
921 0 +3.252791089e-005 +9.378400325e+002 +9.378400325e+002 -2.9328e-001 +3.5813e+000 +3.9767e+000
971 0 +2.116047654e-005 +9.378400212e+002 +9.378400212e+002 -2.9689e-001 +3.5746e+000 +3.9782e+000
1003 0 +2.801875439e-006 +9.378400028e+002 +9.378400028e+002 -2.9640e-001 +3.5795e+000 +3.9791e+000
1062 0 +1.942853487e-006 +9.378400019e+002 +9.378400019e+002 -2.9670e-001 +3.5771e+000 +3.9787e+000
1208 0 +5.978029094e-007 +9.378400006e+002 +9.378400006e+002 -2.9664e-001 +3.5780e+000 +3.9789e+000
1235 0 +3.272515414e-007 +9.378400003e+002 +9.378400003e+002 -2.9721e-001 +3.5783e+000 +3.9796e+000
1276 0 +8.530537343e-008 +9.378400001e+002 +9.378400001e+002 -2.9660e-001 +3.5785e+000 +3.9790e+000
1376 0 +5.711569884e-008 +9.378400001e+002 +9.378400001e+002 -2.9666e-001 +3.5783e+000 +3.9790e+000
1397 0 +9.250129551e-009 +9.378400000e+002 +9.378400000e+002 -2.9674e-001 +3.5784e+000 +3.9792e+000
% f evaluations | g evaluations | best noise-free fitness - Fopt (-7.872000000000e+001) + sum g_i+ | measured fitness | best measured fitness or single-digit g-values | x1 | x2...
1 0 +4.958966332e+005 +4.958179132e+005 +4.958179132e+005 -4.8452e+000 +2.4968e+000 -1.7926e+000
7 0 +9.384169753e+004 +9.376297753e+004 +9.376297753e+004 -2.4618e+000 -1.4501e+000 -6.1450e-001
11 0 +3.603638456e+003 +3.524918456e+003 +3.524918456e+003 -2.5918e+000 +8.2472e-001 -2.1354e+000
53 0 +6.767863293e+002 +5.980663293e+002 +5.980663293e+002 -8.9958e-001 +3.2477e-001 -2.1969e+000
111 0 +3.026680354e+002 +2.239480354e+002 +2.239480354e+002 +1.0967e+000 +6.1997e-001 -3.0488e+000
113 0 +8.864432761e+001 +9.924327610e+000 +9.924327610e+000 +1.9700e+000 +5.6125e-001 -3.2618e+000
124 0 +8.455083177e+001 +5.830831769e+000 +5.830831769e+000 +2.2121e+000 -4.3453e-002 -2.8371e+000
175 0 +1.300730490e+001 -6.571269510e+001 -6.571269510e+001 +3.0339e+000 +1.3981e+000 -4.2702e+000
217 0 +5.093203501e+000 -7.362679650e+001 -7.362679650e+001 +3.4414e+000 +3.1533e-001 -3.5030e+000
249 0 +4.715017287e+000 -7.400498271e+001 -7.400498271e+001 +3.2486e+000 +1.1251e-001 -3.2761e+000
332 0 +2.869602090e+000 -7.585039791e+001 -7.585039791e+001 +2.6371e+000 -2.7486e-001 -2.7647e+000
347 0 +1.400569334e+000 -7.731943067e+001 -7.731943067e+001 +3.6600e+000 -1.2647e+000 -2.2660e+000
397 0 +3.277182089e-001 -7.839228179e+001 -7.839228179e+001 +3.7880e+000 -1.7946e+000 -1.8664e+000
419 0 +2.427241079e-001 -7.847727589e+001 -7.847727589e+001 +3.1408e+000 -1.1005e+000 -2.2392e+000
461 0 +1.310191579e-001 -7.858898084e+001 -7.858898084e+001 +3.6967e+000 -1.3344e+000 -2.2182e+000
493 0 +4.057598678e-002 -7.867942401e+001 -7.867942401e+001 +3.4253e+000 -1.5679e+000 -1.9410e+000
523 0 +6.119624267e-004 -7.871938804e+001 -7.871938804e+001 +3.4344e+000 -1.4280e+000 -2.0595e+000
605 0 +3.676996244e-004 -7.871963230e+001 -7.871963230e+001 +3.4194e+000 -1.4099e+000 -2.0698e+000
638 0 +3.474931089e-004 -7.871965251e+001 -7.871965251e+001 +3.4289e+000 -1.4241e+000 -2.0610e+000
682 0 +2.152702772e-004 -7.871978473e+001 -7.871978473e+001 +3.4097e+000 -1.4230e+000 -2.0560e+000
710 0 +1.099637129e-004 -7.871989004e+001 -7.871989004e+001 +3.4047e+000 -1.4210e+000 -2.0561e+000
744 0 +1.374338012e-005 -7.871998626e+001 -7.871998626e+001 +3.4101e+000 -1.4204e+000 -2.0582e+000
758 0 +7.865507882e-006 -7.871999213e+001 -7.871999213e+001 +3.4128e+000 -1.4202e+000 -2.0593e+000
817 0 +7.341323851e-006 -7.871999266e+001 -7.871999266e+001 +3.4117e+000 -1.4204e+000 -2.0588e+000
924 0 +5.419324211e-006 -7.871999458e+001 -7.871999458e+001 +3.4108e+000 -1.4206e+000 -2.0583e+000
928 0 +4.834689094e-008 -7.871999995e+001 -7.871999995e+001 +3.4110e+000 -1.4216e+000 -2.0575e+000
1069 0 +4.275422327e-008 -7.871999996e+001 -7.871999996e+001 +3.4113e+000 -1.4217e+000 -2.0575e+000
1101 0 +1.724778542e-008 -7.871999998e+001 -7.871999998e+001 +3.4113e+000 -1.4217e+000 -2.0576e+000
1127 0 +6.900933158e-010 -7.872000000e+001 -7.872000000e+001 +3.4112e+000 -1.4216e+000 -2.0576e+000
% f evaluations | g evaluations | best noise-free fitness - Fopt (-4.151000000000e+001) + sum g_i+ | measured fitness | best measured fitness or single-digit g-values | x1 | x2...
1 0 +2.390341359e+007 +2.390337208e+007 +2.390337208e+007 -4.5054e+000 -5.8749e-001 +1.3420e+000
2 0 +1.711124527e+007 +1.711120376e+007 +1.711120376e+007 -4.9033e+000 +4.5467e+000 +4.2505e+000
3 0 +1.929451019e+006 +1.929409509e+006 +1.929409509e+006 +4.3756e+000 +5.2322e-001 -2.5390e+000
4 0 +1.185157106e+006 +1.185115596e+006 +1.185115596e+006 +1.8200e+000 +2.0562e+000 +8.6593e-001
11 0 +5.437093049e+005 +5.436677949e+005 +5.436677949e+005 -5.0000e+000 +5.0000e+000 -2.1608e+000
12 0 +9.439114004e+003 +9.397604004e+003 +9.397604004e+003 -3.0880e-001 +2.0376e+000 -1.3728e+000
24 0 +2.862685961e+003 +2.821175961e+003 +2.821175961e+003 -7.5037e-002 -6.2888e-001 -3.6885e+000
57 0 +3.024813615e+002 +2.609713615e+002 +2.609713615e+002 +1.8112e+000 +2.2674e+000 -3.9218e-001
75 0 +1.118641186e+002 +7.035411861e+001 +7.035411861e+001 -1.7990e+000 +2.9770e+000 -1.3556e+000
78 0 +3.426884817e+001 -7.241151833e+000 -7.241151833e+000 +1.9700e+000 +1.5949e+000 -9.1039e-001
230 0 +3.170490753e+001 -9.805092469e+000 -9.805092469e+000 +3.2387e+000 +2.3314e+000 +2.4379e-001
247 0 +2.636748582e+001 -1.514251418e+001 -1.514251418e+001 -1.1061e+000 +2.3112e+000 -1.6241e+000
258 0 +1.763482577e+001 -2.387517423e+001 -2.387517423e+001 +1.4878e+000 +1.8331e+000 -9.1039e-001
338 0 +1.022903488e+001 -3.128096512e+001 -3.128096512e+001 +2.0237e+000 +1.3230e+000 -1.1061e+000
396 0 +7.111927575e+000 -3.439807243e+001 -3.439807243e+001 +2.9400e+000 -7.5315e-001 -2.4403e+000
426 0 +1.295791829e+000 -4.021420817e+001 -4.021420817e+001 +2.5563e+000 -4.0234e-001 -2.3101e+000
521 0 +7.235605031e-002 -4.143764395e+001 -4.143764395e+001 +2.6163e+000 -1.3461e+000 -3.0670e+000
639 0 +1.469493785e-002 -4.149530506e+001 -4.149530506e+001 +2.4807e+000 -1.2524e+000 -3.0472e+000
687 0 +4.238060927e-003 -4.150576194e+001 -4.150576194e+001 +2.4363e+000 -1.1811e+000 -3.0072e+000
745 0 +2.961117237e-003 -4.150703888e+001 -4.150703888e+001 +2.4183e+000 -1.2508e+000 -3.0726e+000
759 0 +7.563236939e-004 -4.150924368e+001 -4.150924368e+001 +2.3867e+000 -1.2079e+000 -3.0506e+000
761 0 +3.149368006e-004 -4.150968506e+001 -4.150968506e+001 +2.4035e+000 -1.2186e+000 -3.0523e+000
828 0 +2.198824373e-004 -4.150978012e+001 -4.150978012e+001 +2.4062e+000 -1.2069e+000 -3.0414e+000
890 0 +2.966243419e-005 -4.150997034e+001 -4.150997034e+001 +2.3979e+000 -1.2082e+000 -3.0460e+000
902 0 +5.770680005e-007 -4.150999942e+001 -4.150999942e+001 +2.3997e+000 -1.2083e+000 -3.0453e+000
1059 0 +5.191391139e-007 -4.150999948e+001 -4.150999948e+001 +2.4002e+000 -1.2094e+000 -3.0460e+000
1110 0 +1.848428042e-007 -4.150999982e+001 -4.150999982e+001 +2.4003e+000 -1.2088e+000 -3.0455e+000
1169 0 +7.317219541e-008 -4.150999993e+001 -4.150999993e+001 +2.3999e+000 -1.2089e+000 -3.0457e+000
1201 0 +1.978425956e-008 -4.150999998e+001 -4.150999998e+001 +2.3999e+000 -1.2087e+000 -3.0456e+000
1297 0 +6.318693124e-009 -4.150999999e+001 -4.150999999e+001 +2.4001e+000 -1.2088e+000 -3.0456e+000
% f evaluations | g evaluations | best noise-free fitness - Fopt (1.320700000000e+002) + sum g_i+ | measured fitness | best measured fitness or single-digit g-values | x1 | x2...
1 0 +4.916038836e+007 +4.916052043e+007 +4.916052043e+007 -4.0441e+000 -3.3408e+000 -1.7436e+000
2 0 +1.346996864e+006 +1.347128934e+006 +1.347128934e+006 +1.6757e+000 -4.9286e+000 +2.5543e+000
4 0 +1.341181390e+004 +1.354388390e+004 +1.354388390e+004 +8.3603e-001 +5.9844e-001 +7.1734e-001
21 0 +8.693790337e+003 +8.825860337e+003 +8.825860337e+003 +2.0896e-001 +4.8529e+000 -1.8423e+000
59 0 +6.492687535e+003 +6.624757535e+003 +6.624757535e+003 -5.4291e-001 +3.1075e+000 +9.0592e-001
71 0 +3.189133251e+002 +4.509833251e+002 +4.509833251e+002 +1.1705e+000 -3.5684e+000 +4.2600e+000
72 0 +2.615139539e+001 +1.582213954e+002 +1.582213954e+002 -5.6905e-001 +3.1362e+000 +7.4773e-001
207 0 +2.427099200e+001 +1.563409920e+002 +1.563409920e+002 +1.7194e-001 +7.9189e-001 +1.7740e+000
277 0 +2.290550490e+001 +1.549755049e+002 +1.549755049e+002 +1.2258e-001 -7.0332e-002 +2.6523e+000
342 0 +7.129610025e+000 +1.391996100e+002 +1.391996100e+002 -1.3713e+000 +4.4654e+000 +7.3451e-001
462 0 +5.615365578e+000 +1.376853656e+002 +1.376853656e+002 -1.4230e+000 +3.6875e+000 +1.5338e+000
502 0 +4.163103241e+000 +1.362331032e+002 +1.362331032e+002 -1.1566e+000 +2.8331e+000 +1.9200e+000
545 0 +3.772223905e+000 +1.358422239e+002 +1.358422239e+002 -1.4868e+000 +2.7538e+000 +2.5016e+000
547 0 +7.999398098e-001 +1.328699398e+002 +1.328699398e+002 -2.3221e+000 +4.2390e+000 +2.4018e+000
566 0 +2.658587752e-002 +1.320965859e+002 +1.320965859e+002 -2.4180e+000 +3.7712e+000 +2.9813e+000
646 0 +1.410276470e-002 +1.320841028e+002 +1.320841028e+002 -2.5222e+000 +3.8129e+000 +3.1022e+000
677 0 +3.506046150e-003 +1.320735060e+002 +1.320735060e+002 -2.5169e+000 +3.8078e+000 +3.0989e+000
703 0 +8.339839388e-005 +1.320700834e+002 +1.320700834e+002 -2.4758e+000 +3.7732e+000 +3.0682e+000
866 0 +1.997406585e-005 +1.320700200e+002 +1.320700200e+002 -2.4819e+000 +3.7739e+000 +3.0770e+000
992 0 +1.297601079e-005 +1.320700130e+002 +1.320700130e+002 -2.4807e+000 +3.7768e+000 +3.0724e+000
1063 0 +9.861034243e-006 +1.320700099e+002 +1.320700099e+002 -2.4799e+000 +3.7742e+000 +3.0736e+000
1094 0 +8.497087947e-006 +1.320700085e+002 +1.320700085e+002 -2.4816e+000 +3.7765e+000 +3.0739e+000
1132 0 +6.979781176e-006 +1.320700070e+002 +1.320700070e+002 -2.4813e+000 +3.7765e+000 +3.0735e+000
1149 0 +1.339695217e-006 +1.320700013e+002 +1.320700013e+002 -2.4812e+000 +3.7747e+000 +3.0751e+000
1153 0 +3.888807498e-007 +1.320700004e+002 +1.320700004e+002 -2.4815e+000 +3.7747e+000 +3.0755e+000
1184 0 +2.854185936e-007 +1.320700003e+002 +1.320700003e+002 -2.4814e+000 +3.7749e+000 +3.0752e+000
1204 0 +2.194611000e-007 +1.320700002e+002 +1.320700002e+002 -2.4814e+000 +3.7750e+000 +3.0751e+000
1256 0 +9.496088182e-008 +1.320700001e+002 +1.320700001e+002 -2.4814e+000 +3.7749e+000 +3.0752e+000
1277 0 +8.578345501e-008 +1.320700001e+002 +1.320700001e+002 -2.4818e+000 +3.7753e+000 +3.0754e+000
1301 0 +2.614643790e-008 +1.320700000e+002 +1.320700000e+002 -2.4815e+000 +3.7751e+000 +3.0752e+000
1348 0 +1.110416292e-008 +1.320700000e+002 +1.320700000e+002 -2.4815e+000 +3.7751e+000 +3.0752e+000
1371 0 +5.534786851e-009 +1.320700000e+002 +1.320700000e+002 -2.4816e+000 +3.7751e+000 +3.0752e+000
% f evaluations | g evaluations | best noise-free fitness - Fopt (9.725000000000e+001) + sum g_i+ | measured fitness | best measured fitness or single-digit g-values | x1 | x2...
1 0 +2.453031746e+007 +2.453041471e+007 +2.453041471e+007 -3.2064e+000 -4.2087e+000 +4.7113e+000
2 0 +5.397121262e+005 +5.398093762e+005 +5.398093762e+005 -2.2214e-001 -2.8713e-002 -5.1949e-001
7 0 +3.226528198e+005 +3.227500698e+005 +3.227500698e+005 -2.1613e+000 -1.0122e+000 +2.7943e-001
11 0 +5.275464001e+002 +6.247964001e+002 +6.247964001e+002 -1.7947e+000 +3.4020e+000 -2.9035e-001
12 0 +4.820966977e+001 +1.454596698e+002 +1.454596698e+002 -1.8597e+000 +2.5269e+000 -2.7456e-001
162 0 +1.981250867e+001 +1.170625087e+002 +1.170625087e+002 -3.0235e+000 +3.5152e+000 -6.6489e-001
200 0 +9.059555262e-001 +9.815595553e+001 +9.815595553e+001 +9.8245e-002 +5.5361e-001 +4.0655e-001
368 0 +6.124251364e-002 +9.731124251e+001 +9.731124251e+001 +4.8458e-001 +1.2735e+000 +5.1436e-001
443 0 +1.008681073e-002 +9.726008681e+001 +9.726008681e+001 +6.0556e-001 +1.1711e+000 +5.5541e-001
461 0 +1.789229464e-004 +9.725017892e+001 +9.725017892e+001 +5.8435e-001 +1.0831e+000 +5.5057e-001
708 0 +4.942358366e-005 +9.725004942e+001 +9.725004942e+001 +5.8065e-001 +1.0819e+000 +5.4940e-001
752 0 +3.488465785e-005 +9.725003488e+001 +9.725003488e+001 +5.7829e-001 +1.0795e+000 +5.4869e-001
771 0 +6.511860605e-006 +9.725000651e+001 +9.725000651e+001 +5.7854e-001 +1.0753e+000 +5.4886e-001
913 0 +6.060183182e-007 +9.725000061e+001 +9.725000061e+001 +5.7835e-001 +1.0764e+000 +5.4877e-001
1017 0 +2.005636333e-007 +9.725000020e+001 +9.725000020e+001 +5.7828e-001 +1.0761e+000 +5.4876e-001
1046 0 +8.006452390e-009 +9.725000001e+001 +9.725000001e+001 +5.7841e-001 +1.0760e+000 +5.4880e-001
% f evaluations | g evaluations | best noise-free fitness - Fopt (-2.033000000000e+001) + sum g_i+ | measured fitness | best measured fitness or single-digit g-values | x1 | x2...
1 0 +6.575949715e+007 +6.575947682e+007 +6.575947682e+007 -2.2484e+000 +4.1565e+000 -3.4153e+000
2 0 +5.212538392e+007 +5.212536359e+007 +5.212536359e+007 -7.9201e-001 +3.1847e+000 -3.6411e+000
3 0 +4.399591661e+006 +4.399571331e+006 +4.399571331e+006 +4.9082e+000 +6.0339e-001 +4.4865e+000
8 0 +3.413066555e+005 +3.412863255e+005 +3.412863255e+005 +5.0000e+000 +7.9456e-001 -7.5424e-001
14 0 +2.781721962e+004 +2.779688962e+004 +2.779688962e+004 +3.5310e+000 -2.0870e+000 +2.5519e+000
42 0 +1.554107184e+003 +1.533777184e+003 +1.533777184e+003 +2.3069e+000 +3.6786e+000 +4.5749e+000
88 0 +2.464365179e+002 +2.261065179e+002 +2.261065179e+002 +4.1048e+000 +1.9335e+000 +1.6528e+000
131 0 +2.077390185e+002 +1.874090185e+002 +1.874090185e+002 +2.1443e+000 +2.8651e+000 +4.8476e+000
181 0 +1.734208783e+002 +1.530908783e+002 +1.530908783e+002 +3.1709e+000 +1.9747e+000 +3.2285e+000
203 0 +4.655583674e+001 +2.622583674e+001 +2.622583674e+001 +3.2742e+000 -3.8697e-001 +3.1958e+000
204 0 +1.173185509e+001 -8.598144913e+000 -8.598144913e+000 +2.9525e+000 +1.6878e+000 +3.5723e+000
295 0 +3.072341752e+000 -1.725765825e+001 -1.725765825e+001 +3.1163e+000 +2.6042e+000 +3.2538e+000
303 0 +3.019903453e+000 -1.731009655e+001 -1.731009655e+001 +3.0913e+000 +2.5118e+000 +3.2990e+000
405 0 +2.556533162e+000 -1.777346684e+001 -1.777346684e+001 +3.3296e+000 +1.6555e+000 +2.9657e+000
428 0 +2.052439204e+000 -1.827756080e+001 -1.827756080e+001 +3.2450e+000 +2.9893e+000 +3.0187e+000
434 0 +1.503443609e+000 -1.882655639e+001 -1.882655639e+001 +3.7916e+000 +1.3908e+000 +2.2288e+000
455 0 +4.395096980e-001 -1.989049030e+001 -1.989049030e+001 +3.8441e+000 +2.3278e+000 +2.0826e+000
510 0 +5.604349304e-002 -2.027395651e+001 -2.027395651e+001 +3.9080e+000 +2.7292e+000 +1.9540e+000
520 0 +2.742656749e-003 -2.032725734e+001 -2.032725734e+001 +3.9319e+000 +2.4614e+000 +1.9321e+000
570 0 +6.590667442e-004 -2.032934093e+001 -2.032934093e+001 +3.9316e+000 +2.4949e+000 +1.9304e+000
676 0 +2.496918998e-004 -2.032975031e+001 -2.032975031e+001 +3.9220e+000 +2.5020e+000 +1.9456e+000
736 0 +2.106738158e-004 -2.032978933e+001 -2.032978933e+001 +3.9248e+000 +2.4903e+000 +1.9418e+000
751 0 +1.618350832e-005 -2.032998382e+001 -2.032998382e+001 +3.9286e+000 +2.4985e+000 +1.9351e+000
863 0 +1.215800262e-005 -2.032998784e+001 -2.032998784e+001 +3.9289e+000 +2.5028e+000 +1.9344e+000
898 0 +7.130423892e-006 -2.032999287e+001 -2.032999287e+001 +3.9282e+000 +2.4975e+000 +1.9358e+000
911 0 +4.367678041e-006 -2.032999563e+001 -2.032999563e+001 +3.9288e+000 +2.4987e+000 +1.9348e+000
959 0 +4.016359402e-006 -2.032999598e+001 -2.032999598e+001 +3.9288e+000 +2.5010e+000 +1.9346e+000
978 0 +1.441858970e-006 -2.032999856e+001 -2.032999856e+001 +3.9281e+000 +2.5003e+000 +1.9359e+000
1010 0 +2.304650906e-007 -2.032999977e+001 -2.032999977e+001 +3.9280e+000 +2.4998e+000 +1.9360e+000
1033 0 +2.142935536e-007 -2.032999979e+001 -2.032999979e+001 +3.9278e+000 +2.4998e+000 +1.9363e+000
1061 0 +1.641727252e-007 -2.032999984e+001 -2.032999984e+001 +3.9280e+000 +2.5000e+000 +1.9361e+000
1108 0 +7.351738773e-008 -2.032999993e+001 -2.032999993e+001 +3.9279e+000 +2.4998e+000 +1.9361e+000
1121 0 +3.925012848e-008 -2.032999996e+001 -2.032999996e+001 +3.9280e+000 +2.4998e+000 +1.9360e+000
1155 0 +2.370681429e-008 -2.032999998e+001 -2.032999998e+001 +3.9280e+000 +2.5000e+000 +1.9360e+000
1225 0 +3.089851930e-009 -2.033000000e+001 -2.033000000e+001 +3.9280e+000 +2.5000e+000 +1.9360e+000
% f evaluations | g evaluations | best noise-free fitness - Fopt (9.431000000000e+001) + sum g_i+ | measured fitness | best measured fitness or single-digit g-values | x1 | x2...
1 0 +6.924246404e+006 +6.924340714e+006 +6.924340714e+006 -2.7950e+000 +4.4934e+000 +6.7049e-001
4 0 +1.099507212e+005 +1.100450312e+005 +1.100450312e+005 +1.6400e+000 -3.6702e+000 -2.9473e+000
11 0 +6.093593806e+004 +6.103024806e+004 +6.103024806e+004 +1.0436e+000 -2.0988e+000 -2.3485e-001
16 0 +3.196001343e+004 +3.205432343e+004 +3.205432343e+004 -3.6087e+000 +2.1677e-001 -2.2310e+000
33 0 +3.688884307e+003 +3.783194307e+003 +3.783194307e+003 -3.6954e-001 -1.5543e+000 -2.1498e+000
35 0 +2.457933416e+003 +2.552243416e+003 +2.552243416e+003 +1.7841e-001 -2.8846e+000 -4.5242e+000
61 0 +2.111192847e+003 +2.205502847e+003 +2.205502847e+003 -9.6900e-001 -1.3247e+000 -2.4813e+000
73 0 +1.215749743e+003 +1.310059743e+003 +1.310059743e+003 +1.8979e+000 -3.9567e+000 -4.3606e+000
101 0 +2.715795822e+002 +3.658895822e+002 +3.658895822e+002 +1.5121e+000 -3.3913e+000 -3.5160e+000
166 0 +6.449059496e+001 +1.588005950e+002 +1.588005950e+002 -2.4035e+000 -4.3567e-001 -2.4531e+000
308 0 +4.550629788e+001 +1.398162979e+002 +1.398162979e+002 -1.3286e+000 -3.9368e-001 -6.1514e-001
327 0 +2.131939607e+001 +1.156293961e+002 +1.156293961e+002 -1.9298e+000 +8.4413e-001 +1.5164e+000
358 0 +1.768983716e+001 +1.119998372e+002 +1.119998372e+002 -1.2061e+000 +7.1734e-001 +2.3611e+000
370 0 +1.517554036e+001 +1.094855404e+002 +1.094855404e+002 -1.4055e+000 +7.1124e-001 +2.0252e+000
380 0 +1.244803541e+001 +1.067580354e+002 +1.067580354e+002 -2.2595e+000 +1.0363e+000 +1.4495e+000
428 0 +7.654351805e+000 +1.019643518e+002 +1.019643518e+002 -1.8470e+000 +1.4959e+000 +3.2701e+000
455 0 +7.191175928e+000 +1.015011759e+002 +1.015011759e+002 -1.5841e+000 +1.6380e+000 +4.0534e+000
462 0 +2.489928917e+000 +9.679992892e+001 +9.679992892e+001 -2.7638e+000 +2.0792e+000 +3.2352e+000
500 0 +2.218005131e+000 +9.652800513e+001 +9.652800513e+001 -2.8713e+000 +2.2361e+000 +3.4526e+000
526 0 +1.802153367e+000 +9.611215337e+001 +9.611215337e+001 -3.2630e+000 +2.9862e+000 +4.6872e+000
530 0 +1.623586289e+000 +9.593358629e+001 +9.593358629e+001 -2.8714e+000 +2.6515e+000 +4.4921e+000
536 0 +5.562147875e-002 +9.436562148e+001 +9.436562148e+001 -3.6366e+000 +2.9573e+000 +4.0109e+000
586 0 +5.215344241e-002 +9.436215344e+001 +9.436215344e+001 -3.7886e+000 +2.9531e+000 +3.7534e+000
613 0 +8.674757293e-003 +9.431867476e+001 +9.431867476e+001 -3.8286e+000 +3.0180e+000 +3.8503e+000
634 0 +4.458948650e-003 +9.431445895e+001 +9.431445895e+001 -3.8580e+000 +3.0744e+000 +3.9435e+000
677 0 +3.936403993e-003 +9.431393640e+001 +9.431393640e+001 -3.7728e+000 +3.0263e+000 +3.9617e+000
712 0 +4.964307752e-004 +9.431049643e+001 +9.431049643e+001 -3.8257e+000 +3.0497e+000 +3.9341e+000
721 0 +4.525213363e-005 +9.431004525e+001 +9.431004525e+001 -3.8256e+000 +3.0500e+000 +3.9352e+000
803 0 +1.218788810e-005 +9.431001219e+001 +9.431001219e+001 -3.8281e+000 +3.0535e+000 +3.9396e+000
895 0 +1.116534881e-005 +9.431001117e+001 +9.431001117e+001 -3.8248e+000 +3.0514e+000 +3.9399e+000
941 0 +3.063193205e-006 +9.431000306e+001 +9.431000306e+001 -3.8271e+000 +3.0538e+000 +3.9421e+000
1005 0 +2.642846226e-007 +9.431000026e+001 +9.431000026e+001 -3.8265e+000 +3.0529e+000 +3.9409e+000
1102 0 +9.147018432e-008 +9.431000009e+001 +9.431000009e+001 -3.8263e+000 +3.0526e+000 +3.9406e+000
1128 0 +5.499072131e-008 +9.431000005e+001 +9.431000005e+001 -3.8262e+000 +3.0527e+000 +3.9409e+000
1165 0 +4.453184488e-009 +9.431000000e+001 +9.431000000e+001 -3.8264e+000 +3.0528e+000 +3.9409e+000
% f evaluations | g evaluations | best noise-free fitness - Fopt (-1.436900000000e+002) + sum g_i+ | measured fitness | best measured fitness or single-digit g-values | x1 | x2...
1 0 +7.671269656e+004 +7.656900656e+004 +7.656900656e+004 -2.4514e+000 -5.7666e-002 +2.0874e+000
13 0 +6.338057885e+004 +6.323688885e+004 +6.323688885e+004 +2.3452e+000 +1.6615e+000 +4.8869e-001
21 0 +1.478754333e+004 +1.464385333e+004 +1.464385333e+004 -3.6540e+000 +7.8713e-001 -4.5368e+000
46 0 +2.795727016e+003 +2.652037016e+003 +2.652037016e+003 -3.5499e+000 +1.3807e-001 -4.1342e-001
59 0 +8.537637090e+002 +7.100737090e+002 +7.100737090e+002 -1.6038e+000 +6.9530e-001 +2.1663e-001
78 0 +7.498043154e+002 +6.061143154e+002 +6.061143154e+002 -9.3314e-001 +1.2591e+000 -2.6919e+000
111 0 +4.508458967e+001 -9.860541033e+001 -9.860541033e+001 -4.0867e+000 -3.3968e-001 +2.5469e+000
220 0 +3.821884935e+001 -1.054711507e+002 -1.054711507e+002 -2.2700e+000 +6.2833e-001 -6.5551e-001
226 0 +9.412222467e+000 -1.342777775e+002 -1.342777775e+002 -2.7724e+000 +4.0125e-001 -1.2291e-001
250 0 +7.022953443e+000 -1.366670466e+002 -1.366670466e+002 -2.7611e+000 +2.6490e-001 +1.0161e+000
258 0 +4.649212109e+000 -1.390407879e+002 -1.390407879e+002 -2.8884e+000 +1.8851e-001 +1.3430e+000
405 0 +4.261194271e+000 -1.394288057e+002 -1.394288057e+002 -2.8962e+000 +1.6282e-001 +1.5345e+000
425 0 +1.705030217e+000 -1.419849698e+002 -1.419849698e+002 -2.3460e+000 +2.9854e-001 +1.8257e+000
451 0 +1.174799783e+000 -1.425152002e+002 -1.425152002e+002 -2.3031e+000 +2.8082e-001 +2.0834e+000
497 0 +2.169672851e-001 -1.434730327e+002 -1.434730327e+002 -1.1363e+000 +6.4082e-001 +2.1244e+000
583 0 +4.558446982e-002 -1.436444155e+002 -1.436444155e+002 -1.3820e+000 +4.9099e-001 +2.7267e+000
604 0 +2.296257198e-002 -1.436670374e+002 -1.436670374e+002 -1.2752e+000 +5.4087e-001 +2.5917e+000
639 0 +1.118627600e-003 -1.436888814e+002 -1.436888814e+002 -1.3776e+000 +5.1340e-001 +2.5532e+000
775 0 +2.947373580e-004 -1.436897053e+002 -1.436897053e+002 -1.3602e+000 +5.2120e-001 +2.5338e+000
795 0 +1.106924909e-004 -1.436898893e+002 -1.436898893e+002 -1.3718e+000 +5.1914e-001 +2.5209e+000
855 0 +4.886495367e-005 -1.436899511e+002 -1.436899511e+002 -1.3783e+000 +5.1661e-001 +2.5247e+000
937 0 +3.275556426e-005 -1.436899672e+002 -1.436899672e+002 -1.3699e+000 +5.1899e-001 +2.5268e+000
988 0 +1.242383226e-005 -1.436899876e+002 -1.436899876e+002 -1.3697e+000 +5.1914e-001 +2.5262e+000
1003 0 +2.803345609e-006 -1.436899972e+002 -1.436899972e+002 -1.3716e+000 +5.1846e-001 +2.5269e+000
1119 0 +7.635731549e-007 -1.436899992e+002 -1.436899992e+002 -1.3720e+000 +5.1849e-001 +2.5256e+000
1167 0 +3.550694601e-007 -1.436899996e+002 -1.436899996e+002 -1.3720e+000 +5.1842e-001 +2.5261e+000
1184 0 +1.941270398e-007 -1.436899998e+002 -1.436899998e+002 -1.3720e+000 +5.1843e-001 +2.5262e+000
1247 0 +2.004051680e-008 -1.436900000e+002 -1.436900000e+002 -1.3720e+000 +5.1840e-001 +2.5265e+000
1293 0 +7.074049790e-009 -1.436900000e+002 -1.436900000e+002 -1.3720e+000 +5.1841e-001 +2.5265e+000
% f evaluations | g evaluations | best noise-free fitness - Fopt (-3.533800000000e+002) + sum g_i+ | measured fitness | best measured fitness or single-digit g-values | x1 | x2...
1 0 +1.291515169e+007 +1.291479831e+007 +1.291479831e+007 +3.4382e+000 +5.3777e-001 +1.6992e+000
3 0 +4.069240061e+006 +4.068886681e+006 +4.068886681e+006 -3.5697e+000 -3.9557e+000 -1.0674e+000
4 0 +1.606704585e+006 +1.606351205e+006 +1.606351205e+006 +3.6239e+000 -1.3354e+000 -4.1699e+000
10 0 +5.338325942e+002 +1.804525942e+002 +1.804525942e+002 -1.5993e+000 +3.0447e+000 +1.8585e+000
17 0 +3.092436545e+001 -3.224556346e+002 -3.224556346e+002 -2.0122e+000 +2.7508e+000 +1.7697e+000
255 0 +2.235348897e+001 -3.310265110e+002 -3.310265110e+002 -2.7628e+000 +1.2554e+000 +6.9169e-001
263 0 +1.014042302e+001 -3.432395770e+002 -3.432395770e+002 -1.9386e+000 +1.1907e+000 +1.0556e-001
318 0 +6.068293307e+000 -3.473117067e+002 -3.473117067e+002 -2.0492e+000 +3.2944e+000 +2.3663e+000
447 0 +5.189586931e+000 -3.481904131e+002 -3.481904131e+002 -4.1652e+000 +2.6989e+000 +3.0861e+000
453 0 +4.850692232e+000 -3.485293078e+002 -3.485293078e+002 -1.9697e+000 +2.9325e+000 +1.9395e+000
495 0 +3.704597241e+000 -3.496754028e+002 -3.496754028e+002 -2.3810e+000 +2.6455e+000 +1.9029e+000
496 0 +3.023875350e-001 -3.530776125e+002 -3.530776125e+002 -3.7977e+000 +1.2398e+000 +1.3383e+000
520 0 +6.104957093e-002 -3.533189504e+002 -3.533189504e+002 -3.6238e+000 +1.5823e+000 +1.5840e+000
565 0 +3.904381898e-002 -3.533409562e+002 -3.533409562e+002 -3.7660e+000 +1.4552e+000 +1.5418e+000
599 0 +3.544938764e-003 -3.533764551e+002 -3.533764551e+002 -3.6044e+000 +1.5052e+000 +1.4912e+000
645 0 +2.241274709e-004 -3.533797759e+002 -3.533797759e+002 -3.6255e+000 +1.5114e+000 +1.5110e+000
814 0 +1.189655222e-005 -3.533799881e+002 -3.533799881e+002 -3.6246e+000 +1.5072e+000 +1.5061e+000
893 0 +9.504084062e-006 -3.533799905e+002 -3.533799905e+002 -3.6250e+000 +1.5048e+000 +1.5038e+000
981 0 +1.289736417e-006 -3.533799987e+002 -3.533799987e+002 -3.6245e+000 +1.5051e+000 +1.5037e+000
999 0 +1.074453792e-006 -3.533799989e+002 -3.533799989e+002 -3.6242e+000 +1.5060e+000 +1.5045e+000
1086 0 +9.962940908e-007 -3.533799990e+002 -3.533799990e+002 -3.6244e+000 +1.5058e+000 +1.5045e+000
1118 0 +1.033778290e-007 -3.533799999e+002 -3.533799999e+002 -3.6237e+000 +1.5057e+000 +1.5039e+000
1148 0 +8.547118568e-008 -3.533799999e+002 -3.533799999e+002 -3.6237e+000 +1.5056e+000 +1.5038e+000
1186 0 +2.998791615e-008 -3.533800000e+002 -3.533800000e+002 -3.6240e+000 +1.5057e+000 +1.5041e+000
1232 0 +7.680910130e-009 -3.533800000e+002 -3.533800000e+002 -3.6240e+000 +1.5055e+000 +1.5040e+000
% f evaluations | g evaluations | best noise-free fitness - Fopt (-2.910000000000e+000) + sum g_i+ | measured fitness | best measured fitness or single-digit g-values | x1 | x2...
1 0 +1.144224460e+006 +1.144221550e+006 +1.144221550e+006 +3.9278e+000 -1.0462e+000 +2.7386e+000
4 0 +1.169487382e+005 +1.169458282e+005 +1.169458282e+005 +9.3809e-001 +3.1413e+000 -9.1516e-002
11 0 +1.881881796e+003 +1.878971796e+003 +1.878971796e+003 +8.2301e-001 +1.4771e+000 -2.9594e-001
12 0 +7.378244113e+002 +7.349144113e+002 +7.349144113e+002 +7.9880e-001 +1.5103e+000 -3.1484e-001
93 0 +2.532261038e+002 +2.503161038e+002 +2.503161038e+002 +3.0640e+000 +1.8609e+000 +2.3849e+000
106 0 +1.594802575e+002 +1.565702575e+002 +1.565702575e+002 +2.4593e+000 +4.8730e-001 +2.0986e+000
133 0 +1.501492985e+002 +1.472392985e+002 +1.472392985e+002 +2.8312e+000 -1.0304e+000 +3.1006e+000
161 0 +3.435554910e+001 +3.144554910e+001 +3.144554910e+001 +6.1212e-001 +1.6803e+000 -5.6364e-001
194 0 +1.647620622e+000 -1.262379378e+000 -1.262379378e+000 +3.4669e+000 +7.8797e-001 +3.2634e+000
265 0 +1.386221421e+000 -1.523778579e+000 -1.523778579e+000 +3.2020e+000 +1.9287e+000 +2.5566e+000
362 0 +1.242749957e+000 -1.667250043e+000 -1.667250043e+000 +3.4332e+000 +1.0248e+000 +3.1445e+000
385 0 +5.225220355e-001 -2.387477964e+000 -2.387477964e+000 +3.5814e+000 +2.1882e+000 +2.9399e+000
413 0 +4.141287171e-001 -2.495871283e+000 -2.495871283e+000 +3.6631e+000 +1.3438e+000 +3.3218e+000
470 0 +1.355711246e-001 -2.774428875e+000 -2.774428875e+000 +3.5897e+000 +1.6729e+000 +3.1215e+000
534 0 +3.952804473e-003 -2.906047196e+000 -2.906047196e+000 +3.7363e+000 +1.9748e+000 +3.2029e+000
568 0 +3.063840299e-003 -2.906936160e+000 -2.906936160e+000 +3.7138e+000 +1.8783e+000 +3.2070e+000
656 0 +1.091192691e-004 -2.909890881e+000 -2.909890881e+000 +3.7376e+000 +1.9295e+000 +3.2194e+000
743 0 +1.952640662e-006 -2.909998047e+000 -2.909998047e+000 +3.7353e+000 +1.9232e+000 +3.2187e+000
766 0 +1.541042814e-006 -2.909998459e+000 -2.909998459e+000 +3.7346e+000 +1.9224e+000 +3.2180e+000
899 0 +1.493110875e-006 -2.909998507e+000 -2.909998507e+000 +3.7339e+000 +1.9222e+000 +3.2174e+000
979 0 +3.613114670e-007 -2.909999639e+000 -2.909999639e+000 +3.7341e+000 +1.9228e+000 +3.2173e+000
992 0 +1.257674231e-007 -2.909999874e+000 -2.909999874e+000 +3.7342e+000 +1.9230e+000 +3.2174e+000
1089 0 +2.213159611e-008 -2.909999978e+000 -2.909999978e+000 +3.7344e+000 +1.9231e+000 +3.2177e+000
1187 0 +5.882841325e-009 -2.909999994e+000 -2.909999994e+000 +3.7344e+000 +1.9231e+000 +3.2176e+000
% f evaluations | g evaluations | best noise-free fitness - Fopt (-2.970000000000e+000) + sum g_i+ | measured fitness | best measured fitness or single-digit g-values | x1 | x2...
1 0 +3.264862116e+007 +3.264861819e+007 +3.264861819e+007 -1.6235e+000 +2.0368e+000 +4.5816e+000
2 0 +3.097302439e+007 +3.097302142e+007 +3.097302142e+007 -1.4933e+000 +1.7404e+000 +3.9613e+000
3 0 +5.733271102e+006 +5.733268132e+006 +5.733268132e+006 -3.9902e+000 +3.4394e+000 -4.3166e+000
4 0 +3.353154365e+006 +3.353151395e+006 +3.353151395e+006 +2.7154e+000 +4.5223e+000 -3.1122e+000
8 0 +1.925300446e+006 +1.925297476e+006 +1.925297476e+006 +5.7848e-001 +8.2122e-001 -5.0000e+000
9 0 +2.298693947e+005 +2.298664247e+005 +2.298664247e+005 +4.4906e+000 +1.9901e+000 -2.0735e+000
11 0 +9.514034419e+001 +9.217034419e+001 +9.217034419e+001 +3.2425e+000 +1.3759e+000 -3.5932e+000
129 0 +1.112163580e+001 +8.151635798e+000 +8.151635798e+000 +3.3785e+000 +2.6353e+000 -1.3198e+000
323 0 +8.673056305e+000 +5.703056305e+000 +5.703056305e+000 +3.2346e+000 +2.0054e+000 -2.5764e+000
349 0 +5.678112209e+000 +2.708112209e+000 +2.708112209e+000 +3.3133e+000 +2.5135e+000 -1.6157e+000
407 0 +2.375906508e+000 -5.940934920e-001 -5.940934920e-001 +2.9370e+000 +1.3074e+000 -4.1306e+000
461 0 +1.064513109e+000 -1.905486891e+000 -1.905486891e+000 +3.2062e+000 +1.6163e+000 -3.2609e+000
531 0 +7.771969447e-001 -2.192803055e+000 -2.192803055e+000 +3.2139e+000 +1.4815e+000 -3.4763e+000
569 0 +6.726857358e-001 -2.297314264e+000 -2.297314264e+000 +3.3573e+000 +1.5539e+000 -3.1663e+000
577 0 +5.291392502e-001 -2.440860750e+000 -2.440860750e+000 +3.5058e+000 +1.4919e+000 -3.0751e+000
628 0 +8.459503948e-002 -2.885404961e+000 -2.885404961e+000 +3.8669e+000 +1.1553e+000 -3.1668e+000
643 0 +1.524294845e-002 -2.954757052e+000 -2.954757052e+000 +3.9666e+000 +1.1285e+000 -3.0804e+000
667 0 +4.776084491e-003 -2.965223916e+000 -2.965223916e+000 +3.9501e+000 +1.1125e+000 -3.1288e+000
696 0 +3.269222253e-004 -2.969673078e+000 -2.969673078e+000 +3.9646e+000 +1.0740e+000 -3.1744e+000
739 0 +2.292392096e-004 -2.969770761e+000 -2.969770761e+000 +3.9686e+000 +1.0666e+000 -3.1816e+000
753 0 +1.844527734e-004 -2.969815547e+000 -2.969815547e+000 +3.9704e+000 +1.0654e+000 -3.1812e+000
810 0 +1.020664916e-004 -2.969897934e+000 -2.969897934e+000 +3.9742e+000 +1.0691e+000 -3.1701e+000
842 0 +3.577225170e-006 -2.969996423e+000 -2.969996423e+000 +3.9787e+000 +1.0625e+000 -3.1752e+000
1053 0 +1.158254471e-006 -2.969998842e+000 -2.969998842e+000 +3.9775e+000 +1.0619e+000 -3.1778e+000
1098 0 +5.185463747e-008 -2.969999948e+000 -2.969999948e+000 +3.9776e+000 +1.0624e+000 -3.1769e+000
1117 0 +4.820100052e-008 -2.969999952e+000 -2.969999952e+000 +3.9775e+000 +1.0624e+000 -3.1768e+000
1317 0 +3.591195341e-009 -2.969999996e+000 -2.969999996e+000 +3.9776e+000 +1.0624e+000 -3.1768e+000
% f evaluations | g evaluations | best noise-free fitness - Fopt (2.996300000000e+002) + sum g_i+ | measured fitness | best measured fitness or single-digit g-values | x1 | x2...
1 0 +2.161999061e+007 +2.162029024e+007 +2.162029024e+007 +1.3732e+000 +3.7990e+000 -4.9462e+000
2 0 +7.361340543e+006 +7.361640173e+006 +7.361640173e+006 -4.5662e+000 -4.1983e+000 +3.2682e+000
3 0 +2.718091306e+005 +2.721087606e+005 +2.721087606e+005 +2.1556e+000 -8.5882e-001 -1.2048e+000
11 0 +1.456019773e+004 +1.485982773e+004 +1.485982773e+004 +1.6890e+000 -1.9738e+000 +3.5227e+000
36 0 +1.263458420e+004 +1.293421420e+004 +1.293421420e+004 -3.0776e+000 -1.0250e+000 -1.9858e+000
46 0 +1.043419127e+001 +3.100641913e+002 +3.100641913e+002 +9.4190e-001 -1.1640e+000 -2.3022e+000
350 0 +9.572746014e+000 +3.092027460e+002 +3.092027460e+002 +1.0556e-001 -1.2544e+000 -9.2998e-001
363 0 +9.016347903e+000 +3.086463479e+002 +3.086463479e+002 +6.8093e-001 -1.2555e+000 -1.3376e+000
394 0 +5.565053429e+000 +3.051950534e+002 +3.051950534e+002 -1.4187e-002 -1.2097e+000 -1.2748e+000
422 0 +5.194381037e+000 +3.048243810e+002 +3.048243810e+002 +3.4739e-001 -1.0978e+000 -2.5661e+000
436 0 +4.381599113e+000 +3.040115991e+002 +3.040115991e+002 +1.0173e-001 -1.0232e+000 -3.0889e+000
440 0 +1.559290792e+000 +3.011892908e+002 +3.011892908e+002 +7.4768e-001 -1.1416e+000 -2.4037e+000
488 0 +8.277641288e-001 +3.004577641e+002 +3.004577641e+002 +5.8250e-001 -1.0430e+000 -3.2144e+000
500 0 +5.525430914e-001 +3.001825431e+002 +3.001825431e+002 +1.5715e+000 -1.0841e+000 -3.4856e+000
518 0 +2.760090400e-001 +2.999060090e+002 +2.999060090e+002 +9.7516e-001 -9.9031e-001 -3.9486e+000
523 0 +1.365038720e-001 +2.997665039e+002 +2.997665039e+002 +1.1322e+000 -1.0560e+000 -3.4517e+000
564 0 +4.318860426e-003 +2.996343189e+002 +2.996343189e+002 +7.8277e-001 -1.0201e+000 -3.5500e+000
602 0 +3.992143292e-003 +2.996339921e+002 +2.996339921e+002 +7.7968e-001 -1.0179e+000 -3.5675e+000
649 0 +1.451824552e-003 +2.996314518e+002 +2.996314518e+002 +7.9075e-001 -1.0228e+000 -3.5304e+000
681 0 +9.494630569e-004 +2.996309495e+002 +2.996309495e+002 +8.1569e-001 -1.0263e+000 -3.5143e+000
719 0 +5.616959230e-004 +2.996305617e+002 +2.996305617e+002 +7.9935e-001 -1.0263e+000 -3.5033e+000
755 0 +3.310133036e-005 +2.996300331e+002 +2.996300331e+002 +7.9110e-001 -1.0253e+000 -3.5076e+000
790 0 +9.128131069e-006 +2.996300091e+002 +2.996300091e+002 +7.8857e-001 -1.0251e+000 -3.5075e+000
878 0 +8.813034867e-006 +2.996300088e+002 +2.996300088e+002 +7.8399e-001 -1.0248e+000 -3.5071e+000
919 0 +7.959399909e-006 +2.996300080e+002 +2.996300080e+002 +7.8423e-001 -1.0246e+000 -3.5092e+000
1032 0 +3.853349995e-006 +2.996300039e+002 +2.996300039e+002 +7.8759e-001 -1.0249e+000 -3.5090e+000
1060 0 +5.023917993e-008 +2.996300001e+002 +2.996300001e+002 +7.8623e-001 -1.0248e+000 -3.5086e+000
1088 0 +2.048773240e-008 +2.996300000e+002 +2.996300000e+002 +7.8628e-001 -1.0248e+000 -3.5087e+000
1229 0 +5.489710020e-009 +2.996300000e+002 +2.996300000e+002 +7.8634e-001 -1.0248e+000 -3.5088e+000
