% f evaluations | g evaluations | best noise-free fitness - Fopt (-1.694000000000e+001) + sum g_i+ | measured fitness | best measured fitness or single-digit g-values | x1 | x2...
1 0 +3.216844002e+002 +3.047444002e+002 +3.047444002e+002 -2.9908e+000 +4.1200e+000 +1.4215e+000
2 0 +2.008648079e+001 +3.146480789e+000 +3.146480789e+000 +4.3279e+000 -1.1609e+000 -2.4143e+000
4 0 +1.865323358e+001 +1.713233581e+000 +1.713233581e+000 +3.9294e+000 -1.3009e+000 -1.0024e+000
11 0 +1.391151385e+001 -3.028486148e+000 -3.028486148e+000 +1.3501e+000 -7.1107e-001 -2.0036e+000
18 0 +9.050901444e+000 -7.889098556e+000 -7.889098556e+000 +4.1362e+000 +2.0636e+000 -3.6433e+000
20 0 +7.232755627e+000 -9.707244373e+000 -9.707244373e+000 +3.9554e+000 +2.2512e+000 -4.1995e+000
29 0 +3.176816137e+000 -1.376318386e+001 -1.376318386e+001 +3.3840e+000 +2.2090e+000 +3.3437e-001
45 0 +3.114615409e+000 -1.382538459e+001 -1.382538459e+001 +2.2688e+000 +1.5978e+000 -5.3650e-001
91 0 +2.376837279e+000 -1.456316272e+001 -1.456316272e+001 +3.8458e+000 +3.4796e+000 -1.8755e+000
112 0 +2.280065416e+000 -1.465993458e+001 -1.465993458e+001 +4.3660e+000 +2.3672e+000 -7.5681e-001
140 0 +2.164913080e+000 -1.477508692e+001 -1.477508692e+001 +4.0931e+000 +2.1488e+000 -9.1745e-001
160 0 +1.680375765e+000 -1.525962423e+001 -1.525962423e+001 +4.4220e+000 +3.2942e+000 -1.6924e+000
179 0 +5.324197052e-001 -1.640758029e+001 -1.640758029e+001 +3.2677e+000 +2.2298e+000 -1.1587e+000
241 0 +3.641620296e-001 -1.657583797e+001 -1.657583797e+001 +3.7797e+000 +2.8307e+000 -1.5312e+000
276 0 +2.904129475e-001 -1.664958705e+001 -1.664958705e+001 +3.6231e+000 +2.5745e+000 -1.5849e+000
315 0 +2.739607507e-001 -1.666603925e+001 -1.666603925e+001 +3.6207e+000 +2.5115e+000 -1.3451e+000
405 0 +2.668850955e-001 -1.667311490e+001 -1.667311490e+001 +3.6399e+000 +2.5115e+000 -1.6586e+000
411 0 +1.844751819e-002 -1.692155248e+001 -1.692155248e+001 +3.6398e+000 +2.5443e+000 -1.5215e+000
727 0 +1.753320508e-002 -1.692246679e+001 -1.692246679e+001 +3.6539e+000 +2.5431e+000 -1.5232e+000
883 0 +1.348727722e-002 -1.692651272e+001 -1.692651272e+001 +3.6475e+000 +2.5477e+000 -1.5288e+000
988 0 +7.979585763e-003 -1.693202041e+001 -1.693202041e+001 +3.6553e+000 +2.5435e+000 -1.5263e+000
1098 0 +7.760623471e-003 -1.693223938e+001 -1.693223938e+001 +3.6500e+000 +2.5440e+000 -1.5274e+000
1117 0 +6.343990628e-003 -1.693365601e+001 -1.693365601e+001 +3.6562e+000 +2.5470e+000 -1.5270e+000
1156 0 +3.810462083e-003 -1.693618954e+001 -1.693618954e+001 +3.6572e+000 +2.5496e+000 -1.5276e+000
1254 0 +3.575054886e-003 -1.693642495e+001 -1.693642495e+001 +3.6510e+000 +2.5442e+000 -1.5252e+000
1287 0 +1.907832081e-003 -1.693809217e+001 -1.693809217e+001 +3.6538e+000 +2.5478e+000 -1.5278e+000
1351 0 +1.711818181e-003 -1.693828818e+001 -1.693828818e+001 +3.6567e+000 +2.5498e+000 -1.5290e+000
1425 0 +1.678493813e-003 -1.693832151e+001 -1.693832151e+001 +3.6552e+000 +2.5491e+000 -1.5289e+000
1459 0 +7.591527751e-004 -1.693924085e+001 -1.693924085e+001 +3.6557e+000 +2.5495e+000 -1.5294e+000
1590 0 +6.285123520e-004 -1.693937149e+001 -1.693937149e+001 +3.6558e+000 +2.5498e+000 -1.5299e+000
1711 0 +6.135523756e-004 -1.693938645e+001 -1.693938645e+001 +3.6555e+000 +2.5491e+000 -1.5291e+000
1734 0 +3.304258716e-004 -1.693966957e+001 -1.693966957e+001 +3.6559e+000 +2.5496e+000 -1.5296e+000
1754 0 +2.388792321e-004 -1.693976112e+001 -1.693976112e+001 +3.6560e+000 +2.5497e+000 -1.5296e+000
1811 0 +2.324947633e-004 -1.693976751e+001 -1.693976751e+001 +3.6560e+000 +2.5497e+000 -1.5295e+000
1903 0 +1.777615609e-004 -1.693982224e+001 -1.693982224e+001 +3.6560e+000 +2.5496e+000 -1.5295e+000
1920 0 +1.679184072e-004 -1.693983208e+001 -1.693983208e+001 +3.6561e+000 +2.5497e+000 -1.5297e+000
2006 0 +1.152392698e-004 -1.693988476e+001 -1.693988476e+001 +3.6561e+000 +2.5497e+000 -1.5297e+000
2009 0 +4.695394186e-005 -1.693995305e+001 -1.693995305e+001 +3.6560e+000 +2.5496e+000 -1.5296e+000
2123 0 +3.482415368e-005 -1.693996518e+001 -1.693996518e+001 +3.6560e+000 +2.5496e+000 -1.5296e+000
2161 0 +2.944665326e-005 -1.693997055e+001 -1.693997055e+001 +3.6560e+000 +2.5496e+000 -1.5296e+000
2284 0 +1.383771004e-005 -1.693998616e+001 -1.693998616e+001 +3.6560e+000 +2.5496e+000 -1.5296e+000
2473 0 +1.226333748e-005 -1.693998774e+001 -1.693998774e+001 +3.6560e+000 +2.5496e+000 -1.5296e+000
2567 0 +1.153474380e-005 -1.693998847e+001 -1.693998847e+001 +3.6560e+000 +2.5496e+000 -1.5296e+000
2578 0 +8.727803635e-006 -1.693999127e+001 -1.693999127e+001 +3.6560e+000 +2.5496e+000 -1.5296e+000
2613 0 +3.258498818e-006 -1.693999674e+001 -1.693999674e+001 +3.6560e+000 +2.5496e+000 -1.5296e+000
2647 0 +1.503253213e-006 -1.693999850e+001 -1.693999850e+001 +3.6560e+000 +2.5496e+000 -1.5296e+000
2915 0 +8.041039727e-007 -1.693999920e+001 -1.693999920e+001 +3.6560e+000 +2.5496e+000 -1.5296e+000
2929 0 +7.382622762e-007 -1.693999926e+001 -1.693999926e+001 +3.6560e+000 +2.5496e+000 -1.5296e+000
3015 0 +5.126800247e-007 -1.693999949e+001 -1.693999949e+001 +3.6560e+000 +2.5496e+000 -1.5296e+000
3080 0 +4.827625375e-007 -1.693999952e+001 -1.693999952e+001 +3.6560e+000 +2.5496e+000 -1.5296e+000
3126 0 +4.616122879e-007 -1.693999954e+001 -1.693999954e+001 +3.6560e+000 +2.5496e+000 -1.5296e+000
3172 0 +1.081731256e-007 -1.693999989e+001 -1.693999989e+001 +3.6560e+000 +2.5496e+000 -1.5296e+000
3268 0 +9.392142530e-008 -1.693999991e+001 -1.693999991e+001 +3.6560e+000 +2.5496e+000 -1.5296e+000
3515 0 +6.835748323e-008 -1.693999993e+001 -1.693999993e+001 +3.6560e+000 +2.5496e+000 -1.5296e+000
3524 0 +5.919753576e-008 -1.693999994e+001 -1.693999994e+001 +3.6560e+000 +2.5496e+000 -1.5296e+000
3541 0 +2.252626885e-008 -1.693999998e+001 -1.693999998e+001 +3.6560e+000 +2.5496e+000 -1.5296e+000
3601 0 +1.450264620e-008 -1.693999999e+001 -1.693999999e+001 +3.6560e+000 +2.5496e+000 -1.5296e+000
3771 0 +7.255255952e-009 -1.693999999e+001 -1.693999999e+001 +3.6560e+000 +2.5496e+000 -1.5296e+000
% f evaluations | g evaluations | best noise-free fitness - Fopt (1.881000000000e+001) + sum g_i+ | measured fitness | best measured fitness or single-digit g-values | x1 | x2...
1 0 +2.326318472e+001 +4.207318472e+001 +4.207318472e+001 +6.9498e-002 -3.0308e+000 -3.4310e+000
2 0 +1.741880057e+001 +3.622880057e+001 +3.622880057e+001 -1.4624e+000 +3.5547e+000 +1.4807e+000
6 0 +1.686940205e+001 +3.567940205e+001 +3.567940205e+001 +3.7109e+000 -2.3292e+000 +2.5431e+000
8 0 +5.690573067e+000 +2.450057307e+001 +2.450057307e+001 +1.1435e+000 +4.1223e-001 -2.6327e-001
32 0 +4.565300828e+000 +2.337530083e+001 +2.337530083e+001 +1.8772e+000 +1.5490e+000 -1.3712e+000
41 0 +2.436978728e+000 +2.124697873e+001 +2.124697873e+001 +6.7490e-001 +1.2488e+000 -7.0161e-001
138 0 +1.481541779e+000 +2.029154178e+001 +2.029154178e+001 +2.1353e+000 +2.8892e+000 -2.2901e+000
143 0 +1.367178708e+000 +2.017717871e+001 +2.017717871e+001 -7.2808e-001 +1.7369e+000 -7.9802e-001
159 0 +6.803273471e-001 +1.949032735e+001 +1.949032735e+001 -5.6982e-001 +1.5791e+000 -5.7825e-001
166 0 +5.606849089e-001 +1.937068491e+001 +1.937068491e+001 -3.9316e-001 +1.7065e+000 -5.3666e-001
219 0 +4.559458133e-001 +1.926594581e+001 +1.926594581e+001 -4.6867e-001 +1.6824e+000 -5.7825e-001
343 0 +2.509365343e-001 +1.906093653e+001 +1.906093653e+001 -1.8080e-001 +1.7532e+000 -7.0636e-001
413 0 +1.228909913e-001 +1.893289099e+001 +1.893289099e+001 -1.4825e-001 +1.8097e+000 -8.1002e-001
473 0 +8.887589004e-002 +1.889887589e+001 +1.889887589e+001 -1.1070e-001 +1.8540e+000 -8.5683e-001
735 0 +8.338876385e-002 +1.889338876e+001 +1.889338876e+001 -1.9814e-001 +1.8080e+000 -8.7410e-001
751 0 +3.653258288e-002 +1.884653258e+001 +1.884653258e+001 -2.0516e-001 +1.7776e+000 -8.2484e-001
903 0 +3.565348243e-002 +1.884565348e+001 +1.884565348e+001 -2.0928e-001 +1.7744e+000 -8.0696e-001
919 0 +3.358033129e-002 +1.884358033e+001 +1.884358033e+001 -1.7856e-001 +1.8071e+000 -8.3688e-001
959 0 +1.925973023e-002 +1.882925973e+001 +1.882925973e+001 -2.0244e-001 +1.7820e+000 -8.2694e-001
1271 0 +1.612881547e-002 +1.882612882e+001 +1.882612882e+001 -2.0038e-001 +1.7773e+000 -8.1810e-001
1307 0 +1.291124224e-002 +1.882291124e+001 +1.882291124e+001 -2.0022e-001 +1.7710e+000 -8.1526e-001
1309 0 +1.042275657e-002 +1.882042276e+001 +1.882042276e+001 -1.8633e-001 +1.7805e+000 -8.2012e-001
1312 0 +9.303630725e-003 +1.881930363e+001 +1.881930363e+001 -1.8651e-001 +1.7799e+000 -8.1903e-001
1432 0 +7.269628407e-003 +1.881726963e+001 +1.881726963e+001 -1.8805e-001 +1.7799e+000 -8.1774e-001
1490 0 +6.259123378e-003 +1.881625912e+001 +1.881625912e+001 -1.9344e-001 +1.7803e+000 -8.2350e-001
1513 0 +5.241767634e-003 +1.881524177e+001 +1.881524177e+001 -1.9080e-001 +1.7827e+000 -8.2362e-001
1548 0 +3.202790788e-003 +1.881320279e+001 +1.881320279e+001 -1.9098e-001 +1.7803e+000 -8.2121e-001
1700 0 +1.467632053e-003 +1.881146763e+001 +1.881146763e+001 -1.9121e-001 +1.7811e+000 -8.2282e-001
1873 0 +1.165181413e-003 +1.881116518e+001 +1.881116518e+001 -1.9128e-001 +1.7810e+000 -8.2241e-001
1898 0 +1.002651495e-003 +1.881100265e+001 +1.881100265e+001 -1.9044e-001 +1.7811e+000 -8.2279e-001
1993 0 +8.616180327e-004 +1.881086162e+001 +1.881086162e+001 -1.9044e-001 +1.7811e+000 -8.2294e-001
2059 0 +7.550232470e-004 +1.881075502e+001 +1.881075502e+001 -1.9055e-001 +1.7812e+000 -8.2275e-001
2126 0 +6.730712499e-004 +1.881067307e+001 +1.881067307e+001 -1.9144e-001 +1.7809e+000 -8.2269e-001
2195 0 +4.037743389e-004 +1.881040377e+001 +1.881040377e+001 -1.9111e-001 +1.7809e+000 -8.2241e-001
2199 0 +3.197334727e-004 +1.881031973e+001 +1.881031973e+001 -1.9120e-001 +1.7807e+000 -8.2234e-001
2256 0 +2.604422078e-004 +1.881026044e+001 +1.881026044e+001 -1.9103e-001 +1.7808e+000 -8.2244e-001
2300 0 +2.319084177e-004 +1.881023191e+001 +1.881023191e+001 -1.9113e-001 +1.7807e+000 -8.2244e-001
2367 0 +1.227129327e-004 +1.881012271e+001 +1.881012271e+001 -1.9115e-001 +1.7808e+000 -8.2243e-001
2476 0 +1.162072595e-004 +1.881011621e+001 +1.881011621e+001 -1.9105e-001 +1.7809e+000 -8.2250e-001
2523 0 +6.720034269e-005 +1.881006720e+001 +1.881006720e+001 -1.9123e-001 +1.7808e+000 -8.2240e-001
2573 0 +5.683082338e-005 +1.881005683e+001 +1.881005683e+001 -1.9123e-001 +1.7808e+000 -8.2237e-001
2654 0 +4.607640511e-005 +1.881004608e+001 +1.881004608e+001 -1.9123e-001 +1.7808e+000 -8.2237e-001
2708 0 +2.970912121e-005 +1.881002971e+001 +1.881002971e+001 -1.9120e-001 +1.7808e+000 -8.2240e-001
2853 0 +2.282792999e-005 +1.881002283e+001 +1.881002283e+001 -1.9120e-001 +1.7808e+000 -8.2239e-001
3019 0 +1.965383511e-005 +1.881001965e+001 +1.881001965e+001 -1.9121e-001 +1.7808e+000 -8.2240e-001
3036 0 +5.584630234e-006 +1.881000558e+001 +1.881000558e+001 -1.9120e-001 +1.7808e+000 -8.2240e-001
3065 0 +1.155415216e-006 +1.881000116e+001 +1.881000116e+001 -1.9120e-001 +1.7808e+000 -8.2240e-001
3231 0 +9.778251062e-007 +1.881000098e+001 +1.881000098e+001 -1.9120e-001 +1.7808e+000 -8.2240e-001
3379 0 +7.179543644e-007 +1.881000072e+001 +1.881000072e+001 -1.9120e-001 +1.7808e+000 -8.2240e-001
3452 0 +5.603619329e-007 +1.881000056e+001 +1.881000056e+001 -1.9120e-001 +1.7808e+000 -8.2240e-001
3500 0 +1.254833677e-007 +1.881000013e+001 +1.881000013e+001 -1.9120e-001 +1.7808e+000 -8.2240e-001
3597 0 +7.319870932e-008 +1.881000007e+001 +1.881000007e+001 -1.9120e-001 +1.7808e+000 -8.2240e-001
3714 0 +6.959554710e-008 +1.881000007e+001 +1.881000007e+001 -1.9120e-001 +1.7808e+000 -8.2240e-001
3804 0 +6.889463577e-008 +1.881000007e+001 +1.881000007e+001 -1.9120e-001 +1.7808e+000 -8.2240e-001
3987 0 +6.044660594e-008 +1.881000006e+001 +1.881000006e+001 -1.9120e-001 +1.7808e+000 -8.2240e-001
4053 0 +1.790165527e-008 +1.881000002e+001 +1.881000002e+001 -1.9120e-001 +1.7808e+000 -8.2240e-001
4208 0 +8.517691441e-009 +1.881000001e+001 +1.881000001e+001 -1.9120e-001 +1.7808e+000 -8.2240e-001
% f evaluations | g evaluations | best noise-free fitness - Fopt (2.731500000000e+002) + sum g_i+ | measured fitness | best measured fitness or single-digit g-values | x1 | x2...
1 0 +3.439903686e+001 +3.075490369e+002 +3.075490369e+002 +1.7813e+000 +2.8421e+000 -1.8463e+000
3 0 +1.679433650e+001 +2.899443365e+002 +2.899443365e+002 +9.5296e-001 +1.4279e+000 +1.4242e+000
8 0 +1.047034905e+001 +2.836203490e+002 +2.836203490e+002 -5.0000e+000 +5.0000e+000 +1.3944e+000
13 0 +3.171454380e+000 +2.763214544e+002 +2.763214544e+002 -4.8091e+000 +2.5620e+000 -5.3941e-001
34 0 +2.503582630e+000 +2.756535826e+002 +2.756535826e+002 -3.9010e+000 +4.3355e+000 +3.5882e-001
41 0 +2.133892544e+000 +2.752838925e+002 +2.752838925e+002 -2.3014e+000 +4.6753e+000 -8.6536e-001
73 0 +1.226665459e+000 +2.743766655e+002 +2.743766655e+002 -3.9852e+000 +4.1916e+000 -5.6376e-001
137 0 +1.156399428e+000 +2.743063994e+002 +2.743063994e+002 -3.3523e+000 +3.8014e+000 -9.6137e-001
175 0 +9.231084376e-001 +2.740731084e+002 +2.740731084e+002 -4.0573e+000 +2.5457e+000 -9.5190e-001
217 0 +7.315568918e-001 +2.738815569e+002 +2.738815569e+002 -3.7834e+000 +3.4682e+000 -2.2003e-001
235 0 +6.369845460e-001 +2.737869845e+002 +2.737869845e+002 -3.5063e+000 +3.6073e+000 -4.0863e-001
239 0 +4.572456658e-001 +2.736072457e+002 +2.736072457e+002 -3.5750e+000 +3.4503e+000 -3.5423e-001
341 0 +2.514931533e-001 +2.734014932e+002 +2.734014932e+002 -3.5782e+000 +3.6488e+000 -5.4926e-001
385 0 +1.866321448e-001 +2.733366321e+002 +2.733366321e+002 -3.6159e+000 +3.7068e+000 -5.2554e-001
397 0 +1.308621338e-001 +2.732808621e+002 +2.732808621e+002 -3.6287e+000 +3.7187e+000 -4.8147e-001
422 0 +1.000856387e-001 +2.732500856e+002 +2.732500856e+002 -3.5391e+000 +3.7843e+000 -4.8959e-001
473 0 +6.449969591e-002 +2.732144997e+002 +2.732144997e+002 -3.5409e+000 +3.7383e+000 -4.8385e-001
607 0 +3.447618187e-002 +2.731844762e+002 +2.731844762e+002 -3.5594e+000 +3.7829e+000 -4.7434e-001
732 0 +1.436771740e-002 +2.731643677e+002 +2.731643677e+002 -3.5758e+000 +3.7552e+000 -4.7275e-001
954 0 +1.083931119e-002 +2.731608393e+002 +2.731608393e+002 -3.5837e+000 +3.7553e+000 -4.7974e-001
956 0 +1.057890396e-002 +2.731605789e+002 +2.731605789e+002 -3.5766e+000 +3.7580e+000 -4.7610e-001
965 0 +1.037425133e-002 +2.731603743e+002 +2.731603743e+002 -3.5869e+000 +3.7394e+000 -4.7820e-001
971 0 +8.238137456e-003 +2.731582381e+002 +2.731582381e+002 -3.5775e+000 +3.7570e+000 -4.7454e-001
1119 0 +4.848379936e-003 +2.731548484e+002 +2.731548484e+002 -3.5788e+000 +3.7551e+000 -4.7843e-001
1239 0 +3.829450543e-003 +2.731538295e+002 +2.731538295e+002 -3.5753e+000 +3.7600e+000 -4.7796e-001
1251 0 +3.649151317e-003 +2.731536492e+002 +2.731536492e+002 -3.5792e+000 +3.7540e+000 -4.7900e-001
1277 0 +3.087654560e-003 +2.731530877e+002 +2.731530877e+002 -3.5775e+000 +3.7555e+000 -4.7715e-001
1288 0 +1.680902557e-003 +2.731516809e+002 +2.731516809e+002 -3.5795e+000 +3.7530e+000 -4.7876e-001
1392 0 +1.413241594e-003 +2.731514132e+002 +2.731514132e+002 -3.5793e+000 +3.7534e+000 -4.7904e-001
1470 0 +8.145785047e-004 +2.731508146e+002 +2.731508146e+002 -3.5788e+000 +3.7542e+000 -4.7821e-001
1560 0 +7.621762934e-004 +2.731507622e+002 +2.731507622e+002 -3.5788e+000 +3.7542e+000 -4.7822e-001
1603 0 +4.640468194e-004 +2.731504640e+002 +2.731504640e+002 -3.5789e+000 +3.7534e+000 -4.7824e-001
1630 0 +3.566410946e-004 +2.731503566e+002 +2.731503566e+002 -3.5792e+000 +3.7538e+000 -4.7843e-001
1734 0 +2.879811685e-004 +2.731502880e+002 +2.731502880e+002 -3.5791e+000 +3.7537e+000 -4.7827e-001
1746 0 +2.389552984e-004 +2.731502390e+002 +2.731502390e+002 -3.5793e+000 +3.7534e+000 -4.7833e-001
1811 0 +2.254694995e-004 +2.731502255e+002 +2.731502255e+002 -3.5791e+000 +3.7537e+000 -4.7841e-001
1858 0 +1.573170267e-004 +2.731501573e+002 +2.731501573e+002 -3.5792e+000 +3.7536e+000 -4.7840e-001
1944 0 +9.862457318e-005 +2.731500986e+002 +2.731500986e+002 -3.5792e+000 +3.7535e+000 -4.7841e-001
1962 0 +8.238616670e-005 +2.731500824e+002 +2.731500824e+002 -3.5792e+000 +3.7536e+000 -4.7842e-001
2002 0 +6.870671228e-005 +2.731500687e+002 +2.731500687e+002 -3.5792e+000 +3.7536e+000 -4.7842e-001
2030 0 +3.493551816e-005 +2.731500349e+002 +2.731500349e+002 -3.5792e+000 +3.7536e+000 -4.7841e-001
2158 0 +3.055014400e-005 +2.731500306e+002 +2.731500306e+002 -3.5792e+000 +3.7536e+000 -4.7840e-001
2170 0 +2.611557721e-005 +2.731500261e+002 +2.731500261e+002 -3.5792e+000 +3.7536e+000 -4.7839e-001
2231 0 +1.969542706e-005 +2.731500197e+002 +2.731500197e+002 -3.5792e+000 +3.7536e+000 -4.7840e-001
2340 0 +1.456526002e-005 +2.731500146e+002 +2.731500146e+002 -3.5792e+000 +3.7536e+000 -4.7840e-001
2360 0 +4.722396227e-006 +2.731500047e+002 +2.731500047e+002 -3.5792e+000 +3.7536e+000 -4.7840e-001
2648 0 +4.494130678e-006 +2.731500045e+002 +2.731500045e+002 -3.5792e+000 +3.7536e+000 -4.7840e-001
2671 0 +3.481909459e-006 +2.731500035e+002 +2.731500035e+002 -3.5792e+000 +3.7536e+000 -4.7840e-001
2674 0 +9.136702488e-007 +2.731500009e+002 +2.731500009e+002 -3.5792e+000 +3.7536e+000 -4.7840e-001
2815 0 +5.487294175e-007 +2.731500005e+002 +2.731500005e+002 -3.5792e+000 +3.7536e+000 -4.7840e-001
3016 0 +1.339681717e-007 +2.731500001e+002 +2.731500001e+002 -3.5792e+000 +3.7536e+000 -4.7840e-001
3045 0 +8.716841648e-008 +2.731500001e+002 +2.731500001e+002 -3.5792e+000 +3.7536e+000 -4.7840e-001
3199 0 +5.347305887e-008 +2.731500001e+002 +2.731500001e+002 -3.5792e+000 +3.7536e+000 -4.7840e-001
3355 0 +4.366728490e-008 +2.731500000e+002 +2.731500000e+002 -3.5792e+000 +3.7536e+000 -4.7840e-001
3357 0 +3.788011327e-008 +2.731500000e+002 +2.731500000e+002 -3.5792e+000 +3.7536e+000 -4.7840e-001
3452 0 +1.146167961e-008 +2.731500000e+002 +2.731500000e+002 -3.5792e+000 +3.7536e+000 -4.7840e-001
3514 0 +6.422396837e-009 +2.731500000e+002 +2.731500000e+002 -3.5792e+000 +3.7536e+000 -4.7840e-001
% f evaluations | g evaluations | best noise-free fitness - Fopt (3.718000000000e+001) + sum g_i+ | measured fitness | best measured fitness or single-digit g-values | x1 | x2...
1 0 +1.185495625e+001 +4.903495625e+001 +4.903495625e+001 -2.8970e+000 -2.6598e-001 +7.4185e-001
2 0 +5.383351188e+000 +4.256335119e+001 +4.256335119e+001 +2.4745e+000 +2.1309e+000 +2.0087e+000
30 0 +2.533156575e+000 +3.971315657e+001 +3.971315657e+001 -3.4901e+000 +2.0460e+000 +2.8108e+000
96 0 +2.454010073e+000 +3.963401007e+001 +3.963401007e+001 -3.2470e+000 +2.7357e+000 +1.5903e+000
97 0 +2.084603668e+000 +3.926460367e+001 +3.926460367e+001 -2.9820e+000 +1.9644e+000 +2.1176e+000
116 0 +1.687138185e+000 +3.886713819e+001 +3.886713819e+001 -3.8963e+000 +2.4348e+000 +1.4388e+000
142 0 +3.905646487e-001 +3.757056465e+001 +3.757056465e+001 -3.7169e+000 +2.0979e+000 +1.9959e+000
322 0 +3.738038687e-001 +3.755380387e+001 +3.755380387e+001 -3.7827e+000 +2.0343e+000 +1.8241e+000
333 0 +2.126138895e-001 +3.739261389e+001 +3.739261389e+001 -3.5399e+000 +2.2367e+000 +2.1136e+000
514 0 +1.614431069e-001 +3.734144311e+001 +3.734144311e+001 -3.9513e+000 +2.0332e+000 +1.9892e+000
539 0 +5.915015843e-002 +3.723915016e+001 +3.723915016e+001 -3.8969e+000 +2.0620e+000 +2.0255e+000
671 0 +5.841690895e-002 +3.723841691e+001 +3.723841691e+001 -3.9115e+000 +2.0419e+000 +2.0110e+000
776 0 +5.574438418e-002 +3.723574438e+001 +3.723574438e+001 -3.9098e+000 +2.0590e+000 +2.0237e+000
814 0 +3.963073287e-002 +3.721963073e+001 +3.721963073e+001 -3.8944e+000 +2.0579e+000 +2.0224e+000
843 0 +3.297985659e-002 +3.721297986e+001 +3.721297986e+001 -3.8793e+000 +2.0652e+000 +2.0228e+000
855 0 +2.947301958e-002 +3.720947302e+001 +3.720947302e+001 -3.8708e+000 +2.0609e+000 +2.0380e+000
886 0 +2.838957141e-002 +3.720838957e+001 +3.720838957e+001 -3.8912e+000 +2.0597e+000 +2.0297e+000
974 0 +2.708274079e-002 +3.720708274e+001 +3.720708274e+001 -3.8668e+000 +2.0621e+000 +2.0400e+000
1022 0 +2.389484758e-002 +3.720389485e+001 +3.720389485e+001 -3.8985e+000 +2.0565e+000 +2.0386e+000
1030 0 +1.883078479e-002 +3.719883078e+001 +3.719883078e+001 -3.9073e+000 +2.0530e+000 +2.0345e+000
1047 0 +1.717585326e-002 +3.719717585e+001 +3.719717585e+001 -3.8877e+000 +2.0666e+000 +2.0452e+000
1072 0 +1.408461164e-002 +3.719408461e+001 +3.719408461e+001 -3.8834e+000 +2.0650e+000 +2.0377e+000
1141 0 +6.756037992e-003 +3.718675604e+001 +3.718675604e+001 -3.8935e+000 +2.0620e+000 +2.0420e+000
1215 0 +6.606126312e-003 +3.718660613e+001 +3.718660613e+001 -3.9061e+000 +2.0574e+000 +2.0383e+000
1241 0 +4.632132017e-003 +3.718463213e+001 +3.718463213e+001 -3.9009e+000 +2.0600e+000 +2.0407e+000
1276 0 +1.376401640e-003 +3.718137640e+001 +3.718137640e+001 -3.8983e+000 +2.0599e+000 +2.0398e+000
1404 0 +1.259292078e-003 +3.718125929e+001 +3.718125929e+001 -3.8995e+000 +2.0597e+000 +2.0400e+000
1655 0 +1.207291664e-003 +3.718120729e+001 +3.718120729e+001 -3.8984e+000 +2.0599e+000 +2.0396e+000
1685 0 +8.038305262e-004 +3.718080383e+001 +3.718080383e+001 -3.8994e+000 +2.0602e+000 +2.0399e+000
1735 0 +6.845586473e-004 +3.718068456e+001 +3.718068456e+001 -3.9003e+000 +2.0598e+000 +2.0399e+000
1742 0 +5.737150484e-004 +3.718057372e+001 +3.718057372e+001 -3.8993e+000 +2.0602e+000 +2.0398e+000
1769 0 +5.604080937e-004 +3.718056041e+001 +3.718056041e+001 -3.8991e+000 +2.0601e+000 +2.0398e+000
1796 0 +3.820100990e-004 +3.718038201e+001 +3.718038201e+001 -3.8993e+000 +2.0600e+000 +2.0400e+000
1868 0 +2.839805711e-004 +3.718028398e+001 +3.718028398e+001 -3.8994e+000 +2.0601e+000 +2.0400e+000
1886 0 +2.595994557e-004 +3.718025960e+001 +3.718025960e+001 -3.8995e+000 +2.0600e+000 +2.0399e+000
1895 0 +2.388340627e-004 +3.718023883e+001 +3.718023883e+001 -3.8994e+000 +2.0600e+000 +2.0400e+000
1987 0 +1.626862868e-004 +3.718016269e+001 +3.718016269e+001 -3.8992e+000 +2.0601e+000 +2.0400e+000
2008 0 +1.524870030e-004 +3.718015249e+001 +3.718015249e+001 -3.8993e+000 +2.0600e+000 +2.0400e+000
2034 0 +1.071308545e-004 +3.718010713e+001 +3.718010713e+001 -3.8992e+000 +2.0601e+000 +2.0400e+000
2151 0 +9.624770181e-005 +3.718009625e+001 +3.718009625e+001 -3.8993e+000 +2.0600e+000 +2.0400e+000
2187 0 +4.152298170e-005 +3.718004152e+001 +3.718004152e+001 -3.8992e+000 +2.0600e+000 +2.0400e+000
2285 0 +3.497107389e-005 +3.718003497e+001 +3.718003497e+001 -3.8992e+000 +2.0600e+000 +2.0400e+000
2304 0 +3.299591182e-005 +3.718003300e+001 +3.718003300e+001 -3.8992e+000 +2.0600e+000 +2.0400e+000
2336 0 +2.936567799e-005 +3.718002937e+001 +3.718002937e+001 -3.8992e+000 +2.0600e+000 +2.0400e+000
2445 0 +1.040900322e-005 +3.718001041e+001 +3.718001041e+001 -3.8992e+000 +2.0600e+000 +2.0400e+000
2646 0 +3.929218884e-006 +3.718000393e+001 +3.718000393e+001 -3.8992e+000 +2.0600e+000 +2.0400e+000
2667 0 +2.149069445e-006 +3.718000215e+001 +3.718000215e+001 -3.8992e+000 +2.0600e+000 +2.0400e+000
2771 0 +1.234506662e-006 +3.718000123e+001 +3.718000123e+001 -3.8992e+000 +2.0600e+000 +2.0400e+000
2883 0 +7.292098800e-007 +3.718000073e+001 +3.718000073e+001 -3.8992e+000 +2.0600e+000 +2.0400e+000
3048 0 +3.468778900e-007 +3.718000035e+001 +3.718000035e+001 -3.8992e+000 +2.0600e+000 +2.0400e+000
3079 0 +2.352485708e-007 +3.718000024e+001 +3.718000024e+001 -3.8992e+000 +2.0600e+000 +2.0400e+000
3113 0 +6.138638753e-008 +3.718000006e+001 +3.718000006e+001 -3.8992e+000 +2.0600e+000 +2.0400e+000
3447 0 +2.940922883e-008 +3.718000003e+001 +3.718000003e+001 -3.8992e+000 +2.0600e+000 +2.0400e+000
3595 0 +1.827721263e-008 +3.718000002e+001 +3.718000002e+001 -3.8992e+000 +2.0600e+000 +2.0400e+000
3602 0 +1.455335052e-008 +3.718000001e+001 +3.718000001e+001 -3.8992e+000 +2.0600e+000 +2.0400e+000
3618 0 +1.362241164e-008 +3.718000001e+001 +3.718000001e+001 -3.8992e+000 +2.0600e+000 +2.0400e+000
3666 0 +1.224208290e-008 +3.718000001e+001 +3.718000001e+001 -3.8992e+000 +2.0600e+000 +2.0400e+000
3716 0 +1.173297903e-008 +3.718000001e+001 +3.718000001e+001 -3.8992e+000 +2.0600e+000 +2.0400e+000
3738 0 +7.126004675e-009 +3.718000001e+001 +3.718000001e+001 -3.8992e+000 +2.0600e+000 +2.0400e+000
% f evaluations | g evaluations | best noise-free fitness - Fopt (-1.479000000000e+002) + sum g_i+ | measured fitness | best measured fitness or single-digit g-values | x1 | x2...
1 0 +1.479746203e+001 -1.331025380e+002 -1.331025380e+002 -8.8422e-001 +2.7282e+000 +2.4614e+000
2 0 +2.009346377e+000 -1.458906536e+002 -1.458906536e+002 -2.0065e+000 -1.1070e+000 -7.7926e-001
83 0 +1.618078515e+000 -1.462819215e+002 -1.462819215e+002 -1.8056e+000 -5.3034e-001 +1.1147e+000
246 0 +7.666956026e-001 -1.471333044e+002 -1.471333044e+002 -1.7708e+000 +3.0367e-001 +1.5700e+000
344 0 +7.307445014e-001 -1.471692555e+002 -1.471692555e+002 -1.8199e+000 -1.4493e-002 +1.0535e+000
359 0 +4.940243431e-001 -1.474059757e+002 -1.474059757e+002 -1.7696e+000 -2.8730e-002 +9.9628e-001
413 0 +1.916104795e-001 -1.477083895e+002 -1.477083895e+002 -1.7175e+000 +9.5184e-002 +9.8030e-001
532 0 +8.847015620e-002 -1.478115298e+002 -1.478115298e+002 -1.7013e+000 +1.0995e-001 +1.1526e+000
564 0 +8.102250103e-002 -1.478189775e+002 -1.478189775e+002 -1.6749e+000 +1.0113e-001 +1.0477e+000
570 0 +5.282234191e-002 -1.478471777e+002 -1.478471777e+002 -1.6560e+000 +1.4156e-001 +1.1513e+000
643 0 +3.418643884e-002 -1.478658136e+002 -1.478658136e+002 -1.6853e+000 +1.7429e-001 +1.1994e+000
984 0 +2.811516979e-002 -1.478718848e+002 -1.478718848e+002 -1.6683e+000 +1.4729e-001 +1.1340e+000
1036 0 +1.761223520e-002 -1.478823878e+002 -1.478823878e+002 -1.6737e+000 +1.3234e-001 +1.1274e+000
1142 0 +1.704115034e-002 -1.478829588e+002 -1.478829588e+002 -1.6681e+000 +1.3664e-001 +1.1373e+000
1148 0 +1.330033932e-002 -1.478866997e+002 -1.478866997e+002 -1.6702e+000 +1.3287e-001 +1.1429e+000
1190 0 +8.406652576e-003 -1.478915933e+002 -1.478915933e+002 -1.6723e+000 +1.3909e-001 +1.1389e+000
1202 0 +1.480227756e-003 -1.478985198e+002 -1.478985198e+002 -1.6707e+000 +1.3512e-001 +1.1373e+000
1470 0 +1.471182043e-003 -1.478985288e+002 -1.478985288e+002 -1.6706e+000 +1.3471e-001 +1.1366e+000
1518 0 +5.557890707e-004 -1.478994442e+002 -1.478994442e+002 -1.6705e+000 +1.3537e-001 +1.1364e+000
1686 0 +2.686276705e-004 -1.478997314e+002 -1.478997314e+002 -1.6703e+000 +1.3510e-001 +1.1366e+000
1774 0 +2.465530648e-004 -1.478997534e+002 -1.478997534e+002 -1.6705e+000 +1.3526e-001 +1.1370e+000
1948 0 +1.876960696e-004 -1.478998123e+002 -1.478998123e+002 -1.6704e+000 +1.3526e-001 +1.1369e+000
1967 0 +1.417810917e-004 -1.478998582e+002 -1.478998582e+002 -1.6704e+000 +1.3524e-001 +1.1369e+000
2027 0 +1.382724344e-004 -1.478998617e+002 -1.478998617e+002 -1.6704e+000 +1.3524e-001 +1.1369e+000
2109 0 +1.326096677e-004 -1.478998674e+002 -1.478998674e+002 -1.6704e+000 +1.3524e-001 +1.1368e+000
2156 0 +1.165511210e-004 -1.478998834e+002 -1.478998834e+002 -1.6704e+000 +1.3523e-001 +1.1368e+000
2238 0 +9.627503402e-005 -1.478999037e+002 -1.478999037e+002 -1.6704e+000 +1.3519e-001 +1.1368e+000
2250 0 +5.151443497e-005 -1.478999485e+002 -1.478999485e+002 -1.6704e+000 +1.3522e-001 +1.1368e+000
2257 0 +3.748177693e-005 -1.478999625e+002 -1.478999625e+002 -1.6704e+000 +1.3518e-001 +1.1368e+000
2278 0 +3.713702930e-005 -1.478999629e+002 -1.478999629e+002 -1.6704e+000 +1.3520e-001 +1.1368e+000
2293 0 +3.228794506e-005 -1.478999677e+002 -1.478999677e+002 -1.6704e+000 +1.3520e-001 +1.1368e+000
2353 0 +3.073922701e-005 -1.478999693e+002 -1.478999693e+002 -1.6704e+000 +1.3519e-001 +1.1368e+000
2407 0 +2.987800949e-005 -1.478999701e+002 -1.478999701e+002 -1.6704e+000 +1.3519e-001 +1.1368e+000
2443 0 +4.510839688e-006 -1.478999955e+002 -1.478999955e+002 -1.6704e+000 +1.3520e-001 +1.1368e+000
2589 0 +6.227433289e-007 -1.478999994e+002 -1.478999994e+002 -1.6704e+000 +1.3520e-001 +1.1368e+000
2994 0 +6.112150857e-007 -1.478999994e+002 -1.478999994e+002 -1.6704e+000 +1.3520e-001 +1.1368e+000
3011 0 +5.727861492e-007 -1.478999994e+002 -1.478999994e+002 -1.6704e+000 +1.3520e-001 +1.1368e+000
3086 0 +5.148811226e-007 -1.478999995e+002 -1.478999995e+002 -1.6704e+000 +1.3520e-001 +1.1368e+000
3147 0 +8.094727377e-008 -1.478999999e+002 -1.478999999e+002 -1.6704e+000 +1.3520e-001 +1.1368e+000
3167 0 +7.769767763e-008 -1.478999999e+002 -1.478999999e+002 -1.6704e+000 +1.3520e-001 +1.1368e+000
3540 0 +4.485448812e-008 -1.479000000e+002 -1.479000000e+002 -1.6704e+000 +1.3520e-001 +1.1368e+000
3634 0 +2.146873612e-008 -1.479000000e+002 -1.479000000e+002 -1.6704e+000 +1.3520e-001 +1.1368e+000
3775 0 +1.650778358e-008 -1.479000000e+002 -1.479000000e+002 -1.6704e+000 +1.3520e-001 +1.1368e+000
3783 0 +1.509957315e-008 -1.479000000e+002 -1.479000000e+002 -1.6704e+000 +1.3520e-001 +1.1368e+000
3813 0 +1.253295068e-008 -1.479000000e+002 -1.479000000e+002 -1.6704e+000 +1.3520e-001 +1.1368e+000
3833 0 +7.449017403e-009 -1.479000000e+002 -1.479000000e+002 -1.6704e+000 +1.3520e-001 +1.1368e+000
% f evaluations | g evaluations | best noise-free fitness - Fopt (4.817100000000e+002) + sum g_i+ | measured fitness | best measured fitness or single-digit g-values | x1 | x2...
1 0 +7.339147057e+000 +4.890491471e+002 +4.890491471e+002 +4.4365e+000 +1.6750e+000 -3.9601e+000
12 0 +7.163229109e+000 +4.888732291e+002 +4.888732291e+002 +2.4578e+000 +2.3266e-001 -2.6721e+000
24 0 +3.340388600e+000 +4.850503886e+002 +4.850503886e+002 +1.8659e+000 -3.1814e+000 -2.2512e+000
81 0 +3.116244383e+000 +4.848262444e+002 +4.848262444e+002 +5.1462e-001 -3.4418e+000 -2.9381e+000
156 0 +1.414671177e+000 +4.831246712e+002 +4.831246712e+002 +6.3015e-001 -1.9941e+000 -3.0860e+000
165 0 +1.227664984e+000 +4.829376650e+002 +4.829376650e+002 +1.6925e+000 -1.9703e+000 -3.2658e+000
331 0 +7.980288707e-001 +4.825080289e+002 +4.825080289e+002 +1.1136e+000 -2.2552e+000 -3.2379e+000
372 0 +5.759216003e-001 +4.822859216e+002 +4.822859216e+002 +8.2686e-001 -3.7049e+000 -2.7434e+000
391 0 +4.597765499e-001 +4.821697765e+002 +4.821697765e+002 +1.1704e+000 -3.1209e+000 -2.9083e+000
411 0 +1.758957790e-001 +4.818858958e+002 +4.818858958e+002 +1.0695e+000 -2.8792e+000 -2.9287e+000
584 0 +1.391621994e-001 +4.818491622e+002 +4.818491622e+002 +1.0581e+000 -3.0884e+000 -2.8594e+000
702 0 +6.398392872e-002 +4.817739839e+002 +4.817739839e+002 +1.0422e+000 -2.9940e+000 -2.9433e+000
814 0 +3.329004160e-002 +4.817432900e+002 +4.817432900e+002 +1.0261e+000 -2.9852e+000 -2.8970e+000
858 0 +3.019801200e-002 +4.817401980e+002 +4.817401980e+002 +1.0300e+000 -2.9964e+000 -2.9036e+000
997 0 +1.942643502e-002 +4.817294264e+002 +4.817294264e+002 +1.0337e+000 -2.9951e+000 -2.8941e+000
1018 0 +1.190412356e-002 +4.817219041e+002 +4.817219041e+002 +1.0388e+000 -2.9944e+000 -2.8964e+000
1135 0 +8.598404935e-003 +4.817185984e+002 +4.817185984e+002 +1.0404e+000 -3.0021e+000 -2.8990e+000
1233 0 +7.657159630e-003 +4.817176572e+002 +4.817176572e+002 +1.0445e+000 -3.0037e+000 -2.8970e+000
1304 0 +7.050982200e-003 +4.817170510e+002 +4.817170510e+002 +1.0406e+000 -2.9923e+000 -2.8977e+000
1313 0 +4.734900125e-003 +4.817147349e+002 +4.817147349e+002 +1.0402e+000 -2.9985e+000 -2.8960e+000
1523 0 +2.729395376e-003 +4.817127294e+002 +4.817127294e+002 +1.0407e+000 -3.0039e+000 -2.8952e+000
1671 0 +2.011538877e-003 +4.817120115e+002 +4.817120115e+002 +1.0402e+000 -3.0040e+000 -2.8950e+000
1805 0 +1.474373797e-003 +4.817114744e+002 +4.817114744e+002 +1.0411e+000 -3.0018e+000 -2.8958e+000
1931 0 +1.129580612e-003 +4.817111296e+002 +4.817111296e+002 +1.0409e+000 -3.0018e+000 -2.8955e+000
1951 0 +9.918368091e-004 +4.817109918e+002 +4.817109918e+002 +1.0410e+000 -3.0015e+000 -2.8962e+000
1963 0 +2.401931088e-004 +4.817102402e+002 +4.817102402e+002 +1.0408e+000 -3.0006e+000 -2.8961e+000
2327 0 +1.244984893e-004 +4.817101245e+002 +4.817101245e+002 +1.0408e+000 -3.0010e+000 -2.8959e+000
2442 0 +9.443199923e-005 +4.817100944e+002 +4.817100944e+002 +1.0408e+000 -3.0008e+000 -2.8960e+000
2449 0 +8.684213680e-005 +4.817100868e+002 +4.817100868e+002 +1.0408e+000 -3.0008e+000 -2.8960e+000
2464 0 +6.491389644e-005 +4.817100649e+002 +4.817100649e+002 +1.0408e+000 -3.0008e+000 -2.8960e+000
2491 0 +2.218252155e-005 +4.817100222e+002 +4.817100222e+002 +1.0408e+000 -3.0008e+000 -2.8960e+000
2762 0 +1.839115106e-005 +4.817100184e+002 +4.817100184e+002 +1.0408e+000 -3.0008e+000 -2.8960e+000
2852 0 +1.753847880e-005 +4.817100175e+002 +4.817100175e+002 +1.0408e+000 -3.0008e+000 -2.8960e+000
2888 0 +1.061588000e-005 +4.817100106e+002 +4.817100106e+002 +1.0408e+000 -3.0008e+000 -2.8960e+000
3203 0 +8.016705124e-006 +4.817100080e+002 +4.817100080e+002 +1.0408e+000 -3.0008e+000 -2.8960e+000
3275 0 +3.434555310e-006 +4.817100034e+002 +4.817100034e+002 +1.0408e+000 -3.0008e+000 -2.8960e+000
3369 0 +3.069812010e-006 +4.817100031e+002 +4.817100031e+002 +1.0408e+000 -3.0008e+000 -2.8960e+000
3413 0 +2.840411355e-006 +4.817100028e+002 +4.817100028e+002 +1.0408e+000 -3.0008e+000 -2.8960e+000
3438 0 +2.417285941e-006 +4.817100024e+002 +4.817100024e+002 +1.0408e+000 -3.0008e+000 -2.8960e+000
3444 0 +1.776755425e-006 +4.817100018e+002 +4.817100018e+002 +1.0408e+000 -3.0008e+000 -2.8960e+000
3465 0 +9.052444625e-007 +4.817100009e+002 +4.817100009e+002 +1.0408e+000 -3.0008e+000 -2.8960e+000
3534 0 +7.958462902e-007 +4.817100008e+002 +4.817100008e+002 +1.0408e+000 -3.0008e+000 -2.8960e+000
3576 0 +6.812859397e-007 +4.817100007e+002 +4.817100007e+002 +1.0408e+000 -3.0008e+000 -2.8960e+000
3647 0 +4.508584084e-007 +4.817100005e+002 +4.817100005e+002 +1.0408e+000 -3.0008e+000 -2.8960e+000
3682 0 +5.500908173e-008 +4.817100001e+002 +4.817100001e+002 +1.0408e+000 -3.0008e+000 -2.8960e+000
4135 0 +3.992153097e-008 +4.817100000e+002 +4.817100000e+002 +1.0408e+000 -3.0008e+000 -2.8960e+000
4225 0 +2.571698587e-008 +4.817100000e+002 +4.817100000e+002 +1.0408e+000 -3.0008e+000 -2.8960e+000
4299 0 +2.491401574e-008 +4.817100000e+002 +4.817100000e+002 +1.0408e+000 -3.0008e+000 -2.8960e+000
4314 0 +1.656707127e-008 +4.817100000e+002 +4.817100000e+002 +1.0408e+000 -3.0008e+000 -2.8960e+000
4365 0 +8.097174486e-009 +4.817100000e+002 +4.817100000e+002 +1.0408e+000 -3.0008e+000 -2.8960e+000
% f evaluations | g evaluations | best noise-free fitness - Fopt (-3.646000000000e+001) + sum g_i+ | measured fitness | best measured fitness or single-digit g-values | x1 | x2...
1 0 +9.708573511e+000 -2.675142649e+001 -2.675142649e+001 +4.1909e-001 +8.4123e-001 +2.1376e+000
28 0 +4.925059774e+000 -3.153494023e+001 -3.153494023e+001 +3.9995e+000 -2.3890e+000 -1.7441e+000
43 0 +4.377134064e+000 -3.208286594e+001 -3.208286594e+001 +2.2711e+000 -1.7395e+000 -1.5261e+000
75 0 +3.362335559e+000 -3.309766444e+001 -3.309766444e+001 +7.2295e-001 -1.8417e+000 -3.0735e+000
84 0 +3.060753240e+000 -3.339924676e+001 -3.339924676e+001 +1.5780e+000 -2.7948e+000 -3.3381e+000
111 0 +1.920348854e+000 -3.453965115e+001 -3.453965115e+001 +1.2004e+000 -5.9652e-001 -2.3516e+000
193 0 +1.544261328e+000 -3.491573867e+001 -3.491573867e+001 +2.0665e+000 -2.3660e+000 -1.9541e+000
204 0 +1.298218606e+000 -3.516178139e+001 -3.516178139e+001 +1.9359e+000 -2.2335e+000 -2.3447e+000
208 0 +1.263055986e+000 -3.519694401e+001 -3.519694401e+001 +1.4378e+000 -2.4905e+000 -1.9136e+000
245 0 +8.865750183e-001 -3.557342498e+001 -3.557342498e+001 +1.2246e+000 -1.2789e+000 -2.1856e+000
326 0 +6.532774649e-001 -3.580672254e+001 -3.580672254e+001 +2.4991e+000 -2.9604e+000 -2.1981e+000
365 0 +1.591104030e-001 -3.630088960e+001 -3.630088960e+001 +2.0933e+000 -2.9376e+000 -2.2677e+000
646 0 +1.302262578e-001 -3.632977374e+001 -3.632977374e+001 +2.1867e+000 -2.8822e+000 -2.2197e+000
660 0 +1.280148875e-001 -3.633198511e+001 -3.633198511e+001 +2.1902e+000 -3.0061e+000 -2.2487e+000
684 0 +1.115670307e-001 -3.634843297e+001 -3.634843297e+001 +2.2258e+000 -2.9730e+000 -2.2708e+000
730 0 +1.076958363e-001 -3.635230416e+001 -3.635230416e+001 +2.2098e+000 -2.9792e+000 -2.1988e+000
735 0 +6.251963371e-002 -3.639748037e+001 -3.639748037e+001 +2.1703e+000 -2.8847e+000 -2.2289e+000
773 0 +5.688504860e-002 -3.640311495e+001 -3.640311495e+001 +2.1648e+000 -2.8995e+000 -2.2322e+000
842 0 +2.983881749e-002 -3.643016118e+001 -3.643016118e+001 +2.0930e+000 -2.7972e+000 -2.2152e+000
995 0 +2.266328194e-002 -3.643733672e+001 -3.643733672e+001 +2.1383e+000 -2.8721e+000 -2.2211e+000
1035 0 +1.720370237e-002 -3.644279630e+001 -3.644279630e+001 +2.1241e+000 -2.8429e+000 -2.2271e+000
1175 0 +1.474366264e-002 -3.644525634e+001 -3.644525634e+001 +2.1289e+000 -2.8607e+000 -2.2221e+000
1204 0 +1.328649874e-002 -3.644671350e+001 -3.644671350e+001 +2.1332e+000 -2.8625e+000 -2.2186e+000
1284 0 +1.151433123e-002 -3.644848567e+001 -3.644848567e+001 +2.1226e+000 -2.8451e+000 -2.2196e+000
1355 0 +8.666065426e-003 -3.645133393e+001 -3.645133393e+001 +2.1253e+000 -2.8510e+000 -2.2202e+000
1377 0 +6.735538972e-003 -3.645326446e+001 -3.645326446e+001 +2.1242e+000 -2.8454e+000 -2.2178e+000
1381 0 +6.482159670e-003 -3.645351784e+001 -3.645351784e+001 +2.1259e+000 -2.8547e+000 -2.2189e+000
1399 0 +6.267188272e-003 -3.645373281e+001 -3.645373281e+001 +2.1242e+000 -2.8490e+000 -2.2176e+000
1404 0 +6.120855559e-003 -3.645387914e+001 -3.645387914e+001 +2.1182e+000 -2.8403e+000 -2.2198e+000
1448 0 +4.259088931e-003 -3.645574091e+001 -3.645574091e+001 +2.1255e+000 -2.8537e+000 -2.2183e+000
1471 0 +3.177059739e-003 -3.645682294e+001 -3.645682294e+001 +2.1207e+000 -2.8477e+000 -2.2171e+000
1496 0 +2.276455085e-003 -3.645772354e+001 -3.645772354e+001 +2.1204e+000 -2.8448e+000 -2.2181e+000
1576 0 +1.315154790e-003 -3.645868485e+001 -3.645868485e+001 +2.1223e+000 -2.8476e+000 -2.2184e+000
1674 0 +1.110244701e-003 -3.645888976e+001 -3.645888976e+001 +2.1218e+000 -2.8475e+000 -2.2179e+000
1675 0 +1.081542018e-003 -3.645891846e+001 -3.645891846e+001 +2.1215e+000 -2.8475e+000 -2.2184e+000
1699 0 +5.687156139e-004 -3.645943128e+001 -3.645943128e+001 +2.1213e+000 -2.8470e+000 -2.2183e+000
1826 0 +2.977954664e-004 -3.645970220e+001 -3.645970220e+001 +2.1217e+000 -2.8472e+000 -2.2185e+000
1845 0 +2.140176412e-004 -3.645978598e+001 -3.645978598e+001 +2.1217e+000 -2.8472e+000 -2.2184e+000
1939 0 +1.158719926e-004 -3.645988413e+001 -3.645988413e+001 +2.1215e+000 -2.8470e+000 -2.2184e+000
2109 0 +3.580130016e-005 -3.645996420e+001 -3.645996420e+001 +2.1216e+000 -2.8472e+000 -2.2184e+000
2316 0 +3.424576141e-005 -3.645996575e+001 -3.645996575e+001 +2.1216e+000 -2.8472e+000 -2.2184e+000
2346 0 +2.900843884e-005 -3.645997099e+001 -3.645997099e+001 +2.1216e+000 -2.8472e+000 -2.2184e+000
2484 0 +2.671915498e-005 -3.645997328e+001 -3.645997328e+001 +2.1216e+000 -2.8472e+000 -2.2184e+000
2540 0 +1.052265340e-006 -3.645999895e+001 -3.645999895e+001 +2.1216e+000 -2.8472e+000 -2.2184e+000
2631 0 +7.915752889e-007 -3.645999921e+001 -3.645999921e+001 +2.1216e+000 -2.8472e+000 -2.2184e+000
2942 0 +6.226891074e-007 -3.645999938e+001 -3.645999938e+001 +2.1216e+000 -2.8472e+000 -2.2184e+000
2964 0 +5.420623097e-007 -3.645999946e+001 -3.645999946e+001 +2.1216e+000 -2.8472e+000 -2.2184e+000
3020 0 +5.098185909e-007 -3.645999949e+001 -3.645999949e+001 +2.1216e+000 -2.8472e+000 -2.2184e+000
3081 0 +6.239128680e-008 -3.645999994e+001 -3.645999994e+001 +2.1216e+000 -2.8472e+000 -2.2184e+000
3465 0 +5.915357093e-008 -3.645999994e+001 -3.645999994e+001 +2.1216e+000 -2.8472e+000 -2.2184e+000
3492 0 +5.424961103e-008 -3.645999995e+001 -3.645999995e+001 +2.1216e+000 -2.8472e+000 -2.2184e+000
3549 0 +4.744079973e-008 -3.645999995e+001 -3.645999995e+001 +2.1216e+000 -2.8472e+000 -2.2184e+000
3561 0 +3.345666499e-008 -3.645999997e+001 -3.645999997e+001 +2.1216e+000 -2.8472e+000 -2.2184e+000
3563 0 +3.282011107e-009 -3.646000000e+001 -3.646000000e+001 +2.1216e+000 -2.8472e+000 -2.2184e+000
% f evaluations | g evaluations | best noise-free fitness - Fopt (3.920000000000e+001) + sum g_i+ | measured fitness | best measured fitness or single-digit g-values | x1 | x2...
1 0 +9.103043214e+001 +1.302304321e+002 +1.302304321e+002 -4.7011e+000 -2.0093e+000 +6.3771e-001
2 0 +1.193181067e+001 +5.113181067e+001 +5.113181067e+001 +5.9684e-002 +1.5174e+000 +1.2750e+000
10 0 +1.164094811e+001 +5.084094811e+001 +5.084094811e+001 -1.2273e+000 +4.5791e+000 +1.3113e+000
19 0 +1.089899966e+001 +5.009899966e+001 +5.009899966e+001 +4.4944e+000 +3.4644e+000 +1.0072e+000
22 0 +9.872536930e-001 +4.018725369e+001 +4.018725369e+001 +3.2768e+000 +1.4789e+000 +2.4077e+000
101 0 +7.560918967e-001 +3.995609190e+001 +3.995609190e+001 +3.3113e+000 +1.8838e+000 +2.4875e+000
172 0 +7.711801104e-002 +3.927711801e+001 +3.927711801e+001 +3.7550e+000 +1.6520e+000 +2.4575e+000
802 0 +4.410707977e-002 +3.924410708e+001 +3.924410708e+001 +3.6933e+000 +1.6119e+000 +2.4539e+000
896 0 +2.934811451e-002 +3.922934811e+001 +3.922934811e+001 +3.7221e+000 +1.6197e+000 +2.4603e+000
940 0 +1.811097206e-002 +3.921811097e+001 +3.921811097e+001 +3.7236e+000 +1.6220e+000 +2.4485e+000
1011 0 +1.691697386e-002 +3.921691697e+001 +3.921691697e+001 +3.7066e+000 +1.6254e+000 +2.4485e+000
1023 0 +1.369090049e-002 +3.921369090e+001 +3.921369090e+001 +3.7128e+000 +1.6222e+000 +2.4484e+000
1072 0 +1.323938289e-002 +3.921323938e+001 +3.921323938e+001 +3.7169e+000 +1.6252e+000 +2.4528e+000
1112 0 +9.279559513e-003 +3.920927956e+001 +3.920927956e+001 +3.7150e+000 +1.6273e+000 +2.4535e+000
1133 0 +8.881254580e-003 +3.920888125e+001 +3.920888125e+001 +3.7209e+000 +1.6300e+000 +2.4515e+000
1149 0 +8.252817646e-003 +3.920825282e+001 +3.920825282e+001 +3.7222e+000 +1.6252e+000 +2.4540e+000
1228 0 +5.869180089e-003 +3.920586918e+001 +3.920586918e+001 +3.7226e+000 +1.6297e+000 +2.4555e+000
1232 0 +4.038637395e-003 +3.920403864e+001 +3.920403864e+001 +3.7240e+000 +1.6300e+000 +2.4556e+000
1246 0 +2.645830521e-003 +3.920264583e+001 +3.920264583e+001 +3.7227e+000 +1.6302e+000 +2.4530e+000
1311 0 +1.014631161e-003 +3.920101463e+001 +3.920101463e+001 +3.7235e+000 +1.6300e+000 +2.4542e+000
1373 0 +9.944726337e-004 +3.920099447e+001 +3.920099447e+001 +3.7240e+000 +1.6305e+000 +2.4545e+000
1381 0 +8.588943250e-004 +3.920085889e+001 +3.920085889e+001 +3.7232e+000 +1.6306e+000 +2.4542e+000
1439 0 +6.122130348e-004 +3.920061221e+001 +3.920061221e+001 +3.7240e+000 +1.6310e+000 +2.4549e+000
1519 0 +3.482586615e-004 +3.920034826e+001 +3.920034826e+001 +3.7233e+000 +1.6306e+000 +2.4545e+000
1539 0 +2.785793918e-004 +3.920027858e+001 +3.920027858e+001 +3.7233e+000 +1.6305e+000 +2.4544e+000
1558 0 +1.047026700e-004 +3.920010470e+001 +3.920010470e+001 +3.7233e+000 +1.6304e+000 +2.4544e+000
1588 0 +5.701887724e-005 +3.920005702e+001 +3.920005702e+001 +3.7232e+000 +1.6304e+000 +2.4544e+000
1826 0 +3.072724523e-005 +3.920003073e+001 +3.920003073e+001 +3.7232e+000 +1.6304e+000 +2.4544e+000
1997 0 +2.920461996e-005 +3.920002920e+001 +3.920002920e+001 +3.7232e+000 +1.6304e+000 +2.4544e+000
2094 0 +2.563115943e-005 +3.920002563e+001 +3.920002563e+001 +3.7232e+000 +1.6304e+000 +2.4544e+000
2128 0 +2.406208756e-005 +3.920002406e+001 +3.920002406e+001 +3.7232e+000 +1.6304e+000 +2.4544e+000
2138 0 +2.167956345e-005 +3.920002168e+001 +3.920002168e+001 +3.7232e+000 +1.6304e+000 +2.4544e+000
2180 0 +1.780457020e-005 +3.920001780e+001 +3.920001780e+001 +3.7232e+000 +1.6304e+000 +2.4544e+000
2309 0 +1.303233476e-005 +3.920001303e+001 +3.920001303e+001 +3.7232e+000 +1.6304e+000 +2.4544e+000
2340 0 +7.292123954e-006 +3.920000729e+001 +3.920000729e+001 +3.7232e+000 +1.6304e+000 +2.4544e+000
2388 0 +3.692146855e-006 +3.920000369e+001 +3.920000369e+001 +3.7232e+000 +1.6304e+000 +2.4544e+000
2547 0 +2.557083690e-006 +3.920000256e+001 +3.920000256e+001 +3.7232e+000 +1.6304e+000 +2.4544e+000
2564 0 +1.511668742e-006 +3.920000151e+001 +3.920000151e+001 +3.7232e+000 +1.6304e+000 +2.4544e+000
2594 0 +1.430062149e-006 +3.920000143e+001 +3.920000143e+001 +3.7232e+000 +1.6304e+000 +2.4544e+000
2657 0 +7.094120917e-007 +3.920000071e+001 +3.920000071e+001 +3.7232e+000 +1.6304e+000 +2.4544e+000
2789 0 +5.766197830e-007 +3.920000058e+001 +3.920000058e+001 +3.7232e+000 +1.6304e+000 +2.4544e+000
2819 0 +4.342910742e-007 +3.920000043e+001 +3.920000043e+001 +3.7232e+000 +1.6304e+000 +2.4544e+000
2861 0 +3.794178625e-007 +3.920000038e+001 +3.920000038e+001 +3.7232e+000 +1.6304e+000 +2.4544e+000
2904 0 +9.543418855e-008 +3.920000010e+001 +3.920000010e+001 +3.7232e+000 +1.6304e+000 +2.4544e+000
3234 0 +5.177881945e-008 +3.920000005e+001 +3.920000005e+001 +3.7232e+000 +1.6304e+000 +2.4544e+000
3350 0 +4.942211973e-008 +3.920000005e+001 +3.920000005e+001 +3.7232e+000 +1.6304e+000 +2.4544e+000
3436 0 +3.634069401e-008 +3.920000004e+001 +3.920000004e+001 +3.7232e+000 +1.6304e+000 +2.4544e+000
3491 0 +2.608587124e-008 +3.920000003e+001 +3.920000003e+001 +3.7232e+000 +1.6304e+000 +2.4544e+000
3503 0 +1.785900849e-008 +3.920000002e+001 +3.920000002e+001 +3.7232e+000 +1.6304e+000 +2.4544e+000
3597 0 +1.462458243e-008 +3.920000001e+001 +3.920000001e+001 +3.7232e+000 +1.6304e+000 +2.4544e+000
3616 0 +7.398142543e-009 +3.920000001e+001 +3.920000001e+001 +3.7232e+000 +1.6304e+000 +2.4544e+000
% f evaluations | g evaluations | best noise-free fitness - Fopt (-3.225000000000e+001) + sum g_i+ | measured fitness | best measured fitness or single-digit g-values | x1 | x2...
1 0 +2.448285555e+001 -7.767144454e+000 -7.767144454e+000 +4.9580e+000 -4.4911e-001 -4.1965e+000
3 0 +1.661787361e+001 -1.563212639e+001 -1.563212639e+001 +2.7379e-001 -3.7185e+000 +3.9009e+000
14 0 +1.234524079e+001 -1.990475921e+001 -1.990475921e+001 -3.0740e+000 +3.9264e-001 -7.7613e-001
17 0 +1.094113961e+001 -2.130886039e+001 -2.130886039e+001 +3.5237e+000 -4.1013e+000 -1.6622e+000
25 0 +9.989838489e+000 -2.226016151e+001 -2.226016151e+001 -2.2188e+000 +2.0483e+000 +4.6167e+000
26 0 +6.379252108e+000 -2.587074789e+001 -2.587074789e+001 -4.0851e+000 +2.0654e+000 +3.8393e+000
30 0 +4.611574996e+000 -2.763842500e+001 -2.763842500e+001 +6.6090e-001 +7.6733e-001 +1.4539e+000
81 0 +1.192708158e+000 -3.105729184e+001 -3.105729184e+001 +3.0217e+000 +1.1836e+000 -3.9959e-001
135 0 +9.164707666e-001 -3.133352923e+001 -3.133352923e+001 +3.5772e+000 +9.1770e-001 -6.0610e-001
213 0 +6.847413126e-001 -3.156525869e+001 -3.156525869e+001 +3.0067e+000 +9.9164e-001 -4.7655e-001
231 0 +5.774883593e-001 -3.167251164e+001 -3.167251164e+001 +3.4188e+000 +9.1963e-001 -8.2203e-001
258 0 +2.494592120e-001 -3.200054079e+001 -3.200054079e+001 +3.6179e+000 +9.9499e-001 -1.0066e+000
356 0 +2.023834169e-001 -3.204761658e+001 -3.204761658e+001 +3.5298e+000 +1.0855e+000 -7.7068e-001
408 0 +1.795264118e-001 -3.207047359e+001 -3.207047359e+001 +3.5210e+000 +9.9499e-001 -1.0066e+000
475 0 +9.927940912e-002 -3.215072059e+001 -3.215072059e+001 +3.5582e+000 +1.1035e+000 -8.7415e-001
675 0 +5.047444549e-002 -3.219952555e+001 -3.219952555e+001 +3.6051e+000 +1.0743e+000 -8.5230e-001
803 0 +3.293617202e-002 -3.221706383e+001 -3.221706383e+001 +3.5829e+000 +1.0518e+000 -8.7446e-001
808 0 +2.771648104e-002 -3.222228352e+001 -3.222228352e+001 +3.6319e+000 +1.0580e+000 -8.8436e-001
829 0 +2.485384328e-002 -3.222514616e+001 -3.222514616e+001 +3.6129e+000 +1.0619e+000 -8.6717e-001
877 0 +1.302947329e-002 -3.223697053e+001 -3.223697053e+001 +3.6120e+000 +1.0583e+000 -8.7311e-001
970 0 +8.722754501e-003 -3.224127725e+001 -3.224127725e+001 +3.5948e+000 +1.0608e+000 -8.6482e-001
1106 0 +3.934514653e-003 -3.224606549e+001 -3.224606549e+001 +3.5967e+000 +1.0627e+000 -8.6401e-001
1330 0 +1.447173796e-003 -3.224855283e+001 -3.224855283e+001 +3.5951e+000 +1.0619e+000 -8.6366e-001
1422 0 +7.520430994e-004 -3.224924796e+001 -3.224924796e+001 +3.5960e+000 +1.0618e+000 -8.6381e-001
1547 0 +6.723470238e-004 -3.224932765e+001 -3.224932765e+001 +3.5963e+000 +1.0619e+000 -8.6391e-001
1588 0 +2.496499512e-004 -3.224975035e+001 -3.224975035e+001 +3.5961e+000 +1.0615e+000 -8.6404e-001
1881 0 +2.299977691e-004 -3.224977000e+001 -3.224977000e+001 +3.5960e+000 +1.0616e+000 -8.6402e-001
1907 0 +1.205045377e-004 -3.224987950e+001 -3.224987950e+001 +3.5960e+000 +1.0616e+000 -8.6407e-001
1951 0 +1.185385326e-004 -3.224988146e+001 -3.224988146e+001 +3.5960e+000 +1.0616e+000 -8.6394e-001
1966 0 +3.290586819e-005 -3.224996709e+001 -3.224996709e+001 +3.5960e+000 +1.0616e+000 -8.6399e-001
2101 0 +3.007226267e-005 -3.224996993e+001 -3.224996993e+001 +3.5960e+000 +1.0616e+000 -8.6400e-001
2298 0 +1.033353482e-005 -3.224998967e+001 -3.224998967e+001 +3.5960e+000 +1.0616e+000 -8.6400e-001
2421 0 +7.866536777e-006 -3.224999213e+001 -3.224999213e+001 +3.5960e+000 +1.0616e+000 -8.6400e-001
2461 0 +3.491075923e-006 -3.224999651e+001 -3.224999651e+001 +3.5960e+000 +1.0616e+000 -8.6400e-001
2539 0 +6.533401447e-007 -3.224999935e+001 -3.224999935e+001 +3.5960e+000 +1.0616e+000 -8.6400e-001
2813 0 +4.497583390e-007 -3.224999955e+001 -3.224999955e+001 +3.5960e+000 +1.0616e+000 -8.6400e-001
2850 0 +1.446326579e-007 -3.224999986e+001 -3.224999986e+001 +3.5960e+000 +1.0616e+000 -8.6400e-001
2866 0 +1.214194185e-007 -3.224999988e+001 -3.224999988e+001 +3.5960e+000 +1.0616e+000 -8.6400e-001
2886 0 +1.015996176e-007 -3.224999990e+001 -3.224999990e+001 +3.5960e+000 +1.0616e+000 -8.6400e-001
3141 0 +8.899208837e-008 -3.224999991e+001 -3.224999991e+001 +3.5960e+000 +1.0616e+000 -8.6400e-001
3156 0 +6.801509755e-008 -3.224999993e+001 -3.224999993e+001 +3.5960e+000 +1.0616e+000 -8.6400e-001
3172 0 +2.948119970e-008 -3.224999997e+001 -3.224999997e+001 +3.5960e+000 +1.0616e+000 -8.6400e-001
3207 0 +1.592870547e-008 -3.224999998e+001 -3.224999998e+001 +3.5960e+000 +1.0616e+000 -8.6400e-001
3385 0 +1.552603379e-008 -3.224999998e+001 -3.224999998e+001 +3.5960e+000 +1.0616e+000 -8.6400e-001
3398 0 +1.215337875e-008 -3.224999999e+001 -3.224999999e+001 +3.5960e+000 +1.0616e+000 -8.6400e-001
3432 0 +9.419814262e-009 -3.224999999e+001 -3.224999999e+001 +3.5960e+000 +1.0616e+000 -8.6400e-001
% f evaluations | g evaluations | best noise-free fitness - Fopt (3.681200000000e+002) + sum g_i+ | measured fitness | best measured fitness or single-digit g-values | x1 | x2...
1 0 +2.509575031e+001 +3.932157503e+002 +3.932157503e+002 -1.1858e+000 -3.4793e+000 +2.9650e+000
2 0 +4.482290872e+000 +3.726022909e+002 +3.726022909e+002 -4.0635e+000 -9.8945e-001 -1.3205e+000
9 0 +1.731921563e+000 +3.698519216e+002 +3.698519216e+002 -2.9221e+000 -6.4929e-001 +3.4066e-001
70 0 +1.614884212e+000 +3.697348842e+002 +3.697348842e+002 -2.7456e+000 -1.5021e+000 +5.7073e-001
155 0 +9.892774288e-001 +3.691092774e+002 +3.691092774e+002 -2.4371e+000 -7.7606e-001 +8.9437e-001
275 0 +7.745054938e-001 +3.688945055e+002 +3.688945055e+002 -2.1447e+000 -1.1301e+000 +8.4450e-001
312 0 +7.175558873e-001 +3.688375559e+002 +3.688375559e+002 -2.5329e+000 -1.1793e+000 +1.1531e+000
441 0 +4.599024370e-001 +3.685799024e+002 +3.685799024e+002 -2.4063e+000 -1.3459e+000 +7.9030e-001
466 0 +2.865496018e-001 +3.684065496e+002 +3.684065496e+002 -2.6486e+000 -1.1042e+000 +5.6247e-001
536 0 +7.550375437e-002 +3.681955038e+002 +3.681955038e+002 -2.4940e+000 -1.0816e+000 +7.1925e-001
730 0 +4.652168854e-002 +3.681665217e+002 +3.681665217e+002 -2.4163e+000 -1.0878e+000 +7.5660e-001
861 0 +4.184017754e-002 +3.681618402e+002 +3.681618402e+002 -2.4550e+000 -1.0944e+000 +7.3602e-001
911 0 +3.170486459e-002 +3.681517049e+002 +3.681517049e+002 -2.4729e+000 -1.0967e+000 +7.1813e-001
913 0 +1.267056244e-002 +3.681326706e+002 +3.681326706e+002 -2.4706e+000 -1.0859e+000 +7.1796e-001
982 0 +1.256106815e-002 +3.681325611e+002 +3.681325611e+002 -2.4628e+000 -1.0938e+000 +7.2418e-001
1076 0 +1.208292768e-002 +3.681320829e+002 +3.681320829e+002 -2.4715e+000 -1.0855e+000 +7.1729e-001
1138 0 +1.122555684e-002 +3.681312256e+002 +3.681312256e+002 -2.4659e+000 -1.0872e+000 +7.1803e-001
1142 0 +8.908476594e-003 +3.681289085e+002 +3.681289085e+002 -2.4615e+000 -1.0888e+000 +7.2054e-001
1145 0 +8.304491977e-003 +3.681283045e+002 +3.681283045e+002 -2.4692e+000 -1.0899e+000 +7.1347e-001
1193 0 +6.014137110e-003 +3.681260141e+002 +3.681260141e+002 -2.4611e+000 -1.0889e+000 +7.1963e-001
1235 0 +3.444753795e-003 +3.681234448e+002 +3.681234448e+002 -2.4637e+000 -1.0890e+000 +7.1786e-001
1357 0 +1.192029109e-003 +3.681211920e+002 +3.681211920e+002 -2.4621e+000 -1.0897e+000 +7.1750e-001
1459 0 +7.167636265e-004 +3.681207168e+002 +3.681207168e+002 -2.4623e+000 -1.0897e+000 +7.1752e-001
1512 0 +2.860491971e-004 +3.681202860e+002 +3.681202860e+002 -2.4631e+000 -1.0896e+000 +7.1695e-001
1596 0 +2.793231405e-004 +3.681202793e+002 +3.681202793e+002 -2.4633e+000 -1.0896e+000 +7.1681e-001
1655 0 +2.657829475e-004 +3.681202658e+002 +3.681202658e+002 -2.4632e+000 -1.0897e+000 +7.1678e-001
1676 0 +1.430382161e-004 +3.681201430e+002 +3.681201430e+002 -2.4632e+000 -1.0896e+000 +7.1680e-001
1770 0 +7.133420013e-005 +3.681200713e+002 +3.681200713e+002 -2.4632e+000 -1.0896e+000 +7.1682e-001
1890 0 +3.800889317e-005 +3.681200380e+002 +3.681200380e+002 -2.4632e+000 -1.0896e+000 +7.1679e-001
2130 0 +3.357945604e-005 +3.681200336e+002 +3.681200336e+002 -2.4632e+000 -1.0896e+000 +7.1680e-001
2181 0 +3.099962083e-005 +3.681200310e+002 +3.681200310e+002 -2.4632e+000 -1.0896e+000 +7.1679e-001
2211 0 +3.032954857e-005 +3.681200303e+002 +3.681200303e+002 -2.4632e+000 -1.0896e+000 +7.1680e-001
2246 0 +2.893696148e-005 +3.681200289e+002 +3.681200289e+002 -2.4632e+000 -1.0896e+000 +7.1680e-001
2271 0 +2.829312962e-005 +3.681200283e+002 +3.681200283e+002 -2.4632e+000 -1.0896e+000 +7.1678e-001
2358 0 +2.453201068e-005 +3.681200245e+002 +3.681200245e+002 -2.4632e+000 -1.0896e+000 +7.1680e-001
2386 0 +1.737787454e-005 +3.681200174e+002 +3.681200174e+002 -2.4632e+000 -1.0896e+000 +7.1680e-001
2415 0 +1.246426336e-005 +3.681200125e+002 +3.681200125e+002 -2.4632e+000 -1.0896e+000 +7.1679e-001
2579 0 +8.784530451e-006 +3.681200088e+002 +3.681200088e+002 -2.4632e+000 -1.0896e+000 +7.1680e-001
2844 0 +4.423739142e-006 +3.681200044e+002 +3.681200044e+002 -2.4632e+000 -1.0896e+000 +7.1680e-001
2939 0 +1.746328394e-006 +3.681200017e+002 +3.681200017e+002 -2.4632e+000 -1.0896e+000 +7.1680e-001
3089 0 +1.518300223e-006 +3.681200015e+002 +3.681200015e+002 -2.4632e+000 -1.0896e+000 +7.1680e-001
3154 0 +1.492280717e-006 +3.681200015e+002 +3.681200015e+002 -2.4632e+000 -1.0896e+000 +7.1680e-001
3202 0 +1.464110767e-006 +3.681200015e+002 +3.681200015e+002 -2.4632e+000 -1.0896e+000 +7.1680e-001
3242 0 +9.953508311e-007 +3.681200010e+002 +3.681200010e+002 -2.4632e+000 -1.0896e+000 +7.1680e-001
3265 0 +9.575688864e-007 +3.681200010e+002 +3.681200010e+002 -2.4632e+000 -1.0896e+000 +7.1680e-001
3286 0 +8.811686030e-007 +3.681200009e+002 +3.681200009e+002 -2.4632e+000 -1.0896e+000 +7.1680e-001
3304 0 +7.512245475e-007 +3.681200008e+002 +3.681200008e+002 -2.4632e+000 -1.0896e+000 +7.1680e-001
3306 0 +5.657930160e-007 +3.681200006e+002 +3.681200006e+002 -2.4632e+000 -1.0896e+000 +7.1680e-001
3364 0 +5.229881026e-007 +3.681200005e+002 +3.681200005e+002 -2.4632e+000 -1.0896e+000 +7.1680e-001
3420 0 +3.313560910e-007 +3.681200003e+002 +3.681200003e+002 -2.4632e+000 -1.0896e+000 +7.1680e-001
3438 0 +2.253577236e-007 +3.681200002e+002 +3.681200002e+002 -2.4632e+000 -1.0896e+000 +7.1680e-001
3460 0 +1.989329235e-007 +3.681200002e+002 +3.681200002e+002 -2.4632e+000 -1.0896e+000 +7.1680e-001
3483 0 +8.206609436e-008 +3.681200001e+002 +3.681200001e+002 -2.4632e+000 -1.0896e+000 +7.1680e-001
3525 0 +7.620650422e-008 +3.681200001e+002 +3.681200001e+002 -2.4632e+000 -1.0896e+000 +7.1680e-001
3686 0 +7.434857707e-008 +3.681200001e+002 +3.681200001e+002 -2.4632e+000 -1.0896e+000 +7.1680e-001
3750 0 +3.703860330e-008 +3.681200000e+002 +3.681200000e+002 -2.4632e+000 -1.0896e+000 +7.1680e-001
3915 0 +2.720247494e-008 +3.681200000e+002 +3.681200000e+002 -2.4632e+000 -1.0896e+000 +7.1680e-001
3981 0 +9.943221357e-009 +3.681200000e+002 +3.681200000e+002 -2.4632e+000 -1.0896e+000 +7.1680e-001
% f evaluations | g evaluations | best noise-free fitness - Fopt (4.739000000000e+001) + sum g_i+ | measured fitness | best measured fitness or single-digit g-values | x1 | x2...
1 0 +7.344337109e+000 +5.473433711e+001 +5.473433711e+001 +2.8483e+000 -2.5473e+000 +9.4421e-001
13 0 +5.015211452e+000 +5.240521145e+001 +5.240521145e+001 -2.2130e+000 +4.5784e+000 -1.8208e-001
21 0 +4.192048022e+000 +5.158204802e+001 +5.158204802e+001 -4.4540e-002 +6.7886e-001 -6.6323e-001
34 0 +3.443003844e+000 +5.083300384e+001 +5.083300384e+001 -1.0721e+000 +4.3953e+000 -5.1135e-001
37 0 +1.070861322e+000 +4.846086132e+001 +4.846086132e+001 -8.1332e-001 +2.3729e+000 -5.6652e-001
81 0 +9.966380053e-001 +4.838663801e+001 +4.838663801e+001 -4.4748e-001 +2.1953e+000 -5.7593e-001
154 0 +5.369848319e-001 +4.792698483e+001 +4.792698483e+001 -2.7221e-001 +1.8835e+000 -1.0018e+000
251 0 +4.947595963e-001 +4.788475960e+001 +4.788475960e+001 -4.0220e-001 +2.4633e+000 -9.2338e-001
288 0 +3.323090387e-001 +4.772230904e+001 +4.772230904e+001 -6.7018e-001 +2.9534e+000 -8.5720e-001
320 0 +3.192364243e-001 +4.770923642e+001 +4.770923642e+001 -5.5167e-001 +2.5817e+000 -8.2844e-001
350 0 +1.563571550e-001 +4.754635716e+001 +4.754635716e+001 -4.3900e-001 +2.4882e+000 -8.4969e-001
383 0 +1.261478505e-001 +4.751614785e+001 +4.751614785e+001 -3.8701e-001 +2.5300e+000 -8.6702e-001
443 0 +1.256938502e-001 +4.751569385e+001 +4.751569385e+001 -4.9297e-001 +2.6590e+000 -8.6100e-001
451 0 +8.948892727e-002 +4.747948893e+001 +4.747948893e+001 -4.9075e-001 +2.5650e+000 -8.7044e-001
518 0 +2.306001081e-002 +4.741306001e+001 +4.741306001e+001 -5.1071e-001 +2.6575e+000 -8.6607e-001
644 0 +1.661599815e-002 +4.740661600e+001 +4.740661600e+001 -4.9732e-001 +2.6305e+000 -8.5943e-001
742 0 +1.433220236e-002 +4.740433220e+001 +4.740433220e+001 -4.9782e-001 +2.6365e+000 -8.6748e-001
758 0 +7.632595800e-003 +4.739763260e+001 +4.739763260e+001 -4.9900e-001 +2.6235e+000 -8.6787e-001
776 0 +7.510897728e-003 +4.739751090e+001 +4.739751090e+001 -4.9543e-001 +2.6248e+000 -8.6691e-001
908 0 +2.765721388e-003 +4.739276572e+001 +4.739276572e+001 -4.9880e-001 +2.6289e+000 -8.6431e-001
1075 0 +2.645029701e-003 +4.739264503e+001 +4.739264503e+001 -4.9957e-001 +2.6328e+000 -8.6637e-001
1081 0 +2.073696625e-003 +4.739207370e+001 +4.739207370e+001 -4.9817e-001 +2.6286e+000 -8.6582e-001
1156 0 +1.951570424e-003 +4.739195157e+001 +4.739195157e+001 -4.9603e-001 +2.6270e+000 -8.6614e-001
1308 0 +1.928941423e-003 +4.739192894e+001 +4.739192894e+001 -4.9774e-001 +2.6292e+000 -8.6602e-001
1324 0 +1.886784446e-003 +4.739188678e+001 +4.739188678e+001 -4.9763e-001 +2.6285e+000 -8.6648e-001
1330 0 +8.296483800e-004 +4.739082965e+001 +4.739082965e+001 -4.9759e-001 +2.6296e+000 -8.6615e-001
1401 0 +4.467152400e-004 +4.739044672e+001 +4.739044672e+001 -4.9774e-001 +2.6299e+000 -8.6646e-001
1489 0 +3.543038368e-004 +4.739035430e+001 +4.739035430e+001 -4.9765e-001 +2.6297e+000 -8.6649e-001
1555 0 +2.297684713e-004 +4.739022977e+001 +4.739022977e+001 -4.9754e-001 +2.6297e+000 -8.6635e-001
1838 0 +1.442160101e-004 +4.739014422e+001 +4.739014422e+001 -4.9755e-001 +2.6296e+000 -8.6647e-001
1948 0 +3.919574810e-005 +4.739003920e+001 +4.739003920e+001 -4.9761e-001 +2.6296e+000 -8.6640e-001
2172 0 +3.698985604e-005 +4.739003699e+001 +4.739003699e+001 -4.9758e-001 +2.6296e+000 -8.6640e-001
2185 0 +3.224277010e-005 +4.739003224e+001 +4.739003224e+001 -4.9759e-001 +2.6296e+000 -8.6640e-001
2256 0 +2.922349160e-005 +4.739002922e+001 +4.739002922e+001 -4.9761e-001 +2.6296e+000 -8.6639e-001
2321 0 +1.547300542e-005 +4.739001547e+001 +4.739001547e+001 -4.9760e-001 +2.6296e+000 -8.6640e-001
2370 0 +1.351329933e-005 +4.739001351e+001 +4.739001351e+001 -4.9760e-001 +2.6296e+000 -8.6640e-001
2449 0 +1.229587632e-005 +4.739001230e+001 +4.739001230e+001 -4.9759e-001 +2.6296e+000 -8.6640e-001
2517 0 +1.069495213e-005 +4.739001069e+001 +4.739001069e+001 -4.9760e-001 +2.6296e+000 -8.6640e-001
2616 0 +1.045651955e-005 +4.739001046e+001 +4.739001046e+001 -4.9760e-001 +2.6296e+000 -8.6640e-001
2627 0 +1.032932730e-006 +4.739000103e+001 +4.739000103e+001 -4.9760e-001 +2.6296e+000 -8.6640e-001
2882 0 +8.779708551e-007 +4.739000088e+001 +4.739000088e+001 -4.9760e-001 +2.6296e+000 -8.6640e-001
2910 0 +7.366614696e-007 +4.739000074e+001 +4.739000074e+001 -4.9760e-001 +2.6296e+000 -8.6640e-001
2934 0 +6.465342253e-007 +4.739000065e+001 +4.739000065e+001 -4.9760e-001 +2.6296e+000 -8.6640e-001
2963 0 +4.740048993e-007 +4.739000047e+001 +4.739000047e+001 -4.9760e-001 +2.6296e+000 -8.6640e-001
3049 0 +2.399826755e-007 +4.739000024e+001 +4.739000024e+001 -4.9760e-001 +2.6296e+000 -8.6640e-001
3093 0 +1.851958373e-007 +4.739000019e+001 +4.739000019e+001 -4.9760e-001 +2.6296e+000 -8.6640e-001
3134 0 +1.604641966e-007 +4.739000016e+001 +4.739000016e+001 -4.9760e-001 +2.6296e+000 -8.6640e-001
3137 0 +1.006931427e-007 +4.739000010e+001 +4.739000010e+001 -4.9760e-001 +2.6296e+000 -8.6640e-001
3194 0 +9.384177702e-008 +4.739000009e+001 +4.739000009e+001 -4.9760e-001 +2.6296e+000 -8.6640e-001
3269 0 +3.618194455e-008 +4.739000004e+001 +4.739000004e+001 -4.9760e-001 +2.6296e+000 -8.6640e-001
3355 0 +1.918065351e-008 +4.739000002e+001 +4.739000002e+001 -4.9760e-001 +2.6296e+000 -8.6640e-001
3577 0 +1.496248814e-008 +4.739000001e+001 +4.739000001e+001 -4.9760e-001 +2.6296e+000 -8.6640e-001
3612 0 +7.824091597e-009 +4.739000001e+001 +4.739000001e+001 -4.9760e-001 +2.6296e+000 -8.6640e-001
% f evaluations | g evaluations | best noise-free fitness - Fopt (-3.428900000000e+002) + sum g_i+ | measured fitness | best measured fitness or single-digit g-values | x1 | x2...
1 0 +1.038362373e+002 -2.390537627e+002 -2.390537627e+002 +3.6371e+000 +4.0389e+000 -3.9080e-001
2 0 +2.604341709e+001 -3.168465829e+002 -3.168465829e+002 +3.4934e+000 -4.2738e+000 -1.4815e+000
3 0 +4.369437272e+000 -3.385205627e+002 -3.385205627e+002 -2.2919e-001 +7.4281e-001 +3.8616e+000
36 0 +3.110994259e+000 -3.397790057e+002 -3.397790057e+002 +2.0811e+000 -2.8595e+000 +2.9277e+000
37 0 +1.880958917e+000 -3.410090411e+002 -3.410090411e+002 +2.4295e+000 -4.2114e+000 +3.9810e+000
89 0 +1.409621050e+000 -3.414803790e+002 -3.414803790e+002 +2.6178e+000 -2.3534e+000 +3.6042e+000
199 0 +7.496638853e-001 -3.421403361e+002 -3.421403361e+002 +2.4366e+000 -2.6045e+000 +3.8530e+000
210 0 +7.385634468e-001 -3.421514366e+002 -3.421514366e+002 +2.1986e+000 -2.2837e+000 +3.6030e+000
240 0 +3.908077418e-001 -3.424991923e+002 -3.424991923e+002 +2.2725e+000 -2.3203e+000 +3.5677e+000
254 0 +3.146863250e-001 -3.425753137e+002 -3.425753137e+002 +2.3568e+000 -3.2821e+000 +3.4487e+000
377 0 +2.686422724e-001 -3.426213577e+002 -3.426213577e+002 +2.2596e+000 -2.7478e+000 +3.4174e+000
404 0 +2.455036803e-001 -3.426444963e+002 -3.426444963e+002 +2.3141e+000 -2.6969e+000 +3.3757e+000
405 0 +1.731487489e-001 -3.427168513e+002 -3.427168513e+002 +2.2180e+000 -2.6634e+000 +3.4930e+000
519 0 +1.273321665e-001 -3.427626678e+002 -3.427626678e+002 +2.2299e+000 -2.6922e+000 +3.5368e+000
567 0 +9.635137995e-002 -3.427936486e+002 -3.427936486e+002 +2.2075e+000 -2.5783e+000 +3.5241e+000
623 0 +5.318739831e-002 -3.428368126e+002 -3.428368126e+002 +2.2420e+000 -2.7908e+000 +3.4716e+000
710 0 +4.640430209e-002 -3.428435957e+002 -3.428435957e+002 +2.2438e+000 -2.7909e+000 +3.4828e+000
723 0 +3.967443375e-002 -3.428503256e+002 -3.428503256e+002 +2.2310e+000 -2.7027e+000 +3.4961e+000
744 0 +2.465300276e-002 -3.428653470e+002 -3.428653470e+002 +2.2308e+000 -2.7350e+000 +3.4830e+000
792 0 +2.255671696e-002 -3.428674433e+002 -3.428674433e+002 +2.2555e+000 -2.7962e+000 +3.4652e+000
861 0 +1.428374646e-002 -3.428757163e+002 -3.428757163e+002 +2.2416e+000 -2.7576e+000 +3.4758e+000
882 0 +1.379037558e-002 -3.428762096e+002 -3.428762096e+002 +2.2370e+000 -2.7645e+000 +3.4722e+000
924 0 +8.885543403e-003 -3.428811145e+002 -3.428811145e+002 +2.2402e+000 -2.7508e+000 +3.4795e+000
967 0 +8.497918637e-003 -3.428815021e+002 -3.428815021e+002 +2.2416e+000 -2.7596e+000 +3.4755e+000
1003 0 +4.733515981e-003 -3.428852665e+002 -3.428852665e+002 +2.2440e+000 -2.7677e+000 +3.4718e+000
1088 0 +4.002098712e-003 -3.428859979e+002 -3.428859979e+002 +2.2423e+000 -2.7614e+000 +3.4755e+000
1173 0 +1.676112048e-003 -3.428883239e+002 -3.428883239e+002 +2.2438e+000 -2.7715e+000 +3.4725e+000
1363 0 +3.955915792e-004 -3.428896044e+002 -3.428896044e+002 +2.2440e+000 -2.7704e+000 +3.4727e+000
1716 0 +3.368920317e-004 -3.428896631e+002 -3.428896631e+002 +2.2440e+000 -2.7702e+000 +3.4728e+000
1734 0 +2.335848128e-004 -3.428897664e+002 -3.428897664e+002 +2.2441e+000 -2.7704e+000 +3.4727e+000
1827 0 +1.688747249e-004 -3.428898311e+002 -3.428898311e+002 +2.2440e+000 -2.7705e+000 +3.4728e+000
1901 0 +1.187952106e-004 -3.428898812e+002 -3.428898812e+002 +2.2440e+000 -2.7704e+000 +3.4729e+000
1996 0 +6.931105241e-005 -3.428899307e+002 -3.428899307e+002 +2.2440e+000 -2.7704e+000 +3.4728e+000
2254 0 +3.407139752e-005 -3.428899659e+002 -3.428899659e+002 +2.2440e+000 -2.7704e+000 +3.4728e+000
2319 0 +3.278796299e-005 -3.428899672e+002 -3.428899672e+002 +2.2440e+000 -2.7704e+000 +3.4728e+000
2379 0 +3.200099286e-005 -3.428899680e+002 -3.428899680e+002 +2.2440e+000 -2.7704e+000 +3.4728e+000
2461 0 +3.020183209e-005 -3.428899698e+002 -3.428899698e+002 +2.2440e+000 -2.7704e+000 +3.4728e+000
2502 0 +2.338329523e-005 -3.428899766e+002 -3.428899766e+002 +2.2440e+000 -2.7704e+000 +3.4728e+000
2630 0 +2.850281533e-006 -3.428899971e+002 -3.428899971e+002 +2.2440e+000 -2.7704e+000 +3.4728e+000
2962 0 +2.351991327e-006 -3.428899976e+002 -3.428899976e+002 +2.2440e+000 -2.7704e+000 +3.4728e+000
3320 0 +9.686217481e-007 -3.428899990e+002 -3.428899990e+002 +2.2440e+000 -2.7704e+000 +3.4728e+000
3521 0 +8.969972214e-007 -3.428899991e+002 -3.428899991e+002 +2.2440e+000 -2.7704e+000 +3.4728e+000
3522 0 +7.309636203e-007 -3.428899993e+002 -3.428899993e+002 +2.2440e+000 -2.7704e+000 +3.4728e+000
3532 0 +6.960220844e-007 -3.428899993e+002 -3.428899993e+002 +2.2440e+000 -2.7704e+000 +3.4728e+000
3707 0 +4.262734024e-007 -3.428899996e+002 -3.428899996e+002 +2.2440e+000 -2.7704e+000 +3.4728e+000
3863 0 +2.302759299e-007 -3.428899998e+002 -3.428899998e+002 +2.2440e+000 -2.7704e+000 +3.4728e+000
3977 0 +2.013801463e-007 -3.428899998e+002 -3.428899998e+002 +2.2440e+000 -2.7704e+000 +3.4728e+000
3985 0 +1.117867328e-007 -3.428899999e+002 -3.428899999e+002 +2.2440e+000 -2.7704e+000 +3.4728e+000
4029 0 +2.115979214e-008 -3.428900000e+002 -3.428900000e+002 +2.2440e+000 -2.7704e+000 +3.4728e+000
4346 0 +1.548232831e-008 -3.428900000e+002 -3.428900000e+002 +2.2440e+000 -2.7704e+000 +3.4728e+000
4541 0 +9.960956504e-009 -3.428900000e+002 -3.428900000e+002 +2.2440e+000 -2.7704e+000 +3.4728e+000
% f evaluations | g evaluations | best noise-free fitness - Fopt (9.102000000000e+001) + sum g_i+ | measured fitness | best measured fitness or single-digit g-values | x1 | x2...
1 0 +1.196267329e+001 +1.029826733e+002 +1.029826733e+002 -2.0459e+000 -1.4579e+000 +2.4224e+000
18 0 +1.163704032e+001 +1.026570403e+002 +1.026570403e+002 -5.9445e-001 +2.0091e+000 +3.4408e+000
22 0 +9.986810900e+000 +1.010068109e+002 +1.010068109e+002 -9.1866e-002 -4.2433e-001 +1.4716e+000
31 0 +5.930659978e+000 +9.695065998e+001 +9.695065998e+001 +1.4159e+000 -7.0257e-001 +2.4224e+000
33 0 +2.794742678e+000 +9.381474268e+001 +9.381474268e+001 -3.9834e-001 +4.2112e-001 +4.4577e+000
53 0 +2.300994756e+000 +9.332099476e+001 +9.332099476e+001 +1.1637e+000 -1.7952e+000 +4.4005e+000
83 0 +1.911811698e+000 +9.293181170e+001 +9.293181170e+001 +3.6035e-001 -2.5488e+000 +4.8805e+000
169 0 +1.430570137e+000 +9.245057014e+001 +9.245057014e+001 +6.5557e-001 -2.6713e-001 +3.1286e+000
176 0 +8.744639179e-001 +9.189446392e+001 +9.189446392e+001 +5.8059e-001 -5.6708e-001 +2.8968e+000
236 0 +4.415433857e-001 +9.146154339e+001 +9.146154339e+001 +3.1867e-001 -7.3236e-001 +3.0417e+000
241 0 +2.187466515e-001 +9.123874665e+001 +9.123874665e+001 +4.1466e-001 -7.4290e-001 +3.1803e+000
453 0 +1.974081242e-001 +9.121740812e+001 +9.121740812e+001 +5.6807e-001 -8.3757e-001 +3.1494e+000
551 0 +1.271074223e-001 +9.114710742e+001 +9.114710742e+001 +5.2959e-001 -8.8907e-001 +3.2132e+000
648 0 +1.205004509e-001 +9.114050045e+001 +9.114050045e+001 +5.5218e-001 -9.0803e-001 +3.3155e+000
661 0 +6.056759567e-002 +9.108056760e+001 +9.108056760e+001 +5.4890e-001 -8.9144e-001 +3.2372e+000
802 0 +4.791201225e-002 +9.106791201e+001 +9.106791201e+001 +5.7297e-001 -9.2185e-001 +3.3013e+000
814 0 +3.012891367e-002 +9.105012891e+001 +9.105012891e+001 +5.5158e-001 -8.7676e-001 +3.2659e+000
845 0 +2.096699289e-002 +9.104096699e+001 +9.104096699e+001 +5.6693e-001 -8.6293e-001 +3.2563e+000
939 0 +1.245880115e-002 +9.103245880e+001 +9.103245880e+001 +5.5338e-001 -8.6509e-001 +3.2468e+000
1026 0 +1.210822644e-002 +9.103210823e+001 +9.103210823e+001 +5.6138e-001 -8.7595e-001 +3.2621e+000
1101 0 +1.073246556e-002 +9.103073247e+001 +9.103073247e+001 +5.5883e-001 -8.7656e-001 +3.2593e+000
1104 0 +6.897102495e-003 +9.102689710e+001 +9.102689710e+001 +5.6078e-001 -8.7018e-001 +3.2536e+000
1221 0 +6.071867526e-003 +9.102607187e+001 +9.102607187e+001 +5.6188e-001 -8.7259e-001 +3.2593e+000
1241 0 +5.296600034e-003 +9.102529660e+001 +9.102529660e+001 +5.6150e-001 -8.7706e-001 +3.2585e+000
1297 0 +4.812142619e-003 +9.102481214e+001 +9.102481214e+001 +5.6187e-001 -8.7137e-001 +3.2547e+000
1303 0 +3.219888500e-003 +9.102321989e+001 +9.102321989e+001 +5.6238e-001 -8.7286e-001 +3.2550e+000
1320 0 +9.020218245e-004 +9.102090202e+001 +9.102090202e+001 +5.6258e-001 -8.7469e-001 +3.2579e+000
1671 0 +3.581124814e-004 +9.102035811e+001 +9.102035811e+001 +5.6234e-001 -8.7427e-001 +3.2573e+000
1701 0 +3.083595154e-004 +9.102030836e+001 +9.102030836e+001 +5.6234e-001 -8.7454e-001 +3.2576e+000
1782 0 +2.895536675e-004 +9.102028955e+001 +9.102028955e+001 +5.6243e-001 -8.7446e-001 +3.2575e+000
1849 0 +1.179485109e-004 +9.102011795e+001 +9.102011795e+001 +5.6240e-001 -8.7446e-001 +3.2576e+000
1999 0 +1.139015789e-004 +9.102011390e+001 +9.102011390e+001 +5.6242e-001 -8.7441e-001 +3.2575e+000
2096 0 +3.051619098e-005 +9.102003052e+001 +9.102003052e+001 +5.6241e-001 -8.7441e-001 +3.2576e+000
2190 0 +2.264501988e-005 +9.102002265e+001 +9.102002265e+001 +5.6240e-001 -8.7440e-001 +3.2576e+000
2429 0 +2.016745211e-005 +9.102002017e+001 +9.102002017e+001 +5.6239e-001 -8.7437e-001 +3.2576e+000
2433 0 +1.907840020e-005 +9.102001908e+001 +9.102001908e+001 +5.6240e-001 -8.7440e-001 +3.2576e+000
2582 0 +9.661450946e-006 +9.102000966e+001 +9.102000966e+001 +5.6240e-001 -8.7440e-001 +3.2576e+000
2745 0 +2.816473625e-006 +9.102000282e+001 +9.102000282e+001 +5.6240e-001 -8.7440e-001 +3.2576e+000
2849 0 +6.328608464e-007 +9.102000063e+001 +9.102000063e+001 +5.6240e-001 -8.7440e-001 +3.2576e+000
3119 0 +3.084153661e-007 +9.102000031e+001 +9.102000031e+001 +5.6240e-001 -8.7440e-001 +3.2576e+000
3144 0 +1.720813003e-007 +9.102000017e+001 +9.102000017e+001 +5.6240e-001 -8.7440e-001 +3.2576e+000
3185 0 +1.008522474e-007 +9.102000010e+001 +9.102000010e+001 +5.6240e-001 -8.7440e-001 +3.2576e+000
3455 0 +7.376429778e-008 +9.102000007e+001 +9.102000007e+001 +5.6240e-001 -8.7440e-001 +3.2576e+000
3486 0 +1.615177325e-008 +9.102000002e+001 +9.102000002e+001 +5.6240e-001 -8.7440e-001 +3.2576e+000
3718 0 +1.136477579e-008 +9.102000001e+001 +9.102000001e+001 +5.6240e-001 -8.7440e-001 +3.2576e+000
3765 0 +5.234468858e-009 +9.102000001e+001 +9.102000001e+001 +5.6240e-001 -8.7440e-001 +3.2576e+000
% f evaluations | g evaluations | best noise-free fitness - Fopt (7.324200000000e+002) + sum g_i+ | measured fitness | best measured fitness or single-digit g-values | x1 | x2...
1 0 +5.477613387e+001 +7.871961339e+002 +7.871961339e+002 +3.8607e+000 +4.2479e+000 -3.3660e+000
2 0 +2.013139226e+001 +7.525513923e+002 +7.525513923e+002 +3.2819e+000 -1.7561e-001 -3.7008e+000
4 0 +1.664372326e+001 +7.490637233e+002 +7.490637233e+002 -1.1620e+000 +3.1913e+000 -1.1247e-001
7 0 +7.031573507e+000 +7.394515735e+002 +7.394515735e+002 -4.3155e+000 +1.0332e+000 +1.1213e+000
16 0 +6.154937342e+000 +7.385749373e+002 +7.385749373e+002 -2.7765e+000 +7.7205e-001 +2.6834e+000
37 0 +3.027960096e+000 +7.354479601e+002 +7.354479601e+002 -4.3155e+000 -2.0618e+000 +1.9400e+000
67 0 +1.778642391e+000 +7.341986424e+002 +7.341986424e+002 -4.0753e+000 -2.5795e+000 +3.2725e+000
152 0 +1.762616017e+000 +7.341826160e+002 +7.341826160e+002 -1.6519e+000 -2.1598e+000 +9.8766e-001
201 0 +9.004724117e-001 +7.333204724e+002 +7.333204724e+002 -2.7969e+000 -2.0907e+000 +2.1848e+000
238 0 +5.931659685e-001 +7.330131660e+002 +7.330131660e+002 -2.2455e+000 -2.2289e+000 +2.2228e+000
301 0 +5.748230366e-001 +7.329948230e+002 +7.329948230e+002 -2.2332e+000 -2.4098e+000 +2.3027e+000
323 0 +5.242650937e-001 +7.329442651e+002 +7.329442651e+002 -2.5736e+000 -2.4275e+000 +2.0127e+000
353 0 +3.552083958e-001 +7.327752084e+002 +7.327752084e+002 -2.5736e+000 -2.4560e+000 +2.1252e+000
468 0 +3.387725813e-001 +7.327587726e+002 +7.327587726e+002 -2.3375e+000 -2.3855e+000 +2.0509e+000
480 0 +2.891025065e-001 +7.327091025e+002 +7.327091025e+002 -2.5499e+000 -2.3332e+000 +2.1500e+000
498 0 +2.664216877e-001 +7.326864217e+002 +7.326864217e+002 -2.6217e+000 -2.4765e+000 +2.2927e+000
570 0 +2.098076485e-001 +7.326298076e+002 +7.326298076e+002 -2.6440e+000 -2.3770e+000 +2.1827e+000
573 0 +1.072515815e-001 +7.325272516e+002 +7.325272516e+002 -2.7150e+000 -2.4049e+000 +2.2020e+000
674 0 +9.981603949e-002 +7.325198160e+002 +7.325198160e+002 -2.6501e+000 -2.3746e+000 +2.1564e+000
701 0 +7.770541190e-002 +7.324977054e+002 +7.324977054e+002 -2.7333e+000 -2.4068e+000 +2.1805e+000
737 0 +5.577720014e-002 +7.324757772e+002 +7.324757772e+002 -2.7601e+000 -2.3961e+000 +2.1850e+000
824 0 +4.706345516e-002 +7.324670635e+002 +7.324670635e+002 -2.6925e+000 -2.3765e+000 +2.1572e+000
831 0 +3.007732137e-002 +7.324500773e+002 +7.324500773e+002 -2.7308e+000 -2.3822e+000 +2.1701e+000
844 0 +2.688659910e-002 +7.324468866e+002 +7.324468866e+002 -2.7272e+000 -2.3842e+000 +2.1736e+000
873 0 +1.519268026e-002 +7.324351927e+002 +7.324351927e+002 -2.7674e+000 -2.3849e+000 +2.1936e+000
874 0 +7.583503407e-003 +7.324275835e+002 +7.324275835e+002 -2.7464e+000 -2.3826e+000 +2.1863e+000
1093 0 +7.302873628e-003 +7.324273029e+002 +7.324273029e+002 -2.7447e+000 -2.3834e+000 +2.1846e+000
1148 0 +3.441406794e-003 +7.324234414e+002 +7.324234414e+002 -2.7389e+000 -2.3846e+000 +2.1820e+000
1289 0 +3.063204656e-003 +7.324230632e+002 +7.324230632e+002 -2.7369e+000 -2.3815e+000 +2.1824e+000
1369 0 +2.177025766e-003 +7.324221770e+002 +7.324221770e+002 -2.7402e+000 -2.3814e+000 +2.1820e+000
1388 0 +8.953919701e-004 +7.324208954e+002 +7.324208954e+002 -2.7389e+000 -2.3826e+000 +2.1815e+000
1595 0 +8.599178302e-004 +7.324208599e+002 +7.324208599e+002 -2.7392e+000 -2.3824e+000 +2.1818e+000
1624 0 +6.622231068e-004 +7.324206622e+002 +7.324206622e+002 -2.7402e+000 -2.3825e+000 +2.1819e+000
1686 0 +6.409155220e-004 +7.324206409e+002 +7.324206409e+002 -2.7384e+000 -2.3824e+000 +2.1812e+000
1716 0 +3.527235513e-004 +7.324203527e+002 +7.324203527e+002 -2.7394e+000 -2.3824e+000 +2.1816e+000
1729 0 +2.433183105e-004 +7.324202433e+002 +7.324202433e+002 -2.7392e+000 -2.3824e+000 +2.1815e+000
1764 0 +2.215959730e-004 +7.324202216e+002 +7.324202216e+002 -2.7392e+000 -2.3824e+000 +2.1816e+000
1916 0 +1.704750451e-004 +7.324201705e+002 +7.324201705e+002 -2.7389e+000 -2.3824e+000 +2.1815e+000
1949 0 +1.051840243e-004 +7.324201052e+002 +7.324201052e+002 -2.7393e+000 -2.3824e+000 +2.1816e+000
2067 0 +3.406544033e-005 +7.324200341e+002 +7.324200341e+002 -2.7392e+000 -2.3824e+000 +2.1816e+000
2309 0 +2.902721769e-005 +7.324200290e+002 +7.324200290e+002 -2.7392e+000 -2.3824e+000 +2.1816e+000
2434 0 +2.461482416e-005 +7.324200246e+002 +7.324200246e+002 -2.7392e+000 -2.3824e+000 +2.1816e+000
2511 0 +1.549542401e-005 +7.324200155e+002 +7.324200155e+002 -2.7392e+000 -2.3824e+000 +2.1816e+000
2520 0 +1.264333775e-005 +7.324200126e+002 +7.324200126e+002 -2.7392e+000 -2.3824e+000 +2.1816e+000
2605 0 +9.535265917e-006 +7.324200095e+002 +7.324200095e+002 -2.7392e+000 -2.3824e+000 +2.1816e+000
2683 0 +6.468531296e-006 +7.324200065e+002 +7.324200065e+002 -2.7392e+000 -2.3824e+000 +2.1816e+000
2764 0 +5.655688256e-007 +7.324200006e+002 +7.324200006e+002 -2.7392e+000 -2.3824e+000 +2.1816e+000
2944 0 +4.788176966e-007 +7.324200005e+002 +7.324200005e+002 -2.7392e+000 -2.3824e+000 +2.1816e+000
2997 0 +1.969613095e-007 +7.324200002e+002 +7.324200002e+002 -2.7392e+000 -2.3824e+000 +2.1816e+000
3011 0 +5.581136975e-008 +7.324200001e+002 +7.324200001e+002 -2.7392e+000 -2.3824e+000 +2.1816e+000
3238 0 +3.505272161e-008 +7.324200000e+002 +7.324200000e+002 -2.7392e+000 -2.3824e+000 +2.1816e+000
3488 0 +3.410548288e-008 +7.324200000e+002 +7.324200000e+002 -2.7392e+000 -2.3824e+000 +2.1816e+000
3517 0 +1.826731477e-008 +7.324200000e+002 +7.324200000e+002 -2.7392e+000 -2.3824e+000 +2.1816e+000
3540 0 +1.800742666e-008 +7.324200000e+002 +7.324200000e+002 -2.7392e+000 -2.3824e+000 +2.1816e+000
3547 0 +7.818584891e-009 +7.324200000e+002 +7.324200000e+002 -2.7392e+000 -2.3824e+000 +2.1816e+000
% f evaluations | g evaluations | best noise-free fitness - Fopt (3.542000000000e+001) + sum g_i+ | measured fitness | best measured fitness or single-digit g-values | x1 | x2...
1 0 +2.882594825e+001 +6.424594825e+001 +6.424594825e+001 +6.7947e-001 +3.9184e+000 +1.2133e+000
3 0 +1.840362706e+001 +5.382362706e+001 +5.382362706e+001 -2.1057e+000 +2.5544e+000 -4.0145e+000
14 0 +1.490767662e+001 +5.032767662e+001 +5.032767662e+001 +1.8577e+000 +3.3006e+000 -1.9448e-001
31 0 +1.085093228e+001 +4.627093228e+001 +4.627093228e+001 +6.7947e-001 -1.7147e+000 +1.7793e-001
34 0 +9.601415843e+000 +4.502141584e+001 +4.502141584e+001 +4.7324e+000 -3.4292e+000 -3.2480e+000
38 0 +9.170770077e+000 +4.459077008e+001 +4.459077008e+001 +1.1683e+000 -1.2737e+000 -1.7921e+000
62 0 +4.660416042e+000 +4.008041604e+001 +4.008041604e+001 +3.9358e+000 -3.5391e+000 -2.3761e+000
64 0 +4.023670550e+000 +3.944367055e+001 +3.944367055e+001 +4.4472e+000 -2.7241e+000 -2.7922e+000
71 0 +3.700216876e+000 +3.912021688e+001 +3.912021688e+001 +2.7018e+000 -2.5417e+000 +1.3493e-001
101 0 +3.242355463e+000 +3.866235546e+001 +3.866235546e+001 +2.8586e+000 -2.3397e+000 +1.4248e-001
140 0 +2.422747547e+000 +3.784274755e+001 +3.784274755e+001 +4.3187e+000 -1.5577e+000 -7.0291e-001
144 0 +1.935218495e+000 +3.735521850e+001 +3.735521850e+001 +2.8024e+000 -2.8431e+000 -9.7366e-001
237 0 +1.861497735e+000 +3.728149773e+001 +3.728149773e+001 +3.4363e+000 -1.4668e+000 +3.2754e-001
254 0 +1.106816549e+000 +3.652681655e+001 +3.652681655e+001 +3.4637e+000 -2.4001e+000 -7.4669e-001
322 0 +1.000741470e+000 +3.642074147e+001 +3.642074147e+001 +3.6108e+000 -2.1289e+000 -4.1468e-001
344 0 +5.844106745e-001 +3.600441067e+001 +3.600441067e+001 +3.4930e+000 -2.4774e+000 -6.4129e-001
470 0 +5.315722057e-001 +3.595157221e+001 +3.595157221e+001 +3.6941e+000 -2.5400e+000 -3.4047e-001
474 0 +3.054119639e-001 +3.572541196e+001 +3.572541196e+001 +3.7195e+000 -2.2159e+000 -8.2902e-001
572 0 +1.466388893e-001 +3.556663889e+001 +3.556663889e+001 +3.7330e+000 -2.2352e+000 -7.5802e-001
698 0 +1.428180695e-001 +3.556281807e+001 +3.556281807e+001 +3.6840e+000 -2.3558e+000 -6.1427e-001
721 0 +1.141687462e-001 +3.553416875e+001 +3.553416875e+001 +3.6767e+000 -2.3911e+000 -5.8928e-001
744 0 +7.797231587e-002 +3.549797232e+001 +3.549797232e+001 +3.6598e+000 -2.3947e+000 -6.3631e-001
779 0 +4.940330370e-002 +3.546940330e+001 +3.546940330e+001 +3.6902e+000 -2.3650e+000 -6.8455e-001
975 0 +3.682701303e-002 +3.545682701e+001 +3.545682701e+001 +3.7109e+000 -2.3416e+000 -6.6659e-001
1087 0 +9.346290431e-003 +3.542934629e+001 +3.542934629e+001 +3.6911e+000 -2.3454e+000 -6.5693e-001
1097 0 +8.428224073e-003 +3.542842822e+001 +3.542842822e+001 +3.6867e+000 -2.3466e+000 -6.5655e-001
1257 0 +7.091802909e-003 +3.542709180e+001 +3.542709180e+001 +3.6849e+000 -2.3501e+000 -6.5958e-001
1416 0 +6.264284776e-003 +3.542626428e+001 +3.542626428e+001 +3.6883e+000 -2.3492e+000 -6.5937e-001
1474 0 +5.148507359e-003 +3.542514851e+001 +3.542514851e+001 +3.6816e+000 -2.3523e+000 -6.5463e-001
1506 0 +4.445114409e-003 +3.542444511e+001 +3.542444511e+001 +3.6857e+000 -2.3497e+000 -6.5532e-001
1507 0 +3.767531634e-003 +3.542376753e+001 +3.542376753e+001 +3.6874e+000 -2.3486e+000 -6.5597e-001
1523 0 +2.652961620e-003 +3.542265296e+001 +3.542265296e+001 +3.6844e+000 -2.3503e+000 -6.5595e-001
1652 0 +1.553755984e-003 +3.542155376e+001 +3.542155376e+001 +3.6867e+000 -2.3483e+000 -6.5733e-001
1661 0 +1.411337048e-003 +3.542141134e+001 +3.542141134e+001 +3.6865e+000 -2.3485e+000 -6.5737e-001
1682 0 +1.237573347e-003 +3.542123757e+001 +3.542123757e+001 +3.6857e+000 -2.3481e+000 -6.5733e-001
1773 0 +1.065806230e-003 +3.542106581e+001 +3.542106581e+001 +3.6862e+000 -2.3476e+000 -6.5794e-001
1841 0 +3.872504199e-004 +3.542038725e+001 +3.542038725e+001 +3.6863e+000 -2.3482e+000 -6.5745e-001
1886 0 +3.143959372e-004 +3.542031440e+001 +3.542031440e+001 +3.6863e+000 -2.3481e+000 -6.5746e-001
1916 0 +1.593887968e-004 +3.542015939e+001 +3.542015939e+001 +3.6864e+000 -2.3481e+000 -6.5758e-001
2184 0 +1.546418800e-004 +3.542015464e+001 +3.542015464e+001 +3.6865e+000 -2.3478e+000 -6.5772e-001
2208 0 +1.101538642e-004 +3.542011015e+001 +3.542011015e+001 +3.6864e+000 -2.3480e+000 -6.5761e-001
2212 0 +6.694921250e-005 +3.542006695e+001 +3.542006695e+001 +3.6864e+000 -2.3480e+000 -6.5761e-001
2304 0 +3.207797920e-005 +3.542003208e+001 +3.542003208e+001 +3.6864e+000 -2.3480e+000 -6.5758e-001
2312 0 +3.083774987e-005 +3.542003084e+001 +3.542003084e+001 +3.6864e+000 -2.3480e+000 -6.5759e-001
2469 0 +2.892431149e-005 +3.542002892e+001 +3.542002892e+001 +3.6864e+000 -2.3480e+000 -6.5760e-001
2552 0 +2.171946758e-005 +3.542002172e+001 +3.542002172e+001 +3.6864e+000 -2.3480e+000 -6.5760e-001
2646 0 +1.105771156e-005 +3.542001106e+001 +3.542001106e+001 +3.6864e+000 -2.3480e+000 -6.5760e-001
2689 0 +7.389591133e-006 +3.542000739e+001 +3.542000739e+001 +3.6864e+000 -2.3480e+000 -6.5760e-001
2789 0 +5.602126791e-006 +3.542000560e+001 +3.542000560e+001 +3.6864e+000 -2.3480e+000 -6.5760e-001
2844 0 +2.485234944e-006 +3.542000249e+001 +3.542000249e+001 +3.6864e+000 -2.3480e+000 -6.5760e-001
2900 0 +1.738609114e-006 +3.542000174e+001 +3.542000174e+001 +3.6864e+000 -2.3480e+000 -6.5760e-001
2918 0 +9.053361296e-007 +3.542000091e+001 +3.542000091e+001 +3.6864e+000 -2.3480e+000 -6.5760e-001
2957 0 +8.022250242e-007 +3.542000080e+001 +3.542000080e+001 +3.6864e+000 -2.3480e+000 -6.5760e-001
3051 0 +2.097833729e-007 +3.542000021e+001 +3.542000021e+001 +3.6864e+000 -2.3480e+000 -6.5760e-001
3064 0 +2.015414182e-007 +3.542000020e+001 +3.542000020e+001 +3.6864e+000 -2.3480e+000 -6.5760e-001
3092 0 +3.847223695e-008 +3.542000004e+001 +3.542000004e+001 +3.6864e+000 -2.3480e+000 -6.5760e-001
3606 0 +3.122719505e-008 +3.542000003e+001 +3.542000003e+001 +3.6864e+000 -2.3480e+000 -6.5760e-001
3644 0 +2.582128644e-008 +3.542000003e+001 +3.542000003e+001 +3.6864e+000 -2.3480e+000 -6.5760e-001
3680 0 +8.101693538e-009 +3.542000001e+001 +3.542000001e+001 +3.6864e+000 -2.3480e+000 -6.5760e-001
