% f evaluations | g evaluations | best noise-free fitness - Fopt (7.135000000000e+001) + sum g_i+ | measured fitness | best measured fitness or single-digit g-values | x1 | x2...
1 0 +7.309931090e+001 +1.444493109e+002 +1.444493109e+002 -1.2901e+000 -3.3140e+000
2 0 +4.326974679e+001 +1.146197468e+002 +1.146197468e+002 +9.3921e-001 -3.3231e+000
3 0 +3.297871181e+001 +1.043287118e+002 +1.043287118e+002 +1.7434e+000 -1.7452e+000
5 0 +1.019900136e+001 +8.154900136e+001 +8.154900136e+001 -4.9858e+000 -3.6895e-001
20 0 +3.432893278e+000 +7.478289328e+001 +7.478289328e+001 +1.9674e+000 -2.0908e+000
106 0 +2.046301170e+000 +7.339630117e+001 +7.339630117e+001 +1.7512e+000 -3.1236e+000
130 0 +1.555077640e+000 +7.290507764e+001 +7.290507764e+001 +1.6954e+000 -3.1282e+000
163 0 +7.043997282e-001 +7.205439973e+001 +7.205439973e+001 +1.7772e+000 -2.1170e+000
174 0 +7.212766534e-002 +7.142212767e+001 +7.142212767e+001 +1.6938e+000 -1.1496e+000
182 0 +2.254164238e-002 +7.137254164e+001 +7.137254164e+001 +1.6920e+000 -1.1409e+000
190 0 +2.104562852e-002 +7.137104563e+001 +7.137104563e+001 +1.6920e+000 -1.1409e+000
262 0 +2.059721605e-003 +7.135205972e+001 +7.135205972e+001 +1.8282e+000 -2.1439e+000
297 0 +1.653904569e-004 +7.135016539e+001 +7.135016539e+001 +1.9487e+000 -3.1421e+000
497 0 +4.238185689e-005 +7.135004238e+001 +7.135004238e+001 +1.9487e+000 -3.1420e+000
833 0 +1.718078983e-005 +7.135001718e+001 +7.135001718e+001 +1.9482e+000 -3.1420e+000
897 0 +3.058701779e-006 +7.135000306e+001 +7.135000306e+001 +1.9480e+000 -3.1420e+000
945 0 +2.968155130e-006 +7.135000297e+001 +7.135000297e+001 +1.9479e+000 -3.1420e+000
1196 0 +2.916116898e-006 +7.135000292e+001 +7.135000292e+001 +1.9478e+000 -3.1420e+000
1217 0 +2.329945161e-006 +7.135000233e+001 +7.135000233e+001 +1.9477e+000 -3.1420e+000
1249 0 +4.193323377e-007 +7.135000042e+001 +7.135000042e+001 +1.9477e+000 -3.1420e+000
1313 0 +2.632347531e-007 +7.135000026e+001 +7.135000026e+001 +1.9478e+000 -3.1420e+000
1433 0 +2.602570248e-007 +7.135000026e+001 +7.135000026e+001 +1.9478e+000 -3.1420e+000
1465 0 +2.421917600e-007 +7.135000024e+001 +7.135000024e+001 +1.9478e+000 -3.1420e+000
1492 0 +1.375866532e-008 +7.135000001e+001 +7.135000001e+001 +1.9478e+000 -3.1420e+000
1580 0 +1.261929583e-008 +7.135000001e+001 +7.135000001e+001 +1.9478e+000 -3.1420e+000
1668 0 +9.448356764e-009 +7.135000001e+001 +7.135000001e+001 +1.9478e+000 -3.1420e+000
% f evaluations | g evaluations | best noise-free fitness - Fopt (-3.552200000000e+002) + sum g_i+ | measured fitness | best measured fitness or single-digit g-values | x1 | x2...
1 0 +2.838876833e+001 -3.268312317e+002 -3.268312317e+002 -4.1613e+000 -6.5961e-001
2 0 +1.825120293e+001 -3.369687971e+002 -3.369687971e+002 +3.7020e+000 +1.3964e+000
14 0 +1.522418773e+001 -3.399958123e+002 -3.399958123e+002 +1.4023e+000 +2.2612e+000
22 0 +1.106211276e+000 -3.541137887e+002 -3.541137887e+002 +3.3180e+000 +2.2853e+000
50 0 +6.528550884e-001 -3.545671449e+002 -3.545671449e+002 +9.3171e-001 +2.2770e+000
78 0 +4.162514114e-002 -3.551783749e+002 -3.551783749e+002 +1.0972e+000 +2.4269e+000
555 0 +1.246944517e-002 -3.552075306e+002 -3.552075306e+002 -8.4485e-001 +2.7199e+000
706 0 +1.205532842e-002 -3.552079447e+002 -3.552079447e+002 -8.4476e-001 +2.7199e+000
728 0 +1.140244655e-002 -3.552085976e+002 -3.552085976e+002 -8.4472e-001 +2.7200e+000
852 0 +1.121770391e-002 -3.552087823e+002 -3.552087823e+002 -8.4481e-001 +2.7199e+000
1633 0 +6.394130272e-003 -3.552136059e+002 -3.552136059e+002 +3.0404e+000 +2.1915e+000
1750 0 +1.072984063e-003 -3.552189270e+002 -3.552189270e+002 -3.6041e-001 -2.6121e+000
1820 0 +9.991079777e-004 -3.552190009e+002 -3.552190009e+002 -3.6045e-001 -2.6121e+000
1920 0 +3.362108145e-004 -3.552196638e+002 -3.552196638e+002 -3.5840e-001 -2.6113e+000
2221 0 +1.131861758e-004 -3.552198868e+002 -3.552198868e+002 -3.5591e-001 -2.6099e+000
2336 0 +3.984336871e-005 -3.552199602e+002 -3.552199602e+002 -3.5914e-001 -2.6111e+000
2390 0 +2.639015247e-005 -3.552199736e+002 -3.552199736e+002 -3.5898e-001 -2.6110e+000
2422 0 +1.150385395e-005 -3.552199885e+002 -3.552199885e+002 -3.6046e-001 -2.6113e+000
2428 0 +1.065649087e-005 -3.552199893e+002 -3.552199893e+002 -3.6010e-001 -2.6112e+000
2435 0 +6.278700141e-006 -3.552199937e+002 -3.552199937e+002 -3.5945e-001 -2.6112e+000
2445 0 +1.591241642e-006 -3.552199984e+002 -3.552199984e+002 -3.6017e-001 -2.6113e+000
2456 0 +3.002227800e-007 -3.552199997e+002 -3.552199997e+002 -3.6011e-001 -2.6113e+000
2466 0 +2.421025442e-007 -3.552199998e+002 -3.552199998e+002 -3.6003e-001 -2.6113e+000
2469 0 +9.175460036e-008 -3.552199999e+002 -3.552199999e+002 -3.6013e-001 -2.6113e+000
2505 0 +5.053669838e-008 -3.552199999e+002 -3.552199999e+002 -3.5994e-001 -2.6113e+000
2527 0 +3.790972869e-008 -3.552200000e+002 -3.552200000e+002 -3.5994e-001 -2.6113e+000
2533 0 +1.585306109e-008 -3.552200000e+002 -3.552200000e+002 -3.5999e-001 -2.6113e+000
2541 0 +3.835907592e-009 -3.552200000e+002 -3.552200000e+002 -3.6002e-001 -2.6113e+000
% f evaluations | g evaluations | best noise-free fitness - Fopt (9.917000000000e+001) + sum g_i+ | measured fitness | best measured fitness or single-digit g-values | x1 | x2...
1 0 +2.049251684e+002 +3.040951684e+002 +3.040951684e+002 -3.6479e+000 -7.5871e-001
2 0 +5.552304578e+001 +1.546930458e+002 +1.546930458e+002 -4.5290e+000 -4.2365e+000
3 0 +1.511372291e+001 +1.142837229e+002 +1.142837229e+002 -2.6285e+000 -1.6916e+000
27 0 +1.416322288e+001 +1.133332229e+002 +1.133332229e+002 -2.6294e+000 -1.6964e+000
31 0 +1.015265882e+001 +1.093226588e+002 +1.093226588e+002 -4.0186e+000 -2.7517e+000
36 0 +9.130873385e+000 +1.083008734e+002 +1.083008734e+002 +1.4682e+000 -3.7370e+000
54 0 +2.017737148e+000 +1.011877371e+002 +1.011877371e+002 -8.6596e-001 -3.9488e+000
300 0 +1.729254253e+000 +1.008992543e+002 +1.008992543e+002 -5.8294e-001 -4.5129e+000
369 0 +5.783400769e-001 +9.974834008e+001 +9.974834008e+001 -7.4058e-001 -4.2592e+000
398 0 +2.198968180e-001 +9.938989682e+001 +9.938989682e+001 +7.6603e-001 -4.6365e+000
400 0 +8.388383834e-002 +9.925388384e+001 +9.925388384e+001 +8.8885e-001 -4.7966e+000
449 0 +1.258819246e-002 +9.918258819e+001 +9.918258819e+001 +9.0977e-001 -4.8181e+000
503 0 +9.706519743e-003 +9.917970652e+001 +9.917970652e+001 +9.3602e-001 -4.8569e+000
506 0 +7.109179889e-003 +9.917710918e+001 +9.917710918e+001 +9.3475e-001 -4.8526e+000
508 0 +1.557090431e-003 +9.917155709e+001 +9.917155709e+001 +9.2372e-001 -4.8444e+000
524 0 +1.774226426e-005 +9.917001774e+001 +9.917001774e+001 +9.2732e-001 -4.8486e+000
576 0 +7.377252857e-006 +9.917000738e+001 +9.917000738e+001 +9.2832e-001 -4.8501e+000
600 0 +6.155986526e-006 +9.917000616e+001 +9.917000616e+001 +9.2806e-001 -4.8497e+000
603 0 +2.890038985e-006 +9.917000289e+001 +9.917000289e+001 +9.2752e-001 -4.8489e+000
638 0 +2.118330485e-006 +9.917000212e+001 +9.917000212e+001 +9.2748e-001 -4.8488e+000
647 0 +1.497968071e-006 +9.917000150e+001 +9.917000150e+001 +9.2752e-001 -4.8489e+000
648 0 +1.675075225e-007 +9.917000017e+001 +9.917000017e+001 +9.2763e-001 -4.8490e+000
670 0 +1.438934305e-008 +9.917000001e+001 +9.917000001e+001 +9.2760e-001 -4.8489e+000
678 0 +6.094850846e-009 +9.917000001e+001 +9.917000001e+001 +9.2765e-001 -4.8490e+000
% f evaluations | g evaluations | best noise-free fitness - Fopt (-5.179100000000e+002) + sum g_i+ | measured fitness | best measured fitness or single-digit g-values | x1 | x2...
1 0 +4.784573128e+001 -4.700642687e+002 -4.700642687e+002 -5.1095e-002 +2.8609e+000
6 0 +2.095851374e+001 -4.969514863e+002 -4.969514863e+002 +3.2651e-001 -5.0000e+000
22 0 +1.709884256e+001 -5.008111574e+002 -5.008111574e+002 -6.5926e-002 -3.7183e+000
36 0 +1.642331842e+000 -5.162676682e+002 -5.162676682e+002 +4.6758e+000 -3.4486e+000
156 0 +8.780181338e-001 -5.170319819e+002 -5.170319819e+002 +4.5632e+000 -3.5330e+000
171 0 +3.396701217e-001 -5.175703299e+002 -5.175703299e+002 +2.2564e+000 -4.4969e+000
255 0 +1.411505621e-002 -5.178958849e+002 -5.178958849e+002 +2.3885e+000 -4.4426e+000
823 0 +8.800491789e-003 -5.179011995e+002 -5.179011995e+002 +2.3885e+000 -4.4430e+000
877 0 +6.547192668e-003 -5.179034528e+002 -5.179034528e+002 +4.4089e+000 -3.6063e+000
924 0 +4.103161223e-003 -5.179058968e+002 -5.179058968e+002 +4.4091e+000 -3.6060e+000
981 0 +3.332699104e-003 -5.179066673e+002 -5.179066673e+002 +4.4110e+000 -3.6046e+000
1067 0 +2.830104110e-003 -5.179071699e+002 -5.179071699e+002 +4.4110e+000 -3.6048e+000
1098 0 +2.147264297e-003 -5.179078527e+002 -5.179078527e+002 +4.4110e+000 -3.6047e+000
1129 0 +2.056349280e-003 -5.179079437e+002 -5.179079437e+002 +4.4110e+000 -3.6047e+000
1152 0 +2.024510973e-003 -5.179079755e+002 -5.179079755e+002 +4.4110e+000 -3.6047e+000
1203 0 +1.950255681e-003 -5.179080497e+002 -5.179080497e+002 +4.4110e+000 -3.6047e+000
1228 0 +1.939696612e-003 -5.179080603e+002 -5.179080603e+002 +4.4110e+000 -3.6047e+000
1930 0 +1.146608381e-003 -5.179088534e+002 -5.179088534e+002 +3.0047e+000 +4.4640e+000
1968 0 +2.504359467e-004 -5.179097496e+002 -5.179097496e+002 +3.0062e+000 +4.4641e+000
2035 0 +8.783336023e-005 -5.179099122e+002 -5.179099122e+002 +3.0059e+000 +4.4632e+000
2047 0 +6.021816398e-005 -5.179099398e+002 -5.179099398e+002 +3.0071e+000 +4.4643e+000
2067 0 +2.241731897e-005 -5.179099776e+002 -5.179099776e+002 +3.0075e+000 +4.4647e+000
2074 0 +1.249299544e-005 -5.179099875e+002 -5.179099875e+002 +3.0089e+000 +4.4660e+000
2075 0 +2.385873586e-006 -5.179099976e+002 -5.179099976e+002 +3.0082e+000 +4.4654e+000
2108 0 +1.111675260e-006 -5.179099989e+002 -5.179099989e+002 +3.0079e+000 +4.4651e+000
2113 0 +1.941102710e-007 -5.179099998e+002 -5.179099998e+002 +3.0080e+000 +4.4652e+000
2145 0 +4.175706181e-008 -5.179100000e+002 -5.179100000e+002 +3.0081e+000 +4.4653e+000
2156 0 +1.249657089e-008 -5.179100000e+002 -5.179100000e+002 +3.0081e+000 +4.4653e+000
2162 0 +1.421085472e-011 -5.179100000e+002 -5.179100000e+002 +3.0081e+000 +4.4653e+000
% f evaluations | g evaluations | best noise-free fitness - Fopt (-5.721000000000e+001) + sum g_i+ | measured fitness | best measured fitness or single-digit g-values | x1 | x2...
1 0 +9.003629742e+001 +3.282629742e+001 +3.282629742e+001 -1.0941e+000 -4.6754e+000
2 0 +7.119130582e+001 +1.398130582e+001 +1.398130582e+001 -2.0441e+000 +4.9438e+000
3 0 +4.855576597e+001 -8.654234034e+000 -8.654234034e+000 -4.5034e+000 -1.2269e+000
9 0 +4.035409221e+001 -1.685590779e+001 -1.685590779e+001 -2.4548e+000 -4.8225e+000
14 0 +3.326032486e+001 -2.394967514e+001 -2.394967514e+001 -4.5901e+000 -4.1680e+000
18 0 +1.199217032e+001 -4.521782968e+001 -4.521782968e+001 -3.7879e+000 +1.0313e+000
43 0 +6.156722944e-001 -5.659432771e+001 -5.659432771e+001 -4.9449e+000 +4.0295e+000
51 0 +3.563017184e-001 -5.685369828e+001 -5.685369828e+001 -4.9730e+000 +4.0473e+000
115 0 +2.828042655e-001 -5.692719573e+001 -5.692719573e+001 -4.9989e+000 +4.0927e+000
141 0 +3.546474768e-002 -5.717453525e+001 -5.717453525e+001 -4.8085e+000 +3.7898e+000
339 0 +3.919383599e-003 -5.720608062e+001 -5.720608062e+001 -4.8154e+000 +3.8189e+000
349 0 +4.970105176e-004 -5.720950299e+001 -5.720950299e+001 -4.8144e+000 +3.8202e+000
359 0 +2.615111988e-005 -5.720997385e+001 -5.720997385e+001 -4.8159e+000 +3.8234e+000
379 0 +3.548040588e-006 -5.720999645e+001 -5.720999645e+001 -4.8153e+000 +3.8226e+000
421 0 +2.638946533e-006 -5.720999736e+001 -5.720999736e+001 -4.8155e+000 +3.8228e+000
422 0 +2.304069319e-006 -5.720999770e+001 -5.720999770e+001 -4.8155e+000 +3.8229e+000
427 0 +2.191291266e-006 -5.720999781e+001 -5.720999781e+001 -4.8155e+000 +3.8229e+000
431 0 +2.670827328e-007 -5.720999973e+001 -5.720999973e+001 -4.8155e+000 +3.8228e+000
434 0 +1.226009658e-007 -5.720999988e+001 -5.720999988e+001 -4.8156e+000 +3.8228e+000
437 0 +9.989619798e-009 -5.720999999e+001 -5.720999999e+001 -4.8156e+000 +3.8228e+000
% f evaluations | g evaluations | best noise-free fitness - Fopt (6.626000000000e+001) + sum g_i+ | measured fitness | best measured fitness or single-digit g-values | x1 | x2...
1 0 +2.884799954e+001 +9.510799954e+001 +9.510799954e+001 -4.2406e+000 -2.6593e+000
7 0 +2.820006369e+001 +9.446006369e+001 +9.446006369e+001 +9.2055e-001 -1.9648e+000
18 0 +2.599570618e+001 +9.225570618e+001 +9.225570618e+001 -1.2322e+000 -1.0750e+000
44 0 +1.088222579e+001 +7.714222579e+001 +7.714222579e+001 -2.1980e+000 -3.1320e+000
49 0 +4.532727651e+000 +7.079272765e+001 +7.079272765e+001 -4.3682e+000 -2.5164e+000
93 0 +7.863976716e-001 +6.704639767e+001 +6.704639767e+001 -4.3604e+000 -3.4372e+000
151 0 +6.171646432e-001 +6.687716464e+001 +6.687716464e+001 -4.2942e+000 -4.1010e+000
200 0 +5.588324999e-001 +6.681883250e+001 +6.681883250e+001 -4.3180e+000 -3.7419e+000
216 0 +5.593610991e-002 +6.631593611e+001 +6.631593611e+001 -4.3285e+000 -3.7419e+000
288 0 +1.391908234e-002 +6.627391908e+001 +6.627391908e+001 -4.3360e+000 -3.7534e+000
347 0 +3.248376719e-003 +6.626324838e+001 +6.626324838e+001 -4.3379e+000 -3.7967e+000
403 0 +2.636302037e-003 +6.626263630e+001 +6.626263630e+001 -4.3372e+000 -3.7983e+000
411 0 +5.317275120e-004 +6.626053173e+001 +6.626053173e+001 -4.3372e+000 -3.7917e+000
419 0 +5.888714273e-005 +6.626005889e+001 +6.626005889e+001 -4.3380e+000 -3.7838e+000
443 0 +2.587131326e-005 +6.626002587e+001 +6.626002587e+001 -4.3378e+000 -3.7835e+000
445 0 +1.082665861e-006 +6.626000108e+001 +6.626000108e+001 -4.3380e+000 -3.7821e+000
453 0 +1.785454060e-007 +6.626000018e+001 +6.626000018e+001 -4.3380e+000 -3.7821e+000
487 0 +6.529911900e-008 +6.626000007e+001 +6.626000007e+001 -4.3380e+000 -3.7823e+000
516 0 +6.429695532e-008 +6.626000006e+001 +6.626000006e+001 -4.3380e+000 -3.7823e+000
523 0 +7.694140436e-009 +6.626000001e+001 +6.626000001e+001 -4.3380e+000 -3.7822e+000
% f evaluations | g evaluations | best noise-free fitness - Fopt (-1.386200000000e+002) + sum g_i+ | measured fitness | best measured fitness or single-digit g-values | x1 | x2...
1 0 +8.952824367e+001 -4.909175633e+001 -4.909175633e+001 +4.8614e+000 +6.2379e-001
2 0 +7.402079626e+001 -6.459920374e+001 -6.459920374e+001 +2.9859e-001 -3.3226e+000
5 0 +1.978912741e+001 -1.188308726e+002 -1.188308726e+002 -3.6451e+000 -9.4076e-001
11 0 +9.976732415e+000 -1.286432676e+002 -1.286432676e+002 +1.0392e+000 -4.8217e+000
118 0 +3.266791606e+000 -1.353532084e+002 -1.353532084e+002 +2.1131e+000 -4.7726e+000
252 0 +2.139379501e+000 -1.364806205e+002 -1.364806205e+002 +2.0975e+000 -4.7422e+000
255 0 +6.770652902e-001 -1.379429347e+002 -1.379429347e+002 +1.9748e+000 -3.9188e+000
279 0 +4.980943699e-001 -1.381219056e+002 -1.381219056e+002 +1.9666e+000 -3.8913e+000
285 0 +2.689178153e-001 -1.383510822e+002 -1.383510822e+002 +1.9740e+000 -3.8942e+000
305 0 +2.569574343e-001 -1.383630426e+002 -1.383630426e+002 +1.9648e+000 -3.8638e+000
326 0 +1.469275810e-001 -1.384730724e+002 -1.384730724e+002 +1.9739e+000 -3.8843e+000
335 0 +9.559178999e-002 -1.385244082e+002 -1.385244082e+002 +1.9863e+000 -3.8978e+000
340 0 +3.262571675e-002 -1.385873743e+002 -1.385873743e+002 +2.0003e+000 -3.9712e+000
348 0 +1.336535397e-002 -1.386066346e+002 -1.386066346e+002 +2.0059e+000 -3.9839e+000
359 0 +1.061456750e-002 -1.386093854e+002 -1.386093854e+002 +2.0051e+000 -3.9813e+000
362 0 +7.023262959e-003 -1.386129767e+002 -1.386129767e+002 +1.9954e+000 -3.9415e+000
372 0 +1.924875500e-003 -1.386180751e+002 -1.386180751e+002 +2.0018e+000 -3.9618e+000
380 0 +8.732327037e-004 -1.386191268e+002 -1.386191268e+002 +2.0008e+000 -3.9478e+000
389 0 +1.955315354e-004 -1.386198045e+002 -1.386198045e+002 +2.0012e+000 -3.9523e+000
406 0 +1.666628441e-004 -1.386198333e+002 -1.386198333e+002 +2.0020e+000 -3.9547e+000
416 0 +1.263823648e-005 -1.386199874e+002 -1.386199874e+002 +2.0018e+000 -3.9550e+000
422 0 +2.753740461e-006 -1.386199972e+002 -1.386199972e+002 +2.0016e+000 -3.9548e+000
441 0 +1.658818576e-006 -1.386199983e+002 -1.386199983e+002 +2.0017e+000 -3.9548e+000
448 0 +1.027858247e-006 -1.386199990e+002 -1.386199990e+002 +2.0016e+000 -3.9543e+000
454 0 +2.399143568e-007 -1.386199998e+002 -1.386199998e+002 +2.0016e+000 -3.9547e+000
470 0 +1.559075713e-008 -1.386200000e+002 -1.386200000e+002 +2.0016e+000 -3.9546e+000
511 0 +1.087244073e-009 -1.386200000e+002 -1.386200000e+002 +2.0016e+000 -3.9545e+000
% f evaluations | g evaluations | best noise-free fitness - Fopt (7.313900000000e+002) + sum g_i+ | measured fitness | best measured fitness or single-digit g-values | x1 | x2...
1 0 +8.428360898e+001 +8.156736090e+002 +8.156736090e+002 +2.8935e+000 +1.7638e+000
5 0 +8.143792924e+001 +8.128279292e+002 +8.128279292e+002 +4.8426e+000 -4.3107e+000
6 0 +7.792986025e+001 +8.093198603e+002 +8.093198603e+002 +5.0000e+000 -8.2889e-002
8 0 +5.381585988e+001 +7.852058599e+002 +7.852058599e+002 -4.5754e+000 -9.4020e-002
11 0 +4.454191277e+001 +7.759319128e+002 +7.759319128e+002 +2.4290e+000 -3.0895e+000
15 0 +4.005275639e+001 +7.714427564e+002 +7.714427564e+002 +3.6472e+000 +3.2634e+000
24 0 +2.603463837e+000 +7.339934638e+002 +7.339934638e+002 +1.8570e+000 +1.4762e+000
151 0 +2.439404580e+000 +7.338294046e+002 +7.338294046e+002 +2.1593e+000 +5.0076e-001
190 0 +1.821897759e+000 +7.332118978e+002 +7.332118978e+002 +1.9392e+000 +1.3170e+000
207 0 +7.794082713e-001 +7.321694083e+002 +7.321694083e+002 +2.1593e+000 +6.0548e-001
213 0 +4.534766982e-001 +7.318434767e+002 +7.318434767e+002 +2.0976e+000 +7.6904e-001
215 0 +3.179794040e-001 +7.317079794e+002 +7.317079794e+002 +2.0886e+000 +7.8279e-001
224 0 +2.601638168e-001 +7.316501638e+002 +7.316501638e+002 +2.0169e+000 +1.0647e+000
232 0 +1.796981526e-001 +7.315696982e+002 +7.315696982e+002 +2.0259e+000 +1.0647e+000
240 0 +5.286448812e-002 +7.314428645e+002 +7.314428645e+002 +2.0628e+000 +8.7088e-001
246 0 +4.849391733e-003 +7.313948494e+002 +7.313948494e+002 +2.0563e+000 +9.5412e-001
269 0 +1.701937794e-003 +7.313917019e+002 +7.313917019e+002 +2.0602e+000 +9.2150e-001
290 0 +8.467660241e-004 +7.313908468e+002 +7.313908468e+002 +2.0599e+000 +9.2501e-001
327 0 +5.806857905e-005 +7.313900581e+002 +7.313900581e+002 +2.0587e+000 +9.2770e-001
395 0 +7.031131872e-006 +7.313900070e+002 +7.313900070e+002 +2.0583e+000 +9.3081e-001
403 0 +5.940628853e-006 +7.313900059e+002 +7.313900059e+002 +2.0583e+000 +9.3082e-001
411 0 +2.169860295e-006 +7.313900022e+002 +7.313900022e+002 +2.0583e+000 +9.3060e-001
437 0 +6.121418892e-007 +7.313900006e+002 +7.313900006e+002 +2.0584e+000 +9.3059e-001
462 0 +3.049034376e-007 +7.313900003e+002 +7.313900003e+002 +2.0584e+000 +9.3026e-001
483 0 +1.277105639e-007 +7.313900001e+002 +7.313900001e+002 +2.0584e+000 +9.3040e-001
519 0 +2.530566690e-008 +7.313900000e+002 +7.313900000e+002 +2.0584e+000 +9.3044e-001
524 0 +7.632479537e-009 +7.313900000e+002 +7.313900000e+002 +2.0584e+000 +9.3037e-001
% f evaluations | g evaluations | best noise-free fitness - Fopt (7.526000000000e+001) + sum g_i+ | measured fitness | best measured fitness or single-digit g-values | x1 | x2...
1 0 +1.280611239e+002 +2.033211239e+002 +2.033211239e+002 +2.6750e-001 +3.5436e+000
3 0 +6.365046554e+001 +1.389104655e+002 +1.389104655e+002 -1.7512e+000 -1.5458e-001
4 0 +3.732202427e+001 +1.125820243e+002 +1.125820243e+002 -5.0000e+000 +5.0000e+000
10 0 +3.309050231e+001 +1.083505023e+002 +1.083505023e+002 +8.0466e-001 +4.6991e+000
24 0 +1.843361079e+001 +9.369361079e+001 +9.369361079e+001 -1.1163e+000 +4.2916e+000
25 0 +1.636295766e+001 +9.162295766e+001 +9.162295766e+001 -4.6388e+000 +4.4048e+000
36 0 +1.356742344e+001 +8.882742344e+001 +8.882742344e+001 -4.8283e+000 +3.1331e+000
41 0 +1.139344548e+001 +8.665344548e+001 +8.665344548e+001 -4.8966e+000 +4.3262e+000
46 0 +6.782848315e+000 +8.204284832e+001 +8.204284832e+001 -4.5243e+000 +4.6533e+000
65 0 +6.094040442e+000 +8.135404044e+001 +8.135404044e+001 -4.4559e+000 +4.6533e+000
78 0 +4.346510517e+000 +7.960651052e+001 +7.960651052e+001 -4.6055e+000 +4.6677e+000
90 0 +1.408647490e+000 +7.666864749e+001 +7.666864749e+001 -4.4553e+000 +4.8777e+000
98 0 +7.294501738e-001 +7.598945017e+001 +7.598945017e+001 -4.3803e+000 +4.9449e+000
117 0 +1.882192636e-001 +7.544821926e+001 +7.544821926e+001 -4.3119e+000 +4.9988e+000
189 0 +1.749824175e-001 +7.543498242e+001 +7.543498242e+001 -4.3096e+000 +4.9994e+000
193 0 +1.460388063e-001 +7.540603881e+001 +7.540603881e+001 -4.3189e+000 +4.9944e+000
224 0 +1.315581445e-001 +7.539155814e+001 +7.539155814e+001 -4.3153e+000 +4.9980e+000
276 0 +1.261796795e-001 +7.538617968e+001 +7.538617968e+001 -4.3165e+000 +4.9968e+000
283 0 +1.240887225e-001 +7.538408872e+001 +7.538408872e+001 -4.3155e+000 +4.9979e+000
341 0 +1.226070887e-001 +7.538260709e+001 +7.538260709e+001 -4.3154e+000 +4.9980e+000
366 0 +1.197600363e-001 +7.537976004e+001 +7.537976004e+001 -4.3155e+000 +4.9979e+000
814 0 +6.628531589e-002 +7.532628532e+001 +7.532628532e+001 +1.0653e+000 -4.0107e+000
968 0 +3.052564549e-002 +7.529052565e+001 +7.529052565e+001 +1.1745e+000 -3.8952e+000
1170 0 +1.540019591e-002 +7.527540020e+001 +7.527540020e+001 +1.1209e+000 -3.9459e+000
1215 0 +1.446430662e-002 +7.527446431e+001 +7.527446431e+001 +1.1234e+000 -3.9432e+000
1221 0 +6.452593489e-003 +7.526645259e+001 +7.526645259e+001 +1.1227e+000 -3.9425e+000
1235 0 +1.984487128e-003 +7.526198449e+001 +7.526198449e+001 +1.1091e+000 -3.9589e+000
1276 0 +1.258038742e-004 +7.526012580e+001 +7.526012580e+001 +1.1040e+000 -3.9642e+000
1337 0 +4.530821030e-006 +7.526000453e+001 +7.526000453e+001 +1.1025e+000 -3.9659e+000
1369 0 +2.902908307e-006 +7.526000290e+001 +7.526000290e+001 +1.1028e+000 -3.9656e+000
1408 0 +7.880668136e-007 +7.526000079e+001 +7.526000079e+001 +1.1027e+000 -3.9657e+000
1444 0 +5.570947081e-007 +7.526000056e+001 +7.526000056e+001 +1.1028e+000 -3.9657e+000
1448 0 +5.516353951e-008 +7.526000006e+001 +7.526000006e+001 +1.1028e+000 -3.9656e+000
1478 0 +9.328005035e-010 +7.526000000e+001 +7.526000000e+001 +1.1028e+000 -3.9656e+000
% f evaluations | g evaluations | best noise-free fitness - Fopt (-4.913000000000e+001) + sum g_i+ | measured fitness | best measured fitness or single-digit g-values | x1 | x2...
1 0 +1.104029239e+001 -3.808970761e+001 -3.808970761e+001 +4.1451e+000 -3.0838e+000
35 0 +2.305648773e+000 -4.682435123e+001 -4.682435123e+001 +4.4565e+000 -1.3133e+000
167 0 +1.270601598e+000 -4.785939840e+001 -4.785939840e+001 -1.5540e+000 +9.9134e-001
242 0 +3.248729529e-001 -4.880512705e+001 -4.880512705e+001 -2.0812e+000 +2.2246e+000
564 0 +2.989864843e-001 -4.883101352e+001 -4.883101352e+001 -2.3875e+000 +3.7461e+000
672 0 +1.354721874e-001 -4.899452781e+001 -4.899452781e+001 -2.4226e+000 +3.6901e+000
704 0 +1.074348426e-001 -4.902256516e+001 -4.902256516e+001 -2.4280e+000 +3.6895e+000
759 0 +6.206170408e-002 -4.906793830e+001 -4.906793830e+001 -2.4336e+000 +3.6819e+000
801 0 +5.073033998e-002 -4.907926966e+001 -4.907926966e+001 -2.4436e+000 +3.6785e+000
803 0 +4.257384847e-002 -4.908742615e+001 -4.908742615e+001 -2.4364e+000 +3.6807e+000
823 0 +3.101420726e-002 -4.909898579e+001 -4.909898579e+001 -2.4412e+000 +3.6789e+000
881 0 +3.012946502e-002 -4.909987053e+001 -4.909987053e+001 -2.4407e+000 +3.6792e+000
886 0 +2.746401436e-002 -4.910253599e+001 -4.910253599e+001 -2.4390e+000 +3.6798e+000
914 0 +2.631261024e-002 -4.910368739e+001 -4.910368739e+001 -2.4390e+000 +3.6799e+000
995 0 +2.482643904e-002 -4.910517356e+001 -4.910517356e+001 -2.4382e+000 +3.6802e+000
1024 0 +2.420450429e-002 -4.910579550e+001 -4.910579550e+001 -2.4380e+000 +3.6802e+000
1044 0 +2.395256053e-002 -4.910604744e+001 -4.910604744e+001 -2.4380e+000 +3.6802e+000
1091 0 +2.326709945e-002 -4.910673290e+001 -4.910673290e+001 -2.4380e+000 +3.6802e+000
1108 0 +2.288960188e-002 -4.910711040e+001 -4.910711040e+001 -2.4380e+000 +3.6802e+000
1709 0 +4.253292605e-003 -4.912574671e+001 -4.912574671e+001 -1.7276e+000 -9.9905e-001
1950 0 +4.025227762e-003 -4.912597477e+001 -4.912597477e+001 -1.7260e+000 -9.9847e-001
1964 0 +3.730964204e-003 -4.912626904e+001 -4.912626904e+001 -1.7276e+000 -9.9900e-001
1994 0 +2.244399730e-003 -4.912775560e+001 -4.912775560e+001 -1.7282e+000 -9.9920e-001
1997 0 +2.066294188e-003 -4.912793371e+001 -4.912793371e+001 -1.7282e+000 -9.9926e-001
2084 0 +1.928942301e-003 -4.912807106e+001 -4.912807106e+001 -1.7283e+000 -9.9929e-001
2133 0 +1.813783597e-003 -4.912818622e+001 -4.912818622e+001 -1.7283e+000 -9.9926e-001
2135 0 +1.775594692e-003 -4.912822441e+001 -4.912822441e+001 -1.7283e+000 -9.9926e-001
2162 0 +1.656842220e-003 -4.912834316e+001 -4.912834316e+001 -1.7282e+000 -9.9925e-001
4758 0 +4.027864295e-004 -4.912959721e+001 -4.912959721e+001 +4.7197e+000 +8.4489e-001
4823 0 +1.722156759e-004 -4.912982778e+001 -4.912982778e+001 +4.7189e+000 +8.4536e-001
4879 0 +1.477925245e-004 -4.912985221e+001 -4.912985221e+001 +4.7170e+000 +8.4404e-001
4892 0 +2.405294751e-005 -4.912997595e+001 -4.912997595e+001 +4.7188e+000 +8.4507e-001
4906 0 +9.867887734e-006 -4.912999013e+001 -4.912999013e+001 +4.7203e+000 +8.4610e-001
4921 0 +2.989439437e-006 -4.912999701e+001 -4.912999701e+001 +4.7194e+000 +8.4548e-001
4938 0 +9.920968225e-007 -4.912999901e+001 -4.912999901e+001 +4.7193e+000 +8.4541e-001
4988 0 +2.458287440e-008 -4.912999998e+001 -4.912999998e+001 +4.7196e+000 +8.4554e-001
5081 0 +1.475812894e-008 -4.912999999e+001 -4.912999999e+001 +4.7196e+000 +8.4555e-001
5100 0 +7.418570647e-009 -4.912999999e+001 -4.912999999e+001 +4.7196e+000 +8.4555e-001
% f evaluations | g evaluations | best noise-free fitness - Fopt (-1.418900000000e+002) + sum g_i+ | measured fitness | best measured fitness or single-digit g-values | x1 | x2...
1 0 +1.348500552e+001 -1.284049945e+002 -1.284049945e+002 +4.3887e+000 +3.1051e+000
10 0 +5.437538781e+000 -1.364524612e+002 -1.364524612e+002 +4.2754e+000 +2.9340e+000
14 0 +5.177034249e+000 -1.367129658e+002 -1.367129658e+002 -1.5405e+000 +9.4276e-001
86 0 +4.982800170e+000 -1.369071998e+002 -1.369071998e+002 +4.4455e+000 +1.2496e+000
95 0 +1.051663640e+000 -1.408383364e+002 -1.408383364e+002 -9.0628e-001 +8.3803e-001
127 0 +8.261953807e-001 -1.410638046e+002 -1.410638046e+002 -9.1835e-001 +8.3546e-001
280 0 +7.858379544e-001 -1.411041620e+002 -1.411041620e+002 -9.3530e-001 +8.6231e-001
400 0 +2.278878232e-001 -1.416621122e+002 -1.416621122e+002 -8.4147e-001 +8.4405e-001
440 0 +1.200136550e-001 -1.417699863e+002 -1.417699863e+002 -8.2342e-001 +8.4434e-001
446 0 +1.022623203e-001 -1.417877377e+002 -1.417877377e+002 -1.4201e+000 +2.3682e+000
580 0 +8.166091642e-002 -1.418083391e+002 -1.418083391e+002 -1.5843e+000 +4.0116e+000
599 0 +7.223532306e-002 -1.418177647e+002 -1.418177647e+002 -1.7086e+000 +4.0556e+000
626 0 +3.791299062e-002 -1.418520870e+002 -1.418520870e+002 -1.7493e+000 +4.0730e+000
628 0 +1.045684167e-002 -1.418795432e+002 -1.418795432e+002 -1.6183e+000 +4.0240e+000
715 0 +2.466265101e-004 -1.418897534e+002 -1.418897534e+002 -1.6528e+000 +4.0360e+000
774 0 +2.250956860e-004 -1.418897749e+002 -1.418897749e+002 -1.6526e+000 +4.0360e+000
776 0 +2.734212097e-005 -1.418899727e+002 -1.418899727e+002 -1.6515e+000 +4.0354e+000
781 0 +1.668335085e-005 -1.418899833e+002 -1.418899833e+002 -1.6512e+000 +4.0351e+000
797 0 +1.125598970e-005 -1.418899887e+002 -1.418899887e+002 -1.6511e+000 +4.0352e+000
801 0 +7.931538391e-006 -1.418899921e+002 -1.418899921e+002 -1.6516e+000 +4.0351e+000
861 0 +6.380859844e-006 -1.418899936e+002 -1.418899936e+002 -1.6512e+000 +4.0352e+000
863 0 +4.809245326e-006 -1.418899952e+002 -1.418899952e+002 -1.6513e+000 +4.0351e+000
877 0 +4.333452523e-006 -1.418899957e+002 -1.418899957e+002 -1.6513e+000 +4.0351e+000
879 0 +4.163992287e-006 -1.418899958e+002 -1.418899958e+002 -1.6513e+000 +4.0351e+000
887 0 +3.901172164e-006 -1.418899961e+002 -1.418899961e+002 -1.6513e+000 +4.0351e+000
964 0 +3.843097090e-006 -1.418899962e+002 -1.418899962e+002 -1.6513e+000 +4.0351e+000
1012 0 +3.781796181e-006 -1.418899962e+002 -1.418899962e+002 -1.6513e+000 +4.0351e+000
2685 0 +7.874232324e-007 -1.418899992e+002 -1.418899992e+002 -1.6503e+000 +4.0349e+000
2694 0 +1.374876888e-007 -1.418899999e+002 -1.418899999e+002 -1.6506e+000 +4.0350e+000
2743 0 +4.508817142e-008 -1.418900000e+002 -1.418900000e+002 -1.6504e+000 +4.0349e+000
2770 0 +6.379679007e-009 -1.418900000e+002 -1.418900000e+002 -1.6505e+000 +4.0350e+000
% f evaluations | g evaluations | best noise-free fitness - Fopt (1.095700000000e+002) + sum g_i+ | measured fitness | best measured fitness or single-digit g-values | x1 | x2...
1 0 +2.425617549e+002 +3.521317549e+002 +3.521317549e+002 +3.3235e-001 +1.9762e+000
2 0 +1.332129968e+002 +2.427829968e+002 +2.427829968e+002 +3.6077e+000 +3.9703e+000
3 0 +3.824946530e+001 +1.478194653e+002 +1.478194653e+002 +2.6661e+000 -1.0460e+000
32 0 +3.680300774e+001 +1.463730077e+002 +1.463730077e+002 +1.8299e+000 -2.9501e+000
35 0 +3.469279236e+001 +1.442627924e+002 +1.442627924e+002 +1.5283e+000 -3.9478e-001
38 0 +2.216801350e+001 +1.317380135e+002 +1.317380135e+002 +9.9997e-001 +1.3911e+000
62 0 +1.532874624e+001 +1.248987462e+002 +1.248987462e+002 +1.0392e+000 +2.1074e+000
75 0 +8.165929954e+000 +1.177359300e+002 +1.177359300e+002 +1.0505e+000 +2.4455e+000
78 0 +5.381385408e+000 +1.149513854e+002 +1.149513854e+002 +1.0877e+000 +2.1298e+000
110 0 +2.048553360e+000 +1.116185534e+002 +1.116185534e+002 +3.2052e+000 +2.9857e+000
218 0 +4.982019843e-001 +1.100682020e+002 +1.100682020e+002 +9.3455e-001 +3.0389e+000
242 0 +8.472261646e-002 +1.096547226e+002 +1.096547226e+002 +8.8907e-001 +3.1388e+000
364 0 +4.571760749e-002 +1.096157176e+002 +1.096157176e+002 +8.9774e-001 +3.1175e+000
394 0 +3.898945440e-002 +1.096089895e+002 +1.096089895e+002 +8.8684e-001 +3.1404e+000
452 0 +6.743973297e-003 +1.095767440e+002 +1.095767440e+002 +8.6215e-001 +3.1800e+000
468 0 +5.222917473e-003 +1.095752229e+002 +1.095752229e+002 +8.5411e-001 +3.1988e+000
469 0 +4.057059439e-003 +1.095740571e+002 +1.095740571e+002 +8.5360e-001 +3.2001e+000
471 0 +2.515251247e-003 +1.095725153e+002 +1.095725153e+002 +8.4842e-001 +3.2039e+000
481 0 +5.502552034e-004 +1.095705503e+002 +1.095705503e+002 +8.4644e-001 +3.2078e+000
503 0 +1.864546372e-004 +1.095701865e+002 +1.095701865e+002 +8.4525e-001 +3.2089e+000
517 0 +1.500691490e-004 +1.095701501e+002 +1.095701501e+002 +8.4283e-001 +3.2115e+000
524 0 +2.359621847e-005 +1.095700236e+002 +1.095700236e+002 +8.4310e-001 +3.2117e+000
538 0 +2.162028244e-005 +1.095700216e+002 +1.095700216e+002 +8.4306e-001 +3.2118e+000
552 0 +2.620009383e-007 +1.095700003e+002 +1.095700003e+002 +8.4331e-001 +3.2113e+000
561 0 +1.993983290e-007 +1.095700002e+002 +1.095700002e+002 +8.4328e-001 +3.2114e+000
574 0 +1.808664933e-007 +1.095700002e+002 +1.095700002e+002 +8.4335e-001 +3.2113e+000
579 0 +1.468778947e-007 +1.095700001e+002 +1.095700001e+002 +8.4330e-001 +3.2113e+000
580 0 +8.605525181e-009 +1.095700000e+002 +1.095700000e+002 +8.4334e-001 +3.2113e+000
% f evaluations | g evaluations | best noise-free fitness - Fopt (7.836000000000e+001) + sum g_i+ | measured fitness | best measured fitness or single-digit g-values | x1 | x2...
1 0 +1.700360491e+002 +2.483960491e+002 +2.483960491e+002 +3.4982e+000 +2.1384e+000
2 0 +9.118921203e+001 +1.695492120e+002 +1.695492120e+002 -1.8712e+000 -3.7732e+000
3 0 +2.538101143e+001 +1.037410114e+002 +1.037410114e+002 -1.0521e+000 +1.9240e+000
19 0 +1.893923229e+000 +8.025392323e+001 +8.025392323e+001 -2.0637e+000 +1.5494e+000
53 0 +1.459625113e+000 +7.981962511e+001 +7.981962511e+001 -4.4175e-001 +3.9297e+000
74 0 +3.549621217e-001 +7.871496212e+001 +7.871496212e+001 -9.9498e-001 +2.5711e+000
130 0 +2.923668360e-001 +7.865236684e+001 +7.865236684e+001 -1.1068e+000 +2.5704e+000
138 0 +5.621805298e-002 +7.841621805e+001 +7.841621805e+001 -1.0680e+000 +2.5557e+000
217 0 +9.214582456e-004 +7.836092146e+001 +7.836092146e+001 -1.1233e+000 +2.5518e+000
385 0 +2.701373646e-004 +7.836027014e+001 +7.836027014e+001 -1.1220e+000 +2.5517e+000
400 0 +5.575423958e-005 +7.836005575e+001 +7.836005575e+001 -1.1221e+000 +2.5513e+000
421 0 +3.320742449e-005 +7.836003321e+001 +7.836003321e+001 -1.1212e+000 +2.5516e+000
430 0 +2.474040615e-005 +7.836002474e+001 +7.836002474e+001 -1.1214e+000 +2.5515e+000
436 0 +1.145231130e-005 +7.836001145e+001 +7.836001145e+001 -1.1216e+000 +2.5515e+000
439 0 +5.949068182e-006 +7.836000595e+001 +7.836000595e+001 -1.1214e+000 +2.5515e+000
462 0 +5.102818548e-006 +7.836000510e+001 +7.836000510e+001 -1.1212e+000 +2.5515e+000
466 0 +1.552093366e-006 +7.836000155e+001 +7.836000155e+001 -1.1211e+000 +2.5515e+000
473 0 +1.216362890e-006 +7.836000122e+001 +7.836000122e+001 -1.1210e+000 +2.5515e+000
491 0 +7.672769300e-007 +7.836000077e+001 +7.836000077e+001 -1.1210e+000 +2.5515e+000
507 0 +6.113151869e-007 +7.836000061e+001 +7.836000061e+001 -1.1208e+000 +2.5515e+000
509 0 +1.687717202e-007 +7.836000017e+001 +7.836000017e+001 -1.1208e+000 +2.5515e+000
515 0 +7.594718454e-008 +7.836000008e+001 +7.836000008e+001 -1.1207e+000 +2.5515e+000
528 0 +7.333848373e-008 +7.836000007e+001 +7.836000007e+001 -1.1207e+000 +2.5515e+000
533 0 +5.388920954e-008 +7.836000005e+001 +7.836000005e+001 -1.1206e+000 +2.5516e+000
535 0 +8.668621376e-013 +7.836000000e+001 +7.836000000e+001 -1.1207e+000 +2.5516e+000
% f evaluations | g evaluations | best noise-free fitness - Fopt (1.140900000000e+002) + sum g_i+ | measured fitness | best measured fitness or single-digit g-values | x1 | x2...
1 0 +6.631919187e+001 +1.804091919e+002 +1.804091919e+002 -1.8113e+000 +1.5742e+000
4 0 +1.716780051e+001 +1.312578005e+002 +1.312578005e+002 -5.0000e+000 +5.0000e+000
21 0 +5.138244884e+000 +1.192282449e+002 +1.192282449e+002 -1.7924e-001 +4.2239e+000
105 0 +5.029740523e+000 +1.191197405e+002 +1.191197405e+002 -4.3618e-001 +3.5616e+000
117 0 +3.506776838e+000 +1.175967768e+002 +1.175967768e+002 -2.0902e-001 +4.0812e+000
141 0 +2.059964060e+000 +1.161499641e+002 +1.161499641e+002 -3.5140e-001 +3.6516e+000
146 0 +1.825940877e+000 +1.159159409e+002 +1.159159409e+002 -3.5344e+000 +4.7609e+000
151 0 +1.786007721e+000 +1.158760077e+002 +1.158760077e+002 -3.5344e+000 +4.6940e+000
162 0 +7.666780585e-001 +1.148566781e+002 +1.148566781e+002 -3.5180e+000 +4.9351e+000
186 0 +6.076538146e-001 +1.146976538e+002 +1.146976538e+002 -3.5180e+000 +4.9018e+000
231 0 +5.012040614e-001 +1.145912041e+002 +1.145912041e+002 -3.4701e+000 +4.9394e+000
255 0 +4.730986260e-001 +1.145630986e+002 +1.145630986e+002 -3.4589e+000 +4.9877e+000
351 0 +3.223783407e-001 +1.144123783e+002 +1.144123783e+002 -3.4616e+000 +4.9575e+000
415 0 +3.012110469e-001 +1.143912110e+002 +1.143912110e+002 -3.4617e+000 +4.9573e+000
463 0 +2.942529858e-001 +1.143842530e+002 +1.143842530e+002 -3.4797e+000 +4.9961e+000
471 0 +2.555829188e-001 +1.143455829e+002 +1.143455829e+002 -3.4796e+000 +4.9983e+000
479 0 +2.460976904e-001 +1.143360977e+002 +1.143360977e+002 -3.4787e+000 +4.9988e+000
619 0 +2.394818477e-001 +1.143294818e+002 +1.143294818e+002 -3.4636e+000 +4.9525e+000
650 0 +2.300473197e-001 +1.143200473e+002 +1.143200473e+002 -3.4792e+000 +4.9990e+000
712 0 +2.163111520e-001 +1.143063112e+002 +1.143063112e+002 -3.4632e+000 +4.9514e+000
726 0 +2.109862651e-001 +1.143009863e+002 +1.143009863e+002 -3.4632e+000 +4.9521e+000
819 0 +2.074134766e-001 +1.142974135e+002 +1.142974135e+002 -3.4634e+000 +4.9519e+000
830 0 +2.000015650e-001 +1.142900016e+002 +1.142900016e+002 -3.4633e+000 +4.9522e+000
899 0 +1.924677390e-001 +1.142824677e+002 +1.142824677e+002 -3.4633e+000 +4.9525e+000
948 0 +1.894713710e-001 +1.142794714e+002 +1.142794714e+002 -3.4632e+000 +4.9527e+000
962 0 +1.843476879e-001 +1.142743477e+002 +1.142743477e+002 -3.4630e+000 +4.9535e+000
1019 0 +1.771119032e-001 +1.142671119e+002 +1.142671119e+002 -3.4631e+000 +4.9532e+000
2018 0 +8.196987232e-002 +1.141719699e+002 +1.141719699e+002 -3.9623e-001 +3.4041e+000
2045 0 +6.124924018e-003 +1.140961249e+002 +1.140961249e+002 -4.2025e-001 +3.3413e+000
2054 0 +3.942488156e-003 +1.140939425e+002 +1.140939425e+002 -4.1598e-001 +3.3594e+000
2084 0 +3.420151601e-003 +1.140934202e+002 +1.140934202e+002 -4.1048e-001 +3.3762e+000
2167 0 +6.344869774e-004 +1.140906345e+002 +1.140906345e+002 -4.1344e-001 +3.3670e+000
2189 0 +2.199279664e-004 +1.140902199e+002 +1.140902199e+002 -4.1354e-001 +3.3650e+000
2230 0 +1.934931243e-004 +1.140901935e+002 +1.140901935e+002 -4.1335e-001 +3.3660e+000
2231 0 +1.719243990e-004 +1.140901719e+002 +1.140901719e+002 -4.1366e-001 +3.3631e+000
2247 0 +9.034757085e-006 +1.140900090e+002 +1.140900090e+002 -4.1369e-001 +3.3636e+000
2312 0 +1.245064141e-006 +1.140900012e+002 +1.140900012e+002 -4.1389e-001 +3.3630e+000
2346 0 +6.354818254e-007 +1.140900006e+002 +1.140900006e+002 -4.1396e-001 +3.3627e+000
2348 0 +3.343716628e-007 +1.140900003e+002 +1.140900003e+002 -4.1394e-001 +3.3629e+000
2350 0 +1.702977528e-007 +1.140900002e+002 +1.140900002e+002 -4.1396e-001 +3.3627e+000
2355 0 +5.100609712e-008 +1.140900001e+002 +1.140900001e+002 -4.1397e-001 +3.3628e+000
2378 0 +2.382734010e-010 +1.140900000e+002 +1.140900000e+002 -4.1398e-001 +3.3627e+000
% f evaluations | g evaluations | best noise-free fitness - Fopt (-5.445900000000e+002) + sum g_i+ | measured fitness | best measured fitness or single-digit g-values | x1 | x2...
1 0 +8.022868183e+001 -4.643613182e+002 -4.643613182e+002 +6.5019e-001 +4.5271e+000
4 0 +2.141663311e+001 -5.231733669e+002 -5.231733669e+002 +5.0000e+000 -5.0000e+000
11 0 +1.515171844e+000 -5.430748282e+002 -5.430748282e+002 -9.6682e-001 -1.7522e+000
27 0 +1.421839868e+000 -5.431681601e+002 -5.431681601e+002 -2.8265e+000 -1.5873e+000
61 0 +6.150179892e-001 -5.439749820e+002 -5.439749820e+002 -2.8005e+000 -1.6542e+000
284 0 +3.273870362e-001 -5.442626130e+002 -5.442626130e+002 -2.8154e+000 -1.6138e+000
299 0 +2.151763067e-001 -5.443748237e+002 -5.443748237e+002 -2.8116e+000 -1.6176e+000
321 0 +3.300650529e-002 -5.445569935e+002 -5.445569935e+002 -2.7667e+000 -1.6508e+000
351 0 +2.901350694e-002 -5.445609865e+002 -5.445609865e+002 -2.7496e+000 -1.6628e+000
357 0 +2.452486111e-002 -5.445654751e+002 -5.445654751e+002 -2.7519e+000 -1.6599e+000
416 0 +2.385696746e-002 -5.445661430e+002 -5.445661430e+002 -2.7530e+000 -1.6591e+000
425 0 +2.097938756e-002 -5.445690206e+002 -5.445690206e+002 -2.7528e+000 -1.6594e+000
427 0 +1.801345457e-002 -5.445719865e+002 -5.445719865e+002 -2.7517e+000 -1.6605e+000
437 0 +1.661036290e-002 -5.445733896e+002 -5.445733896e+002 -2.7523e+000 -1.6600e+000
461 0 +1.629989221e-002 -5.445737001e+002 -5.445737001e+002 -2.7522e+000 -1.6600e+000
501 0 +1.608678753e-002 -5.445739132e+002 -5.445739132e+002 -2.7521e+000 -1.6601e+000
528 0 +1.581640549e-002 -5.445741836e+002 -5.445741836e+002 -2.7521e+000 -1.6601e+000
546 0 +1.548379786e-002 -5.445745162e+002 -5.445745162e+002 -2.7521e+000 -1.6601e+000
1036 0 +4.278414508e-003 -5.445857216e+002 -5.445857216e+002 +4.3926e+000 -2.8899e+000
1042 0 +2.472342059e-003 -5.445875277e+002 -5.445875277e+002 +4.3858e+000 -2.8850e+000
1050 0 +9.390114639e-004 -5.445890610e+002 -5.445890610e+002 +4.3869e+000 -2.8855e+000
1056 0 +4.873812618e-004 -5.445895126e+002 -5.445895126e+002 +4.3859e+000 -2.8845e+000
1099 0 +1.464753226e-004 -5.445898535e+002 -5.445898535e+002 +4.3811e+000 -2.8807e+000
1123 0 +7.757004471e-005 -5.445899224e+002 -5.445899224e+002 +4.3799e+000 -2.8793e+000
1126 0 +1.315936947e-005 -5.445899868e+002 -5.445899868e+002 +4.3809e+000 -2.8803e+000
1159 0 +1.123467143e-005 -5.445899888e+002 -5.445899888e+002 +4.3807e+000 -2.8801e+000
1163 0 +9.696759207e-006 -5.445899903e+002 -5.445899903e+002 +4.3806e+000 -2.8800e+000
1168 0 +1.007073024e-006 -5.445899990e+002 -5.445899990e+002 +4.3808e+000 -2.8801e+000
1197 0 +4.965734206e-007 -5.445899995e+002 -5.445899995e+002 +4.3809e+000 -2.8802e+000
1200 0 +2.381799504e-007 -5.445899998e+002 -5.445899998e+002 +4.3810e+000 -2.8803e+000
1216 0 +1.095228299e-007 -5.445899999e+002 -5.445899999e+002 +4.3809e+000 -2.8803e+000
1239 0 +7.423648185e-008 -5.445899999e+002 -5.445899999e+002 +4.3810e+000 -2.8803e+000
1262 0 +2.842170943e-011 -5.445900000e+002 -5.445900000e+002 +4.3810e+000 -2.8803e+000
