% f evaluations | g evaluations | best noise-free fitness - Fopt (7.135000000000e+001) + sum g_i+ | measured fitness | best measured fitness or single-digit g-values | x1 | x2...
1 0 +2.951933996e+001 +1.008693400e+002 +1.008693400e+002 +1.0815e+000 -4.7492e+000 -4.2720e+000
7 0 +2.893452785e+001 +1.002845279e+002 +1.002845279e+002 +2.6817e+000 +2.8105e+000 +1.8403e+000
10 0 +2.796221443e+001 +9.931221443e+001 +9.931221443e+001 +2.5332e+000 +4.7435e+000 -1.5657e+000
17 0 +1.004219527e+001 +8.139219527e+001 +8.139219527e+001 -5.0000e+000 -5.0000e+000 +3.4151e+000
40 0 +4.095418442e+000 +7.544541844e+001 +7.544541844e+001 -2.1430e+000 -4.0850e+000 +3.9692e+000
108 0 +6.361218409e-001 +7.198612184e+001 +7.198612184e+001 -5.8735e-001 -1.1613e+000 +4.5019e+000
953 0 +5.390696861e-001 +7.188906969e+001 +7.188906969e+001 +1.7965e+000 +5.5280e-001 +4.4622e+000
959 0 +3.207837289e-001 +7.167078373e+001 +7.167078373e+001 +1.6926e+000 +7.3267e-001 +4.6074e+000
1069 0 +7.613272696e-002 +7.142613273e+001 +7.142613273e+001 +1.7595e+000 +6.2048e-001 +4.5035e+000
1153 0 +3.413932973e-002 +7.138413933e+001 +7.138413933e+001 +1.7375e+000 +6.6406e-001 +4.5069e+000
1213 0 +3.281825350e-002 +7.138281825e+001 +7.138281825e+001 +1.7344e+000 +6.7078e-001 +4.5164e+000
1225 0 +2.778818444e-002 +7.137778818e+001 +7.137778818e+001 +1.7356e+000 +6.7078e-001 +4.5161e+000
1369 0 +2.723919765e-002 +7.137723920e+001 +7.137723920e+001 +1.7367e+000 +6.6927e-001 +4.5145e+000
1441 0 +1.806795811e-002 +7.136806796e+001 +7.136806796e+001 +1.7350e+000 +6.6927e-001 +4.5174e+000
1520 0 +1.192107517e-002 +7.136192108e+001 +7.136192108e+001 +1.7343e+000 +6.6777e-001 +4.5187e+000
1602 0 +9.900116151e-003 +7.135990012e+001 +7.135990012e+001 +1.7410e+000 +6.5594e-001 +4.5119e+000
1608 0 +2.581979135e-003 +7.135258198e+001 +7.135258198e+001 +1.7416e+000 +6.5744e-001 +4.5106e+000
1614 0 +2.543468104e-003 +7.135254347e+001 +7.135254347e+001 +1.7409e+000 +6.5795e-001 +4.5119e+000
1622 0 +1.990222079e-003 +7.135199022e+001 +7.135199022e+001 +1.7465e+000 +6.5302e-001 +4.5118e+000
1642 0 +7.101092777e-006 +7.135000710e+001 +7.135000710e+001 +1.7524e+000 +6.4544e-001 +4.5070e+000
1706 0 +1.771066451e-006 +7.135000177e+001 +7.135000177e+001 +1.7525e+000 +6.4512e-001 +4.5068e+000
1788 0 +1.293687859e-007 +7.135000013e+001 +7.135000013e+001 +1.7525e+000 +6.4519e-001 +4.5069e+000
1862 0 +1.226777471e-007 +7.135000012e+001 +7.135000012e+001 +1.7525e+000 +6.4520e-001 +4.5068e+000
1873 0 +4.069580939e-008 +7.135000004e+001 +7.135000004e+001 +1.7524e+000 +6.4521e-001 +4.5069e+000
1908 0 +2.571835012e-008 +7.135000003e+001 +7.135000003e+001 +1.7525e+000 +6.4519e-001 +4.5068e+000
1917 0 +2.389484166e-009 +7.135000000e+001 +7.135000000e+001 +1.7525e+000 +6.4518e-001 +4.5068e+000
% f evaluations | g evaluations | best noise-free fitness - Fopt (-3.552200000000e+002) + sum g_i+ | measured fitness | best measured fitness or single-digit g-values | x1 | x2...
1 0 +1.520086347e+001 -3.400191365e+002 -3.400191365e+002 -3.5208e+000 -3.8472e+000 -3.1433e+000
10 0 +6.954669202e+000 -3.482653308e+002 -3.482653308e+002 +3.1923e+000 +2.2644e+000 +9.3698e-001
49 0 +2.085961811e+000 -3.531340382e+002 -3.531340382e+002 -3.3458e+000 -3.3992e+000 -2.7040e+000
181 0 +1.615851253e+000 -3.536041487e+002 -3.536041487e+002 -3.2881e+000 -3.4770e+000 -3.1396e+000
709 0 +8.924422864e-001 -3.543275577e+002 -3.543275577e+002 -3.3101e+000 -3.4824e+000 -3.1279e+000
721 0 +4.012391680e-001 -3.548187608e+002 -3.548187608e+002 -3.3389e+000 -3.4895e+000 -3.1125e+000
806 0 +3.462793384e-001 -3.548737207e+002 -3.548737207e+002 -3.3480e+000 -3.5440e+000 -3.0636e+000
856 0 +4.111191773e-002 -3.551788881e+002 -3.551788881e+002 -3.3686e+000 -3.6906e+000 -3.1625e+000
887 0 +3.464898355e-002 -3.551853510e+002 -3.551853510e+002 -3.3562e+000 -3.6371e+000 -3.1116e+000
928 0 +2.330408486e-002 -3.551966959e+002 -3.551966959e+002 -3.3643e+000 -3.6821e+000 -3.1472e+000
934 0 +1.158765323e-002 -3.552084123e+002 -3.552084123e+002 -3.3610e+000 -3.6333e+000 -3.1102e+000
972 0 +8.520286928e-003 -3.552114797e+002 -3.552114797e+002 -3.3635e+000 -3.6780e+000 -3.1380e+000
989 0 +3.140317312e-003 -3.552168597e+002 -3.552168597e+002 -3.3638e+000 -3.6655e+000 -3.1237e+000
1008 0 +1.713406858e-003 -3.552182866e+002 -3.552182866e+002 -3.3642e+000 -3.6683e+000 -3.1196e+000
1020 0 +8.091116287e-004 -3.552191909e+002 -3.552191909e+002 -3.3621e+000 -3.6601e+000 -3.1140e+000
1049 0 +5.595155031e-004 -3.552194405e+002 -3.552194405e+002 -3.3627e+000 -3.6597e+000 -3.1128e+000
1087 0 +3.084393297e-004 -3.552196916e+002 -3.552196916e+002 -3.3626e+000 -3.6607e+000 -3.1152e+000
1109 0 +9.120132842e-005 -3.552199088e+002 -3.552199088e+002 -3.3635e+000 -3.6644e+000 -3.1148e+000
1149 0 +5.609617494e-005 -3.552199439e+002 -3.552199439e+002 -3.3635e+000 -3.6638e+000 -3.1147e+000
1157 0 +1.779999195e-005 -3.552199822e+002 -3.552199822e+002 -3.3632e+000 -3.6634e+000 -3.1154e+000
1183 0 +4.143923320e-006 -3.552199959e+002 -3.552199959e+002 -3.3634e+000 -3.6636e+000 -3.1151e+000
1199 0 +2.614392486e-006 -3.552199974e+002 -3.552199974e+002 -3.3634e+000 -3.6632e+000 -3.1151e+000
1215 0 +2.257186168e-006 -3.552199977e+002 -3.552199977e+002 -3.3634e+000 -3.6634e+000 -3.1150e+000
1220 0 +1.275447516e-006 -3.552199987e+002 -3.552199987e+002 -3.3633e+000 -3.6631e+000 -3.1149e+000
1225 0 +1.111333631e-006 -3.552199989e+002 -3.552199989e+002 -3.3633e+000 -3.6631e+000 -3.1149e+000
1240 0 +3.138308102e-007 -3.552199997e+002 -3.552199997e+002 -3.3633e+000 -3.6634e+000 -3.1151e+000
1279 0 +3.838414386e-008 -3.552200000e+002 -3.552200000e+002 -3.3633e+000 -3.6634e+000 -3.1151e+000
1351 0 +6.328832569e-009 -3.552200000e+002 -3.552200000e+002 -3.3633e+000 -3.6633e+000 -3.1151e+000
% f evaluations | g evaluations | best noise-free fitness - Fopt (9.917000000000e+001) + sum g_i+ | measured fitness | best measured fitness or single-digit g-values | x1 | x2...
1 0 +1.435223613e+002 +2.426923613e+002 +2.426923613e+002 -3.6998e+000 +4.6715e+000 -1.3799e+000
4 0 +3.831331442e+001 +1.374833144e+002 +1.374833144e+002 +1.6788e-001 +1.1590e+000 +8.9970e-001
6 0 +3.614856918e+001 +1.353185692e+002 +1.353185692e+002 +1.2068e+000 +4.3397e+000 +3.7307e+000
13 0 +1.185207968e+001 +1.110220797e+002 +1.110220797e+002 -1.3670e+000 +4.6715e+000 +1.0499e+000
92 0 +1.326196920e+000 +1.004961969e+002 +1.004961969e+002 -3.9221e+000 +4.9597e+000 +1.7806e+000
104 0 +9.442683888e-001 +1.001142684e+002 +1.001142684e+002 -3.9307e+000 +4.9837e+000 +1.8104e+000
116 0 +8.289999690e-001 +9.999899997e+001 +9.999899997e+001 -3.9307e+000 +4.9945e+000 +1.8262e+000
732 0 +4.459604318e-001 +9.961596043e+001 +9.961596043e+001 -3.9592e+000 +4.9736e+000 +2.0485e+000
900 0 +4.166905496e-001 +9.958669055e+001 +9.958669055e+001 -3.9648e+000 +4.9694e+000 +2.0485e+000
1280 0 +2.211030728e-001 +9.939110307e+001 +9.939110307e+001 -3.9791e+000 +4.9573e+000 +2.0564e+000
1536 0 +8.532445849e-002 +9.925532446e+001 +9.925532446e+001 -3.9676e+000 +4.9608e+000 +2.0256e+000
2107 0 +6.950085680e-002 +9.923950086e+001 +9.923950086e+001 -3.9631e+000 +4.9617e+000 +2.0202e+000
2167 0 +6.617164921e-002 +9.923617165e+001 +9.923617165e+001 -3.9683e+000 +4.9561e+000 +2.0247e+000
2190 0 +6.307840647e-002 +9.923307841e+001 +9.923307841e+001 -3.9614e+000 +4.9538e+000 +2.0130e+000
2191 0 +5.581433958e-002 +9.922581434e+001 +9.922581434e+001 -3.9607e+000 +4.9521e+000 +2.0102e+000
2193 0 +5.084314281e-002 +9.922084314e+001 +9.922084314e+001 -3.9639e+000 +4.9478e+000 +2.0123e+000
2198 0 +3.009139751e-002 +9.920009140e+001 +9.920009140e+001 -3.9576e+000 +4.9382e+000 +1.9971e+000
2225 0 +2.507982016e-002 +9.919507982e+001 +9.919507982e+001 -3.9611e+000 +4.9374e+000 +2.0015e+000
2253 0 +1.574471211e-002 +9.918574471e+001 +9.918574471e+001 -3.9639e+000 +4.9372e+000 +2.0100e+000
2262 0 +1.268473055e-002 +9.918268473e+001 +9.918268473e+001 -3.9606e+000 +4.9388e+000 +2.0062e+000
2304 0 +1.087009578e-002 +9.918087010e+001 +9.918087010e+001 -3.9606e+000 +4.9392e+000 +2.0058e+000
2344 0 +1.049649839e-002 +9.918049650e+001 +9.918049650e+001 -3.9602e+000 +4.9391e+000 +2.0051e+000
2351 0 +1.018267616e-002 +9.918018268e+001 +9.918018268e+001 -3.9606e+000 +4.9390e+000 +2.0057e+000
2352 0 +9.091520405e-003 +9.917909152e+001 +9.917909152e+001 -3.9602e+000 +4.9392e+000 +2.0051e+000
2421 0 +8.865971426e-003 +9.917886597e+001 +9.917886597e+001 -3.9602e+000 +4.9393e+000 +2.0052e+000
2468 0 +8.676974835e-003 +9.917867697e+001 +9.917867697e+001 -3.9602e+000 +4.9392e+000 +2.0052e+000
2602 0 +8.474873260e-003 +9.917847487e+001 +9.917847487e+001 -3.9602e+000 +4.9392e+000 +2.0052e+000
2667 0 +8.311812756e-003 +9.917831181e+001 +9.917831181e+001 -3.9602e+000 +4.9392e+000 +2.0052e+000
4777 0 +7.277973084e-003 +9.917727797e+001 +9.917727797e+001 +3.3034e+000 -3.6097e+000 -3.7689e+000
4807 0 +3.691311646e-003 +9.917369131e+001 +9.917369131e+001 +3.2934e+000 -3.6295e+000 -3.7652e+000
4838 0 +2.299245259e-003 +9.917229925e+001 +9.917229925e+001 +3.2972e+000 -3.6247e+000 -3.7684e+000
4866 0 +1.947709508e-003 +9.917194771e+001 +9.917194771e+001 +3.3025e+000 -3.6150e+000 -3.7703e+000
4867 0 +1.249120577e-003 +9.917124912e+001 +9.917124912e+001 +3.3108e+000 -3.6022e+000 -3.7827e+000
4873 0 +6.216950377e-004 +9.917062170e+001 +9.917062170e+001 +3.3067e+000 -3.6094e+000 -3.7768e+000
4934 0 +4.967995163e-004 +9.917049680e+001 +9.917049680e+001 +3.3122e+000 -3.6003e+000 -3.7842e+000
4958 0 +1.416099861e-004 +9.917014161e+001 +9.917014161e+001 +3.3083e+000 -3.6072e+000 -3.7770e+000
4992 0 +1.329095593e-004 +9.917013291e+001 +9.917013291e+001 +3.3126e+000 -3.6006e+000 -3.7825e+000
5019 0 +6.526459376e-005 +9.917006526e+001 +9.917006526e+001 +3.3133e+000 -3.5994e+000 -3.7815e+000
5039 0 +6.074390168e-005 +9.917006074e+001 +9.917006074e+001 +3.3110e+000 -3.6041e+000 -3.7800e+000
5048 0 +1.211054338e-005 +9.917001211e+001 +9.917001211e+001 +3.3118e+000 -3.6019e+000 -3.7802e+000
5071 0 +5.961052054e-006 +9.917000596e+001 +9.917000596e+001 +3.3118e+000 -3.6017e+000 -3.7803e+000
5077 0 +9.707232635e-007 +9.917000097e+001 +9.917000097e+001 +3.3114e+000 -3.6025e+000 -3.7800e+000
5142 0 +5.869795530e-007 +9.917000059e+001 +9.917000059e+001 +3.3113e+000 -3.6027e+000 -3.7799e+000
5145 0 +1.091241302e-007 +9.917000011e+001 +9.917000011e+001 +3.3115e+000 -3.6024e+000 -3.7801e+000
5223 0 +3.215934896e-008 +9.917000003e+001 +9.917000003e+001 +3.3115e+000 -3.6024e+000 -3.7801e+000
5268 0 +1.947945805e-008 +9.917000002e+001 +9.917000002e+001 +3.3115e+000 -3.6024e+000 -3.7801e+000
5315 0 +9.103857224e-009 +9.917000001e+001 +9.917000001e+001 +3.3115e+000 -3.6024e+000 -3.7801e+000
% f evaluations | g evaluations | best noise-free fitness - Fopt (-5.179100000000e+002) + sum g_i+ | measured fitness | best measured fitness or single-digit g-values | x1 | x2...
1 0 +3.442832162e+002 -1.736267838e+002 -1.736267838e+002 -1.0065e+000 -4.4724e+000 -9.3869e-001
2 0 +5.154791547e+001 -4.663620845e+002 -4.663620845e+002 -2.6284e+000 +2.6379e+000 +6.1867e-002
4 0 +7.582375715e+000 -5.103276243e+002 -5.103276243e+002 +9.1592e-001 -3.8416e+000 -3.3356e+000
78 0 +2.175934626e+000 -5.157340654e+002 -5.157340654e+002 -6.1225e-001 +5.4926e-001 -4.2170e-001
392 0 +1.666788989e+000 -5.162432110e+002 -5.162432110e+002 -6.0482e-001 +5.1893e-001 -4.7689e-001
558 0 +1.166658466e+000 -5.167433415e+002 -5.167433415e+002 -1.3801e+000 +3.7880e+000 +2.0433e+000
594 0 +1.141515932e+000 -5.167684841e+002 -5.167684841e+002 -1.4053e+000 +3.7880e+000 +1.7282e+000
722 0 +6.146627895e-001 -5.172953372e+002 -5.172953372e+002 -1.4127e+000 +3.8183e+000 +1.7834e+000
966 0 +1.729377847e-001 -5.177370622e+002 -5.177370622e+002 -1.4582e+000 +3.8820e+000 +1.8698e+000
1098 0 +1.446567016e-001 -5.177653433e+002 -5.177653433e+002 -1.4582e+000 +3.8820e+000 +1.8797e+000
1115 0 +6.167522120e-002 -5.178483248e+002 -5.178483248e+002 -3.0955e+000 +1.7105e+000 +1.0849e-001
1135 0 +5.262178043e-002 -5.178573782e+002 -5.178573782e+002 -3.0955e+000 +1.7105e+000 +9.8565e-002
1272 0 +2.366849886e-002 -5.178863315e+002 -5.178863315e+002 -3.0959e+000 +1.7125e+000 +9.6353e-002
1319 0 +1.863934645e-002 -5.178913607e+002 -5.178913607e+002 -3.0420e+000 +1.6752e+000 +1.7860e-001
1381 0 +1.690056942e-002 -5.178930994e+002 -5.178930994e+002 -3.0423e+000 +1.6754e+000 +1.7781e-001
1431 0 +1.581854893e-002 -5.178941815e+002 -5.178941815e+002 -3.0423e+000 +1.6758e+000 +1.7827e-001
1434 0 +1.483706279e-002 -5.178951629e+002 -5.178951629e+002 -3.0911e+000 +1.7094e+000 +1.0327e-001
1440 0 +1.400232798e-002 -5.178959977e+002 -5.178959977e+002 -3.0914e+000 +1.7095e+000 +1.0248e-001
1476 0 +7.804882705e-003 -5.179021951e+002 -5.179021951e+002 -3.0499e+000 +1.6810e+000 +1.6578e-001
1485 0 +6.148621380e-003 -5.179038514e+002 -5.179038514e+002 -3.0525e+000 +1.6828e+000 +1.6217e-001
1529 0 +5.840184603e-003 -5.179041598e+002 -5.179041598e+002 -3.0703e+000 +1.6950e+000 +1.3573e-001
1542 0 +4.284111411e-003 -5.179057159e+002 -5.179057159e+002 -3.0815e+000 +1.7048e+000 +1.1833e-001
1545 0 +2.640659250e-003 -5.179073593e+002 -5.179073593e+002 -3.0820e+000 +1.7062e+000 +1.1628e-001
1568 0 +2.336332152e-003 -5.179076637e+002 -5.179076637e+002 -3.0693e+000 +1.6959e+000 +1.3661e-001
1576 0 +2.089850273e-003 -5.179079101e+002 -5.179079101e+002 -3.0697e+000 +1.6963e+000 +1.3612e-001
1614 0 +1.829804960e-003 -5.179081702e+002 -5.179081702e+002 -3.0698e+000 +1.6962e+000 +1.3744e-001
1617 0 +1.473837077e-003 -5.179085262e+002 -5.179085262e+002 -3.0693e+000 +1.6961e+000 +1.3825e-001
1622 0 +1.149240502e-003 -5.179088508e+002 -5.179088508e+002 -3.0685e+000 +1.6961e+000 +1.3973e-001
1626 0 +9.356514776e-004 -5.179090643e+002 -5.179090643e+002 -3.0621e+000 +1.6910e+000 +1.4989e-001
1628 0 +6.013503486e-004 -5.179093986e+002 -5.179093986e+002 -3.0645e+000 +1.6926e+000 +1.4564e-001
1632 0 +9.478744823e-005 -5.179099052e+002 -5.179099052e+002 -3.0643e+000 +1.6926e+000 +1.4692e-001
1648 0 +4.859239959e-005 -5.179099514e+002 -5.179099514e+002 -3.0670e+000 +1.6949e+000 +1.4358e-001
1715 0 +7.965393479e-006 -5.179099920e+002 -5.179099920e+002 -3.0662e+000 +1.6944e+000 +1.4548e-001
1766 0 +3.192739086e-007 -5.179099997e+002 -5.179099997e+002 -3.0658e+000 +1.6941e+000 +1.4568e-001
1803 0 +7.337257557e-008 -5.179099999e+002 -5.179099999e+002 -3.0658e+000 +1.6941e+000 +1.4572e-001
1834 0 +6.416848919e-008 -5.179099999e+002 -5.179099999e+002 -3.0658e+000 +1.6941e+000 +1.4572e-001
1902 0 +1.805233296e-008 -5.179100000e+002 -5.179100000e+002 -3.0658e+000 +1.6940e+000 +1.4576e-001
1952 0 +5.606011655e-009 -5.179100000e+002 -5.179100000e+002 -3.0658e+000 +1.6941e+000 +1.4567e-001
% f evaluations | g evaluations | best noise-free fitness - Fopt (-5.721000000000e+001) + sum g_i+ | measured fitness | best measured fitness or single-digit g-values | x1 | x2...
1 0 +1.500343492e+002 +9.282434918e+001 +9.282434918e+001 -3.3042e+000 +8.4019e-001 +2.6886e-001
2 0 +2.851092313e+001 -2.869907687e+001 -2.869907687e+001 -2.8145e+000 -2.4452e+000 +2.5942e+000
5 0 +2.660264575e+001 -3.060735425e+001 -3.060735425e+001 +5.0000e+000 -5.0000e+000 +5.0000e+000
8 0 +1.682269668e+001 -4.038730332e+001 -4.038730332e+001 +9.2382e-002 +1.1028e+000 +5.0000e+000
17 0 +8.071640640e+000 -4.913835936e+001 -4.913835936e+001 +3.5131e+000 -4.8377e+000 +4.3786e+000
78 0 +7.384087986e+000 -4.982591201e+001 -4.982591201e+001 +4.6250e+000 -3.6672e+000 +1.2963e+000
293 0 +4.905375132e+000 -5.230462487e+001 -5.230462487e+001 +3.8606e+000 -4.9943e+000 +3.9965e+000
509 0 +4.708575303e+000 -5.250142470e+001 -5.250142470e+001 +3.8606e+000 -4.9943e+000 +3.9996e+000
604 0 +2.871738431e+000 -5.433826157e+001 -5.433826157e+001 +4.6566e+000 -4.2544e+000 +1.8303e+000
670 0 +1.564866139e+000 -5.564513386e+001 -5.564513386e+001 +4.3622e+000 -4.1917e+000 +1.9710e+000
677 0 +3.924248775e-001 -5.681757512e+001 -5.681757512e+001 +4.4506e+000 -4.1813e+000 +1.7093e+000
797 0 +1.615594958e-001 -5.704844050e+001 -5.704844050e+001 +4.4506e+000 -4.1369e+000 +1.6433e+000
834 0 +1.443823258e-001 -5.706561767e+001 -5.706561767e+001 +4.6091e+000 -4.0519e+000 +1.5441e+000
853 0 +1.374224877e-001 -5.707257751e+001 -5.707257751e+001 +4.5627e+000 -3.9762e+000 +1.4449e+000
855 0 +1.950966319e-002 -5.719049034e+001 -5.719049034e+001 +4.5546e+000 -3.9746e+000 +1.4841e+000
865 0 +1.734913089e-002 -5.719265087e+001 -5.719265087e+001 +4.5522e+000 -3.9648e+000 +1.4445e+000
922 0 +7.436579506e-003 -5.720256342e+001 -5.720256342e+001 +4.5302e+000 -3.9800e+000 +1.4875e+000
972 0 +7.658224716e-004 -5.720923418e+001 -5.720923418e+001 +4.5370e+000 -3.9917e+000 +1.5002e+000
1002 0 +1.550075715e-004 -5.720984499e+001 -5.720984499e+001 +4.5393e+000 -3.9875e+000 +1.4964e+000
1065 0 +8.632285249e-005 -5.720991368e+001 -5.720991368e+001 +4.5393e+000 -3.9865e+000 +1.4938e+000
1103 0 +5.882717381e-005 -5.720994117e+001 -5.720994117e+001 +4.5388e+000 -3.9871e+000 +1.4947e+000
1134 0 +5.038063927e-005 -5.720994962e+001 -5.720994962e+001 +4.5394e+000 -3.9859e+000 +1.4941e+000
1166 0 +1.673997510e-005 -5.720998326e+001 -5.720998326e+001 +4.5398e+000 -3.9858e+000 +1.4937e+000
1187 0 +6.625722236e-006 -5.720999337e+001 -5.720999337e+001 +4.5396e+000 -3.9863e+000 +1.4940e+000
1233 0 +1.368103817e-006 -5.720999863e+001 -5.720999863e+001 +4.5394e+000 -3.9867e+000 +1.4946e+000
1272 0 +8.189718983e-007 -5.720999918e+001 -5.720999918e+001 +4.5394e+000 -3.9866e+000 +1.4944e+000
1280 0 +5.942365533e-007 -5.720999941e+001 -5.720999941e+001 +4.5394e+000 -3.9866e+000 +1.4943e+000
1296 0 +3.510766931e-007 -5.720999965e+001 -5.720999965e+001 +4.5394e+000 -3.9865e+000 +1.4943e+000
1304 0 +2.280851135e-007 -5.720999977e+001 -5.720999977e+001 +4.5393e+000 -3.9867e+000 +1.4945e+000
1323 0 +2.084007988e-007 -5.720999979e+001 -5.720999979e+001 +4.5393e+000 -3.9867e+000 +1.4946e+000
1334 0 +1.063877875e-007 -5.720999989e+001 -5.720999989e+001 +4.5394e+000 -3.9865e+000 +1.4944e+000
1355 0 +8.134503560e-008 -5.720999992e+001 -5.720999992e+001 +4.5393e+000 -3.9867e+000 +1.4945e+000
1372 0 +6.097044292e-008 -5.720999994e+001 -5.720999994e+001 +4.5393e+000 -3.9867e+000 +1.4945e+000
1376 0 +3.763297229e-008 -5.720999996e+001 -5.720999996e+001 +4.5393e+000 -3.9867e+000 +1.4945e+000
1393 0 +2.181741365e-008 -5.720999998e+001 -5.720999998e+001 +4.5393e+000 -3.9867e+000 +1.4945e+000
1416 0 +2.501330698e-009 -5.721000000e+001 -5.721000000e+001 +4.5394e+000 -3.9867e+000 +1.4945e+000
% f evaluations | g evaluations | best noise-free fitness - Fopt (6.626000000000e+001) + sum g_i+ | measured fitness | best measured fitness or single-digit g-values | x1 | x2...
1 0 +1.199490396e+002 +1.862090396e+002 +1.862090396e+002 +6.9597e-001 -3.4055e+000 +4.5108e+000
2 0 +9.747392408e+001 +1.637339241e+002 +1.637339241e+002 +4.6823e+000 +2.7483e+000 +1.4477e+000
3 0 +8.018295702e+001 +1.464429570e+002 +1.464429570e+002 +3.5920e+000 -4.9559e+000 -2.1791e+000
8 0 +3.424697218e+001 +1.005069722e+002 +1.005069722e+002 +2.7458e+000 -6.5278e-002 -5.0000e+000
10 0 +2.207962704e+001 +8.833962704e+001 +8.833962704e+001 -2.9317e+000 +1.7854e+000 +2.3839e+000
11 0 +8.141588128e+000 +7.440158813e+001 +7.440158813e+001 -5.9617e-001 -9.0664e-002 +4.4401e+000
167 0 +2.882976741e+000 +6.914297674e+001 +6.914297674e+001 -6.6586e-001 -8.7170e-003 +3.9494e+000
193 0 +9.941966865e-001 +6.725419669e+001 +6.725419669e+001 -1.8870e+000 +1.6117e+000 +3.6385e+000
341 0 +8.497362394e-001 +6.710973624e+001 +6.710973624e+001 -1.9000e+000 +1.7087e+000 +3.7259e+000
377 0 +6.705069254e-001 +6.693050693e+001 +6.693050693e+001 -1.8034e+000 +1.5676e+000 +3.8682e+000
424 0 +2.341662230e-001 +6.649416622e+001 +6.649416622e+001 -1.7894e+000 +1.6548e+000 +3.8546e+000
505 0 +2.077034544e-001 +6.646770345e+001 +6.646770345e+001 -1.8084e+000 +1.6533e+000 +3.8521e+000
526 0 +1.862474873e-001 +6.644624749e+001 +6.644624749e+001 -1.8803e+000 +1.6078e+000 +3.7499e+000
536 0 +1.643500513e-002 +6.627643501e+001 +6.627643501e+001 -1.8306e+000 +1.6458e+000 +3.8209e+000
583 0 +3.385577251e-003 +6.626338558e+001 +6.626338558e+001 -1.8439e+000 +1.6319e+000 +3.8050e+000
644 0 +4.264676215e-004 +6.626042647e+001 +6.626042647e+001 -1.8434e+000 +1.6345e+000 +3.8042e+000
675 0 +3.990444314e-004 +6.626039904e+001 +6.626039904e+001 -1.8450e+000 +1.6355e+000 +3.8025e+000
696 0 +1.492179746e-004 +6.626014922e+001 +6.626014922e+001 -1.8430e+000 +1.6369e+000 +3.8052e+000
728 0 +1.087527803e-004 +6.626010875e+001 +6.626010875e+001 -1.8430e+000 +1.6362e+000 +3.8051e+000
729 0 +4.802332877e-005 +6.626004802e+001 +6.626004802e+001 -1.8421e+000 +1.6370e+000 +3.8059e+000
753 0 +2.282358533e-005 +6.626002282e+001 +6.626002282e+001 -1.8431e+000 +1.6361e+000 +3.8048e+000
765 0 +2.806577072e-006 +6.626000281e+001 +6.626000281e+001 -1.8425e+000 +1.6364e+000 +3.8053e+000
784 0 +2.620835005e-006 +6.626000262e+001 +6.626000262e+001 -1.8429e+000 +1.6360e+000 +3.8049e+000
808 0 +1.449186868e-006 +6.626000145e+001 +6.626000145e+001 -1.8428e+000 +1.6360e+000 +3.8051e+000
852 0 +1.180346146e-006 +6.626000118e+001 +6.626000118e+001 -1.8428e+000 +1.6362e+000 +3.8050e+000
859 0 +6.384314588e-007 +6.626000064e+001 +6.626000064e+001 -1.8427e+000 +1.6362e+000 +3.8051e+000
872 0 +1.377278949e-007 +6.626000014e+001 +6.626000014e+001 -1.8428e+000 +1.6361e+000 +3.8050e+000
884 0 +1.068442828e-007 +6.626000011e+001 +6.626000011e+001 -1.8428e+000 +1.6361e+000 +3.8050e+000
922 0 +5.037283302e-008 +6.626000005e+001 +6.626000005e+001 -1.8427e+000 +1.6361e+000 +3.8051e+000
932 0 +3.912894897e-008 +6.626000004e+001 +6.626000004e+001 -1.8428e+000 +1.6361e+000 +3.8050e+000
949 0 +1.728560051e-008 +6.626000002e+001 +6.626000002e+001 -1.8428e+000 +1.6361e+000 +3.8051e+000
956 0 +7.511573585e-009 +6.626000001e+001 +6.626000001e+001 -1.8428e+000 +1.6361e+000 +3.8051e+000
% f evaluations | g evaluations | best noise-free fitness - Fopt (-1.386200000000e+002) + sum g_i+ | measured fitness | best measured fitness or single-digit g-values | x1 | x2...
1 0 +9.758732613e+000 -1.288612674e+002 -1.288612674e+002 -1.0334e+000 -1.2711e+000 -1.4701e+000
66 0 +3.855286064e+000 -1.347647139e+002 -1.347647139e+002 -1.8654e-001 -2.0323e+000 -1.0216e+000
257 0 +1.831859972e+000 -1.367881400e+002 -1.367881400e+002 -3.8097e+000 -2.1863e+000 -6.6485e-001
530 0 +7.804504560e-001 -1.378395495e+002 -1.378395495e+002 -3.8382e+000 -2.1841e+000 -7.3915e-001
866 0 +5.246227356e-001 -1.380953773e+002 -1.380953773e+002 -3.8382e+000 -2.1841e+000 -7.4768e-001
2240 0 +4.471532266e-001 -1.381728468e+002 -1.381728468e+002 -3.8382e+000 -2.1841e+000 -7.5819e-001
2898 0 +4.055083062e-001 -1.382144917e+002 -1.382144917e+002 -3.8382e+000 -2.1930e+000 -7.6202e-001
2972 0 +3.394061623e-001 -1.382805938e+002 -1.382805938e+002 -3.8382e+000 -2.1879e+000 -7.5915e-001
3018 0 +3.327223766e-001 -1.382872776e+002 -1.382872776e+002 -3.8464e+000 -2.1848e+000 -7.6564e-001
3090 0 +3.049836999e-001 -1.383150163e+002 -1.383150163e+002 -3.8251e+000 -2.1957e+000 -7.5056e-001
3103 0 +2.727021132e-001 -1.383472979e+002 -1.383472979e+002 -3.7992e+000 -2.1986e+000 -7.2823e-001
3133 0 +2.295470736e-001 -1.383904529e+002 -1.383904529e+002 -3.8028e+000 -2.1957e+000 -7.3328e-001
3247 0 +2.149612136e-001 -1.384050388e+002 -1.384050388e+002 -3.8046e+000 -2.1944e+000 -7.3356e-001
3251 0 +2.038754169e-001 -1.384161246e+002 -1.384161246e+002 -3.8034e+000 -2.1956e+000 -7.3329e-001
3277 0 +1.925264202e-001 -1.384274736e+002 -1.384274736e+002 -3.8015e+000 -2.1963e+000 -7.3164e-001
3301 0 +1.877998341e-001 -1.384322002e+002 -1.384322002e+002 -3.7986e+000 -2.1990e+000 -7.3025e-001
3302 0 +1.848242870e-001 -1.384351757e+002 -1.384351757e+002 -3.7992e+000 -2.1987e+000 -7.3080e-001
3310 0 +1.756657711e-001 -1.384443342e+002 -1.384443342e+002 -3.8002e+000 -2.1975e+000 -7.3064e-001
3347 0 +1.710888973e-001 -1.384489111e+002 -1.384489111e+002 -3.8006e+000 -2.1973e+000 -7.3120e-001
3392 0 +1.687587263e-001 -1.384512413e+002 -1.384512413e+002 -3.7997e+000 -2.1980e+000 -7.3079e-001
3432 0 +1.649099805e-001 -1.384550900e+002 -1.384550900e+002 -3.8005e+000 -2.1974e+000 -7.3116e-001
3587 0 +1.619758731e-001 -1.384580241e+002 -1.384580241e+002 -3.8005e+000 -2.1975e+000 -7.3113e-001
5533 0 +8.228555634e-002 -1.385377144e+002 -1.385377144e+002 -2.8137e+000 +1.3382e+000 -1.7379e+000
5536 0 +6.980956680e-002 -1.385501904e+002 -1.385501904e+002 -2.7046e+000 +1.2366e+000 -1.7085e+000
5546 0 +3.989925633e-003 -1.386160101e+002 -1.386160101e+002 -2.7195e+000 +1.2741e+000 -1.7034e+000
5755 0 +6.392887942e-004 -1.386193607e+002 -1.386193607e+002 -2.6934e+000 +1.2593e+000 -1.6908e+000
5794 0 +4.641683052e-004 -1.386195358e+002 -1.386195358e+002 -2.6854e+000 +1.2542e+000 -1.6919e+000
5885 0 +3.895229667e-004 -1.386196105e+002 -1.386196105e+002 -2.6888e+000 +1.2557e+000 -1.6949e+000
5909 0 +7.954127696e-005 -1.386199205e+002 -1.386199205e+002 -2.6929e+000 +1.2586e+000 -1.6937e+000
5926 0 +6.625086053e-005 -1.386199337e+002 -1.386199337e+002 -2.6931e+000 +1.2590e+000 -1.6935e+000
5928 0 +5.622464377e-005 -1.386199438e+002 -1.386199438e+002 -2.6890e+000 +1.2567e+000 -1.6925e+000
5931 0 +2.701596495e-005 -1.386199730e+002 -1.386199730e+002 -2.6910e+000 +1.2579e+000 -1.6931e+000
5949 0 +2.274275303e-005 -1.386199773e+002 -1.386199773e+002 -2.6909e+000 +1.2578e+000 -1.6929e+000
5950 0 +2.168062542e-005 -1.386199783e+002 -1.386199783e+002 -2.6909e+000 +1.2575e+000 -1.6934e+000
5972 0 +1.767737450e-005 -1.386199823e+002 -1.386199823e+002 -2.6905e+000 +1.2575e+000 -1.6930e+000
5996 0 +3.918910437e-006 -1.386199961e+002 -1.386199961e+002 -2.6900e+000 +1.2573e+000 -1.6924e+000
5997 0 +8.141957721e-007 -1.386199992e+002 -1.386199992e+002 -2.6908e+000 +1.2577e+000 -1.6926e+000
6082 0 +6.308693514e-007 -1.386199994e+002 -1.386199994e+002 -2.6906e+000 +1.2576e+000 -1.6926e+000
6104 0 +1.451318496e-007 -1.386199999e+002 -1.386199999e+002 -2.6906e+000 +1.2575e+000 -1.6926e+000
6149 0 +1.159486942e-007 -1.386199999e+002 -1.386199999e+002 -2.6904e+000 +1.2575e+000 -1.6925e+000
6156 0 +1.200655220e-008 -1.386200000e+002 -1.386200000e+002 -2.6905e+000 +1.2575e+000 -1.6925e+000
6213 0 +1.140418249e-008 -1.386200000e+002 -1.386200000e+002 -2.6905e+000 +1.2575e+000 -1.6925e+000
6217 0 +1.177369313e-009 -1.386200000e+002 -1.386200000e+002 -2.6905e+000 +1.2575e+000 -1.6925e+000
% f evaluations | g evaluations | best noise-free fitness - Fopt (7.313900000000e+002) + sum g_i+ | measured fitness | best measured fitness or single-digit g-values | x1 | x2...
1 0 +3.552383735e+001 +7.669138373e+002 +7.669138373e+002 +1.0949e+000 +4.5458e+000 +1.9945e+000
4 0 +1.591330521e+001 +7.473033052e+002 +7.473033052e+002 -1.9824e+000 -2.5178e+000 -3.7584e+000
16 0 +1.413339247e+001 +7.455233925e+002 +7.455233925e+002 -1.9824e+000 -2.6490e+000 -4.5577e+000
19 0 +8.876744823e+000 +7.402667448e+002 +7.402667448e+002 +3.8141e+000 +5.4924e-001 +4.9718e+000
91 0 +8.072460334e+000 +7.394624603e+002 +7.394624603e+002 +3.8308e+000 +7.1872e-001 +4.9945e+000
123 0 +7.447444513e+000 +7.388374445e+002 +7.388374445e+002 +1.1000e+000 -3.0756e+000 -1.7020e+000
164 0 +8.505620337e-001 +7.322405620e+002 +7.322405620e+002 +2.4195e+000 -4.2661e-001 +3.8857e+000
680 0 +5.796464156e-001 +7.319696464e+002 +7.319696464e+002 +2.4185e+000 -4.2729e-001 +3.8837e+000
968 0 +5.024816883e-001 +7.318924817e+002 +7.318924817e+002 +2.4101e+000 -4.3428e-001 +3.9133e+000
980 0 +2.792036343e-001 +7.316692036e+002 +7.316692036e+002 +2.4101e+000 -3.6927e-001 +3.9310e+000
1227 0 +9.899606229e-002 +7.314889961e+002 +7.314889961e+002 +1.3755e+000 +2.1311e+000 +4.8924e+000
3579 0 +9.296345805e-002 +7.314829635e+002 +7.314829635e+002 +1.3715e+000 +2.1311e+000 +4.8894e+000
3669 0 +8.835303865e-002 +7.314783530e+002 +7.314783530e+002 -1.4199e+000 +2.6029e+000 +1.2979e+000
4041 0 +4.536878879e-002 +7.314353688e+002 +7.314353688e+002 -1.4261e+000 +2.6029e+000 +1.2983e+000
4833 0 +4.428520489e-002 +7.314342852e+002 +7.314342852e+002 -1.4261e+000 +2.6029e+000 +1.2983e+000
5816 0 +4.187139348e-002 +7.314318714e+002 +7.314318714e+002 -1.4333e+000 +2.6043e+000 +1.3154e+000
6078 0 +4.129856693e-002 +7.314312986e+002 +7.314312986e+002 -1.4303e+000 +2.6006e+000 +1.3083e+000
6146 0 +3.703189926e-002 +7.314270319e+002 +7.314270319e+002 -1.4347e+000 +2.6050e+000 +1.3189e+000
6182 0 +2.851399118e-002 +7.314185140e+002 +7.314185140e+002 -1.4354e+000 +2.6054e+000 +1.3205e+000
6393 0 +2.681704462e-002 +7.314168170e+002 +7.314168170e+002 -1.4317e+000 +2.6024e+000 +1.3117e+000
6402 0 +2.584332813e-002 +7.314158433e+002 +7.314158433e+002 -1.4309e+000 +2.6018e+000 +1.3093e+000
6405 0 +2.138939236e-002 +7.314113894e+002 +7.314113894e+002 -1.4334e+000 +2.6020e+000 +1.3131e+000
6499 0 +1.986831881e-002 +7.314098683e+002 +7.314098683e+002 -1.4354e+000 +2.6027e+000 +1.3173e+000
6530 0 +1.869661505e-002 +7.314086966e+002 +7.314086966e+002 -1.4340e+000 +2.6002e+000 +1.3115e+000
6557 0 +1.837038828e-002 +7.314083704e+002 +7.314083704e+002 -1.4340e+000 +2.5999e+000 +1.3110e+000
6578 0 +1.694148318e-002 +7.314069415e+002 +7.314069415e+002 -1.4340e+000 +2.6002e+000 +1.3115e+000
6619 0 +1.654680759e-002 +7.314065468e+002 +7.314065468e+002 -1.4347e+000 +2.6005e+000 +1.3126e+000
6635 0 +1.462800502e-002 +7.314046280e+002 +7.314046280e+002 -1.4349e+000 +2.6002e+000 +1.3123e+000
6678 0 +1.347534346e-002 +7.314034753e+002 +7.314034753e+002 -1.4349e+000 +2.5993e+000 +1.3115e+000
6708 0 +1.223817033e-002 +7.314022382e+002 +7.314022382e+002 -1.4354e+000 +2.5989e+000 +1.3122e+000
6739 0 +1.146355724e-002 +7.314014636e+002 +7.314014636e+002 -1.4355e+000 +2.5992e+000 +1.3127e+000
6831 0 +1.051593542e-002 +7.314005159e+002 +7.314005159e+002 -1.4358e+000 +2.5992e+000 +1.3130e+000
6854 0 +1.043844507e-002 +7.314004384e+002 +7.314004384e+002 -1.4358e+000 +2.5993e+000 +1.3130e+000
6856 0 +9.937366093e-003 +7.313999374e+002 +7.313999374e+002 -1.4358e+000 +2.5992e+000 +1.3130e+000
6878 0 +9.615374467e-003 +7.313996154e+002 +7.313996154e+002 -1.4359e+000 +2.5992e+000 +1.3130e+000
6915 0 +9.537784517e-003 +7.313995378e+002 +7.313995378e+002 -1.4358e+000 +2.5992e+000 +1.3130e+000
6925 0 +9.144261113e-003 +7.313991443e+002 +7.313991443e+002 -1.4360e+000 +2.5991e+000 +1.3130e+000
6933 0 +8.540460947e-003 +7.313985405e+002 +7.313985405e+002 -1.4359e+000 +2.5991e+000 +1.3130e+000
7026 0 +8.458039903e-003 +7.313984580e+002 +7.313984580e+002 -1.4359e+000 +2.5991e+000 +1.3129e+000
7127 0 +8.284774971e-003 +7.313982848e+002 +7.313982848e+002 -1.4359e+000 +2.5991e+000 +1.3129e+000
9278 0 +2.907897445e-003 +7.313929079e+002 +7.313929079e+002 -8.3848e-001 -3.8598e+000 -9.2685e-001
9329 0 +8.973842639e-004 +7.313908974e+002 +7.313908974e+002 -8.3075e-001 -3.8566e+000 -9.2945e-001
9372 0 +6.662277162e-004 +7.313906662e+002 +7.313906662e+002 -8.3323e-001 -3.8579e+000 -9.2917e-001
9375 0 +5.218810179e-004 +7.313905219e+002 +7.313905219e+002 -8.3334e-001 -3.8577e+000 -9.2905e-001
9399 0 +2.886134515e-004 +7.313902886e+002 +7.313902886e+002 -8.3075e-001 -3.8558e+000 -9.3048e-001
9509 0 +5.148424839e-005 +7.313900515e+002 +7.313900515e+002 -8.3183e-001 -3.8557e+000 -9.2854e-001
9525 0 +3.280933527e-005 +7.313900328e+002 +7.313900328e+002 -8.3230e-001 -3.8554e+000 -9.2730e-001
9618 0 +3.015987568e-005 +7.313900302e+002 +7.313900302e+002 -8.3165e-001 -3.8561e+000 -9.2874e-001
9640 0 +2.454305104e-005 +7.313900245e+002 +7.313900245e+002 -8.3160e-001 -3.8561e+000 -9.2888e-001
9716 0 +1.870253220e-005 +7.313900187e+002 +7.313900187e+002 -8.3106e-001 -3.8564e+000 -9.2979e-001
9739 0 +1.819997408e-005 +7.313900182e+002 +7.313900182e+002 -8.3158e-001 -3.8564e+000 -9.2919e-001
9746 0 +1.613085465e-005 +7.313900161e+002 +7.313900161e+002 -8.3132e-001 -3.8565e+000 -9.2966e-001
9763 0 +3.710733267e-006 +7.313900037e+002 +7.313900037e+002 -8.3146e-001 -3.8566e+000 -9.2968e-001
9819 0 +3.133001314e-006 +7.313900031e+002 +7.313900031e+002 -8.3183e-001 -3.8566e+000 -9.2935e-001
9820 0 +2.202370069e-006 +7.313900022e+002 +7.313900022e+002 -8.3165e-001 -3.8566e+000 -9.2944e-001
9874 0 +1.829967914e-006 +7.313900018e+002 +7.313900018e+002 -8.3176e-001 -3.8566e+000 -9.2941e-001
9876 0 +1.174010322e-006 +7.313900012e+002 +7.313900012e+002 -8.3180e-001 -3.8568e+000 -9.2944e-001
9887 0 +5.637780305e-007 +7.313900006e+002 +7.313900006e+002 -8.3166e-001 -3.8568e+000 -9.2969e-001
9895 0 +1.699228278e-007 +7.313900002e+002 +7.313900002e+002 -8.3175e-001 -3.8567e+000 -9.2951e-001
9929 0 +7.259495760e-008 +7.313900001e+002 +7.313900001e+002 -8.3169e-001 -3.8567e+000 -9.2965e-001
9934 0 +1.233252078e-008 +7.313900000e+002 +7.313900000e+002 -8.3172e-001 -3.8567e+000 -9.2956e-001
10016 0 +1.258854354e-009 +7.313900000e+002 +7.313900000e+002 -8.3172e-001 -3.8567e+000 -9.2957e-001
% f evaluations | g evaluations | best noise-free fitness - Fopt (7.526000000000e+001) + sum g_i+ | measured fitness | best measured fitness or single-digit g-values | x1 | x2...
1 0 +5.982574313e+001 +1.350857431e+002 +1.350857431e+002 +3.4518e+000 -2.7292e+000 +4.2595e+000
4 0 +2.315378148e+001 +9.841378148e+001 +9.841378148e+001 -2.4446e+000 +1.5136e+000 +1.9890e+000
10 0 +1.480848471e+001 +9.006848471e+001 +9.006848471e+001 -1.1151e+000 +1.3477e+000 +2.1902e+000
121 0 +8.933759884e+000 +8.419375988e+001 +8.419375988e+001 +3.9138e-001 +1.5581e+000 +1.9354e+000
144 0 +8.907591640e+000 +8.416759164e+001 +8.416759164e+001 +7.0755e-002 +1.8403e+000 +4.8945e+000
282 0 +4.248553064e+000 +7.950855306e+001 +7.950855306e+001 -6.6306e-001 -1.3866e+000 -2.2226e+000
330 0 +3.647265416e+000 +7.890726542e+001 +7.890726542e+001 -6.7332e-001 -1.3862e+000 -2.2239e+000
346 0 +2.348787138e+000 +7.760878714e+001 +7.760878714e+001 -3.4719e+000 +5.7446e-001 -1.3545e+000
481 0 +2.304800866e+000 +7.756480087e+001 +7.756480087e+001 -4.4822e+000 +3.3996e+000 +2.9982e+000
576 0 +2.088008016e+000 +7.734800802e+001 +7.734800802e+001 -1.3420e+000 +1.4574e+000 +2.1191e+000
586 0 +1.660061195e+000 +7.692006120e+001 +7.692006120e+001 -3.9184e+000 +3.4127e+000 +2.7908e+000
792 0 +1.649202797e+000 +7.690920280e+001 +7.690920280e+001 -1.2306e-001 -1.2859e+000 -2.1848e+000
851 0 +9.890543822e-001 +7.624905438e+001 +7.624905438e+001 +9.9995e-002 -1.2457e+000 -2.1696e+000
1037 0 +3.606399760e-001 +7.562063998e+001 +7.562063998e+001 +3.4728e-001 -1.1855e+000 -2.0357e+000
1133 0 +2.494111558e-001 +7.550941116e+001 +7.550941116e+001 +3.2428e-001 -1.1855e+000 -2.0372e+000
1142 0 +2.234467213e-001 +7.548344672e+001 +7.548344672e+001 +3.0811e-001 -1.1895e+000 -2.0345e+000
1182 0 +2.029101811e-001 +7.546291018e+001 +7.546291018e+001 +3.0928e-001 -1.1895e+000 -2.0403e+000
1226 0 +1.944347225e-001 +7.545443472e+001 +7.545443472e+001 +3.0974e-001 -1.1870e+000 -2.0345e+000
1239 0 +1.204593497e-001 +7.538045935e+001 +7.538045935e+001 +3.6639e-001 -1.1951e+000 -2.0288e+000
1263 0 +7.364733837e-002 +7.533364734e+001 +7.533364734e+001 +3.8649e-001 -1.2052e+000 -2.0318e+000
1275 0 +6.275394254e-002 +7.532275394e+001 +7.532275394e+001 +3.9635e-001 -1.2128e+000 -2.0413e+000
1297 0 +3.904612849e-002 +7.529904613e+001 +7.529904613e+001 +4.3092e-001 -1.2175e+000 -2.0388e+000
1317 0 +1.929551039e-003 +7.526192955e+001 +7.526192955e+001 +4.6341e-001 -1.2136e+000 -2.0109e+000
1373 0 +1.553853959e-003 +7.526155385e+001 +7.526155385e+001 +4.6002e-001 -1.2166e+000 -2.0149e+000
1378 0 +9.869256261e-004 +7.526098693e+001 +7.526098693e+001 +4.6092e-001 -1.2163e+000 -2.0195e+000
1384 0 +9.413153919e-005 +7.526009413e+001 +7.526009413e+001 +4.6663e-001 -1.2152e+000 -2.0135e+000
1452 0 +4.342573588e-005 +7.526004343e+001 +7.526004343e+001 +4.6984e-001 -1.2151e+000 -2.0142e+000
1496 0 +3.664168283e-005 +7.526003664e+001 +7.526003664e+001 +4.6760e-001 -1.2155e+000 -2.0141e+000
1502 0 +8.558628011e-006 +7.526000856e+001 +7.526000856e+001 +4.6693e-001 -1.2156e+000 -2.0148e+000
1510 0 +6.730832396e-006 +7.526000673e+001 +7.526000673e+001 +4.6788e-001 -1.2154e+000 -2.0146e+000
1529 0 +2.929876544e-006 +7.526000293e+001 +7.526000293e+001 +4.6725e-001 -1.2156e+000 -2.0148e+000
1545 0 +1.480999757e-006 +7.526000148e+001 +7.526000148e+001 +4.6691e-001 -1.2155e+000 -2.0148e+000
1560 0 +9.784937589e-007 +7.526000098e+001 +7.526000098e+001 +4.6682e-001 -1.2156e+000 -2.0147e+000
1582 0 +5.668169791e-007 +7.526000057e+001 +7.526000057e+001 +4.6672e-001 -1.2156e+000 -2.0148e+000
1600 0 +4.314562574e-007 +7.526000043e+001 +7.526000043e+001 +4.6670e-001 -1.2156e+000 -2.0148e+000
1603 0 +3.086374818e-007 +7.526000031e+001 +7.526000031e+001 +4.6664e-001 -1.2156e+000 -2.0149e+000
1617 0 +8.087933168e-008 +7.526000008e+001 +7.526000008e+001 +4.6674e-001 -1.2156e+000 -2.0149e+000
1677 0 +6.669952768e-008 +7.526000007e+001 +7.526000007e+001 +4.6671e-001 -1.2156e+000 -2.0149e+000
1686 0 +4.310369661e-008 +7.526000004e+001 +7.526000004e+001 +4.6671e-001 -1.2156e+000 -2.0149e+000
1689 0 +3.537930127e-008 +7.526000004e+001 +7.526000004e+001 +4.6669e-001 -1.2156e+000 -2.0149e+000
1707 0 +1.415118334e-008 +7.526000001e+001 +7.526000001e+001 +4.6666e-001 -1.2156e+000 -2.0149e+000
1713 0 +8.163240750e-009 +7.526000001e+001 +7.526000001e+001 +4.6670e-001 -1.2156e+000 -2.0149e+000
% f evaluations | g evaluations | best noise-free fitness - Fopt (-4.913000000000e+001) + sum g_i+ | measured fitness | best measured fitness or single-digit g-values | x1 | x2...
1 0 +1.020618537e+002 +5.293185367e+001 +5.293185367e+001 -2.9795e+000 +8.0577e-002 -3.5895e+000
2 0 +6.328818328e+001 +1.415818328e+001 +1.415818328e+001 +2.4572e+000 -4.6481e+000 -3.0036e+000
4 0 +1.578979087e+001 -3.334020913e+001 -3.334020913e+001 +2.1860e+000 -1.6222e+000 -8.6655e-001
53 0 +1.555065762e+000 -4.757493424e+001 -4.757493424e+001 +3.7813e+000 +2.2517e+000 -3.1130e+000
280 0 +1.342362926e+000 -4.778763707e+001 -4.778763707e+001 +4.5538e+000 +2.0820e+000 -3.4997e+000
419 0 +8.325887021e-001 -4.829741130e+001 -4.829741130e+001 +4.4986e+000 +2.2356e-001 -3.7350e+000
825 0 +2.490731834e-001 -4.888092682e+001 -4.888092682e+001 +4.4822e+000 +2.4947e-001 -3.8568e+000
966 0 +2.270460088e-001 -4.890295399e+001 -4.890295399e+001 +4.2385e+000 +2.1176e+000 -3.1964e+000
1019 0 +2.219423633e-001 -4.890805764e+001 -4.890805764e+001 +4.3492e+000 +2.0756e+000 -3.1870e+000
1040 0 +1.077167814e-001 -4.902228322e+001 -4.902228322e+001 +4.3633e+000 +2.0383e+000 -3.1645e+000
1050 0 +5.043292814e-002 -4.907956707e+001 -4.907956707e+001 +4.3951e+000 +2.0557e+000 -3.2273e+000
1060 0 +4.275983221e-002 -4.908724017e+001 -4.908724017e+001 +4.4342e+000 +2.0313e+000 -3.2053e+000
1085 0 +3.490401077e-002 -4.909509599e+001 -4.909509599e+001 +4.3592e+000 +2.0496e+000 -3.2005e+000
1098 0 +1.345682931e-002 -4.911654317e+001 -4.911654317e+001 +4.4036e+000 +2.0450e+000 -3.2137e+000
1121 0 +4.497339179e-003 -4.912550266e+001 -4.912550266e+001 +4.4164e+000 +2.0402e+000 -3.2197e+000
1133 0 +4.237946261e-003 -4.912576205e+001 -4.912576205e+001 +4.4047e+000 +2.0409e+000 -3.2102e+000
1157 0 +1.722847896e-003 -4.912827715e+001 -4.912827715e+001 +4.4292e+000 +2.0392e+000 -3.2242e+000
1168 0 +9.205286707e-004 -4.912907947e+001 -4.912907947e+001 +4.4349e+000 +2.0405e+000 -3.2301e+000
1182 0 +3.717661994e-004 -4.912962823e+001 -4.912962823e+001 +4.4272e+000 +2.0388e+000 -3.2214e+000
1248 0 +3.182849880e-004 -4.912968172e+001 -4.912968172e+001 +4.4277e+000 +2.0390e+000 -3.2218e+000
1272 0 +1.723877143e-004 -4.912982761e+001 -4.912982761e+001 +4.4280e+000 +2.0387e+000 -3.2217e+000
1317 0 +1.618330996e-004 -4.912983817e+001 -4.912983817e+001 +4.4307e+000 +2.0382e+000 -3.2227e+000
1385 0 +1.214311994e-004 -4.912987857e+001 -4.912987857e+001 +4.4313e+000 +2.0383e+000 -3.2231e+000
1448 0 +5.491808919e-005 -4.912994508e+001 -4.912994508e+001 +4.4346e+000 +2.0379e+000 -3.2244e+000
1472 0 +4.959907959e-005 -4.912995040e+001 -4.912995040e+001 +4.4368e+000 +2.0376e+000 -3.2253e+000
1473 0 +3.971045135e-005 -4.912996029e+001 -4.912996029e+001 +4.4397e+000 +2.0372e+000 -3.2264e+000
1485 0 +2.153092593e-005 -4.912997847e+001 -4.912997847e+001 +4.4380e+000 +2.0375e+000 -3.2257e+000
1488 0 +1.655769681e-005 -4.912998344e+001 -4.912998344e+001 +4.4397e+000 +2.0373e+000 -3.2264e+000
1491 0 +1.549950962e-005 -4.912998450e+001 -4.912998450e+001 +4.4374e+000 +2.0377e+000 -3.2256e+000
1493 0 +2.632731182e-006 -4.912999737e+001 -4.912999737e+001 +4.4382e+000 +2.0376e+000 -3.2259e+000
1499 0 +9.386999835e-007 -4.912999906e+001 -4.912999906e+001 +4.4385e+000 +2.0377e+000 -3.2261e+000
1539 0 +4.211536933e-007 -4.912999958e+001 -4.912999958e+001 +4.4384e+000 +2.0376e+000 -3.2261e+000
1575 0 +1.991473013e-007 -4.912999980e+001 -4.912999980e+001 +4.4384e+000 +2.0376e+000 -3.2261e+000
1599 0 +1.073302585e-007 -4.912999989e+001 -4.912999989e+001 +4.4386e+000 +2.0377e+000 -3.2262e+000
1631 0 +9.635803622e-008 -4.912999990e+001 -4.912999990e+001 +4.4386e+000 +2.0377e+000 -3.2263e+000
1643 0 +8.428685305e-009 -4.912999999e+001 -4.912999999e+001 +4.4385e+000 +2.0377e+000 -3.2262e+000
% f evaluations | g evaluations | best noise-free fitness - Fopt (-1.418900000000e+002) + sum g_i+ | measured fitness | best measured fitness or single-digit g-values | x1 | x2...
1 0 +6.981324648e+001 -7.207675352e+001 -7.207675352e+001 +3.8136e+000 -2.7686e+000 +3.2961e+000
4 0 +5.203755929e+001 -8.985244071e+001 -8.985244071e+001 -1.8117e+000 -2.6602e+000 +3.3937e+000
7 0 +7.456850295e+000 -1.344331497e+002 -1.344331497e+002 +2.6198e+000 -2.2286e+000 -4.9439e+000
75 0 +5.854378464e+000 -1.360356215e+002 -1.360356215e+002 +4.5862e+000 -5.1415e-001 -1.2041e+000
159 0 +5.623880372e+000 -1.362661196e+002 -1.362661196e+002 +4.5077e+000 -5.1478e-001 -1.1997e+000
175 0 +6.843199947e-001 -1.412056800e+002 -1.412056800e+002 +2.2866e+000 -2.1525e+000 -4.8688e+000
517 0 +3.833342040e-001 -1.415066658e+002 -1.415066658e+002 +2.3447e+000 -2.1220e+000 -4.7703e+000
527 0 +2.786434124e-001 -1.416113566e+002 -1.416113566e+002 +2.3097e+000 -2.2132e+000 -4.9944e+000
551 0 +1.932818328e-001 -1.416967182e+002 -1.416967182e+002 +2.3166e+000 -2.1521e+000 -4.7915e+000
644 0 +1.262112073e-001 -1.417637888e+002 -1.417637888e+002 +2.3886e+000 -2.1679e+000 -4.8339e+000
648 0 +2.680106171e-002 -1.418631989e+002 -1.418631989e+002 +2.3725e+000 -2.1660e+000 -4.8856e+000
692 0 +8.596004272e-003 -1.418814040e+002 -1.418814040e+002 +2.3705e+000 -2.1657e+000 -4.8802e+000
770 0 +7.450349420e-003 -1.418825497e+002 -1.418825497e+002 +2.3628e+000 -2.1591e+000 -4.8575e+000
778 0 +4.493440489e-003 -1.418855066e+002 -1.418855066e+002 +2.3651e+000 -2.1574e+000 -4.8552e+000
797 0 +3.351629458e-003 -1.418866484e+002 -1.418866484e+002 +2.3625e+000 -2.1527e+000 -4.8350e+000
800 0 +4.141592926e-004 -1.418895858e+002 -1.418895858e+002 +2.3655e+000 -2.1557e+000 -4.8468e+000
840 0 +3.872106905e-004 -1.418896128e+002 -1.418896128e+002 +2.3670e+000 -2.1539e+000 -4.8439e+000
844 0 +3.777534884e-004 -1.418896222e+002 -1.418896222e+002 +2.3654e+000 -2.1544e+000 -4.8428e+000
845 0 +1.485929483e-004 -1.418898514e+002 -1.418898514e+002 +2.3681e+000 -2.1531e+000 -4.8404e+000
850 0 +7.313966822e-005 -1.418899269e+002 -1.418899269e+002 +2.3677e+000 -2.1539e+000 -4.8419e+000
883 0 +6.459212102e-005 -1.418899354e+002 -1.418899354e+002 +2.3668e+000 -2.1537e+000 -4.8425e+000
896 0 +8.580249528e-006 -1.418899914e+002 -1.418899914e+002 +2.3672e+000 -2.1538e+000 -4.8423e+000
966 0 +5.196184560e-006 -1.418899948e+002 -1.418899948e+002 +2.3669e+000 -2.1541e+000 -4.8432e+000
984 0 +5.603488660e-007 -1.418899994e+002 -1.418899994e+002 +2.3671e+000 -2.1540e+000 -4.8428e+000
994 0 +5.562475280e-008 -1.418899999e+002 -1.418899999e+002 +2.3670e+000 -2.1540e+000 -4.8428e+000
1058 0 +2.566068247e-008 -1.418900000e+002 -1.418900000e+002 +2.3670e+000 -2.1540e+000 -4.8428e+000
1096 0 +1.899582003e-008 -1.418900000e+002 -1.418900000e+002 +2.3670e+000 -2.1540e+000 -4.8427e+000
1109 0 +1.631053692e-008 -1.418900000e+002 -1.418900000e+002 +2.3670e+000 -2.1540e+000 -4.8428e+000
1112 0 +1.384412940e-008 -1.418900000e+002 -1.418900000e+002 +2.3670e+000 -2.1540e+000 -4.8428e+000
1114 0 +4.277183052e-010 -1.418900000e+002 -1.418900000e+002 +2.3670e+000 -2.1540e+000 -4.8428e+000
% f evaluations | g evaluations | best noise-free fitness - Fopt (1.095700000000e+002) + sum g_i+ | measured fitness | best measured fitness or single-digit g-values | x1 | x2...
1 0 +9.563763110e+001 +2.052076311e+002 +2.052076311e+002 -2.1745e+000 -4.8158e+000 -1.7743e+000
2 0 +2.326857848e+001 +1.328385785e+002 +1.328385785e+002 +3.7694e+000 +3.4125e+000 +2.0949e+000
7 0 +1.518522717e+001 +1.247552272e+002 +1.247552272e+002 -8.1348e-001 -1.6353e+000 -2.0768e+000
27 0 +1.432511453e+001 +1.238951145e+002 +1.238951145e+002 -1.0996e+000 -1.4327e+000 -1.9957e+000
42 0 +1.226765268e+001 +1.218376527e+002 +1.218376527e+002 -2.1394e+000 +6.6674e-001 +1.1948e-001
44 0 +3.360993689e+000 +1.129309937e+002 +1.129309937e+002 -1.9774e+000 -1.8962e+000 -1.7863e+000
365 0 +2.563479550e+000 +1.121334795e+002 +1.121334795e+002 -2.8593e+000 -3.0433e+000 -5.7068e-001
413 0 +2.431278831e+000 +1.120012788e+002 +1.120012788e+002 -2.8575e+000 -3.0437e+000 -5.7010e-001
423 0 +2.130429328e+000 +1.117004293e+002 +1.117004293e+002 -2.8111e+000 -3.0448e+000 -3.0808e-001
507 0 +1.939180608e+000 +1.115091806e+002 +1.115091806e+002 -2.8140e+000 -3.0448e+000 -3.0683e-001
579 0 +1.506960643e+000 +1.110769606e+002 +1.110769606e+002 -2.7418e+000 -3.0448e+000 -2.8754e-001
640 0 +4.074137464e-001 +1.099774137e+002 +1.099774137e+002 -2.4658e+000 -2.8340e+000 -4.6746e-001
796 0 +3.967715695e-001 +1.099667716e+002 +1.099667716e+002 -2.4711e+000 -2.8403e+000 -4.6104e-001
861 0 +2.315698541e-001 +1.098015699e+002 +1.098015699e+002 +1.5536e+000 +7.2551e-001 -4.1241e+000
981 0 +1.955999499e-001 +1.097655999e+002 +1.097655999e+002 +1.5580e+000 +7.2685e-001 -4.1224e+000
1228 0 +1.021098135e-001 +1.096721098e+002 +1.096721098e+002 -2.6188e+000 -2.8938e+000 -4.3308e-001
1527 0 +8.756640086e-002 +1.096575664e+002 +1.096575664e+002 -2.7626e+000 -2.9740e+000 -4.1093e-001
1573 0 +5.755240924e-002 +1.096275524e+002 +1.096275524e+002 -1.0996e+000 -1.6846e+000 -1.6891e+000
1723 0 +1.646480179e-002 +1.095864648e+002 +1.095864648e+002 -1.1367e+000 -1.6935e+000 -1.6886e+000
2346 0 +1.519514278e-002 +1.095851951e+002 +1.095851951e+002 -2.6707e+000 -2.9334e+000 -4.1377e-001
2348 0 +1.431129362e-002 +1.095843113e+002 +1.095843113e+002 -2.7210e+000 -2.9496e+000 -3.9529e-001
2361 0 +1.043092479e-002 +1.095804309e+002 +1.095804309e+002 -2.5994e+000 -2.9015e+000 -4.3279e-001
2406 0 +4.484667558e-003 +1.095744847e+002 +1.095744847e+002 -2.6416e+000 -2.9223e+000 -4.2499e-001
2476 0 +3.240317009e-003 +1.095732403e+002 +1.095732403e+002 -2.6126e+000 -2.9098e+000 -4.3732e-001
2505 0 +3.162007834e-003 +1.095731620e+002 +1.095731620e+002 -2.6675e+000 -2.9298e+000 -4.1693e-001
2597 0 +2.083201561e-003 +1.095720832e+002 +1.095720832e+002 -2.6274e+000 -2.9139e+000 -4.2714e-001
2621 0 +1.569507184e-003 +1.095715695e+002 +1.095715695e+002 -2.6325e+000 -2.9172e+000 -4.2714e-001
2669 0 +1.244175280e-003 +1.095712442e+002 +1.095712442e+002 -2.6347e+000 -2.9184e+000 -4.2714e-001
2754 0 +1.204484650e-003 +1.095712045e+002 +1.095712045e+002 -2.6287e+000 -2.9150e+000 -4.2783e-001
2761 0 +9.710913443e-004 +1.095709711e+002 +1.095709711e+002 -2.6315e+000 -2.9175e+000 -4.2922e-001
2770 0 +5.062242347e-004 +1.095705062e+002 +1.095705062e+002 -2.6378e+000 -2.9193e+000 -4.2802e-001
2771 0 +2.909422170e-004 +1.095702909e+002 +1.095702909e+002 -2.6318e+000 -2.9159e+000 -4.2871e-001
2794 0 +1.880276556e-004 +1.095701880e+002 +1.095701880e+002 -2.6368e+000 -2.9187e+000 -4.2802e-001
2806 0 +1.011791453e-004 +1.095701012e+002 +1.095701012e+002 -2.6349e+000 -2.9178e+000 -4.2929e-001
2811 0 +4.759044779e-005 +1.095700476e+002 +1.095700476e+002 -2.6358e+000 -2.9178e+000 -4.2884e-001
2835 0 +1.232393757e-005 +1.095700123e+002 +1.095700123e+002 -2.6335e+000 -2.9171e+000 -4.2990e-001
2852 0 +7.229871230e-006 +1.095700072e+002 +1.095700072e+002 -2.6332e+000 -2.9170e+000 -4.2983e-001
2912 0 +6.049321470e-006 +1.095700060e+002 +1.095700060e+002 -2.6334e+000 -2.9170e+000 -4.2963e-001
2938 0 +3.918753279e-006 +1.095700039e+002 +1.095700039e+002 -2.6336e+000 -2.9171e+000 -4.2965e-001
2943 0 +3.172165833e-006 +1.095700032e+002 +1.095700032e+002 -2.6342e+000 -2.9173e+000 -4.2955e-001
2950 0 +6.585021879e-007 +1.095700007e+002 +1.095700007e+002 -2.6334e+000 -2.9170e+000 -4.2988e-001
2978 0 +5.967793015e-007 +1.095700006e+002 +1.095700006e+002 -2.6334e+000 -2.9169e+000 -4.2981e-001
3006 0 +5.176981830e-007 +1.095700005e+002 +1.095700005e+002 -2.6334e+000 -2.9169e+000 -4.2983e-001
3009 0 +2.912516521e-007 +1.095700003e+002 +1.095700003e+002 -2.6336e+000 -2.9170e+000 -4.2979e-001
3017 0 +1.396205676e-007 +1.095700001e+002 +1.095700001e+002 -2.6334e+000 -2.9170e+000 -4.2982e-001
3065 0 +3.027253115e-009 +1.095700000e+002 +1.095700000e+002 -2.6334e+000 -2.9170e+000 -4.2983e-001
% f evaluations | g evaluations | best noise-free fitness - Fopt (7.836000000000e+001) + sum g_i+ | measured fitness | best measured fitness or single-digit g-values | x1 | x2...
1 0 +1.040900847e+002 +1.824500847e+002 +1.824500847e+002 +2.7471e+000 +3.6337e+000 -2.2145e+000
2 0 +6.544144360e+001 +1.438014436e+002 +1.438014436e+002 +4.7638e+000 +3.7098e+000 +4.9127e+000
6 0 +5.523650028e+001 +1.335965003e+002 +1.335965003e+002 +4.5939e+000 -4.3883e+000 +1.9351e+000
7 0 +2.457713781e+001 +1.029371378e+002 +1.029371378e+002 +3.5067e+000 +4.6074e-001 +1.0943e+000
25 0 +1.941701951e+001 +9.777701951e+001 +9.777701951e+001 +3.0640e+000 +1.4651e+000 -2.6539e+000
43 0 +4.001642487e+000 +8.236164249e+001 +8.236164249e+001 +2.2217e+000 -1.3308e+000 -3.1747e+000
51 0 +1.122778512e+000 +7.948277851e+001 +7.948277851e+001 +2.3257e+000 +2.5047e+000 -1.6516e+000
259 0 +4.609722261e-001 +7.882097223e+001 +7.882097223e+001 +2.2224e+000 -1.1679e+000 -3.1250e+000
413 0 +2.701208993e-001 +7.863012090e+001 +7.863012090e+001 +2.3297e+000 -1.2485e+000 -3.1302e+000
425 0 +2.444993952e-002 +7.838444994e+001 +7.838444994e+001 +2.4143e+000 -1.2836e+000 -3.1588e+000
605 0 +2.169139249e-002 +7.838169139e+001 +7.838169139e+001 +2.4325e+000 -1.2885e+000 -3.1614e+000
859 0 +1.811460395e-002 +7.837811460e+001 +7.837811460e+001 +2.4235e+000 -1.2774e+000 -3.1592e+000
879 0 +1.490068501e-002 +7.837490069e+001 +7.837490069e+001 +2.3959e+000 -1.2641e+000 -3.1572e+000
881 0 +1.310283834e-002 +7.837310284e+001 +7.837310284e+001 +2.4326e+000 -1.2885e+000 -3.1624e+000
883 0 +1.165140983e-002 +7.837165141e+001 +7.837165141e+001 +2.4015e+000 -1.2774e+000 -3.1601e+000
907 0 +1.025941020e-002 +7.837025941e+001 +7.837025941e+001 +2.3967e+000 -1.2743e+000 -3.1590e+000
913 0 +7.875685362e-003 +7.836787569e+001 +7.836787569e+001 +2.4098e+000 -1.2672e+000 -3.1552e+000
918 0 +6.891773604e-003 +7.836689177e+001 +7.836689177e+001 +2.3966e+000 -1.2717e+000 -3.1513e+000
941 0 +1.861745615e-003 +7.836186175e+001 +7.836186175e+001 +2.4120e+000 -1.2778e+000 -3.1602e+000
956 0 +1.703521066e-004 +7.836017035e+001 +7.836017035e+001 +2.3981e+000 -1.2676e+000 -3.1531e+000
973 0 +4.094974500e-005 +7.836004095e+001 +7.836004095e+001 +2.4013e+000 -1.2684e+000 -3.1531e+000
1049 0 +7.958801902e-006 +7.836000796e+001 +7.836000796e+001 +2.4013e+000 -1.2691e+000 -3.1537e+000
1094 0 +3.084304836e-006 +7.836000308e+001 +7.836000308e+001 +2.4008e+000 -1.2685e+000 -3.1532e+000
1158 0 +3.009848612e-006 +7.836000301e+001 +7.836000301e+001 +2.4009e+000 -1.2687e+000 -3.1534e+000
1162 0 +8.892643137e-007 +7.836000089e+001 +7.836000089e+001 +2.4007e+000 -1.2683e+000 -3.1531e+000
1168 0 +7.698048421e-008 +7.836000008e+001 +7.836000008e+001 +2.4008e+000 -1.2684e+000 -3.1531e+000
1193 0 +7.420013048e-009 +7.836000001e+001 +7.836000001e+001 +2.4007e+000 -1.2683e+000 -3.1531e+000
% f evaluations | g evaluations | best noise-free fitness - Fopt (1.140900000000e+002) + sum g_i+ | measured fitness | best measured fitness or single-digit g-values | x1 | x2...
1 0 +1.149287554e+002 +2.290187554e+002 +2.290187554e+002 -4.8672e+000 -4.2357e+000 -3.3773e+000
6 0 +5.632252041e+001 +1.704125204e+002 +1.704125204e+002 -9.2551e-001 +3.7041e+000 +1.2737e+000
7 0 +4.500815274e+001 +1.590981527e+002 +1.590981527e+002 +9.5095e-001 +1.3780e+000 -7.6260e-002
8 0 +1.963561077e+001 +1.337256108e+002 +1.337256108e+002 -5.0000e+000 +1.6551e+000 +9.4148e-001
19 0 +7.516379130e+000 +1.216063791e+002 +1.216063791e+002 -2.9885e+000 +1.3780e+000 -7.6260e-002
116 0 +4.300301773e+000 +1.183903018e+002 +1.183903018e+002 -4.1923e+000 +2.4122e+000 -2.8432e+000
295 0 +4.515799603e-001 +1.145415800e+002 +1.145415800e+002 -2.3862e+000 +2.3049e+000 +3.8839e-001
664 0 +2.523298386e-001 +1.143423298e+002 +1.143423298e+002 -2.3812e+000 +2.3336e+000 +3.8021e-001
781 0 +1.953222460e-001 +1.142853222e+002 +1.142853222e+002 -2.3808e+000 +2.3350e+000 +3.7967e-001
793 0 +1.605849996e-001 +1.142505850e+002 +1.142505850e+002 -2.3637e+000 +2.2869e+000 +3.6650e-001
815 0 +6.083544211e-002 +1.141508354e+002 +1.141508354e+002 -2.3496e+000 +2.2445e+000 +3.5350e-001
817 0 +5.648260445e-002 +1.141464826e+002 +1.141464826e+002 -2.3445e+000 +2.2314e+000 +3.4621e-001
824 0 +5.322966261e-002 +1.141432297e+002 +1.141432297e+002 -2.3470e+000 +2.2268e+000 +3.3975e-001
837 0 +4.435707010e-002 +1.141343571e+002 +1.141343571e+002 -2.3315e+000 +2.2078e+000 +3.3195e-001
868 0 +2.814058162e-002 +1.141181406e+002 +1.141181406e+002 -2.3369e+000 +2.2136e+000 +3.3761e-001
880 0 +2.478603483e-002 +1.141147860e+002 +1.141147860e+002 -2.3386e+000 +2.2188e+000 +3.3978e-001
884 0 +1.888590999e-002 +1.141088859e+002 +1.141088859e+002 -2.3348e+000 +2.2113e+000 +3.3229e-001
908 0 +1.573732023e-002 +1.141057373e+002 +1.141057373e+002 -2.3284e+000 +2.2080e+000 +3.2517e-001
917 0 +7.306095936e-003 +1.140973061e+002 +1.140973061e+002 -2.3321e+000 +2.2106e+000 +3.2824e-001
1013 0 +6.845591374e-003 +1.140968456e+002 +1.140968456e+002 -2.3323e+000 +2.2103e+000 +3.2855e-001
1036 0 +6.729557586e-003 +1.140967296e+002 +1.140967296e+002 -2.3323e+000 +2.2105e+000 +3.2845e-001
1063 0 +6.378494203e-003 +1.140963785e+002 +1.140963785e+002 -2.3320e+000 +2.2100e+000 +3.2814e-001
1064 0 +5.838897444e-003 +1.140958389e+002 +1.140958389e+002 -2.3320e+000 +2.2100e+000 +3.2809e-001
1082 0 +4.995831194e-003 +1.140949958e+002 +1.140949958e+002 -2.3323e+000 +2.2102e+000 +3.2833e-001
1212 0 +4.738281971e-003 +1.140947383e+002 +1.140947383e+002 -2.3322e+000 +2.2101e+000 +3.2820e-001
1238 0 +4.666758831e-003 +1.140946668e+002 +1.140946668e+002 -2.3322e+000 +2.2100e+000 +3.2818e-001
1345 0 +4.569660452e-003 +1.140945697e+002 +1.140945697e+002 -2.3322e+000 +2.2101e+000 +3.2820e-001
3289 0 +3.355165266e-003 +1.140933552e+002 +1.140933552e+002 +4.4124e-001 -2.0434e+000 -3.8390e+000
3485 0 +1.763404007e-003 +1.140917634e+002 +1.140917634e+002 +4.3684e-001 -2.0402e+000 -3.8323e+000
3602 0 +5.211344988e-004 +1.140905211e+002 +1.140905211e+002 -3.4321e+000 -4.6339e+000 -4.8716e+000
3648 0 +4.589652157e-004 +1.140904590e+002 +1.140904590e+002 -3.4310e+000 -4.6341e+000 -4.8740e+000
3706 0 +4.137812003e-004 +1.140904138e+002 +1.140904138e+002 -3.4305e+000 -4.6347e+000 -4.8741e+000
3712 0 +2.968441021e-004 +1.140902968e+002 +1.140902968e+002 -3.4318e+000 -4.6336e+000 -4.8722e+000
3726 0 +2.684343137e-004 +1.140902684e+002 +1.140902684e+002 -3.4319e+000 -4.6333e+000 -4.8722e+000
3763 0 +4.389343079e-005 +1.140900439e+002 +1.140900439e+002 -3.4322e+000 -4.6321e+000 -4.8718e+000
3771 0 +1.623165086e-005 +1.140900162e+002 +1.140900162e+002 -3.4328e+000 -4.6315e+000 -4.8708e+000
3831 0 +8.777534674e-006 +1.140900088e+002 +1.140900088e+002 -3.4333e+000 -4.6306e+000 -4.8702e+000
3855 0 +7.879235596e-006 +1.140900079e+002 +1.140900079e+002 -3.4329e+000 -4.6312e+000 -4.8707e+000
3866 0 +7.743512072e-007 +1.140900008e+002 +1.140900008e+002 -3.4330e+000 -4.6309e+000 -4.8705e+000
3885 0 +3.363873162e-007 +1.140900003e+002 +1.140900003e+002 -3.4332e+000 -4.6309e+000 -4.8703e+000
3985 0 +1.155069782e-007 +1.140900001e+002 +1.140900001e+002 -3.4332e+000 -4.6308e+000 -4.8702e+000
4026 0 +2.399046650e-008 +1.140900000e+002 +1.140900000e+002 -3.4332e+000 -4.6308e+000 -4.8703e+000
4045 0 +8.419931419e-011 +1.140900000e+002 +1.140900000e+002 -3.4332e+000 -4.6308e+000 -4.8703e+000
% f evaluations | g evaluations | best noise-free fitness - Fopt (-5.445900000000e+002) + sum g_i+ | measured fitness | best measured fitness or single-digit g-values | x1 | x2...
1 0 +7.741923972e+001 -4.671707603e+002 -4.671707603e+002 -1.8245e+000 -4.2993e+000 +9.0110e-001
2 0 +4.480181301e+001 -4.997881870e+002 -4.997881870e+002 -9.3184e-001 -3.4885e+000 +1.6128e-001
9 0 +9.965985851e+000 -5.346240141e+002 -5.346240141e+002 +9.4229e-001 +2.2949e+000 +2.8185e+000
23 0 +4.313515253e+000 -5.402764847e+002 -5.402764847e+002 +2.2553e+000 -1.9043e-001 +2.7936e+000
251 0 +6.347120937e-001 -5.439552879e+002 -5.439552879e+002 +2.2553e+000 -3.1329e-001 +2.8308e+000
515 0 +6.149678342e-001 -5.439750322e+002 -5.439750322e+002 +2.2591e+000 -3.7138e-001 +2.9240e+000
587 0 +4.468221337e-001 -5.441431779e+002 -5.441431779e+002 +2.2089e+000 -2.7043e-001 +2.9248e+000
738 0 +2.045312491e-002 -5.445695469e+002 -5.445695469e+002 +2.1506e+000 -1.1499e-001 +2.7808e+000
797 0 +8.486447570e-003 -5.445815136e+002 -5.445815136e+002 +2.1362e+000 -7.1332e-002 +2.7698e+000
863 0 +4.778505188e-003 -5.445852215e+002 -5.445852215e+002 +2.1441e+000 -9.1065e-002 +2.7808e+000
900 0 +2.812927870e-003 -5.445871871e+002 -5.445871871e+002 +2.1442e+000 -9.0836e-002 +2.7811e+000
909 0 +1.348041515e-003 -5.445886520e+002 -5.445886520e+002 +2.1467e+000 -9.4517e-002 +2.7770e+000
913 0 +9.117955329e-004 -5.445890882e+002 -5.445890882e+002 +2.1509e+000 -1.0216e-001 +2.7803e+000
925 0 +4.260099322e-004 -5.445895740e+002 -5.445895740e+002 +2.1510e+000 -1.0200e-001 +2.7805e+000
927 0 +4.480371888e-005 -5.445899552e+002 -5.445899552e+002 +2.1486e+000 -9.7567e-002 +2.7808e+000
979 0 +3.421959150e-005 -5.445899658e+002 -5.445899658e+002 +2.1479e+000 -9.5256e-002 +2.7805e+000
1005 0 +2.667483977e-005 -5.445899733e+002 -5.445899733e+002 +2.1482e+000 -9.6489e-002 +2.7804e+000
1022 0 +1.677101477e-005 -5.445899832e+002 -5.445899832e+002 +2.1478e+000 -9.5704e-002 +2.7806e+000
1030 0 +1.243185193e-005 -5.445899876e+002 -5.445899876e+002 +2.1485e+000 -9.7191e-002 +2.7809e+000
1060 0 +8.587212960e-006 -5.445899914e+002 -5.445899914e+002 +2.1484e+000 -9.6907e-002 +2.7809e+000
1075 0 +8.129072512e-006 -5.445899919e+002 -5.445899919e+002 +2.1482e+000 -9.6298e-002 +2.7806e+000
1087 0 +5.601075145e-006 -5.445899944e+002 -5.445899944e+002 +2.1484e+000 -9.6975e-002 +2.7812e+000
1105 0 +3.983571901e-006 -5.445899960e+002 -5.445899960e+002 +2.1480e+000 -9.6124e-002 +2.7807e+000
1132 0 +1.106756031e-006 -5.445899989e+002 -5.445899989e+002 +2.1482e+000 -9.6348e-002 +2.7806e+000
1152 0 +6.940189223e-007 -5.445899993e+002 -5.445899993e+002 +2.1482e+000 -9.6564e-002 +2.7808e+000
1193 0 +6.270724953e-007 -5.445899994e+002 -5.445899994e+002 +2.1482e+000 -9.6463e-002 +2.7807e+000
1219 0 +5.467821893e-007 -5.445899995e+002 -5.445899995e+002 +2.1482e+000 -9.6480e-002 +2.7808e+000
1223 0 +8.667711882e-008 -5.445899999e+002 -5.445899999e+002 +2.1482e+000 -9.6394e-002 +2.7807e+000
1237 0 +7.332153018e-008 -5.445899999e+002 -5.445899999e+002 +2.1482e+000 -9.6408e-002 +2.7807e+000
1243 0 +2.066008165e-008 -5.445900000e+002 -5.445900000e+002 +2.1482e+000 -9.6391e-002 +2.7807e+000
1287 0 +7.574271876e-009 -5.445900000e+002 -5.445900000e+002 +2.1482e+000 -9.6384e-002 +2.7807e+000
