% f evaluations | g evaluations | best noise-free fitness - Fopt (7.627000000000e+001) + sum g_i+ | measured fitness | best measured fitness or single-digit g-values | x1 | x2...
1 0 +6.548743901e+006 +6.548820171e+006 +6.548820171e+006 +3.0317e-001 +1.2594e+000 -3.3761e+000
2 0 +3.367995554e+006 +3.368071824e+006 +3.368071824e+006 +1.9860e+000 -1.0061e+000 -1.8353e+000
9 0 +2.673775924e+005 +2.674538624e+005 +2.674538624e+005 -2.7053e+000 -1.1316e+000 -5.0000e+000
18 0 +1.066523170e+005 +1.067285870e+005 +1.067285870e+005 -4.5542e+000 -4.2350e+000 +4.5907e-001
42 0 +6.760621851e+004 +6.768248851e+004 +6.768248851e+004 -4.5651e+000 -1.6655e+000 -2.4385e+000
44 0 +3.931104243e+002 +4.693804243e+002 +4.693804243e+002 -1.3991e+000 -1.8442e+000 -3.2189e+000
48 0 +1.018949530e+002 +1.781649530e+002 +1.781649530e+002 -1.2848e-001 -1.0167e+000 -4.6924e+000
80 0 +1.421912595e+001 +9.048912595e+001 +9.048912595e+001 -1.1382e+000 -1.8051e+000 -3.2919e+000
106 0 +5.832744804e+000 +8.210274480e+001 +8.210274480e+001 -6.1582e-001 -2.0124e+000 -3.0537e+000
123 0 +2.638712427e+000 +7.890871243e+001 +7.890871243e+001 -8.8877e-001 -2.3080e+000 -2.5522e+000
137 0 +1.061870288e+000 +7.733187029e+001 +7.733187029e+001 -4.8689e-001 -2.7096e+000 -2.0006e+000
170 0 +5.619701664e-001 +7.683197017e+001 +7.683197017e+001 -4.8449e-001 -2.9165e+000 -1.6800e+000
172 0 +5.360856658e-001 +7.680608567e+001 +7.680608567e+001 -3.5051e-001 -2.9754e+000 -1.6131e+000
184 0 +4.956317623e-001 +7.676563176e+001 +7.676563176e+001 -2.0000e-001 -3.1421e+000 -1.3808e+000
208 0 +3.540047527e-001 +7.662400475e+001 +7.662400475e+001 -5.2703e-001 -2.9458e+000 -1.6286e+000
214 0 +2.728737734e-001 +7.654287377e+001 +7.654287377e+001 -5.8249e-001 -2.9618e+000 -1.5942e+000
220 0 +2.360491057e-001 +7.650604911e+001 +7.650604911e+001 -6.9475e-001 -2.9564e+000 -1.5833e+000
221 0 +1.250480019e-001 +7.639504800e+001 +7.639504800e+001 -6.7466e-001 -3.0539e+000 -1.4361e+000
225 0 +6.847785029e-002 +7.633847785e+001 +7.633847785e+001 -7.8970e-001 -3.0614e+000 -1.4053e+000
228 0 +4.763698403e-002 +7.631763698e+001 +7.631763698e+001 -1.0346e+000 -3.0503e+000 -1.3809e+000
239 0 +3.782665288e-002 +7.630782665e+001 +7.630782665e+001 -7.9287e-001 -3.1626e+000 -1.2485e+000
241 0 +3.669005778e-002 +7.630669006e+001 +7.630669006e+001 -7.9576e-001 -3.1452e+000 -1.2749e+000
258 0 +1.629537977e-002 +7.628629538e+001 +7.628629538e+001 -8.9128e-001 -3.0952e+000 -1.3357e+000
274 0 +1.149626111e-002 +7.628149626e+001 +7.628149626e+001 -8.9860e-001 -3.1932e+000 -1.1832e+000
284 0 +2.077442512e-003 +7.627207744e+001 +7.627207744e+001 -9.3032e-001 -3.1509e+000 -1.2429e+000
309 0 +7.793813508e-004 +7.627077938e+001 +7.627077938e+001 -9.3434e-001 -3.1425e+000 -1.2553e+000
317 0 +3.904359991e-004 +7.627039044e+001 +7.627039044e+001 -9.5440e-001 -3.1459e+000 -1.2466e+000
327 0 +5.733136938e-005 +7.627005733e+001 +7.627005733e+001 -9.3176e-001 -3.1529e+000 -1.2396e+000
341 0 +2.471807699e-005 +7.627002472e+001 +7.627002472e+001 -9.3448e-001 -3.1495e+000 -1.2444e+000
360 0 +6.326757685e-006 +7.627000633e+001 +7.627000633e+001 -9.3801e-001 -3.1514e+000 -1.2409e+000
384 0 +1.256981548e-006 +7.627000126e+001 +7.627000126e+001 -9.3754e-001 -3.1503e+000 -1.2427e+000
418 0 +9.509804499e-007 +7.627000095e+001 +7.627000095e+001 -9.3820e-001 -3.1499e+000 -1.2432e+000
427 0 +8.211542024e-008 +7.627000008e+001 +7.627000008e+001 -9.3832e-001 -3.1505e+000 -1.2423e+000
436 0 +7.513291678e-008 +7.627000008e+001 +7.627000008e+001 -9.3838e-001 -3.1503e+000 -1.2425e+000
449 0 +2.425230150e-008 +7.627000002e+001 +7.627000002e+001 -9.3836e-001 -3.1503e+000 -1.2425e+000
461 0 +7.970527349e-009 +7.627000001e+001 +7.627000001e+001 -9.3845e-001 -3.1504e+000 -1.2424e+000
% f evaluations | g evaluations | best noise-free fitness - Fopt (-2.255000000000e+001) + sum g_i+ | measured fitness | best measured fitness or single-digit g-values | x1 | x2...
1 0 +4.522284618e+007 +4.522282363e+007 +4.522282363e+007 -4.5085e+000 -1.2485e-001 +5.1317e-001
2 0 +6.054584562e+006 +6.054562012e+006 +6.054562012e+006 -7.8737e-001 +2.2642e+000 -3.1333e+000
4 0 +1.807204785e+005 +1.806979285e+005 +1.806979285e+005 +3.1955e+000 -1.3744e+000 +4.3399e+000
9 0 +3.309140695e+004 +3.306885695e+004 +3.306885695e+004 +2.1685e+000 +1.9704e-001 -5.0000e+000
11 0 +3.847533574e+003 +3.824983574e+003 +3.824983574e+003 +2.0636e+000 +1.4197e+000 -3.1715e+000
30 0 +9.922050051e+002 +9.696550051e+002 +9.696550051e+002 +2.3171e+000 +1.0703e+000 -1.6402e+000
55 0 +1.817543782e+002 +1.592043782e+002 +1.592043782e+002 +2.3758e+000 +8.6886e-001 -1.3584e+000
66 0 +1.627432170e+002 +1.401932170e+002 +1.401932170e+002 +2.6044e+000 +1.4813e+000 +1.3123e+000
95 0 +9.615483540e+001 +7.360483540e+001 +7.360483540e+001 +2.3031e+000 +1.1311e+000 -1.4700e+000
99 0 +3.256884192e+001 +1.001884192e+001 +1.001884192e+001 +2.7017e+000 +1.2084e+000 +1.5570e+000
147 0 +2.427822777e+001 +1.728227765e+000 +1.728227765e+000 +2.7578e+000 +1.4959e+000 +2.3577e+000
154 0 +3.231109779e+000 -1.931889022e+001 -1.931889022e+001 +2.8076e+000 +1.2794e+000 +2.3611e+000
181 0 +2.395948607e+000 -2.015405139e+001 -2.015405139e+001 +2.8941e+000 +1.4196e+000 +3.1774e+000
207 0 +1.965917958e+000 -2.058408204e+001 -2.058408204e+001 +2.8135e+000 +1.4674e+000 +2.6855e+000
253 0 +1.765506222e+000 -2.078449378e+001 -2.078449378e+001 +2.8242e+000 +1.2719e+000 +2.4741e+000
267 0 +1.641503541e+000 -2.090849646e+001 -2.090849646e+001 +2.8258e+000 +1.6314e+000 +2.9944e+000
268 0 +1.387207277e+000 -2.116279272e+001 -2.116279272e+001 +2.8330e+000 +1.5601e+000 +2.9463e+000
275 0 +1.346245862e+000 -2.120375414e+001 -2.120375414e+001 +2.8295e+000 +1.5199e+000 +2.8644e+000
284 0 +1.292443664e+000 -2.125755634e+001 -2.125755634e+001 +2.7993e+000 +1.4047e+000 +2.4885e+000
287 0 +1.151367360e+000 -2.139863264e+001 -2.139863264e+001 +2.7983e+000 +1.6152e+000 +2.7781e+000
290 0 +1.100865998e+000 -2.144913400e+001 -2.144913400e+001 +2.7926e+000 +1.5003e+000 +2.5763e+000
292 0 +9.952563937e-001 -2.155474361e+001 -2.155474361e+001 +2.8034e+000 +1.6723e+000 +2.8981e+000
305 0 +9.693296016e-001 -2.158067040e+001 -2.158067040e+001 +2.7939e+000 +1.5700e+000 +2.6871e+000
319 0 +9.165630523e-001 -2.163343695e+001 -2.163343695e+001 +2.7937e+000 +1.7155e+000 +2.8907e+000
323 0 +9.018048022e-001 -2.164819520e+001 -2.164819520e+001 +2.7961e+000 +1.8301e+000 +3.0708e+000
325 0 +6.686887176e-001 -2.188131128e+001 -2.188131128e+001 +2.7692e+000 +1.8184e+000 +2.8643e+000
336 0 +6.299059546e-001 -2.192009405e+001 -2.192009405e+001 +2.7646e+000 +1.9438e+000 +3.0097e+000
337 0 +4.729337641e-001 -2.207706624e+001 -2.207706624e+001 +2.7300e+000 +1.9879e+000 +2.8272e+000
359 0 +4.618284681e-001 -2.208817153e+001 -2.208817153e+001 +2.7314e+000 +1.9976e+000 +2.8512e+000
361 0 +3.956957161e-001 -2.215430428e+001 -2.215430428e+001 +2.6853e+000 +2.2150e+000 +2.8336e+000
370 0 +3.837488292e-001 -2.216625117e+001 -2.216625117e+001 +2.6885e+000 +2.1316e+000 +2.7377e+000
373 0 +3.204383049e-001 -2.222956170e+001 -2.222956170e+001 +2.6854e+000 +2.1871e+000 +2.7953e+000
385 0 +2.689611743e-001 -2.228103883e+001 -2.228103883e+001 +2.6593e+000 +2.2329e+000 +2.6758e+000
396 0 +2.155067229e-001 -2.233449328e+001 -2.233449328e+001 +2.6575e+000 +2.2153e+000 +2.6389e+000
397 0 +2.063701285e-001 -2.234362987e+001 -2.234362987e+001 +2.6503e+000 +2.3000e+000 +2.7076e+000
415 0 +1.040665152e-001 -2.244593348e+001 -2.244593348e+001 +2.6204e+000 +2.3665e+000 +2.5917e+000
423 0 +7.770640405e-002 -2.247229360e+001 -2.247229360e+001 +2.5991e+000 +2.4641e+000 +2.5796e+000
433 0 +5.317588361e-002 -2.249682412e+001 -2.249682412e+001 +2.5619e+000 +2.6343e+000 +2.5588e+000
439 0 +4.477048431e-002 -2.250522952e+001 -2.250522952e+001 +2.5877e+000 +2.4886e+000 +2.5348e+000
444 0 +3.294902610e-002 -2.251705097e+001 -2.251705097e+001 +2.5947e+000 +2.4517e+000 +2.5320e+000
445 0 +3.121867630e-002 -2.251878132e+001 -2.251878132e+001 +2.5790e+000 +2.5420e+000 +2.5488e+000
458 0 +2.052776615e-002 -2.252947223e+001 -2.252947223e+001 +2.5474e+000 +2.6729e+000 +2.5121e+000
463 0 +1.192785677e-002 -2.253807214e+001 -2.253807214e+001 +2.5656e+000 +2.5734e+000 +2.4991e+000
467 0 +9.005964841e-006 -2.254999099e+001 -2.254999099e+001 +2.5663e+000 +2.5782e+000 +2.5118e+000
573 0 +1.516849522e-006 -2.254999848e+001 -2.254999848e+001 +2.5658e+000 +2.5790e+000 +2.5098e+000
579 0 +3.734004999e-007 -2.254999963e+001 -2.254999963e+001 +2.5655e+000 +2.5802e+000 +2.5096e+000
595 0 +1.781081238e-008 -2.254999998e+001 -2.254999998e+001 +2.5656e+000 +2.5799e+000 +2.5096e+000
630 0 +1.488665902e-008 -2.254999999e+001 -2.254999999e+001 +2.5656e+000 +2.5799e+000 +2.5096e+000
642 0 +3.008121752e-009 -2.255000000e+001 -2.255000000e+001 +2.5656e+000 +2.5800e+000 +2.5096e+000
% f evaluations | g evaluations | best noise-free fitness - Fopt (1.366000000000e+001) + sum g_i+ | measured fitness | best measured fitness or single-digit g-values | x1 | x2...
1 0 +9.308249829e+006 +9.308263489e+006 +9.308263489e+006 -1.4354e+000 -1.1543e+000 -4.5636e+000
2 0 +1.286423680e+006 +1.286437340e+006 +1.286437340e+006 -2.7262e+000 +5.3158e-002 +1.2424e+000
3 0 +2.061764447e+005 +2.061901047e+005 +2.061901047e+005 -2.4108e-001 -4.5295e+000 -3.1183e+000
11 0 +1.597128198e+003 +1.610788198e+003 +1.610788198e+003 -3.6053e+000 -3.6951e-001 +3.3993e+000
12 0 +6.734062264e+002 +6.870662264e+002 +6.870662264e+002 -5.0000e+000 +1.3232e-001 +5.0000e+000
28 0 +4.413782821e+001 +5.779782821e+001 +5.779782821e+001 -2.8592e+000 -1.4354e+000 +1.5960e+000
133 0 +2.596156789e+001 +3.962156789e+001 +3.962156789e+001 -1.5965e+000 -1.7180e+000 +2.2966e-001
142 0 +2.413530191e+001 +3.779530191e+001 +3.779530191e+001 -2.0396e+000 -1.4696e+000 +8.6418e-001
156 0 +2.275523358e+001 +3.641523358e+001 +3.641523358e+001 -2.5182e+000 -1.2996e+000 +1.4431e+000
174 0 +1.917402595e+001 +3.283402595e+001 +3.283402595e+001 -2.3156e+000 -9.9280e-001 +1.5961e+000
189 0 +1.746000604e+001 +3.112000604e+001 +3.112000604e+001 -2.5790e+000 -6.2513e-001 +2.2032e+000
232 0 +1.650375226e+001 +3.016375226e+001 +3.016375226e+001 -2.6259e+000 -4.6525e-001 +2.4108e+000
258 0 +1.612291322e+001 +2.978291322e+001 +2.978291322e+001 -2.5890e+000 -4.2779e-001 +2.4186e+000
271 0 +1.583259518e+001 +2.949259518e+001 +2.949259518e+001 -2.5473e+000 -3.7361e-001 +2.4419e+000
282 0 +1.544129402e+001 +2.910129402e+001 +2.910129402e+001 -2.4741e+000 -4.3313e-001 +2.3169e+000
294 0 +1.512016386e+001 +2.878016386e+001 +2.878016386e+001 -2.5084e+000 -3.5653e-001 +2.4265e+000
347 0 +1.474961518e+001 +2.840961518e+001 +2.840961518e+001 -2.5010e+000 -2.8357e-001 +2.4971e+000
357 0 +1.415291984e+001 +2.781291984e+001 +2.781291984e+001 -2.4023e+000 -2.5706e-001 +2.4420e+000
369 0 +1.411525089e+001 +2.777525089e+001 +2.777525089e+001 -2.4034e+000 -2.2837e-001 +2.4733e+000
401 0 +1.376416151e+001 +2.742416151e+001 +2.742416151e+001 -2.3183e+000 -1.8832e-001 +2.4440e+000
472 0 +1.340632398e+001 +2.706632398e+001 +2.706632398e+001 -2.1679e+000 -2.3430e-001 +2.2690e+000
501 0 +1.318215691e+001 +2.684215691e+001 +2.684215691e+001 -1.9722e+000 -3.9699e-001 +1.9327e+000
645 0 +1.286030490e+001 +2.652030490e+001 +2.652030490e+001 -1.6932e+000 -4.5802e-001 +1.6336e+000
704 0 +1.257751172e+001 +2.623751172e+001 +2.623751172e+001 -1.7572e+000 -4.2019e-001 +1.7270e+000
732 0 +1.227228891e+001 +2.593228891e+001 +2.593228891e+001 -1.5888e+000 -4.4850e-001 +1.5552e+000
750 0 +1.199394025e+001 +2.565394025e+001 +2.565394025e+001 -1.3586e+000 -4.9473e-001 +1.3125e+000
773 0 +1.170402323e+001 +2.536402323e+001 +2.536402323e+001 -1.4358e+000 -4.5137e-001 +1.4228e+000
777 0 +1.136076144e+001 +2.502076144e+001 +2.502076144e+001 -1.4151e+000 -4.3026e-001 +1.4272e+000
783 0 +1.101954402e+001 +2.467954402e+001 +2.467954402e+001 -1.3255e+000 -4.2110e-001 +1.3610e+000
790 0 +1.095600125e+001 +2.461600125e+001 +2.461600125e+001 -1.3179e+000 -4.1429e-001 +1.3617e+000
827 0 +1.069449849e+001 +2.435449849e+001 +2.435449849e+001 -1.2373e+000 -3.5220e-001 +1.3580e+000
939 0 +1.046644128e+001 +2.412644128e+001 +2.412644128e+001 -1.2324e+000 -2.5037e-001 +1.4603e+000
1011 0 +1.018891847e+001 +2.384891847e+001 +2.384891847e+001 -1.1760e+000 -2.4902e-001 +1.4143e+000
1058 0 +9.997760788e+000 +2.365776079e+001 +2.365776079e+001 -1.1231e+000 -2.5358e-001 +1.3652e+000
1093 0 +9.757900086e+000 +2.341790009e+001 +2.341790009e+001 -1.1457e+000 -2.4874e-001 +1.3898e+000
1184 0 +9.532213713e+000 +2.319221371e+001 +2.319221371e+001 -1.0830e+000 -2.2642e-001 +1.3611e+000
1243 0 +9.332041343e+000 +2.299204134e+001 +2.299204134e+001 -9.8202e-001 -1.7789e-001 +1.3268e+000
1283 0 +9.117743871e+000 +2.277774387e+001 +2.277774387e+001 -8.9183e-001 -1.1652e-001 +1.3152e+000
1332 0 +8.838867779e+000 +2.249886778e+001 +2.249886778e+001 -9.4923e-001 -8.0687e-002 +1.4016e+000
1347 0 +8.682185855e+000 +2.234218586e+001 +2.234218586e+001 -8.7068e-001 -3.4619e-002 +1.3837e+000
1364 0 +8.508532349e+000 +2.216853235e+001 +2.216853235e+001 -8.1863e-001 +1.0062e-001 +1.4827e+000
1388 0 +8.197182455e+000 +2.185718246e+001 +2.185718246e+001 -6.9772e-001 +1.9958e-001 +1.4849e+000
1396 0 +8.004452034e+000 +2.166445203e+001 +2.166445203e+001 -5.2471e-001 +3.9788e-001 +1.5481e+000
1399 0 +7.835129458e+000 +2.149512946e+001 +2.149512946e+001 -5.4817e-001 +3.1838e-001 +1.4839e+000
1405 0 +7.682149715e+000 +2.134214971e+001 +2.134214971e+001 -3.8469e-001 +5.5422e-001 +1.5948e+000
1408 0 +7.293294046e+000 +2.095329405e+001 +2.095329405e+001 -3.6983e-001 +5.1553e-001 +1.5413e+000
1416 0 +7.043587846e+000 +2.070358785e+001 +2.070358785e+001 -3.4197e-001 +4.9778e-001 +1.4989e+000
1430 0 +6.784751044e+000 +2.044475104e+001 +2.044475104e+001 -3.3683e-001 +4.4541e-001 +1.4391e+000
1442 0 +5.056003146e+000 +1.871600315e+001 +1.871600315e+001 -2.1427e-001 +5.0429e-001 +1.3960e+000
1464 0 +4.948191990e+000 +1.860819199e+001 +1.860819199e+001 -1.6714e-001 +5.1894e-001 +1.3716e+000
1469 0 +4.474749027e+000 +1.813474903e+001 +1.813474903e+001 +3.4691e-002 +6.1870e-001 +1.3052e+000
1471 0 +4.185912943e+000 +1.784591294e+001 +1.784591294e+001 +9.9940e-003 +6.8169e-001 +1.3933e+000
1474 0 +4.007289950e+000 +1.766728995e+001 +1.766728995e+001 +1.9207e-001 +8.3722e-001 +1.4030e+000
1485 0 +3.962974660e+000 +1.762297466e+001 +1.762297466e+001 +2.9728e-001 +8.5317e-001 +1.3306e+000
1493 0 +3.753508897e+000 +1.741350890e+001 +1.741350890e+001 +3.8352e-001 +9.4968e-001 +1.3592e+000
1505 0 +3.111927108e+000 +1.677192711e+001 +1.677192711e+001 +5.8000e-001 +1.0672e+000 +1.3164e+000
1509 0 +2.891931098e+000 +1.655193110e+001 +1.655193110e+001 +7.5357e-001 +1.1885e+000 +1.2970e+000
1516 0 +2.803415601e+000 +1.646341560e+001 +1.646341560e+001 +5.9692e-001 +1.1286e+000 +1.3671e+000
1523 0 +2.465322417e+000 +1.612532242e+001 +1.612532242e+001 +8.4678e-001 +1.3641e+000 +1.4034e+000
1557 0 +2.379869118e+000 +1.603986912e+001 +1.603986912e+001 +9.6686e-001 +1.4271e+000 +1.3681e+000
1563 0 +2.310610638e+000 +1.597061064e+001 +1.597061064e+001 +9.4258e-001 +1.4325e+000 +1.3944e+000
1566 0 +2.202906651e+000 +1.586290665e+001 +1.586290665e+001 +9.9910e-001 +1.5048e+000 +1.4228e+000
1588 0 +2.160863043e+000 +1.582086304e+001 +1.582086304e+001 +1.0205e+000 +1.5516e+000 +1.4541e+000
1600 0 +2.120979193e+000 +1.578097919e+001 +1.578097919e+001 +1.1323e+000 +1.6329e+000 +1.4451e+000
1615 0 +2.060963777e+000 +1.572096378e+001 +1.572096378e+001 +1.2018e+000 +1.7396e+000 +1.4983e+000
1628 0 +1.989806098e+000 +1.564980610e+001 +1.564980610e+001 +1.1662e+000 +1.7998e+000 +1.5917e+000
1637 0 +1.944905140e+000 +1.560490514e+001 +1.560490514e+001 +1.0625e+000 +1.7494e+000 +1.6262e+000
1642 0 +1.822405499e+000 +1.548240550e+001 +1.548240550e+001 +1.0970e+000 +1.8454e+000 +1.6979e+000
1646 0 +1.580599289e+000 +1.524059929e+001 +1.524059929e+001 +1.1535e+000 +1.9895e+000 +1.8016e+000
1647 0 +1.491322005e+000 +1.515132201e+001 +1.515132201e+001 +1.1206e+000 +1.9725e+000 +1.8115e+000
1650 0 +9.058420177e-001 +1.456584202e+001 +1.456584202e+001 +1.1001e+000 +2.0955e+000 +1.9579e+000
1658 0 +8.032183788e-001 +1.446321838e+001 +1.446321838e+001 +1.0964e+000 +2.1260e+000 +1.9932e+000
1661 0 +6.495398150e-001 +1.430953981e+001 +1.430953981e+001 +1.0640e+000 +2.1945e+000 +2.0925e+000
1668 0 +5.584065753e-001 +1.421840658e+001 +1.421840658e+001 +1.0512e+000 +2.4563e+000 +2.3782e+000
1678 0 +5.070209660e-001 +1.416702097e+001 +1.416702097e+001 +1.0331e+000 +2.5095e+000 +2.4494e+000
1745 0 +4.991697060e-001 +1.415916971e+001 +1.415916971e+001 +1.0410e+000 +2.4966e+000 +2.4291e+000
1804 0 +4.832770146e-001 +1.414327701e+001 +1.414327701e+001 +1.0317e+000 +2.5009e+000 +2.4414e+000
1806 0 +4.567192448e-001 +1.411671924e+001 +1.411671924e+001 +1.0240e+000 +2.4976e+000 +2.4443e+000
1811 0 +4.454194159e-001 +1.410541942e+001 +1.410541942e+001 +1.0215e+000 +2.4659e+000 +2.4130e+000
1834 0 +4.296874430e-001 +1.408968744e+001 +1.408968744e+001 +1.0078e+000 +2.4613e+000 +2.4198e+000
1847 0 +4.086966854e-001 +1.406869669e+001 +1.406869669e+001 +9.8510e-001 +2.4373e+000 +2.4137e+000
1855 0 +3.912928009e-001 +1.405129280e+001 +1.405129280e+001 +9.8012e-001 +2.4399e+000 +2.4206e+000
1880 0 +3.872339873e-001 +1.404723399e+001 +1.404723399e+001 +9.7821e-001 +2.4499e+000 +2.4325e+000
1886 0 +3.693846256e-001 +1.402938463e+001 +1.402938463e+001 +9.6243e-001 +2.4384e+000 +2.4339e+000
1907 0 +3.479439283e-001 +1.400794393e+001 +1.400794393e+001 +9.2945e-001 +2.4078e+000 +2.4293e+000
1910 0 +3.095780074e-001 +1.396957801e+001 +1.396957801e+001 +8.9867e-001 +2.3451e+000 +2.3894e+000
1912 0 +2.629902321e-001 +1.392299023e+001 +1.392299023e+001 +8.6132e-001 +2.2904e+000 +2.3637e+000
1927 0 +2.069599760e-001 +1.386695998e+001 +1.386695998e+001 +7.5706e-001 +2.1699e+000 +2.3251e+000
1970 0 +1.922301180e-001 +1.385223012e+001 +1.385223012e+001 +6.4236e-001 +2.0784e+000 +2.3255e+000
1973 0 +1.635440659e-001 +1.382354407e+001 +1.382354407e+001 +7.2334e-001 +2.1712e+000 +2.3549e+000
1988 0 +1.593076624e-001 +1.381930766e+001 +1.381930766e+001 +7.0411e-001 +2.1537e+000 +2.3527e+000
1989 0 +1.568983695e-001 +1.381689837e+001 +1.381689837e+001 +6.7018e-001 +2.1538e+000 +2.3812e+000
1990 0 +1.510560070e-001 +1.381105601e+001 +1.381105601e+001 +7.1517e-001 +2.2454e+000 +2.4395e+000
1993 0 +1.458306957e-001 +1.380583070e+001 +1.380583070e+001 +7.4271e-001 +2.3190e+000 +2.4936e+000
1994 0 +1.416101184e-001 +1.380161012e+001 +1.380161012e+001 +6.9210e-001 +2.1704e+000 +2.3803e+000
1996 0 +1.384190854e-001 +1.379841909e+001 +1.379841909e+001 +7.0538e-001 +2.2230e+000 +2.4245e+000
1998 0 +1.179821857e-001 +1.377798219e+001 +1.377798219e+001 +7.0591e-001 +2.2777e+000 +2.4814e+000
2000 0 +1.005057079e-001 +1.376050571e+001 +1.376050571e+001 +6.8491e-001 +2.2853e+000 +2.5072e+000
2001 0 +9.006388197e-002 +1.375006388e+001 +1.375006388e+001 +6.8333e-001 +2.3143e+000 +2.5389e+000
2024 0 +8.850473508e-002 +1.374850474e+001 +1.374850474e+001 +6.7591e-001 +2.3225e+000 +2.5539e+000
2038 0 +7.216524341e-002 +1.373216524e+001 +1.373216524e+001 +6.1901e-001 +2.3200e+000 +2.5993e+000
2040 0 +6.344574302e-002 +1.372344574e+001 +1.372344574e+001 +6.0108e-001 +2.2550e+000 +2.5462e+000
2047 0 +6.286482171e-002 +1.372286482e+001 +1.372286482e+001 +5.7136e-001 +2.3729e+000 +2.6949e+000
2060 0 +4.995906946e-002 +1.370995907e+001 +1.370995907e+001 +6.0754e-001 +2.3373e+000 +2.6270e+000
2076 0 +4.156895485e-002 +1.370156895e+001 +1.370156895e+001 +5.8263e-001 +2.2699e+000 +2.5773e+000
2080 0 +3.734394942e-002 +1.369734395e+001 +1.369734395e+001 +5.5145e-001 +2.3255e+000 +2.6619e+000
2088 0 +2.775228809e-002 +1.368775229e+001 +1.368775229e+001 +4.9370e-001 +2.3443e+000 +2.7303e+000
2096 0 +1.716232241e-002 +1.367716232e+001 +1.367716232e+001 +3.5580e-001 +2.2218e+000 +2.7180e+000
2098 0 +1.361979749e-002 +1.367361980e+001 +1.367361980e+001 +4.1174e-001 +2.2540e+000 +2.7047e+000
2106 0 +1.273970420e-002 +1.367273970e+001 +1.367273970e+001 +4.5657e-001 +2.2263e+000 +2.6379e+000
2110 0 +1.088478995e-002 +1.367088479e+001 +1.367088479e+001 +4.3551e-001 +2.1945e+000 +2.6222e+000
2115 0 +6.416135287e-003 +1.366641614e+001 +1.366641614e+001 +3.9259e-001 +2.2525e+000 +2.7192e+000
2121 0 +4.088165070e-004 +1.366040882e+001 +1.366040882e+001 +4.3626e-001 +2.2169e+000 +2.6450e+000
2128 0 +3.890343723e-004 +1.366038903e+001 +1.366038903e+001 +4.3341e-001 +2.2148e+000 +2.6451e+000
2138 0 +1.634122012e-005 +1.366001634e+001 +1.366001634e+001 +4.2490e-001 +2.2242e+000 +2.6621e+000
2207 0 +4.590763421e-006 +1.366000459e+001 +1.366000459e+001 +4.2762e-001 +2.2239e+000 +2.6595e+000
2213 0 +1.642790604e-006 +1.366000164e+001 +1.366000164e+001 +4.2792e-001 +2.2243e+000 +2.6597e+000
2228 0 +5.108568573e-007 +1.366000051e+001 +1.366000051e+001 +4.2683e-001 +2.2238e+000 +2.6601e+000
2243 0 +4.843275452e-007 +1.366000048e+001 +1.366000048e+001 +4.2731e-001 +2.2245e+000 +2.6604e+000
2267 0 +4.547540851e-007 +1.366000045e+001 +1.366000045e+001 +4.2737e-001 +2.2240e+000 +2.6599e+000
2277 0 +1.624728263e-007 +1.366000016e+001 +1.366000016e+001 +4.2717e-001 +2.2237e+000 +2.6598e+000
2286 0 +1.299284946e-008 +1.366000001e+001 +1.366000001e+001 +4.2722e-001 +2.2239e+000 +2.6599e+000
2315 0 +8.006990626e-009 +1.366000001e+001 +1.366000001e+001 +4.2719e-001 +2.2240e+000 +2.6600e+000
% f evaluations | g evaluations | best noise-free fitness - Fopt (9.378400000000e+002) + sum g_i+ | measured fitness | best measured fitness or single-digit g-values | x1 | x2...
1 0 +6.001332940e+006 +6.002270780e+006 +6.002270780e+006 +3.1980e+000 +4.8658e+000 -2.4844e+000
2 0 +7.279231994e+005 +7.288610394e+005 +7.288610394e+005 -1.5524e+000 +1.9131e+000 +3.4224e+000
9 0 +1.566293632e+005 +1.575672032e+005 +1.575672032e+005 +1.5655e+000 -2.8386e+000 -1.7742e-001
23 0 +2.998805399e+003 +3.936645399e+003 +3.936645399e+003 -1.0450e+000 +2.6716e+000 +4.4887e+000
26 0 +2.034215412e+003 +2.972055412e+003 +2.972055412e+003 +2.2818e-001 +4.2526e+000 +3.7432e+000
35 0 +3.496678531e+000 +9.413366785e+002 +9.413366785e+002 -1.0847e+000 +4.0207e+000 +4.8508e+000
104 0 +2.280057346e+000 +9.401200573e+002 +9.401200573e+002 -9.7021e-001 +4.6603e+000 +4.9277e+000
115 0 +1.321212495e+000 +9.391612125e+002 +9.391612125e+002 -3.8469e-001 +4.4482e+000 +4.3142e+000
120 0 +5.052438038e-001 +9.383452438e+002 +9.383452438e+002 -2.7061e-001 +3.3723e+000 +3.8936e+000
143 0 +1.930917922e-001 +9.380330918e+002 +9.380330918e+002 -6.0560e-001 +3.6164e+000 +4.2805e+000
182 0 +7.871305371e-002 +9.379187131e+002 +9.379187131e+002 -4.5921e-001 +3.6007e+000 +4.1382e+000
204 0 +4.639113683e-002 +9.378863911e+002 +9.378863911e+002 -3.3280e-001 +3.3804e+000 +3.9554e+000
213 0 +3.962748021e-003 +9.378439627e+002 +9.378439627e+002 -3.0504e-001 +3.5199e+000 +3.9699e+000
221 0 +2.694384376e-003 +9.378426944e+002 +9.378426944e+002 -3.0883e-001 +3.5380e+000 +3.9788e+000
244 0 +4.270108722e-004 +9.378404270e+002 +9.378404270e+002 -2.8950e-001 +3.5754e+000 +3.9715e+000
268 0 +9.457248620e-005 +9.378400946e+002 +9.378400946e+002 -2.9922e-001 +3.5688e+000 +3.9787e+000
323 0 +3.863195616e-006 +9.378400039e+002 +9.378400039e+002 -2.9657e-001 +3.5796e+000 +3.9793e+000
335 0 +5.240865448e-007 +9.378400005e+002 +9.378400005e+002 -2.9722e-001 +3.5784e+000 +3.9796e+000
338 0 +4.849598554e-007 +9.378400005e+002 +9.378400005e+002 -2.9719e-001 +3.5784e+000 +3.9796e+000
459 0 +1.391570095e-007 +9.378400001e+002 +9.378400001e+002 -2.9693e-001 +3.5787e+000 +3.9794e+000
462 0 +1.312554332e-007 +9.378400001e+002 +9.378400001e+002 -2.9683e-001 +3.5787e+000 +3.9793e+000
468 0 +4.839546364e-008 +9.378400000e+002 +9.378400000e+002 -2.9677e-001 +3.5783e+000 +3.9791e+000
473 0 +2.825231604e-008 +9.378400000e+002 +9.378400000e+002 -2.9671e-001 +3.5783e+000 +3.9791e+000
487 0 +1.197008714e-009 +9.378400000e+002 +9.378400000e+002 -2.9677e-001 +3.5784e+000 +3.9792e+000
% f evaluations | g evaluations | best noise-free fitness - Fopt (-7.872000000000e+001) + sum g_i+ | measured fitness | best measured fitness or single-digit g-values | x1 | x2...
1 0 +7.083982841e+005 +7.083195641e+005 +7.083195641e+005 +1.6082e+000 -3.7563e+000 -7.4755e-001
9 0 +9.142527790e+001 +1.270527790e+001 +1.270527790e+001 -2.9201e+000 -1.6366e+000 +7.6228e-002
76 0 +6.355487429e+001 -1.516512571e+001 -1.516512571e+001 -3.7318e+000 -1.2315e+000 +5.6818e-005
87 0 +5.224027032e+001 -2.647972968e+001 -2.647972968e+001 -8.9816e-001 -1.8776e+000 -3.4998e-001
99 0 +4.096060617e+001 -3.775939383e+001 -3.775939383e+001 +3.2058e+000 -2.8655e+000 -8.0887e-001
119 0 +3.099502273e+001 -4.772497727e+001 -4.772497727e+001 +3.0195e+000 -2.5454e+000 -9.9987e-001
140 0 +3.512557521e+000 -7.520744248e+001 -7.520744248e+001 +2.1273e+000 -2.3444e+000 -8.9599e-001
144 0 +3.362132254e+000 -7.535786775e+001 -7.535786775e+001 +4.5155e+000 -2.7830e+000 -1.2757e+000
155 0 +2.446663915e+000 -7.627333608e+001 -7.627333608e+001 +3.8233e+000 -2.6134e+000 -1.1998e+000
167 0 +2.226709000e+000 -7.649329100e+001 -7.649329100e+001 +3.5514e+000 -2.6155e+000 -1.1140e+000
212 0 +2.092570670e+000 -7.662742933e+001 -7.662742933e+001 +3.9240e+000 -2.5847e+000 -1.2557e+000
227 0 +1.612550573e+000 -7.710744943e+001 -7.710744943e+001 +3.5117e+000 -2.2622e+000 -1.3933e+000
228 0 +1.378073888e+000 -7.734192611e+001 -7.734192611e+001 +3.2044e+000 -2.2519e+000 -1.3070e+000
234 0 +1.184323558e+000 -7.753567644e+001 -7.753567644e+001 +3.6897e+000 -2.2111e+000 -1.4911e+000
260 0 +1.024382585e+000 -7.769561742e+001 -7.769561742e+001 +3.9997e+000 -2.1523e+000 -1.6363e+000
263 0 +5.498110316e-001 -7.817018897e+001 -7.817018897e+001 +3.6920e+000 -1.8589e+000 -1.7828e+000
281 0 +5.311186523e-001 -7.818888135e+001 -7.818888135e+001 +2.8120e+000 -1.3317e+000 -1.9454e+000
282 0 +4.180492438e-001 -7.830195076e+001 -7.830195076e+001 +3.4367e+000 -1.6359e+000 -1.8891e+000
293 0 +3.116279829e-001 -7.840837202e+001 -7.840837202e+001 +2.9104e+000 -1.3637e+000 -1.9497e+000
297 0 +2.018760015e-001 -7.851812400e+001 -7.851812400e+001 +3.0477e+000 -1.5640e+000 -1.8273e+000
306 0 +1.751362691e-002 -7.870248637e+001 -7.870248637e+001 +3.3994e+000 -1.5170e+000 -1.9751e+000
317 0 +9.990136328e-003 -7.871000986e+001 -7.871000986e+001 +3.4220e+000 -1.4894e+000 -2.0048e+000
336 0 +4.316314474e-003 -7.871568369e+001 -7.871568369e+001 +3.4602e+000 -1.4338e+000 -2.0627e+000
347 0 +3.438223476e-003 -7.871656178e+001 -7.871656178e+001 +3.4444e+000 -1.4445e+000 -2.0489e+000
358 0 +1.435907536e-003 -7.871856409e+001 -7.871856409e+001 +3.3940e+000 -1.4389e+000 -2.0380e+000
371 0 +6.332966783e-004 -7.871936670e+001 -7.871936670e+001 +3.4147e+000 -1.4402e+000 -2.0433e+000
378 0 +1.976776631e-004 -7.871980232e+001 -7.871980232e+001 +3.4144e+000 -1.4324e+000 -2.0497e+000
398 0 +5.127038932e-006 -7.871999487e+001 -7.871999487e+001 +3.4100e+000 -1.4219e+000 -2.0570e+000
442 0 +1.045446041e-006 -7.871999895e+001 -7.871999895e+001 +3.4110e+000 -1.4212e+000 -2.0579e+000
451 0 +8.124062703e-007 -7.871999919e+001 -7.871999919e+001 +3.4114e+000 -1.4219e+000 -2.0574e+000
488 0 +6.266572115e-007 -7.871999937e+001 -7.871999937e+001 +3.4109e+000 -1.4219e+000 -2.0573e+000
501 0 +2.781996500e-008 -7.871999997e+001 -7.871999997e+001 +3.4111e+000 -1.4216e+000 -2.0575e+000
508 0 +1.538165861e-008 -7.871999998e+001 -7.871999998e+001 +3.4113e+000 -1.4216e+000 -2.0576e+000
527 0 +1.072783107e-008 -7.871999999e+001 -7.871999999e+001 +3.4113e+000 -1.4216e+000 -2.0576e+000
611 0 +4.147295840e-010 -7.872000000e+001 -7.872000000e+001 +3.4112e+000 -1.4216e+000 -2.0576e+000
% f evaluations | g evaluations | best noise-free fitness - Fopt (-4.151000000000e+001) + sum g_i+ | measured fitness | best measured fitness or single-digit g-values | x1 | x2...
1 0 +1.128331924e+007 +1.128327773e+007 +1.128327773e+007 -1.7835e+000 +4.3069e+000 +4.3756e+000
2 0 +5.398306764e+005 +5.397891664e+005 +5.397891664e+005 +3.7406e+000 -5.0267e-001 -2.9844e+000
4 0 +3.294683783e+005 +3.294268683e+005 +3.294268683e+005 -3.5051e+000 +4.9424e+000 -1.2090e+000
8 0 +5.675696389e+004 +5.671545389e+004 +5.671545389e+004 -5.6634e-001 +8.7536e-001 -2.2581e+000
11 0 +1.176676772e+004 +1.172525772e+004 +1.172525772e+004 +5.3416e-001 +1.7745e+000 -1.2194e+000
12 0 +3.157263710e+003 +3.115753710e+003 +3.115753710e+003 +1.1032e-001 +2.1325e+000 -1.1744e+000
22 0 +9.361271410e+001 +5.210271410e+001 +5.210271410e+001 -1.5733e+000 +2.0286e+000 -2.0462e+000
53 0 +1.913360723e+001 -2.237639277e+001 -2.237639277e+001 -1.1352e+000 +1.3698e+000 -2.4180e+000
157 0 +1.862783063e+001 -2.288216937e+001 -2.288216937e+001 -1.1270e+000 +1.2631e+000 -2.5020e+000
161 0 +1.831064634e+001 -2.319935366e+001 -2.319935366e+001 -9.9942e-001 +1.4194e+000 -2.3188e+000
164 0 +1.709642063e+001 -2.441357937e+001 -2.441357937e+001 -8.6813e-001 +1.3667e+000 -2.3058e+000
179 0 +1.560708474e+001 -2.590291526e+001 -2.590291526e+001 -6.3758e-001 +1.1938e+000 -2.3498e+000
197 0 +1.543881625e+001 -2.607118375e+001 -2.607118375e+001 -6.1916e-001 +1.3150e+000 -2.2427e+000
203 0 +1.467868610e+001 -2.683131390e+001 -2.683131390e+001 -4.6122e-001 +1.1798e+000 -2.2881e+000
209 0 +1.432081946e+001 -2.718918054e+001 -2.718918054e+001 -2.9082e-001 +1.2931e+000 -2.1213e+000
215 0 +1.289139655e+001 -2.861860345e+001 -2.861860345e+001 -1.1991e-001 +1.1170e+000 -2.1942e+000
227 0 +1.080798064e+001 -3.070201936e+001 -3.070201936e+001 +3.8873e-001 +1.0223e+000 -2.0549e+000
233 0 +1.019140629e+001 -3.131859371e+001 -3.131859371e+001 +5.8545e-001 +1.0075e+000 -1.9826e+000
245 0 +9.851711491e+000 -3.165828851e+001 -3.165828851e+001 +7.4572e-001 +9.8142e-001 -1.9353e+000
262 0 +8.448565885e+000 -3.306143411e+001 -3.306143411e+001 +1.1554e+000 +9.6131e-001 -1.7772e+000
266 0 +7.632793910e+000 -3.387720609e+001 -3.387720609e+001 +1.4684e+000 +8.4953e-001 -1.7362e+000
270 0 +7.389588837e+000 -3.412041116e+001 -3.412041116e+001 +1.5476e+000 +7.3623e-001 -1.7958e+000
278 0 +7.133088769e+000 -3.437691123e+001 -3.437691123e+001 +1.3899e+000 +7.8048e-001 -1.8274e+000
287 0 +6.906515002e+000 -3.460348500e+001 -3.460348500e+001 +1.7524e+000 +7.3137e-001 -1.7129e+000
297 0 +6.544965136e+000 -3.496503486e+001 -3.496503486e+001 +1.6300e+000 +6.8714e-001 -1.8020e+000
301 0 +6.411183822e+000 -3.509881618e+001 -3.509881618e+001 +2.1467e+000 +6.2295e-001 -1.6342e+000
313 0 +5.741072297e+000 -3.576892770e+001 -3.576892770e+001 +2.0349e+000 +5.7495e-001 -1.7229e+000
314 0 +5.336745209e+000 -3.617325479e+001 -3.617325479e+001 +1.8476e+000 +5.4564e-001 -1.8268e+000
321 0 +4.757895545e+000 -3.675210445e+001 -3.675210445e+001 +2.0220e+000 +4.0422e-001 -1.8685e+000
336 0 +3.241124422e+000 -3.826887558e+001 -3.826887558e+001 +1.7475e+000 +2.7507e-001 -2.0943e+000
342 0 +2.679716019e+000 -3.883028398e+001 -3.883028398e+001 +1.9943e+000 +1.9480e-001 -2.0551e+000
366 0 +2.441116612e+000 -3.906888339e+001 -3.906888339e+001 +2.1776e+000 -1.6710e-001 -2.2778e+000
368 0 +2.303842472e+000 -3.920615753e+001 -3.920615753e+001 +1.9115e+000 -5.9645e-002 -2.3020e+000
371 0 +2.245676265e+000 -3.926432373e+001 -3.926432373e+001 +1.8682e+000 +5.8357e-002 -2.2221e+000
373 0 +2.119118513e+000 -3.939088149e+001 -3.939088149e+001 +2.1467e+000 -1.4468e-001 -2.2720e+000
375 0 +1.890038319e+000 -3.961996168e+001 -3.961996168e+001 +2.0504e+000 -3.4072e-001 -2.4762e+000
384 0 +1.760773980e+000 -3.974922602e+001 -3.974922602e+001 +1.8022e+000 -7.3324e-001 -2.9080e+000
385 0 +1.356602545e+000 -4.015339745e+001 -4.015339745e+001 +1.9508e+000 -5.6667e-001 -2.7062e+000
408 0 +1.004837346e+000 -4.050516265e+001 -4.050516265e+001 +1.8956e+000 -4.8600e-001 -2.6623e+000
410 0 +9.613694511e-001 -4.054863055e+001 -4.054863055e+001 +2.0644e+000 -5.6182e-001 -2.6533e+000
418 0 +8.351649214e-001 -4.067483508e+001 -4.067483508e+001 +2.0427e+000 -4.7905e-001 -2.5935e+000
426 0 +7.449185863e-001 -4.076508141e+001 -4.076508141e+001 +1.9978e+000 -6.1566e-001 -2.7261e+000
428 0 +7.078985984e-001 -4.080210140e+001 -4.080210140e+001 +1.9013e+000 -5.7824e-001 -2.7360e+000
430 0 +6.590098077e-001 -4.085099019e+001 -4.085099019e+001 +2.0666e+000 -6.3169e-001 -2.7099e+000
434 0 +3.721365533e-001 -4.113786345e+001 -4.113786345e+001 +1.9126e+000 -8.3827e-001 -2.9466e+000
436 0 +3.235977505e-001 -4.118640225e+001 -4.118640225e+001 +2.0923e+000 -8.1609e-001 -2.8517e+000
439 0 +2.899768828e-001 -4.122002312e+001 -4.122002312e+001 +1.9349e+000 -9.6015e-001 -3.0381e+000
444 0 +2.488760224e-001 -4.126112398e+001 -4.126112398e+001 +1.9733e+000 -1.0459e+000 -3.0930e+000
453 0 +1.659906073e-001 -4.134400939e+001 -4.134400939e+001 +2.0346e+000 -1.1019e+000 -3.1132e+000
463 0 +1.087597735e-001 -4.140124023e+001 -4.140124023e+001 +2.1740e+000 -1.0441e+000 -3.0058e+000
466 0 +6.602197312e-002 -4.144397803e+001 -4.144397803e+001 +2.2656e+000 -1.1931e+000 -3.0902e+000
480 0 +5.684001076e-003 -4.150431600e+001 -4.150431600e+001 +2.3736e+000 -1.1471e+000 -3.0057e+000
485 0 +4.117351686e-003 -4.150588265e+001 -4.150588265e+001 +2.3958e+000 -1.1811e+000 -3.0244e+000
501 0 +2.131074389e-003 -4.150786893e+001 -4.150786893e+001 +2.4205e+000 -1.1998e+000 -3.0293e+000
509 0 +4.723520951e-004 -4.150952765e+001 -4.150952765e+001 +2.4116e+000 -1.1972e+000 -3.0310e+000
534 0 +1.679479788e-004 -4.150983205e+001 -4.150983205e+001 +2.3883e+000 -1.2026e+000 -3.0454e+000
552 0 +8.131037411e-005 -4.150991869e+001 -4.150991869e+001 +2.4023e+000 -1.2118e+000 -3.0471e+000
555 0 +3.036939918e-005 -4.150996963e+001 -4.150996963e+001 +2.4003e+000 -1.2103e+000 -3.0467e+000
567 0 +6.315087965e-006 -4.150999368e+001 -4.150999368e+001 +2.3980e+000 -1.2077e+000 -3.0455e+000
581 0 +3.153404137e-006 -4.150999685e+001 -4.150999685e+001 +2.4017e+000 -1.2091e+000 -3.0451e+000
661 0 +7.436343950e-007 -4.150999926e+001 -4.150999926e+001 +2.4003e+000 -1.2093e+000 -3.0459e+000
679 0 +3.870252385e-008 -4.150999996e+001 -4.150999996e+001 +2.4001e+000 -1.2089e+000 -3.0457e+000
726 0 +2.881535011e-010 -4.151000000e+001 -4.151000000e+001 +2.4000e+000 -1.2088e+000 -3.0456e+000
% f evaluations | g evaluations | best noise-free fitness - Fopt (1.320700000000e+002) + sum g_i+ | measured fitness | best measured fitness or single-digit g-values | x1 | x2...
1 0 +1.237997406e+007 +1.238010613e+007 +1.238010613e+007 -1.7241e-001 -4.1649e+000 -4.5724e-001
3 0 +8.169522767e+005 +8.170843467e+005 +8.170843467e+005 -4.9514e-002 -4.1297e-001 +1.2950e+000
7 0 +4.035470909e+004 +4.048677909e+004 +4.048677909e+004 +2.7003e+000 -2.5327e+000 +1.3931e+000
23 0 +6.558769644e+002 +7.879469644e+002 +7.879469644e+002 -2.2133e-001 +8.2086e-001 +2.3057e+000
52 0 +1.523288421e+002 +2.843988421e+002 +2.843988421e+002 +1.2523e+000 +4.1001e-001 +4.5688e-001
73 0 +6.619999665e+001 +1.982699966e+002 +1.982699966e+002 +3.7727e-001 +4.6234e-001 +1.7854e+000
97 0 +5.119202031e+001 +1.832620203e+002 +1.832620203e+002 +9.8372e-001 -2.3345e+000 +3.4303e+000
110 0 +4.960227340e+001 +1.816722734e+002 +1.816722734e+002 +2.1151e+000 -1.1068e+000 +5.6953e-001
131 0 +4.219272691e+001 +1.742627269e+002 +1.742627269e+002 +1.7375e+000 -1.1076e+000 +1.1410e+000
180 0 +3.249476529e+001 +1.645647653e+002 +1.645647653e+002 +1.4701e+000 +4.0905e-001 +1.4688e-001
182 0 +1.028180436e+001 +1.423518044e+002 +1.423518044e+002 -5.7092e-001 +3.4843e+000 +4.2016e-001
212 0 +4.401524123e+000 +1.364715241e+002 +1.364715241e+002 -1.2612e+000 +3.0908e+000 +1.8434e+000
213 0 +2.844433144e+000 +1.349144331e+002 +1.349144331e+002 -1.5356e+000 +3.5903e+000 +1.7988e+000
217 0 +2.277212656e+000 +1.343472127e+002 +1.343472127e+002 -2.6565e+000 +4.0931e+000 +3.0449e+000
265 0 +2.116496914e+000 +1.341864969e+002 +1.341864969e+002 -3.2363e+000 +4.6994e+000 +3.3724e+000
266 0 +1.684119358e+000 +1.337541194e+002 +1.337541194e+002 -3.0668e+000 +4.8171e+000 +3.0041e+000
267 0 +1.349604945e+000 +1.334196049e+002 +1.334196049e+002 -2.3450e+000 +3.8347e+000 +2.8086e+000
274 0 +6.271253148e-001 +1.326971253e+002 +1.326971253e+002 -2.4388e+000 +4.2786e+000 +2.5420e+000
290 0 +5.648416120e-001 +1.326348416e+002 +1.326348416e+002 -2.6182e+000 +4.4345e+000 +2.6734e+000
293 0 +4.878276926e-001 +1.325578277e+002 +1.325578277e+002 -2.4785e+000 +4.1515e+000 +2.7206e+000
294 0 +1.836689582e-001 +1.322536690e+002 +1.322536690e+002 -2.4866e+000 +4.0805e+000 +2.7997e+000
308 0 +1.329989878e-001 +1.322029990e+002 +1.322029990e+002 -2.4005e+000 +3.9553e+000 +2.7842e+000
311 0 +1.980591765e-002 +1.320898059e+002 +1.320898059e+002 -2.5616e+000 +3.7962e+000 +3.1782e+000
317 0 +1.378886793e-002 +1.320837889e+002 +1.320837889e+002 -2.5539e+000 +3.8521e+000 +3.1146e+000
333 0 +9.760382956e-003 +1.320797604e+002 +1.320797604e+002 -2.5030e+000 +3.8012e+000 +3.0841e+000
355 0 +6.063475301e-004 +1.320706063e+002 +1.320706063e+002 -2.4689e+000 +3.7684e+000 +3.0621e+000
366 0 +5.816855833e-005 +1.320700582e+002 +1.320700582e+002 -2.4766e+000 +3.7715e+000 +3.0709e+000
440 0 +4.623521366e-005 +1.320700462e+002 +1.320700462e+002 -2.4772e+000 +3.7704e+000 +3.0729e+000
448 0 +2.214956342e-005 +1.320700221e+002 +1.320700221e+002 -2.4813e+000 +3.7719e+000 +3.0777e+000
456 0 +2.857742913e-007 +1.320700003e+002 +1.320700003e+002 -2.4813e+000 +3.7749e+000 +3.0751e+000
503 0 +1.188254828e-007 +1.320700001e+002 +1.320700001e+002 -2.4814e+000 +3.7750e+000 +3.0751e+000
504 0 +4.757640681e-008 +1.320700000e+002 +1.320700000e+002 -2.4816e+000 +3.7754e+000 +3.0751e+000
518 0 +4.217437777e-008 +1.320700000e+002 +1.320700000e+002 -2.4817e+000 +3.7753e+000 +3.0753e+000
525 0 +1.727937615e-008 +1.320700000e+002 +1.320700000e+002 -2.4816e+000 +3.7751e+000 +3.0752e+000
534 0 +7.757421372e-009 +1.320700000e+002 +1.320700000e+002 -2.4816e+000 +3.7751e+000 +3.0752e+000
% f evaluations | g evaluations | best noise-free fitness - Fopt (9.725000000000e+001) + sum g_i+ | measured fitness | best measured fitness or single-digit g-values | x1 | x2...
1 0 +5.881297549e+006 +5.881394799e+006 +5.881394799e+006 -4.8132e+000 +4.1061e+000 -3.8840e+000
4 0 +4.063463049e+006 +4.063560299e+006 +4.063560299e+006 +4.0624e+000 +1.6375e+000 -4.3591e-001
7 0 +1.158239300e+005 +1.159211800e+005 +1.159211800e+005 -5.7970e-001 +2.6278e+000 +4.9457e-001
11 0 +4.864454936e+003 +4.961704936e+003 +4.961704936e+003 -2.4303e+000 +1.9111e+000 -5.1855e-001
12 0 +3.009862186e+003 +3.107112186e+003 +3.107112186e+003 -2.3612e+000 +1.8027e+000 -4.7144e-001
39 0 +1.312867149e+002 +2.285367149e+002 +2.285367149e+002 -2.5754e+000 +5.1373e-001 -4.4208e-001
82 0 +1.392168965e+001 +1.111716896e+002 +1.111716896e+002 -2.2307e+000 -9.0832e-001 -3.1253e-001
88 0 +1.321030696e+001 +1.104603070e+002 +1.104603070e+002 -2.7604e+000 +1.2959e+000 -5.3150e-001
122 0 +1.160772343e+001 +1.088577234e+002 +1.088577234e+002 -2.7001e+000 +8.2751e-001 -5.0038e-001
136 0 +9.740753463e+000 +1.069907535e+002 +1.069907535e+002 -1.8410e+000 +2.5220e+000 -2.6254e-001
157 0 +6.511762277e+000 +1.037617623e+002 +1.037617623e+002 -8.5972e-001 +2.2308e+000 +6.2365e-002
164 0 +5.153552827e+000 +1.024035528e+002 +1.024035528e+002 -8.5972e-001 +2.0830e+000 +6.2365e-002
173 0 +4.972227341e+000 +1.022222273e+002 +1.022222273e+002 -1.4682e+000 +1.0317e+000 -1.0822e-001
178 0 +3.683227894e+000 +1.009332279e+002 +1.009332279e+002 -7.5165e-001 +6.6842e-001 +1.2867e-001
184 0 +2.658734104e+000 +9.990873410e+001 +9.990873410e+001 -8.5848e-001 +1.4394e+000 +7.8197e-002
189 0 +1.783428575e+000 +9.903342857e+001 +9.903342857e+001 -5.1006e-001 +1.2067e+000 +1.9635e-001
200 0 +5.775343248e-001 +9.782753432e+001 +9.782753432e+001 +4.2827e-002 +1.5016e+000 +3.6697e-001
210 0 +5.598019463e-001 +9.780980195e+001 +9.780980195e+001 +7.6161e-001 +1.6333e+000 +5.9496e-001
221 0 +3.912498861e-001 +9.764124989e+001 +9.764124989e+001 +2.2560e-001 +1.2853e+000 +4.3021e-001
228 0 +2.817131449e-001 +9.753171314e+001 +9.753171314e+001 +3.1593e-001 +9.3254e-001 +4.6796e-001
230 0 +2.301382807e-001 +9.748013828e+001 +9.748013828e+001 +8.4454e-001 +6.9821e-001 +6.4285e-001
233 0 +7.760966237e-002 +9.732760966e+001 +9.732760966e+001 +5.0166e-001 +1.3018e+000 +5.1896e-001
247 0 +1.027852975e-003 +9.725102785e+001 +9.725102785e+001 +5.9844e-001 +1.0800e+000 +5.5518e-001
299 0 +7.579030120e-005 +9.725007579e+001 +9.725007579e+001 +5.7622e-001 +1.0710e+000 +5.4820e-001
313 0 +6.795344225e-005 +9.725006795e+001 +9.725006795e+001 +5.7089e-001 +1.0763e+000 +5.4638e-001
333 0 +1.865632686e-005 +9.725001866e+001 +9.725001866e+001 +5.7725e-001 +1.0798e+000 +5.4834e-001
362 0 +3.786636000e-006 +9.725000379e+001 +9.725000379e+001 +5.7919e-001 +1.0770e+000 +5.4904e-001
373 0 +2.376957866e-006 +9.725000238e+001 +9.725000238e+001 +5.7793e-001 +1.0764e+000 +5.4864e-001
387 0 +1.046355933e-006 +9.725000105e+001 +9.725000105e+001 +5.7934e-001 +1.0759e+000 +5.4911e-001
397 0 +1.247040160e-007 +9.725000012e+001 +9.725000012e+001 +5.7861e-001 +1.0763e+000 +5.4886e-001
409 0 +1.017702402e-007 +9.725000010e+001 +9.725000010e+001 +5.7866e-001 +1.0759e+000 +5.4888e-001
432 0 +2.699924551e-008 +9.725000003e+001 +9.725000003e+001 +5.7828e-001 +1.0760e+000 +5.4876e-001
452 0 +1.909610603e-008 +9.725000002e+001 +9.725000002e+001 +5.7838e-001 +1.0761e+000 +5.4879e-001
491 0 +1.396927019e-010 +9.725000000e+001 +9.725000000e+001 +5.7839e-001 +1.0760e+000 +5.4880e-001
% f evaluations | g evaluations | best noise-free fitness - Fopt (-2.033000000000e+001) + sum g_i+ | measured fitness | best measured fitness or single-digit g-values | x1 | x2...
1 0 +1.348018504e+007 +1.348016471e+007 +1.348016471e+007 -7.5242e-001 -2.8929e+000 +2.7869e+000
2 0 +2.049993243e+006 +2.049972913e+006 +2.049972913e+006 +1.2683e+000 -2.5806e+000 +3.7711e+000
4 0 +1.754860314e+006 +1.754839984e+006 +1.754839984e+006 +4.4869e+000 -3.2777e+000 -9.1367e-001
6 0 +1.194801620e+006 +1.194781290e+006 +1.194781290e+006 +4.1465e+000 -3.1578e+000 +3.9754e+000
10 0 +2.359532673e+004 +2.357499673e+004 +2.357499673e+004 +3.7106e+000 -1.1212e+000 +2.2177e+000
12 0 +1.075343679e+003 +1.055013679e+003 +1.055013679e+003 +3.3029e+000 -1.5049e+000 +3.1402e+000
36 0 +6.869293121e+002 +6.665993121e+002 +6.665993121e+002 +3.9569e+000 -1.1335e+000 +2.0722e+000
60 0 +1.052105236e+001 -9.808947642e+000 -9.808947642e+000 +3.9559e+000 -7.3816e-001 +2.0937e+000
147 0 +1.009502476e+001 -1.023497524e+001 -1.023497524e+001 +4.6063e+000 -4.1737e-001 +1.0161e+000
148 0 +9.612606229e+000 -1.071739377e+001 -1.071739377e+001 +4.3377e+000 -5.6469e-001 +1.4608e+000
165 0 +8.992352432e+000 -1.133764757e+001 -1.133764757e+001 +4.6333e+000 -2.8057e-001 +9.6187e-001
236 0 +7.880266897e+000 -1.244973310e+001 -1.244973310e+001 +4.9464e+000 +4.3959e-001 +4.0533e-001
248 0 +7.369830368e+000 -1.296016963e+001 -1.296016963e+001 +4.9917e+000 +6.2341e-001 +3.1917e-001
256 0 +7.076805457e+000 -1.325319454e+001 -1.325319454e+001 +4.5119e+000 +1.8308e-001 +1.1307e+000
258 0 +5.047221231e+000 -1.528277877e+001 -1.528277877e+001 +4.8602e+000 +1.1371e+000 +5.0053e-001
260 0 +4.979540177e+000 -1.535045982e+001 -1.535045982e+001 +4.9659e+000 +1.0211e+000 +3.3762e-001
269 0 +4.045042850e+000 -1.628495715e+001 -1.628495715e+001 +4.5868e+000 +7.5671e-001 +9.7245e-001
271 0 +3.777881663e+000 -1.655211834e+001 -1.655211834e+001 +4.5632e+000 +9.3020e-001 +1.0011e+000
273 0 +3.425562859e+000 -1.690443714e+001 -1.690443714e+001 +4.8980e+000 +2.0740e+000 +3.8040e-001
281 0 +3.013570905e+000 -1.731642910e+001 -1.731642910e+001 +4.7796e+000 +1.6812e+000 +5.9918e-001
290 0 +2.760163571e+000 -1.756983643e+001 -1.756983643e+001 +4.4930e+000 +1.0662e+000 +1.1048e+000
317 0 +2.664074246e+000 -1.766592575e+001 -1.766592575e+001 +4.4669e+000 +1.0761e+000 +1.1478e+000
326 0 +2.591513831e+000 -1.773848617e+001 -1.773848617e+001 +4.7518e+000 +1.9680e+000 +6.2607e-001
329 0 +2.521660087e+000 -1.780833991e+001 -1.780833991e+001 +4.6263e+000 +1.7078e+000 +8.4780e-001
333 0 +2.275249335e+000 -1.805475067e+001 -1.805475067e+001 +4.7000e+000 +2.1867e+000 +6.9756e-001
336 0 +1.789433711e+000 -1.854056629e+001 -1.854056629e+001 +4.4837e+000 +1.5965e+000 +1.0867e+000
353 0 +1.561295942e+000 -1.876870406e+001 -1.876870406e+001 +4.4846e+000 +2.5694e+000 +1.0230e+000
364 0 +8.837624768e-001 -1.944623752e+001 -1.944623752e+001 +4.4269e+000 +2.2462e+000 +1.1381e+000
374 0 +6.488166313e-001 -1.968118337e+001 -1.968118337e+001 +4.0687e+000 +1.9620e+000 +1.7396e+000
379 0 +5.565868738e-001 -1.977341313e+001 -1.977341313e+001 +3.7917e+000 +2.8657e+000 +2.1340e+000
386 0 +5.369881294e-001 -1.979301187e+001 -1.979301187e+001 +3.7678e+000 +1.8985e+000 +2.2352e+000
387 0 +3.246768492e-001 -2.000532315e+001 -2.000532315e+001 +3.8856e+000 +1.9678e+000 +2.0386e+000
389 0 +1.021590596e-001 -2.022784094e+001 -2.022784094e+001 +3.8907e+000 +2.5345e+000 +1.9940e+000
403 0 +7.863315196e-002 -2.025136685e+001 -2.025136685e+001 +3.8882e+000 +2.2365e+000 +2.0175e+000
405 0 +2.350443073e-002 -2.030649557e+001 -2.030649557e+001 +3.9212e+000 +2.4003e+000 +1.9532e+000
415 0 +7.967524008e-003 -2.032203248e+001 -2.032203248e+001 +3.9038e+000 +2.4465e+000 +1.9787e+000
455 0 +5.376447663e-005 -2.032994624e+001 -2.032994624e+001 +3.9289e+000 +2.5024e+000 +1.9344e+000
507 0 +3.152069986e-005 -2.032996848e+001 -2.032996848e+001 +3.9284e+000 +2.4941e+000 +1.9357e+000
523 0 +2.499547892e-005 -2.032997500e+001 -2.032997500e+001 +3.9269e+000 +2.5041e+000 +1.9375e+000
536 0 +2.843637112e-007 -2.032999972e+001 -2.032999972e+001 +3.9282e+000 +2.4999e+000 +1.9356e+000
550 0 +1.661253179e-007 -2.032999983e+001 -2.032999983e+001 +3.9281e+000 +2.4997e+000 +1.9358e+000
585 0 +4.591292679e-009 -2.033000000e+001 -2.033000000e+001 +3.9280e+000 +2.5000e+000 +1.9360e+000
% f evaluations | g evaluations | best noise-free fitness - Fopt (9.431000000000e+001) + sum g_i+ | measured fitness | best measured fitness or single-digit g-values | x1 | x2...
1 0 +3.649258481e+004 +3.658689481e+004 +3.658689481e+004 +4.9120e+000 -4.3498e+000 -9.2173e-001
10 0 +1.584758624e+004 +1.594189624e+004 +1.594189624e+004 -3.9860e+000 +2.4954e+000 +2.6958e+000
22 0 +2.540244560e+002 +3.483344560e+002 +3.483344560e+002 -3.2512e+000 +1.8027e+000 +1.8040e+000
98 0 +2.224305826e+002 +3.167405826e+002 +3.167405826e+002 -4.3620e+000 +2.6621e+000 +2.1407e+000
106 0 +8.444434457e+001 +1.787543446e+002 +1.787543446e+002 -2.7076e+000 +1.4214e+000 +1.6550e+000
135 0 +6.649963657e+001 +1.608096366e+002 +1.608096366e+002 -1.3688e+000 +4.8373e-001 +1.5410e+000
139 0 +1.771256510e+001 +1.120225651e+002 +1.120225651e+002 -1.6105e+000 +6.0402e-001 +1.4243e+000
178 0 +1.209772603e+001 +1.064077260e+002 +1.064077260e+002 -2.2731e+000 +1.0960e+000 +1.5810e+000
208 0 +1.064903865e+001 +1.049590387e+002 +1.049590387e+002 -2.6446e+000 +1.3524e+000 +1.6109e+000
222 0 +8.680890599e+000 +1.029908906e+002 +1.029908906e+002 -3.3315e+000 +1.7922e+000 +1.5944e+000
232 0 +7.034505906e+000 +1.013445059e+002 +1.013445059e+002 -3.3424e+000 +1.8682e+000 +1.7692e+000
243 0 +5.838098595e+000 +1.001480986e+002 +1.001480986e+002 -3.6796e+000 +2.1020e+000 +1.8034e+000
246 0 +5.631907643e+000 +9.994190764e+001 +9.994190764e+001 -3.8676e+000 +2.2870e+000 +1.9643e+000
250 0 +4.483160916e+000 +9.879316092e+001 +9.879316092e+001 -3.7165e+000 +2.1959e+000 +1.9794e+000
265 0 +4.045857125e+000 +9.835585713e+001 +9.835585713e+001 -4.1324e+000 +2.4866e+000 +2.0292e+000
286 0 +3.055246999e+000 +9.736524700e+001 +9.736524700e+001 -4.5954e+000 +2.8702e+000 +2.2353e+000
310 0 +2.928149892e+000 +9.723814989e+001 +9.723814989e+001 -4.5562e+000 +2.8469e+000 +2.2396e+000
354 0 +2.883911333e+000 +9.719391133e+001 +9.719391133e+001 -4.5489e+000 +2.8466e+000 +2.2511e+000
495 0 +2.811444104e+000 +9.712144410e+001 +9.712144410e+001 -4.5589e+000 +2.8675e+000 +2.2873e+000
533 0 +2.739970486e+000 +9.704997049e+001 +9.704997049e+001 -4.5975e+000 +2.9220e+000 +2.3605e+000
543 0 +2.675574147e+000 +9.698557415e+001 +9.698557415e+001 -4.6328e+000 +2.9674e+000 +2.4163e+000
547 0 +2.592520493e+000 +9.690252049e+001 +9.690252049e+001 -4.6696e+000 +3.0100e+000 +2.4622e+000
552 0 +2.469539824e+000 +9.677953982e+001 +9.677953982e+001 -4.7214e+000 +3.0811e+000 +2.5556e+000
558 0 +2.452573720e+000 +9.676257372e+001 +9.676257372e+001 -4.6975e+000 +3.0549e+000 +2.5290e+000
562 0 +2.395751125e+000 +9.670575113e+001 +9.670575113e+001 -4.7326e+000 +3.1040e+000 +2.5945e+000
579 0 +2.262803074e+000 +9.657280307e+001 +9.657280307e+001 -4.6955e+000 +3.1046e+000 +2.6582e+000
581 0 +2.179660767e+000 +9.648966077e+001 +9.648966077e+001 -4.7555e+000 +3.1629e+000 +2.7049e+000
589 0 +2.076594032e+000 +9.638659403e+001 +9.638659403e+001 -4.8128e+000 +3.2575e+000 +2.8480e+000
606 0 +2.041157012e+000 +9.635115701e+001 +9.635115701e+001 -4.8434e+000 +3.3119e+000 +2.9346e+000
695 0 +1.982323331e+000 +9.629232333e+001 +9.629232333e+001 -4.8001e+000 +3.3313e+000 +3.0536e+000
704 0 +1.893230586e+000 +9.620323059e+001 +9.620323059e+001 -4.7731e+000 +3.3587e+000 +3.1660e+000
712 0 +1.745130654e+000 +9.605513065e+001 +9.605513065e+001 -4.7222e+000 +3.3384e+000 +3.1983e+000
716 0 +1.585583715e+000 +9.589558371e+001 +9.589558371e+001 -4.7285e+000 +3.3816e+000 +3.2953e+000
719 0 +1.404602500e+000 +9.571460250e+001 +9.571460250e+001 -4.7199e+000 +3.4047e+000 +3.3673e+000
727 0 +7.986358302e-001 +9.510863583e+001 +9.510863583e+001 -4.6141e+000 +3.4250e+000 +3.5894e+000
737 0 +7.313578342e-001 +9.504135783e+001 +9.504135783e+001 -4.5707e+000 +3.4280e+000 +3.6674e+000
740 0 +7.221180788e-001 +9.503211808e+001 +9.503211808e+001 -4.5253e+000 +3.4571e+000 +3.8142e+000
742 0 +5.421584060e-001 +9.485215841e+001 +9.485215841e+001 -4.4195e+000 +3.5104e+000 +4.1191e+000
795 0 +5.325681428e-001 +9.484256814e+001 +9.484256814e+001 -4.4080e+000 +3.5045e+000 +4.1230e+000
812 0 +5.079191372e-001 +9.481791914e+001 +9.481791914e+001 -4.4324e+000 +3.4898e+000 +4.0468e+000
849 0 +5.011412504e-001 +9.481114125e+001 +9.481114125e+001 -4.4248e+000 +3.4837e+000 +4.0440e+000
865 0 +4.892393702e-001 +9.479923937e+001 +9.479923937e+001 -4.4266e+000 +3.4834e+000 +4.0404e+000
878 0 +4.684026135e-001 +9.477840261e+001 +9.477840261e+001 -4.4024e+000 +3.4783e+000 +4.0671e+000
879 0 +4.548999311e-001 +9.476489993e+001 +9.476489993e+001 -4.3950e+000 +3.4608e+000 +4.0354e+000
881 0 +4.190220837e-001 +9.472902208e+001 +9.472902208e+001 -4.3548e+000 +3.4303e+000 +4.0242e+000
885 0 +4.021474738e-001 +9.471214747e+001 +9.471214747e+001 -4.3644e+000 +3.4021e+000 +3.9384e+000
888 0 +3.976924620e-001 +9.470769246e+001 +9.470769246e+001 -4.3642e+000 +3.3907e+000 +3.9104e+000
889 0 +3.769109351e-001 +9.468691094e+001 +9.468691094e+001 -4.3484e+000 +3.3701e+000 +3.8845e+000
900 0 +3.459566830e-001 +9.465595668e+001 +9.465595668e+001 -4.3170e+000 +3.3014e+000 +3.7639e+000
905 0 +3.330986029e-001 +9.464309860e+001 +9.464309860e+001 -4.3112e+000 +3.3002e+000 +3.7704e+000
937 0 +3.298421592e-001 +9.463984216e+001 +9.463984216e+001 -4.3025e+000 +3.2864e+000 +3.7498e+000
941 0 +3.141134203e-001 +9.462411342e+001 +9.462411342e+001 -4.2758e+000 +3.2669e+000 +3.7443e+000
943 0 +2.969256813e-001 +9.460692568e+001 +9.460692568e+001 -4.2860e+000 +3.2871e+000 +3.7784e+000
950 0 +2.819301466e-001 +9.459193015e+001 +9.459193015e+001 -4.2889e+000 +3.3007e+000 +3.8080e+000
955 0 +2.514320869e-001 +9.456143209e+001 +9.456143209e+001 -4.2446e+000 +3.2554e+000 +3.7664e+000
957 0 +2.294004051e-001 +9.453940041e+001 +9.453940041e+001 -4.2187e+000 +3.2378e+000 +3.7646e+000
963 0 +2.148179908e-001 +9.452481799e+001 +9.452481799e+001 -4.1501e+000 +3.1759e+000 +3.7213e+000
965 0 +1.923353485e-001 +9.450233535e+001 +9.450233535e+001 -4.1822e+000 +3.1862e+000 +3.6954e+000
969 0 +1.784132039e-001 +9.448841320e+001 +9.448841320e+001 -4.0471e+000 +3.0743e+000 +3.6348e+000
970 0 +1.223542260e-001 +9.443235423e+001 +9.443235423e+001 -4.0486e+000 +3.0908e+000 +3.6746e+000
977 0 +1.011563367e-001 +9.441115634e+001 +9.441115634e+001 -4.0259e+000 +3.0934e+000 +3.7178e+000
980 0 +6.212306042e-002 +9.437212306e+001 +9.437212306e+001 -3.9238e+000 +3.0269e+000 +3.7177e+000
985 0 +4.714712155e-002 +9.435714712e+001 +9.435714712e+001 -3.9680e+000 +3.0953e+000 +3.8170e+000
986 0 +4.140613567e-002 +9.435140614e+001 +9.435140614e+001 -3.8831e+000 +3.0134e+000 +3.7502e+000
994 0 +2.329679125e-002 +9.433329679e+001 +9.433329679e+001 -3.8866e+000 +3.0683e+000 +3.8822e+000
1004 0 +2.145247923e-002 +9.433145248e+001 +9.433145248e+001 -3.7998e+000 +3.0248e+000 +3.9146e+000
1016 0 +2.089299904e-002 +9.433089300e+001 +9.433089300e+001 -3.7851e+000 +2.9945e+000 +3.8626e+000
1022 0 +2.162826548e-003 +9.431216283e+001 +9.431216283e+001 -3.8105e+000 +3.0373e+000 +3.9281e+000
1032 0 +3.265535308e-004 +9.431032655e+001 +9.431032655e+001 -3.8217e+000 +3.0550e+000 +3.9539e+000
1042 0 +2.955155072e-004 +9.431029552e+001 +9.431029552e+001 -3.8260e+000 +3.0551e+000 +3.9471e+000
1051 0 +1.603373744e-005 +9.431001603e+001 +9.431001603e+001 -3.8234e+000 +3.0516e+000 +3.9426e+000
1158 0 +2.368223335e-006 +9.431000237e+001 +9.431000237e+001 -3.8257e+000 +3.0520e+000 +3.9400e+000
1201 0 +8.101226143e-007 +9.431000081e+001 +9.431000081e+001 -3.8256e+000 +3.0524e+000 +3.9411e+000
1228 0 +7.092653789e-007 +9.431000071e+001 +9.431000071e+001 -3.8259e+000 +3.0523e+000 +3.9404e+000
1243 0 +3.401095654e-007 +9.431000034e+001 +9.431000034e+001 -3.8260e+000 +3.0527e+000 +3.9412e+000
1256 0 +6.070554548e-008 +9.431000006e+001 +9.431000006e+001 -3.8262e+000 +3.0527e+000 +3.9408e+000
1264 0 +1.937560512e-008 +9.431000002e+001 +9.431000002e+001 -3.8264e+000 +3.0528e+000 +3.9408e+000
1281 0 +1.553954121e-008 +9.431000002e+001 +9.431000002e+001 -3.8264e+000 +3.0527e+000 +3.9407e+000
1298 0 +1.089247803e-009 +9.431000000e+001 +9.431000000e+001 -3.8264e+000 +3.0528e+000 +3.9408e+000
% f evaluations | g evaluations | best noise-free fitness - Fopt (-1.436900000000e+002) + sum g_i+ | measured fitness | best measured fitness or single-digit g-values | x1 | x2...
1 0 +2.161800136e+007 +2.161785767e+007 +2.161785767e+007 +5.8187e-001 -3.3737e+000 -1.1885e+000
2 0 +3.745265573e+005 +3.743828673e+005 +3.743828673e+005 +3.1175e+000 +2.6536e+000 +1.4306e+000
9 0 +3.635417266e+005 +3.633980366e+005 +3.633980366e+005 +5.0000e+000 +2.3054e+000 -1.4790e+000
11 0 +2.020045760e+003 +1.876355760e+003 +1.876355760e+003 +3.5632e+000 +2.3223e+000 +7.5635e-001
12 0 +8.478936249e+002 +7.042036249e+002 +7.042036249e+002 +3.5715e+000 +2.2874e+000 +9.2000e-001
33 0 +1.220430845e+002 -2.164691550e+001 -2.164691550e+001 +2.2148e+000 +2.1015e+000 -1.2005e+000
47 0 +1.023812058e+002 -4.130879416e+001 -4.130879416e+001 +3.5632e+000 +2.1851e+000 +1.5836e+000
51 0 +5.611151002e+001 -8.757848998e+001 -8.757848998e+001 +3.9502e+000 +2.2387e+000 +2.0255e+000
71 0 +5.004306335e+001 -9.364693665e+001 -9.364693665e+001 +3.8465e+000 +2.2759e+000 +1.4570e+000
79 0 +3.625678061e+001 -1.074332194e+002 -1.074332194e+002 +4.1553e+000 +2.3906e+000 +1.3296e+000
82 0 +2.935616782e+001 -1.143338322e+002 -1.143338322e+002 +3.1952e+000 +1.9696e+000 +2.3615e+000
88 0 +2.657023894e+001 -1.171197611e+002 -1.171197611e+002 +3.4838e+000 +1.9903e+000 +2.9026e+000
106 0 +2.599838795e+001 -1.176916121e+002 -1.176916121e+002 +3.6126e+000 +2.0391e+000 +2.8473e+000
128 0 +2.475051654e+001 -1.189394835e+002 -1.189394835e+002 +3.4745e+000 +1.9703e+000 +3.0536e+000
164 0 +2.449306944e+001 -1.191969306e+002 -1.191969306e+002 +3.3540e+000 +2.0719e+000 +1.9094e+000
186 0 +2.371008369e+001 -1.199799163e+002 -1.199799163e+002 +3.3447e+000 +1.9508e+000 +2.8799e+000
195 0 +2.303788257e+001 -1.206521174e+002 -1.206521174e+002 +3.2254e+000 +1.9239e+000 +2.7903e+000
204 0 +2.210793545e+001 -1.215820646e+002 -1.215820646e+002 +3.1391e+000 +1.9039e+000 +2.7336e+000
216 0 +2.128654641e+001 -1.224034536e+002 -1.224034536e+002 +3.0400e+000 +1.8868e+000 +2.6181e+000
227 0 +2.027454393e+001 -1.234154561e+002 -1.234154561e+002 +2.8417e+000 +1.8696e+000 +2.2474e+000
228 0 +1.726205297e+001 -1.264279470e+002 -1.264279470e+002 +2.5774e+000 +1.7648e+000 +2.4322e+000
238 0 +1.510675551e+001 -1.285832445e+002 -1.285832445e+002 +2.2930e+000 +1.6591e+000 +2.5688e+000
245 0 +1.226915404e+001 -1.314208460e+002 -1.314208460e+002 +1.8858e+000 +1.6533e+000 +1.5655e+000
249 0 +9.830982257e+000 -1.338590177e+002 -1.338590177e+002 +1.4962e+000 +1.5564e+000 +1.3605e+000
253 0 +8.923934835e+000 -1.347660652e+002 -1.347660652e+002 +2.2992e-001 +1.2786e+000 +3.8216e-001
256 0 +7.989250084e+000 -1.357007499e+002 -1.357007499e+002 -2.1770e-001 +1.1549e+000 +2.4515e-001
257 0 +7.262748039e+000 -1.364272520e+002 -1.364272520e+002 +3.2734e-001 +1.2534e+000 +8.3863e-001
275 0 +6.813404979e+000 -1.368765950e+002 -1.368765950e+002 -8.1801e-001 +9.6862e-001 +2.3392e-001
277 0 +4.885934296e+000 -1.388040657e+002 -1.388040657e+002 -2.8549e-001 +1.0681e+000 +7.8577e-001
286 0 +4.409076157e+000 -1.392809238e+002 -1.392809238e+002 -2.9088e-001 +1.0303e+000 +1.0804e+000
293 0 +4.126860520e+000 -1.395631395e+002 -1.395631395e+002 -2.4749e-001 +1.0316e+000 +1.1833e+000
294 0 +3.175322767e+000 -1.405146772e+002 -1.405146772e+002 -1.2831e+000 +7.4473e-001 +8.7803e-001
317 0 +2.912255937e+000 -1.407777441e+002 -1.407777441e+002 -1.0505e+000 +7.8400e-001 +1.1543e+000
323 0 +2.687089939e+000 -1.410029101e+002 -1.410029101e+002 -6.2972e-001 +8.6949e-001 +1.5357e+000
325 0 +2.535042026e+000 -1.411549580e+002 -1.411549580e+002 -9.4684e-001 +7.9255e-001 +1.3530e+000
327 0 +2.321867792e+000 -1.413681322e+002 -1.413681322e+002 -7.7500e-001 +8.1985e-001 +1.5705e+000
330 0 +1.993092824e+000 -1.416969072e+002 -1.416969072e+002 -1.7244e+000 +5.3317e-001 +1.4854e+000
334 0 +1.269113656e+000 -1.424208863e+002 -1.424208863e+002 -1.0601e+000 +6.3851e-001 +2.3307e+000
363 0 +1.156423541e+000 -1.425335765e+002 -1.425335765e+002 -1.0359e+000 +6.1079e-001 +2.6226e+000
369 0 +1.110885185e+000 -1.425791148e+002 -1.425791148e+002 -1.2007e+000 +5.4925e-001 +2.7049e+000
376 0 +1.078592451e+000 -1.426114075e+002 -1.426114075e+002 -1.4417e+000 +5.0749e-001 +2.4271e+000
382 0 +1.035345537e+000 -1.426546545e+002 -1.426546545e+002 -1.5950e+000 +4.3262e-001 +2.6500e+000
384 0 +9.909441747e-001 -1.426990558e+002 -1.426990558e+002 -1.6918e+000 +4.3749e-001 +2.3600e+000
386 0 +9.386485179e-001 -1.427513515e+002 -1.427513515e+002 -1.7234e+000 +4.3703e-001 +2.2826e+000
390 0 +7.743086388e-001 -1.429156914e+002 -1.429156914e+002 -1.3618e+000 +5.2637e-001 +2.4789e+000
392 0 +3.425775970e-001 -1.433474224e+002 -1.433474224e+002 -1.3714e+000 +5.0993e-001 +2.5933e+000
396 0 +3.034354641e-001 -1.433865645e+002 -1.433865645e+002 -8.9981e-001 +6.3158e-001 +2.8115e+000
405 0 +2.057651208e-002 -1.436694235e+002 -1.436694235e+002 -1.4327e+000 +5.0948e-001 +2.4441e+000
420 0 +5.433174819e-003 -1.436845668e+002 -1.436845668e+002 -1.3559e+000 +5.2848e-001 +2.4851e+000
462 0 +2.595938127e-003 -1.436874041e+002 -1.436874041e+002 -1.3352e+000 +5.2777e-001 +2.5442e+000
472 0 +1.080013349e-004 -1.436898920e+002 -1.436898920e+002 -1.3706e+000 +5.1764e-001 +2.5364e+000
527 0 +9.387530469e-005 -1.436899061e+002 -1.436899061e+002 -1.3686e+000 +5.1847e-001 +2.5346e+000
536 0 +6.118570954e-005 -1.436899388e+002 -1.436899388e+002 -1.3674e+000 +5.2050e-001 +2.5209e+000
539 0 +3.519818810e-005 -1.436899648e+002 -1.436899648e+002 -1.3731e+000 +5.1746e-001 +2.5312e+000
551 0 +1.111082483e-005 -1.436899889e+002 -1.436899889e+002 -1.3690e+000 +5.1924e-001 +2.5271e+000
576 0 +2.132169072e-007 -1.436899998e+002 -1.436899998e+002 -1.3716e+000 +5.1853e-001 +2.5263e+000
620 0 +1.066111963e-007 -1.436899999e+002 -1.436899999e+002 -1.3718e+000 +5.1848e-001 +2.5261e+000
636 0 +8.026236742e-008 -1.436899999e+002 -1.436899999e+002 -1.3719e+000 +5.1845e-001 +2.5262e+000
640 0 +2.380858177e-008 -1.436900000e+002 -1.436900000e+002 -1.3721e+000 +5.1837e-001 +2.5264e+000
671 0 +1.761949875e-008 -1.436900000e+002 -1.436900000e+002 -1.3721e+000 +5.1839e-001 +2.5263e+000
673 0 +1.275506634e-008 -1.436900000e+002 -1.436900000e+002 -1.3720e+000 +5.1840e-001 +2.5263e+000
677 0 +9.838259984e-009 -1.436900000e+002 -1.436900000e+002 -1.3721e+000 +5.1837e-001 +2.5265e+000
% f evaluations | g evaluations | best noise-free fitness - Fopt (-3.533800000000e+002) + sum g_i+ | measured fitness | best measured fitness or single-digit g-values | x1 | x2...
1 0 +1.440837276e+007 +1.440801938e+007 +1.440801938e+007 -4.1362e+000 -4.5139e+000 +1.5409e+000
3 0 +8.708681800e+006 +8.708328420e+006 +8.708328420e+006 -1.3911e+000 +4.0582e+000 -1.9783e+000
7 0 +4.904198184e+006 +4.903844804e+006 +4.903844804e+006 +6.6471e-001 -3.3617e+000 -2.7170e+000
9 0 +2.741554688e+006 +2.741201308e+006 +2.741201308e+006 -5.0000e+000 -5.0000e+000 -1.9894e+000
10 0 +1.878752390e+006 +1.878399010e+006 +1.878399010e+006 -4.2096e+000 -1.9787e+000 -3.7359e+000
12 0 +3.605836360e+003 +3.252456360e+003 +3.252456360e+003 +1.2620e+000 +2.0072e+000 -1.1596e+000
16 0 +3.523426886e+001 -3.181457311e+002 -3.181457311e+002 +6.8511e-001 +1.1759e+000 -1.5642e+000
103 0 +2.676745870e+001 -3.266125413e+002 -3.266125413e+002 +6.6886e-001 +1.2707e+000 -1.4603e+000
112 0 +1.499781632e+001 -3.383821837e+002 -3.383821837e+002 -3.1222e-001 +1.5872e+000 -5.0839e-001
119 0 +1.116805408e+001 -3.422119459e+002 -3.422119459e+002 -8.2976e-001 +1.4942e+000 -2.7717e-001
173 0 +7.727679657e+000 -3.456523203e+002 -3.456523203e+002 -1.2202e+000 +1.7582e+000 +2.4396e-001
212 0 +3.194228211e+000 -3.501857718e+002 -3.501857718e+002 -2.0931e+000 +1.9581e+000 +1.0045e+000
238 0 +6.623237082e-001 -3.527176763e+002 -3.527176763e+002 -3.1302e+000 +1.9187e+000 +1.6215e+000
286 0 +7.712733648e-002 -3.533028727e+002 -3.533028727e+002 -3.5656e+000 +1.7078e+000 +1.6773e+000
291 0 +1.931187060e-002 -3.533606881e+002 -3.533606881e+002 -3.7169e+000 +1.4845e+000 +1.5408e+000
323 0 +1.322537810e-003 -3.533786775e+002 -3.533786775e+002 -3.5919e+000 +1.5179e+000 +1.4964e+000
366 0 +2.155749528e-004 -3.533797844e+002 -3.533797844e+002 -3.6243e+000 +1.5034e+000 +1.5019e+000
423 0 +8.203294709e-005 -3.533799180e+002 -3.533799180e+002 -3.6325e+000 +1.5037e+000 +1.5074e+000
448 0 +1.004934950e-005 -3.533799900e+002 -3.533799900e+002 -3.6242e+000 +1.5074e+000 +1.5060e+000
463 0 +3.069746583e-006 -3.533799969e+002 -3.533799969e+002 -3.6228e+000 +1.5068e+000 +1.5044e+000
465 0 +2.511928415e-006 -3.533799975e+002 -3.533799975e+002 -3.6239e+000 +1.5064e+000 +1.5048e+000
498 0 +8.988731679e-007 -3.533799991e+002 -3.533799991e+002 -3.6246e+000 +1.5056e+000 +1.5044e+000
499 0 +4.322460541e-007 -3.533799996e+002 -3.533799996e+002 -3.6238e+000 +1.5053e+000 +1.5035e+000
521 0 +4.037054850e-007 -3.533799996e+002 -3.533799996e+002 -3.6235e+000 +1.5060e+000 +1.5041e+000
531 0 +3.680862619e-007 -3.533799996e+002 -3.533799996e+002 -3.6238e+000 +1.5057e+000 +1.5039e+000
536 0 +1.615955512e-007 -3.533799998e+002 -3.533799998e+002 -3.6236e+000 +1.5057e+000 +1.5039e+000
548 0 +3.283560090e-009 -3.533800000e+002 -3.533800000e+002 -3.6240e+000 +1.5056e+000 +1.5040e+000
% f evaluations | g evaluations | best noise-free fitness - Fopt (-2.910000000000e+000) + sum g_i+ | measured fitness | best measured fitness or single-digit g-values | x1 | x2...
1 0 +3.972305360e+007 +3.972305069e+007 +3.972305069e+007 +4.6897e+000 -4.1098e+000 -4.4738e+000
2 0 +2.311140193e+005 +2.311111093e+005 +2.311111093e+005 +3.5827e+000 -4.8334e-001 +3.0484e+000
4 0 +1.789048250e+005 +1.789019150e+005 +1.789019150e+005 -9.6667e-001 -3.7788e+000 +2.5300e-002
7 0 +4.303185237e+004 +4.302894237e+004 +4.302894237e+004 +7.6065e-001 -3.9419e+000 +1.1585e+000
8 0 +9.726076836e+003 +9.723166836e+003 +9.723166836e+003 +4.9097e-001 +4.9798e-001 -4.8161e-001
11 0 +5.741645220e+003 +5.738735220e+003 +5.738735220e+003 +1.5015e+000 -2.3185e+000 +1.7314e+000
23 0 +3.125416916e+001 +2.834416916e+001 +2.834416916e+001 +8.6415e-001 +1.9654e-001 +2.3965e-001
30 0 +2.114714998e+001 +1.823714998e+001 +1.823714998e+001 +8.7310e-001 +8.1402e-001 +4.9180e-002
83 0 +1.258743128e+001 +9.677431282e+000 +9.677431282e+000 +1.5209e+000 +4.7469e-001 +9.6507e-001
87 0 +1.166248524e+001 +8.752485240e+000 +8.752485240e+000 +1.4835e+000 +9.0251e-001 +7.7465e-001
91 0 +1.055613758e+001 +7.646137575e+000 +7.646137575e+000 +1.6309e+000 +5.7866e-001 +1.0656e+000
103 0 +7.397100423e+000 +4.487100423e+000 +4.487100423e+000 +2.0556e+000 +5.8838e-001 +1.5875e+000
139 0 +6.242642258e+000 +3.332642258e+000 +3.332642258e+000 +2.2332e+000 +5.1995e-001 +1.8287e+000
144 0 +5.916171002e+000 +3.006171002e+000 +3.006171002e+000 +2.6930e+000 +2.1426e-001 +2.4999e+000
148 0 +3.452387479e+000 +5.423874789e-001 +5.423874789e-001 +2.9070e+000 +3.9175e-001 +2.7021e+000
187 0 +2.985684374e+000 +7.568437369e-002 +7.568437369e-002 +3.3938e+000 +1.2888e-001 +3.3915e+000
192 0 +2.543032500e+000 -3.669675001e-001 -3.669675001e-001 +3.2403e+000 +3.7703e-001 +3.1209e+000
214 0 +2.163152087e+000 -7.468479135e-001 -7.468479135e-001 +3.2433e+000 +4.3519e-001 +3.1042e+000
239 0 +2.066955224e+000 -8.430447763e-001 -8.430447763e-001 +3.2358e+000 +5.2545e-001 +3.0652e+000
261 0 +2.024214120e+000 -8.857858799e-001 -8.857858799e-001 +3.3015e+000 +5.7150e-001 +3.1310e+000
273 0 +1.948774690e+000 -9.612253097e-001 -9.612253097e-001 +3.4146e+000 +6.5698e-001 +3.2425e+000
277 0 +1.864025115e+000 -1.045974885e+000 -1.045974885e+000 +3.4139e+000 +7.3038e-001 +3.2170e+000
282 0 +1.596105088e+000 -1.313894912e+000 -1.313894912e+000 +3.5437e+000 +7.8529e-001 +3.3594e+000
285 0 +1.382029373e+000 -1.527970627e+000 -1.527970627e+000 +3.3562e+000 +9.0212e-001 +3.0889e+000
287 0 +7.428779460e-001 -2.167122054e+000 -2.167122054e+000 +3.6853e+000 +1.0269e+000 +3.4540e+000
293 0 +6.173133083e-001 -2.292686692e+000 -2.292686692e+000 +3.6639e+000 +1.1147e+000 +3.3985e+000
313 0 +5.226480323e-001 -2.387351968e+000 -2.387351968e+000 +3.5747e+000 +1.1983e+000 +3.2606e+000
318 0 +3.671887729e-001 -2.542811227e+000 -2.542811227e+000 +3.8501e+000 +1.3875e+000 +3.5381e+000
321 0 +2.316009090e-001 -2.678399091e+000 -2.678399091e+000 +3.8154e+000 +1.5174e+000 +3.4522e+000
324 0 +1.528396620e-001 -2.757160338e+000 -2.757160338e+000 +3.7231e+000 +1.5762e+000 +3.3189e+000
331 0 +1.384839932e-001 -2.771516007e+000 -2.771516007e+000 +3.7656e+000 +1.6945e+000 +3.3324e+000
334 0 +1.024184792e-001 -2.807581521e+000 -2.807581521e+000 +3.7329e+000 +1.8746e+000 +3.2324e+000
340 0 +6.701059235e-002 -2.842989408e+000 -2.842989408e+000 +3.6904e+000 +1.7562e+000 +3.2189e+000
348 0 +4.067083471e-002 -2.869329165e+000 -2.869329165e+000 +3.6351e+000 +1.9680e+000 +3.0803e+000
354 0 +3.486694598e-002 -2.875133054e+000 -2.875133054e+000 +3.7762e+000 +1.8050e+000 +3.3085e+000
367 0 +8.503949929e-003 -2.901496050e+000 -2.901496050e+000 +3.7181e+000 +1.8817e+000 +3.2111e+000
374 0 +1.817245866e-003 -2.908182754e+000 -2.908182754e+000 +3.7139e+000 +1.9294e+000 +3.1902e+000
385 0 +7.275337900e-005 -2.909927247e+000 -2.909927247e+000 +3.7319e+000 +1.9236e+000 +3.2144e+000
422 0 +3.645578481e-005 -2.909963544e+000 -2.909963544e+000 +3.7332e+000 +1.9225e+000 +3.2163e+000
445 0 +7.784278256e-006 -2.909992216e+000 -2.909992216e+000 +3.7330e+000 +1.9209e+000 +3.2166e+000
462 0 +2.501133185e-006 -2.909997499e+000 -2.909997499e+000 +3.7335e+000 +1.9233e+000 +3.2165e+000
503 0 +9.486702401e-007 -2.909999051e+000 -2.909999051e+000 +3.7344e+000 +1.9224e+000 +3.2179e+000
546 0 +3.926087024e-007 -2.909999607e+000 -2.909999607e+000 +3.7346e+000 +1.9228e+000 +3.2180e+000
550 0 +2.131877457e-007 -2.909999787e+000 -2.909999787e+000 +3.7343e+000 +1.9230e+000 +3.2175e+000
564 0 +1.764735358e-007 -2.909999824e+000 -2.909999824e+000 +3.7345e+000 +1.9235e+000 +3.2176e+000
574 0 +4.178257074e-008 -2.909999958e+000 -2.909999958e+000 +3.7344e+000 +1.9234e+000 +3.2175e+000
581 0 +1.447387987e-009 -2.909999999e+000 -2.909999999e+000 +3.7344e+000 +1.9232e+000 +3.2176e+000
% f evaluations | g evaluations | best noise-free fitness - Fopt (-2.970000000000e+000) + sum g_i+ | measured fitness | best measured fitness or single-digit g-values | x1 | x2...
1 0 +7.034771791e+006 +7.034768821e+006 +7.034768821e+006 -9.2140e-001 +2.1036e+000 -1.9262e+000
3 0 +5.755097948e+006 +5.755094978e+006 +5.755094978e+006 +3.3634e-002 +2.1489e+000 -1.1909e+000
6 0 +4.249896561e+005 +4.249866861e+005 +4.249866861e+005 +2.9151e+000 +7.8886e-001 -3.6192e+000
8 0 +1.202603482e+005 +1.202573782e+005 +1.202573782e+005 +5.0000e+000 +1.1510e+000 -8.7290e-001
11 0 +1.089220701e+004 +1.088923701e+004 +1.088923701e+004 +5.0000e+000 +5.0000e+000 +5.0000e+000
13 0 +1.061841097e+004 +1.061544097e+004 +1.061544097e+004 +2.7329e+000 +3.2874e+000 -1.3259e+000
39 0 +1.147468210e+003 +1.144498210e+003 +1.144498210e+003 +3.2911e+000 +4.2330e+000 +1.1658e+000
68 0 +2.609358411e+001 +2.312358411e+001 +2.312358411e+001 +3.5041e+000 +3.9266e+000 +1.0086e+000
92 0 +1.372440728e+001 +1.075440728e+001 +1.075440728e+001 +2.9008e+000 +3.2287e+000 -9.6075e-001
120 0 +1.099924717e+001 +8.029247170e+000 +8.029247170e+000 +3.1248e+000 +3.1870e+000 -7.3324e-001
121 0 +8.427501303e+000 +5.457501303e+000 +5.457501303e+000 +2.9116e+000 +2.9365e+000 -1.4337e+000
180 0 +6.840049403e+000 +3.870049403e+000 +3.870049403e+000 +2.7722e+000 +2.7202e+000 -1.9763e+000
204 0 +6.102057691e+000 +3.132057691e+000 +3.132057691e+000 +2.6629e+000 +2.5320e+000 -2.4343e+000
216 0 +5.712129512e+000 +2.742129512e+000 +2.742129512e+000 +2.7071e+000 +2.5923e+000 -2.2763e+000
228 0 +4.852503799e+000 +1.882503799e+000 +1.882503799e+000 +2.6457e+000 +2.5661e+000 -2.4025e+000
240 0 +3.996861441e+000 +1.026861441e+000 +1.026861441e+000 +2.5221e+000 +2.4696e+000 -2.7267e+000
252 0 +3.859152022e+000 +8.891520220e-001 +8.891520220e-001 +2.5097e+000 +2.4515e+000 -2.7731e+000
257 0 +3.462949722e+000 +4.929497215e-001 +4.929497215e-001 +2.4896e+000 +2.3612e+000 -2.9509e+000
261 0 +3.104624844e+000 +1.346248436e-001 +1.346248436e-001 +2.6143e+000 +2.3100e+000 -2.8726e+000
274 0 +3.083204313e+000 +1.132043135e-001 +1.132043135e-001 +2.6207e+000 +2.3132e+000 -2.8604e+000
282 0 +2.876009356e+000 -9.399064378e-002 -9.399064378e-002 +2.6052e+000 +2.2250e+000 -3.0278e+000
287 0 +2.619533885e+000 -3.504661154e-001 -3.504661154e-001 +2.7149e+000 +2.1495e+000 -3.0110e+000
310 0 +2.548633202e+000 -4.213667976e-001 -4.213667976e-001 +2.7672e+000 +2.1109e+000 -3.0064e+000
319 0 +2.248152414e+000 -7.218475856e-001 -7.218475856e-001 +2.9929e+000 +2.1146e+000 -2.7048e+000
325 0 +2.192973616e+000 -7.770263837e-001 -7.770263837e-001 +3.0041e+000 +2.0373e+000 -2.8192e+000
327 0 +2.157561437e+000 -8.124385629e-001 -8.124385629e-001 +3.1002e+000 +2.0725e+000 -2.6346e+000
334 0 +2.078869994e+000 -8.911300060e-001 -8.911300060e-001 +3.2215e+000 +2.0088e+000 -2.5824e+000
338 0 +1.952284592e+000 -1.017715408e+000 -1.017715408e+000 +3.1918e+000 +1.9650e+000 -2.6942e+000
352 0 +1.940175136e+000 -1.029824864e+000 -1.029824864e+000 +3.5344e+000 +1.9162e+000 -2.3262e+000
354 0 +1.877572398e+000 -1.092427602e+000 -1.092427602e+000 +3.7940e+000 +1.8067e+000 -2.1696e+000
355 0 +1.669995999e+000 -1.300004001e+000 -1.300004001e+000 +3.4515e+000 +1.8555e+000 -2.5377e+000
357 0 +9.679541017e-001 -2.002045898e+000 -2.002045898e+000 +3.7416e+000 +1.6874e+000 -2.4387e+000
386 0 +6.645218999e-001 -2.305478100e+000 -2.305478100e+000 +3.8358e+000 +1.5433e+000 -2.5568e+000
391 0 +6.263769500e-001 -2.343623050e+000 -2.343623050e+000 +3.8982e+000 +1.4674e+000 -2.6022e+000
397 0 +3.180544012e-001 -2.651945599e+000 -2.651945599e+000 +3.9924e+000 +1.3233e+000 -2.7203e+000
402 0 +1.017997490e-001 -2.868200251e+000 -2.868200251e+000 +4.0998e+000 +1.0381e+000 -3.0577e+000
407 0 +4.913010292e-002 -2.920869897e+000 -2.920869897e+000 +4.1391e+000 +1.0198e+000 -3.0363e+000
427 0 +6.991715293e-003 -2.963008285e+000 -2.963008285e+000 +4.0301e+000 +1.0480e+000 -3.1320e+000
435 0 +2.311587758e-003 -2.967688412e+000 -2.967688412e+000 +3.9594e+000 +1.0933e+000 -3.1488e+000
473 0 +6.134483101e-006 -2.969993866e+000 -2.969993866e+000 +3.9765e+000 +1.0635e+000 -3.1764e+000
582 0 +9.811987089e-008 -2.969999902e+000 -2.969999902e+000 +3.9776e+000 +1.0625e+000 -3.1765e+000
604 0 +7.488948883e-008 -2.969999925e+000 -2.969999925e+000 +3.9776e+000 +1.0623e+000 -3.1770e+000
676 0 +5.207179532e-008 -2.969999948e+000 -2.969999948e+000 +3.9775e+000 +1.0625e+000 -3.1768e+000
682 0 +4.640889628e-008 -2.969999954e+000 -2.969999954e+000 +3.9776e+000 +1.0624e+000 -3.1769e+000
694 0 +4.812306109e-010 -2.970000000e+000 -2.970000000e+000 +3.9776e+000 +1.0624e+000 -3.1768e+000
% f evaluations | g evaluations | best noise-free fitness - Fopt (2.996300000000e+002) + sum g_i+ | measured fitness | best measured fitness or single-digit g-values | x1 | x2...
1 0 +2.424801602e+007 +2.424831565e+007 +2.424831565e+007 -6.6311e-001 +4.1851e+000 -4.2900e+000
3 0 +6.881661164e+006 +6.881960794e+006 +6.881960794e+006 -4.1295e+000 -4.0697e+000 +2.6139e+000
4 0 +3.813254089e+006 +3.813553719e+006 +3.813553719e+006 +4.4005e+000 -1.0952e-001 +4.0239e+000
7 0 +2.382465182e+006 +2.382764812e+006 +2.382764812e+006 -2.8295e+000 +8.0183e-001 -2.3469e+000
8 0 +2.828496707e+005 +2.831493007e+005 +2.831493007e+005 -5.0000e+000 -1.0052e+000 -5.0000e+000
11 0 +3.584341846e+004 +3.614304846e+004 +3.614304846e+004 -3.7347e+000 -3.4811e-001 -5.0000e+000
21 0 +7.096139117e+003 +7.395769117e+003 +7.395769117e+003 -1.4291e+000 -6.1736e-001 -5.0000e+000
53 0 +3.437694933e+003 +3.737324933e+003 +3.737324933e+003 -2.6941e-001 -9.3015e-001 -3.1781e+000
66 0 +2.404141305e+002 +5.400441305e+002 +5.400441305e+002 -1.9593e+000 -7.8732e-001 -3.7298e+000
80 0 +8.845706768e+000 +3.084757068e+002 +3.084757068e+002 -1.9120e+000 -7.6279e-001 -4.1378e+000
147 0 +2.695692424e+000 +3.023256924e+002 +3.023256924e+002 -6.4611e-001 -9.0098e-001 -3.6916e+000
170 0 +2.686961482e+000 +3.023169615e+002 +3.023169615e+002 -8.5325e-001 -8.7246e-001 -3.8182e+000
207 0 +2.563602478e+000 +3.021936025e+002 +3.021936025e+002 -8.2896e-001 -8.7626e-001 -3.8074e+000
216 0 +2.193320374e+000 +3.018233204e+002 +3.018233204e+002 -5.3912e-001 -9.0886e-001 -3.6992e+000
221 0 +1.984676154e+000 +3.016146762e+002 +3.016146762e+002 -4.9969e-001 -9.1672e-001 -3.6510e+000
222 0 +1.875715891e+000 +3.015057159e+002 +3.015057159e+002 -4.4471e-001 -9.2212e-001 -3.6397e+000
229 0 +1.433573696e+000 +3.010635737e+002 +3.010635737e+002 -3.5220e-001 -9.3202e-001 -3.6092e+000
243 0 +1.353296881e+000 +3.009832969e+002 +3.009832969e+002 -3.2840e-001 -9.3466e-001 -3.5962e+000
252 0 +1.163290521e+000 +3.007932905e+002 +3.007932905e+002 -1.9609e-001 -9.5272e-001 -3.5252e+000
263 0 +9.171501871e-001 +3.005471502e+002 +3.005471502e+002 +5.1302e-001 -1.0353e+000 -3.2391e+000
264 0 +7.654668104e-001 +3.003954668e+002 +3.003954668e+002 -7.5642e-002 -9.6478e-001 -3.4871e+000
274 0 +4.202669340e-001 +3.000502669e+002 +3.000502669e+002 +1.6280e-001 -9.9169e-001 -3.4010e+000
275 0 +2.259483569e-001 +2.998559484e+002 +2.998559484e+002 +4.0469e-001 -1.0213e+000 -3.2891e+000
282 0 +1.571687676e-001 +2.997871688e+002 +2.997871688e+002 +6.3523e-001 -1.0465e+000 -3.2108e+000
287 0 +1.364367565e-001 +2.997664368e+002 +2.997664368e+002 +5.7078e-001 -1.0396e+000 -3.2293e+000
300 0 +1.163645183e-001 +2.997463645e+002 +2.997463645e+002 +6.8030e-001 -1.0514e+000 -3.1946e+000
344 0 +9.156020434e-002 +2.997215602e+002 +2.997215602e+002 +6.4868e-001 -1.0433e+000 -3.2474e+000
364 0 +9.085506216e-002 +2.997208551e+002 +2.997208551e+002 +6.9943e-001 -1.0496e+000 -3.2239e+000
371 0 +8.252090011e-002 +2.997125209e+002 +2.997125209e+002 +6.3190e-001 -1.0393e+000 -3.2740e+000
376 0 +7.727862156e-002 +2.997072786e+002 +2.997072786e+002 +6.7501e-001 -1.0436e+000 -3.2619e+000
389 0 +7.084240742e-002 +2.997008424e+002 +2.997008424e+002 +6.4468e-001 -1.0388e+000 -3.2857e+000
390 0 +6.444679881e-002 +2.996944468e+002 +2.996944468e+002 +6.7823e-001 -1.0417e+000 -3.2812e+000
404 0 +6.001023773e-002 +2.996900102e+002 +2.996900102e+002 +6.7043e-001 -1.0383e+000 -3.3071e+000
407 0 +5.546181059e-002 +2.996854618e+002 +2.996854618e+002 +7.0887e-001 -1.0426e+000 -3.2932e+000
409 0 +5.334459600e-002 +2.996833446e+002 +2.996833446e+002 +6.7295e-001 -1.0372e+000 -3.3188e+000
411 0 +5.078156472e-002 +2.996807816e+002 +2.996807816e+002 +7.1188e-001 -1.0372e+000 -3.3439e+000
418 0 +4.525785512e-002 +2.996752579e+002 +2.996752579e+002 +7.3949e-001 -1.0435e+000 -3.3057e+000
430 0 +4.118921784e-002 +2.996711892e+002 +2.996711892e+002 +7.7384e-001 -1.0453e+000 -3.3123e+000
441 0 +4.032932150e-002 +2.996703293e+002 +2.996703293e+002 +7.2770e-001 -1.0400e+000 -3.3298e+000
448 0 +3.891543946e-002 +2.996689154e+002 +2.996689154e+002 +7.6083e-001 -1.0425e+000 -3.3282e+000
449 0 +3.660180897e-002 +2.996666018e+002 +2.996666018e+002 +7.8800e-001 -1.0437e+000 -3.3359e+000
468 0 +3.497508444e-002 +2.996649751e+002 +2.996649751e+002 +8.1058e-001 -1.0447e+000 -3.3410e+000
505 0 +3.260495793e-002 +2.996626050e+002 +2.996626050e+002 +8.1425e-001 -1.0447e+000 -3.3438e+000
512 0 +3.192199191e-002 +2.996619220e+002 +2.996619220e+002 +8.0374e-001 -1.0432e+000 -3.3504e+000
523 0 +2.999323558e-002 +2.996599932e+002 +2.996599932e+002 +7.9637e-001 -1.0430e+000 -3.3472e+000
527 0 +2.732248243e-002 +2.996573225e+002 +2.996573225e+002 +7.8215e-001 -1.0408e+000 -3.3584e+000
532 0 +2.613159253e-002 +2.996561316e+002 +2.996561316e+002 +8.0684e-001 -1.0432e+000 -3.3528e+000
551 0 +2.456580798e-002 +2.996545658e+002 +2.996545658e+002 +7.5880e-001 -1.0383e+000 -3.3662e+000
558 0 +2.446621915e-002 +2.996544662e+002 +2.996544662e+002 +7.9093e-001 -1.0416e+000 -3.3569e+000
594 0 +2.392179317e-002 +2.996539218e+002 +2.996539218e+002 +7.8600e-001 -1.0409e+000 -3.3598e+000
611 0 +2.170938527e-002 +2.996517094e+002 +2.996517094e+002 +7.7031e-001 -1.0379e+000 -3.3774e+000
624 0 +2.047461470e-002 +2.996504746e+002 +2.996504746e+002 +7.3201e-001 -1.0320e+000 -3.4056e+000
629 0 +1.955346748e-002 +2.996495535e+002 +2.996495535e+002 +7.6573e-001 -1.0373e+000 -3.3797e+000
633 0 +1.924400798e-002 +2.996492440e+002 +2.996492440e+002 +7.2057e-001 -1.0315e+000 -3.4028e+000
638 0 +1.808435056e-002 +2.996480844e+002 +2.996480844e+002 +7.1395e-001 -1.0300e+000 -3.4126e+000
652 0 +1.438404918e-002 +2.996443840e+002 +2.996443840e+002 +7.4141e-001 -1.0331e+000 -3.4023e+000
658 0 +1.406484327e-002 +2.996440648e+002 +2.996440648e+002 +7.1851e-001 -1.0291e+000 -3.4241e+000
666 0 +1.084331449e-002 +2.996408433e+002 +2.996408433e+002 +7.2340e-001 -1.0283e+000 -3.4342e+000
671 0 +9.161922318e-003 +2.996391619e+002 +2.996391619e+002 +7.5162e-001 -1.0321e+000 -3.4185e+000
675 0 +8.404343276e-003 +2.996384043e+002 +2.996384043e+002 +7.6503e-001 -1.0335e+000 -3.4147e+000
676 0 +7.572632779e-003 +2.996375726e+002 +2.996375726e+002 +7.5825e-001 -1.0323e+000 -3.4208e+000
678 0 +6.819579568e-003 +2.996368196e+002 +2.996368196e+002 +7.6330e-001 -1.0323e+000 -3.4246e+000
680 0 +5.969398845e-003 +2.996359694e+002 +2.996359694e+002 +7.7063e-001 -1.0325e+000 -3.4272e+000
697 0 +5.735163360e-003 +2.996357352e+002 +2.996357352e+002 +7.9902e-001 -1.0338e+000 -3.4345e+000
698 0 +4.362174352e-003 +2.996343622e+002 +2.996343622e+002 +7.6536e-001 -1.0304e+000 -3.4434e+000
701 0 +3.151355118e-003 +2.996331514e+002 +2.996331514e+002 +7.7851e-001 -1.0302e+000 -3.4543e+000
702 0 +3.008134047e-003 +2.996330081e+002 +2.996330081e+002 +8.1575e-001 -1.0305e+000 -3.4759e+000
704 0 +2.507798179e-003 +2.996325078e+002 +2.996325078e+002 +8.0423e-001 -1.0306e+000 -3.4672e+000
714 0 +1.694220989e-003 +2.996316942e+002 +2.996316942e+002 +8.1790e-001 -1.0292e+000 -3.4898e+000
732 0 +9.767309016e-004 +2.996309767e+002 +2.996309767e+002 +8.0692e-001 -1.0287e+000 -3.4862e+000
744 0 +9.316075555e-004 +2.996309316e+002 +2.996309316e+002 +7.9085e-001 -1.0276e+000 -3.4855e+000
748 0 +6.576980426e-004 +2.996306577e+002 +2.996306577e+002 +8.0165e-001 -1.0281e+000 -3.4888e+000
750 0 +4.938400743e-004 +2.996304938e+002 +2.996304938e+002 +8.0021e-001 -1.0273e+000 -3.4945e+000
767 0 +4.582178555e-004 +2.996304582e+002 +2.996304582e+002 +7.9680e-001 -1.0264e+000 -3.5008e+000
772 0 +4.304063962e-004 +2.996304304e+002 +2.996304304e+002 +8.0130e-001 -1.0270e+000 -3.4982e+000
809 0 +4.263864622e-004 +2.996304264e+002 +2.996304264e+002 +8.0413e-001 -1.0259e+000 -3.5103e+000
830 0 +3.860176543e-004 +2.996303860e+002 +2.996303860e+002 +7.9741e-001 -1.0269e+000 -3.4968e+000
838 0 +3.069885458e-004 +2.996303070e+002 +2.996303070e+002 +7.9890e-001 -1.0268e+000 -3.4989e+000
845 0 +2.688284083e-004 +2.996302688e+002 +2.996302688e+002 +7.9828e-001 -1.0268e+000 -3.4986e+000
846 0 +2.554772294e-004 +2.996302555e+002 +2.996302555e+002 +7.9612e-001 -1.0262e+000 -3.5019e+000
853 0 +2.170656650e-004 +2.996302171e+002 +2.996302171e+002 +7.9678e-001 -1.0261e+000 -3.5040e+000
856 0 +1.689967910e-004 +2.996301690e+002 +2.996301690e+002 +7.9834e-001 -1.0259e+000 -3.5063e+000
863 0 +1.530677093e-004 +2.996301531e+002 +2.996301531e+002 +7.9757e-001 -1.0260e+000 -3.5053e+000
866 0 +1.126937992e-004 +2.996301127e+002 +2.996301127e+002 +7.9727e-001 -1.0255e+000 -3.5100e+000
875 0 +8.424241327e-005 +2.996300842e+002 +2.996300842e+002 +7.9537e-001 -1.0258e+000 -3.5058e+000
891 0 +3.824738297e-005 +2.996300382e+002 +2.996300382e+002 +7.9209e-001 -1.0255e+000 -3.5062e+000
894 0 +2.269640117e-005 +2.996300227e+002 +2.996300227e+002 +7.9057e-001 -1.0252e+000 -3.5077e+000
896 0 +1.463414247e-005 +2.996300146e+002 +2.996300146e+002 +7.8843e-001 -1.0252e+000 -3.5065e+000
920 0 +8.139406702e-006 +2.996300081e+002 +2.996300081e+002 +7.8762e-001 -1.0251e+000 -3.5068e+000
927 0 +6.625192611e-006 +2.996300066e+002 +2.996300066e+002 +7.8729e-001 -1.0249e+000 -3.5084e+000
939 0 +1.323041886e-006 +2.996300013e+002 +2.996300013e+002 +7.8704e-001 -1.0249e+000 -3.5083e+000
958 0 +1.228633607e-006 +2.996300012e+002 +2.996300012e+002 +7.8537e-001 -1.0248e+000 -3.5085e+000
970 0 +1.147632247e-007 +2.996300001e+002 +2.996300001e+002 +7.8647e-001 -1.0248e+000 -3.5085e+000
987 0 +5.683051540e-008 +2.996300001e+002 +2.996300001e+002 +7.8632e-001 -1.0248e+000 -3.5089e+000
1004 0 +7.537266811e-009 +2.996300000e+002 +2.996300000e+002 +7.8636e-001 -1.0248e+000 -3.5087e+000
