% f evaluations | g evaluations | best noise-free fitness - Fopt (7.627000000000e+001) + sum g_i+ | measured fitness | best measured fitness or single-digit g-values | x1 | x2...
1 0 +2.651110601e+005 +2.651873301e+005 +2.651873301e+005 -9.8331e-001 -2.6043e+000
8 0 +2.281459839e+003 +2.357729839e+003 +2.357729839e+003 -1.9826e+000 -2.8675e+000
34 0 +9.195042482e+000 +8.546504248e+001 +8.546504248e+001 -3.1036e+000 -2.4635e+000
76 0 +7.809843287e+000 +8.407984329e+001 +8.407984329e+001 -3.2677e+000 -2.4152e+000
84 0 +5.945750698e+000 +8.221575070e+001 +8.221575070e+001 -3.3028e+000 -2.4022e+000
110 0 +5.832961067e+000 +8.210296107e+001 +8.210296107e+001 -3.2825e+000 -2.4094e+000
115 0 +5.590312667e+000 +8.186031267e+001 +8.186031267e+001 -3.2604e+000 -2.4159e+000
125 0 +5.438897141e+000 +8.170889714e+001 +8.170889714e+001 -3.1831e+000 -2.4400e+000
128 0 +5.165640717e+000 +8.143564072e+001 +8.143564072e+001 -3.1465e+000 -2.4518e+000
143 0 +4.625627935e+000 +8.089562793e+001 +8.089562793e+001 -2.9980e+000 -2.4987e+000
159 0 +4.562063641e+000 +8.083206364e+001 +8.083206364e+001 -2.9943e+000 -2.5001e+000
161 0 +4.356751578e+000 +8.062675158e+001 +8.062675158e+001 -2.9313e+000 -2.5200e+000
168 0 +4.026301097e+000 +8.029630110e+001 +8.029630110e+001 -2.8216e+000 -2.5547e+000
169 0 +3.820410968e+000 +8.009041097e+001 +8.009041097e+001 -2.7555e+000 -2.5757e+000
170 0 +3.600550753e+000 +7.987055075e+001 +7.987055075e+001 -2.6229e+000 -2.6172e+000
218 0 +3.532846739e+000 +7.980284674e+001 +7.980284674e+001 -2.5922e+000 -2.6269e+000
223 0 +3.453044018e+000 +7.972304402e+001 +7.972304402e+001 -2.6100e+000 -2.6215e+000
264 0 +3.376948848e+000 +7.964694885e+001 +7.964694885e+001 -2.6006e+000 -2.6247e+000
303 0 +3.301807662e+000 +7.957180766e+001 +7.957180766e+001 -2.5707e+000 -2.6340e+000
336 0 +3.222128056e+000 +7.949212806e+001 +7.949212806e+001 -2.5437e+000 -2.6428e+000
350 0 +3.148799780e+000 +7.941879978e+001 +7.941879978e+001 -2.4978e+000 -2.6575e+000
355 0 +3.072981914e+000 +7.934298191e+001 +7.934298191e+001 -2.4855e+000 -2.6613e+000
360 0 +3.016187243e+000 +7.928618724e+001 +7.928618724e+001 -2.4695e+000 -2.6663e+000
369 0 +2.942670136e+000 +7.921267014e+001 +7.921267014e+001 -2.4484e+000 -2.6730e+000
370 0 +2.861465914e+000 +7.913146591e+001 +7.913146591e+001 -2.4269e+000 -2.6797e+000
377 0 +2.814569587e+000 +7.908456959e+001 +7.908456959e+001 -2.4130e+000 -2.6841e+000
386 0 +2.737090068e+000 +7.900709007e+001 +7.900709007e+001 -2.3895e+000 -2.6914e+000
393 0 +2.686834232e+000 +7.895683423e+001 +7.895683423e+001 -2.3738e+000 -2.6964e+000
403 0 +2.604497310e+000 +7.887449731e+001 +7.887449731e+001 -2.3459e+000 -2.7051e+000
408 0 +2.545094761e+000 +7.881509476e+001 +7.881509476e+001 -2.3278e+000 -2.7108e+000
410 0 +2.503964959e+000 +7.877396496e+001 +7.877396496e+001 -2.3119e+000 -2.7158e+000
415 0 +2.426339338e+000 +7.869633934e+001 +7.869633934e+001 -2.2831e+000 -2.7249e+000
420 0 +2.341384615e+000 +7.861138462e+001 +7.861138462e+001 -2.2540e+000 -2.7340e+000
426 0 +2.194042628e+000 +7.846404263e+001 +7.846404263e+001 -2.1863e+000 -2.7553e+000
429 0 +2.135445810e+000 +7.840544581e+001 +7.840544581e+001 -2.1630e+000 -2.7626e+000
433 0 +2.022141152e+000 +7.829214115e+001 +7.829214115e+001 -2.1011e+000 -2.7821e+000
434 0 +1.912110829e+000 +7.818211083e+001 +7.818211083e+001 -2.0306e+000 -2.8042e+000
439 0 +1.847586848e+000 +7.811758685e+001 +7.811758685e+001 -1.9404e+000 -2.8326e+000
472 0 +1.800894440e+000 +7.807089444e+001 +7.807089444e+001 -1.9505e+000 -2.8294e+000
504 0 +1.776639641e+000 +7.804663964e+001 +7.804663964e+001 -1.9368e+000 -2.8338e+000
527 0 +1.723687614e+000 +7.799368761e+001 +7.799368761e+001 -1.9413e+000 -2.8324e+000
552 0 +1.685227240e+000 +7.795522724e+001 +7.795522724e+001 -1.9173e+000 -2.8399e+000
564 0 +1.659133157e+000 +7.792913316e+001 +7.792913316e+001 -1.9216e+000 -2.8386e+000
623 0 +1.620354072e+000 +7.789035407e+001 +7.789035407e+001 -1.9232e+000 -2.8381e+000
633 0 +1.092671175e+000 +7.736267117e+001 +7.736267117e+001 -1.9176e+000 -2.8408e+000
673 0 +1.068278370e+000 +7.733827837e+001 +7.733827837e+001 -1.9130e+000 -2.8421e+000
685 0 +1.045155721e+000 +7.731515572e+001 +7.731515572e+001 -1.9056e+000 -2.8444e+000
704 0 +1.022780331e+000 +7.729278033e+001 +7.729278033e+001 -1.8978e+000 -2.8469e+000
706 0 +9.986318099e-001 +7.726863181e+001 +7.726863181e+001 -1.8893e+000 -2.8496e+000
711 0 +9.762502377e-001 +7.724625024e+001 +7.724625024e+001 -1.8807e+000 -2.8523e+000
718 0 +9.365976847e-001 +7.720659768e+001 +7.720659768e+001 -1.8661e+000 -2.8569e+000
725 0 +9.311369595e-001 +7.720113696e+001 +7.720113696e+001 -1.8641e+000 -2.8575e+000
733 0 +8.897867060e-001 +7.715978671e+001 +7.715978671e+001 -1.8490e+000 -2.8623e+000
742 0 +8.698373862e-001 +7.713983739e+001 +7.713983739e+001 -1.8414e+000 -2.8647e+000
750 0 +8.428009353e-001 +7.711280094e+001 +7.711280094e+001 -1.8303e+000 -2.8682e+000
753 0 +8.189012316e-001 +7.708890123e+001 +7.708890123e+001 -1.8194e+000 -2.8716e+000
756 0 +7.887862303e-001 +7.705878623e+001 +7.705878623e+001 -1.8035e+000 -2.8766e+000
763 0 +7.601085573e-001 +7.703010856e+001 +7.703010856e+001 -1.7874e+000 -2.8817e+000
770 0 +7.387468882e-001 +7.700874689e+001 +7.700874689e+001 -1.7757e+000 -2.8854e+000
771 0 +7.189508156e-001 +7.698895082e+001 +7.698895082e+001 -1.7655e+000 -2.8886e+000
778 0 +6.765247846e-001 +7.694652478e+001 +7.694652478e+001 -1.7437e+000 -2.8955e+000
779 0 +6.491086264e-001 +7.691910863e+001 +7.691910863e+001 -1.7286e+000 -2.9002e+000
782 0 +6.221989316e-001 +7.689219893e+001 +7.689219893e+001 -1.7114e+000 -2.9057e+000
790 0 +5.911583105e-001 +7.686115831e+001 +7.686115831e+001 -1.6847e+000 -2.9141e+000
793 0 +5.782964417e-001 +7.684829644e+001 +7.684829644e+001 -1.6679e+000 -2.9193e+000
794 0 +5.684498622e-001 +7.683844986e+001 +7.683844986e+001 -1.6515e+000 -2.9245e+000
795 0 +5.562954758e-001 +7.682629548e+001 +7.682629548e+001 -1.6217e+000 -2.9339e+000
801 0 +5.470130699e-001 +7.681701307e+001 +7.681701307e+001 -1.5959e+000 -2.9421e+000
806 0 +5.342764788e-001 +7.680427648e+001 +7.680427648e+001 -1.5651e+000 -2.9518e+000
816 0 +5.079483521e-001 +7.677794835e+001 +7.677794835e+001 -1.4874e+000 -2.9763e+000
826 0 +4.911083993e-001 +7.676110840e+001 +7.676110840e+001 -1.5021e+000 -2.9717e+000
829 0 +4.828214005e-001 +7.675282140e+001 +7.675282140e+001 -1.4911e+000 -2.9751e+000
836 0 +4.570792996e-001 +7.672707930e+001 +7.672707930e+001 -1.4697e+000 -2.9819e+000
840 0 +4.317334488e-001 +7.670173345e+001 +7.670173345e+001 -1.4483e+000 -2.9887e+000
843 0 +4.249680881e-001 +7.669496809e+001 +7.669496809e+001 -1.4573e+000 -2.9859e+000
845 0 +3.612213656e-001 +7.663122137e+001 +7.663122137e+001 -1.3420e+000 -3.0223e+000
849 0 +3.538813573e-001 +7.662388136e+001 +7.662388136e+001 -1.3033e+000 -3.0345e+000
850 0 +2.514838206e-001 +7.652148382e+001 +7.652148382e+001 -1.1905e+000 -3.0702e+000
851 0 +1.762010451e-001 +7.644620105e+001 +7.644620105e+001 -1.0562e+000 -3.1127e+000
859 0 +1.680510360e-001 +7.643805104e+001 +7.643805104e+001 -1.1173e+000 -3.0934e+000
863 0 +1.558500475e-001 +7.642585005e+001 +7.642585005e+001 -1.0641e+000 -3.1103e+000
866 0 +8.074124319e-002 +7.635074124e+001 +7.635074124e+001 -8.1210e-001 -3.1901e+000
868 0 +7.568025583e-002 +7.634568026e+001 +7.634568026e+001 -8.9891e-001 -3.1626e+000
878 0 +6.539811725e-002 +7.633539812e+001 +7.633539812e+001 -8.8928e-001 -3.1657e+000
886 0 +6.063109857e-002 +7.633063110e+001 +7.633063110e+001 -8.3538e-001 -3.1828e+000
890 0 +4.799704247e-002 +7.631799704e+001 +7.631799704e+001 -9.9822e-001 -3.1313e+000
892 0 +4.523769961e-002 +7.631523770e+001 +7.631523770e+001 -9.4673e-001 -3.1476e+000
907 0 +1.289652583e-002 +7.628289653e+001 +7.628289653e+001 -9.4735e-001 -3.1474e+000
910 0 +2.442636196e-003 +7.627244264e+001 +7.627244264e+001 -8.9582e-001 -3.1639e+000
913 0 +1.508174583e-003 +7.627150817e+001 +7.627150817e+001 -9.0774e-001 -3.1601e+000
917 0 +3.899049125e-004 +7.627038990e+001 +7.627038990e+001 -9.3428e-001 -3.1517e+000
931 0 +1.299642253e-004 +7.627012996e+001 +7.627012996e+001 -9.3040e-001 -3.1529e+000
939 0 +1.592232125e-005 +7.627001592e+001 +7.627001592e+001 -9.4139e-001 -3.1495e+000
949 0 +2.305432176e-006 +7.627000231e+001 +7.627000231e+001 -9.3707e-001 -3.1508e+000
953 0 +1.118747605e-006 +7.627000112e+001 +7.627000112e+001 -9.3751e-001 -3.1507e+000
975 0 +5.099456644e-007 +7.627000051e+001 +7.627000051e+001 -9.3794e-001 -3.1505e+000
984 0 +2.207379168e-007 +7.627000022e+001 +7.627000022e+001 -9.3807e-001 -3.1505e+000
986 0 +1.990006382e-007 +7.627000020e+001 +7.627000020e+001 -9.3802e-001 -3.1505e+000
987 0 +7.297698801e-008 +7.627000007e+001 +7.627000007e+001 -9.3818e-001 -3.1505e+000
999 0 +2.925698084e-008 +7.627000003e+001 +7.627000003e+001 -9.3825e-001 -3.1504e+000
1005 0 +1.047666842e-009 +7.627000000e+001 +7.627000000e+001 -9.3837e-001 -3.1504e+000
% f evaluations | g evaluations | best noise-free fitness - Fopt (-2.255000000000e+001) + sum g_i+ | measured fitness | best measured fitness or single-digit g-values | x1 | x2...
1 0 +1.714499199e+006 +1.714476649e+006 +1.714476649e+006 +2.6460e+000 -1.3643e+000
2 0 +4.815457017e+005 +4.815231517e+005 +4.815231517e+005 +1.5742e+000 +3.4400e+000
6 0 +1.573790302e+005 +1.573564802e+005 +1.573564802e+005 +2.6027e+000 +3.6666e+000
7 0 +1.814764862e+004 +1.812509862e+004 +1.812509862e+004 +2.8602e+000 +2.1120e+000
9 0 +1.019963865e+004 +1.017708865e+004 +1.017708865e+004 +2.6631e+000 +2.6159e+000
16 0 +2.292288005e+000 -2.025771199e+001 -2.025771199e+001 +2.4046e+000 +3.0505e+000
37 0 +1.251143030e+000 -2.129885697e+001 -2.129885697e+001 +2.5212e+000 +2.7146e+000
48 0 +8.301825758e-002 -2.246698174e+001 -2.246698174e+001 +2.5336e+000 +2.6736e+000
86 0 +7.375821623e-002 -2.247624178e+001 -2.247624178e+001 +2.5000e+000 +2.7743e+000
95 0 +3.037422192e-002 -2.251962578e+001 -2.251962578e+001 +2.5391e+000 +2.6586e+000
106 0 +4.719367670e-004 -2.254952806e+001 -2.254952806e+001 +2.5591e+000 +2.5993e+000
135 0 +1.307071648e-005 -2.254998693e+001 -2.254998693e+001 +2.5660e+000 +2.5787e+000
149 0 +3.672652678e-006 -2.254999633e+001 -2.254999633e+001 +2.5658e+000 +2.5794e+000
158 0 +4.528479138e-007 -2.254999955e+001 -2.254999955e+001 +2.5658e+000 +2.5794e+000
171 0 +8.666897600e-008 -2.254999991e+001 -2.254999991e+001 +2.5655e+000 +2.5803e+000
178 0 +6.750425996e-009 -2.254999999e+001 -2.254999999e+001 +2.5656e+000 +2.5801e+000
% f evaluations | g evaluations | best noise-free fitness - Fopt (1.366000000000e+001) + sum g_i+ | measured fitness | best measured fitness or single-digit g-values | x1 | x2...
1 0 +7.831970578e+004 +7.833336578e+004 +7.833336578e+004 +1.1213e+000 +2.8443e+000
7 0 +4.590528488e+003 +4.604188488e+003 +4.604188488e+003 -1.6838e+000 -1.1400e+000
8 0 +4.444904001e+003 +4.458564001e+003 +4.458564001e+003 -1.7076e+000 -1.1821e+000
29 0 +4.876855333e+002 +5.013455333e+002 +5.013455333e+002 -1.1713e+000 -3.8994e-001
34 0 +7.545350254e+000 +2.120535025e+001 +2.120535025e+001 -9.9411e-001 -1.3948e-001
97 0 +6.888476304e+000 +2.054847630e+001 +2.054847630e+001 -8.1901e-001 +1.5064e-001
103 0 +5.919450251e+000 +1.957945025e+001 +1.957945025e+001 -8.6738e-001 +7.2556e-002
107 0 +5.618882936e+000 +1.927888294e+001 +1.927888294e+001 -7.9816e-001 +1.8642e-001
119 0 +5.486199688e+000 +1.914619969e+001 +1.914619969e+001 -7.9661e-001 +1.9073e-001
120 0 +5.314418209e+000 +1.897441821e+001 +1.897441821e+001 -7.8856e-001 +2.0381e-001
121 0 +4.903269509e+000 +1.856326951e+001 +1.856326951e+001 -5.4986e-001 +6.0223e-001
129 0 +4.754124444e+000 +1.841412444e+001 +1.841412444e+001 -5.4684e-001 +6.0713e-001
137 0 +4.673243608e+000 +1.833324361e+001 +1.833324361e+001 -5.5550e-001 +5.9261e-001
168 0 +3.650796051e+000 +1.731079605e+001 +1.731079605e+001 -4.2765e-001 +8.0466e-001
192 0 +3.146320146e+000 +1.680632015e+001 +1.680632015e+001 -4.2665e-001 +8.0466e-001
216 0 +2.974472726e+000 +1.663447273e+001 +1.663447273e+001 -3.9658e-001 +8.5505e-001
222 0 +2.899706209e+000 +1.655970621e+001 +1.655970621e+001 -3.8507e-001 +8.7403e-001
231 0 +2.751966581e+000 +1.641196658e+001 +1.641196658e+001 -3.5385e-001 +9.2629e-001
237 0 +2.665794404e+000 +1.632579440e+001 +1.632579440e+001 -3.3892e-001 +9.5113e-001
240 0 +2.437997659e+000 +1.609799766e+001 +1.609799766e+001 -2.7946e-001 +1.0503e+000
241 0 +2.396968951e+000 +1.605696895e+001 +1.605696895e+001 -2.7443e-001 +1.0587e+000
244 0 +2.029248404e+000 +1.568924840e+001 +1.568924840e+001 -1.4716e-001 +1.2711e+000
257 0 +1.848976782e+000 +1.550897678e+001 +1.550897678e+001 -1.3313e-001 +1.2943e+000
270 0 +1.680996939e+000 +1.534099694e+001 +1.534099694e+001 -1.1634e-001 +1.3221e+000
279 0 +1.632774643e+000 +1.529277464e+001 +1.529277464e+001 -6.4645e-002 +1.4083e+000
286 0 +1.535501514e+000 +1.519550151e+001 +1.519550151e+001 -8.7644e-002 +1.3698e+000
292 0 +1.472350371e+000 +1.513235037e+001 +1.513235037e+001 -2.9430e-002 +1.4669e+000
295 0 +1.406989246e+000 +1.506698925e+001 +1.506698925e+001 -2.5540e-002 +1.4733e+000
303 0 +1.327309881e+000 +1.498730988e+001 +1.498730988e+001 -4.6011e-002 +1.4390e+000
304 0 +1.253648136e+000 +1.491364814e+001 +1.491364814e+001 -1.4662e-002 +1.4912e+000
308 0 +1.224574225e+000 +1.488457423e+001 +1.488457423e+001 +3.7108e-002 +1.5774e+000
319 0 +1.173951972e+000 +1.483395197e+001 +1.483395197e+001 +1.0825e-001 +1.6958e+000
330 0 +1.141919949e+000 +1.480191995e+001 +1.480191995e+001 +1.9389e-002 +1.5478e+000
332 0 +1.113180889e+000 +1.477318089e+001 +1.477318089e+001 +2.2835e-001 +1.8955e+000
336 0 +9.434577292e-001 +1.460345773e+001 +1.460345773e+001 +1.3922e-001 +1.7470e+000
342 0 +4.422726922e-001 +1.410227269e+001 +1.410227269e+001 +1.0523e-001 +1.6895e+000
347 0 +3.933850289e-001 +1.405338503e+001 +1.405338503e+001 +8.2625e-002 +1.6516e+000
352 0 +2.908882264e-001 +1.395088823e+001 +1.395088823e+001 +2.0882e-001 +1.8617e+000
357 0 +2.555747813e-001 +1.391557478e+001 +1.391557478e+001 +1.6206e-001 +1.7833e+000
364 0 +2.132978094e-001 +1.387329781e+001 +1.387329781e+001 +2.0383e-001 +1.8530e+000
365 0 +1.472673648e-001 +1.380726736e+001 +1.380726736e+001 +2.4087e-001 +1.9141e+000
374 0 +9.658120001e-002 +1.375658120e+001 +1.375658120e+001 +2.7845e-001 +1.9765e+000
384 0 +5.163275361e-002 +1.371163275e+001 +1.371163275e+001 +3.3591e-001 +2.0720e+000
386 0 +3.498800430e-002 +1.369498800e+001 +1.369498800e+001 +3.4208e-001 +2.0824e+000
391 0 +1.391653375e-002 +1.367391653e+001 +1.367391653e+001 +4.3712e-001 +2.2402e+000
393 0 +6.753862510e-004 +1.366067539e+001 +1.366067539e+001 +4.2260e-001 +2.2163e+000
407 0 +1.659348639e-004 +1.366016593e+001 +1.366016593e+001 +4.2201e-001 +2.2154e+000
431 0 +9.635002444e-005 +1.366009635e+001 +1.366009635e+001 +4.2770e-001 +2.2249e+000
434 0 +2.098832187e-006 +1.366000210e+001 +1.366000210e+001 +4.2728e-001 +2.2241e+000
444 0 +4.717714308e-007 +1.366000047e+001 +1.366000047e+001 +4.2688e-001 +2.2235e+000
465 0 +5.200028852e-009 +1.366000001e+001 +1.366000001e+001 +4.2720e-001 +2.2240e+000
% f evaluations | g evaluations | best noise-free fitness - Fopt (9.378400000000e+002) + sum g_i+ | measured fitness | best measured fitness or single-digit g-values | x1 | x2...
1 0 +4.097267763e+005 +4.106646163e+005 +4.106646163e+005 -1.3455e+000 +3.0246e+000
3 0 +1.259475653e+004 +1.353259653e+004 +1.353259653e+004 +3.9961e-001 +4.4672e+000
7 0 +4.649212218e+003 +5.587052218e+003 +5.587052218e+003 -2.5012e+000 +2.4126e-001
8 0 +7.243440386e+001 +1.010274404e+003 +1.010274404e+003 -1.0285e+000 +2.4399e+000
9 0 +5.502470303e+001 +9.928647030e+002 +9.928647030e+002 -1.0551e+000 +2.3963e+000
49 0 +5.341053107e+000 +9.431810531e+002 +9.431810531e+002 -7.7967e-001 +2.8129e+000
71 0 +6.749131894e-001 +9.385149132e+002 +9.385149132e+002 -7.5898e-001 +2.8499e+000
108 0 +6.217390764e-001 +9.384617391e+002 +9.384617391e+002 -7.4739e-001 +2.8679e+000
109 0 +1.093360418e-001 +9.379493360e+002 +9.379493360e+002 -4.6998e-001 +3.3054e+000
115 0 +3.302145110e-002 +9.378730215e+002 +9.378730215e+002 -2.8563e-001 +3.5957e+000
140 0 +7.032783747e-004 +9.378407033e+002 +9.378407033e+002 -2.8576e-001 +3.5958e+000
176 0 +4.786314059e-005 +9.378400479e+002 +9.378400479e+002 -2.9374e-001 +3.5832e+000
185 0 +4.653020846e-005 +9.378400465e+002 +9.378400465e+002 -2.9921e-001 +3.5746e+000
193 0 +1.175190164e-006 +9.378400012e+002 +9.378400012e+002 -2.9663e-001 +3.5787e+000
205 0 +1.450644049e-008 +9.378400000e+002 +9.378400000e+002 -2.9684e-001 +3.5783e+000
253 0 +1.799776328e-009 +9.378400000e+002 +9.378400000e+002 -2.9681e-001 +3.5784e+000
% f evaluations | g evaluations | best noise-free fitness - Fopt (-7.872000000000e+001) + sum g_i+ | measured fitness | best measured fitness or single-digit g-values | x1 | x2...
1 0 +5.418515971e+007 +5.418508099e+007 +5.418508099e+007 -4.6725e+000 +1.4602e+000
2 0 +3.403031044e+005 +3.402243844e+005 +3.402243844e+005 +3.9752e+000 -1.7924e+000
7 0 +4.334357061e+003 +4.255637061e+003 +4.255637061e+003 +1.3054e+000 -3.0134e+000
35 0 +1.989787673e+003 +1.911067673e+003 +1.911067673e+003 +1.0903e+000 -3.1293e+000
39 0 +1.081544628e+003 +1.002824628e+003 +1.002824628e+003 +1.0860e+000 -3.1201e+000
41 0 +7.254842253e+002 +6.467642253e+002 +6.467642253e+002 +1.1624e+000 -3.0596e+000
47 0 +4.612093511e+002 +3.824893511e+002 +3.824893511e+002 +1.1007e+000 -3.0972e+000
49 0 +5.637120838e+001 -2.234879162e+001 -2.234879162e+001 +4.7879e-001 -3.5233e+000
81 0 +4.159720848e+001 -3.712279152e+001 -3.712279152e+001 +5.2538e-001 -3.4877e+000
85 0 +1.028614915e+001 -6.843385085e+001 -6.843385085e+001 +7.6988e-001 -3.3067e+000
125 0 +9.459334505e+000 -6.926066550e+001 -6.926066550e+001 +8.6661e-001 -3.2376e+000
129 0 +8.768813539e+000 -6.995118646e+001 -6.995118646e+001 +9.4506e-001 -3.1820e+000
131 0 +7.224246028e+000 -7.149575397e+001 -7.149575397e+001 +1.8538e+000 -2.5310e+000
132 0 +7.010814637e+000 -7.170918536e+001 -7.170918536e+001 +1.4378e+000 -2.8288e+000
133 0 +5.779910886e+000 -7.294008911e+001 -7.294008911e+001 +1.6689e+000 -2.6639e+000
138 0 +4.020884960e+000 -7.469911504e+001 -7.469911504e+001 +1.9595e+000 -2.4569e+000
146 0 +3.787823093e+000 -7.493217691e+001 -7.493217691e+001 +2.0065e+000 -2.4234e+000
155 0 +3.488646773e+000 -7.523135323e+001 -7.523135323e+001 +2.0603e+000 -2.3852e+000
162 0 +3.077922924e+000 -7.564207708e+001 -7.564207708e+001 +2.1289e+000 -2.3364e+000
163 0 +2.876855282e+000 -7.584314472e+001 -7.584314472e+001 +2.1736e+000 -2.3046e+000
171 0 +2.704624002e+000 -7.601537600e+001 -7.601537600e+001 +2.2276e+000 -2.2659e+000
172 0 +2.632333419e+000 -7.608766658e+001 -7.608766658e+001 +2.2568e+000 -2.2450e+000
177 0 +2.025352302e+000 -7.669464770e+001 -7.669464770e+001 +2.3896e+000 -2.1503e+000
181 0 +1.299683090e+000 -7.742031691e+001 -7.742031691e+001 +2.5739e+000 -2.0187e+000
189 0 +1.043611962e+000 -7.767638804e+001 -7.767638804e+001 +2.6482e+000 -1.9657e+000
197 0 +6.230201117e-001 -7.809697989e+001 -7.809697989e+001 +2.8675e+000 -1.8091e+000
198 0 +4.502862155e-001 -7.826971378e+001 -7.826971378e+001 +3.0565e+000 -1.6741e+000
204 0 +4.291943925e-001 -7.829080561e+001 -7.829080561e+001 +3.2689e+000 -1.5224e+000
215 0 +3.040033013e-001 -7.841599670e+001 -7.841599670e+001 +3.4549e+000 -1.3897e+000
216 0 +2.800908917e-001 -7.843990911e+001 -7.843990911e+001 +3.2499e+000 -1.5362e+000
226 0 +2.126995774e-001 -7.850730042e+001 -7.850730042e+001 +3.4672e+000 -1.3811e+000
229 0 +1.528654634e-002 -7.870471345e+001 -7.870471345e+001 +3.4120e+000 -1.4209e+000
233 0 +5.752463305e-004 -7.871942475e+001 -7.871942475e+001 +3.4028e+000 -1.4276e+000
258 0 +8.266557356e-005 -7.871991733e+001 -7.871991733e+001 +3.4054e+000 -1.4258e+000
263 0 +3.953182542e-005 -7.871996047e+001 -7.871996047e+001 +3.4105e+000 -1.4221e+000
275 0 +7.496159142e-006 -7.871999250e+001 -7.871999250e+001 +3.4095e+000 -1.4228e+000
300 0 +1.069700389e-006 -7.871999893e+001 -7.871999893e+001 +3.4104e+000 -1.4221e+000
314 0 +2.714841685e-010 -7.872000000e+001 -7.872000000e+001 +3.4112e+000 -1.4216e+000
% f evaluations | g evaluations | best noise-free fitness - Fopt (-4.151000000000e+001) + sum g_i+ | measured fitness | best measured fitness or single-digit g-values | x1 | x2...
1 0 +1.367357803e+007 +1.367353652e+007 +1.367353652e+007 -2.8124e+000 +1.7582e+000
2 0 +7.343544705e+006 +7.343503195e+006 +7.343503195e+006 -8.2300e-001 -7.1581e-001
3 0 +5.410713925e+005 +5.410298825e+005 +5.410298825e+005 +2.2239e+000 +1.3400e+000
7 0 +2.996503805e+004 +2.992352805e+004 +2.992352805e+004 +2.0501e+000 -7.8706e-001
8 0 +2.401462708e+004 +2.397311708e+004 +2.397311708e+004 +2.0252e+000 -6.7905e-001
11 0 +3.354844727e+001 -7.961552734e+000 -7.961552734e+000 +3.4380e+000 -3.7281e+000
39 0 +3.808895654e+000 -3.770110435e+001 -3.770110435e+001 +2.8404e+000 -2.2875e+000
74 0 +1.386538347e-002 -4.149613462e+001 -4.149613462e+001 +2.4101e+000 -1.2337e+000
101 0 +2.373592605e-003 -4.150762641e+001 -4.150762641e+001 +2.4157e+000 -1.2471e+000
119 0 +2.765321496e-005 -4.150997235e+001 -4.150997235e+001 +2.4010e+000 -1.2112e+000
152 0 +6.386122152e-006 -4.150999361e+001 -4.150999361e+001 +2.3991e+000 -1.2067e+000
171 0 +2.103877037e-007 -4.150999979e+001 -4.150999979e+001 +2.3998e+000 -1.2084e+000
198 0 +1.801886640e-008 -4.150999998e+001 -4.150999998e+001 +2.3999e+000 -1.2087e+000
202 0 +5.626844768e-009 -4.150999999e+001 -4.150999999e+001 +2.4000e+000 -1.2088e+000
% f evaluations | g evaluations | best noise-free fitness - Fopt (1.320700000000e+002) + sum g_i+ | measured fitness | best measured fitness or single-digit g-values | x1 | x2...
1 0 +6.026587546e+004 +6.039794546e+004 +6.039794546e+004 -2.9712e+000 +1.4657e+000
8 0 +8.514999362e+002 +9.835699362e+002 +9.835699362e+002 -3.2094e+000 -2.8968e+000
20 0 +3.595263271e+002 +4.915963271e+002 +4.915963271e+002 -2.8380e+000 +2.0736e-001
28 0 +1.417507730e+002 +2.738207730e+002 +2.738207730e+002 -2.8698e+000 +1.9073e-001
41 0 +5.879580550e+001 +1.908658055e+002 +1.908658055e+002 -2.8357e+000 +3.3581e-001
55 0 +2.534683575e+001 +1.574168357e+002 +1.574168357e+002 -3.0118e+000 -1.2644e+000
69 0 +1.938409406e+001 +1.514540941e+002 +1.514540941e+002 -2.9210e+000 -4.1785e-001
78 0 +1.258913726e+001 +1.446591373e+002 +1.446591373e+002 -2.8478e+000 +2.8224e-001
93 0 +1.229463574e+001 +1.443646357e+002 +1.443646357e+002 -2.8460e+000 +3.1619e-001
95 0 +7.948342853e+000 +1.400183429e+002 +1.400183429e+002 -2.7303e+000 +1.3970e+000
103 0 +7.599967136e+000 +1.396699671e+002 +1.396699671e+002 -2.7302e+000 +1.3994e+000
108 0 +5.158584127e+000 +1.372285841e+002 +1.372285841e+002 -2.7090e+000 +1.6110e+000
109 0 +4.944297387e+000 +1.370142974e+002 +1.370142974e+002 -2.6570e+000 +2.0914e+000
111 0 +2.236801407e+000 +1.343068014e+002 +1.343068014e+002 -2.6492e+000 +2.1789e+000
120 0 +6.150240472e-001 +1.326850240e+002 +1.326850240e+002 -2.5679e+000 +2.9561e+000
145 0 +5.055148338e-001 +1.325755148e+002 +1.325755148e+002 -2.5464e+000 +3.1609e+000
169 0 +4.198538511e-001 +1.324898539e+002 +1.324898539e+002 -2.5265e+000 +3.3531e+000
172 0 +4.029510951e-001 +1.324729511e+002 +1.324729511e+002 -2.5330e+000 +3.2898e+000
188 0 +3.846836204e-001 +1.324546836e+002 +1.324546836e+002 -2.5348e+000 +3.2724e+000
190 0 +3.535803031e-001 +1.324235803e+002 +1.324235803e+002 -2.5380e+000 +3.2402e+000
191 0 +3.206727414e-001 +1.323906727e+002 +1.323906727e+002 -2.5227e+000 +3.3886e+000
202 0 +2.676560691e-001 +1.323376561e+002 +1.323376561e+002 -2.5341e+000 +3.2766e+000
206 0 +2.555260802e-001 +1.323255261e+002 +1.323255261e+002 -2.5340e+000 +3.2764e+000
210 0 +2.214214407e-001 +1.322914214e+002 +1.322914214e+002 -2.5316e+000 +3.2987e+000
211 0 +2.075166034e-001 +1.322775166e+002 +1.322775166e+002 -2.5203e+000 +3.4102e+000
215 0 +1.265832535e-001 +1.321965833e+002 +1.321965833e+002 -2.5088e+000 +3.5190e+000
220 0 +1.214401209e-001 +1.321914401e+002 +1.321914401e+002 -2.5178e+000 +3.4311e+000
227 0 +2.517001491e-002 +1.320951700e+002 +1.320951700e+002 -2.4985e+000 +3.6146e+000
236 0 +6.120038936e-003 +1.320761200e+002 +1.320761200e+002 -2.4742e+000 +3.8463e+000
247 0 +2.971934669e-003 +1.320729719e+002 +1.320729719e+002 -2.4815e+000 +3.7762e+000
261 0 +1.029534234e-004 +1.320701030e+002 +1.320701030e+002 -2.4823e+000 +3.7683e+000
268 0 +9.505124416e-005 +1.320700951e+002 +1.320700951e+002 -2.4825e+000 +3.7670e+000
299 0 +6.730993348e-005 +1.320700673e+002 +1.320700673e+002 -2.4824e+000 +3.7675e+000
313 0 +3.657740598e-005 +1.320700366e+002 +1.320700366e+002 -2.4822e+000 +3.7692e+000
324 0 +2.221577489e-005 +1.320700222e+002 +1.320700222e+002 -2.4817e+000 +3.7739e+000
325 0 +2.270053699e-006 +1.320700023e+002 +1.320700023e+002 -2.4818e+000 +3.7737e+000
331 0 +4.156348155e-008 +1.320700000e+002 +1.320700000e+002 -2.4816e+000 +3.7751e+000
345 0 +1.539120831e-009 +1.320700000e+002 +1.320700000e+002 -2.4816e+000 +3.7752e+000
% f evaluations | g evaluations | best noise-free fitness - Fopt (9.725000000000e+001) + sum g_i+ | measured fitness | best measured fitness or single-digit g-values | x1 | x2...
1 0 +5.838524346e+006 +5.838621596e+006 +5.838621596e+006 +6.7036e-001 +3.5910e+000
2 0 +3.277274515e+006 +3.277371765e+006 +3.277371765e+006 +1.1768e-001 +2.7466e+000
5 0 +2.421612412e+006 +2.421709662e+006 +2.421709662e+006 +2.3076e+000 -4.5488e-001
6 0 +2.981182340e+004 +2.990907340e+004 +2.990907340e+004 +1.2243e+000 +9.6550e-001
7 0 +2.485951947e+003 +2.583201947e+003 +2.583201947e+003 -1.0738e+000 +9.6280e-001
13 0 +4.990241718e+002 +5.962741718e+002 +5.962741718e+002 +7.8629e-001 +1.1189e+000
31 0 +5.994796414e+001 +1.571979641e+002 +1.571979641e+002 -1.3377e+000 +8.8156e-001
33 0 +2.086205722e+001 +1.181120572e+002 +1.181120572e+002 +1.7566e+000 +1.1950e+000
74 0 +6.145291023e-001 +9.786452910e+001 +9.786452910e+001 +1.4356e+000 +1.1596e+000
79 0 +2.563572197e-001 +9.750635722e+001 +9.750635722e+001 +6.3377e-001 +1.0819e+000
96 0 +2.201366813e-001 +9.747013668e+001 +9.747013668e+001 +1.0528e+000 +1.1222e+000
98 0 +1.735116464e-001 +9.742351165e+001 +9.742351165e+001 +9.5285e-001 +1.1124e+000
106 0 +3.994657518e-002 +9.728994658e+001 +9.728994658e+001 +5.0604e-001 +1.0691e+000
121 0 +4.260383201e-003 +9.725426038e+001 +9.725426038e+001 +5.1578e-001 +1.0699e+000
141 0 +2.488243488e-003 +9.725248824e+001 +9.725248824e+001 +5.3504e-001 +1.0718e+000
142 0 +2.123233829e-004 +9.725021232e+001 +9.725021232e+001 +5.8779e-001 +1.0769e+000
175 0 +1.401662460e-005 +9.725001402e+001 +9.725001402e+001 +5.7546e-001 +1.0757e+000
186 0 +6.885710064e-007 +9.725000069e+001 +9.725000069e+001 +5.7859e-001 +1.0760e+000
208 0 +3.172429786e-008 +9.725000003e+001 +9.725000003e+001 +5.7823e-001 +1.0760e+000
231 0 +8.051443956e-010 +9.725000000e+001 +9.725000000e+001 +5.7842e-001 +1.0760e+000
% f evaluations | g evaluations | best noise-free fitness - Fopt (-2.033000000000e+001) + sum g_i+ | measured fitness | best measured fitness or single-digit g-values | x1 | x2...
1 0 +2.618497238e+004 +2.616464238e+004 +2.616464238e+004 +4.0637e+000 +3.7073e+000
7 0 +3.321519741e+003 +3.301189741e+003 +3.301189741e+003 +3.4847e+000 +9.2538e-001
23 0 +3.100483954e+003 +3.080153954e+003 +3.080153954e+003 +3.7651e+000 +2.0694e+000
26 0 +7.533474899e+002 +7.330174899e+002 +7.330174899e+002 +3.4041e+000 +4.5246e-001
29 0 +2.936064080e+001 +9.030640796e+000 +9.030640796e+000 +3.6502e+000 +1.3303e+000
56 0 +7.996274848e+000 -1.233372515e+001 -1.233372515e+001 +3.5497e+000 +9.2865e-001
57 0 +3.202157193e+000 -1.712784281e+001 -1.712784281e+001 +3.6482e+000 +1.3397e+000
61 0 +1.934454505e+000 -1.839554549e+001 -1.839554549e+001 +3.6220e+000 +1.2364e+000
67 0 +1.168083275e+000 -1.916191672e+001 -1.916191672e+001 +3.7161e+000 +1.6281e+000
95 0 +3.822651442e-001 -1.994773486e+001 -1.994773486e+001 +3.9827e+000 +2.7282e+000
99 0 +3.629489245e-001 -1.996705108e+001 -1.996705108e+001 +3.9233e+000 +2.4831e+000
101 0 +1.442098685e-003 -2.032855790e+001 -2.032855790e+001 +3.9214e+000 +2.4729e+000
133 0 +7.973598199e-004 -2.032920264e+001 -2.032920264e+001 +3.9343e+000 +2.5258e+000
135 0 +9.930137560e-005 -2.032990070e+001 -2.032990070e+001 +3.9257e+000 +2.4907e+000
142 0 +4.978685517e-007 -2.032999950e+001 -2.032999950e+001 +3.9278e+000 +2.4993e+000
187 0 +5.801487291e-008 -2.032999994e+001 -2.032999994e+001 +3.9281e+000 +2.5002e+000
223 0 +4.247109331e-009 -2.033000000e+001 -2.033000000e+001 +3.9280e+000 +2.5001e+000
% f evaluations | g evaluations | best noise-free fitness - Fopt (9.431000000000e+001) + sum g_i+ | measured fitness | best measured fitness or single-digit g-values | x1 | x2...
1 0 +1.324886227e+007 +1.324895658e+007 +1.324895658e+007 +2.1062e+000 +1.2258e+000
2 0 +6.673341749e+003 +6.767651749e+003 +6.767651749e+003 +3.3326e-001 -2.3339e+000
7 0 +4.417978895e+002 +5.361078895e+002 +5.361078895e+002 +1.4562e+000 -4.0076e+000
39 0 +7.257186245e+001 +1.668818624e+002 +1.668818624e+002 +1.2998e+000 -3.7638e+000
42 0 +6.964877171e+001 +1.639587717e+002 +1.639587717e+002 +1.2154e+000 -3.6527e+000
79 0 +6.868284798e+001 +1.629928480e+002 +1.629928480e+002 +1.1999e+000 -3.6340e+000
129 0 +6.741619904e+001 +1.617261990e+002 +1.617261990e+002 +1.0231e+000 -3.3967e+000
176 0 +6.601475505e+001 +1.603247550e+002 +1.603247550e+002 +7.7471e-001 -3.0647e+000
190 0 +6.098670027e+001 +1.552967003e+002 +1.552967003e+002 +6.9815e-001 -2.9666e+000
196 0 +5.791452351e+001 +1.522245235e+002 +1.522245235e+002 +5.4447e-001 -2.7609e+000
210 0 +5.599673929e+001 +1.503067393e+002 +1.503067393e+002 +4.1541e-001 -2.5880e+000
218 0 +5.415513727e+001 +1.484651373e+002 +1.484651373e+002 +3.9213e-001 -2.5582e+000
256 0 +5.367773334e+001 +1.479877333e+002 +1.479877333e+002 +3.8549e-001 -2.5503e+000
296 0 +5.223999050e+001 +1.465499905e+002 +1.465499905e+002 +3.2530e-001 -2.4695e+000
311 0 +5.117996451e+001 +1.454899645e+002 +1.454899645e+002 +2.7732e-001 -2.4053e+000
315 0 +4.969925075e+001 +1.440092507e+002 +1.440092507e+002 +2.0745e-001 -2.3117e+000
323 0 +4.815629797e+001 +1.424662980e+002 +1.424662980e+002 +9.2872e-002 -2.1582e+000
326 0 +4.755913427e+001 +1.418691343e+002 +1.418691343e+002 +3.9675e-002 -2.0869e+000
351 0 +4.592045037e+001 +1.402304504e+002 +1.402304504e+002 -5.0833e-002 -1.9661e+000
356 0 +4.514926868e+001 +1.394592687e+002 +1.394592687e+002 -1.0401e-001 -1.8951e+000
360 0 +4.373147064e+001 +1.380414706e+002 +1.380414706e+002 -1.5612e-001 -1.8257e+000
363 0 +4.363523928e+001 +1.379452393e+002 +1.379452393e+002 -1.3684e-001 -1.8516e+000
372 0 +4.249895950e+001 +1.368089595e+002 +1.368089595e+002 -2.4865e-001 -1.7023e+000
382 0 +4.130951030e+001 +1.356195103e+002 +1.356195103e+002 -3.6021e-001 -1.5535e+000
390 0 +4.065090775e+001 +1.349609077e+002 +1.349609077e+002 -4.4333e-001 -1.4427e+000
399 0 +3.361125168e+001 +1.279212517e+002 +1.279212517e+002 -4.4333e-001 -1.4504e+000
400 0 +3.209948513e+001 +1.264094851e+002 +1.264094851e+002 -4.1974e-001 -1.4783e+000
403 0 +3.156362153e+001 +1.258736215e+002 +1.258736215e+002 -4.6751e-001 -1.4140e+000
404 0 +2.925841714e+001 +1.235684171e+002 +1.235684171e+002 -6.3785e-001 -1.1867e+000
411 0 +2.782794686e+001 +1.221379469e+002 +1.221379469e+002 -6.2043e-001 -1.2117e+000
418 0 +2.590247014e+001 +1.202124701e+002 +1.202124701e+002 -7.6520e-001 -1.0182e+000
419 0 +2.411082903e+001 +1.184208290e+002 +1.184208290e+002 -8.5454e-001 -9.0127e-001
423 0 +2.065237785e+001 +1.149623779e+002 +1.149623779e+002 -1.0956e+000 -5.7958e-001
424 0 +1.973046430e+001 +1.140404643e+002 +1.140404643e+002 -1.1589e+000 -4.9557e-001
429 0 +1.889820945e+001 +1.132082094e+002 +1.132082094e+002 -1.2245e+000 -4.0806e-001
432 0 +1.395909004e+001 +1.082690900e+002 +1.082690900e+002 -1.5814e+000 +6.5338e-002
438 0 +1.333238823e+001 +1.076423882e+002 +1.076423882e+002 -1.6009e+000 +9.2251e-002
440 0 +1.219235309e+001 +1.065023531e+002 +1.065023531e+002 -1.8172e+000 +3.7785e-001
443 0 +1.046521147e+001 +1.047752115e+002 +1.047752115e+002 -1.8258e+000 +3.9130e-001
448 0 +9.094303171e+000 +1.034043032e+002 +1.034043032e+002 -1.9952e+000 +6.1736e-001
469 0 +5.861356564e+000 +1.001713566e+002 +1.001713566e+002 -2.4523e+000 +1.2248e+000
471 0 +1.996965685e+000 +9.630696569e+001 +9.630696569e+001 -2.9998e+000 +1.9530e+000
473 0 +3.182977008e-001 +9.462829770e+001 +9.462829770e+001 -3.5476e+000 +2.6825e+000
480 0 +2.797912771e-001 +9.458979128e+001 +9.458979128e+001 -3.6744e+000 +2.8513e+000
481 0 +3.210796525e-002 +9.434210797e+001 +9.434210797e+001 -3.8236e+000 +3.0493e+000
483 0 +2.573058034e-002 +9.433573058e+001 +9.433573058e+001 -3.7576e+000 +2.9611e+000
484 0 +8.545436643e-003 +9.431854544e+001 +9.431854544e+001 -3.7741e+000 +2.9832e+000
502 0 +5.537877108e-004 +9.431055379e+001 +9.431055379e+001 -3.8355e+000 +3.0648e+000
518 0 +5.177131213e-004 +9.431051771e+001 +9.431051771e+001 -3.8373e+000 +3.0672e+000
522 0 +2.256218559e-004 +9.431022562e+001 +9.431022562e+001 -3.8352e+000 +3.0645e+000
535 0 +4.500852479e-005 +9.431004501e+001 +9.431004501e+001 -3.8302e+000 +3.0579e+000
554 0 +4.465743733e-005 +9.431004466e+001 +9.431004466e+001 -3.8307e+000 +3.0585e+000
574 0 +9.074260845e-006 +9.431000907e+001 +9.431000907e+001 -3.8278e+000 +3.0547e+000
581 0 +8.892496197e-006 +9.431000889e+001 +9.431000889e+001 -3.8247e+000 +3.0505e+000
589 0 +2.844819846e-008 +9.431000003e+001 +9.431000003e+001 -3.8265e+000 +3.0529e+000
616 0 +1.331184762e-008 +9.431000001e+001 +9.431000001e+001 -3.8263e+000 +3.0527e+000
629 0 +6.406111197e-010 +9.431000000e+001 +9.431000000e+001 -3.8264e+000 +3.0528e+000
% f evaluations | g evaluations | best noise-free fitness - Fopt (-1.436900000000e+002) + sum g_i+ | measured fitness | best measured fitness or single-digit g-values | x1 | x2...
1 0 +1.490483864e+007 +1.490469495e+007 +1.490469495e+007 -2.5718e+000 -3.1441e+000
2 0 +1.097991414e+007 +1.097977045e+007 +1.097977045e+007 -4.2035e+000 -2.0193e+000
3 0 +9.336385702e+006 +9.336242012e+006 +9.336242012e+006 +1.3248e+000 +2.8773e+000
4 0 +8.653027503e+006 +8.652883813e+006 +8.652883813e+006 -5.0000e+000 +5.0000e+000
6 0 +1.270957162e+006 +1.270813472e+006 +1.270813472e+006 -2.4970e+000 +2.0599e+000
8 0 +7.222849398e+003 +7.079159398e+003 +7.079159398e+003 -3.1748e+000 +1.2599e+000
13 0 +4.623420544e+003 +4.479730544e+003 +4.479730544e+003 -3.4260e+000 +1.3387e+000
25 0 +1.795431327e+003 +1.651741327e+003 +1.651741327e+003 -2.2775e+000 +8.9039e-001
31 0 +7.546485607e+002 +6.109585607e+002 +6.109585607e+002 -3.6563e+000 +1.3701e+000
33 0 +6.114019732e+002 +4.677119732e+002 +4.677119732e+002 -2.9139e+000 +1.0487e+000
45 0 +2.337226767e+002 +9.003267666e+001 +9.003267666e+001 -2.9947e+000 +1.0884e+000
56 0 +9.404557950e+000 -1.342854420e+002 -1.342854420e+002 -3.2639e+000 +1.1989e+000
61 0 +3.963455811e+000 -1.397265442e+002 -1.397265442e+002 -3.2052e+000 +1.1801e+000
105 0 +3.771377699e+000 -1.399186223e+002 -1.399186223e+002 -3.1391e+000 +1.1562e+000
154 0 +3.617928998e+000 -1.400720710e+002 -1.400720710e+002 -3.0848e+000 +1.1365e+000
159 0 +3.541181277e+000 -1.401488187e+002 -1.401488187e+002 -3.0536e+000 +1.1252e+000
173 0 +3.443964295e+000 -1.402460357e+002 -1.402460357e+002 -3.0247e+000 +1.1148e+000
180 0 +3.336909991e+000 -1.403530900e+002 -1.403530900e+002 -2.9944e+000 +1.1042e+000
209 0 +3.306157796e+000 -1.403838422e+002 -1.403838422e+002 -2.9716e+000 +1.0961e+000
255 0 +3.227549485e+000 -1.404624505e+002 -1.404624505e+002 -2.9416e+000 +1.0853e+000
302 0 +3.158473909e+000 -1.405315261e+002 -1.405315261e+002 -2.9330e+000 +1.0821e+000
314 0 +3.071752942e+000 -1.406182471e+002 -1.406182471e+002 -2.9046e+000 +1.0718e+000
319 0 +3.017195005e+000 -1.406728050e+002 -1.406728050e+002 -2.8877e+000 +1.0657e+000
320 0 +2.938439780e+000 -1.407515602e+002 -1.407515602e+002 -2.8616e+000 +1.0563e+000
322 0 +2.833820038e+000 -1.408561800e+002 -1.408561800e+002 -2.8321e+000 +1.0456e+000
323 0 +2.805475352e+000 -1.408845246e+002 -1.408845246e+002 -2.8240e+000 +1.0426e+000
324 0 +2.744975381e+000 -1.409450246e+002 -1.409450246e+002 -2.8058e+000 +1.0360e+000
326 0 +2.645720091e+000 -1.410442799e+002 -1.410442799e+002 -2.7758e+000 +1.0252e+000
329 0 +2.434782089e+000 -1.412552179e+002 -1.412552179e+002 -2.7139e+000 +1.0028e+000
331 0 +2.277980667e+000 -1.414120193e+002 -1.414120193e+002 -2.6666e+000 +9.8563e-001
339 0 +1.817106194e+000 -1.418728938e+002 -1.418728938e+002 -2.5262e+000 +9.3477e-001
340 0 +1.561612782e+000 -1.421283872e+002 -1.421283872e+002 -2.4365e+000 +9.0230e-001
348 0 +1.339511834e+000 -1.423504882e+002 -1.423504882e+002 -2.3318e+000 +8.6438e-001
352 0 +1.228879294e+000 -1.424611207e+002 -1.424611207e+002 -2.2696e+000 +8.4186e-001
364 0 +1.150534800e+000 -1.425394652e+002 -1.425394652e+002 -2.2131e+000 +8.2137e-001
366 0 +1.094103594e+000 -1.425958964e+002 -1.425958964e+002 -2.1720e+000 +8.0650e-001
370 0 +6.425056539e-001 -1.430474943e+002 -1.430474943e+002 -2.1734e+000 +8.0773e-001
382 0 +4.645407132e-001 -1.432254593e+002 -1.432254593e+002 -2.0689e+000 +7.6991e-001
386 0 +3.332507276e-001 -1.433567493e+002 -1.433567493e+002 -1.9533e+000 +7.2832e-001
393 0 +2.712408798e-001 -1.434187591e+002 -1.434187591e+002 -1.8780e+000 +7.0107e-001
408 0 +2.449966991e-001 -1.434450033e+002 -1.434450033e+002 -1.8110e+000 +6.7706e-001
411 0 +1.316850060e-001 -1.435583150e+002 -1.435583150e+002 -1.6695e+000 +6.2599e-001
413 0 +1.203109121e-001 -1.435696891e+002 -1.435696891e+002 -1.6896e+000 +6.3306e-001
428 0 +5.863525505e-002 -1.436313647e+002 -1.436313647e+002 -1.5993e+000 +6.0048e-001
436 0 +4.912300739e-002 -1.436408770e+002 -1.436408770e+002 -1.5745e+000 +5.9146e-001
447 0 +4.340244330e-002 -1.436465976e+002 -1.436465976e+002 -1.5117e+000 +5.6900e-001
456 0 +3.528962727e-002 -1.436547104e+002 -1.436547104e+002 -1.5141e+000 +5.6979e-001
467 0 +3.204544385e-002 -1.436579546e+002 -1.436579546e+002 -1.5321e+000 +5.7619e-001
468 0 +3.092546206e-002 -1.436590745e+002 -1.436590745e+002 -1.4989e+000 +5.6431e-001
471 0 +1.762621529e-002 -1.436723738e+002 -1.436723738e+002 -1.4907e+000 +5.6128e-001
475 0 +1.059201079e-002 -1.436794080e+002 -1.436794080e+002 -1.4709e+000 +5.5411e-001
480 0 +6.483189920e-003 -1.436835168e+002 -1.436835168e+002 -1.4535e+000 +5.4785e-001
482 0 +5.162151110e-003 -1.436848378e+002 -1.436848378e+002 -1.4463e+000 +5.4521e-001
485 0 +4.746955694e-003 -1.436852530e+002 -1.436852530e+002 -1.4434e+000 +5.4418e-001
487 0 +3.188083375e-003 -1.436868119e+002 -1.436868119e+002 -1.4208e+000 +5.3598e-001
489 0 +2.241336538e-003 -1.436877587e+002 -1.436877587e+002 -1.3735e+000 +5.1888e-001
494 0 +2.050622038e-003 -1.436879494e+002 -1.436879494e+002 -1.4105e+000 +5.3230e-001
496 0 +1.044588553e-003 -1.436889554e+002 -1.436889554e+002 -1.4013e+000 +5.2897e-001
499 0 +8.593349434e-004 -1.436891407e+002 -1.436891407e+002 -1.3974e+000 +5.2756e-001
501 0 +9.082267471e-005 -1.436899092e+002 -1.436899092e+002 -1.3814e+000 +5.2180e-001
510 0 +8.817965778e-005 -1.436899118e+002 -1.436899118e+002 -1.3813e+000 +5.2175e-001
516 0 +8.693752136e-007 -1.436899991e+002 -1.436899991e+002 -1.3720e+000 +5.1841e-001
521 0 +6.010619416e-007 -1.436899994e+002 -1.436899994e+002 -1.3727e+000 +5.1867e-001
544 0 +9.053840699e-008 -1.436899999e+002 -1.436899999e+002 -1.3723e+000 +5.1850e-001
548 0 +7.437841987e-008 -1.436899999e+002 -1.436899999e+002 -1.3723e+000 +5.1849e-001
559 0 +5.792068691e-008 -1.436899999e+002 -1.436899999e+002 -1.3718e+000 +5.1832e-001
561 0 +8.232603932e-009 -1.436900000e+002 -1.436900000e+002 -1.3720e+000 +5.1841e-001
% f evaluations | g evaluations | best noise-free fitness - Fopt (-3.533800000000e+002) + sum g_i+ | measured fitness | best measured fitness or single-digit g-values | x1 | x2...
1 0 +1.282611678e+007 +1.282576340e+007 +1.282576340e+007 +1.7414e+000 -2.2515e+000
6 0 +4.448230795e+006 +4.447877415e+006 +4.447877415e+006 -5.0000e+000 -8.1182e-001
7 0 +1.399535724e+004 +1.364197724e+004 +1.364197724e+004 -2.2605e+000 -1.6945e+000
9 0 +6.751545084e+002 +3.217745084e+002 +3.217745084e+002 -1.5287e+000 -3.9683e+000
38 0 +3.384871896e+002 -1.489281036e+001 -1.489281036e+001 -1.9018e+000 -2.9841e+000
39 0 +1.638036932e+002 -1.895763068e+002 -1.895763068e+002 -1.9720e+000 -2.7879e+000
45 0 +5.878150855e+001 -2.945984914e+002 -2.945984914e+002 -1.6637e+000 -3.5643e+000
52 0 +5.259785208e+001 -3.007821479e+002 -3.007821479e+002 -1.7707e+000 -3.2872e+000
53 0 +3.233856738e+001 -3.210414326e+002 -3.210414326e+002 -1.7434e+000 -3.3515e+000
61 0 +2.363425325e+001 -3.297457467e+002 -3.297457467e+002 -1.8342e+000 -3.1104e+000
70 0 +2.340490212e+001 -3.299750979e+002 -3.299750979e+002 -1.8728e+000 -3.0128e+000
85 0 +2.181191366e+001 -3.315680863e+002 -3.315680863e+002 -1.9284e+000 -2.8682e+000
94 0 +2.124278807e+001 -3.321372119e+002 -3.321372119e+002 -1.9451e+000 -2.8244e+000
122 0 +2.078403311e+001 -3.325959669e+002 -3.325959669e+002 -1.9852e+000 -2.7187e+000
196 0 +2.038776016e+001 -3.329922398e+002 -3.329922398e+002 -1.9858e+000 -2.7184e+000
223 0 +1.985850106e+001 -3.335214989e+002 -3.335214989e+002 -2.0098e+000 -2.6563e+000
239 0 +1.944766585e+001 -3.339323341e+002 -3.339323341e+002 -2.0291e+000 -2.6067e+000
243 0 +1.872550077e+001 -3.346544992e+002 -3.346544992e+002 -2.0622e+000 -2.5211e+000
245 0 +1.861594556e+001 -3.347640544e+002 -3.347640544e+002 -2.0670e+000 -2.5088e+000
251 0 +1.806533991e+001 -3.353146601e+002 -3.353146601e+002 -2.0918e+000 -2.4450e+000
253 0 +1.720693202e+001 -3.361730680e+002 -3.361730680e+002 -2.1304e+000 -2.3453e+000
254 0 +1.687282616e+001 -3.365071738e+002 -3.365071738e+002 -2.1454e+000 -2.3066e+000
259 0 +1.477726710e+001 -3.386027329e+002 -3.386027329e+002 -2.2395e+000 -2.0641e+000
267 0 +1.394311145e+001 -3.394368886e+002 -3.394368886e+002 -2.2771e+000 -1.9670e+000
273 0 +1.324912760e+001 -3.401308724e+002 -3.401308724e+002 -2.3088e+000 -1.8853e+000
277 0 +1.315109602e+001 -3.402289040e+002 -3.402289040e+002 -2.3134e+000 -1.8735e+000
283 0 +1.268780020e+001 -3.406921998e+002 -3.406921998e+002 -2.3348e+000 -1.8183e+000
293 0 +1.246599250e+001 -3.409140075e+002 -3.409140075e+002 -2.3452e+000 -1.7915e+000
304 0 +1.228159610e+001 -3.410984039e+002 -3.410984039e+002 -2.3538e+000 -1.7692e+000
327 0 +1.198612185e+001 -3.413938781e+002 -3.413938781e+002 -2.3678e+000 -1.7332e+000
340 0 +1.174178067e+001 -3.416382193e+002 -3.416382193e+002 -2.3794e+000 -1.7032e+000
346 0 +1.139197768e+001 -3.419880223e+002 -3.419880223e+002 -2.3962e+000 -1.6598e+000
361 0 +1.103740746e+001 -3.423425925e+002 -3.423425925e+002 -2.4135e+000 -1.6153e+000
369 0 +1.082536188e+001 -3.425546381e+002 -3.425546381e+002 -2.4240e+000 -1.5883e+000
375 0 +1.053670780e+001 -3.428432922e+002 -3.428432922e+002 -2.4384e+000 -1.5512e+000
377 0 +1.039103909e+001 -3.429889609e+002 -3.429889609e+002 -2.4457e+000 -1.5323e+000
385 0 +1.020322375e+001 -3.431767762e+002 -3.431767762e+002 -2.4553e+000 -1.5076e+000
387 0 +9.805525370e+000 -3.435744746e+002 -3.435744746e+002 -2.4758e+000 -1.4546e+000
391 0 +9.442055849e+000 -3.439379442e+002 -3.439379442e+002 -2.4950e+000 -1.4050e+000
398 0 +9.315314799e+000 -3.440646852e+002 -3.440646852e+002 -2.5019e+000 -1.3874e+000
401 0 +8.935868093e+000 -3.444441319e+002 -3.444441319e+002 -2.5226e+000 -1.3338e+000
405 0 +8.759400872e+000 -3.446205991e+002 -3.446205991e+002 -2.5325e+000 -1.3084e+000
408 0 +8.514857431e+000 -3.448651426e+002 -3.448651426e+002 -2.5465e+000 -1.2724e+000
411 0 +7.840106404e+000 -3.455398936e+002 -3.455398936e+002 -2.5866e+000 -1.1688e+000
415 0 +7.376980436e+000 -3.460030196e+002 -3.460030196e+002 -2.6160e+000 -1.0930e+000
419 0 +6.925676140e+000 -3.464543239e+002 -3.464543239e+002 -2.6464e+000 -1.0148e+000
422 0 +6.007211154e+000 -3.473727888e+002 -3.473727888e+002 -2.7152e+000 -8.3710e-001
424 0 +5.738009744e+000 -3.476419903e+002 -3.476419903e+002 -2.7378e+000 -7.7887e-001
426 0 +5.493657696e+000 -3.478863423e+002 -3.478863423e+002 -2.7595e+000 -7.2300e-001
429 0 +4.811931029e+000 -3.485680690e+002 -3.485680690e+002 -2.8272e+000 -5.4823e-001
433 0 +4.667143173e+000 -3.487128568e+002 -3.487128568e+002 -2.8433e+000 -5.0686e-001
436 0 +3.868373671e+000 -3.495116263e+002 -3.495116263e+002 -2.9425e+000 -2.5098e-001
438 0 +3.435803752e+000 -3.499441962e+002 -3.499441962e+002 -3.0005e+000 -1.0144e-001
443 0 +3.298176540e+000 -3.500818235e+002 -3.500818235e+002 -3.0186e+000 -5.4795e-002
448 0 +3.208801868e+000 -3.501711981e+002 -3.501711981e+002 -3.0301e+000 -2.5016e-002
453 0 +2.467722982e+000 -3.509122770e+002 -3.509122770e+002 -3.1176e+000 +2.0059e-001
456 0 +2.131103626e+000 -3.512488964e+002 -3.512488964e+002 -3.1533e+000 +2.9274e-001
464 0 +1.595666154e+000 -3.517843338e+002 -3.517843338e+002 -3.2092e+000 +4.3687e-001
467 0 +9.464508395e-001 -3.524335492e+002 -3.524335492e+002 -3.2886e+000 +6.4159e-001
469 0 +3.961378176e-001 -3.529838622e+002 -3.529838622e+002 -3.4430e+000 +1.0398e+000
476 0 +3.344403966e-001 -3.530455596e+002 -3.530455596e+002 -3.4745e+000 +1.1210e+000
477 0 +1.905179843e-001 -3.531894820e+002 -3.531894820e+002 -3.6800e+000 +1.6512e+000
480 0 +1.669100155e-001 -3.532130900e+002 -3.532130900e+002 -3.5960e+000 +1.4344e+000
493 0 +1.640974770e-001 -3.532159025e+002 -3.532159025e+002 -3.6253e+000 +1.5100e+000
517 0 +1.415914890e-001 -3.532384085e+002 -3.532384085e+002 -3.6177e+000 +1.4903e+000
528 0 +1.287118524e-001 -3.532512881e+002 -3.532512881e+002 -3.6308e+000 +1.5241e+000
531 0 +1.160905968e-001 -3.532639094e+002 -3.532639094e+002 -3.6484e+000 +1.5694e+000
533 0 +1.046410242e-001 -3.532753590e+002 -3.532753590e+002 -3.6313e+000 +1.5254e+000
536 0 +9.560638042e-002 -3.532843936e+002 -3.532843936e+002 -3.6317e+000 +1.5264e+000
537 0 +9.114458039e-002 -3.532888554e+002 -3.532888554e+002 -3.6460e+000 +1.5631e+000
546 0 +8.522378754e-002 -3.532947762e+002 -3.532947762e+002 -3.6277e+000 +1.5161e+000
548 0 +8.395410350e-002 -3.532960459e+002 -3.532960459e+002 -3.6083e+000 +1.4659e+000
550 0 +8.255224878e-002 -3.532974478e+002 -3.532974478e+002 -3.6361e+000 +1.5377e+000
551 0 +2.100586081e-002 -3.533589941e+002 -3.533589941e+002 -3.6338e+000 +1.5312e+000
567 0 +2.493863358e-003 -3.533775061e+002 -3.533775061e+002 -3.6362e+000 +1.5372e+000
575 0 +2.162292027e-004 -3.533797838e+002 -3.533797838e+002 -3.6203e+000 +1.4962e+000
581 0 +1.514807493e-004 -3.533798485e+002 -3.533798485e+002 -3.6208e+000 +1.4975e+000
584 0 +6.751436030e-005 -3.533799325e+002 -3.533799325e+002 -3.6245e+000 +1.5068e+000
592 0 +2.494144439e-005 -3.533799751e+002 -3.533799751e+002 -3.6225e+000 +1.5017e+000
606 0 +1.373599395e-005 -3.533799863e+002 -3.533799863e+002 -3.6228e+000 +1.5025e+000
610 0 +6.354965592e-006 -3.533799936e+002 -3.533799936e+002 -3.6232e+000 +1.5036e+000
623 0 +4.651035567e-006 -3.533799953e+002 -3.533799953e+002 -3.6232e+000 +1.5036e+000
646 0 +4.537078553e-006 -3.533799955e+002 -3.533799955e+002 -3.6232e+000 +1.5035e+000
647 0 +4.152236386e-006 -3.533799958e+002 -3.533799958e+002 -3.6233e+000 +1.5037e+000
652 0 +3.937292888e-006 -3.533799961e+002 -3.533799961e+002 -3.6233e+000 +1.5037e+000
669 0 +3.501152776e-006 -3.533799965e+002 -3.533799965e+002 -3.6233e+000 +1.5038e+000
672 0 +3.292857912e-006 -3.533799967e+002 -3.533799967e+002 -3.6233e+000 +1.5039e+000
674 0 +3.048057124e-006 -3.533799970e+002 -3.533799970e+002 -3.6235e+000 +1.5042e+000
676 0 +2.334274086e-006 -3.533799977e+002 -3.533799977e+002 -3.6235e+000 +1.5042e+000
687 0 +2.170952882e-006 -3.533799978e+002 -3.533799978e+002 -3.6235e+000 +1.5043e+000
696 0 +1.929078564e-006 -3.533799981e+002 -3.533799981e+002 -3.6235e+000 +1.5044e+000
701 0 +1.884079552e-006 -3.533799981e+002 -3.533799981e+002 -3.6236e+000 +1.5045e+000
706 0 +1.744555902e-006 -3.533799983e+002 -3.533799983e+002 -3.6236e+000 +1.5047e+000
717 0 +1.704788360e-006 -3.533799983e+002 -3.533799983e+002 -3.6236e+000 +1.5046e+000
722 0 +1.652957394e-006 -3.533799983e+002 -3.533799983e+002 -3.6236e+000 +1.5047e+000
724 0 +1.579627281e-006 -3.533799984e+002 -3.533799984e+002 -3.6236e+000 +1.5047e+000
730 0 +1.535157196e-006 -3.533799985e+002 -3.533799985e+002 -3.6237e+000 +1.5047e+000
733 0 +1.464764125e-006 -3.533799985e+002 -3.533799985e+002 -3.6236e+000 +1.5046e+000
735 0 +1.359051737e-006 -3.533799986e+002 -3.533799986e+002 -3.6236e+000 +1.5046e+000
743 0 +1.348646265e-006 -3.533799987e+002 -3.533799987e+002 -3.6237e+000 +1.5048e+000
752 0 +1.258558598e-006 -3.533799987e+002 -3.533799987e+002 -3.6237e+000 +1.5047e+000
756 0 +1.222606272e-006 -3.533799988e+002 -3.533799988e+002 -3.6237e+000 +1.5047e+000
760 0 +1.074858858e-006 -3.533799989e+002 -3.533799989e+002 -3.6237e+000 +1.5047e+000
761 0 +1.017015848e-006 -3.533799990e+002 -3.533799990e+002 -3.6237e+000 +1.5047e+000
763 0 +9.760722151e-007 -3.533799990e+002 -3.533799990e+002 -3.6236e+000 +1.5047e+000
768 0 +9.285608371e-007 -3.533799991e+002 -3.533799991e+002 -3.6236e+000 +1.5047e+000
772 0 +8.230458661e-007 -3.533799992e+002 -3.533799992e+002 -3.6237e+000 +1.5047e+000
780 0 +8.090697179e-007 -3.533799992e+002 -3.533799992e+002 -3.6237e+000 +1.5047e+000
788 0 +7.890768075e-007 -3.533799992e+002 -3.533799992e+002 -3.6237e+000 +1.5047e+000
806 0 +7.564099747e-007 -3.533799992e+002 -3.533799992e+002 -3.6237e+000 +1.5048e+000
808 0 +7.349901807e-007 -3.533799993e+002 -3.533799993e+002 -3.6237e+000 +1.5048e+000
829 0 +7.242872471e-007 -3.533799993e+002 -3.533799993e+002 -3.6237e+000 +1.5048e+000
897 0 +7.071276400e-007 -3.533799993e+002 -3.533799993e+002 -3.6237e+000 +1.5048e+000
909 0 +6.912145523e-007 -3.533799993e+002 -3.533799993e+002 -3.6237e+000 +1.5048e+000
929 0 +6.679570106e-007 -3.533799993e+002 -3.533799993e+002 -3.6237e+000 +1.5048e+000
934 0 +6.598139066e-007 -3.533799993e+002 -3.533799993e+002 -3.6237e+000 +1.5048e+000
942 0 +6.427231369e-007 -3.533799994e+002 -3.533799994e+002 -3.6237e+000 +1.5048e+000
958 0 +6.296104402e-007 -3.533799994e+002 -3.533799994e+002 -3.6237e+000 +1.5049e+000
984 0 +5.909636798e-007 -3.533799994e+002 -3.533799994e+002 -3.6237e+000 +1.5049e+000
991 0 +5.888215355e-007 -3.533799994e+002 -3.533799994e+002 -3.6237e+000 +1.5049e+000
1026 0 +5.749619731e-007 -3.533799994e+002 -3.533799994e+002 -3.6237e+000 +1.5049e+000
1054 0 +5.603556588e-007 -3.533799994e+002 -3.533799994e+002 -3.6237e+000 +1.5049e+000
1066 0 +5.453463245e-007 -3.533799995e+002 -3.533799995e+002 -3.6237e+000 +1.5049e+000
1091 0 +5.369507221e-007 -3.533799995e+002 -3.533799995e+002 -3.6237e+000 +1.5049e+000
1227 0 +5.236746006e-007 -3.533799995e+002 -3.533799995e+002 -3.6237e+000 +1.5049e+000
1603 0 +2.688555583e-007 -3.533799997e+002 -3.533799997e+002 -3.6239e+000 +1.5053e+000
1631 0 +1.435137165e-007 -3.533799999e+002 -3.533799999e+002 -3.6241e+000 +1.5059e+000
1634 0 +4.774875606e-008 -3.533800000e+002 -3.533800000e+002 -3.6239e+000 +1.5054e+000
1640 0 +3.325811804e-008 -3.533800000e+002 -3.533800000e+002 -3.6240e+000 +1.5057e+000
1641 0 +2.277147360e-010 -3.533800000e+002 -3.533800000e+002 -3.6240e+000 +1.5056e+000
% f evaluations | g evaluations | best noise-free fitness - Fopt (-2.910000000000e+000) + sum g_i+ | measured fitness | best measured fitness or single-digit g-values | x1 | x2...
1 0 +3.861801281e+007 +3.861800990e+007 +3.861800990e+007 -2.1093e+000 -1.4497e+000
2 0 +1.475397839e+007 +1.475397548e+007 +1.475397548e+007 -1.1158e+000 +4.4251e+000
3 0 +3.385904910e+006 +3.385902000e+006 +3.385902000e+006 +3.9817e+000 -4.4590e+000
6 0 +1.896982453e+005 +1.896953353e+005 +1.896953353e+005 +2.2829e+000 +5.0000e+000
7 0 +3.281561500e+003 +3.278651500e+003 +3.278651500e+003 +4.1925e+000 +3.2871e-001
19 0 +1.282073062e+003 +1.279163062e+003 +1.279163062e+003 +3.4751e+000 +2.6078e+000
56 0 +2.918575363e+002 +2.889475363e+002 +2.889475363e+002 +3.8894e+000 +1.3949e+000
61 0 +1.687378081e+001 +1.396378081e+001 +1.396378081e+001 +3.7878e+000 +1.7476e+000
66 0 +9.194526301e-001 -1.990547370e+000 -1.990547370e+000 +3.6164e+000 +2.2814e+000
77 0 +7.712609248e-001 -2.138739075e+000 -2.138739075e+000 +3.5037e+000 +2.6312e+000
85 0 +3.947691465e-001 -2.515230854e+000 -2.515230854e+000 +3.5219e+000 +2.5735e+000
87 0 +2.631909750e-001 -2.646809025e+000 -2.646809025e+000 +3.5726e+000 +2.4183e+000
118 0 +2.292468869e-001 -2.680753113e+000 -2.680753113e+000 +3.5959e+000 +2.3467e+000
120 0 +8.248874235e-002 -2.827511258e+000 -2.827511258e+000 +3.6478e+000 +2.1879e+000
128 0 +3.016425038e-002 -2.879835750e+000 -2.879835750e+000 +3.6880e+000 +2.0650e+000
137 0 +1.408783562e-002 -2.895912164e+000 -2.895912164e+000 +3.7700e+000 +1.8144e+000
145 0 +2.627444115e-003 -2.907372556e+000 -2.907372556e+000 +3.7430e+000 +1.8968e+000
159 0 +1.025499621e-004 -2.909897450e+000 -2.909897450e+000 +3.7337e+000 +1.9252e+000
163 0 +1.953595979e-005 -2.909980464e+000 -2.909980464e+000 +3.7351e+000 +1.9211e+000
187 0 +1.698558761e-006 -2.909998301e+000 -2.909998301e+000 +3.7341e+000 +1.9242e+000
195 0 +1.601453108e-006 -2.909998399e+000 -2.909998399e+000 +3.7341e+000 +1.9241e+000
205 0 +2.906288961e-007 -2.909999709e+000 -2.909999709e+000 +3.7346e+000 +1.9227e+000
230 0 +3.183315211e-008 -2.909999968e+000 -2.909999968e+000 +3.7344e+000 +1.9232e+000
240 0 +3.141277460e-008 -2.909999969e+000 -2.909999969e+000 +3.7344e+000 +1.9231e+000
243 0 +2.068071492e-009 -2.909999998e+000 -2.909999998e+000 +3.7344e+000 +1.9232e+000
% f evaluations | g evaluations | best noise-free fitness - Fopt (-2.970000000000e+000) + sum g_i+ | measured fitness | best measured fitness or single-digit g-values | x1 | x2...
1 0 +3.175176074e+007 +3.175175777e+007 +3.175175777e+007 -1.1584e+000 -3.6894e+000
2 0 +1.236515006e+007 +1.236514709e+007 +1.236514709e+007 +3.4027e+000 -2.4407e+000
5 0 +1.301484012e+006 +1.301481042e+006 +1.301481042e+006 +4.2992e-001 +3.1412e+000
6 0 +2.187300403e+005 +2.187270703e+005 +2.187270703e+005 +1.9499e+000 +2.1091e+000
7 0 +3.660762476e+003 +3.657792476e+003 +3.657792476e+003 +1.5124e+000 +1.7960e+000
16 0 +8.651918349e+002 +8.622218349e+002 +8.622218349e+002 +1.3551e+000 +1.8044e+000
48 0 +1.754794304e+002 +1.725094304e+002 +1.725094304e+002 +1.5403e+000 +1.7383e+000
61 0 +1.271231373e+002 +1.241531373e+002 +1.241531373e+002 +8.6694e-001 +1.9193e+000
67 0 +7.995780403e+001 +7.698780403e+001 +7.698780403e+001 +1.1665e+000 +1.8351e+000
72 0 +5.616006610e+001 +5.319006610e+001 +5.319006610e+001 +1.5070e+000 +1.7414e+000
75 0 +8.268580774e+000 +5.298580774e+000 +5.298580774e+000 +1.2063e+000 +1.8156e+000
120 0 +8.093072548e+000 +5.123072548e+000 +5.123072548e+000 +1.3356e+000 +1.7801e+000
150 0 +7.925033227e+000 +4.955033227e+000 +4.955033227e+000 +1.2996e+000 +1.7903e+000
221 0 +7.758384255e+000 +4.788384255e+000 +4.788384255e+000 +1.3751e+000 +1.7695e+000
302 0 +7.578890353e+000 +4.608890353e+000 +4.608890353e+000 +1.4136e+000 +1.7592e+000
327 0 +7.401339534e+000 +4.431339534e+000 +4.431339534e+000 +1.4490e+000 +1.7497e+000
462 0 +7.243825669e+000 +4.273825669e+000 +4.273825669e+000 +1.4941e+000 +1.7376e+000
579 0 +7.054443917e+000 +4.084443917e+000 +4.084443917e+000 +1.5393e+000 +1.7253e+000
634 0 +6.916111666e+000 +3.946111666e+000 +3.946111666e+000 +1.5874e+000 +1.7125e+000
642 0 +6.743908710e+000 +3.773908710e+000 +3.773908710e+000 +1.6098e+000 +1.7061e+000
648 0 +6.580288561e+000 +3.610288561e+000 +3.610288561e+000 +1.6434e+000 +1.6969e+000
680 0 +6.423611049e+000 +3.453611049e+000 +3.453611049e+000 +1.6818e+000 +1.6863e+000
694 0 +6.268789258e+000 +3.298789258e+000 +3.298789258e+000 +1.7094e+000 +1.6788e+000
704 0 +6.154282538e+000 +3.184282538e+000 +3.184282538e+000 +1.7527e+000 +1.6668e+000
720 0 +5.864341033e+000 +2.894341033e+000 +2.894341033e+000 +1.7864e+000 +1.6577e+000
724 0 +5.696394010e+000 +2.726394010e+000 +2.726394010e+000 +1.8090e+000 +1.6516e+000
726 0 +5.272348855e+000 +2.302348855e+000 +2.302348855e+000 +1.8624e+000 +1.6373e+000
733 0 +5.130606253e+000 +2.160606253e+000 +2.160606253e+000 +1.9240e+000 +1.6202e+000
736 0 +4.717827948e+000 +1.747827948e+000 +1.747827948e+000 +1.9516e+000 +1.6128e+000
738 0 +4.565297490e+000 +1.595297490e+000 +1.595297490e+000 +1.9613e+000 +1.6106e+000
739 0 +3.897746418e+000 +9.277464177e-001 +9.277464177e-001 +2.0581e+000 +1.5841e+000
747 0 +3.525418670e+000 +5.554186702e-001 +5.554186702e-001 +2.2051e+000 +1.5450e+000
756 0 +2.989079313e+000 +1.907931253e-002 +1.907931253e-002 +2.2488e+000 +1.5328e+000
758 0 +2.795019364e+000 -1.749806363e-001 -1.749806363e-001 +2.3553e+000 +1.5041e+000
762 0 +2.476032127e+000 -4.939678732e-001 -4.939678732e-001 +2.6005e+000 +1.4375e+000
765 0 +2.364756506e+000 -6.052434940e-001 -6.052434940e-001 +2.8808e+000 +1.3615e+000
767 0 +1.705193329e+000 -1.264806671e+000 -1.264806671e+000 +3.0680e+000 +1.3106e+000
768 0 +1.696901991e+000 -1.273098009e+000 -1.273098009e+000 +3.4543e+000 +1.2058e+000
772 0 +1.636823382e+000 -1.333176618e+000 -1.333176618e+000 +3.7501e+000 +1.1255e+000
778 0 +1.542404174e+000 -1.427595826e+000 -1.427595826e+000 +3.7914e+000 +1.1142e+000
790 0 +1.340765748e+000 -1.629234252e+000 -1.629234252e+000 +3.3914e+000 +1.2227e+000
793 0 +1.272890795e+000 -1.697109205e+000 -1.697109205e+000 +3.2758e+000 +1.2541e+000
797 0 +1.253271824e+000 -1.716728176e+000 -1.716728176e+000 +3.1123e+000 +1.2984e+000
802 0 +1.132357701e+000 -1.837642299e+000 -1.837642299e+000 +3.2037e+000 +1.2736e+000
813 0 +1.039455359e+000 -1.930544641e+000 -1.930544641e+000 +3.2340e+000 +1.2653e+000
819 0 +1.010301036e+000 -1.959698964e+000 -1.959698964e+000 +3.1894e+000 +1.2774e+000
821 0 +9.859008857e-001 -1.984099114e+000 -1.984099114e+000 +3.2412e+000 +1.2633e+000
825 0 +8.377535573e-001 -2.132246443e+000 -2.132246443e+000 +3.2150e+000 +1.2703e+000
830 0 +8.010667968e-001 -2.168933203e+000 -2.168933203e+000 +3.2283e+000 +1.2666e+000
833 0 +7.168820491e-001 -2.253117951e+000 -2.253117951e+000 +3.2140e+000 +1.2704e+000
836 0 +6.442397867e-001 -2.325760213e+000 -2.325760213e+000 +3.1917e+000 +1.2764e+000
858 0 +6.012878088e-001 -2.368712191e+000 -2.368712191e+000 +3.2124e+000 +1.2707e+000
865 0 +5.665334256e-001 -2.403466574e+000 -2.403466574e+000 +3.2395e+000 +1.2633e+000
884 0 +5.534155484e-001 -2.416584452e+000 -2.416584452e+000 +3.2043e+000 +1.2728e+000
892 0 +5.332245303e-001 -2.436775470e+000 -2.436775470e+000 +3.2332e+000 +1.2649e+000
911 0 +5.217041747e-001 -2.448295825e+000 -2.448295825e+000 +3.2349e+000 +1.2644e+000
917 0 +5.100602364e-001 -2.459939764e+000 -2.459939764e+000 +3.2779e+000 +1.2527e+000
956 0 +5.010123852e-001 -2.468987615e+000 -2.468987615e+000 +3.2812e+000 +1.2517e+000
992 0 +4.823139367e-001 -2.487686063e+000 -2.487686063e+000 +3.3373e+000 +1.2365e+000
996 0 +4.728700215e-001 -2.497129979e+000 -2.497129979e+000 +3.3544e+000 +1.2319e+000
997 0 +4.652347001e-001 -2.504765300e+000 -2.504765300e+000 +3.3751e+000 +1.2263e+000
998 0 +4.418722597e-001 -2.528127740e+000 -2.528127740e+000 +3.3922e+000 +1.2216e+000
1002 0 +4.266969333e-001 -2.543303067e+000 -2.543303067e+000 +3.4048e+000 +1.2182e+000
1006 0 +3.925601597e-001 -2.577439840e+000 -2.577439840e+000 +3.4424e+000 +1.2081e+000
1014 0 +3.663813346e-001 -2.603618665e+000 -2.603618665e+000 +3.4648e+000 +1.2021e+000
1020 0 +3.418851738e-001 -2.628114826e+000 -2.628114826e+000 +3.4782e+000 +1.1984e+000
1037 0 +3.274374613e-001 -2.642562539e+000 -2.642562539e+000 +3.4975e+000 +1.1932e+000
1040 0 +3.196068233e-001 -2.650393177e+000 -2.650393177e+000 +3.5017e+000 +1.1921e+000
1045 0 +3.074882768e-001 -2.662511723e+000 -2.662511723e+000 +3.4999e+000 +1.1925e+000
1049 0 +3.003066529e-001 -2.669693347e+000 -2.669693347e+000 +3.4988e+000 +1.1928e+000
1056 0 +2.854670841e-001 -2.684532916e+000 -2.684532916e+000 +3.5171e+000 +1.1879e+000
1060 0 +2.728324797e-001 -2.697167520e+000 -2.697167520e+000 +3.5536e+000 +1.1780e+000
1064 0 +2.471995775e-001 -2.722800422e+000 -2.722800422e+000 +3.5416e+000 +1.1812e+000
1067 0 +2.425203749e-001 -2.727479625e+000 -2.727479625e+000 +3.5761e+000 +1.1719e+000
1068 0 +2.196814046e-001 -2.750318595e+000 -2.750318595e+000 +3.5807e+000 +1.1706e+000
1083 0 +1.797117219e-001 -2.790288278e+000 -2.790288278e+000 +3.6100e+000 +1.1625e+000
1084 0 +1.729127781e-001 -2.797087222e+000 -2.797087222e+000 +3.5766e+000 +1.1716e+000
1085 0 +1.545736163e-001 -2.815426384e+000 -2.815426384e+000 +3.5754e+000 +1.1717e+000
1086 0 +1.495784866e-001 -2.820421513e+000 -2.820421513e+000 +3.6037e+000 +1.1642e+000
1087 0 +1.423247696e-001 -2.827675230e+000 -2.827675230e+000 +3.6575e+000 +1.1496e+000
1090 0 +1.279889114e-001 -2.842011089e+000 -2.842011089e+000 +3.6292e+000 +1.1571e+000
1094 0 +1.085756122e-001 -2.861424388e+000 -2.861424388e+000 +3.7524e+000 +1.1239e+000
1096 0 +8.188982856e-002 -2.888110171e+000 -2.888110171e+000 +3.8332e+000 +1.1019e+000
1099 0 +6.115835427e-002 -2.908841646e+000 -2.908841646e+000 +3.7981e+000 +1.1114e+000
1102 0 +4.770965285e-002 -2.922290347e+000 -2.922290347e+000 +3.7698e+000 +1.1189e+000
1106 0 +2.120880694e-002 -2.948791193e+000 -2.948791193e+000 +3.9060e+000 +1.0820e+000
1111 0 +2.698709806e-003 -2.967301290e+000 -2.967301290e+000 +3.9414e+000 +1.0723e+000
1112 0 +7.482906144e-004 -2.969251709e+000 -2.969251709e+000 +3.9531e+000 +1.0691e+000
1123 0 +6.895828507e-004 -2.969310417e+000 -2.969310417e+000 +3.9541e+000 +1.0688e+000
1136 0 +9.715619866e-005 -2.969902844e+000 -2.969902844e+000 +3.9727e+000 +1.0637e+000
1147 0 +2.383296400e-006 -2.969997617e+000 -2.969997617e+000 +3.9788e+000 +1.0621e+000
1160 0 +2.408841575e-007 -2.969999759e+000 -2.969999759e+000 +3.9772e+000 +1.0625e+000
1195 0 +9.729339867e-008 -2.969999903e+000 -2.969999903e+000 +3.9778e+000 +1.0623e+000
1198 0 +1.306648123e-010 -2.970000000e+000 -2.970000000e+000 +3.9776e+000 +1.0624e+000
% f evaluations | g evaluations | best noise-free fitness - Fopt (2.996300000000e+002) + sum g_i+ | measured fitness | best measured fitness or single-digit g-values | x1 | x2...
1 0 +1.406553036e+007 +1.406582999e+007 +1.406582999e+007 -1.0526e+000 +2.2806e+000
2 0 +2.563509835e+006 +2.563809465e+006 +2.563809465e+006 -7.4883e-002 -3.2216e+000
4 0 +2.211219162e+006 +2.211518792e+006 +2.211518792e+006 -5.0000e+000 -5.0000e+000
6 0 +2.022318923e+005 +2.025315223e+005 +2.025315223e+005 -4.9094e+000 -3.7421e+000
8 0 +3.934016001e+003 +4.233646001e+003 +4.233646001e+003 -5.0000e+000 -3.2046e+000
28 0 +1.071816976e+003 +1.371446976e+003 +1.371446976e+003 -4.6112e+000 -3.0926e+000
40 0 +6.782595037e+001 +3.674559504e+002 +3.674559504e+002 -4.9408e+000 -3.2609e+000
44 0 +3.120986613e+001 +3.308398661e+002 +3.308398661e+002 -3.9500e+000 -2.8713e+000
52 0 +2.380428199e+001 +3.234342820e+002 +3.234342820e+002 -3.6447e+000 -2.7512e+000
69 0 +1.187776542e+001 +3.115077654e+002 +3.115077654e+002 -2.4116e+000 -2.2703e+000
89 0 +1.005599796e+001 +3.096859980e+002 +3.096859980e+002 -2.1946e+000 -2.1857e+000
91 0 +6.624504125e+000 +3.062545041e+002 +3.062545041e+002 -2.5961e-001 -1.4342e+000
100 0 +2.405612564e+000 +3.020356126e+002 +3.020356126e+002 +3.0030e-001 -1.2157e+000
117 0 +5.008967781e-001 +3.001308968e+002 +3.001308968e+002 +3.4091e-001 -1.1988e+000
121 0 +3.452005650e-001 +2.999752006e+002 +2.999752006e+002 +1.1090e+000 -8.9972e-001
124 0 +2.767641808e-001 +2.999067642e+002 +2.999067642e+002 +4.9335e-001 -1.1393e+000
133 0 +1.904695450e-001 +2.998204695e+002 +2.998204695e+002 +4.8598e-001 -1.1421e+000
141 0 +9.785884508e-003 +2.996397859e+002 +2.996397859e+002 +6.9117e-001 -1.0619e+000
145 0 +2.317074328e-003 +2.996323171e+002 +2.996323171e+002 +7.9566e-001 -1.0212e+000
166 0 +1.525991596e-003 +2.996315260e+002 +2.996315260e+002 +7.7026e-001 -1.0311e+000
169 0 +3.660549959e-005 +2.996300366e+002 +2.996300366e+002 +7.8466e-001 -1.0255e+000
184 0 +1.513239113e-006 +2.996300015e+002 +2.996300015e+002 +7.8525e-001 -1.0252e+000
228 0 +3.425196837e-008 +2.996300000e+002 +2.996300000e+002 +7.8623e-001 -1.0249e+000
238 0 +1.180558229e-008 +2.996300000e+002 +2.996300000e+002 +7.8640e-001 -1.0248e+000
243 0 +4.933156106e-009 +2.996300000e+002 +2.996300000e+002 +7.8646e-001 -1.0248e+000
