% f evaluations | g evaluations | best noise-free fitness - Fopt (-9.210000000000e+000) + sum g_i+ | measured fitness | best measured fitness or single-digit g-values | x1 | x2...
1 0 +2.266682057e+002 +2.174582057e+002 +2.174582057e+002 +1.1615e+000 -3.1305e+000 +3.0901e+000 -1.4424e+000 +2.8599e+000 +2.3922e+000 +4.8775e+000 -2.8872e+000 +1.7990e-001 +2.8849e+000
5 0 +1.723217630e+002 +1.631117630e+002 +1.631117630e+002 -4.5196e+000 +2.3786e-001 -4.0486e+000 +4.8707e+000 -2.8365e+000 +5.9669e-001 -1.3979e+000 +3.7240e-001 +3.0422e+000 -3.1625e-001
6 0 +1.341777942e+002 +1.249677942e+002 +1.249677942e+002 +2.3415e+000 +3.5891e+000 +2.3835e+000 -4.0419e+000 -4.5280e+000 +1.1172e+000 -3.2042e+000 +2.1017e+000 +7.4832e-001 -4.7789e+000
12 0 +0.000000000e+000 -9.210000000e+000 -9.210000000e+000 +5.0000e+000 +5.0000e+000 +5.0000e+000 +5.0000e+000 -5.0000e+000 +5.0000e+000 +5.0000e+000 +5.0000e+000 +5.0000e+000 -5.0000e+000
% f evaluations | g evaluations | best noise-free fitness - Fopt (6.559900000000e+002) + sum g_i+ | measured fitness | best measured fitness or single-digit g-values | x1 | x2...
1 0 +3.023757840e+002 +9.583657840e+002 +9.583657840e+002 +1.8577e+000 -1.4080e+000 -4.4603e+000 -3.2907e+000 +2.9877e+000 +1.2654e+000 +3.8965e+000 -4.5886e+000 +3.2519e+000 +1.8422e+000
2 0 +2.220744518e+002 +8.780644518e+002 +8.780644518e+002 -4.6477e+000 +4.4926e+000 -2.7335e+000 -3.0149e+000 +3.8706e+000 -1.4388e+000 -2.1306e+000 +2.3491e+000 -1.6595e+000 +3.6563e+000
3 0 +1.442711830e+002 +8.002611830e+002 +8.002611830e+002 +1.0955e-001 -4.5447e+000 +3.8143e+000 +4.8129e+000 -3.3991e+000 +2.8210e+000 -3.9407e+000 +4.7482e+000 +1.3241e+000 -1.4267e+000
12 0 +0.000000000e+000 +6.559900000e+002 +6.559900000e+002 +5.0000e+000 -5.0000e+000 -5.0000e+000 +5.0000e+000 -5.0000e+000 -5.0000e+000 -5.0000e+000 +5.0000e+000 -5.0000e+000 -5.0000e+000
% f evaluations | g evaluations | best noise-free fitness - Fopt (6.671000000000e+001) + sum g_i+ | measured fitness | best measured fitness or single-digit g-values | x1 | x2...
1 0 +2.296072371e+002 +2.963172371e+002 +2.963172371e+002 +4.5694e+000 -2.1655e+000 +1.4066e+000 -3.9514e+000 -3.4555e+000 +4.9770e+000 -5.1981e-001 +2.3013e+000 -7.0582e-001 +2.3281e+000
2 0 +2.191547741e+002 +2.858647741e+002 +2.858647741e+002 -1.2800e-001 +2.5242e-001 -4.1691e+000 -3.2574e+000 -4.6646e+000 +4.5960e+000 +1.1911e+000 -6.1400e-001 -3.4907e+000 +1.5168e+000
3 0 +1.891530376e+002 +2.558630376e+002 +2.558630376e+002 +1.7724e+000 -1.5434e+000 -4.7648e+000 -1.9568e+000 +3.0747e+000 -1.4672e+000 +3.1741e-001 -8.5911e-001 -1.7374e+000 -3.4845e+000
6 0 +1.701111564e+002 +2.368211564e+002 +2.368211564e+002 -3.1995e+000 +7.8826e-001 -2.5179e-002 -4.1872e+000 -3.0741e+000 +3.0754e+000 -2.1775e+000 +1.2482e+000 -4.6028e-001 -2.2368e+000
11 0 +1.505194895e+002 +2.172294895e+002 +2.172294895e+002 +2.5544e+000 -7.6059e-001 -2.9713e+000 -2.8464e+000 +4.8961e+000 -4.7552e+000 -4.9609e+000 -1.7647e+000 +4.4492e+000 -1.9235e+000
12 0 +0.000000000e+000 +6.671000000e+001 +6.671000000e+001 -5.0000e+000 -5.0000e+000 -5.0000e+000 +5.0000e+000 -5.0000e+000 +5.0000e+000 -5.0000e+000 -5.0000e+000 +5.0000e+000 -5.0000e+000
% f evaluations | g evaluations | best noise-free fitness - Fopt (9.416700000000e+002) + sum g_i+ | measured fitness | best measured fitness or single-digit g-values | x1 | x2...
1 0 +1.929272716e+002 +1.134597272e+003 +1.134597272e+003 -1.9570e+000 +8.6736e-001 +7.9479e-001 +1.4923e+000 +4.7854e+000 +4.3982e+000 +4.1071e+000 -2.2495e+000 -2.1629e-003 -4.0760e+000
5 0 +1.589842867e+002 +1.100654287e+003 +1.100654287e+003 -1.7818e-001 -4.0439e+000 +4.9229e+000 +2.7385e+000 -4.5128e+000 +4.2855e+000 +1.5429e+000 +1.9733e+000 +3.2488e+000 -2.2532e+000
7 0 +1.546914440e+002 +1.096361444e+003 +1.096361444e+003 +4.0944e+000 -4.6438e+000 +3.1412e+000 -2.8663e+000 -4.9987e+000 +3.9175e+000 +2.3915e+000 -1.6368e+000 +1.5381e+000 -3.8238e+000
12 0 +0.000000000e+000 +9.416700000e+002 +9.416700000e+002 -5.0000e+000 -5.0000e+000 +5.0000e+000 +5.0000e+000 -5.0000e+000 -5.0000e+000 -5.0000e+000 -5.0000e+000 +5.0000e+000 -5.0000e+000
% f evaluations | g evaluations | best noise-free fitness - Fopt (-3.745000000000e+001) + sum g_i+ | measured fitness | best measured fitness or single-digit g-values | x1 | x2...
1 0 +2.461718660e+002 +2.087218660e+002 +2.087218660e+002 -3.1608e+000 -2.5201e-001 -7.6647e-003 -2.1091e+000 +6.7406e-001 -2.7503e+000 +3.1712e+000 +4.9735e-001 +4.0123e-001 -4.5954e+000
2 0 +1.047778512e+002 +6.732785115e+001 +6.732785115e+001 +4.5454e+000 +1.8388e+000 +1.0283e+000 -8.7606e-002 -3.2148e+000 +8.3408e-001 +2.2252e+000 +5.9959e-001 +4.5127e+000 +3.7128e+000
12 0 +0.000000000e+000 -3.745000000e+001 -3.745000000e+001 +5.0000e+000 +5.0000e+000 +5.0000e+000 -5.0000e+000 -5.0000e+000 +5.0000e+000 +5.0000e+000 -5.0000e+000 +5.0000e+000 +5.0000e+000
% f evaluations | g evaluations | best noise-free fitness - Fopt (-6.639000000000e+001) + sum g_i+ | measured fitness | best measured fitness or single-digit g-values | x1 | x2...
1 0 +1.689547445e+002 +1.025647445e+002 +1.025647445e+002 -3.5655e+000 -5.3564e-001 -3.6592e-001 -2.5567e+000 -5.8376e-001 -3.8463e+000 +3.8091e+000 -1.0060e+000 +3.4796e+000 +1.0367e-001
8 0 +1.663371941e+002 +9.994719407e+001 +9.994719407e+001 +2.6427e+000 +4.9390e+000 +6.7912e-001 -2.7032e+000 -7.5135e-001 -1.5799e+000 +3.2918e+000 +3.0353e+000 +2.1339e+000 -3.1213e+000
12 0 +0.000000000e+000 -6.639000000e+001 -6.639000000e+001 -5.0000e+000 +5.0000e+000 -5.0000e+000 +5.0000e+000 -5.0000e+000 +5.0000e+000 +5.0000e+000 -5.0000e+000 +5.0000e+000 -5.0000e+000
% f evaluations | g evaluations | best noise-free fitness - Fopt (-2.260100000000e+002) + sum g_i+ | measured fitness | best measured fitness or single-digit g-values | x1 | x2...
1 0 +1.351501465e+002 -9.085985350e+001 -9.085985350e+001 -3.5086e+000 +3.2725e+000 +1.8465e+000 -2.5435e+000 -4.4736e+000 -4.5610e+000 -3.8622e+000 +4.2454e+000 +3.1655e+000 +3.2865e+000
12 0 +0.000000000e+000 -2.260100000e+002 -2.260100000e+002 -5.0000e+000 +5.0000e+000 +5.0000e+000 +5.0000e+000 -5.0000e+000 -5.0000e+000 -5.0000e+000 +5.0000e+000 +5.0000e+000 -5.0000e+000
% f evaluations | g evaluations | best noise-free fitness - Fopt (1.000000000000e+003) + sum g_i+ | measured fitness | best measured fitness or single-digit g-values | x1 | x2...
1 0 +2.337696199e+002 +1.233769620e+003 +1.233769620e+003 -3.5695e-001 -6.6156e-001 +2.7638e+000 +1.2630e-001 +2.7800e+000 -3.1967e-001 +2.7150e+000 +1.7717e+000 -9.3512e-001 -3.2428e-001
2 0 +1.412383561e+002 +1.141238356e+003 +1.141238356e+003 +4.6870e+000 +3.9994e+000 +8.8794e-001 +4.6778e+000 +4.3076e+000 -2.7143e+000 -3.1675e+000 +1.5842e+000 +4.9520e+000 -9.7563e-001
12 0 +0.000000000e+000 +1.000000000e+003 +1.000000000e+003 -5.0000e+000 +5.0000e+000 +5.0000e+000 +5.0000e+000 -5.0000e+000 -5.0000e+000 -5.0000e+000 -5.0000e+000 +5.0000e+000 -5.0000e+000
% f evaluations | g evaluations | best noise-free fitness - Fopt (-1.830200000000e+002) + sum g_i+ | measured fitness | best measured fitness or single-digit g-values | x1 | x2...
1 0 +3.083886161e+002 +1.253686161e+002 +1.253686161e+002 -3.6780e+000 +3.2344e+000 +4.6186e+000 +3.0017e-001 +2.2205e+000 -4.2563e+000 +1.4209e+000 +2.3282e+000 -3.0651e+000 -2.2075e+000
2 0 +2.112667414e+002 +2.824674140e+001 +2.824674140e+001 -1.0784e+000 -3.5103e+000 +2.5344e+000 +4.0773e+000 +1.6389e+000 +9.3852e-001 +1.4923e+000 -3.4372e+000 +2.4592e+000 -2.8895e+000
4 0 +1.772190421e+002 -5.800957913e+000 -5.800957913e+000 -3.6654e+000 +1.1655e+000 +9.3619e-001 +2.4447e+000 -2.8535e+000 -7.7851e-001 +3.1020e+000 -4.9373e+000 +4.6411e-001 +1.5192e+000
9 0 +1.567773406e+002 -2.624265936e+001 -2.624265936e+001 -2.3171e+000 -3.2921e+000 -3.1731e+000 +2.5978e+000 +2.7399e+000 +7.4038e-001 -4.7270e-001 +3.9270e+000 +3.5267e+000 +4.4944e+000
12 0 +0.000000000e+000 -1.830200000e+002 -1.830200000e+002 +5.0000e+000 -5.0000e+000 -5.0000e+000 -5.0000e+000 -5.0000e+000 +5.0000e+000 -5.0000e+000 -5.0000e+000 +5.0000e+000 +5.0000e+000
% f evaluations | g evaluations | best noise-free fitness - Fopt (-1.026200000000e+002) + sum g_i+ | measured fitness | best measured fitness or single-digit g-values | x1 | x2...
1 0 +2.403214325e+002 +1.377014325e+002 +1.377014325e+002 -2.5622e+000 -4.2899e-001 -2.5607e+000 +3.5005e-001 -1.1896e+000 +5.3314e-001 -1.3161e+000 +3.2779e-001 +2.1835e-001 -3.4830e+000
3 0 +2.336526151e+002 +1.310326151e+002 +1.310326151e+002 -4.9245e+000 -4.6679e+000 +3.5791e+000 -4.7920e+000 -6.6001e-001 -2.7432e+000 -2.9069e+000 +2.7474e+000 -2.1751e+000 +1.3887e+000
4 0 +2.255536201e+002 +1.229336201e+002 +1.229336201e+002 +7.8269e-001 +1.9173e+000 -3.3680e+000 -8.4954e-002 -1.1808e+000 +9.2872e-001 -3.1553e+000 -2.0817e+000 +1.3665e+000 -3.2214e+000
5 0 +1.071823565e+002 +4.562356489e+000 +4.562356489e+000 +3.9557e+000 -8.3515e-001 -2.6741e-001 +3.9506e-001 +2.1332e+000 +3.8481e+000 -2.5576e+000 -1.9567e+000 +4.5050e+000 +4.5943e+000
12 0 +0.000000000e+000 -1.026200000e+002 -1.026200000e+002 -5.0000e+000 -5.0000e+000 -5.0000e+000 -5.0000e+000 +5.0000e+000 +5.0000e+000 +5.0000e+000 -5.0000e+000 +5.0000e+000 +5.0000e+000
% f evaluations | g evaluations | best noise-free fitness - Fopt (9.953000000000e+001) + sum g_i+ | measured fitness | best measured fitness or single-digit g-values | x1 | x2...
1 0 +2.187933159e+002 +3.183233159e+002 +3.183233159e+002 -2.5059e+000 +1.4919e+000 -3.7211e+000 +9.1584e-001 +3.9571e+000 +2.3318e+000 -4.8844e+000 +3.4311e+000 +2.6675e+000 -2.1298e+000
2 0 +1.644310209e+002 +2.639610209e+002 +2.639610209e+002 -3.9391e+000 +3.1297e+000 -1.1005e+000 +4.6908e+000 -1.2389e+000 -3.6440e+000 -3.5919e+000 -4.5906e+000 -4.1650e+000 -1.5256e-001
7 0 +1.432026778e+002 +2.427326778e+002 +2.427326778e+002 +2.5592e+000 +2.8948e+000 +1.8587e+000 +3.8765e+000 -2.8175e+000 -2.9015e+000 +4.6083e+000 -3.9164e+000 +1.5538e+000 -4.7622e+000
12 0 +0.000000000e+000 +9.953000000e+001 +9.953000000e+001 -5.0000e+000 -5.0000e+000 -5.0000e+000 +5.0000e+000 +5.0000e+000 +5.0000e+000 +5.0000e+000 -5.0000e+000 -5.0000e+000 -5.0000e+000
% f evaluations | g evaluations | best noise-free fitness - Fopt (1.495900000000e+002) + sum g_i+ | measured fitness | best measured fitness or single-digit g-values | x1 | x2...
1 0 +2.383159177e+002 +3.879059177e+002 +3.879059177e+002 -1.1641e+000 -3.3397e+000 -1.4210e+000 +4.5056e+000 -1.7256e+000 +1.7562e+000 +3.8253e+000 +3.1292e+000 -1.8968e-001 +2.2520e+000
3 0 +2.272404498e+002 +3.768304498e+002 +3.768304498e+002 -1.1697e-002 +1.7606e+000 -2.3632e+000 +3.3043e+000 -2.4333e+000 +1.0335e+000 -2.0400e+000 -1.8788e-001 -2.0530e+000 -5.2932e-001
4 0 +1.509890464e+002 +3.005790464e+002 +3.005790464e+002 -4.4759e+000 -2.7908e+000 -2.4313e+000 -8.9543e-001 +3.9663e+000 -1.8460e+000 +2.5769e+000 +4.8614e+000 +4.3930e+000 -2.5269e+000
5 0 +1.125277371e+002 +2.621177371e+002 +2.621177371e+002 -8.5105e-001 -1.5732e+000 -4.6875e+000 -3.9764e+000 +3.8306e+000 +3.6728e+000 +3.9183e+000 +3.2536e-001 +1.8047e-001 -3.5123e+000
12 0 +0.000000000e+000 +1.495900000e+002 +1.495900000e+002 -5.0000e+000 +5.0000e+000 -5.0000e+000 -5.0000e+000 +5.0000e+000 +5.0000e+000 +5.0000e+000 -5.0000e+000 +5.0000e+000 -5.0000e+000
% f evaluations | g evaluations | best noise-free fitness - Fopt (-1.000000000000e+003) + sum g_i+ | measured fitness | best measured fitness or single-digit g-values | x1 | x2...
1 0 +2.493549453e+002 -7.506450547e+002 -7.506450547e+002 +4.4619e+000 -4.2928e+000 -3.5319e+000 -1.1612e-001 +5.2872e-001 -2.6816e+000 +2.7472e+000 +9.3502e-001 -2.9484e+000 +3.7307e+000
2 0 +1.935785107e+002 -8.064214893e+002 -8.064214893e+002 -3.5785e+000 -1.9970e+000 +9.2980e-001 -4.8637e+000 +1.3536e+000 -2.6353e+000 -2.1541e+000 -3.8403e+000 +1.7594e-001 +5.8409e-001
4 0 +1.465432705e+002 -8.534567295e+002 -8.534567295e+002 +3.1748e+000 -2.1203e+000 +4.6797e+000 +8.1946e-001 -9.8843e-001 +1.7372e+000 +4.1867e+000 -3.9986e+000 +3.1385e+000 +9.7339e-001
12 0 +0.000000000e+000 -1.000000000e+003 -1.000000000e+003 +5.0000e+000 -5.0000e+000 -5.0000e+000 -5.0000e+000 +5.0000e+000 +5.0000e+000 +5.0000e+000 -5.0000e+000 +5.0000e+000 -5.0000e+000
% f evaluations | g evaluations | best noise-free fitness - Fopt (-2.922000000000e+001) + sum g_i+ | measured fitness | best measured fitness or single-digit g-values | x1 | x2...
1 0 +1.635960560e+002 +1.343760560e+002 +1.343760560e+002 +2.0487e+000 +3.9294e+000 +1.8731e+000 +1.4898e+000 +2.6842e+000 +4.9102e+000 +4.5518e+000 +3.2213e+000 -1.8909e+000 -4.8473e+000
2 0 +1.609094931e+002 +1.316894931e+002 +1.316894931e+002 -2.7602e+000 -2.1409e+000 -2.8840e+000 +1.7250e+000 -3.1675e+000 +4.9805e+000 -3.5563e+000 -3.2044e+000 +7.8662e-002 +1.4808e+000
3 0 +1.427691625e+002 +1.135491625e+002 +1.135491625e+002 -6.1274e-001 +9.5294e-001 -2.2074e+000 -2.2175e+000 -2.4876e+000 -3.2479e-001 -4.0198e+000 -4.6882e+000 -3.4163e+000 +1.8338e-001
5 0 +1.362797687e+002 +1.070597687e+002 +1.070597687e+002 -4.2869e+000 -3.0339e+000 +8.3963e-001 +2.1325e+000 -5.5768e-001 +4.0663e+000 -2.5758e+000 +4.0041e+000 -2.3900e+000 -3.7150e+000
9 0 +1.217968056e+002 +9.257680557e+001 +9.257680557e+001 +8.5248e-001 -5.9189e-001 -2.1915e+000 -1.5774e+000 +4.5415e+000 +4.9443e+000 -4.4298e+000 -4.0568e-001 -1.3543e+000 -1.8497e+000
12 0 +0.000000000e+000 -2.922000000e+001 -2.922000000e+001 -5.0000e+000 -5.0000e+000 -5.0000e+000 +5.0000e+000 +5.0000e+000 +5.0000e+000 -5.0000e+000 -5.0000e+000 -5.0000e+000 -5.0000e+000
% f evaluations | g evaluations | best noise-free fitness - Fopt (-4.096000000000e+001) + sum g_i+ | measured fitness | best measured fitness or single-digit g-values | x1 | x2...
1 0 +1.600585690e+002 +1.190985690e+002 +1.190985690e+002 +1.1582e+000 -4.7454e+000 -2.1550e+000 -4.1352e+000 +4.4495e+000 -1.4152e+000 +3.7105e-001 +3.0488e+000 +9.7676e-001 -4.1497e+000
4 0 +1.450727820e+002 +1.041127820e+002 +1.041127820e+002 -8.4298e-001 -3.8056e+000 -1.3948e+000 -6.1618e-001 -4.7118e-001 -3.0662e+000 -2.3935e+000 -1.3689e-001 +2.5101e+000 -4.8852e+000
12 0 +0.000000000e+000 -4.096000000e+001 -4.096000000e+001 +5.0000e+000 +5.0000e+000 +5.0000e+000 +5.0000e+000 -5.0000e+000 -5.0000e+000 +5.0000e+000 +5.0000e+000 +5.0000e+000 -5.0000e+000
