% f evaluations | g evaluations | best noise-free fitness - Fopt (-5.465000000000e+002) + sum g_i+ | measured fitness | best measured fitness or single-digit g-values | x1 | x2...
1 0 +1.053956972e+005 +1.048491972e+005 +1.048491972e+005 -3.2773e+000 -4.7993e+000 -2.2265e+000
2 0 +1.039613617e+004 +9.849636170e+003 +9.849636170e+003 -3.3102e+000 -3.6154e+000 +3.1458e+000
4 0 +1.527953945e+003 +9.814539446e+002 +9.814539446e+002 +3.4352e+000 -6.3052e-002 +2.7363e+000
11 0 +5.512841134e+000 -5.409871589e+002 -5.409871589e+002 -1.5678e+000 +1.4300e+000 +1.6211e+000
32 0 +3.771870019e+000 -5.427281300e+002 -5.427281300e+002 -2.4267e+000 -5.7630e-001 +2.2600e+000
53 0 +3.492706498e+000 -5.430072935e+002 -5.430072935e+002 +1.7641e-001 +1.1671e+000 +1.9446e+000
72 0 +3.221982274e+000 -5.432780177e+002 -5.432780177e+002 -2.2886e+000 +2.0482e+000 +8.1441e-001
92 0 +2.694987960e+000 -5.438050120e+002 -5.438050120e+002 -2.2253e+000 +7.3499e-002 +2.3747e+000
135 0 +2.529709753e+000 -5.439702902e+002 -5.439702902e+002 -1.1967e+000 +1.0757e+000 +2.3571e+000
165 0 +2.278802440e+000 -5.442211976e+002 -5.442211976e+002 -1.2303e+000 +1.6548e+000 +2.2115e+000
213 0 +2.003703740e+000 -5.444962963e+002 -5.444962963e+002 -2.2167e+000 +5.0278e-003 +1.5699e+000
221 0 +1.780374223e+000 -5.447196258e+002 -5.447196258e+002 -1.9569e+000 +1.8893e-001 +1.4847e+000
352 0 +1.660015249e+000 -5.448399848e+002 -5.448399848e+002 -2.1221e+000 +9.2844e-002 +1.7849e+000
481 0 +1.506162908e+000 -5.449938371e+002 -5.449938371e+002 -2.1226e+000 +8.0664e-002 +1.7226e+000
491 0 +9.690860041e-001 -5.455309140e+002 -5.455309140e+002 -2.1864e+000 +2.2339e-002 +1.4942e+000
744 0 +8.388615748e-001 -5.456611384e+002 -5.456611384e+002 -2.1102e+000 +7.7268e-002 +1.4514e+000
919 0 +7.949264936e-001 -5.457050735e+002 -5.457050735e+002 -2.0909e+000 +7.8237e-002 +1.4649e+000
1147 0 +7.933139368e-001 -5.457066861e+002 -5.457066861e+002 -2.0922e+000 +7.1855e-002 +1.4714e+000
2991 0 +7.054588221e-001 -5.457945412e+002 -5.457945412e+002 -2.0007e+000 +1.1092e-001 +2.5760e+000
3616 0 +4.965770710e-001 -5.460034229e+002 -5.460034229e+002 -2.0304e+000 +9.2113e-002 +2.6156e+000
3622 0 +4.235650489e-001 -5.460764350e+002 -5.460764350e+002 -2.1049e+000 +7.0592e-002 +2.6265e+000
4086 0 +2.144877311e-001 -5.462855123e+002 -5.462855123e+002 -2.1837e+000 +2.0412e+000 +2.1284e+000
4128 0 +6.241752350e-002 -5.464375825e+002 -5.464375825e+002 -2.1026e+000 +2.0710e+000 +2.1122e+000
4270 0 +2.551248794e-002 -5.464744875e+002 -5.464744875e+002 -2.1189e+000 +2.1117e+000 +2.1130e+000
4684 0 +1.054934537e-002 -5.464894507e+002 -5.464894507e+002 -2.1078e+000 +2.1168e+000 +2.1052e+000
4900 0 +3.944361967e-003 -5.464960556e+002 -5.464960556e+002 -2.1189e+000 +2.1031e+000 +2.1036e+000
4947 0 +2.964871565e-003 -5.464970351e+002 -5.464970351e+002 -2.0958e+000 +2.1125e+000 +2.1034e+000
4985 0 +2.269541710e-008 -5.465000000e+002 -5.465000000e+002 -2.1048e+000 +2.1048e+000 +2.1048e+000
5017 0 +1.663511284e-008 -5.465000000e+002 -5.465000000e+002 -2.1048e+000 +2.1048e+000 +2.1048e+000
5062 0 +9.038785720e-009 -5.465000000e+002 -5.465000000e+002 -2.1048e+000 +2.1048e+000 +2.1048e+000
% f evaluations | g evaluations | best noise-free fitness - Fopt (1.000000000000e+003) + sum g_i+ | measured fitness | best measured fitness or single-digit g-values | x1 | x2...
1 0 +9.519955991e+004 +9.619955991e+004 +9.619955991e+004 -3.9477e+000 -2.6673e+000 +2.9175e+000
3 0 +5.894904220e+003 +6.894904220e+003 +6.894904220e+003 +6.3727e-001 +2.3542e-001 -3.9104e+000
4 0 +1.252048090e+003 +2.252048090e+003 +2.252048090e+003 +1.4530e+000 -5.8996e-001 -2.4546e+000
6 0 +1.416751710e+002 +1.141675171e+003 +1.141675171e+003 -2.9974e+000 +1.3685e+000 -7.3351e-001
7 0 +9.651377502e+001 +1.096513775e+003 +1.096513775e+003 -1.8736e+000 +2.5259e+000 -2.2513e+000
11 0 +3.171953318e+000 +1.003171953e+003 +1.003171953e+003 -9.9766e-001 +4.6235e-001 -1.9056e+000
12 0 +2.556480164e+000 +1.002556480e+003 +1.002556480e+003 +1.5761e+000 +5.2713e-001 -2.5275e+000
92 0 +2.493633072e+000 +1.002493633e+003 +1.002493633e+003 +1.4974e+000 +2.8473e+000 -1.0641e+000
216 0 +2.409384002e+000 +1.002409384e+003 +1.002409384e+003 -1.1279e+000 +1.3597e+000 -2.3340e+000
223 0 +1.442971852e+000 +1.001442972e+003 +1.001442972e+003 -9.9547e-001 +2.2972e+000 -2.1029e+000
313 0 +8.004200771e-001 +1.000800420e+003 +1.000800420e+003 -9.9547e-001 +2.3749e+000 -2.0176e+000
943 0 +5.513368114e-001 +1.000551337e+003 +1.000551337e+003 -1.9734e+000 +2.1877e+000 -2.0547e+000
1226 0 +1.657511719e-001 +1.000165751e+003 +1.000165751e+003 -2.0823e+000 +2.1495e+000 -2.0722e+000
1341 0 +4.467066397e-002 +1.000044671e+003 +1.000044671e+003 -2.1403e+000 +2.0915e+000 -2.0966e+000
1457 0 +1.551489289e-002 +1.000015515e+003 +1.000015515e+003 -2.1098e+000 +2.1009e+000 -2.1152e+000
1845 0 +5.317267053e-003 +1.000005317e+003 +1.000005317e+003 -2.1048e+000 +2.1078e+000 -2.0987e+000
1964 0 +4.774739314e-003 +1.000004775e+003 +1.000004775e+003 -2.0894e+000 +2.1050e+000 -2.1043e+000
1976 0 +2.701475203e-004 +1.000000270e+003 +1.000000270e+003 -2.1053e+000 +2.1065e+000 -2.1052e+000
2029 0 +2.477210602e-004 +1.000000248e+003 +1.000000248e+003 -2.1038e+000 +2.1041e+000 -2.1040e+000
2039 0 +6.381482535e-006 +1.000000006e+003 +1.000000006e+003 -2.1046e+000 +2.1046e+000 -2.1048e+000
2048 0 +2.835679425e-008 +1.000000000e+003 +1.000000000e+003 -2.1048e+000 +2.1049e+000 -2.1048e+000
2091 0 +2.179262992e-009 +1.000000000e+003 +1.000000000e+003 -2.1048e+000 +2.1048e+000 -2.1048e+000
% f evaluations | g evaluations | best noise-free fitness - Fopt (2.083800000000e+002) + sum g_i+ | measured fitness | best measured fitness or single-digit g-values | x1 | x2...
1 0 +1.187447192e+003 +1.395827192e+003 +1.395827192e+003 +1.9139e+000 +4.2974e+000 +1.3552e+000
11 0 +1.032804139e+002 +3.116604139e+002 +3.116604139e+002 +1.9268e+000 +2.4212e-001 +1.3767e+000
23 0 +1.889709985e+000 +2.102697100e+002 +2.102697100e+002 +2.1765e-001 +2.7589e+000 +1.9731e+000
32 0 +1.274308597e+000 +2.096543086e+002 +2.096543086e+002 -1.1236e+000 +2.2681e+000 +2.0504e+000
462 0 +8.641219002e-001 +2.092441219e+002 +2.092441219e+002 +1.4821e+000 +2.9517e+000 +1.8481e+000
625 0 +6.678806772e-001 +2.090478807e+002 +2.090478807e+002 -2.0669e+000 +2.0449e+000 +9.7166e-001
732 0 +6.342186043e-001 +2.090142186e+002 +2.090142186e+002 +1.4821e+000 +2.9823e+000 +1.8500e+000
1077 0 +5.693340784e-001 +2.089493341e+002 +2.089493341e+002 +1.6109e+000 +3.0501e+000 +1.8686e+000
1407 0 +5.546755211e-001 +2.089346755e+002 +2.089346755e+002 +1.5986e+000 +3.0414e+000 +1.8572e+000
1467 0 +4.490516989e-001 +2.088290517e+002 +2.088290517e+002 +1.5621e+000 +3.0330e+000 +1.8668e+000
2261 0 +4.049993466e-001 +2.087849993e+002 +2.087849993e+002 -2.0823e+000 +2.1106e+000 +9.5631e-001
2452 0 +3.670555336e-001 +2.087470555e+002 +2.087470555e+002 -2.1606e+000 +2.1511e+000 +2.0657e+000
2468 0 +3.307668648e-001 +2.087107669e+002 +2.087107669e+002 -2.1695e+000 +2.1030e+000 +2.0660e+000
2503 0 +3.192495808e-001 +2.086992496e+002 +2.086992496e+002 -2.0989e+000 +2.1175e+000 +2.0575e+000
2519 0 +2.411183993e-001 +2.086211184e+002 +2.086211184e+002 -2.1091e+000 +2.1224e+000 +2.0634e+000
2621 0 +1.830378612e-001 +2.085630379e+002 +2.085630379e+002 -2.1371e+000 +2.1529e+000 +2.0920e+000
2704 0 +1.268196856e-001 +2.085068197e+002 +2.085068197e+002 -2.1173e+000 +2.0818e+000 +2.1354e+000
2716 0 +1.206963576e-001 +2.085006964e+002 +2.085006964e+002 -2.1860e+000 +2.0929e+000 +2.1143e+000
2794 0 +7.840715866e-002 +2.084584072e+002 +2.084584072e+002 -2.1132e+000 +2.0876e+000 +2.1288e+000
2831 0 +3.425648182e-002 +2.084142565e+002 +2.084142565e+002 -2.1347e+000 +2.1160e+000 +2.1041e+000
2916 0 +1.463206947e-002 +2.083946321e+002 +2.083946321e+002 -2.1102e+000 +2.1153e+000 +2.0959e+000
3070 0 +1.418231400e-002 +2.083941823e+002 +2.083941823e+002 -2.0758e+000 +2.1111e+000 +2.1030e+000
3082 0 +1.164837755e-006 +2.083800012e+002 +2.083800012e+002 -2.1047e+000 +2.1048e+000 +2.1048e+000
3105 0 +4.471219484e-007 +2.083800004e+002 +2.083800004e+002 -2.1047e+000 +2.1048e+000 +2.1049e+000
3144 0 +1.037219022e-007 +2.083800001e+002 +2.083800001e+002 -2.1048e+000 +2.1048e+000 +2.1048e+000
3152 0 +3.566739792e-008 +2.083800000e+002 +2.083800000e+002 -2.1048e+000 +2.1048e+000 +2.1048e+000
3190 0 +1.609245714e-008 +2.083800000e+002 +2.083800000e+002 -2.1048e+000 +2.1048e+000 +2.1048e+000
3233 0 +5.949033266e-009 +2.083800000e+002 +2.083800000e+002 -2.1048e+000 +2.1048e+000 +2.1048e+000
% f evaluations | g evaluations | best noise-free fitness - Fopt (-1.449600000000e+002) + sum g_i+ | measured fitness | best measured fitness or single-digit g-values | x1 | x2...
1 0 +6.515207322e+001 -7.980792678e+001 -7.980792678e+001 +2.5765e+000 -4.6573e-001 -2.0770e+000
9 0 +3.744108174e+000 -1.412158918e+002 -1.412158918e+002 -7.7418e-001 +1.0063e-001 -2.2887e+000
33 0 +3.408918993e+000 -1.415510810e+002 -1.415510810e+002 -2.1545e+000 +1.0502e-001 -2.1857e+000
114 0 +3.098073460e+000 -1.418619265e+002 -1.418619265e+002 -4.1698e-001 -2.6978e+000 -7.9428e-001
116 0 +3.067409896e+000 -1.418925901e+002 -1.418925901e+002 +1.5089e+000 -2.0326e+000 -1.5085e+000
189 0 +2.883805606e+000 -1.420761944e+002 -1.420761944e+002 +4.5322e-001 -1.2596e+000 -1.1647e+000
195 0 +2.662012088e+000 -1.422979879e+002 -1.422979879e+002 +7.3751e-001 -6.7511e-001 -1.3455e+000
202 0 +2.404813060e+000 -1.425551869e+002 -1.425551869e+002 +1.5290e+000 -2.4391e+000 -1.4716e+000
236 0 +1.220185768e+000 -1.437398142e+002 -1.437398142e+002 +1.5089e+000 -3.0257e+000 -1.5085e+000
510 0 +7.505401529e-001 -1.442094598e+002 -1.442094598e+002 +1.5379e+000 -3.0451e+000 -1.9124e+000
995 0 +6.249018715e-001 -1.443350981e+002 -1.443350981e+002 +1.5818e+000 -3.0022e+000 -1.9072e+000
1329 0 +4.620331863e-001 -1.444979668e+002 -1.444979668e+002 +1.5620e+000 -3.0008e+000 -1.8852e+000
1456 0 +4.167076861e-001 -1.445432923e+002 -1.445432923e+002 +1.4813e+000 -3.0077e+000 -1.8747e+000
1619 0 +3.956371144e-001 -1.445643629e+002 -1.445643629e+002 +1.5143e+000 -3.0059e+000 -1.8789e+000
4050 0 +4.568413979e-002 -1.449143159e+002 -1.449143159e+002 -2.1336e+000 -2.1133e+000 -2.0922e+000
4585 0 +3.648247574e-002 -1.449235175e+002 -1.449235175e+002 -2.0645e+000 -2.1174e+000 -2.1090e+000
4596 0 +3.475390007e-002 -1.449252461e+002 -1.449252461e+002 -2.0900e+000 -2.1240e+000 -2.0896e+000
4719 0 +1.503405410e-002 -1.449449659e+002 -1.449449659e+002 -2.1243e+000 -2.1123e+000 -2.1049e+000
4811 0 +7.602702058e-003 -1.449523973e+002 -1.449523973e+002 -2.1092e+000 -2.1054e+000 -2.1112e+000
4844 0 +5.586165850e-003 -1.449544138e+002 -1.449544138e+002 -2.1172e+000 -2.1025e+000 -2.1096e+000
4949 0 +1.263811839e-006 -1.449599987e+002 -1.449599987e+002 -2.1046e+000 -2.1049e+000 -2.1049e+000
4956 0 +2.004178725e-007 -1.449599998e+002 -1.449599998e+002 -2.1048e+000 -2.1049e+000 -2.1048e+000
5000 0 +9.361701814e-008 -1.449599999e+002 -1.449599999e+002 -2.1048e+000 -2.1048e+000 -2.1048e+000
5015 0 +4.054837177e-008 -1.449600000e+002 -1.449600000e+002 -2.1048e+000 -2.1048e+000 -2.1048e+000
5054 0 +1.847561748e-008 -1.449600000e+002 -1.449600000e+002 -2.1048e+000 -2.1048e+000 -2.1048e+000
5122 0 +5.420702109e-009 -1.449600000e+002 -1.449600000e+002 -2.1048e+000 -2.1048e+000 -2.1048e+000
% f evaluations | g evaluations | best noise-free fitness - Fopt (-6.300000000000e+000) + sum g_i+ | measured fitness | best measured fitness or single-digit g-values | x1 | x2...
1 0 +4.424253105e+003 +4.417953105e+003 +4.417953105e+003 +1.8694e+000 +4.4716e-001 -2.3556e-001
2 0 +1.662197629e+003 +1.655897629e+003 +1.655897629e+003 +4.2326e+000 +1.4904e+000 -3.3346e+000
8 0 +2.511949832e+002 +2.448949832e+002 +2.448949832e+002 +1.5404e+000 -3.5794e-001 -2.9151e+000
9 0 +9.219397576e+001 +8.589397576e+001 +8.589397576e+001 +1.6413e+000 -2.8211e-001 -2.8325e+000
12 0 +4.067130454e+000 -2.232869546e+000 -2.232869546e+000 +3.5779e-001 -1.4377e+000 -1.5442e+000
31 0 +2.921284403e+000 -3.378715597e+000 -3.378715597e+000 +1.8694e+000 -2.0002e-001 -1.9472e+000
80 0 +2.071874052e+000 -4.228125948e+000 -4.228125948e+000 +1.9795e+000 -1.4184e-001 -1.8778e+000
277 0 +1.532418524e+000 -4.767581476e+000 -4.767581476e+000 +2.2508e+000 -1.4447e+000 -1.1445e+000
572 0 +1.486884633e+000 -4.813115367e+000 -4.813115367e+000 +2.1423e+000 -4.5536e-002 -1.4101e+000
600 0 +1.148579293e+000 -5.151420707e+000 -5.151420707e+000 +2.1912e+000 -1.0549e-001 -1.4402e+000
774 0 +1.140772488e+000 -5.159227512e+000 -5.159227512e+000 +2.2063e+000 +1.1965e-002 -1.4973e+000
863 0 +9.195791944e-001 -5.380420806e+000 -5.380420806e+000 +2.1305e+000 -2.7569e-002 -1.4634e+000
1212 0 +8.243997458e-001 -5.475600254e+000 -5.475600254e+000 +2.1469e+000 -5.4002e-002 -1.4694e+000
1248 0 +7.980924965e-001 -5.501907503e+000 -5.501907503e+000 +2.0974e+000 -6.4382e-002 -1.4759e+000
1308 0 +7.927685027e-001 -5.507231497e+000 -5.507231497e+000 +2.1120e+000 -6.4382e-002 -1.4683e+000
1605 0 +7.742919858e-001 -5.525708014e+000 -5.525708014e+000 +2.0642e+000 -2.1291e+000 -1.7639e+000
1608 0 +7.513114098e-001 -5.548688590e+000 -5.548688590e+000 +2.1120e+000 -2.0812e+000 -1.7703e+000
1680 0 +5.373802147e-001 -5.762619785e+000 -5.762619785e+000 +2.1500e+000 -2.1137e+000 -2.1574e+000
1697 0 +3.025498863e-001 -5.997450114e+000 -5.997450114e+000 +2.2079e+000 -2.0710e+000 -2.1404e+000
1702 0 +1.096577859e-001 -6.190342214e+000 -6.190342214e+000 +2.0974e+000 -2.1431e+000 -2.0801e+000
1807 0 +9.165513572e-002 -6.208344864e+000 -6.208344864e+000 +2.0938e+000 -2.1309e+000 -2.0792e+000
1824 0 +5.846203210e-003 -6.294153797e+000 -6.294153797e+000 +2.0980e+000 -2.1009e+000 -2.1103e+000
1831 0 +1.906435218e-003 -6.298093565e+000 -6.298093565e+000 +2.1053e+000 -2.1025e+000 -2.1023e+000
1889 0 +1.002898389e-003 -6.298997102e+000 -6.298997102e+000 +2.1006e+000 -2.1075e+000 -2.1024e+000
1979 0 +3.730373763e-004 -6.299626963e+000 -6.299626963e+000 +2.1022e+000 -2.1075e+000 -2.1047e+000
2083 0 +2.171937047e-004 -6.299782806e+000 -6.299782806e+000 +2.1040e+000 -2.1061e+000 -2.1055e+000
2148 0 +1.719238478e-004 -6.299828076e+000 -6.299828076e+000 +2.1018e+000 -2.1051e+000 -2.1048e+000
2184 0 +1.645904147e-004 -6.299835410e+000 -6.299835410e+000 +2.1052e+000 -2.1065e+000 -2.1045e+000
2203 0 +7.017090234e-005 -6.299929829e+000 -6.299929829e+000 +2.1055e+000 -2.1054e+000 -2.1051e+000
2216 0 +1.499127300e-005 -6.299985009e+000 -6.299985009e+000 +2.1050e+000 -2.1053e+000 -2.1046e+000
2289 0 +1.370800138e-005 -6.299986292e+000 -6.299986292e+000 +2.1050e+000 -2.1049e+000 -2.1051e+000
2333 0 +2.829736445e-012 -6.300000000e+000 -6.300000000e+000 +2.1048e+000 -2.1048e+000 -2.1048e+000
% f evaluations | g evaluations | best noise-free fitness - Fopt (-1.367600000000e+002) + sum g_i+ | measured fitness | best measured fitness or single-digit g-values | x1 | x2...
1 0 +1.116196557e+005 +1.114828957e+005 +1.114828957e+005 -3.3048e+000 -2.1121e+000 +4.6296e+000
2 0 +5.533122372e+004 +5.519446372e+004 +5.519446372e+004 -1.6737e+000 -8.8123e-001 +2.7646e+000
3 0 +4.571464437e+000 -1.321885356e+002 -1.321885356e+002 +1.4053e+000 -1.7077e+000 -2.3100e+000
33 0 +4.204968959e+000 -1.325550310e+002 -1.325550310e+002 +1.4774e+000 -2.2305e+000 -1.8207e+000
70 0 +2.199766281e+000 -1.345602337e+002 -1.345602337e+002 -9.6745e-003 -1.9856e+000 -2.1329e+000
257 0 +2.107765947e+000 -1.346522341e+002 -1.346522341e+002 -6.7901e-001 -2.7612e+000 -1.0765e+000
369 0 +1.653524499e+000 -1.351064755e+002 -1.351064755e+002 +2.0067e+000 -9.1435e-001 -2.3770e+000
769 0 +1.564717694e+000 -1.351952823e+002 -1.351952823e+002 +2.2113e+000 -1.0804e+000 -2.3950e+000
865 0 +8.324782153e-001 -1.359275218e+002 -1.359275218e+002 +2.0467e+000 -1.5191e+000 -2.2680e+000
1219 0 +6.801592834e-001 -1.360798407e+002 -1.360798407e+002 +1.9706e+000 -2.2201e+000 -2.0927e+000
1419 0 +3.309243828e-001 -1.364290756e+002 -1.364290756e+002 +2.0338e+000 -2.1818e+000 -2.1050e+000
1781 0 +9.096948017e-002 -1.366690305e+002 -1.366690305e+002 +2.0923e+000 -2.1386e+000 -2.0812e+000
1972 0 +7.986696076e-003 -1.367520133e+002 -1.367520133e+002 +2.0893e+000 -2.1007e+000 -2.1042e+000
2130 0 +4.425856602e-005 -1.367599557e+002 -1.367599557e+002 +2.1035e+000 -2.1048e+000 -2.1046e+000
2184 0 +4.385523908e-006 -1.367599956e+002 -1.367599956e+002 +2.1044e+000 -2.1049e+000 -2.1049e+000
2195 0 +9.132981234e-007 -1.367599991e+002 -1.367599991e+002 +2.1047e+000 -2.1048e+000 -2.1048e+000
2243 0 +3.580138355e-007 -1.367599996e+002 -1.367599996e+002 +2.1048e+000 -2.1048e+000 -2.1048e+000
2274 0 +7.008029002e-008 -1.367599999e+002 -1.367599999e+002 +2.1048e+000 -2.1048e+000 -2.1048e+000
2298 0 +4.433809409e-008 -1.367600000e+002 -1.367600000e+002 +2.1048e+000 -2.1048e+000 -2.1048e+000
2315 0 +2.011665856e-008 -1.367600000e+002 -1.367600000e+002 +2.1048e+000 -2.1048e+000 -2.1048e+000
2396 0 +4.198454917e-010 -1.367600000e+002 -1.367600000e+002 +2.1048e+000 -2.1048e+000 -2.1048e+000
% f evaluations | g evaluations | best noise-free fitness - Fopt (3.667500000000e+002) + sum g_i+ | measured fitness | best measured fitness or single-digit g-values | x1 | x2...
1 0 +2.250941033e+003 +2.617691033e+003 +2.617691033e+003 +1.1084e-001 +1.2636e+000 +2.1961e+000
2 0 +9.263830917e+002 +1.293133092e+003 +1.293133092e+003 -4.0175e+000 +1.9873e-001 +1.6568e+000
14 0 +3.423441477e+000 +3.701734415e+002 +3.701734415e+002 -6.8212e-002 -1.9617e+000 +1.5836e+000
104 0 +1.974338577e+000 +3.687243386e+002 +3.687243386e+002 +6.1883e-001 -2.7270e+000 +1.5832e+000
120 0 +1.542517918e+000 +3.682925179e+002 +3.682925179e+002 +1.4375e+000 -2.9700e+000 +1.0093e+000
518 0 +9.665400368e-001 +3.677165400e+002 +3.677165400e+002 -9.3007e-001 -2.4413e+000 +2.0104e+000
837 0 +8.203974901e-001 +3.675703975e+002 +3.675703975e+002 -1.9179e+000 -2.2154e+000 +2.0569e+000
1089 0 +4.651351140e-001 +3.672151351e+002 +3.672151351e+002 -2.0159e+000 -2.1897e+000 +2.1115e+000
1310 0 +2.548256696e-001 +3.670048257e+002 +3.670048257e+002 -2.2156e+000 -2.0488e+000 +2.1115e+000
1550 0 +3.437998300e-002 +3.667843800e+002 +3.667843800e+002 -2.1153e+000 -2.0776e+000 +2.1099e+000
1890 0 +2.089224531e-003 +3.667520892e+002 +3.667520892e+002 -2.1138e+000 -2.1060e+000 +2.1054e+000
2187 0 +1.639376556e-003 +3.667516394e+002 +3.667516394e+002 -2.0967e+000 -2.1069e+000 +2.1026e+000
2217 0 +1.338252025e-003 +3.667513383e+002 +3.667513383e+002 -2.1107e+000 -2.1069e+000 +2.1050e+000
2247 0 +5.686399618e-008 +3.667500001e+002 +3.667500001e+002 -2.1048e+000 -2.1048e+000 +2.1048e+000
2306 0 +3.316108632e-008 +3.667500000e+002 +3.667500000e+002 -2.1048e+000 -2.1048e+000 +2.1048e+000
2314 0 +2.956033995e-008 +3.667500000e+002 +3.667500000e+002 -2.1048e+000 -2.1048e+000 +2.1048e+000
2366 0 +2.470130767e-009 +3.667500000e+002 +3.667500000e+002 -2.1048e+000 -2.1048e+000 +2.1048e+000
% f evaluations | g evaluations | best noise-free fitness - Fopt (-2.486900000000e+002) + sum g_i+ | measured fitness | best measured fitness or single-digit g-values | x1 | x2...
1 0 +5.318256688e+003 +5.069566688e+003 +5.069566688e+003 +4.4687e+000 +2.7993e+000 +2.9940e+000
2 0 +1.250934751e+003 +1.002244751e+003 +1.002244751e+003 +4.0385e+000 -2.3297e+000 +2.1916e+000
12 0 +5.837738038e+000 -2.428522620e+002 -2.428522620e+002 -9.1074e-001 -2.5474e+000 +1.2377e+000
42 0 +3.739643870e+000 -2.449503561e+002 -2.449503561e+002 -1.6959e+000 -2.5474e+000 +1.2377e+000
67 0 +2.919318766e+000 -2.457706812e+002 -2.457706812e+002 -1.5253e+000 -2.5819e+000 +1.9241e+000
97 0 +2.578764994e+000 -2.461112350e+002 -2.461112350e+002 -6.3265e-001 -2.9361e+000 +1.9566e+000
163 0 +2.219604781e+000 -2.464703952e+002 -2.464703952e+002 +1.0795e+000 -2.4138e+000 +1.4904e+000
232 0 +2.093478571e+000 -2.465965214e+002 -2.465965214e+002 +2.2865e+000 -2.0161e+000 +1.6088e+000
291 0 +1.958583861e+000 -2.467314161e+002 -2.467314161e+002 +1.0178e+000 -2.3574e+000 +1.4662e+000
379 0 +1.908723121e+000 -2.467812769e+002 -2.467812769e+002 +2.6690e-001 -2.4989e+000 +8.4527e-001
552 0 +1.626060043e+000 -2.470639400e+002 -2.470639400e+002 +2.0871e+000 -2.1031e+000 +1.6020e+000
612 0 +1.519863422e+000 -2.471701366e+002 -2.471701366e+002 +2.1810e+000 -2.0424e+000 +1.4074e+000
638 0 +1.445433257e+000 -2.472445667e+002 -2.472445667e+002 +2.0642e+000 -2.1504e+000 +1.4014e+000
754 0 +9.230965083e-001 -2.477669035e+002 -2.477669035e+002 +1.1028e+000 -2.3620e+000 +2.0624e+000
848 0 +8.775046099e-001 -2.478124954e+002 -2.478124954e+002 +1.9580e+000 -2.1209e+000 +9.3043e-001
1091 0 +5.470577176e-002 -2.486352942e+002 -2.486352942e+002 +2.1305e+000 -2.0832e+000 +2.1239e+000
1430 0 +2.945107512e-002 -2.486605489e+002 -2.486605489e+002 +2.1161e+000 -2.1066e+000 +2.0919e+000
1822 0 +2.490930698e-002 -2.486650907e+002 -2.486650907e+002 +2.1038e+000 -2.0947e+000 +2.0967e+000
1840 0 +2.371381648e-002 -2.486662862e+002 -2.486662862e+002 +2.0701e+000 -2.1060e+000 +2.1062e+000
1870 0 +1.787361268e-003 -2.486882126e+002 -2.486882126e+002 +2.0987e+000 -2.1086e+000 +2.1062e+000
2152 0 +8.974630975e-004 -2.486891025e+002 -2.486891025e+002 +2.0987e+000 -2.1069e+000 +2.1031e+000
2200 0 +7.290172217e-004 -2.486892710e+002 -2.486892710e+002 +2.0987e+000 -2.1076e+000 +2.1044e+000
2240 0 +7.083508782e-004 -2.486892916e+002 -2.486892916e+002 +2.1020e+000 -2.1080e+000 +2.1053e+000
2276 0 +1.827523922e-004 -2.486898172e+002 -2.486898172e+002 +2.1055e+000 -2.1046e+000 +2.1039e+000
2354 0 +1.799421364e-004 -2.486898201e+002 -2.486898201e+002 +2.1038e+000 -2.1052e+000 +2.1038e+000
2368 0 +2.736300075e-009 -2.486900000e+002 -2.486900000e+002 +2.1048e+000 -2.1048e+000 +2.1048e+000
% f evaluations | g evaluations | best noise-free fitness - Fopt (-6.786000000000e+001) + sum g_i+ | measured fitness | best measured fitness or single-digit g-values | x1 | x2...
1 0 +6.222853612e+002 +5.544253612e+002 +5.544253612e+002 +3.3406e+000 +3.6344e-001 +2.5027e+000
11 0 +3.392141685e+000 -6.446785831e+001 -6.446785831e+001 +5.6080e-001 +1.7192e+000 +1.3534e+000
12 0 +2.010305914e+000 -6.584969409e+001 -6.584969409e+001 +7.2224e-001 +6.9402e-001 +2.4838e+000
316 0 +1.681174412e+000 -6.617882559e+001 -6.617882559e+001 -1.9886e+000 +5.1177e-001 +2.4777e+000
595 0 +1.024755554e+000 -6.683524445e+001 -6.683524445e+001 -1.9117e+000 +1.5102e-001 +2.5886e+000
990 0 +7.081219455e-001 -6.715187805e+001 -6.715187805e+001 -2.2332e+000 +5.4781e-002 +2.6303e+000
1200 0 +4.229003640e-001 -6.743709964e+001 -6.743709964e+001 -2.1132e+000 +5.4781e-002 +2.6073e+000
2048 0 +4.120017794e-001 -6.744799822e+001 -6.744799822e+001 -2.1301e+000 +7.0504e-002 +2.6083e+000
2200 0 +3.966631055e-001 -6.746333689e+001 -6.746333689e+001 -2.1043e+000 +7.2690e-002 +2.6097e+000
4062 0 +3.329540186e-001 -6.752704598e+001 -6.752704598e+001 -1.9946e+000 +2.1758e+000 +2.1017e+000
4360 0 +2.097400185e-001 -6.765025998e+001 -6.765025998e+001 -2.1911e+000 +2.0923e+000 +2.1300e+000
4420 0 +7.016686076e-002 -6.778983314e+001 -6.778983314e+001 -2.1119e+000 +2.0667e+000 +2.1142e+000
4485 0 +4.020082905e-002 -6.781979917e+001 -6.781979917e+001 -2.0611e+000 +2.1273e+000 +2.0965e+000
4505 0 +3.128380863e-003 -6.785687162e+001 -6.785687162e+001 -2.0960e+000 +2.1013e+000 +2.1051e+000
4752 0 +2.445134938e-003 -6.785755487e+001 -6.785755487e+001 -2.1123e+000 +2.0996e+000 +2.1038e+000
4871 0 +1.606155223e-003 -6.785839384e+001 -6.785839384e+001 -2.1098e+000 +2.1076e+000 +2.1056e+000
4875 0 +8.879005541e-004 -6.785911210e+001 -6.785911210e+001 -2.1041e+000 +2.1036e+000 +2.1073e+000
4898 0 +3.920168874e-004 -6.785960798e+001 -6.785960798e+001 -2.1011e+000 +2.1059e+000 +2.1055e+000
4902 0 +1.308830106e-005 -6.785998691e+001 -6.785998691e+001 -2.1044e+000 +2.1054e+000 +2.1047e+000
4936 0 +3.558725012e-007 -6.785999964e+001 -6.785999964e+001 -2.1048e+000 +2.1048e+000 +2.1049e+000
4956 0 +2.484071615e-009 -6.786000000e+001 -6.786000000e+001 -2.1048e+000 +2.1048e+000 +2.1048e+000
% f evaluations | g evaluations | best noise-free fitness - Fopt (-2.329000000000e+001) + sum g_i+ | measured fitness | best measured fitness or single-digit g-values | x1 | x2...
1 0 +1.717284827e+004 +1.714955827e+004 +1.714955827e+004 +4.0440e+000 -4.5504e+000 +2.3175e+000
2 0 +4.848154154e+003 +4.824864154e+003 +4.824864154e+003 +4.8334e+000 +2.2736e+000 +2.9235e+000
8 0 +4.012232462e+003 +3.988942462e+003 +3.988942462e+003 -5.0000e+000 +5.0000e+000 -4.2402e-001
11 0 +4.214923990e+000 -1.907507601e+001 -1.907507601e+001 -5.9005e-001 +1.0557e+000 +1.8142e+000
12 0 +3.692049048e+000 -1.959795095e+001 -1.959795095e+001 +8.9083e-001 +1.4457e+000 +1.7503e+000
71 0 +1.567719968e+000 -2.172228003e+001 -2.172228003e+001 -5.9005e-001 +2.8527e+000 +1.9588e+000
365 0 +1.277532517e+000 -2.201246748e+001 -2.201246748e+001 +2.2113e+000 +2.0946e+000 +1.2215e+000
822 0 +1.032483052e+000 -2.225751695e+001 -2.225751695e+001 +2.2389e+000 +1.9890e+000 +9.8629e-001
898 0 +4.696327780e-001 -2.282036722e+001 -2.282036722e+001 +2.1990e+000 +2.1588e+000 +2.0831e+000
1525 0 +2.930007992e-001 -2.299699920e+001 -2.299699920e+001 +2.2367e+000 +2.0659e+000 +2.1204e+000
1800 0 +2.879689874e-001 -2.300203101e+001 -2.300203101e+001 +2.1892e+000 +2.1250e+000 +2.1215e+000
1829 0 +1.120622340e-001 -2.317793777e+001 -2.317793777e+001 +2.0561e+000 +2.1526e+000 +2.0872e+000
1880 0 +5.493625565e-002 -2.323506374e+001 -2.323506374e+001 +2.1199e+000 +2.1292e+000 +2.1061e+000
2010 0 +4.601497162e-002 -2.324398503e+001 -2.324398503e+001 +2.1564e+000 +2.0888e+000 +2.1067e+000
2068 0 +1.421076264e-002 -2.327578924e+001 -2.327578924e+001 +2.0844e+000 +2.1126e+000 +2.0965e+000
2155 0 +2.366377529e-006 -2.328999763e+001 -2.328999763e+001 +2.1045e+000 +2.1049e+000 +2.1048e+000
2236 0 +8.933358053e-007 -2.328999911e+001 -2.328999911e+001 +2.1048e+000 +2.1048e+000 +2.1048e+000
2255 0 +7.689788220e-007 -2.328999923e+001 -2.328999923e+001 +2.1049e+000 +2.1047e+000 +2.1048e+000
2303 0 +8.707370114e-008 -2.328999991e+001 -2.328999991e+001 +2.1048e+000 +2.1048e+000 +2.1048e+000
2365 0 +4.369873352e-009 -2.329000000e+001 -2.329000000e+001 +2.1048e+000 +2.1048e+000 +2.1048e+000
% f evaluations | g evaluations | best noise-free fitness - Fopt (-1.028000000000e+001) + sum g_i+ | measured fitness | best measured fitness or single-digit g-values | x1 | x2...
1 0 +1.994083727e+003 +1.983803727e+003 +1.983803727e+003 +1.6231e+000 -1.0428e+000 +3.6087e+000
11 0 +4.635896930e+000 -5.644103070e+000 -5.644103070e+000 +1.2812e+000 +1.0462e+000 +1.8715e+000
12 0 +3.998175119e+000 -6.281824881e+000 -6.281824881e+000 +9.6056e-001 +2.1657e+000 +1.4264e+000
61 0 +3.549649831e+000 -6.730350169e+000 -6.730350169e+000 +5.9356e-001 +2.7890e-001 +2.5338e+000
93 0 +3.231729094e+000 -7.048270906e+000 -7.048270906e+000 +1.0736e+000 +7.8790e-001 +1.7748e+000
118 0 +2.987773039e+000 -7.292226961e+000 -7.292226961e+000 +5.4366e-001 -9.4034e-002 +1.5343e+000
139 0 +2.828057089e+000 -7.451942911e+000 -7.451942911e+000 +5.6545e-002 +2.6135e+000 +1.3703e+000
146 0 +2.443072931e+000 -7.836927069e+000 -7.836927069e+000 +8.1431e-001 +4.2716e-001 +1.3373e+000
240 0 +2.280263693e+000 -7.999736307e+000 -7.999736307e+000 +3.6342e-001 +1.9612e+000 +2.1833e+000
322 0 +2.194211456e+000 -8.085788544e+000 -8.085788544e+000 +2.4168e-001 +2.5981e+000 +1.6665e+000
507 0 +1.725920541e+000 -8.554079459e+000 -8.554079459e+000 +9.7494e-001 +4.1523e-001 +2.4784e+000
551 0 +1.650211642e+000 -8.629788358e+000 -8.629788358e+000 +1.0145e+000 +1.7656e+000 +2.2246e+000
1269 0 +8.801069116e-001 -9.399893088e+000 -9.399893088e+000 +1.0384e+000 +2.3563e+000 +2.0707e+000
1989 0 +7.635681487e-001 -9.516431851e+000 -9.516431851e+000 +9.8436e-001 +2.3743e+000 +2.0464e+000
2078 0 +7.479864406e-001 -9.532013559e+000 -9.532013559e+000 +1.0114e+000 +2.3844e+000 +2.0462e+000
2220 0 +7.355252782e-001 -9.544474722e+000 -9.544474722e+000 +1.0199e+000 +2.3645e+000 +2.0347e+000
2674 0 +7.242768334e-001 -9.555723167e+000 -9.555723167e+000 +1.0212e+000 +2.3747e+000 +2.0388e+000
4722 0 +1.669727349e-001 -1.011302727e+001 -1.011302727e+001 +2.0088e+000 +2.1165e+000 +2.0951e+000
5589 0 +4.278712241e-002 -1.023721288e+001 -1.023721288e+001 +2.1014e+000 +2.1074e+000 +2.0883e+000
5771 0 +2.716004355e-002 -1.025283996e+001 -1.025283996e+001 +2.1220e+000 +2.0943e+000 +2.0965e+000
5839 0 +1.739212671e-005 -1.027998261e+001 -1.027998261e+001 +2.1040e+000 +2.1052e+000 +2.1049e+000
5938 0 +3.425793805e-006 -1.027999657e+001 -1.027999657e+001 +2.1049e+000 +2.1049e+000 +2.1047e+000
5992 0 +1.204505510e-006 -1.027999880e+001 -1.027999880e+001 +2.1051e+000 +2.1048e+000 +2.1049e+000
6000 0 +9.171082063e-007 -1.027999908e+001 -1.027999908e+001 +2.1051e+000 +2.1048e+000 +2.1049e+000
6052 0 +5.202382880e-008 -1.027999995e+001 -1.027999995e+001 +2.1048e+000 +2.1048e+000 +2.1048e+000
6069 0 +4.290279421e-008 -1.027999996e+001 -1.027999996e+001 +2.1048e+000 +2.1049e+000 +2.1048e+000
6110 0 +2.917333575e-008 -1.027999997e+001 -1.027999997e+001 +2.1048e+000 +2.1049e+000 +2.1048e+000
6187 0 +6.814993014e-010 -1.028000000e+001 -1.028000000e+001 +2.1048e+000 +2.1048e+000 +2.1048e+000
% f evaluations | g evaluations | best noise-free fitness - Fopt (1.799700000000e+002) + sum g_i+ | measured fitness | best measured fitness or single-digit g-values | x1 | x2...
1 0 +1.175274361e+004 +1.193271361e+004 +1.193271361e+004 +3.6874e+000 +4.9513e+000 +3.0538e+000
4 0 +1.198686192e+003 +1.378656192e+003 +1.378656192e+003 +4.1532e+000 +3.2823e+000 +2.0941e+000
7 0 +8.777360798e+002 +1.057706080e+003 +1.057706080e+003 -1.9964e+000 +9.0454e-001 +4.8114e-001
11 0 +2.593522434e+000 +1.825635224e+002 +1.825635224e+002 -8.4430e-001 +2.5132e+000 +1.1401e+000
116 0 +2.507380284e+000 +1.824773803e+002 +1.824773803e+002 +1.7462e+000 +2.4542e+000 +8.4067e-001
146 0 +2.239278163e+000 +1.822092782e+002 +1.822092782e+002 +1.6664e+000 +2.5164e+000 +8.4543e-001
233 0 +1.734512142e+000 +1.817045121e+002 +1.817045121e+002 -1.0046e+000 +2.3934e+000 +1.6472e+000
367 0 +1.626261690e+000 +1.815962617e+002 +1.815962617e+002 -2.0133e+000 +2.1558e+000 +1.4801e+000
444 0 +1.513123744e+000 +1.814831237e+002 +1.814831237e+002 -2.6191e-001 +2.4989e+000 +2.0200e+000
585 0 +1.465673923e+000 +1.814356739e+002 +1.814356739e+002 -1.1875e+000 +2.3109e+000 +2.0122e+000
797 0 +1.418548099e+000 +1.813885481e+002 +1.813885481e+002 -2.0917e+000 +2.1639e+000 +1.6849e+000
847 0 +9.575585613e-001 +1.809275586e+002 +1.809275586e+002 -2.0123e+000 +1.5564e+000 +2.2334e+000
857 0 +9.449963650e-001 +1.809149964e+002 +1.809149964e+002 -2.1802e+000 +2.1160e+000 +1.7369e+000
1066 0 +8.862924355e-001 +1.808562924e+002 +1.808562924e+002 -2.1505e+000 +1.9935e+000 +2.0850e+000
1096 0 +6.228929746e-002 +1.800322893e+002 +1.800322893e+002 -2.1100e+000 +2.1075e+000 +2.0850e+000
1786 0 +4.796418230e-002 +1.800179642e+002 +1.800179642e+002 -2.0804e+000 +2.1145e+000 +2.0875e+000
1795 0 +1.061031653e-002 +1.799806103e+002 +1.799806103e+002 -2.0925e+000 +2.1202e+000 +2.1005e+000
1880 0 +3.773488668e-003 +1.799737735e+002 +1.799737735e+002 -2.1028e+000 +2.1046e+000 +2.1002e+000
2030 0 +2.848100349e-003 +1.799728481e+002 +1.799728481e+002 -2.1082e+000 +2.1069e+000 +2.1007e+000
2073 0 +1.853976771e-003 +1.799718540e+002 +1.799718540e+002 -2.1004e+000 +2.1113e+000 +2.1030e+000
2119 0 +2.358155513e-006 +1.799700024e+002 +1.799700024e+002 -2.1048e+000 +2.1048e+000 +2.1050e+000
2138 0 +2.122632765e-006 +1.799700021e+002 +1.799700021e+002 -2.1047e+000 +2.1048e+000 +2.1050e+000
2189 0 +2.925403919e-008 +1.799700000e+002 +1.799700000e+002 -2.1048e+000 +2.1048e+000 +2.1048e+000
2199 0 +1.797576488e-008 +1.799700000e+002 +1.799700000e+002 -2.1048e+000 +2.1048e+000 +2.1048e+000
2244 0 +1.450757736e-009 +1.799700000e+002 +1.799700000e+002 -2.1048e+000 +2.1048e+000 +2.1048e+000
% f evaluations | g evaluations | best noise-free fitness - Fopt (8.376000000000e+001) + sum g_i+ | measured fitness | best measured fitness or single-digit g-values | x1 | x2...
1 0 +5.041376319e+004 +5.049752319e+004 +5.049752319e+004 -2.6931e+000 -2.3986e+000 -1.6325e+000
2 0 +5.165761981e+000 +8.892576198e+001 +8.892576198e+001 -5.5935e-001 +3.8691e-001 +2.6708e+000
18 0 +3.103416618e+000 +8.686341662e+001 +8.686341662e+001 -1.0385e+000 +1.3926e+000 +1.4540e+000
78 0 +2.233357281e+000 +8.599335728e+001 +8.599335728e+001 -1.0601e+000 +2.3495e+000 +1.6224e+000
144 0 +1.697694315e+000 +8.545769432e+001 +8.545769432e+001 -1.1388e+000 +2.4335e+000 +2.0690e+000
401 0 +1.569735764e+000 +8.532973576e+001 +8.532973576e+001 +1.8028e+000 +3.0829e+000 +1.8541e+000
520 0 +1.482571479e+000 +8.524257148e+001 +8.524257148e+001 +1.6382e+000 +3.1320e+000 +6.9768e-001
537 0 +8.628314483e-001 +8.462283145e+001 +8.462283145e+001 -2.0217e+000 +1.4991e+000 +2.2646e+000
634 0 +1.497071955e-001 +8.390970720e+001 +8.390970720e+001 -2.1366e+000 +2.0533e+000 +2.1318e+000
1180 0 +1.436379536e-001 +8.390363795e+001 +8.390363795e+001 -2.1887e+000 +2.0898e+000 +2.0965e+000
1205 0 +9.995481672e-002 +8.385995482e+001 +8.385995482e+001 -2.1412e+000 +2.0966e+000 +2.0853e+000
1470 0 +4.178679134e-002 +8.380178679e+001 +8.380178679e+001 -2.1412e+000 +2.1014e+000 +2.1160e+000
1606 0 +1.517157531e-002 +8.377517158e+001 +8.377517158e+001 -2.0871e+000 +2.1123e+000 +2.0955e+000
1710 0 +5.458639166e-006 +8.376000546e+001 +8.376000546e+001 -2.1047e+000 +2.1046e+000 +2.1049e+000
1750 0 +2.909641381e-007 +8.376000029e+001 +8.376000029e+001 -2.1048e+000 +2.1048e+000 +2.1048e+000
1849 0 +7.391794554e-008 +8.376000007e+001 +8.376000007e+001 -2.1048e+000 +2.1048e+000 +2.1048e+000
1913 0 +7.111893296e-009 +8.376000001e+001 +8.376000001e+001 -2.1048e+000 +2.1048e+000 +2.1048e+000
% f evaluations | g evaluations | best noise-free fitness - Fopt (-3.890100000000e+002) + sum g_i+ | measured fitness | best measured fitness or single-digit g-values | x1 | x2...
1 0 +3.998830228e+004 +3.959929228e+004 +3.959929228e+004 +3.9133e-001 -3.8889e+000 +2.9148e+000
2 0 +3.019472415e+003 +2.630462415e+003 +2.630462415e+003 -1.8014e+000 -2.5745e+000 -2.9754e+000
11 0 +3.926474927e+000 -3.850835251e+002 -3.850835251e+002 -1.1608e+000 -1.0057e+000 -1.6812e+000
12 0 +3.294912920e+000 -3.857150871e+002 -3.857150871e+002 +6.2653e-001 -2.2299e+000 -1.4635e+000
41 0 +2.735580191e+000 -3.862744198e+002 -3.862744198e+002 -1.8106e+000 -1.2709e+000 -2.3075e+000
109 0 +2.576637311e+000 -3.864333627e+002 -3.864333627e+002 -3.8250e-001 -4.0394e-001 -1.3648e+000
125 0 +2.471379548e+000 -3.865386205e+002 -3.865386205e+002 +1.7473e+000 -3.1097e+000 -1.4550e+000
165 0 +1.632016734e+000 -3.873779833e+002 -3.873779833e+002 -1.9395e+000 -1.5391e+000 -1.1249e+000
424 0 +1.413493414e+000 -3.875965066e+002 -3.875965066e+002 -1.0856e+000 -2.4623e+000 -1.9931e+000
621 0 +1.389752676e+000 -3.876202473e+002 -3.876202473e+002 -2.0476e+000 -1.3670e-002 -1.5260e+000
833 0 +1.252526285e+000 -3.877574737e+002 -3.877574737e+002 -2.0628e+000 -1.5176e+000 -1.1318e+000
1037 0 +1.120378176e+000 -3.878896218e+002 -3.878896218e+002 -2.1661e+000 -6.3978e-002 -1.4310e+000
1307 0 +4.640508891e-001 -3.885459491e+002 -3.885459491e+002 -2.1661e+000 -6.3978e-002 -2.6114e+000
1953 0 +4.278668687e-001 -3.885821331e+002 -3.885821331e+002 -2.1475e+000 -5.6592e-002 -2.6135e+000
2069 0 +4.254524298e-001 -3.885845476e+002 -3.885845476e+002 -2.1337e+000 -6.3978e-002 -2.6051e+000
2188 0 +4.100462073e-001 -3.885999538e+002 -3.885999538e+002 -2.1233e+000 -7.8677e-002 -2.6138e+000
2283 0 +4.064366139e-001 -3.886035634e+002 -3.886035634e+002 -2.1072e+000 -5.6592e-002 -2.6135e+000
2307 0 +1.489683769e-001 -3.888610316e+002 -3.888610316e+002 -2.0743e+000 -2.0667e+000 -2.1024e+000
2382 0 +5.846974831e-002 -3.889515303e+002 -3.889515303e+002 -2.0595e+000 -2.1371e+000 -2.0990e+000
2442 0 +4.999260123e-002 -3.889600074e+002 -3.889600074e+002 -2.0595e+000 -2.1317e+000 -2.1022e+000
2597 0 +6.377041296e-003 -3.890036230e+002 -3.890036230e+002 -2.0897e+000 -2.1018e+000 -2.1059e+000
3043 0 +5.853129475e-003 -3.890041469e+002 -3.890041469e+002 -2.1128e+000 -2.1116e+000 -2.1011e+000
3068 0 +4.499346195e-003 -3.890055007e+002 -3.890055007e+002 -2.1001e+000 -2.1124e+000 -2.0996e+000
3104 0 +6.384714766e-007 -3.890099994e+002 -3.890099994e+002 -2.1047e+000 -2.1049e+000 -2.1048e+000
3150 0 +4.760202046e-007 -3.890099995e+002 -3.890099995e+002 -2.1047e+000 -2.1048e+000 -2.1049e+000
3174 0 +1.663946136e-007 -3.890099998e+002 -3.890099998e+002 -2.1047e+000 -2.1049e+000 -2.1048e+000
3197 0 +5.570711892e-008 -3.890099999e+002 -3.890099999e+002 -2.1048e+000 -2.1048e+000 -2.1048e+000
3239 0 +2.511063713e-008 -3.890100000e+002 -3.890100000e+002 -2.1048e+000 -2.1048e+000 -2.1048e+000
3278 0 +1.421909701e-008 -3.890100000e+002 -3.890100000e+002 -2.1048e+000 -2.1048e+000 -2.1048e+000
3328 0 +5.876131581e-009 -3.890100000e+002 -3.890100000e+002 -2.1048e+000 -2.1048e+000 -2.1048e+000
% f evaluations | g evaluations | best noise-free fitness - Fopt (-1.455800000000e+002) + sum g_i+ | measured fitness | best measured fitness or single-digit g-values | x1 | x2...
1 0 +1.363072642e+004 +1.348514642e+004 +1.348514642e+004 -3.2832e+000 -3.5803e+000 +3.6900e+000
3 0 +6.723032364e+003 +6.577452364e+003 +6.577452364e+003 -3.8439e+000 +8.0804e-001 +3.6369e+000
4 0 +2.074086412e+002 +6.182864116e+001 +6.182864116e+001 -3.2065e+000 -1.7733e+000 +6.9931e-001
12 0 +3.457932586e+000 -1.421220674e+002 -1.421220674e+002 +3.8965e-001 -2.3544e+000 +5.8962e-001
50 0 +3.028999627e+000 -1.425510004e+002 -1.425510004e+002 +1.1083e+000 +1.9821e-001 +1.5942e+000
93 0 +2.785489755e+000 -1.427945102e+002 -1.427945102e+002 -1.4952e+000 -2.8486e+000 +1.6380e+000
146 0 +2.665542208e+000 -1.429144578e+002 -1.429144578e+002 +3.5910e-001 -5.3900e-001 +1.0294e+000
159 0 +2.117958107e+000 -1.434620419e+002 -1.434620419e+002 +1.1272e+000 -2.3402e+000 +1.1470e+000
208 0 +9.109482272e-001 -1.446690518e+002 -1.446690518e+002 +2.0128e+000 -1.5470e+000 +2.2463e+000
954 0 +7.659071016e-001 -1.448140929e+002 -1.448140929e+002 +1.9811e+000 -2.1502e+000 +9.7577e-001
1136 0 +7.072491607e-001 -1.448727508e+002 -1.448727508e+002 +1.9142e+000 -2.1862e+000 +2.0614e+000
1406 0 +3.384677810e-001 -1.452415322e+002 -1.452415322e+002 +2.0729e+000 -2.0469e+000 +2.0949e+000
1596 0 +1.768924844e-001 -1.454031075e+002 -1.454031075e+002 +2.1056e+000 -2.1206e+000 +2.0693e+000
2076 0 +1.062962180e-001 -1.454737038e+002 -1.454737038e+002 +2.1068e+000 -2.1204e+000 +2.0773e+000
2096 0 +4.758738649e-002 -1.455324126e+002 -1.455324126e+002 +2.0692e+000 -2.1337e+000 +2.0921e+000
2305 0 +1.664261607e-002 -1.455633574e+002 -1.455633574e+002 +2.0949e+000 -2.1225e+000 +2.0964e+000
2425 0 +1.116799998e-002 -1.455688320e+002 -1.455688320e+002 +2.0818e+000 -2.1119e+000 +2.0995e+000
2484 0 +4.052292592e-003 -1.455759477e+002 -1.455759477e+002 +2.1132e+000 -2.1091e+000 +2.1058e+000
2662 0 +1.475533403e-003 -1.455785245e+002 -1.455785245e+002 +2.0957e+000 -2.1061e+000 +2.1044e+000
2742 0 +2.642605576e-004 -1.455797357e+002 -1.455797357e+002 +2.1047e+000 -2.1068e+000 +2.1050e+000
2752 0 +2.143751203e-007 -1.455799998e+002 -1.455799998e+002 +2.1048e+000 -2.1048e+000 +2.1048e+000
2821 0 +8.190369272e-009 -1.455800000e+002 -1.455800000e+002 +2.1048e+000 -2.1048e+000 +2.1048e+000
