% f evaluations | g evaluations | best noise-free fitness - Fopt (-4.620900000000e+002) + sum g_i+ | measured fitness | best measured fitness or single-digit g-values | x1 | x2...
1 0 +1.111374570e+002 -3.509525430e+002 -3.509525430e+002 +3.6943e+000 +3.2356e+000 +7.1513e-001 +2.8383e+000 +2.0927e+000
12 0 +9.527168065e+001 -3.668183194e+002 -3.668183194e+002 +3.4968e+000 +9.9160e-001 +5.0000e+000 +2.2907e-001 +1.6798e+000
13 0 +8.146217559e+001 -3.806278244e+002 -3.806278244e+002 +1.9254e-001 +5.0000e+000 +2.2966e+000 +5.0858e-001 +1.5068e+000
22 0 +7.736459820e+001 -3.847254018e+002 -3.847254018e+002 +2.4337e+000 +1.4200e+000 +3.0605e+000 +1.4522e+000 +1.9598e+000
23 0 +4.698036817e+001 -4.151096318e+002 -4.151096318e+002 +1.7044e+000 +8.7719e-001 +2.1672e+000 +1.0544e+000 +1.6958e+000
121 0 +3.080437579e+001 -4.312856242e+002 -4.312856242e+002 -1.4685e+000 +1.9821e+000 +2.2280e+000 +3.2349e-001 +2.3417e+000
239 0 +2.947163996e+001 -4.326183600e+002 -4.326183600e+002 +3.4992e-001 +1.6257e+000 +1.6530e+000 -1.5142e-001 +2.2746e+000
244 0 +2.407248128e+001 -4.380175187e+002 -4.380175187e+002 -3.6185e+000 +1.4632e+000 +2.7516e+000 +7.1190e-001 +2.6290e+000
325 0 +1.813961891e+001 -4.439503811e+002 -4.439503811e+002 -2.4969e+000 +2.3692e+000 +1.7545e+000 +2.7937e-001 +2.3447e+000
575 0 +1.002289438e+001 -4.520671056e+002 -4.520671056e+002 -2.4140e+000 +2.4738e+000 +2.2351e+000 +7.1641e-001 +2.3136e+000
1018 0 +9.393917633e+000 -4.526960824e+002 -4.526960824e+002 -3.3122e-001 +1.5383e+000 +2.2085e+000 +3.4694e-001 +2.6980e+000
1423 0 +8.841791126e+000 -4.532482089e+002 -4.532482089e+002 -2.2566e+000 +2.3205e+000 +3.2617e+000 +7.7346e-001 +1.9818e+000
2819 0 +8.670672303e+000 -4.534193277e+002 -4.534193277e+002 -2.1905e+000 +1.4390e+000 +2.7499e+000 +7.2202e-001 +2.6556e+000
3017 0 +8.466452418e+000 -4.536235476e+002 -4.536235476e+002 -2.4269e+000 +3.0081e+000 +1.1442e+000 +7.1796e-001 +1.9863e+000
3187 0 +7.515734754e+000 -4.545742652e+002 -4.545742652e+002 -1.3038e+000 +2.2646e+000 +2.7467e+000 +3.2644e-001 +2.3412e+000
3389 0 +5.075297233e+000 -4.570147028e+002 -4.570147028e+002 -2.3279e+000 +3.0282e+000 +1.6307e+000 +7.1611e-001 +1.9691e+000
4593 0 +4.860799161e+000 -4.572292008e+002 -4.572292008e+002 -2.4003e+000 +3.0153e+000 +2.1581e+000 +7.0814e-001 +2.2925e+000
4673 0 +4.524724480e+000 -4.575652755e+002 -4.575652755e+002 -2.2799e+000 +2.3205e+000 +2.1776e+000 +6.9176e-001 +1.9818e+000
5180 0 +4.268750603e+000 -4.578212494e+002 -4.578212494e+002 -2.3153e+000 +3.0856e+000 +1.6898e+000 +7.2712e-001 +2.3150e+000
5251 0 +3.321478889e+000 -4.587685211e+002 -4.587685211e+002 -2.3636e+000 +2.3354e+000 +1.5931e+000 +7.1485e-001 +2.6327e+000
5583 0 +3.095222270e+000 -4.589947777e+002 -4.589947777e+002 -1.3763e+000 +2.2960e+000 +2.7622e+000 +7.1291e-001 +2.2905e+000
5730 0 +2.627972315e+000 -4.594620277e+002 -4.594620277e+002 -2.2695e+000 +3.0856e+000 +2.2009e+000 +7.2712e-001 +2.3150e+000
5733 0 +2.112657952e+000 -4.599773420e+002 -4.599773420e+002 -2.2793e+000 +2.2960e+000 +2.7622e+000 +7.1291e-001 +2.2905e+000
5780 0 +1.807176188e+000 -4.602828238e+002 -4.602828238e+002 -2.2695e+000 +2.2888e+000 +2.1845e+000 +7.2712e-001 +2.3150e+000
5843 0 +1.703459341e+000 -4.603865407e+002 -4.603865407e+002 -2.3704e+000 +2.2741e+000 +2.1972e+000 +1.2011e+000 +2.2925e+000
6154 0 +7.853019497e-001 -4.613046981e+002 -4.613046981e+002 -2.3219e+000 +2.2894e+000 +2.1920e+000 +7.2478e-001 +2.3150e+000
6304 0 +7.544096932e-001 -4.613355903e+002 -4.613355903e+002 -2.3219e+000 +2.2963e+000 +2.1920e+000 +7.2478e-001 +2.3150e+000
7388 0 +7.317427894e-001 -4.613582572e+002 -4.613582572e+002 -2.3127e+000 +2.3109e+000 +2.1922e+000 +7.4148e-001 +2.2939e+000
7583 0 +6.069138829e-001 -4.614830861e+002 -4.614830861e+002 -2.3198e+000 +2.2960e+000 +2.2380e+000 +7.2574e-001 +2.2905e+000
7604 0 +4.854438595e-001 -4.616045561e+002 -4.616045561e+002 -2.3219e+000 +2.2963e+000 +2.1920e+000 +7.2478e-001 +2.3073e+000
7609 0 +3.517183331e-001 -4.617382817e+002 -4.617382817e+002 -2.3112e+000 +2.2935e+000 +2.2025e+000 +7.3282e-001 +2.2937e+000
7759 0 +1.772558208e-001 -4.619127442e+002 -4.619127442e+002 -2.3384e+000 +2.2935e+000 +2.2025e+000 +7.3282e-001 +2.2937e+000
7809 0 +1.185360967e-001 -4.619714639e+002 -4.619714639e+002 -2.3384e+000 +2.2942e+000 +2.2090e+000 +7.3282e-001 +2.2937e+000
8130 0 +9.780647317e-002 -4.619921935e+002 -4.619921935e+002 -2.3327e+000 +2.2898e+000 +2.2180e+000 +7.2712e-001 +2.2952e+000
8188 0 +5.092113618e-002 -4.620390789e+002 -4.620390789e+002 -2.3315e+000 +2.3038e+000 +2.2150e+000 +7.3189e-001 +2.2969e+000
8338 0 +3.905626412e-002 -4.620509437e+002 -4.620509437e+002 -2.3508e+000 +2.3038e+000 +2.2150e+000 +7.3004e-001 +2.2969e+000
8538 0 +2.020533617e-002 -4.620697947e+002 -4.620697947e+002 -2.3443e+000 +2.2985e+000 +2.2172e+000 +7.2840e-001 +2.3012e+000
8559 0 +1.874703177e-002 -4.620712530e+002 -4.620712530e+002 -2.3414e+000 +2.2992e+000 +2.2185e+000 +7.2876e-001 +2.3005e+000
8640 0 +1.121746865e-002 -4.620787825e+002 -4.620787825e+002 -2.3414e+000 +2.2980e+000 +2.2172e+000 +7.2917e-001 +2.2985e+000
8668 0 +8.426649941e-003 -4.620815734e+002 -4.620815734e+002 -2.3449e+000 +2.3005e+000 +2.2114e+000 +7.2744e-001 +2.3000e+000
8707 0 +3.990121064e-004 -4.620896010e+002 -4.620896010e+002 -2.3416e+000 +2.3002e+000 +2.2141e+000 +7.2812e-001 +2.2995e+000
8859 0 +2.494892717e-004 -4.620897505e+002 -4.620897505e+002 -2.3402e+000 +2.2997e+000 +2.2135e+000 +7.2825e-001 +2.2994e+000
8920 0 +1.803442347e-004 -4.620898197e+002 -4.620898197e+002 -2.3409e+000 +2.3000e+000 +2.2137e+000 +7.2820e-001 +2.2995e+000
8951 0 +1.026223698e-004 -4.620898974e+002 -4.620898974e+002 -2.3410e+000 +2.3001e+000 +2.2139e+000 +7.2815e-001 +2.2993e+000
8966 0 +2.729331686e-005 -4.620899727e+002 -4.620899727e+002 -2.3409e+000 +2.3001e+000 +2.2136e+000 +7.2811e-001 +2.2993e+000
9317 0 +5.550249853e-006 -4.620899944e+002 -4.620899944e+002 -2.3409e+000 +2.3000e+000 +2.2136e+000 +7.2797e-001 +2.2992e+000
9417 0 +3.927235241e-006 -4.620899961e+002 -4.620899961e+002 -2.3407e+000 +2.2999e+000 +2.2136e+000 +7.2800e-001 +2.2992e+000
9450 0 +3.017895551e-006 -4.620899970e+002 -4.620899970e+002 -2.3408e+000 +2.3000e+000 +2.2135e+000 +7.2799e-001 +2.2992e+000
9458 0 +2.237157048e-006 -4.620899978e+002 -4.620899978e+002 -2.3408e+000 +2.3000e+000 +2.2136e+000 +7.2799e-001 +2.2992e+000
9488 0 +8.262768461e-007 -4.620899992e+002 -4.620899992e+002 -2.3407e+000 +2.3000e+000 +2.2136e+000 +7.2801e-001 +2.2992e+000
9525 0 +5.383153052e-007 -4.620899995e+002 -4.620899995e+002 -2.3408e+000 +2.3000e+000 +2.2136e+000 +7.2800e-001 +2.2992e+000
9552 0 +4.222788448e-007 -4.620899996e+002 -4.620899996e+002 -2.3408e+000 +2.3000e+000 +2.2136e+000 +7.2800e-001 +2.2992e+000
9595 0 +2.107387900e-007 -4.620899998e+002 -4.620899998e+002 -2.3408e+000 +2.3000e+000 +2.2136e+000 +7.2801e-001 +2.2992e+000
9620 0 +9.922570143e-008 -4.620899999e+002 -4.620899999e+002 -2.3408e+000 +2.3000e+000 +2.2136e+000 +7.2800e-001 +2.2992e+000
9652 0 +5.392354296e-008 -4.620899999e+002 -4.620899999e+002 -2.3408e+000 +2.3000e+000 +2.2136e+000 +7.2801e-001 +2.2992e+000
9894 0 +3.496029422e-008 -4.620900000e+002 -4.620900000e+002 -2.3408e+000 +2.3000e+000 +2.2136e+000 +7.2800e-001 +2.2992e+000
9917 0 +2.463428928e-008 -4.620900000e+002 -4.620900000e+002 -2.3408e+000 +2.3000e+000 +2.2136e+000 +7.2800e-001 +2.2992e+000
9932 0 +8.016343145e-009 -4.620900000e+002 -4.620900000e+002 -2.3408e+000 +2.3000e+000 +2.2136e+000 +7.2800e-001 +2.2992e+000
% f evaluations | g evaluations | best noise-free fitness - Fopt (7.766000000000e+001) + sum g_i+ | measured fitness | best measured fitness or single-digit g-values | x1 | x2...
1 0 +1.994077198e+002 +2.770677198e+002 +2.770677198e+002 -3.9333e-001 -4.0356e+000 +2.9776e+000 +3.1158e+000 -1.3855e+000
12 0 +1.740428607e+002 +2.517028607e+002 +2.517028607e+002 +5.0000e+000 +5.0000e+000 -7.0448e-001 +5.0000e+000 -8.7538e-001
21 0 +1.637255634e+002 +2.413855634e+002 +2.413855634e+002 -4.0643e+000 -3.2943e+000 -1.3704e+000 -1.1968e-001 -6.6571e-001
37 0 +8.391031558e+001 +1.615703156e+002 +1.615703156e+002 +2.5166e+000 +3.8890e-001 -3.8848e-001 +6.9111e-001 -3.2423e+000
47 0 +7.675976524e+001 +1.544197652e+002 +1.544197652e+002 +2.5482e+000 +1.0199e+000 +1.0483e+000 +3.1288e+000 -2.7727e+000
55 0 +7.047466296e+001 +1.481346630e+002 +1.481346630e+002 +3.5479e+000 -1.7408e+000 -1.4372e+000 +2.6334e+000 -1.6258e+000
62 0 +5.082455609e+001 +1.284845561e+002 +1.284845561e+002 +4.3777e+000 -6.5075e-001 -7.0448e-001 +2.4529e+000 -8.7538e-001
87 0 +2.447157368e+001 +1.021315737e+002 +1.021315737e+002 +3.4015e+000 +5.2503e-001 -1.8966e+000 +2.0864e+000 -2.4992e+000
369 0 +1.770002638e+001 +9.536002638e+001 +9.536002638e+001 +1.4833e+000 -8.8254e-001 -2.3439e+000 +2.4197e+000 -2.5165e+000
451 0 +1.725835956e+001 +9.491835956e+001 +9.491835956e+001 +2.3430e+000 +5.6044e-001 -2.3554e+000 +2.8862e+000 -2.1747e+000
569 0 +1.626665497e+001 +9.392665497e+001 +9.392665497e+001 +1.4343e+000 -8.8254e-001 -2.3329e+000 +2.5045e+000 -2.4523e+000
723 0 +1.416167877e+001 +9.182167877e+001 +9.182167877e+001 +2.3977e+000 -1.7819e-001 -1.7838e+000 +2.4402e+000 -2.4001e+000
1761 0 +9.635669155e+000 +8.729566916e+001 +8.729566916e+001 +2.3499e+000 -8.7091e-001 -1.9142e+000 +3.7516e+000 -2.0429e+000
1976 0 +5.780897095e+000 +8.344089710e+001 +8.344089710e+001 +2.3069e+000 -8.3185e-001 -1.2714e+000 +2.8776e+000 -2.1380e+000
2333 0 +2.595708025e+000 +8.025570802e+001 +8.025570802e+001 +2.3817e+000 -1.4082e-002 -1.2891e+000 +2.9281e+000 -2.4741e+000
3783 0 +2.408624442e+000 +8.006862444e+001 +8.006862444e+001 +2.3817e+000 -1.4082e-002 -1.2737e+000 +2.9281e+000 -2.4741e+000
6494 0 +2.125343531e+000 +7.978534353e+001 +7.978534353e+001 +2.3684e+000 -8.4823e-001 -1.2684e+000 +2.9361e+000 -2.4795e+000
7277 0 +1.566165168e+000 +7.922616517e+001 +7.922616517e+001 +2.4072e+000 -8.9962e-001 -1.2598e+000 +3.3156e+000 -2.4821e+000
7648 0 +1.542989584e+000 +7.920298958e+001 +7.920298958e+001 +2.4512e+000 -8.7710e-001 -1.2527e+000 +3.3388e+000 -2.4766e+000
7725 0 +9.209547390e-001 +7.858095474e+001 +7.858095474e+001 +2.4278e+000 -8.6284e-001 -1.2825e+000 +3.3470e+000 -2.4703e+000
7888 0 +3.559718599e-001 +7.801597186e+001 +7.801597186e+001 +2.4159e+000 -8.3420e-001 -1.2587e+000 +3.3234e+000 -2.4599e+000
8238 0 +2.242266656e-001 +7.788422667e+001 +7.788422667e+001 +2.4159e+000 -8.3420e-001 -1.2737e+000 +3.3234e+000 -2.4627e+000
8650 0 +9.044919431e-002 +7.775044919e+001 +7.775044919e+001 +2.3985e+000 -8.4400e-001 -1.2659e+000 +3.3266e+000 -2.4666e+000
8758 0 +7.340562082e-002 +7.773340562e+001 +7.773340562e+001 +2.4021e+000 -8.4737e-001 -1.2694e+000 +3.3180e+000 -2.4622e+000
8761 0 +5.210508862e-002 +7.771210509e+001 +7.771210509e+001 +2.4004e+000 -8.4913e-001 -1.2673e+000 +3.3192e+000 -2.4639e+000
8793 0 +4.765732002e-002 +7.770765732e+001 +7.770765732e+001 +2.3966e+000 -8.5804e-001 -1.2662e+000 +3.3187e+000 -2.4631e+000
8920 0 +1.157611651e-002 +7.767157612e+001 +7.767157612e+001 +2.4021e+000 -8.5787e-001 -1.2739e+000 +3.3250e+000 -2.4650e+000
9187 0 +7.593650456e-004 +7.766075937e+001 +7.766075937e+001 +2.3981e+000 -8.5695e-001 -1.2715e+000 +3.3237e+000 -2.4638e+000
9188 0 +7.326600999e-004 +7.766073266e+001 +7.766073266e+001 +2.3981e+000 -8.5688e-001 -1.2715e+000 +3.3237e+000 -2.4639e+000
9419 0 +1.297530584e-004 +7.766012975e+001 +7.766012975e+001 +2.3987e+000 -8.5594e-001 -1.2719e+000 +3.3234e+000 -2.4638e+000
9430 0 +6.466155234e-005 +7.766006466e+001 +7.766006466e+001 +2.3986e+000 -8.5609e-001 -1.2719e+000 +3.3234e+000 -2.4639e+000
9475 0 +3.876316794e-005 +7.766003876e+001 +7.766003876e+001 +2.3983e+000 -8.5597e-001 -1.2718e+000 +3.3233e+000 -2.4640e+000
9547 0 +1.162834528e-005 +7.766001163e+001 +7.766001163e+001 +2.3983e+000 -8.5608e-001 -1.2721e+000 +3.3232e+000 -2.4639e+000
9644 0 +5.928367713e-006 +7.766000593e+001 +7.766000593e+001 +2.3985e+000 -8.5598e-001 -1.2719e+000 +3.3232e+000 -2.4640e+000
9723 0 +3.396614900e-006 +7.766000340e+001 +7.766000340e+001 +2.3985e+000 -8.5598e-001 -1.2720e+000 +3.3232e+000 -2.4640e+000
9751 0 +2.534674721e-006 +7.766000253e+001 +7.766000253e+001 +2.3985e+000 -8.5597e-001 -1.2720e+000 +3.3232e+000 -2.4640e+000
9840 0 +1.342566463e-006 +7.766000134e+001 +7.766000134e+001 +2.3984e+000 -8.5600e-001 -1.2720e+000 +3.3232e+000 -2.4640e+000
9917 0 +3.111477866e-007 +7.766000031e+001 +7.766000031e+001 +2.3984e+000 -8.5600e-001 -1.2720e+000 +3.3232e+000 -2.4640e+000
10149 0 +5.112192980e-008 +7.766000005e+001 +7.766000005e+001 +2.3984e+000 -8.5601e-001 -1.2720e+000 +3.3232e+000 -2.4640e+000
10275 0 +3.253627767e-008 +7.766000003e+001 +7.766000003e+001 +2.3984e+000 -8.5600e-001 -1.2720e+000 +3.3232e+000 -2.4640e+000
10355 0 +3.186303843e-008 +7.766000003e+001 +7.766000003e+001 +2.3984e+000 -8.5600e-001 -1.2720e+000 +3.3232e+000 -2.4640e+000
10388 0 +7.899060961e-009 +7.766000001e+001 +7.766000001e+001 +2.3984e+000 -8.5600e-001 -1.2720e+000 +3.3232e+000 -2.4640e+000
% f evaluations | g evaluations | best noise-free fitness - Fopt (1.156800000000e+002) + sum g_i+ | measured fitness | best measured fitness or single-digit g-values | x1 | x2...
1 0 +3.203969486e+002 +4.360769486e+002 +4.360769486e+002 -1.1022e+000 -2.7995e-001 -3.8664e+000 -1.0687e+000 -1.0121e+000
9 0 +1.343122752e+002 +2.499922752e+002 +2.499922752e+002 +1.2492e+000 +2.9767e-001 -4.4606e+000 +2.5711e+000 -4.5323e+000
15 0 +1.314009186e+002 +2.470809186e+002 +2.470809186e+002 +3.8090e+000 +1.3336e+000 +2.1730e+000 +2.1664e+000 -2.0780e+000
23 0 +8.291097762e+001 +1.985909776e+002 +1.985909776e+002 +1.5403e+000 -2.3030e+000 -4.1304e-001 +5.9732e-001 -3.2920e+000
73 0 +5.346871345e+001 +1.691487135e+002 +1.691487135e+002 -1.3932e-001 -9.8894e-001 -2.3771e+000 +3.0079e+000 -3.2920e+000
150 0 +5.135185635e+001 +1.670318564e+002 +1.670318564e+002 -1.2863e+000 -1.6455e+000 -3.1026e-001 +1.0559e+000 -4.5633e+000
162 0 +3.904470889e+001 +1.547247089e+002 +1.547247089e+002 -2.1382e+000 -8.1330e-001 -5.5305e-001 +2.7999e+000 -3.2407e+000
166 0 +3.629980320e+001 +1.519798032e+002 +1.519798032e+002 -4.1885e+000 -2.3252e+000 +1.2545e+000 +3.8807e+000 -3.5911e+000
294 0 +3.368419350e+001 +1.493641935e+002 +1.493641935e+002 -2.2094e+000 -7.7085e-001 -2.1000e-001 +3.2191e+000 -3.6501e+000
299 0 +2.799687484e+001 +1.436768748e+002 +1.436768748e+002 -1.7360e+000 -3.7967e-001 -2.6075e-001 +3.1302e+000 -3.6012e+000
355 0 +1.935711839e+001 +1.350371184e+002 +1.350371184e+002 -1.2960e+000 +4.7571e-001 +7.5094e-001 +3.5239e+000 -3.2315e+000
558 0 +1.180108092e+001 +1.274810809e+002 +1.274810809e+002 -2.2263e+000 -2.3593e+000 +7.5267e-001 +3.5634e+000 -3.5628e+000
656 0 +1.077394472e+001 +1.264539447e+002 +1.264539447e+002 -1.2322e+000 -1.3495e-001 +8.2187e-001 +3.1527e+000 -3.2086e+000
868 0 +5.708595683e+000 +1.213885957e+002 +1.213885957e+002 -2.1352e+000 -1.8269e+000 -4.0049e-001 +3.5375e+000 -3.6079e+000
3312 0 +2.654126153e+000 +1.183341262e+002 +1.183341262e+002 -2.2043e+000 -1.8661e-001 +2.5819e-001 +3.0753e+000 -3.2392e+000
6169 0 +2.428532191e+000 +1.181085322e+002 +1.181085322e+002 -3.1549e+000 -9.8138e-001 -3.2211e-001 +3.0933e+000 -3.6017e+000
7066 0 +2.124102299e+000 +1.178041023e+002 +1.178041023e+002 -2.2005e+000 -9.7400e-001 +2.4255e-001 +3.5565e+000 -3.2421e+000
7743 0 +1.913518686e+000 +1.175935187e+002 +1.175935187e+002 -2.1921e+000 -9.8978e-001 +2.6770e-001 +3.0861e+000 -3.5700e+000
7810 0 +1.799568760e+000 +1.174795688e+002 +1.174795688e+002 -2.1398e+000 -9.7814e-001 +2.6538e-001 +3.1046e+000 -3.2317e+000
8167 0 +1.639273627e+000 +1.173192736e+002 +1.173192736e+002 -3.1469e+000 -9.8219e-001 +2.5352e-001 +3.0732e+000 -3.6024e+000
8260 0 +1.571854150e+000 +1.172518542e+002 +1.172518542e+002 -2.1398e+000 -9.7814e-001 +2.4722e-001 +3.1046e+000 -3.2317e+000
8317 0 +1.018659360e+000 +1.166986594e+002 +1.166986594e+002 -2.2356e+000 -9.6911e-001 +2.5352e-001 +3.0732e+000 -3.6024e+000
8730 0 +7.264064335e-001 +1.164064064e+002 +1.164064064e+002 -2.2021e+000 -9.5606e-001 +2.5560e-001 +3.0996e+000 -3.5948e+000
9721 0 +5.893051234e-001 +1.162693051e+002 +1.162693051e+002 -2.2146e+000 -1.0044e+000 +2.6063e-001 +3.0889e+000 -3.6037e+000
9884 0 +2.632007333e-001 +1.159432007e+002 +1.159432007e+002 -2.1789e+000 -9.9667e-001 +2.3848e-001 +3.0860e+000 -3.5948e+000
10404 0 +2.607392976e-001 +1.159407393e+002 +1.159407393e+002 -2.1960e+000 -9.9243e-001 +2.3134e-001 +3.0868e+000 -3.6094e+000
10405 0 +2.437055999e-001 +1.159237056e+002 +1.159237056e+002 -2.1953e+000 -9.9112e-001 +2.6271e-001 +3.0877e+000 -3.6046e+000
10411 0 +1.903028200e-001 +1.158703028e+002 +1.158703028e+002 -2.1739e+000 -1.0017e+000 +2.3925e-001 +3.0857e+000 -3.6008e+000
10596 0 +3.808901955e-002 +1.157180890e+002 +1.157180890e+002 -2.1757e+000 -9.8645e-001 +2.4850e-001 +3.0865e+000 -3.6079e+000
10622 0 +3.660422316e-002 +1.157166042e+002 +1.157166042e+002 -2.1840e+000 -9.8824e-001 +2.4934e-001 +3.0897e+000 -3.6031e+000
10816 0 +1.197956226e-002 +1.156919796e+002 +1.156919796e+002 -2.1765e+000 -9.8669e-001 +2.4534e-001 +3.0864e+000 -3.6046e+000
11074 0 +2.346784928e-004 +1.156802347e+002 +1.156802347e+002 -2.1779e+000 -9.8308e-001 +2.4511e-001 +3.0891e+000 -3.6047e+000
11118 0 +1.963409823e-004 +1.156801963e+002 +1.156801963e+002 -2.1784e+000 -9.8308e-001 +2.4511e-001 +3.0891e+000 -3.6049e+000
11124 0 +1.671774356e-004 +1.156801672e+002 +1.156801672e+002 -2.1784e+000 -9.8306e-001 +2.4509e-001 +3.0891e+000 -3.6049e+000
11244 0 +1.028799339e-004 +1.156801029e+002 +1.156801029e+002 -2.1780e+000 -9.8335e-001 +2.4461e-001 +3.0887e+000 -3.6047e+000
11265 0 +6.118611586e-005 +1.156800612e+002 +1.156800612e+002 -2.1780e+000 -9.8321e-001 +2.4463e-001 +3.0887e+000 -3.6047e+000
11539 0 +9.523278990e-006 +1.156800095e+002 +1.156800095e+002 -2.1783e+000 -9.8324e-001 +2.4485e-001 +3.0889e+000 -3.6048e+000
11659 0 +4.826260493e-006 +1.156800048e+002 +1.156800048e+002 -2.1785e+000 -9.8317e-001 +2.4478e-001 +3.0888e+000 -3.6048e+000
11694 0 +2.007575659e-006 +1.156800020e+002 +1.156800020e+002 -2.1785e+000 -9.8319e-001 +2.4480e-001 +3.0888e+000 -3.6048e+000
11720 0 +6.856030836e-007 +1.156800007e+002 +1.156800007e+002 -2.1784e+000 -9.8320e-001 +2.4481e-001 +3.0888e+000 -3.6048e+000
11784 0 +3.821263590e-007 +1.156800004e+002 +1.156800004e+002 -2.1784e+000 -9.8320e-001 +2.4479e-001 +3.0888e+000 -3.6048e+000
11823 0 +1.124978439e-007 +1.156800001e+002 +1.156800001e+002 -2.1784e+000 -9.8321e-001 +2.4481e-001 +3.0888e+000 -3.6048e+000
11971 0 +6.095008587e-008 +1.156800001e+002 +1.156800001e+002 -2.1784e+000 -9.8321e-001 +2.4480e-001 +3.0888e+000 -3.6048e+000
11973 0 +5.941137715e-008 +1.156800001e+002 +1.156800001e+002 -2.1784e+000 -9.8321e-001 +2.4480e-001 +3.0888e+000 -3.6048e+000
12012 0 +4.923151664e-008 +1.156800000e+002 +1.156800000e+002 -2.1784e+000 -9.8320e-001 +2.4480e-001 +3.0888e+000 -3.6048e+000
12046 0 +2.093872808e-008 +1.156800000e+002 +1.156800000e+002 -2.1784e+000 -9.8320e-001 +2.4480e-001 +3.0888e+000 -3.6048e+000
12097 0 +8.329536172e-009 +1.156800000e+002 +1.156800000e+002 -2.1784e+000 -9.8320e-001 +2.4480e-001 +3.0888e+000 -3.6048e+000
% f evaluations | g evaluations | best noise-free fitness - Fopt (-3.710000000000e+000) + sum g_i+ | measured fitness | best measured fitness or single-digit g-values | x1 | x2...
1 0 +6.528037213e+002 +6.490937213e+002 +6.490937213e+002 -4.6060e+000 +4.3633e+000 +1.6490e-001 +3.8186e+000 -3.6453e+000
2 0 +2.841240253e+002 +2.804140253e+002 +2.804140253e+002 +3.3310e+000 +1.5907e+000 -1.4732e-002 -1.1159e+000 +1.0619e+000
4 0 +9.284020945e+001 +8.913020945e+001 +8.913020945e+001 +2.4940e+000 +4.0256e-001 +3.8219e+000 +4.8134e+000 +4.9419e+000
13 0 +6.703749726e+001 +6.332749726e+001 +6.332749726e+001 +1.0116e+000 -6.9512e-001 -8.4585e-002 +5.0000e+000 +3.7122e+000
23 0 +4.345768898e+001 +3.974768898e+001 +3.974768898e+001 +2.5146e+000 -9.6070e-001 +7.0125e-001 +4.3933e+000 +3.9640e+000
132 0 +3.306094724e+001 +2.935094724e+001 +2.935094724e+001 +3.2946e+000 -1.5495e+000 +1.0054e+000 +3.9623e+000 +3.7225e+000
173 0 +1.803933288e+001 +1.432933288e+001 +1.432933288e+001 +3.2727e+000 -1.3986e+000 +1.0353e+000 +3.9207e+000 +3.5436e+000
467 0 +9.261529486e+000 +5.551529486e+000 +5.551529486e+000 +3.1888e+000 -3.1158e+000 +1.6991e+000 +3.8494e+000 +3.1395e+000
1578 0 +8.973520876e+000 +5.263520876e+000 +5.263520876e+000 +3.0537e+000 -1.5111e+000 +1.1062e+000 +3.4715e+000 +3.1900e+000
1925 0 +6.760291791e+000 +3.050291791e+000 +3.050291791e+000 +3.2889e+000 -1.4894e+000 +1.7684e+000 +3.9087e+000 +3.1388e+000
2709 0 +3.316402486e+000 -3.935975137e-001 -3.935975137e-001 +3.0825e+000 -2.3040e+000 +1.7298e+000 +3.9471e+000 +3.1423e+000
3466 0 +3.253468448e+000 -4.565315519e-001 -4.565315519e-001 +3.1279e+000 -1.5068e+000 +1.7542e+000 +3.9213e+000 +3.5371e+000
3629 0 +3.179751909e+000 -5.302480908e-001 -5.302480908e-001 +3.0833e+000 -2.2749e+000 +1.7774e+000 +3.9468e+000 +3.1236e+000
4229 0 +2.823258393e+000 -8.867416071e-001 -8.867416071e-001 +3.1263e+000 -2.2699e+000 +1.7679e+000 +3.5236e+000 +2.8428e+000
4306 0 +2.396101049e+000 -1.313898951e+000 -1.313898951e+000 +3.1004e+000 -2.2972e+000 +1.7815e+000 +3.5173e+000 +3.4992e+000
4635 0 +2.108396219e+000 -1.601603781e+000 -1.601603781e+000 +3.1236e+000 -2.2973e+000 +2.3390e+000 +3.9126e+000 +3.5088e+000
4900 0 +2.076390521e+000 -1.633609479e+000 -1.633609479e+000 +3.1254e+000 -1.4506e+000 +1.7575e+000 +3.9260e+000 +3.1688e+000
5181 0 +1.248738905e+000 -2.461261095e+000 -2.461261095e+000 +3.0595e+000 -2.2846e+000 +1.7848e+000 +3.9175e+000 +3.1715e+000
5434 0 +1.182897986e+000 -2.527102014e+000 -2.527102014e+000 +3.1191e+000 -1.4722e+000 +1.7973e+000 +3.9028e+000 +3.1539e+000
5534 0 +6.720928985e-001 -3.037907101e+000 -3.037907101e+000 +3.1191e+000 -2.2547e+000 +1.7973e+000 +3.9028e+000 +3.1539e+000
6052 0 +6.061209069e-001 -3.103879093e+000 -3.103879093e+000 +3.1366e+000 -2.2655e+000 +1.7716e+000 +3.9015e+000 +3.1449e+000
6279 0 +5.387480203e-001 -3.171251980e+000 -3.171251980e+000 +3.1284e+000 -2.2619e+000 +1.7679e+000 +3.9077e+000 +3.1483e+000
6375 0 +4.982033285e-001 -3.211796672e+000 -3.211796672e+000 +3.1470e+000 -2.2927e+000 +1.7613e+000 +3.9085e+000 +3.1489e+000
6382 0 +3.831398458e-001 -3.326860154e+000 -3.326860154e+000 +3.1179e+000 -2.2773e+000 +1.7878e+000 +3.8952e+000 +3.1520e+000
6397 0 +3.629046899e-001 -3.347095310e+000 -3.347095310e+000 +3.1423e+000 -2.2716e+000 +1.7833e+000 +3.9117e+000 +3.1583e+000
6567 0 +1.957501125e-001 -3.514249887e+000 -3.514249887e+000 +3.1317e+000 -2.2746e+000 +1.7811e+000 +3.9082e+000 +3.1496e+000
6607 0 +1.891165852e-001 -3.520883415e+000 -3.520883415e+000 +3.1307e+000 -2.2844e+000 +1.7743e+000 +3.9179e+000 +3.1493e+000
6618 0 +1.630788439e-001 -3.546921156e+000 -3.546921156e+000 +3.1087e+000 -2.3061e+000 +1.7739e+000 +3.9031e+000 +3.1524e+000
6721 0 +4.597029083e-002 -3.664029709e+000 -3.664029709e+000 +3.1146e+000 -2.2876e+000 +1.7868e+000 +3.9097e+000 +3.1502e+000
7087 0 +1.691762044e-002 -3.693082380e+000 -3.693082380e+000 +3.1151e+000 -2.2933e+000 +1.7866e+000 +3.9090e+000 +3.1517e+000
7349 0 +8.512489795e-003 -3.701487510e+000 -3.701487510e+000 +3.1200e+000 -2.2979e+000 +1.7860e+000 +3.9104e+000 +3.1538e+000
7356 0 +7.353573844e-003 -3.702646426e+000 -3.702646426e+000 +3.1251e+000 -2.2966e+000 +1.7836e+000 +3.9097e+000 +3.1522e+000
7364 0 +4.756377762e-004 -3.709524362e+000 -3.709524362e+000 +3.1204e+000 -2.2953e+000 +1.7835e+000 +3.9107e+000 +3.1532e+000
7409 0 +3.951512836e-004 -3.709604849e+000 -3.709604849e+000 +3.1198e+000 -2.2952e+000 +1.7835e+000 +3.9107e+000 +3.1532e+000
7456 0 +3.357774407e-004 -3.709664223e+000 -3.709664223e+000 +3.1200e+000 -2.2955e+000 +1.7835e+000 +3.9107e+000 +3.1531e+000
7486 0 +1.649624506e-004 -3.709835038e+000 -3.709835038e+000 +3.1202e+000 -2.2952e+000 +1.7834e+000 +3.9106e+000 +3.1530e+000
7518 0 +8.962235642e-005 -3.709910378e+000 -3.709910378e+000 +3.1201e+000 -2.2953e+000 +1.7833e+000 +3.9106e+000 +3.1529e+000
7621 0 +8.808933473e-005 -3.709911911e+000 -3.709911911e+000 +3.1199e+000 -2.2948e+000 +1.7833e+000 +3.9105e+000 +3.1529e+000
7636 0 +5.300661393e-005 -3.709946993e+000 -3.709946993e+000 +3.1197e+000 -2.2950e+000 +1.7833e+000 +3.9105e+000 +3.1529e+000
7740 0 +2.671935739e-005 -3.709973281e+000 -3.709973281e+000 +3.1198e+000 -2.2950e+000 +1.7832e+000 +3.9104e+000 +3.1529e+000
7876 0 +1.685072261e-005 -3.709983149e+000 -3.709983149e+000 +3.1197e+000 -2.2953e+000 +1.7833e+000 +3.9104e+000 +3.1528e+000
7921 0 +9.620650068e-006 -3.709990379e+000 -3.709990379e+000 +3.1199e+000 -2.2952e+000 +1.7832e+000 +3.9105e+000 +3.1528e+000
7977 0 +1.100768381e-006 -3.709998899e+000 -3.709998899e+000 +3.1200e+000 -2.2952e+000 +1.7832e+000 +3.9104e+000 +3.1528e+000
7987 0 +3.720743345e-007 -3.709999628e+000 -3.709999628e+000 +3.1200e+000 -2.2952e+000 +1.7832e+000 +3.9104e+000 +3.1528e+000
8165 0 +9.848885840e-008 -3.709999902e+000 -3.709999902e+000 +3.1200e+000 -2.2952e+000 +1.7832e+000 +3.9104e+000 +3.1528e+000
8325 0 +5.533948277e-008 -3.709999945e+000 -3.709999945e+000 +3.1200e+000 -2.2952e+000 +1.7832e+000 +3.9104e+000 +3.1528e+000
8399 0 +5.055923680e-008 -3.709999949e+000 -3.709999949e+000 +3.1200e+000 -2.2952e+000 +1.7832e+000 +3.9104e+000 +3.1528e+000
8465 0 +1.584624831e-008 -3.709999984e+000 -3.709999984e+000 +3.1200e+000 -2.2952e+000 +1.7832e+000 +3.9104e+000 +3.1528e+000
8565 0 +7.962767778e-009 -3.709999992e+000 -3.709999992e+000 +3.1200e+000 -2.2952e+000 +1.7832e+000 +3.9104e+000 +3.1528e+000
% f evaluations | g evaluations | best noise-free fitness - Fopt (1.321800000000e+002) + sum g_i+ | measured fitness | best measured fitness or single-digit g-values | x1 | x2...
1 0 +9.869536541e+002 +1.119133654e+003 +1.119133654e+003 -2.1148e-002 +4.0043e+000 -5.1687e-001 -3.4188e+000 +2.2525e+000
2 0 +2.901795113e+002 +4.223595113e+002 +4.223595113e+002 -3.2662e+000 +3.2389e+000 -3.1303e+000 +1.3441e+000 -1.8124e+000
3 0 +1.692154124e+002 +3.013954124e+002 +3.013954124e+002 -3.7164e+000 +3.8446e-001 +1.3303e+000 +1.0194e+000 -1.1714e+000
30 0 +1.129829125e+002 +2.451629125e+002 +2.451629125e+002 -4.4413e+000 +3.0971e+000 +4.8606e+000 +3.2694e-001 -2.3660e+000
58 0 +8.429464483e+001 +2.164746448e+002 +2.164746448e+002 -4.0821e+000 +9.0382e-001 +2.3418e+000 -9.3071e-001 -1.5962e+000
99 0 +5.530179218e+001 +1.874817922e+002 +1.874817922e+002 -2.8315e+000 -5.2786e-001 +1.1619e+000 -2.0897e+000 -2.0866e+000
130 0 +4.953885428e+001 +1.817188543e+002 +1.817188543e+002 -2.7372e+000 +4.8217e-002 +3.1083e+000 -3.7598e-001 -2.1703e+000
151 0 +4.740983284e+001 +1.795898328e+002 +1.795898328e+002 -2.7748e+000 +2.2345e+000 +2.4113e+000 -9.0517e-001 -2.3395e+000
227 0 +3.436052991e+001 +1.665405299e+002 +1.665405299e+002 -1.8514e+000 +3.0545e+000 +4.5833e+000 -2.2918e+000 -2.4548e+000
262 0 +3.221496433e+001 +1.643949643e+002 +1.643949643e+002 -4.6898e+000 +2.0234e+000 +3.3978e+000 -2.8070e+000 -3.4668e+000
338 0 +2.824862045e+001 +1.604286204e+002 +1.604286204e+002 -4.7759e+000 +1.4009e-001 +3.3134e+000 -1.9992e+000 -2.7347e+000
432 0 +2.435422099e+001 +1.565342210e+002 +1.565342210e+002 -3.8490e+000 +3.0547e+000 +2.8183e+000 -1.9537e+000 -2.6856e+000
468 0 +2.136762012e+001 +1.535476201e+002 +1.535476201e+002 -1.7472e+000 +6.3313e-001 +3.9759e+000 -1.5491e+000 -2.0481e+000
666 0 +1.941122243e+001 +1.515912224e+002 +1.515912224e+002 -2.9256e+000 +2.2343e+000 +2.3837e+000 -1.4661e+000 -2.5079e+000
805 0 +1.678840602e+001 +1.489684060e+002 +1.489684060e+002 -3.6920e+000 +2.9622e+000 +2.8833e+000 -2.0751e+000 -2.4869e+000
806 0 +1.411223621e+001 +1.462922362e+002 +1.462922362e+002 -2.8356e+000 +2.7182e+000 +3.4805e+000 -1.9839e+000 -2.0991e+000
1906 0 +6.867505571e+000 +1.390475056e+002 +1.390475056e+002 -2.7265e+000 +2.2697e+000 +3.4052e+000 -1.9839e+000 -2.1114e+000
2517 0 +6.206483868e+000 +1.383864839e+002 +1.383864839e+002 -3.6878e+000 +2.2526e+000 +3.4269e+000 -1.4745e+000 -2.4707e+000
3174 0 +6.113676183e+000 +1.382936762e+002 +1.382936762e+002 -2.8077e+000 +1.5139e+000 +2.8560e+000 -1.5010e+000 -2.0975e+000
3509 0 +5.792906549e+000 +1.379729065e+002 +1.379729065e+002 -2.7372e+000 +1.4626e+000 +2.8796e+000 -2.3902e+000 -2.7851e+000
3637 0 +5.081065699e+000 +1.372610657e+002 +1.372610657e+002 -3.7809e+000 +2.3581e+000 +2.8142e+000 -1.9470e+000 -2.1160e+000
3687 0 +4.859777340e+000 +1.370397773e+002 +1.370397773e+002 -3.7587e+000 +2.3406e+000 +2.8148e+000 -1.9378e+000 -2.1302e+000
4221 0 +2.889124453e+000 +1.350691245e+002 +1.350691245e+002 -4.7775e+000 +1.4893e+000 +3.4151e+000 -1.9510e+000 -2.4845e+000
4265 0 +2.876920879e+000 +1.350569209e+002 +1.350569209e+002 -3.7649e+000 +1.4927e+000 +3.5034e+000 -1.9380e+000 -2.7944e+000
5137 0 +2.323326231e+000 +1.345033262e+002 +1.345033262e+002 -3.7500e+000 +1.5066e+000 +3.4401e+000 -1.9378e+000 -2.1302e+000
5541 0 +5.662623436e-001 +1.327462623e+002 +1.327462623e+002 -3.7510e+000 +1.4779e+000 +3.4351e+000 -1.9588e+000 -2.4962e+000
7253 0 +4.558620200e-001 +1.326358620e+002 +1.326358620e+002 -3.7282e+000 +1.4984e+000 +3.4731e+000 -1.9647e+000 -2.4848e+000
7603 0 +3.022564702e-001 +1.324822565e+002 +1.324822565e+002 -3.7524e+000 +1.4759e+000 +3.4731e+000 -1.9519e+000 -2.4926e+000
8022 0 +2.868737839e-001 +1.324668738e+002 +1.324668738e+002 -3.7494e+000 +1.4929e+000 +3.4804e+000 -1.9620e+000 -2.4945e+000
8030 0 +2.408637724e-001 +1.324208638e+002 +1.324208638e+002 -3.7732e+000 +1.4992e+000 +3.4707e+000 -1.9703e+000 -2.4857e+000
8053 0 +1.621866714e-001 +1.323421867e+002 +1.323421867e+002 -3.7515e+000 +1.4901e+000 +3.4706e+000 -1.9616e+000 -2.4872e+000
8061 0 +1.605585346e-001 +1.323405585e+002 +1.323405585e+002 -3.7508e+000 +1.4903e+000 +3.4691e+000 -1.9605e+000 -2.4871e+000
8109 0 +9.062955556e-002 +1.322706296e+002 +1.322706296e+002 -3.7520e+000 +1.4872e+000 +3.4645e+000 -1.9597e+000 -2.4886e+000
8190 0 +8.649885070e-002 +1.322664989e+002 +1.322664989e+002 -3.7633e+000 +1.4794e+000 +3.4513e+000 -1.9630e+000 -2.4887e+000
8268 0 +7.712332051e-002 +1.322571233e+002 +1.322571233e+002 -3.7651e+000 +1.4931e+000 +3.4674e+000 -1.9678e+000 -2.4887e+000
8340 0 +6.716042527e-002 +1.322471604e+002 +1.322471604e+002 -3.7633e+000 +1.4794e+000 +3.4600e+000 -1.9692e+000 -2.4869e+000
8360 0 +3.936022006e-002 +1.322193602e+002 +1.322193602e+002 -3.7635e+000 +1.4882e+000 +3.4564e+000 -1.9629e+000 -2.4906e+000
8378 0 +3.216955205e-002 +1.322121696e+002 +1.322121696e+002 -3.7656e+000 +1.4888e+000 +3.4650e+000 -1.9644e+000 -2.4893e+000
8410 0 +4.832372177e-004 +1.321804832e+002 +1.321804832e+002 -3.7643e+000 +1.4823e+000 +3.4619e+000 -1.9654e+000 -2.4916e+000
8447 0 +2.472351760e-004 +1.321802472e+002 +1.321802472e+002 -3.7640e+000 +1.4823e+000 +3.4620e+000 -1.9653e+000 -2.4919e+000
8498 0 +2.423160064e-004 +1.321802423e+002 +1.321802423e+002 -3.7637e+000 +1.4826e+000 +3.4621e+000 -1.9656e+000 -2.4918e+000
8500 0 +2.262280002e-004 +1.321802262e+002 +1.321802262e+002 -3.7637e+000 +1.4826e+000 +3.4620e+000 -1.9655e+000 -2.4918e+000
8746 0 +1.474882537e-004 +1.321801475e+002 +1.321801475e+002 -3.7642e+000 +1.4822e+000 +3.4616e+000 -1.9655e+000 -2.4917e+000
8860 0 +1.261443263e-004 +1.321801261e+002 +1.321801261e+002 -3.7643e+000 +1.4824e+000 +3.4619e+000 -1.9654e+000 -2.4919e+000
8896 0 +3.513572258e-005 +1.321800351e+002 +1.321800351e+002 -3.7637e+000 +1.4822e+000 +3.4616e+000 -1.9655e+000 -2.4919e+000
8952 0 +1.632953933e-005 +1.321800163e+002 +1.321800163e+002 -3.7642e+000 +1.4823e+000 +3.4616e+000 -1.9656e+000 -2.4921e+000
9003 0 +1.041810032e-005 +1.321800104e+002 +1.321800104e+002 -3.7639e+000 +1.4823e+000 +3.4616e+000 -1.9656e+000 -2.4920e+000
9110 0 +6.372316363e-006 +1.321800064e+002 +1.321800064e+002 -3.7640e+000 +1.4824e+000 +3.4616e+000 -1.9657e+000 -2.4920e+000
9136 0 +9.134899699e-007 +1.321800009e+002 +1.321800009e+002 -3.7640e+000 +1.4824e+000 +3.4616e+000 -1.9656e+000 -2.4920e+000
9302 0 +8.176474466e-007 +1.321800008e+002 +1.321800008e+002 -3.7640e+000 +1.4824e+000 +3.4616e+000 -1.9656e+000 -2.4920e+000
9344 0 +5.320893877e-007 +1.321800005e+002 +1.321800005e+002 -3.7640e+000 +1.4824e+000 +3.4616e+000 -1.9656e+000 -2.4920e+000
9396 0 +6.049933177e-008 +1.321800001e+002 +1.321800001e+002 -3.7640e+000 +1.4824e+000 +3.4616e+000 -1.9656e+000 -2.4920e+000
9413 0 +3.037462193e-008 +1.321800000e+002 +1.321800000e+002 -3.7640e+000 +1.4824e+000 +3.4616e+000 -1.9656e+000 -2.4920e+000
9502 0 +2.991072279e-008 +1.321800000e+002 +1.321800000e+002 -3.7640e+000 +1.4824e+000 +3.4616e+000 -1.9656e+000 -2.4920e+000
9542 0 +1.934108695e-008 +1.321800000e+002 +1.321800000e+002 -3.7640e+000 +1.4824e+000 +3.4616e+000 -1.9656e+000 -2.4920e+000
9573 0 +1.557882001e-008 +1.321800000e+002 +1.321800000e+002 -3.7640e+000 +1.4824e+000 +3.4616e+000 -1.9656e+000 -2.4920e+000
9614 0 +1.382841219e-008 +1.321800000e+002 +1.321800000e+002 -3.7640e+000 +1.4824e+000 +3.4616e+000 -1.9656e+000 -2.4920e+000
9725 0 +1.041811970e-008 +1.321800000e+002 +1.321800000e+002 -3.7640e+000 +1.4824e+000 +3.4616e+000 -1.9656e+000 -2.4920e+000
9766 0 +2.143025313e-009 +1.321800000e+002 +1.321800000e+002 -3.7640e+000 +1.4824e+000 +3.4616e+000 -1.9656e+000 -2.4920e+000
% f evaluations | g evaluations | best noise-free fitness - Fopt (-3.930000000000e+001) + sum g_i+ | measured fitness | best measured fitness or single-digit g-values | x1 | x2...
1 0 +2.110153237e+002 +1.717153237e+002 +1.717153237e+002 +4.6496e+000 -1.8944e+000 +8.7640e-002 -1.6998e-001 -4.2788e-001
12 0 +1.667516605e+002 +1.274516605e+002 +1.274516605e+002 -5.0000e+000 -5.0000e+000 -1.1655e+000 +5.4977e-001 +7.7153e-001
13 0 +9.251610811e+001 +5.321610811e+001 +5.321610811e+001 -1.2207e+000 -3.4104e+000 +4.6073e+000 +2.2368e+000 +5.1727e-001
18 0 +8.596554846e+001 +4.666554846e+001 +4.666554846e+001 +1.7761e+000 +1.4335e-001 +1.8804e+000 +1.4712e+000 +6.6602e-001
68 0 +8.508034507e+001 +4.578034507e+001 +4.578034507e+001 +1.7289e+000 +1.6419e-001 +1.9151e+000 +1.4845e+000 +7.0988e-001
77 0 +7.965039799e+001 +4.035039799e+001 +4.035039799e+001 -2.6811e-001 +1.3405e+000 +9.0860e-001 +1.8635e+000 +7.3143e-001
82 0 +7.835212731e+001 +3.905212731e+001 +3.905212731e+001 -1.9580e+000 -3.3354e+000 +8.5319e-001 +2.1743e+000 +2.4898e+000
84 0 +5.086612307e+001 +1.156612307e+001 +1.156612307e+001 +1.4333e-001 -1.8728e+000 +4.3380e+000 +3.4473e+000 +3.3944e-001
134 0 +3.910131964e+001 -1.986803611e-001 -1.986803611e-001 -6.8124e-001 -6.4332e-001 +2.1852e+000 +3.4473e+000 +3.3944e-001
188 0 +3.378411850e+001 -5.515881504e+000 -5.515881504e+000 -2.2832e+000 -1.8181e+000 +2.8271e+000 +3.8667e+000 +3.2876e-001
260 0 +2.593013180e+001 -1.336986820e+001 -1.336986820e+001 -1.4161e+000 -6.0086e-001 +7.8563e-001 +3.4104e+000 +1.4205e+000
508 0 +1.635041453e+001 -2.294958547e+001 -2.294958547e+001 -2.2923e+000 +1.5464e-001 +2.3721e+000 +3.3712e+000 +1.3807e+000
747 0 +8.175988147e+000 -3.112401185e+001 -3.112401185e+001 -3.5540e+000 -5.4901e-001 +2.3698e+000 +3.3064e+000 +1.0196e+000
761 0 +7.955276151e+000 -3.134472385e+001 -3.134472385e+001 -3.5516e+000 -1.3216e+000 +2.2492e+000 +3.3985e+000 +1.0162e+000
1584 0 +7.331730013e+000 -3.196826999e+001 -3.196826999e+001 -3.5889e+000 -5.0646e-001 +2.3442e+000 +3.8138e+000 +9.8277e-001
3311 0 +6.804941788e+000 -3.249505821e+001 -3.249505821e+001 -3.5479e+000 -1.2605e+000 +2.2777e+000 +3.4180e+000 +1.0296e+000
3554 0 +6.227080098e+000 -3.307291990e+001 -3.307291990e+001 -2.5686e+000 -1.1426e+000 +1.7532e+000 +2.9685e+000 +1.3913e+000
3641 0 +5.398467386e+000 -3.390153261e+001 -3.390153261e+001 -3.5587e+000 -4.9035e-001 +1.7836e+000 +3.3460e+000 +1.0109e+000
4025 0 +5.206574629e+000 -3.409342537e+001 -3.409342537e+001 -3.5681e+000 -1.2379e+000 +2.3241e+000 +3.0002e+000 +1.3560e+000
4097 0 +2.983823582e+000 -3.631617642e+001 -3.631617642e+001 -3.5540e+000 -1.2307e+000 +2.3104e+000 +3.3812e+000 +1.3406e+000
4716 0 +2.258437836e+000 -3.704156216e+001 -3.704156216e+001 -3.5495e+000 -1.2538e+000 +2.3066e+000 +3.3831e+000 +1.0197e+000
5297 0 +1.080196541e+000 -3.821980346e+001 -3.821980346e+001 -2.5644e+000 -1.2307e+000 +2.3104e+000 +3.3812e+000 +9.8841e-001
8293 0 +7.375161118e-001 -3.856248389e+001 -3.856248389e+001 -2.4916e+000 -1.2443e+000 +2.3323e+000 +3.3649e+000 +1.0171e+000
8461 0 +4.321126508e-001 -3.886788735e+001 -3.886788735e+001 -2.4965e+000 -1.2350e+000 +2.3443e+000 +3.3634e+000 +1.0084e+000
8959 0 +3.079951535e-001 -3.899200485e+001 -3.899200485e+001 -2.5386e+000 -1.2370e+000 +2.3401e+000 +3.3707e+000 +1.0158e+000
9243 0 +2.698565537e-001 -3.903014345e+001 -3.903014345e+001 -2.5245e+000 -1.2402e+000 +2.3323e+000 +3.3649e+000 +9.9380e-001
9249 0 +2.189975506e-001 -3.908100245e+001 -3.908100245e+001 -2.5548e+000 -1.2244e+000 +2.3429e+000 +3.3754e+000 +1.0050e+000
9425 0 +1.707601944e-001 -3.912923981e+001 -3.912923981e+001 -2.5130e+000 -1.2328e+000 +2.3199e+000 +3.3696e+000 +1.0008e+000
9522 0 +1.191950438e-001 -3.918080496e+001 -3.918080496e+001 -2.5247e+000 -1.2244e+000 +2.3183e+000 +3.3707e+000 +1.0050e+000
9789 0 +5.321170522e-002 -3.924678829e+001 -3.924678829e+001 -2.5461e+000 -1.2325e+000 +2.3303e+000 +3.3659e+000 +1.0049e+000
9885 0 +8.566332997e-003 -3.929143367e+001 -3.929143367e+001 -2.5339e+000 -1.2272e+000 +2.3329e+000 +3.3711e+000 +1.0035e+000
10027 0 +4.878426826e-004 -3.929951216e+001 -3.929951216e+001 -2.5335e+000 -1.2286e+000 +2.3305e+000 +3.3698e+000 +1.0042e+000
10059 0 +3.544795168e-004 -3.929964552e+001 -3.929964552e+001 -2.5336e+000 -1.2291e+000 +2.3308e+000 +3.3698e+000 +1.0042e+000
10139 0 +1.446940343e-004 -3.929985531e+001 -3.929985531e+001 -2.5331e+000 -1.2293e+000 +2.3306e+000 +3.3697e+000 +1.0041e+000
10239 0 +1.230608074e-004 -3.929987694e+001 -3.929987694e+001 -2.5331e+000 -1.2293e+000 +2.3307e+000 +3.3697e+000 +1.0039e+000
10290 0 +9.558859965e-005 -3.929990441e+001 -3.929990441e+001 -2.5331e+000 -1.2295e+000 +2.3306e+000 +3.3696e+000 +1.0040e+000
10476 0 +5.095258171e-005 -3.929994905e+001 -3.929994905e+001 -2.5339e+000 -1.2296e+000 +2.3306e+000 +3.3697e+000 +1.0040e+000
10507 0 +4.425160465e-005 -3.929995575e+001 -3.929995575e+001 -2.5339e+000 -1.2295e+000 +2.3305e+000 +3.3697e+000 +1.0040e+000
10553 0 +2.596047509e-006 -3.929999740e+001 -3.929999740e+001 -2.5337e+000 -1.2296e+000 +2.3304e+000 +3.3696e+000 +1.0040e+000
10647 0 +5.979810567e-007 -3.929999940e+001 -3.929999940e+001 -2.5336e+000 -1.2296e+000 +2.3304e+000 +3.3696e+000 +1.0040e+000
10791 0 +4.080185647e-007 -3.929999959e+001 -3.929999959e+001 -2.5336e+000 -1.2296e+000 +2.3304e+000 +3.3696e+000 +1.0040e+000
10798 0 +3.145943737e-007 -3.929999969e+001 -3.929999969e+001 -2.5336e+000 -1.2296e+000 +2.3304e+000 +3.3696e+000 +1.0040e+000
10808 0 +2.515238862e-007 -3.929999975e+001 -3.929999975e+001 -2.5336e+000 -1.2296e+000 +2.3304e+000 +3.3696e+000 +1.0040e+000
10884 0 +1.587695024e-007 -3.929999984e+001 -3.929999984e+001 -2.5336e+000 -1.2296e+000 +2.3304e+000 +3.3696e+000 +1.0040e+000
10918 0 +9.709498983e-008 -3.929999990e+001 -3.929999990e+001 -2.5336e+000 -1.2296e+000 +2.3304e+000 +3.3696e+000 +1.0040e+000
11147 0 +5.153071214e-008 -3.929999995e+001 -3.929999995e+001 -2.5336e+000 -1.2296e+000 +2.3304e+000 +3.3696e+000 +1.0040e+000
11189 0 +8.942130592e-009 -3.929999999e+001 -3.929999999e+001 -2.5336e+000 -1.2296e+000 +2.3304e+000 +3.3696e+000 +1.0040e+000
% f evaluations | g evaluations | best noise-free fitness - Fopt (4.296000000000e+001) + sum g_i+ | measured fitness | best measured fitness or single-digit g-values | x1 | x2...
1 0 +1.463705243e+002 +1.893305243e+002 +1.893305243e+002 +4.1391e+000 -4.4233e+000 -4.7571e+000 -2.3019e-001 -6.4404e-002
11 0 +1.222019907e+002 +1.651619907e+002 +1.651619907e+002 -2.1021e+000 +2.1178e+000 +4.3212e-001 +1.0676e+000 -2.7727e-002
12 0 +7.131225113e+001 +1.142722511e+002 +1.142722511e+002 -2.3918e+000 -7.7461e-001 -5.0000e+000 +6.0465e-001 +3.3074e-001
13 0 +6.774476962e+001 +1.107047696e+002 +1.107047696e+002 -3.6083e+000 +3.9844e-001 -2.6708e+000 +1.2628e-002 +1.4710e-001
27 0 +6.653504340e+001 +1.094950434e+002 +1.094950434e+002 +1.6318e+000 +2.6536e+000 -1.5158e+000 +3.2186e-001 +1.8801e+000
77 0 +5.604140648e+001 +9.900140648e+001 +9.900140648e+001 +3.6613e-001 +3.0066e+000 -2.4188e+000 +6.4896e-001 +1.7350e+000
87 0 +5.414157774e+001 +9.710157774e+001 +9.710157774e+001 +8.5433e-001 +5.5835e-001 -2.6722e+000 +6.8735e-001 +2.4409e-001
115 0 +5.016466862e+001 +9.312466862e+001 +9.312466862e+001 +8.8132e-001 +9.9597e-001 -3.5114e+000 +1.4315e+000 +1.2024e-001
179 0 +3.592571260e+001 +7.888571260e+001 +7.888571260e+001 +1.7364e+000 +1.7001e+000 -2.6999e+000 +9.8068e-002 +1.0619e-001
251 0 +3.141896295e+001 +7.437896295e+001 +7.437896295e+001 +1.1445e+000 +1.6648e+000 -4.2761e+000 +6.0052e-001 +1.2270e+000
350 0 +2.772256478e+001 +7.068256478e+001 +7.068256478e+001 +1.8496e+000 +1.8298e+000 -3.4855e+000 +1.0022e+000 +1.3024e+000
371 0 +2.443057175e+001 +6.739057175e+001 +6.739057175e+001 +3.6950e-001 +7.9779e-001 -2.7977e+000 +5.4799e-001 +1.2260e+000
391 0 +2.170399795e+001 +6.466399795e+001 +6.466399795e+001 -4.8641e-001 +2.4504e+000 -4.3217e+000 +9.8311e-001 +9.5263e-001
764 0 +2.051091239e+001 +6.347091239e+001 +6.347091239e+001 +4.0255e-001 +1.0254e+000 -1.7140e+000 +6.6864e-001 +1.2956e+000
769 0 +7.469106734e+000 +5.042910673e+001 +5.042910673e+001 +5.3017e-001 +1.7378e+000 -2.7584e+000 +6.1351e-001 +1.7527e-001
3051 0 +6.657474710e+000 +4.961747471e+001 +4.961747471e+001 +1.3932e+000 +8.8339e-001 -2.7357e+000 +6.0203e-001 +8.8851e-001
3538 0 +5.690723652e+000 +4.865072365e+001 +4.865072365e+001 +1.5726e+000 +9.7845e-001 -2.2324e+000 +9.9176e-001 +5.7775e-001
4087 0 +4.601881517e+000 +4.756188152e+001 +4.756188152e+001 +1.5830e+000 +2.6046e+000 -2.7532e+000 +6.0958e-001 +1.2361e+000
4175 0 +4.219947858e+000 +4.717994786e+001 +4.717994786e+001 +1.5397e+000 +1.7702e+000 -3.3416e+000 +1.4827e+000 +1.2818e+000
4647 0 +3.386886326e+000 +4.634688633e+001 +4.634688633e+001 +1.5625e+000 +2.5953e+000 -3.3680e+000 +1.0097e+000 +8.7710e-001
4951 0 +3.308625469e+000 +4.626862547e+001 +4.626862547e+001 +1.5414e+000 +1.6955e+000 -3.3992e+000 +6.0637e-001 +8.8548e-001
5490 0 +2.122989237e+000 +4.508298924e+001 +4.508298924e+001 +1.4578e+000 +1.7405e+000 -3.4061e+000 +1.0253e+000 +8.9366e-001
6638 0 +2.050950529e+000 +4.501095053e+001 +4.501095053e+001 +1.5377e+000 +2.5429e+000 -2.7653e+000 +1.0181e+000 +8.7210e-001
7199 0 +1.522144788e+000 +4.448214479e+001 +4.448214479e+001 +1.5261e+000 +2.5677e+000 -2.7563e+000 +1.0252e+000 +9.0671e-001
7225 0 +1.126737976e+000 +4.408673798e+001 +4.408673798e+001 +1.5397e+000 +1.7252e+000 -2.7915e+000 +1.0164e+000 +9.1232e-001
7938 0 +2.219480908e-001 +4.318194809e+001 +4.318194809e+001 +1.5377e+000 +1.7410e+000 -2.7653e+000 +1.0276e+000 +8.9141e-001
8343 0 +1.715738537e-001 +4.313157385e+001 +4.313157385e+001 +1.5140e+000 +1.7370e+000 -2.7755e+000 +1.0310e+000 +8.9628e-001
8593 0 +1.697950613e-001 +4.312979506e+001 +4.312979506e+001 +1.5140e+000 +1.7370e+000 -2.7755e+000 +1.0310e+000 +8.9618e-001
8713 0 +1.580819743e-001 +4.311808197e+001 +4.311808197e+001 +1.5185e+000 +1.7264e+000 -2.7761e+000 +1.0103e+000 +8.9360e-001
8767 0 +1.455967552e-001 +4.310559676e+001 +4.310559676e+001 +1.5375e+000 +1.7347e+000 -2.7699e+000 +1.0179e+000 +8.9234e-001
8770 0 +1.293544812e-001 +4.308935448e+001 +4.308935448e+001 +1.5120e+000 +1.7531e+000 -2.7623e+000 +1.0180e+000 +8.9116e-001
8825 0 +9.004359478e-002 +4.305004359e+001 +4.305004359e+001 +1.5059e+000 +1.7402e+000 -2.7607e+000 +1.0200e+000 +8.8871e-001
8843 0 +5.382660281e-002 +4.301382660e+001 +4.301382660e+001 +1.5140e+000 +1.7370e+000 -2.7755e+000 +1.0201e+000 +8.9618e-001
9000 0 +3.456690605e-002 +4.299456691e+001 +4.299456691e+001 +1.5059e+000 +1.7314e+000 -2.7676e+000 +1.0192e+000 +8.8963e-001
9093 0 +3.332280871e-002 +4.299332281e+001 +4.299332281e+001 +1.5109e+000 +1.7274e+000 -2.7679e+000 +1.0209e+000 +8.9286e-001
9097 0 +2.790878930e-002 +4.298790879e+001 +4.298790879e+001 +1.5103e+000 +1.7283e+000 -2.7678e+000 +1.0206e+000 +8.9262e-001
9129 0 +2.668331196e-002 +4.298668331e+001 +4.298668331e+001 +1.5149e+000 +1.7323e+000 -2.7661e+000 +1.0210e+000 +8.9339e-001
9176 0 +2.449636399e-004 +4.296024496e+001 +4.296024496e+001 +1.5126e+000 +1.7373e+000 -2.7699e+000 +1.0200e+000 +8.9214e-001
9190 0 +2.201643444e-004 +4.296022016e+001 +4.296022016e+001 +1.5126e+000 +1.7373e+000 -2.7703e+000 +1.0198e+000 +8.9222e-001
9329 0 +4.269712868e-005 +4.296004270e+001 +4.296004270e+001 +1.5125e+000 +1.7369e+000 -2.7704e+000 +1.0200e+000 +8.9209e-001
9496 0 +2.782238084e-005 +4.296002782e+001 +4.296002782e+001 +1.5126e+000 +1.7369e+000 -2.7703e+000 +1.0201e+000 +8.9199e-001
9714 0 +2.677997816e-005 +4.296002678e+001 +4.296002678e+001 +1.5130e+000 +1.7368e+000 -2.7705e+000 +1.0200e+000 +8.9193e-001
9754 0 +2.020492635e-005 +4.296002020e+001 +4.296002020e+001 +1.5129e+000 +1.7367e+000 -2.7705e+000 +1.0200e+000 +8.9194e-001
9768 0 +8.725939260e-006 +4.296000873e+001 +4.296000873e+001 +1.5129e+000 +1.7367e+000 -2.7704e+000 +1.0200e+000 +8.9200e-001
9887 0 +5.359606448e-007 +4.296000054e+001 +4.296000054e+001 +1.5128e+000 +1.7368e+000 -2.7704e+000 +1.0200e+000 +8.9199e-001
9889 0 +4.939100720e-007 +4.296000049e+001 +4.296000049e+001 +1.5128e+000 +1.7368e+000 -2.7704e+000 +1.0200e+000 +8.9199e-001
9922 0 +1.736147794e-007 +4.296000017e+001 +4.296000017e+001 +1.5128e+000 +1.7368e+000 -2.7704e+000 +1.0200e+000 +8.9200e-001
9996 0 +6.611536207e-008 +4.296000007e+001 +4.296000007e+001 +1.5128e+000 +1.7368e+000 -2.7704e+000 +1.0200e+000 +8.9200e-001
10323 0 +1.575399011e-008 +4.296000002e+001 +4.296000002e+001 +1.5128e+000 +1.7368e+000 -2.7704e+000 +1.0200e+000 +8.9200e-001
10548 0 +1.289120632e-008 +4.296000001e+001 +4.296000001e+001 +1.5128e+000 +1.7368e+000 -2.7704e+000 +1.0200e+000 +8.9200e-001
10552 0 +7.769394017e-009 +4.296000001e+001 +4.296000001e+001 +1.5128e+000 +1.7368e+000 -2.7704e+000 +1.0200e+000 +8.9200e-001
% f evaluations | g evaluations | best noise-free fitness - Fopt (2.842200000000e+002) + sum g_i+ | measured fitness | best measured fitness or single-digit g-values | x1 | x2...
1 0 +4.459827818e+002 +7.302027818e+002 +7.302027818e+002 -3.8344e+000 -4.2467e+000 -1.1680e+000 +3.8514e+000 -4.3679e+000
2 0 +1.999611960e+002 +4.841811960e+002 +4.841811960e+002 -4.5812e+000 +1.9446e+000 +2.8554e+000 +6.0362e-001 -2.9975e-001
3 0 +9.548537731e+001 +3.797053773e+002 +3.797053773e+002 +1.9165e+000 +9.9796e-001 +6.7715e-001 -1.1804e-001 +2.6486e+000
54 0 +6.778893096e+001 +3.520089310e+002 +3.520089310e+002 -2.2514e+000 -4.0752e+000 +3.9573e-001 +1.8774e+000 +1.1716e+000
105 0 +6.294387829e+001 +3.471638783e+002 +3.471638783e+002 +5.9346e-001 -2.9208e+000 -2.1412e+000 +1.4087e+000 +1.8303e+000
123 0 +5.048656716e+001 +3.347065672e+002 +3.347065672e+002 -4.2964e+000 -3.2874e+000 -3.3932e-001 +2.1637e+000 +9.0874e-001
133 0 +4.185569235e+001 +3.260756923e+002 +3.260756923e+002 -1.5468e+000 -9.1900e-001 -9.8854e-001 +1.6422e+000 +1.8167e+000
145 0 +2.569898539e+001 +3.099189854e+002 +3.099189854e+002 -3.0316e+000 -1.4734e-001 -1.7131e+000 +1.7589e+000 +1.7330e+000
276 0 +2.288669864e+001 +3.071066986e+002 +3.071066986e+002 -2.2907e+000 -8.6571e-001 -1.0265e+000 +2.2979e+000 +1.8925e+000
345 0 +1.438048141e+001 +2.986004814e+002 +2.986004814e+002 -3.9569e+000 +4.6840e-001 -1.1475e+000 +2.2444e+000 +1.5558e+000
546 0 +1.083452141e+001 +2.950545214e+002 +2.950545214e+002 -3.0170e+000 +1.1734e+000 -5.0271e-001 +2.2100e+000 +1.8751e+000
899 0 +7.704782583e+000 +2.919247826e+002 +2.919247826e+002 -2.0979e+000 +6.8175e-001 -1.5738e+000 +2.6916e+000 +2.2100e+000
2365 0 +6.991730441e+000 +2.912117304e+002 +2.912117304e+002 -1.1005e+000 -3.1022e-001 -1.0609e+000 +2.6680e+000 +2.1931e+000
2430 0 +3.301240985e+000 +2.875212410e+002 +2.875212410e+002 -2.0606e+000 -1.8399e-001 -1.0399e+000 +2.2418e+000 +1.8079e+000
3266 0 +3.071691734e+000 +2.872916917e+002 +2.872916917e+002 -3.1251e+000 -1.0379e+000 -1.0169e+000 +2.2337e+000 +1.8474e+000
3780 0 +2.079394052e+000 +2.862993941e+002 +2.862993941e+002 -2.0606e+000 -1.8399e-001 -1.0063e+000 +2.2418e+000 +1.8389e+000
4757 0 +1.851326291e+000 +2.860713263e+002 +2.860713263e+002 -2.0502e+000 -2.3768e-001 -1.0647e+000 +1.8157e+000 +1.8439e+000
5275 0 +1.269110162e+000 +2.854891102e+002 +2.854891102e+002 -2.1138e+000 -2.0046e-001 -1.0391e+000 +2.2534e+000 +1.8552e+000
5414 0 +1.207486117e+000 +2.854274861e+002 +2.854274861e+002 -2.1032e+000 -2.4598e-001 -1.0388e+000 +2.2001e+000 +1.8438e+000
5525 0 +1.020293951e+000 +2.852402940e+002 +2.852402940e+002 -2.1138e+000 -2.0046e-001 -1.0391e+000 +2.2534e+000 +1.8479e+000
5761 0 +8.994444739e-001 +2.851194445e+002 +2.851194445e+002 -2.1213e+000 -2.4316e-001 -1.0171e+000 +2.2258e+000 +1.8457e+000
5936 0 +8.018909652e-001 +2.850218910e+002 +2.850218910e+002 -2.1377e+000 -2.2307e-001 -1.0325e+000 +2.2167e+000 +1.8320e+000
6064 0 +6.440281108e-001 +2.848640281e+002 +2.848640281e+002 -2.1032e+000 -2.4598e-001 -1.0388e+000 +2.2443e+000 +1.8438e+000
6070 0 +4.901354283e-001 +2.847101354e+002 +2.847101354e+002 -2.1337e+000 -2.2840e-001 -1.0589e+000 +2.2158e+000 +1.8465e+000
6094 0 +3.158347748e-001 +2.845358348e+002 +2.845358348e+002 -2.0969e+000 -1.9932e-001 -1.0502e+000 +2.2247e+000 +1.8525e+000
6181 0 +2.300979277e-001 +2.844500979e+002 +2.844500979e+002 -2.0761e+000 -2.1053e-001 -1.0491e+000 +2.2206e+000 +1.8456e+000
6398 0 +2.032967202e-001 +2.844232967e+002 +2.844232967e+002 -2.1062e+000 -2.0202e-001 -1.0385e+000 +2.2285e+000 +1.8429e+000
6480 0 +1.304926469e-001 +2.843504926e+002 +2.843504926e+002 -2.0852e+000 -2.1172e-001 -1.0441e+000 +2.2332e+000 +1.8432e+000
6500 0 +9.181778480e-002 +2.843118178e+002 +2.843118178e+002 -2.1121e+000 -2.1293e-001 -1.0569e+000 +2.2325e+000 +1.8393e+000
6501 0 +4.026032925e-002 +2.842602603e+002 +2.842602603e+002 -2.0892e+000 -2.1507e-001 -1.0502e+000 +2.2291e+000 +1.8395e+000
6692 0 +2.847959347e-003 +2.842228480e+002 +2.842228480e+002 -2.0989e+000 -2.1701e-001 -1.0508e+000 +2.2262e+000 +1.8418e+000
6721 0 +1.242349546e-003 +2.842212423e+002 +2.842212423e+002 -2.0983e+000 -2.1839e-001 -1.0514e+000 +2.2275e+000 +1.8421e+000
6780 0 +4.064649726e-004 +2.842204065e+002 +2.842204065e+002 -2.1009e+000 -2.1819e-001 -1.0514e+000 +2.2273e+000 +1.8417e+000
6797 0 +1.833493637e-004 +2.842201833e+002 +2.842201833e+002 -2.1006e+000 -2.1827e-001 -1.0519e+000 +2.2269e+000 +1.8417e+000
6845 0 +1.551881663e-004 +2.842201552e+002 +2.842201552e+002 -2.0999e+000 -2.1827e-001 -1.0518e+000 +2.2274e+000 +1.8418e+000
6850 0 +1.454156570e-004 +2.842201454e+002 +2.842201454e+002 -2.0999e+000 -2.1828e-001 -1.0518e+000 +2.2274e+000 +1.8418e+000
6857 0 +1.070159126e-004 +2.842201070e+002 +2.842201070e+002 -2.1000e+000 -2.1815e-001 -1.0517e+000 +2.2274e+000 +1.8417e+000
7029 0 +9.781040154e-005 +2.842200978e+002 +2.842200978e+002 -2.1001e+000 -2.1827e-001 -1.0517e+000 +2.2274e+000 +1.8417e+000
7044 0 +4.431579680e-005 +2.842200443e+002 +2.842200443e+002 -2.1001e+000 -2.1829e-001 -1.0520e+000 +2.2273e+000 +1.8415e+000
7053 0 +3.795916251e-005 +2.842200380e+002 +2.842200380e+002 -2.1001e+000 -2.1824e-001 -1.0520e+000 +2.2273e+000 +1.8415e+000
7059 0 +3.309835233e-005 +2.842200331e+002 +2.842200331e+002 -2.1000e+000 -2.1832e-001 -1.0520e+000 +2.2274e+000 +1.8416e+000
7214 0 +2.076575834e-005 +2.842200208e+002 +2.842200208e+002 -2.0999e+000 -2.1836e-001 -1.0520e+000 +2.2271e+000 +1.8416e+000
7283 0 +1.206246276e-005 +2.842200121e+002 +2.842200121e+002 -2.1000e+000 -2.1854e-001 -1.0520e+000 +2.2273e+000 +1.8416e+000
7313 0 +5.569620043e-006 +2.842200056e+002 +2.842200056e+002 -2.0999e+000 -2.1842e-001 -1.0519e+000 +2.2272e+000 +1.8416e+000
7372 0 +2.386862434e-006 +2.842200024e+002 +2.842200024e+002 -2.1001e+000 -2.1843e-001 -1.0520e+000 +2.2272e+000 +1.8416e+000
7408 0 +1.096562812e-006 +2.842200011e+002 +2.842200011e+002 -2.1001e+000 -2.1839e-001 -1.0520e+000 +2.2272e+000 +1.8416e+000
7422 0 +1.047991020e-006 +2.842200010e+002 +2.842200010e+002 -2.1001e+000 -2.1842e-001 -1.0520e+000 +2.2272e+000 +1.8416e+000
7461 0 +8.763522032e-007 +2.842200009e+002 +2.842200009e+002 -2.1000e+000 -2.1838e-001 -1.0520e+000 +2.2272e+000 +1.8416e+000
7498 0 +3.515996809e-007 +2.842200004e+002 +2.842200004e+002 -2.1000e+000 -2.1837e-001 -1.0520e+000 +2.2272e+000 +1.8416e+000
7534 0 +2.792618261e-007 +2.842200003e+002 +2.842200003e+002 -2.1000e+000 -2.1840e-001 -1.0520e+000 +2.2272e+000 +1.8416e+000
7547 0 +2.593658337e-007 +2.842200003e+002 +2.842200003e+002 -2.1000e+000 -2.1840e-001 -1.0520e+000 +2.2272e+000 +1.8416e+000
7551 0 +1.969174832e-007 +2.842200002e+002 +2.842200002e+002 -2.1000e+000 -2.1840e-001 -1.0520e+000 +2.2272e+000 +1.8416e+000
7561 0 +1.237569904e-007 +2.842200001e+002 +2.842200001e+002 -2.1000e+000 -2.1840e-001 -1.0520e+000 +2.2272e+000 +1.8416e+000
7731 0 +2.937252930e-008 +2.842200000e+002 +2.842200000e+002 -2.1000e+000 -2.1841e-001 -1.0520e+000 +2.2272e+000 +1.8416e+000
7815 0 +2.736146598e-008 +2.842200000e+002 +2.842200000e+002 -2.1000e+000 -2.1840e-001 -1.0520e+000 +2.2272e+000 +1.8416e+000
7847 0 +1.228863766e-008 +2.842200000e+002 +2.842200000e+002 -2.1000e+000 -2.1840e-001 -1.0520e+000 +2.2272e+000 +1.8416e+000
7899 0 +9.355915154e-009 +2.842200000e+002 +2.842200000e+002 -2.1000e+000 -2.1840e-001 -1.0520e+000 +2.2272e+000 +1.8416e+000
% f evaluations | g evaluations | best noise-free fitness - Fopt (-3.217000000000e+001) + sum g_i+ | measured fitness | best measured fitness or single-digit g-values | x1 | x2...
1 0 +2.066528866e+002 +1.744828866e+002 +1.744828866e+002 -1.0288e+000 +1.4286e+000 +2.5690e+000 -4.4748e+000 -3.5916e+000
11 0 +1.158032660e+002 +8.363326598e+001 +8.363326598e+001 -1.3179e-001 -2.0080e+000 -1.8411e+000 -2.1607e+000 -4.5192e+000
12 0 +1.059973438e+002 +7.382734382e+001 +7.382734382e+001 +5.0000e+000 +5.0000e+000 +9.5991e-001 +6.9023e-002 -2.9263e+000
23 0 +7.731467807e+001 +4.514467807e+001 +4.514467807e+001 -1.8686e-001 +8.1916e-001 +1.0592e+000 -1.1943e+000 -3.5862e+000
62 0 +6.577791164e+001 +3.360791164e+001 +3.360791164e+001 +4.0285e+000 +3.3946e+000 +7.9126e-001 +2.3798e-002 -3.0052e+000
73 0 +5.987597171e+001 +2.770597171e+001 +2.770597171e+001 +3.1027e-001 -2.9700e-001 +1.5696e+000 -1.0308e+000 -4.5256e+000
140 0 +5.272534956e+001 +2.055534956e+001 +2.055534956e+001 -9.4970e-001 -2.1106e-001 -1.0297e+000 -7.4446e-002 -3.3099e+000
188 0 +3.305791174e+001 +8.879117363e-001 +8.879117363e-001 -6.6358e-001 +2.9745e+000 -1.9403e-001 -1.7133e-001 -3.0623e+000
258 0 +3.131901733e+001 -8.509826652e-001 -8.509826652e-001 +3.3822e+000 +1.9199e+000 +1.0262e+000 -1.7259e+000 -3.0300e+000
378 0 +1.941613384e+001 -1.275386616e+001 -1.275386616e+001 -2.9265e-001 +9.7015e-001 -3.4096e-002 -9.0327e-002 -3.6794e+000
471 0 +1.362410947e+001 -1.854589053e+001 -1.854589053e+001 +1.3632e+000 +2.6732e+000 +4.7985e-001 -6.2681e-001 -3.1093e+000
531 0 +9.114875504e+000 -2.305512450e+001 -2.305512450e+001 +4.7370e-001 +1.1561e+000 +1.0009e+000 -1.0563e-001 -4.0186e+000
1221 0 +8.225124462e+000 -2.394487554e+001 -2.394487554e+001 +1.3632e+000 +2.6731e+000 +4.7985e-001 +3.1286e-001 -3.0934e+000
2634 0 +7.042673180e+000 -2.512732682e+001 -2.512732682e+001 +1.5153e+000 +2.7032e+000 +3.7461e-001 -1.1734e-001 -4.0144e+000
2886 0 +4.848792885e+000 -2.732120711e+001 -2.732120711e+001 +4.7090e-001 +1.9268e+000 -1.6498e-001 -1.3644e-001 -3.3414e+000
3945 0 +3.281708917e+000 -2.888829108e+001 -2.888829108e+001 +4.2841e-001 +1.7997e+000 +4.5730e-001 -1.0569e-001 -3.7110e+000
4445 0 +2.812659651e+000 -2.935734035e+001 -2.935734035e+001 +4.9806e-001 +1.8164e+000 +4.5730e-001 -1.2024e-001 -3.7046e+000
4480 0 +2.272984060e+000 -2.989701594e+001 -2.989701594e+001 +4.2399e-001 +1.8973e+000 +4.4243e-001 -1.5190e-001 -3.7008e+000
6241 0 +1.878695008e+000 -3.029130499e+001 -3.029130499e+001 +1.4512e+000 +1.8753e+000 +4.9914e-001 -1.4051e-001 -3.3483e+000
6257 0 +1.403078626e+000 -3.076692137e+001 -3.076692137e+001 +1.4572e+000 +1.8352e+000 +1.0185e+000 -1.2866e-001 -3.6993e+000
6814 0 +5.323173589e-001 -3.163768264e+001 -3.163768264e+001 +1.4512e+000 +1.8433e+000 +4.6457e-001 -1.5912e-001 -3.7049e+000
6864 0 +5.231158614e-001 -3.164688414e+001 -3.164688414e+001 +1.4512e+000 +1.8875e+000 +4.6457e-001 -1.2664e-001 -3.7049e+000
7014 0 +4.974965291e-001 -3.167250347e+001 -3.167250347e+001 +1.4512e+000 +1.8831e+000 +4.6457e-001 -1.2664e-001 -3.7049e+000
7247 0 +3.864647862e-001 -3.178353521e+001 -3.178353521e+001 +1.4339e+000 +1.8565e+000 +4.8100e-001 -1.4118e-001 -3.6922e+000
7279 0 +2.003641923e-001 -3.196963581e+001 -3.196963581e+001 +1.4346e+000 +1.8413e+000 +4.6205e-001 -1.4698e-001 -3.7055e+000
7679 0 +9.920537527e-002 -3.207079462e+001 -3.207079462e+001 +1.4366e+000 +1.8595e+000 +4.6205e-001 -1.4698e-001 -3.6976e+000
7997 0 +4.255871809e-002 -3.212744128e+001 -3.212744128e+001 +1.4425e+000 +1.8565e+000 +4.5552e-001 -1.4281e-001 -3.7001e+000
8218 0 +2.203663913e-002 -3.214796336e+001 -3.214796336e+001 +1.4439e+000 +1.8506e+000 +4.6413e-001 -1.3656e-001 -3.7019e+000
8433 0 +2.179121201e-002 -3.214820879e+001 -3.214820879e+001 +1.4493e+000 +1.8539e+000 +4.5748e-001 -1.4024e-001 -3.6982e+000
8518 0 +4.330529834e-004 -3.216956695e+001 -3.216956695e+001 +1.4460e+000 +1.8543e+000 +4.6069e-001 -1.3886e-001 -3.7004e+000
8529 0 +3.794577427e-004 -3.216962054e+001 -3.216962054e+001 +1.4460e+000 +1.8544e+000 +4.6067e-001 -1.3889e-001 -3.7005e+000
8640 0 +2.088165648e-004 -3.216979118e+001 -3.216979118e+001 +1.4461e+000 +1.8546e+000 +4.6089e-001 -1.3892e-001 -3.7006e+000
8718 0 +1.861362522e-004 -3.216981386e+001 -3.216981386e+001 +1.4459e+000 +1.8546e+000 +4.6090e-001 -1.3908e-001 -3.7006e+000
8747 0 +1.514067304e-004 -3.216984859e+001 -3.216984859e+001 +1.4459e+000 +1.8545e+000 +4.6089e-001 -1.3905e-001 -3.7006e+000
8760 0 +1.461874605e-004 -3.216985381e+001 -3.216985381e+001 +1.4460e+000 +1.8544e+000 +4.6089e-001 -1.3903e-001 -3.7006e+000
8797 0 +1.336780471e-004 -3.216986632e+001 -3.216986632e+001 +1.4463e+000 +1.8545e+000 +4.6105e-001 -1.3907e-001 -3.7006e+000
8829 0 +5.554463643e-005 -3.216994446e+001 -3.216994446e+001 +1.4461e+000 +1.8545e+000 +4.6069e-001 -1.3913e-001 -3.7007e+000
8845 0 +2.951001892e-005 -3.216997049e+001 -3.216997049e+001 +1.4463e+000 +1.8545e+000 +4.6074e-001 -1.3916e-001 -3.7007e+000
8930 0 +2.494917119e-005 -3.216997505e+001 -3.216997505e+001 +1.4461e+000 +1.8546e+000 +4.6082e-001 -1.3923e-001 -3.7008e+000
8995 0 +9.248995454e-006 -3.216999075e+001 -3.216999075e+001 +1.4464e+000 +1.8543e+000 +4.6074e-001 -1.3919e-001 -3.7008e+000
9074 0 +4.887589618e-006 -3.216999511e+001 -3.216999511e+001 +1.4464e+000 +1.8545e+000 +4.6076e-001 -1.3916e-001 -3.7008e+000
9087 0 +2.277910390e-006 -3.216999772e+001 -3.216999772e+001 +1.4464e+000 +1.8544e+000 +4.6085e-001 -1.3921e-001 -3.7008e+000
9187 0 +7.682906258e-007 -3.216999923e+001 -3.216999923e+001 +1.4464e+000 +1.8544e+000 +4.6079e-001 -1.3920e-001 -3.7008e+000
9248 0 +2.399198138e-007 -3.216999976e+001 -3.216999976e+001 +1.4464e+000 +1.8544e+000 +4.6081e-001 -1.3920e-001 -3.7008e+000
9263 0 +2.042135065e-007 -3.216999980e+001 -3.216999980e+001 +1.4464e+000 +1.8544e+000 +4.6079e-001 -1.3920e-001 -3.7008e+000
9420 0 +1.397872467e-007 -3.216999986e+001 -3.216999986e+001 +1.4464e+000 +1.8544e+000 +4.6080e-001 -1.3920e-001 -3.7008e+000
9501 0 +4.844559243e-008 -3.216999995e+001 -3.216999995e+001 +1.4464e+000 +1.8544e+000 +4.6080e-001 -1.3920e-001 -3.7008e+000
9635 0 +3.470645993e-009 -3.217000000e+001 -3.217000000e+001 +1.4464e+000 +1.8544e+000 +4.6080e-001 -1.3920e-001 -3.7008e+000
% f evaluations | g evaluations | best noise-free fitness - Fopt (-5.858000000000e+001) + sum g_i+ | measured fitness | best measured fitness or single-digit g-values | x1 | x2...
1 0 +3.592132623e+003 +3.533552623e+003 +3.533552623e+003 -1.6377e+000 +3.2916e+000 +1.3490e+000 +4.5099e+000 +2.9528e+000
2 0 +2.129866948e+002 +1.544066948e+002 +1.544066948e+002 +4.0089e+000 +3.1915e+000 +1.7275e+000 -1.3510e+000 -2.9449e+000
11 0 +1.725286590e+002 +1.139486590e+002 +1.139486590e+002 -2.8719e+000 -2.5760e+000 -3.4177e+000 +3.9179e+000 -3.0825e+000
27 0 +1.535494760e+002 +9.496947600e+001 +9.496947600e+001 -3.0297e+000 -3.5457e+000 +3.6552e-001 +4.3182e+000 -3.3463e+000
36 0 +6.632753295e+001 +7.747532951e+000 +7.747532951e+000 +3.9966e+000 -2.5551e+000 +1.6584e+000 +2.3870e+000 -2.2202e+000
49 0 +5.883114810e+001 +2.511480971e-001 +2.511480971e-001 +3.1390e+000 -1.8271e+000 -6.0201e-001 +9.0926e-001 -2.7674e+000
86 0 +5.270314447e+001 -5.876855527e+000 -5.876855527e+000 +3.6333e+000 -2.3432e+000 +5.2523e-001 +2.3870e+000 -2.2202e+000
190 0 +3.334934497e+001 -2.523065503e+001 -2.523065503e+001 +2.7668e+000 -1.0155e+000 +1.7444e+000 +2.2045e+000 -3.2249e+000
346 0 +3.108957347e+001 -2.749042653e+001 -2.749042653e+001 +7.1905e-001 -3.2092e+000 +1.0966e+000 +1.9977e+000 -3.2799e+000
359 0 +1.992351177e+001 -3.865648823e+001 -3.865648823e+001 +2.8060e+000 -2.6237e+000 +4.7804e-001 +1.8193e+000 -3.9031e+000
978 0 +1.341144187e+001 -4.516855813e+001 -4.516855813e+001 +4.5137e-001 -2.5262e+000 +9.8220e-001 +1.3812e+000 -3.6042e+000
1078 0 +1.298100376e+001 -4.559899624e+001 -4.559899624e+001 +4.4016e-001 -2.5413e+000 +9.8090e-001 +1.3891e+000 -3.5950e+000
1461 0 +1.248743976e+001 -4.609256024e+001 -4.609256024e+001 +1.6306e+000 -3.8070e+000 +3.6670e-001 +1.8356e+000 -3.1764e+000
1798 0 +9.383127746e+000 -4.919687225e+001 -4.919687225e+001 +2.5446e+000 -2.4380e+000 +3.8378e-001 +1.8490e+000 -3.8486e+000
2756 0 +9.096185137e+000 -4.948381486e+001 -4.948381486e+001 +2.6264e+000 -1.2272e+000 +3.9497e-001 +1.8706e+000 -3.9105e+000
2879 0 +6.886396795e+000 -5.169360320e+001 -5.169360320e+001 +2.4687e+000 -1.6772e+000 +1.0100e+000 +1.4433e+000 -3.2166e+000
2883 0 +5.104242052e+000 -5.347575795e+001 -5.347575795e+001 +2.5962e+000 -1.6627e+000 +3.6848e-001 +1.8418e+000 -3.1815e+000
3533 0 +4.710329952e+000 -5.386967005e+001 -5.386967005e+001 +2.5962e+000 -1.6627e+000 +3.6848e-001 +1.8838e+000 -3.1815e+000
3829 0 +4.516537072e+000 -5.406346293e+001 -5.406346293e+001 +2.6558e+000 -1.6941e+000 +9.8931e-001 +1.4522e+000 -3.1971e+000
4187 0 +4.344781756e+000 -5.423521824e+001 -5.423521824e+001 +2.5880e+000 -2.5331e+000 +9.8687e-001 +1.5021e+000 -3.5643e+000
4788 0 +2.963819000e+000 -5.561618100e+001 -5.561618100e+001 +1.6068e+000 -2.5064e+000 +9.4901e-001 +1.8632e+000 -3.1965e+000
5503 0 +2.777408878e+000 -5.580259112e+001 -5.580259112e+001 +2.5892e+000 -2.5256e+000 +1.5421e+000 +1.8791e+000 -3.6090e+000
6053 0 +2.299546742e+000 -5.628045326e+001 -5.628045326e+001 +2.5580e+000 -2.5256e+000 +1.5421e+000 +1.8505e+000 -3.5852e+000
6448 0 +1.631879035e+000 -5.694812097e+001 -5.694812097e+001 +2.6231e+000 -2.5272e+000 +3.8378e-001 +1.8550e+000 -3.5783e+000
8201 0 +1.003125299e+000 -5.757687470e+001 -5.757687470e+001 +2.5640e+000 -2.5253e+000 +9.6415e-001 +1.8412e+000 -3.5854e+000
8348 0 +9.510316984e-001 -5.762896830e+001 -5.762896830e+001 +2.5446e+000 -2.4913e+000 +9.7225e-001 +1.8772e+000 -3.6003e+000
8448 0 +4.972408837e-001 -5.808275912e+001 -5.808275912e+001 +2.5956e+000 -2.4913e+000 +9.7225e-001 +1.8772e+000 -3.6003e+000
8601 0 +4.574377770e-001 -5.812256222e+001 -5.812256222e+001 +2.5640e+000 -2.5253e+000 +9.6415e-001 +1.8546e+000 -3.5854e+000
8943 0 +2.062718843e-001 -5.837372812e+001 -5.837372812e+001 +2.5818e+000 -2.4952e+000 +9.6616e-001 +1.8775e+000 -3.5879e+000
9143 0 +1.963461908e-001 -5.838365381e+001 -5.838365381e+001 +2.5818e+000 -2.4952e+000 +9.7800e-001 +1.8775e+000 -3.5879e+000
9230 0 +3.036432316e-002 -5.854963568e+001 -5.854963568e+001 +2.5892e+000 -2.5085e+000 +9.7978e-001 +1.8658e+000 -3.5870e+000
9688 0 +1.666231275e-003 -5.857833377e+001 -5.857833377e+001 +2.5901e+000 -2.5071e+000 +9.7270e-001 +1.8673e+000 -3.5873e+000
9696 0 +9.969191876e-004 -5.857900308e+001 -5.857900308e+001 +2.5902e+000 -2.5071e+000 +9.7277e-001 +1.8671e+000 -3.5875e+000
9764 0 +7.770054898e-004 -5.857922299e+001 -5.857922299e+001 +2.5902e+000 -2.5070e+000 +9.7307e-001 +1.8670e+000 -3.5875e+000
9811 0 +3.489531654e-004 -5.857965105e+001 -5.857965105e+001 +2.5902e+000 -2.5071e+000 +9.7294e-001 +1.8669e+000 -3.5877e+000
9863 0 +2.714696600e-004 -5.857972853e+001 -5.857972853e+001 +2.5909e+000 -2.5067e+000 +9.7318e-001 +1.8666e+000 -3.5880e+000
9896 0 +1.798442732e-004 -5.857982016e+001 -5.857982016e+001 +2.5904e+000 -2.5076e+000 +9.7314e-001 +1.8663e+000 -3.5880e+000
9995 0 +8.717985185e-005 -5.857991282e+001 -5.857991282e+001 +2.5903e+000 -2.5069e+000 +9.7307e-001 +1.8664e+000 -3.5880e+000
10160 0 +7.058620722e-005 -5.857992941e+001 -5.857992941e+001 +2.5900e+000 -2.5072e+000 +9.7293e-001 +1.8662e+000 -3.5880e+000
10222 0 +2.858077344e-005 -5.857997142e+001 -5.857997142e+001 +2.5903e+000 -2.5070e+000 +9.7279e-001 +1.8663e+000 -3.5880e+000
10228 0 +2.387325279e-005 -5.857997613e+001 -5.857997613e+001 +2.5903e+000 -2.5070e+000 +9.7281e-001 +1.8663e+000 -3.5880e+000
10272 0 +1.874905337e-005 -5.857998125e+001 -5.857998125e+001 +2.5905e+000 -2.5071e+000 +9.7294e-001 +1.8664e+000 -3.5880e+000
10313 0 +5.917429966e-006 -5.857999408e+001 -5.857999408e+001 +2.5905e+000 -2.5071e+000 +9.7281e-001 +1.8664e+000 -3.5880e+000
10317 0 +4.190265166e-006 -5.857999581e+001 -5.857999581e+001 +2.5904e+000 -2.5071e+000 +9.7281e-001 +1.8664e+000 -3.5880e+000
10367 0 +3.552774977e-006 -5.857999645e+001 -5.857999645e+001 +2.5904e+000 -2.5071e+000 +9.7277e-001 +1.8664e+000 -3.5880e+000
10395 0 +7.068506633e-007 -5.857999929e+001 -5.857999929e+001 +2.5904e+000 -2.5072e+000 +9.7278e-001 +1.8664e+000 -3.5880e+000
10432 0 +2.814038638e-007 -5.857999972e+001 -5.857999972e+001 +2.5904e+000 -2.5072e+000 +9.7280e-001 +1.8664e+000 -3.5880e+000
10540 0 +2.062128033e-007 -5.857999979e+001 -5.857999979e+001 +2.5904e+000 -2.5072e+000 +9.7281e-001 +1.8664e+000 -3.5880e+000
10700 0 +9.351455077e-008 -5.857999991e+001 -5.857999991e+001 +2.5904e+000 -2.5072e+000 +9.7280e-001 +1.8664e+000 -3.5880e+000
10724 0 +7.573183325e-008 -5.857999992e+001 -5.857999992e+001 +2.5904e+000 -2.5072e+000 +9.7280e-001 +1.8664e+000 -3.5880e+000
10742 0 +3.606346866e-008 -5.857999996e+001 -5.857999996e+001 +2.5904e+000 -2.5072e+000 +9.7280e-001 +1.8664e+000 -3.5880e+000
10759 0 +3.177839858e-008 -5.857999997e+001 -5.857999997e+001 +2.5904e+000 -2.5072e+000 +9.7280e-001 +1.8664e+000 -3.5880e+000
10769 0 +1.706270325e-008 -5.857999998e+001 -5.857999998e+001 +2.5904e+000 -2.5072e+000 +9.7280e-001 +1.8664e+000 -3.5880e+000
10810 0 +1.652034598e-008 -5.857999998e+001 -5.857999998e+001 +2.5904e+000 -2.5072e+000 +9.7280e-001 +1.8664e+000 -3.5880e+000
10832 0 +1.193414079e-008 -5.857999999e+001 -5.857999999e+001 +2.5904e+000 -2.5072e+000 +9.7280e-001 +1.8664e+000 -3.5880e+000
10871 0 +8.858542344e-009 -5.857999999e+001 -5.857999999e+001 +2.5904e+000 -2.5072e+000 +9.7280e-001 +1.8664e+000 -3.5880e+000
% f evaluations | g evaluations | best noise-free fitness - Fopt (-6.049200000000e+002) + sum g_i+ | measured fitness | best measured fitness or single-digit g-values | x1 | x2...
1 0 +4.115999088e+002 -1.933200912e+002 -1.933200912e+002 -3.0920e+000 -1.1838e-001 -4.8649e+000 -4.2032e+000 -1.8659e+000
3 0 +2.140927636e+002 -3.908272364e+002 -3.908272364e+002 -1.0949e+000 +1.2274e+000 -4.6977e+000 +3.4210e-001 +1.8511e+000
5 0 +6.960237645e+001 -5.353176236e+002 -5.353176236e+002 -2.1800e+000 -8.7411e-001 +4.8649e+000 +2.0352e+000 +2.3964e-002
77 0 +6.544045190e+001 -5.394795481e+002 -5.394795481e+002 -1.9022e+000 -2.5288e+000 +3.4198e+000 +1.8910e+000 -4.6392e-001
82 0 +4.830994555e+001 -5.566100545e+002 -5.566100545e+002 -2.6282e+000 +3.6866e-001 +1.5247e+000 +9.4033e-001 -8.0062e-001
152 0 +2.689407759e+001 -5.780259224e+002 -5.780259224e+002 -1.8662e+000 +2.6170e-001 +1.9827e+000 +1.3880e+000 +6.7272e-001
227 0 +2.158072491e+001 -5.833392751e+002 -5.833392751e+002 -8.2528e-001 -8.6459e-001 +1.5185e+000 +1.3830e+000 +6.4285e-002
450 0 +1.756746501e+001 -5.873525350e+002 -5.873525350e+002 -2.0303e+000 -1.0517e+000 +2.5949e+000 +9.5722e-001 +6.5932e-001
735 0 +1.424661504e+001 -5.906733850e+002 -5.906733850e+002 -2.0179e+000 -3.9453e-001 +1.5963e+000 +1.0258e+000 +3.5560e-001
1005 0 +1.259609942e+001 -5.923239006e+002 -5.923239006e+002 -2.0504e+000 -3.2435e-001 +2.0288e+000 +1.4793e+000 +3.0174e-001
1294 0 +1.232877565e+001 -5.925912244e+002 -5.925912244e+002 -1.9675e+000 +5.5078e-001 +2.0760e+000 +1.8085e+000 +3.3286e-001
1555 0 +8.439137150e+000 -5.964808629e+002 -5.964808629e+002 -2.0504e+000 -3.2435e-001 +2.1323e+000 +1.4793e+000 +7.0267e-001
2673 0 +4.299367129e+000 -6.006206329e+002 -6.006206329e+002 -9.4814e-001 -1.8138e+000 +1.4997e+000 +1.8713e+000 +4.3179e-002
3589 0 +3.945502286e+000 -6.009744977e+002 -6.009744977e+002 -1.0530e+000 -3.2420e-001 +2.0566e+000 +1.8996e+000 +7.2888e-001
5077 0 +3.448037249e+000 -6.014719628e+002 -6.014719628e+002 -9.6466e-001 -1.0425e+000 +1.4540e+000 +1.9170e+000 +5.5266e-002
5776 0 +1.847152715e+000 -6.030728473e+002 -6.030728473e+002 -1.0344e+000 -1.8384e+000 +2.0499e+000 +1.8958e+000 +3.6311e-001
6276 0 +1.796618728e+000 -6.031233813e+002 -6.031233813e+002 -9.4459e-001 -1.0034e+000 +2.1165e+000 +1.8958e+000 +3.6311e-001
6970 0 +1.370213399e+000 -6.035497866e+002 -6.035497866e+002 -1.0172e+000 -9.7193e-001 +2.0778e+000 +1.8929e+000 +3.4472e-001
7379 0 +1.042698333e+000 -6.038773017e+002 -6.038773017e+002 -9.8280e-001 -1.0616e+000 +2.0761e+000 +1.8979e+000 +3.5658e-001
7511 0 +8.626947540e-001 -6.040573052e+002 -6.040573052e+002 -9.5666e-001 -1.0508e+000 +2.0695e+000 +1.8869e+000 +3.6513e-001
7690 0 +4.577629958e-001 -6.044622370e+002 -6.044622370e+002 -9.9906e-001 -1.0213e+000 +2.0597e+000 +1.8737e+000 +3.6950e-001
7729 0 +3.492754251e-001 -6.045707246e+002 -6.045707246e+002 -9.6738e-001 -9.9771e-001 +2.0761e+000 +1.8864e+000 +3.5658e-001
8376 0 +1.684628866e-001 -6.047515371e+002 -6.047515371e+002 -1.0062e+000 -1.0034e+000 +2.0846e+000 +1.8874e+000 +3.6713e-001
8748 0 +1.130601863e-001 -6.048069398e+002 -6.048069398e+002 -1.0074e+000 -1.0282e+000 +2.0666e+000 +1.8883e+000 +3.5999e-001
8969 0 +5.659174841e-002 -6.048634083e+002 -6.048634083e+002 -1.0107e+000 -1.0238e+000 +2.0720e+000 +1.8866e+000 +3.6201e-001
8981 0 +5.126429147e-002 -6.048687357e+002 -6.048687357e+002 -9.9619e-001 -1.0115e+000 +2.0730e+000 +1.8818e+000 +3.6381e-001
9086 0 +4.779334902e-003 -6.049152207e+002 -6.049152207e+002 -9.9996e-001 -1.0132e+000 +2.0735e+000 +1.8868e+000 +3.6325e-001
9128 0 +1.037775262e-003 -6.049189622e+002 -6.049189622e+002 -9.9733e-001 -1.0149e+000 +2.0737e+000 +1.8884e+000 +3.6294e-001
9147 0 +9.337973609e-004 -6.049190662e+002 -6.049190662e+002 -9.9726e-001 -1.0152e+000 +2.0736e+000 +1.8879e+000 +3.6299e-001
9159 0 +6.445233339e-004 -6.049193555e+002 -6.049193555e+002 -9.9754e-001 -1.0154e+000 +2.0737e+000 +1.8879e+000 +3.6291e-001
9232 0 +3.929498623e-004 -6.049196071e+002 -6.049196071e+002 -9.9898e-001 -1.0147e+000 +2.0740e+000 +1.8883e+000 +3.6238e-001
9239 0 +3.121221858e-004 -6.049196879e+002 -6.049196879e+002 -9.9900e-001 -1.0146e+000 +2.0739e+000 +1.8882e+000 +3.6241e-001
9300 0 +3.039430187e-004 -6.049196961e+002 -6.049196961e+002 -9.9820e-001 -1.0147e+000 +2.0739e+000 +1.8883e+000 +3.6261e-001
9339 0 +2.967540241e-004 -6.049197032e+002 -6.049197032e+002 -9.9778e-001 -1.0151e+000 +2.0737e+000 +1.8883e+000 +3.6263e-001
9342 0 +2.409008886e-004 -6.049197591e+002 -6.049197591e+002 -9.9791e-001 -1.0150e+000 +2.0737e+000 +1.8883e+000 +3.6256e-001
9379 0 +7.138747901e-005 -6.049199286e+002 -6.049199286e+002 -9.9814e-001 -1.0150e+000 +2.0736e+000 +1.8881e+000 +3.6253e-001
9412 0 +7.016920597e-005 -6.049199298e+002 -6.049199298e+002 -9.9812e-001 -1.0149e+000 +2.0737e+000 +1.8881e+000 +3.6245e-001
9585 0 +5.570229337e-005 -6.049199443e+002 -6.049199443e+002 -9.9851e-001 -1.0155e+000 +2.0736e+000 +1.8881e+000 +3.6246e-001
9597 0 +2.784956689e-005 -6.049199722e+002 -6.049199722e+002 -9.9852e-001 -1.0154e+000 +2.0737e+000 +1.8880e+000 +3.6238e-001
9604 0 +5.646600471e-006 -6.049199944e+002 -6.049199944e+002 -9.9832e-001 -1.0152e+000 +2.0737e+000 +1.8880e+000 +3.6243e-001
9778 0 +1.560875603e-006 -6.049199984e+002 -6.049199984e+002 -9.9847e-001 -1.0152e+000 +2.0736e+000 +1.8880e+000 +3.6239e-001
9793 0 +1.054596169e-006 -6.049199989e+002 -6.049199989e+002 -9.9841e-001 -1.0152e+000 +2.0736e+000 +1.8880e+000 +3.6238e-001
9802 0 +8.074687230e-007 -6.049199992e+002 -6.049199992e+002 -9.9839e-001 -1.0152e+000 +2.0736e+000 +1.8880e+000 +3.6239e-001
9942 0 +3.350779707e-007 -6.049199997e+002 -6.049199997e+002 -9.9839e-001 -1.0152e+000 +2.0736e+000 +1.8880e+000 +3.6240e-001
9954 0 +3.284337708e-007 -6.049199997e+002 -6.049199997e+002 -9.9838e-001 -1.0152e+000 +2.0736e+000 +1.8880e+000 +3.6240e-001
10104 0 +2.143026450e-007 -6.049199998e+002 -6.049199998e+002 -9.9838e-001 -1.0152e+000 +2.0736e+000 +1.8880e+000 +3.6240e-001
10156 0 +1.000375960e-008 -6.049200000e+002 -6.049200000e+002 -9.9840e-001 -1.0152e+000 +2.0736e+000 +1.8880e+000 +3.6240e-001
10435 0 +7.062340046e-009 -6.049200000e+002 -6.049200000e+002 -9.9840e-001 -1.0152e+000 +2.0736e+000 +1.8880e+000 +3.6240e-001
% f evaluations | g evaluations | best noise-free fitness - Fopt (1.337000000000e+002) + sum g_i+ | measured fitness | best measured fitness or single-digit g-values | x1 | x2...
1 0 +8.037595487e+003 +8.171295487e+003 +8.171295487e+003 +1.3804e-001 +4.9919e+000 +2.4071e+000 +9.2062e-001 +4.7242e+000
2 0 +9.105946524e+002 +1.044294652e+003 +1.044294652e+003 -2.7194e+000 -2.8343e+000 +5.8237e-001 +2.8078e+000 +9.8238e-001
3 0 +1.922005245e+002 +3.259005245e+002 +3.259005245e+002 -1.4261e+000 +6.4850e-001 +1.1608e+000 +4.1752e+000 -1.5164e+000
5 0 +8.277967634e+001 +2.164796763e+002 +2.164796763e+002 +3.4811e+000 +1.5056e+000 +1.1761e-001 +1.2409e-001 -2.1129e+000
18 0 +5.954895861e+001 +1.932489586e+002 +1.932489586e+002 -5.1557e-001 -9.3489e-002 +6.6088e-001 +1.0966e+000 -3.9030e+000
49 0 +4.936066281e+001 +1.830606628e+002 +1.830606628e+002 +5.2299e-001 +1.4771e+000 -4.1321e-001 +2.2292e-001 -4.0172e+000
211 0 +3.696127352e+001 +1.706612735e+002 +1.706612735e+002 +1.5137e+000 -5.9008e-002 +2.2808e-001 +1.3772e+000 -3.3656e+000
252 0 +1.603740970e+001 +1.497374097e+002 +1.497374097e+002 +2.3581e+000 +2.1648e-002 -3.8185e-001 +1.9323e+000 -3.6374e+000
376 0 +1.545864045e+001 +1.491586405e+002 +1.491586405e+002 +4.5198e+000 +1.5686e+000 -4.4473e-001 +1.9720e+000 -3.6575e+000
409 0 +1.369820708e+001 +1.473982071e+002 +1.473982071e+002 +5.2654e-001 +1.4608e-001 -9.4256e-001 +1.5357e+000 -3.3945e+000
747 0 +2.854692862e+000 +1.365546929e+002 +1.365546929e+002 +2.4210e+000 +9.3964e-001 -4.1924e-001 +1.9458e+000 -3.6978e+000
3100 0 +1.360880513e+000 +1.350608805e+002 +1.350608805e+002 +2.4970e+000 +8.9420e-001 -3.7289e-001 +1.9074e+000 -3.6833e+000
4747 0 +8.020164151e-001 +1.345020164e+002 +1.345020164e+002 +2.5118e+000 +9.7449e-001 -3.6858e-001 +1.9029e+000 -3.6978e+000
6022 0 +6.241896080e-001 +1.343241896e+002 +1.343241896e+002 +2.5096e+000 +9.3121e-001 -3.8257e-001 +1.9317e+000 -3.6864e+000
6057 0 +4.809616739e-001 +1.341809617e+002 +1.341809617e+002 +2.4875e+000 +9.6625e-001 -3.8959e-001 +1.9003e+000 -3.6914e+000
6176 0 +3.946065254e-001 +1.340946065e+002 +1.340946065e+002 +2.5039e+000 +9.5459e-001 -3.8848e-001 +1.9272e+000 -3.6822e+000
6226 0 +2.875992189e-001 +1.339875992e+002 +1.339875992e+002 +2.4782e+000 +9.5283e-001 -3.6518e-001 +1.9046e+000 -3.6822e+000
6702 0 +1.027496006e-001 +1.338027496e+002 +1.338027496e+002 +2.4829e+000 +9.4135e-001 -3.8268e-001 +1.9161e+000 -3.6839e+000
6942 0 +9.546437058e-002 +1.337954644e+002 +1.337954644e+002 +2.4558e+000 +9.4972e-001 -3.8025e-001 +1.9149e+000 -3.6852e+000
7078 0 +7.742549533e-002 +1.337774255e+002 +1.337774255e+002 +2.4760e+000 +9.4598e-001 -3.8323e-001 +1.9153e+000 -3.6828e+000
7092 0 +3.717357665e-002 +1.337371736e+002 +1.337371736e+002 +2.4657e+000 +9.5628e-001 -3.7591e-001 +1.9168e+000 -3.6839e+000
7102 0 +3.262793414e-002 +1.337326279e+002 +1.337326279e+002 +2.4671e+000 +9.5582e-001 -3.7577e-001 +1.9167e+000 -3.6839e+000
7120 0 +1.118600404e-003 +1.337011186e+002 +1.337011186e+002 +2.4768e+000 +9.5483e-001 -3.7779e-001 +1.9166e+000 -3.6872e+000
7216 0 +1.012697392e-003 +1.337010127e+002 +1.337010127e+002 +2.4759e+000 +9.5513e-001 -3.7818e-001 +1.9168e+000 -3.6875e+000
7308 0 +9.411480619e-004 +1.337009411e+002 +1.337009411e+002 +2.4762e+000 +9.5497e-001 -3.7751e-001 +1.9158e+000 -3.6874e+000
7361 0 +3.066621327e-004 +1.337003067e+002 +1.337003067e+002 +2.4753e+000 +9.5457e-001 -3.7815e-001 +1.9159e+000 -3.6869e+000
7397 0 +1.299950454e-004 +1.337001300e+002 +1.337001300e+002 +2.4751e+000 +9.5455e-001 -3.7815e-001 +1.9161e+000 -3.6870e+000
7532 0 +7.375426284e-005 +1.337000738e+002 +1.337000738e+002 +2.4751e+000 +9.5437e-001 -3.7825e-001 +1.9162e+000 -3.6871e+000
7580 0 +1.454468122e-005 +1.337000145e+002 +1.337000145e+002 +2.4751e+000 +9.5431e-001 -3.7843e-001 +1.9161e+000 -3.6872e+000
7717 0 +4.660347940e-006 +1.337000047e+002 +1.337000047e+002 +2.4752e+000 +9.5438e-001 -3.7847e-001 +1.9160e+000 -3.6872e+000
7734 0 +2.640827432e-006 +1.337000026e+002 +1.337000026e+002 +2.4751e+000 +9.5444e-001 -3.7843e-001 +1.9160e+000 -3.6872e+000
7803 0 +8.502281617e-007 +1.337000009e+002 +1.337000009e+002 +2.4752e+000 +9.5441e-001 -3.7841e-001 +1.9160e+000 -3.6872e+000
7918 0 +5.499328211e-007 +1.337000005e+002 +1.337000005e+002 +2.4752e+000 +9.5439e-001 -3.7841e-001 +1.9160e+000 -3.6872e+000
7935 0 +3.378851261e-007 +1.337000003e+002 +1.337000003e+002 +2.4752e+000 +9.5441e-001 -3.7840e-001 +1.9160e+000 -3.6872e+000
7969 0 +4.250051688e-008 +1.337000000e+002 +1.337000000e+002 +2.4752e+000 +9.5440e-001 -3.7840e-001 +1.9160e+000 -3.6872e+000
8263 0 +2.387062636e-008 +1.337000000e+002 +1.337000000e+002 +2.4752e+000 +9.5440e-001 -3.7840e-001 +1.9160e+000 -3.6872e+000
8336 0 +1.892354362e-008 +1.337000000e+002 +1.337000000e+002 +2.4752e+000 +9.5439e-001 -3.7840e-001 +1.9160e+000 -3.6872e+000
8354 0 +7.120831924e-009 +1.337000000e+002 +1.337000000e+002 +2.4752e+000 +9.5440e-001 -3.7840e-001 +1.9160e+000 -3.6872e+000
% f evaluations | g evaluations | best noise-free fitness - Fopt (-2.098000000000e+001) + sum g_i+ | measured fitness | best measured fitness or single-digit g-values | x1 | x2...
1 0 +1.546829820e+002 +1.337029820e+002 +1.337029820e+002 -8.5709e-001 -1.1991e+000 -8.1675e-002 +3.5252e+000 +2.5137e+000
5 0 +1.429670796e+002 +1.219870796e+002 +1.219870796e+002 +3.8703e+000 -2.5554e+000 -4.3192e+000 +4.3432e-001 +1.9792e+000
6 0 +9.511412147e+001 +7.413412147e+001 +7.413412147e+001 +3.9989e+000 +4.2226e+000 +2.2759e+000 +2.0694e+000 +3.9893e+000
12 0 +7.906641929e+001 +5.808641929e+001 +5.808641929e+001 +2.8317e+000 +5.0000e+000 -4.1063e-001 -4.5638e-001 +2.0686e+000
13 0 +6.285429435e+001 +4.187429435e+001 +4.187429435e+001 +5.0000e+000 +2.3573e+000 +1.4489e-001 +1.0981e+000 +1.7888e+000
106 0 +5.565694720e+001 +3.467694720e+001 +3.467694720e+001 +5.0000e+000 +1.2985e+000 -1.1967e+000 +4.6435e-001 +2.6488e+000
144 0 +2.888051664e+001 +7.900516639e+000 +7.900516639e+000 +1.9252e-001 +4.0300e+000 +1.9100e+000 -3.3122e-002 +2.4852e+000
168 0 +2.657609837e+001 +5.596098370e+000 +5.596098370e+000 +9.1136e-002 +3.6077e+000 -1.9549e-001 -5.5306e-002 +2.5678e+000
298 0 +2.610633552e+001 +5.126335517e+000 +5.126335517e+000 +2.1316e+000 +3.3732e-001 +2.1662e-001 +3.1686e-001 +2.4554e+000
315 0 +1.925891628e+001 -1.721083722e+000 -1.721083722e+000 +2.1243e+000 +1.7950e+000 +3.0477e-001 +4.5278e-001 +1.5237e+000
376 0 +1.042107284e+001 -1.055892716e+001 -1.055892716e+001 +1.1121e+000 +1.9685e+000 -2.3140e-001 -2.9449e-002 +2.9016e+000
1918 0 +9.236489093e+000 -1.174351091e+001 -1.174351091e+001 +1.0572e+000 +3.3718e+000 +3.0125e-001 +8.3344e-001 +2.8309e+000
1965 0 +4.907990334e+000 -1.607200967e+001 -1.607200967e+001 +2.0284e+000 +2.6838e+000 +2.3625e-001 +3.8953e-001 +2.4550e+000
2637 0 +4.718527389e+000 -1.626147261e+001 -1.626147261e+001 +2.1284e+000 +2.6296e+000 -3.2244e-001 +8.5871e-001 +2.4913e+000
3065 0 +2.015077854e+000 -1.896492215e+001 -1.896492215e+001 +2.0284e+000 +2.6819e+000 +2.4546e-001 +3.9014e-001 +2.4863e+000
6215 0 +1.128678038e+000 -1.985132196e+001 -1.985132196e+001 +1.0573e+000 +1.9120e+000 +2.5690e-001 +3.9266e-001 +2.4863e+000
7172 0 +8.976212516e-001 -2.008237875e+001 -2.008237875e+001 +2.0792e+000 +1.9220e+000 +2.6183e-001 +3.7941e-001 +2.4705e+000
7330 0 +6.713439515e-001 -2.030865605e+001 -2.030865605e+001 +2.1083e+000 +1.9185e+000 +2.5768e-001 +3.8448e-001 +2.4979e+000
7624 0 +4.388684964e-001 -2.054113150e+001 -2.054113150e+001 +2.0909e+000 +1.9398e+000 +2.5402e-001 +3.8867e-001 +2.4852e+000
8144 0 +1.443756285e-001 -2.083562437e+001 -2.083562437e+001 +2.0602e+000 +1.9308e+000 +2.6810e-001 +3.8772e-001 +2.4835e+000
8540 0 +1.261784195e-001 -2.085382158e+001 -2.085382158e+001 +2.0557e+000 +1.9310e+000 +2.6564e-001 +3.9429e-001 +2.4925e+000
8544 0 +1.651365391e-002 -2.096348635e+001 -2.096348635e+001 +2.0576e+000 +1.9207e+000 +2.6808e-001 +3.8472e-001 +2.4899e+000
8820 0 +1.507980297e-002 -2.096492020e+001 -2.096492020e+001 +2.0581e+000 +1.9177e+000 +2.6682e-001 +3.8969e-001 +2.4907e+000
8959 0 +3.073990387e-004 -2.097969260e+001 -2.097969260e+001 +2.0598e+000 +1.9191e+000 +2.6395e-001 +3.8686e-001 +2.4906e+000
8961 0 +2.954954923e-004 -2.097970450e+001 -2.097970450e+001 +2.0598e+000 +1.9191e+000 +2.6396e-001 +3.8685e-001 +2.4906e+000
9009 0 +1.788171536e-004 -2.097982118e+001 -2.097982118e+001 +2.0601e+000 +1.9187e+000 +2.6430e-001 +3.8637e-001 +2.4903e+000
9102 0 +6.080814265e-005 -2.097993919e+001 -2.097993919e+001 +2.0600e+000 +1.9190e+000 +2.6407e-001 +3.8627e-001 +2.4905e+000
9324 0 +2.610747692e-005 -2.097997389e+001 -2.097997389e+001 +2.0601e+000 +1.9193e+000 +2.6408e-001 +3.8652e-001 +2.4905e+000
9429 0 +2.185998147e-005 -2.097997814e+001 -2.097997814e+001 +2.0600e+000 +1.9190e+000 +2.6397e-001 +3.8649e-001 +2.4904e+000
9487 0 +1.336487504e-005 -2.097998664e+001 -2.097998664e+001 +2.0600e+000 +1.9193e+000 +2.6403e-001 +3.8636e-001 +2.4905e+000
9497 0 +5.506410812e-006 -2.097999449e+001 -2.097999449e+001 +2.0599e+000 +1.9192e+000 +2.6400e-001 +3.8645e-001 +2.4904e+000
9502 0 +5.481880770e-006 -2.097999452e+001 -2.097999452e+001 +2.0599e+000 +1.9192e+000 +2.6400e-001 +3.8645e-001 +2.4904e+000
9559 0 +3.519951875e-006 -2.097999648e+001 -2.097999648e+001 +2.0599e+000 +1.9192e+000 +2.6398e-001 +3.8644e-001 +2.4904e+000
9583 0 +1.763783157e-006 -2.097999824e+001 -2.097999824e+001 +2.0601e+000 +1.9192e+000 +2.6398e-001 +3.8641e-001 +2.4904e+000
9697 0 +3.767693286e-007 -2.097999962e+001 -2.097999962e+001 +2.0600e+000 +1.9192e+000 +2.6399e-001 +3.8641e-001 +2.4904e+000
9708 0 +1.435179477e-007 -2.097999986e+001 -2.097999986e+001 +2.0600e+000 +1.9192e+000 +2.6401e-001 +3.8640e-001 +2.4904e+000
9784 0 +5.761386390e-008 -2.097999994e+001 -2.097999994e+001 +2.0600e+000 +1.9192e+000 +2.6400e-001 +3.8640e-001 +2.4904e+000
9796 0 +4.125158526e-008 -2.097999996e+001 -2.097999996e+001 +2.0600e+000 +1.9192e+000 +2.6400e-001 +3.8640e-001 +2.4904e+000
9817 0 +1.689762641e-008 -2.097999998e+001 -2.097999998e+001 +2.0600e+000 +1.9192e+000 +2.6400e-001 +3.8640e-001 +2.4904e+000
10101 0 +1.560362861e-008 -2.097999998e+001 -2.097999998e+001 +2.0600e+000 +1.9192e+000 +2.6400e-001 +3.8640e-001 +2.4904e+000
10227 0 +2.329048954e-009 -2.098000000e+001 -2.098000000e+001 +2.0600e+000 +1.9192e+000 +2.6400e-001 +3.8640e-001 +2.4904e+000
% f evaluations | g evaluations | best noise-free fitness - Fopt (1.353300000000e+002) + sum g_i+ | measured fitness | best measured fitness or single-digit g-values | x1 | x2...
1 0 +6.221202894e+002 +7.574502894e+002 +7.574502894e+002 -1.9697e+000 -1.9046e+000 +2.6282e+000 -1.3279e+000 -4.3613e+000
2 0 +4.381402602e+002 +5.734702602e+002 +5.734702602e+002 -4.5511e+000 +3.5473e+000 +4.4622e+000 -6.0639e-001 -1.7938e+000
3 0 +4.197679971e+002 +5.550979971e+002 +5.550979971e+002 +4.7992e+000 +3.9990e+000 +2.7268e-001 -1.6250e+000 -2.8452e+000
5 0 +1.703711055e+002 +3.057011055e+002 +3.057011055e+002 -4.9233e+000 +2.8384e+000 -3.3058e+000 -8.9522e-001 +4.1176e+000
6 0 +1.266096813e+002 +2.619396813e+002 +2.619396813e+002 +7.0255e-001 +6.6616e-001 -2.6551e+000 -1.2821e+000 +2.3350e+000
35 0 +1.132519674e+002 +2.485819674e+002 +2.485819674e+002 -3.9459e+000 +1.4630e+000 +1.4820e+000 -7.1327e-001 +1.6373e+000
50 0 +8.864465290e+001 +2.239746529e+002 +2.239746529e+002 +2.5665e+000 -1.2213e+000 +5.3992e-001 -1.1984e+000 +1.9074e+000
122 0 +7.395747908e+001 +2.092874791e+002 +2.092874791e+002 -6.8888e-001 -1.8264e+000 +5.6827e-001 -2.8296e+000 +3.1589e+000
144 0 +4.712098239e+001 +1.824509824e+002 +1.824509824e+002 -1.5675e+000 +8.3806e-001 +1.6438e+000 -1.4271e+000 +4.1560e+000
166 0 +2.472907998e+001 +1.600590800e+002 +1.600590800e+002 -1.4453e+000 -3.9111e-002 +1.0596e+000 -2.4743e+000 +3.1401e+000
337 0 +1.444791195e+001 +1.497779120e+002 +1.497779120e+002 -1.5736e+000 +8.9493e-001 +4.7601e-001 -3.0389e+000 +3.1468e+000
1030 0 +1.399917380e+001 +1.493291738e+002 +1.493291738e+002 +7.0356e-001 -1.3273e+000 +2.0376e+000 -2.6217e+000 +3.2103e+000
1349 0 +1.354268878e+001 +1.488726888e+002 +1.488726888e+002 +6.0223e-001 +7.4072e-001 +1.0864e+000 -3.0808e+000 +2.8534e+000
1380 0 +8.245114678e+000 +1.435751147e+002 +1.435751147e+002 +5.5802e-001 -6.0032e-002 +2.0172e+000 -2.6217e+000 +3.2103e+000
2523 0 +7.374613809e+000 +1.427046138e+002 +1.427046138e+002 +4.3995e-001 -6.0603e-002 +1.0274e+000 -2.6583e+000 +3.1691e+000
3261 0 +5.895799567e+000 +1.412257996e+002 +1.412257996e+002 +6.0897e-001 +6.5831e-001 +9.5321e-001 -3.0018e+000 +3.1723e+000
3990 0 +4.839887695e+000 +1.401698877e+002 +1.401698877e+002 -3.8803e-001 +1.9625e-002 +9.8780e-001 -3.0058e+000 +3.1968e+000
5478 0 +3.867219319e+000 +1.391972193e+002 +1.391972193e+002 +5.6069e-001 -7.4746e-001 +1.5058e+000 -2.6382e+000 +3.1611e+000
5524 0 +3.214206180e+000 +1.385442062e+002 +1.385442062e+002 +5.0208e-001 -7.8675e-001 +9.5310e-001 -2.6568e+000 +3.1746e+000
5528 0 +2.691981714e+000 +1.380219817e+002 +1.380219817e+002 +5.6069e-001 -7.4746e-001 +9.5055e-001 -2.6382e+000 +3.1611e+000
5824 0 +8.028310059e-001 +1.361328310e+002 +1.361328310e+002 +5.0208e-001 +1.4970e-002 +9.5310e-001 -2.6183e+000 +3.1746e+000
6474 0 +7.668979280e-001 +1.360968979e+002 +1.360968979e+002 +5.8785e-001 +1.4970e-002 +9.5310e-001 -2.6183e+000 +3.1746e+000
7674 0 +3.846736955e-001 +1.357146737e+002 +1.357146737e+002 +5.5138e-001 +1.4970e-002 +9.5310e-001 -2.6243e+000 +3.1746e+000
8167 0 +2.955386175e-001 +1.356255386e+002 +1.356255386e+002 +5.2412e-001 +1.0408e-002 +9.8188e-001 -2.6244e+000 +3.1844e+000
8332 0 +2.150161316e-001 +1.355450161e+002 +1.355450161e+002 +5.4944e-001 +1.9750e-003 +9.8352e-001 -2.6261e+000 +3.1759e+000
8488 0 +1.240561333e-001 +1.354540561e+002 +1.354540561e+002 +5.3118e-001 +3.5876e-002 +9.6879e-001 -2.6241e+000 +3.1768e+000
8582 0 +6.527458367e-002 +1.353952746e+002 +1.353952746e+002 +5.4944e-001 +3.1320e-002 +9.8352e-001 -2.6261e+000 +3.1759e+000
8746 0 +6.325447577e-002 +1.353932545e+002 +1.353932545e+002 +5.4141e-001 +2.3045e-002 +9.6877e-001 -2.6261e+000 +3.1738e+000
8828 0 +4.486020011e-002 +1.353748602e+002 +1.353748602e+002 +5.3611e-001 +1.9933e-002 +9.7091e-001 -2.6222e+000 +3.1773e+000
9031 0 +4.317638393e-002 +1.353731764e+002 +1.353731764e+002 +5.4587e-001 +2.5721e-002 +9.7501e-001 -2.6269e+000 +3.1734e+000
9052 0 +1.875571881e-002 +1.353487557e+002 +1.353487557e+002 +5.4228e-001 +2.6726e-002 +9.7748e-001 -2.6206e+000 +3.1786e+000
9078 0 +2.512201829e-005 +1.353300251e+002 +1.353300251e+002 +5.4474e-001 +2.4046e-002 +9.7687e-001 -2.6223e+000 +3.1761e+000
9477 0 +1.145170569e-005 +1.353300115e+002 +1.353300115e+002 +5.4493e-001 +2.4021e-002 +9.7688e-001 -2.6224e+000 +3.1760e+000
9588 0 +9.465801469e-006 +1.353300095e+002 +1.353300095e+002 +5.4486e-001 +2.4144e-002 +9.7686e-001 -2.6224e+000 +3.1760e+000
9656 0 +3.920623868e-006 +1.353300039e+002 +1.353300039e+002 +5.4494e-001 +2.4010e-002 +9.7677e-001 -2.6224e+000 +3.1760e+000
9726 0 +6.943446351e-007 +1.353300007e+002 +1.353300007e+002 +5.4485e-001 +2.4013e-002 +9.7681e-001 -2.6224e+000 +3.1760e+000
9812 0 +4.609563860e-007 +1.353300005e+002 +1.353300005e+002 +5.4479e-001 +2.3994e-002 +9.7679e-001 -2.6224e+000 +3.1760e+000
9819 0 +3.989875950e-007 +1.353300004e+002 +1.353300004e+002 +5.4480e-001 +2.3970e-002 +9.7679e-001 -2.6224e+000 +3.1760e+000
9898 0 +3.954824876e-007 +1.353300004e+002 +1.353300004e+002 +5.4481e-001 +2.3972e-002 +9.7681e-001 -2.6224e+000 +3.1760e+000
9918 0 +3.298998763e-007 +1.353300003e+002 +1.353300003e+002 +5.4480e-001 +2.3978e-002 +9.7681e-001 -2.6224e+000 +3.1760e+000
9942 0 +1.137491665e-007 +1.353300001e+002 +1.353300001e+002 +5.4480e-001 +2.3993e-002 +9.7681e-001 -2.6224e+000 +3.1760e+000
9987 0 +3.877886456e-008 +1.353300000e+002 +1.353300000e+002 +5.4480e-001 +2.3997e-002 +9.7681e-001 -2.6224e+000 +3.1760e+000
10008 0 +2.899872698e-008 +1.353300000e+002 +1.353300000e+002 +5.4480e-001 +2.3996e-002 +9.7680e-001 -2.6224e+000 +3.1760e+000
10155 0 +1.100175950e-008 +1.353300000e+002 +1.353300000e+002 +5.4480e-001 +2.4002e-002 +9.7680e-001 -2.6224e+000 +3.1760e+000
10184 0 +8.117666539e-009 +1.353300000e+002 +1.353300000e+002 +5.4480e-001 +2.3998e-002 +9.7680e-001 -2.6224e+000 +3.1760e+000
% f evaluations | g evaluations | best noise-free fitness - Fopt (4.066000000000e+001) + sum g_i+ | measured fitness | best measured fitness or single-digit g-values | x1 | x2...
1 0 +1.992735720e+002 +2.399335720e+002 +2.399335720e+002 -4.6633e+000 +2.9490e+000 -1.0865e+000 -2.2733e+000 +3.3004e+000
11 0 +6.971913355e+001 +1.103791336e+002 +1.103791336e+002 +3.0392e+000 +4.7985e+000 +1.8028e+000 -3.6210e+000 +2.3790e+000
12 0 +6.424726962e+001 +1.049072696e+002 +1.049072696e+002 +5.0000e+000 +2.3718e+000 +2.3134e+000 -2.9115e+000 +7.7536e-001
134 0 +5.559388486e+001 +9.625388486e+001 +9.625388486e+001 +7.9904e-001 +2.4886e+000 +3.4330e+000 -1.8439e+000 +1.2923e+000
144 0 +5.133213937e+001 +9.199213937e+001 +9.199213937e+001 +1.9256e+000 +2.8324e+000 +2.7463e+000 -2.0300e+000 +2.0234e+000
192 0 +4.008174354e+001 +8.074174354e+001 +8.074174354e+001 +2.0181e+000 +1.2150e+000 +3.9597e+000 -3.3674e+000 +8.1467e-001
280 0 +3.405558398e+001 +7.471558398e+001 +7.471558398e+001 +2.9359e+000 +4.1981e-001 +4.4067e+000 -1.5525e+000 +7.4228e-001
283 0 +3.173630566e+001 +7.239630566e+001 +7.239630566e+001 +5.0000e+000 -1.2403e+000 +4.9520e+000 -2.7067e+000 +1.7665e+000
442 0 +2.699966457e+001 +6.765966457e+001 +6.765966457e+001 +1.9244e+000 +1.1618e+000 +3.4548e+000 -3.0760e+000 +7.4885e-001
473 0 +1.491919655e+001 +5.557919655e+001 +5.557919655e+001 +3.0141e+000 +1.9106e+000 +2.3377e+000 -2.7196e+000 +1.7673e+000
752 0 +6.700106873e+000 +4.736010687e+001 +4.736010687e+001 +3.0661e+000 +1.2925e+000 +3.3492e+000 -2.7561e+000 +1.7627e+000
2137 0 +4.551029601e+000 +4.521102960e+001 +4.521102960e+001 +2.0934e+000 +1.2815e+000 +3.9878e+000 -2.6761e+000 +1.7191e+000
4006 0 +4.185215431e+000 +4.484521543e+001 +4.484521543e+001 +2.0954e+000 +2.1060e+000 +4.4818e+000 -2.6938e+000 +1.7369e+000
4156 0 +3.494899313e+000 +4.415489931e+001 +4.415489931e+001 +4.0507e+000 +1.2453e+000 +3.2654e+000 -2.6938e+000 +1.7369e+000
4291 0 +3.012636456e+000 +4.367263646e+001 +4.367263646e+001 +3.0667e+000 +2.0458e+000 +3.3556e+000 -2.7136e+000 +1.7138e+000
4400 0 +2.855662633e+000 +4.351566263e+001 +4.351566263e+001 +2.0394e+000 +1.2723e+000 +3.9525e+000 -2.6955e+000 +2.0826e+000
5122 0 +1.300810197e+000 +4.196081020e+001 +4.196081020e+001 +3.0507e+000 +1.2981e+000 +3.9160e+000 -2.6834e+000 +1.7263e+000
5422 0 +2.222557446e-001 +4.088225574e+001 +4.088225574e+001 +3.0507e+000 +1.2360e+000 +3.9160e+000 -2.6993e+000 +1.7364e+000
6523 0 +1.528478092e-001 +4.081284781e+001 +4.081284781e+001 +3.0647e+000 +1.2407e+000 +3.9238e+000 -2.7078e+000 +1.7327e+000
6619 0 +1.429164447e-001 +4.080291644e+001 +4.080291644e+001 +3.0441e+000 +1.2433e+000 +3.9375e+000 -2.7025e+000 +1.7303e+000
6647 0 +9.724572188e-002 +4.075724572e+001 +4.075724572e+001 +3.0696e+000 +1.2455e+000 +3.9189e+000 -2.6958e+000 +1.7279e+000
6855 0 +9.118253333e-002 +4.075118253e+001 +4.075118253e+001 +3.0480e+000 +1.2362e+000 +3.9296e+000 -2.6941e+000 +1.7268e+000
7005 0 +6.725297522e-002 +4.072725298e+001 +4.072725298e+001 +3.0504e+000 +1.2362e+000 +3.9198e+000 -2.6964e+000 +1.7268e+000
7016 0 +4.890624026e-002 +4.070890624e+001 +4.070890624e+001 +3.0512e+000 +1.2506e+000 +3.9288e+000 -2.7008e+000 +1.7311e+000
7096 0 +2.551778602e-002 +4.068551779e+001 +4.068551779e+001 +3.0605e+000 +1.2443e+000 +3.9215e+000 -2.7015e+000 +1.7281e+000
7164 0 +1.441798330e-002 +4.067441798e+001 +4.067441798e+001 +3.0555e+000 +1.2489e+000 +3.9252e+000 -2.6973e+000 +1.7259e+000
7275 0 +8.428195731e-005 +4.066008428e+001 +4.066008428e+001 +3.0518e+000 +1.2473e+000 +3.9239e+000 -2.6998e+000 +1.7273e+000
7315 0 +6.086451326e-005 +4.066006086e+001 +4.066006086e+001 +3.0521e+000 +1.2469e+000 +3.9239e+000 -2.6999e+000 +1.7273e+000
7336 0 +4.776060076e-005 +4.066004776e+001 +4.066004776e+001 +3.0520e+000 +1.2469e+000 +3.9239e+000 -2.6999e+000 +1.7272e+000
7504 0 +2.408014151e-005 +4.066002408e+001 +4.066002408e+001 +3.0521e+000 +1.2471e+000 +3.9239e+000 -2.6999e+000 +1.7273e+000
7656 0 +1.097412577e-005 +4.066001097e+001 +4.066001097e+001 +3.0520e+000 +1.2473e+000 +3.9240e+000 -2.6999e+000 +1.7272e+000
7706 0 +9.077903925e-006 +4.066000908e+001 +4.066000908e+001 +3.0520e+000 +1.2473e+000 +3.9240e+000 -2.7000e+000 +1.7272e+000
7767 0 +4.007859182e-006 +4.066000401e+001 +4.066000401e+001 +3.0519e+000 +1.2472e+000 +3.9240e+000 -2.7000e+000 +1.7272e+000
7884 0 +3.233870061e-007 +4.066000032e+001 +4.066000032e+001 +3.0520e+000 +1.2472e+000 +3.9240e+000 -2.7000e+000 +1.7272e+000
8050 0 +1.573558563e-007 +4.066000016e+001 +4.066000016e+001 +3.0520e+000 +1.2472e+000 +3.9240e+000 -2.7000e+000 +1.7272e+000
8095 0 +8.931000650e-008 +4.066000009e+001 +4.066000009e+001 +3.0520e+000 +1.2472e+000 +3.9240e+000 -2.7000e+000 +1.7272e+000
8108 0 +4.944350707e-008 +4.066000005e+001 +4.066000005e+001 +3.0520e+000 +1.2472e+000 +3.9240e+000 -2.7000e+000 +1.7272e+000
8253 0 +1.727699583e-008 +4.066000002e+001 +4.066000002e+001 +3.0520e+000 +1.2472e+000 +3.9240e+000 -2.7000e+000 +1.7272e+000
8338 0 +7.177284544e-009 +4.066000001e+001 +4.066000001e+001 +3.0520e+000 +1.2472e+000 +3.9240e+000 -2.7000e+000 +1.7272e+000
