% f evaluations | g evaluations | best noise-free fitness - Fopt (-4.620900000000e+002) + sum g_i+ | measured fitness | best measured fitness or single-digit g-values | x1 | x2...
1 0 +1.921545266e+002 -2.699354734e+002 -2.699354734e+002 -6.8652e-001 +9.9288e-001 +4.8152e+000
2 0 +6.840882205e+001 -3.936811780e+002 -3.936811780e+002 -4.9760e+000 +2.0878e+000 +3.7144e+000
16 0 +2.089265385e+001 -4.411973462e+002 -4.411973462e+002 +4.6520e-001 +1.6523e+000 +1.4916e+000
213 0 +1.949667524e+001 -4.425933248e+002 -4.425933248e+002 +5.7552e-001 +2.2965e+000 +1.2477e+000
239 0 +1.794972715e+001 -4.441402728e+002 -4.441402728e+002 +7.3379e-001 +1.6761e+000 +2.9623e+000
270 0 +1.664423397e+001 -4.454457660e+002 -4.454457660e+002 +5.7212e-001 +1.5865e+000 +2.2037e+000
277 0 +1.505965482e+001 -4.470303452e+002 -4.470303452e+002 +6.3161e-001 +1.6203e+000 +2.2538e+000
284 0 +1.207697985e+001 -4.500130202e+002 -4.500130202e+002 -2.6789e-001 +1.8063e+000 +2.2491e+000
303 0 +1.016078868e+001 -4.519292113e+002 -4.519292113e+002 -3.1546e-001 +2.2965e+000 +2.9015e+000
476 0 +6.024337461e+000 -4.560656625e+002 -4.560656625e+002 -1.4123e+000 +1.7351e+000 +2.5671e+000
672 0 +5.250602037e+000 -4.568393980e+002 -4.568393980e+002 -2.4203e+000 +1.6352e+000 +2.6072e+000
937 0 +5.004651585e+000 -4.570853484e+002 -4.570853484e+002 -1.3735e+000 +1.6397e+000 +2.5827e+000
1015 0 +3.745561381e+000 -4.583444386e+002 -4.583444386e+002 -2.3200e+000 +1.7366e+000 +2.5326e+000
1042 0 +2.446364976e+000 -4.596436350e+002 -4.596436350e+002 -2.3285e+000 +1.7419e+000 +2.5803e+000
1305 0 +2.005479141e+000 -4.600845209e+002 -4.600845209e+002 -2.3203e+000 +1.7368e+000 +2.2339e+000
1342 0 +1.702199719e+000 -4.603878003e+002 -4.603878003e+002 -2.3842e+000 +1.7207e+000 +2.2248e+000
1432 0 +1.096659151e+000 -4.609933408e+002 -4.609933408e+002 -2.4012e+000 +2.2804e+000 +2.2248e+000
1675 0 +6.573380141e-001 -4.614326620e+002 -4.614326620e+002 -2.3601e+000 +2.3223e+000 +2.2267e+000
1705 0 +5.995361142e-001 -4.614904639e+002 -4.614904639e+002 -2.3550e+000 +2.3217e+000 +2.2267e+000
1829 0 +1.942485138e-001 -4.618957515e+002 -4.618957515e+002 -2.3623e+000 +2.2980e+000 +2.2058e+000
2184 0 +1.277453869e-001 -4.619622546e+002 -4.619622546e+002 -2.3401e+000 +2.2881e+000 +2.2094e+000
2221 0 +6.874225989e-002 -4.620212577e+002 -4.620212577e+002 -2.3520e+000 +2.2910e+000 +2.2126e+000
2251 0 +4.636842913e-002 -4.620436316e+002 -4.620436316e+002 -2.3384e+000 +2.2910e+000 +2.2126e+000
2364 0 +4.177409379e-003 -4.620858226e+002 -4.620858226e+002 -2.3422e+000 +2.2997e+000 +2.2152e+000
2497 0 +1.163457463e-004 -4.620898837e+002 -4.620898837e+002 -2.3409e+000 +2.2998e+000 +2.2138e+000
2578 0 +1.010615882e-004 -4.620898989e+002 -4.620898989e+002 -2.3409e+000 +2.3000e+000 +2.2138e+000
2605 0 +1.045739475e-005 -4.620899895e+002 -4.620899895e+002 -2.3407e+000 +2.3001e+000 +2.2136e+000
2618 0 +3.342983121e-006 -4.620899967e+002 -4.620899967e+002 -2.3408e+000 +2.3001e+000 +2.2136e+000
2718 0 +2.332645352e-006 -4.620899977e+002 -4.620899977e+002 -2.3408e+000 +2.3000e+000 +2.2136e+000
2878 0 +5.623045922e-007 -4.620899994e+002 -4.620899994e+002 -2.3408e+000 +2.3000e+000 +2.2136e+000
2929 0 +4.591817628e-007 -4.620899995e+002 -4.620899995e+002 -2.3408e+000 +2.3000e+000 +2.2136e+000
2939 0 +7.085316156e-008 -4.620899999e+002 -4.620899999e+002 -2.3408e+000 +2.3000e+000 +2.2136e+000
2955 0 +1.352509571e-008 -4.620900000e+002 -4.620900000e+002 -2.3408e+000 +2.3000e+000 +2.2136e+000
2999 0 +9.602104001e-009 -4.620900000e+002 -4.620900000e+002 -2.3408e+000 +2.3000e+000 +2.2136e+000
% f evaluations | g evaluations | best noise-free fitness - Fopt (7.766000000000e+001) + sum g_i+ | measured fitness | best measured fitness or single-digit g-values | x1 | x2...
1 0 +3.979100849e+002 +4.755700849e+002 +4.755700849e+002 -9.0456e-001 -2.4820e+000 +2.4451e+000
3 0 +1.043818332e+002 +1.820418332e+002 +1.820418332e+002 +3.5764e+000 +1.9159e+000 -3.4412e+000
9 0 +7.398252117e+001 +1.516425212e+002 +1.516425212e+002 -5.0000e+000 -2.2283e-001 -1.4582e+000
13 0 +5.803530977e+001 +1.356953098e+002 +1.356953098e+002 +1.6183e+000 +1.4235e+000 -1.4315e+000
25 0 +2.979113021e+001 +1.074511302e+002 +1.074511302e+002 +2.7861e-001 -3.1599e+000 -1.9080e+000
54 0 +2.363483840e+001 +1.012948384e+002 +1.012948384e+002 +3.1830e+000 -1.3082e+000 -8.4250e-001
90 0 +2.293282721e+001 +1.005928272e+002 +1.005928272e+002 +2.1595e+000 -1.5390e+000 -2.2155e+000
102 0 +1.926959240e+001 +9.692959240e+001 +9.692959240e+001 +1.3335e+000 -8.2449e-001 -1.1400e+000
169 0 +1.668724277e+001 +9.434724277e+001 +9.434724277e+001 +4.3299e+000 +8.4573e-001 -9.2136e-001
175 0 +8.016955198e+000 +8.567695520e+001 +8.567695520e+001 +2.2297e+000 -1.4662e+000 -1.5706e+000
287 0 +7.745212195e+000 +8.540521220e+001 +8.540521220e+001 +5.2084e-001 -2.8472e-001 -1.2400e+000
302 0 +7.554608326e+000 +8.521460833e+001 +8.521460833e+001 +1.3852e+000 -2.9133e-001 -6.1001e-001
665 0 +4.346157882e+000 +8.200615788e+001 +8.200615788e+001 +1.4105e+000 -9.1631e-001 -8.8752e-001
821 0 +2.612070817e+000 +8.027207082e+001 +8.027207082e+001 +2.4321e+000 -3.0920e-001 -9.3665e-001
1011 0 +1.420823085e+000 +7.908082309e+001 +7.908082309e+001 +2.3668e+000 -8.1226e-001 -1.2638e+000
1311 0 +1.313596227e+000 +7.897359623e+001 +7.897359623e+001 +2.3668e+000 -8.4651e-001 -9.0127e-001
1377 0 +1.101597244e+000 +7.876159724e+001 +7.876159724e+001 +2.4035e+000 -8.6675e-001 -9.0306e-001
2097 0 +2.149557445e-001 +7.787495574e+001 +7.787495574e+001 +2.3777e+000 -8.6675e-001 -1.2775e+000
2234 0 +1.653467477e-001 +7.782534675e+001 +7.782534675e+001 +2.4115e+000 -8.5999e-001 -1.2638e+000
2375 0 +6.275367281e-002 +7.772275367e+001 +7.772275367e+001 +2.4008e+000 -8.6020e-001 -1.2665e+000
2699 0 +5.769442167e-002 +7.771769442e+001 +7.771769442e+001 +2.3859e+000 -8.5026e-001 -1.2699e+000
2707 0 +1.203195630e-002 +7.767203196e+001 +7.767203196e+001 +2.4035e+000 -8.5786e-001 -1.2703e+000
2743 0 +1.277314456e-004 +7.766012773e+001 +7.766012773e+001 +2.3984e+000 -8.5561e-001 -1.2719e+000
2825 0 +9.211370129e-005 +7.766009211e+001 +7.766009211e+001 +2.3983e+000 -8.5567e-001 -1.2719e+000
2872 0 +2.585713672e-005 +7.766002586e+001 +7.766002586e+001 +2.3985e+000 -8.5599e-001 -1.2719e+000
2982 0 +1.601463978e-006 +7.766000160e+001 +7.766000160e+001 +2.3985e+000 -8.5600e-001 -1.2720e+000
3036 0 +1.534333137e-006 +7.766000153e+001 +7.766000153e+001 +2.3985e+000 -8.5600e-001 -1.2720e+000
3109 0 +1.402978569e-007 +7.766000014e+001 +7.766000014e+001 +2.3984e+000 -8.5599e-001 -1.2720e+000
3150 0 +5.934865044e-008 +7.766000006e+001 +7.766000006e+001 +2.3984e+000 -8.5600e-001 -1.2720e+000
3151 0 +3.230572077e-008 +7.766000003e+001 +7.766000003e+001 +2.3984e+000 -8.5600e-001 -1.2720e+000
3239 0 +1.107126479e-008 +7.766000001e+001 +7.766000001e+001 +2.3984e+000 -8.5600e-001 -1.2720e+000
3256 0 +7.155350090e-009 +7.766000001e+001 +7.766000001e+001 +2.3984e+000 -8.5600e-001 -1.2720e+000
% f evaluations | g evaluations | best noise-free fitness - Fopt (1.156800000000e+002) + sum g_i+ | measured fitness | best measured fitness or single-digit g-values | x1 | x2...
1 0 +2.269547200e+002 +3.426347200e+002 +3.426347200e+002 -4.5953e+000 -2.9406e+000 +3.0564e+000
4 0 +6.017070224e+001 +1.758507022e+002 +1.758507022e+002 +2.0951e+000 +8.0184e-001 +1.0697e+000
9 0 +4.553988212e+001 +1.612198821e+002 +1.612198821e+002 +1.1186e+000 -1.0550e+000 +1.1262e+000
10 0 +4.182191117e+001 +1.575019112e+002 +1.575019112e+002 +2.8282e+000 -5.3224e-001 +8.9371e-001
38 0 +3.555195766e+001 +1.512319577e+002 +1.512319577e+002 +1.8024e+000 -4.5518e-001 +1.1814e+000
54 0 +3.050781637e+001 +1.461878164e+002 +1.461878164e+002 -1.2782e+000 -1.0223e-001 +8.8884e-001
64 0 +2.752818608e+001 +1.432081861e+002 +1.432081861e+002 -2.0173e+000 -9.4257e-001 -2.4134e-001
94 0 +1.425000094e+001 +1.299300009e+002 +1.299300009e+002 -1.1553e+000 -8.4416e-001 -2.5462e-002
149 0 +9.640895697e+000 +1.253208957e+002 +1.253208957e+002 -1.5498e-001 +5.3304e-002 +2.5836e-001
150 0 +8.386565553e+000 +1.240665656e+002 +1.240665656e+002 -1.1160e+000 -9.0196e-001 +2.1802e-001
329 0 +4.789005311e+000 +1.204690053e+002 +1.204690053e+002 -2.0564e+000 -1.6251e+000 +2.5836e-001
547 0 +3.213571802e+000 +1.188935718e+002 +1.188935718e+002 -2.2608e+000 -9.9002e-001 -4.4186e-002
604 0 +2.625756771e+000 +1.183057568e+002 +1.183057568e+002 -2.1420e+000 -9.4683e-001 -4.7233e-002
740 0 +1.425268887e+000 +1.171052689e+002 +1.171052689e+002 -2.1534e+000 -1.0044e+000 -6.7024e-002
980 0 +7.691664180e-001 +1.164491664e+002 +1.164491664e+002 -2.2174e+000 -1.0044e+000 +2.5410e-001
1145 0 +1.228195792e-001 +1.158028196e+002 +1.158028196e+002 -2.1577e+000 -9.7596e-001 +2.4693e-001
1652 0 +6.991988081e-002 +1.157499199e+002 +1.157499199e+002 -2.1858e+000 -9.8515e-001 +2.3972e-001
1958 0 +3.425761666e-002 +1.157142576e+002 +1.157142576e+002 -2.1678e+000 -9.8266e-001 +2.4749e-001
1980 0 +5.402674048e-004 +1.156805403e+002 +1.156805403e+002 -2.1767e+000 -9.8326e-001 +2.4493e-001
1990 0 +3.708620241e-004 +1.156803709e+002 +1.156803709e+002 -2.1769e+000 -9.8322e-001 +2.4479e-001
2023 0 +3.197610966e-004 +1.156803198e+002 +1.156803198e+002 -2.1777e+000 -9.8320e-001 +2.4514e-001
2069 0 +9.999125584e-005 +1.156801000e+002 +1.156801000e+002 -2.1784e+000 -9.8328e-001 +2.4504e-001
2106 0 +7.956927146e-005 +1.156800796e+002 +1.156800796e+002 -2.1783e+000 -9.8314e-001 +2.4498e-001
2129 0 +6.978218373e-005 +1.156800698e+002 +1.156800698e+002 -2.1787e+000 -9.8322e-001 +2.4496e-001
2184 0 +1.432757300e-005 +1.156800143e+002 +1.156800143e+002 -2.1783e+000 -9.8329e-001 +2.4486e-001
2211 0 +8.590816108e-006 +1.156800086e+002 +1.156800086e+002 -2.1783e+000 -9.8314e-001 +2.4484e-001
2243 0 +2.301497872e-006 +1.156800023e+002 +1.156800023e+002 -2.1785e+000 -9.8317e-001 +2.4482e-001
2320 0 +4.575657755e-007 +1.156800005e+002 +1.156800005e+002 -2.1784e+000 -9.8319e-001 +2.4481e-001
2386 0 +7.700606375e-008 +1.156800001e+002 +1.156800001e+002 -2.1784e+000 -9.8319e-001 +2.4480e-001
2428 0 +3.434035989e-008 +1.156800000e+002 +1.156800000e+002 -2.1784e+000 -9.8321e-001 +2.4480e-001
2451 0 +2.919536257e-008 +1.156800000e+002 +1.156800000e+002 -2.1784e+000 -9.8320e-001 +2.4480e-001
2461 0 +2.010658307e-008 +1.156800000e+002 +1.156800000e+002 -2.1784e+000 -9.8320e-001 +2.4480e-001
2517 0 +1.249759407e-009 +1.156800000e+002 +1.156800000e+002 -2.1784e+000 -9.8320e-001 +2.4480e-001
% f evaluations | g evaluations | best noise-free fitness - Fopt (-3.710000000000e+000) + sum g_i+ | measured fitness | best measured fitness or single-digit g-values | x1 | x2...
1 0 +1.379575676e+002 +1.342475676e+002 +1.342475676e+002 -2.7844e+000 -3.0973e+000 -6.2478e-001
3 0 +1.348673779e+002 +1.311573779e+002 +1.311573779e+002 -4.8518e+000 +1.0286e-001 +9.6690e-001
6 0 +1.131957137e+002 +1.094857137e+002 +1.094857137e+002 +3.1217e+000 +1.6458e+000 +3.3018e+000
7 0 +1.087739640e+002 +1.050639640e+002 +1.050639640e+002 -2.0251e-001 +4.4963e-001 +3.4639e+000
8 0 +3.035028290e+001 +2.664028290e+001 +2.664028290e+001 +5.0000e+000 -1.6375e+000 +1.5539e+000
9 0 +2.822440863e+001 +2.451440863e+001 +2.451440863e+001 +3.3776e+000 -1.4633e+000 +1.7516e+000
61 0 +2.641831333e+001 +2.270831333e+001 +2.270831333e+001 -9.2878e-002 -2.6981e+000 +1.8002e+000
94 0 +2.059299863e+001 +1.688299863e+001 +1.688299863e+001 +1.9994e+000 -2.1129e+000 +1.8003e+000
120 0 +1.977013657e+001 +1.606013657e+001 +1.606013657e+001 +2.9527e+000 -3.7815e+000 +2.0929e+000
172 0 +1.876255244e+001 +1.505255244e+001 +1.505255244e+001 +1.3803e+000 -3.3520e+000 +1.7255e+000
176 0 +1.639158153e+001 +1.268158153e+001 +1.268158153e+001 +1.9680e+000 -2.7738e+000 +2.1875e+000
177 0 +4.958931283e+000 +1.248931283e+000 +1.248931283e+000 +1.1383e+000 -2.3157e+000 +1.7652e+000
275 0 +4.694266606e+000 +9.842666062e-001 +9.842666062e-001 +2.1360e+000 -2.2315e+000 +2.1128e+000
279 0 +3.788187823e+000 +7.818782277e-002 +7.818782277e-002 +2.1955e+000 -2.3243e+000 +1.7701e+000
323 0 +2.887019370e+000 -8.229806297e-001 -8.229806297e-001 +3.0588e+000 -2.8695e+000 +2.1314e+000
817 0 +2.719268442e+000 -9.907315580e-001 -9.907315580e-001 +3.2095e+000 -2.3336e+000 +1.7872e+000
923 0 +2.314111823e+000 -1.395888177e+000 -1.395888177e+000 +3.0588e+000 -2.2648e+000 +2.1279e+000
953 0 +1.682714889e+000 -2.027285111e+000 -2.027285111e+000 +3.0588e+000 -2.2648e+000 +1.8021e+000
1446 0 +1.479509220e+000 -2.230490780e+000 -2.230490780e+000 +2.1575e+000 -2.2975e+000 +1.7794e+000
1635 0 +1.463079245e+000 -2.246920755e+000 -2.246920755e+000 +3.1937e+000 -2.2944e+000 +1.8029e+000
1659 0 +1.092676028e+000 -2.617323972e+000 -2.617323972e+000 +3.1127e+000 -2.3234e+000 +1.8029e+000
1790 0 +8.702702696e-001 -2.839729730e+000 -2.839729730e+000 +3.1397e+000 -2.3168e+000 +1.8020e+000
1982 0 +6.969237262e-001 -3.013076274e+000 -3.013076274e+000 +3.0993e+000 -2.3254e+000 +1.7856e+000
2113 0 +4.618313870e-001 -3.248168613e+000 -3.248168613e+000 +3.0901e+000 -2.2757e+000 +1.7901e+000
2146 0 +2.510760897e-001 -3.458923910e+000 -3.458923910e+000 +3.1232e+000 -2.2909e+000 +1.7952e+000
2285 0 +1.804692784e-001 -3.529530722e+000 -3.529530722e+000 +3.0928e+000 -2.2928e+000 +1.7871e+000
2340 0 +7.527402681e-002 -3.634725973e+000 -3.634725973e+000 +3.1289e+000 -2.3053e+000 +1.7839e+000
2427 0 +7.196633804e-002 -3.638033662e+000 -3.638033662e+000 +3.1032e+000 -2.2979e+000 +1.7809e+000
2472 0 +6.539329867e-002 -3.644606701e+000 -3.644606701e+000 +3.1308e+000 -2.2914e+000 +1.7873e+000
2476 0 +5.989509598e-002 -3.650104904e+000 -3.650104904e+000 +3.1178e+000 -2.3013e+000 +1.7874e+000
2477 0 +3.171544572e-002 -3.678284554e+000 -3.678284554e+000 +3.1314e+000 -2.2973e+000 +1.7847e+000
2502 0 +9.213036502e-003 -3.700786963e+000 -3.700786963e+000 +3.1263e+000 -2.2948e+000 +1.7822e+000
2510 0 +1.792750269e-004 -3.709820725e+000 -3.709820725e+000 +3.1205e+000 -2.2948e+000 +1.7833e+000
2537 0 +8.209004191e-005 -3.709917910e+000 -3.709917910e+000 +3.1200e+000 -2.2949e+000 +1.7833e+000
2563 0 +1.414735820e-005 -3.709985853e+000 -3.709985853e+000 +3.1200e+000 -2.2952e+000 +1.7833e+000
2707 0 +6.337105765e-006 -3.709993663e+000 -3.709993663e+000 +3.1200e+000 -2.2951e+000 +1.7832e+000
2839 0 +7.362372121e-007 -3.709999264e+000 -3.709999264e+000 +3.1200e+000 -2.2952e+000 +1.7832e+000
2864 0 +2.070859653e-007 -3.709999793e+000 -3.709999793e+000 +3.1200e+000 -2.2952e+000 +1.7832e+000
2923 0 +1.190582122e-007 -3.709999881e+000 -3.709999881e+000 +3.1200e+000 -2.2952e+000 +1.7832e+000
2982 0 +6.416950526e-008 -3.709999936e+000 -3.709999936e+000 +3.1200e+000 -2.2952e+000 +1.7832e+000
3006 0 +5.245815027e-008 -3.709999948e+000 -3.709999948e+000 +3.1200e+000 -2.2952e+000 +1.7832e+000
3019 0 +4.213112037e-008 -3.709999958e+000 -3.709999958e+000 +3.1200e+000 -2.2952e+000 +1.7832e+000
3053 0 +3.174479835e-008 -3.709999968e+000 -3.709999968e+000 +3.1200e+000 -2.2952e+000 +1.7832e+000
3075 0 +2.674826538e-008 -3.709999973e+000 -3.709999973e+000 +3.1200e+000 -2.2952e+000 +1.7832e+000
3096 0 +3.607079524e-009 -3.709999996e+000 -3.709999996e+000 +3.1200e+000 -2.2952e+000 +1.7832e+000
% f evaluations | g evaluations | best noise-free fitness - Fopt (1.321800000000e+002) + sum g_i+ | measured fitness | best measured fitness or single-digit g-values | x1 | x2...
1 0 +1.768661506e+002 +3.090461506e+002 +3.090461506e+002 +4.2176e+000 -3.5787e+000 +4.9863e+000
4 0 +2.822200681e+001 +1.604020068e+002 +1.604020068e+002 -1.7150e+000 -9.2530e-001 +3.8334e+000
8 0 +2.817681050e+001 +1.603568105e+002 +1.603568105e+002 -5.0000e+000 -7.5969e-002 +3.1279e+000
71 0 +2.725217310e+001 +1.594321731e+002 +1.594321731e+002 -4.8025e+000 -2.5406e-001 +3.5126e+000
125 0 +1.842680126e+001 +1.506068013e+002 +1.506068013e+002 -4.0841e+000 +1.5391e+000 +3.1339e+000
165 0 +1.691921331e+001 +1.490992133e+002 +1.490992133e+002 -7.2598e-001 +2.0697e+000 +3.5238e+000
185 0 +1.028057048e+001 +1.424605705e+002 +1.424605705e+002 -3.5687e+000 +8.4163e-001 +3.1339e+000
207 0 +8.824838812e+000 +1.410048388e+002 +1.410048388e+002 -3.7541e+000 +3.8919e-001 +3.1918e+000
292 0 +5.376882481e+000 +1.375568825e+002 +1.375568825e+002 -3.7678e+000 +2.0769e+000 +3.4314e+000
675 0 +2.725128146e+000 +1.349051281e+002 +1.349051281e+002 -4.7953e+000 +2.0276e+000 +3.4504e+000
756 0 +1.791169905e+000 +1.339711699e+002 +1.339711699e+002 -4.7718e+000 +1.4618e+000 +3.4798e+000
1076 0 +5.842555416e-001 +1.327642555e+002 +1.327642555e+002 -3.8184e+000 +1.4856e+000 +3.4605e+000
1687 0 +2.902782078e-001 +1.324702782e+002 +1.324702782e+002 -3.7600e+000 +1.4630e+000 +3.4673e+000
1961 0 +1.744797837e-001 +1.323544798e+002 +1.323544798e+002 -3.7603e+000 +1.4947e+000 +3.4547e+000
1997 0 +5.405817506e-002 +1.322340582e+002 +1.322340582e+002 -3.7533e+000 +1.4888e+000 +3.4593e+000
2041 0 +3.263230734e-002 +1.322126323e+002 +1.322126323e+002 -3.7560e+000 +1.4849e+000 +3.4588e+000
2138 0 +2.041775081e-002 +1.322004178e+002 +1.322004178e+002 -3.7690e+000 +1.4834e+000 +3.4647e+000
2238 0 +9.553804175e-003 +1.321895538e+002 +1.321895538e+002 -3.7691e+000 +1.4814e+000 +3.4630e+000
2249 0 +4.393700319e-003 +1.321843937e+002 +1.321843937e+002 -3.7678e+000 +1.4837e+000 +3.4614e+000
2277 0 +2.601801721e-004 +1.321802602e+002 +1.321802602e+002 -3.7638e+000 +1.4829e+000 +3.4618e+000
2367 0 +1.433843495e-004 +1.321801434e+002 +1.321801434e+002 -3.7639e+000 +1.4826e+000 +3.4619e+000
2419 0 +1.063881975e-004 +1.321801064e+002 +1.321801064e+002 -3.7642e+000 +1.4824e+000 +3.4618e+000
2458 0 +3.958655159e-005 +1.321800396e+002 +1.321800396e+002 -3.7638e+000 +1.4825e+000 +3.4617e+000
2462 0 +3.616307626e-005 +1.321800362e+002 +1.321800362e+002 -3.7638e+000 +1.4825e+000 +3.4617e+000
2501 0 +3.791313361e-006 +1.321800038e+002 +1.321800038e+002 -3.7639e+000 +1.4824e+000 +3.4616e+000
2533 0 +1.344008666e-006 +1.321800013e+002 +1.321800013e+002 -3.7640e+000 +1.4824e+000 +3.4616e+000
2557 0 +9.009368682e-007 +1.321800009e+002 +1.321800009e+002 -3.7640e+000 +1.4824e+000 +3.4616e+000
2597 0 +1.307889477e-007 +1.321800001e+002 +1.321800001e+002 -3.7640e+000 +1.4824e+000 +3.4616e+000
2631 0 +4.836081757e-008 +1.321800000e+002 +1.321800000e+002 -3.7640e+000 +1.4824e+000 +3.4616e+000
2656 0 +1.686359496e-008 +1.321800000e+002 +1.321800000e+002 -3.7640e+000 +1.4824e+000 +3.4616e+000
2761 0 +1.652509241e-008 +1.321800000e+002 +1.321800000e+002 -3.7640e+000 +1.4824e+000 +3.4616e+000
2837 0 +6.217874216e-009 +1.321800000e+002 +1.321800000e+002 -3.7640e+000 +1.4824e+000 +3.4616e+000
% f evaluations | g evaluations | best noise-free fitness - Fopt (-3.930000000000e+001) + sum g_i+ | measured fitness | best measured fitness or single-digit g-values | x1 | x2...
1 0 +3.350425067e+002 +2.957425067e+002 +2.957425067e+002 -3.5269e+000 +6.5621e-001 -3.3556e+000
2 0 +1.377213366e+002 +9.842133656e+001 +9.842133656e+001 +2.4176e+000 -3.3411e+000 -6.3500e-001
3 0 +9.363725242e+001 +5.433725242e+001 +5.433725242e+001 +2.2158e+000 +1.9719e+000 +2.9329e+000
4 0 +8.666157076e+001 +4.736157076e+001 +4.736157076e+001 -1.1333e+000 +5.8069e-002 +3.5387e+000
8 0 +2.671852518e+001 -1.258147482e+001 -1.258147482e+001 -3.9884e-001 -4.7622e-001 +1.6468e+000
9 0 +2.446762581e+001 -1.483237419e+001 -1.483237419e+001 -5.0711e-001 -8.1393e-001 +1.6553e+000
39 0 +1.208983313e+001 -2.721016687e+001 -2.721016687e+001 -5.0711e-001 -1.1451e+000 +1.6553e+000
192 0 +9.110737893e+000 -3.018926211e+001 -3.018926211e+001 -1.6130e+000 -1.9284e+000 +2.3243e+000
255 0 +8.816426193e+000 -3.048357381e+001 -3.048357381e+001 -2.4415e+000 -1.7030e+000 +2.6550e+000
319 0 +6.901646482e+000 -3.239835352e+001 -3.239835352e+001 -1.6026e+000 -1.7624e+000 +2.7125e+000
330 0 +2.731597884e+000 -3.656840212e+001 -3.656840212e+001 -2.6508e+000 -1.2277e+000 +2.3263e+000
748 0 +1.335950089e+000 -3.796404991e+001 -3.796404991e+001 -2.5224e+000 -1.8065e+000 +2.3417e+000
1297 0 +1.174380194e+000 -3.812561981e+001 -3.812561981e+001 -2.5368e+000 -1.8009e+000 +2.3298e+000
1530 0 +7.849618208e-001 -3.851503818e+001 -3.851503818e+001 -2.6000e+000 -1.2277e+000 +2.3263e+000
1643 0 +2.273688567e-001 -3.907263114e+001 -3.907263114e+001 -2.5597e+000 -1.2171e+000 +2.3313e+000
2042 0 +4.258552541e-002 -3.925741447e+001 -3.925741447e+001 -2.5307e+000 -1.2383e+000 +2.3310e+000
2322 0 +2.857848989e-002 -3.927142151e+001 -3.927142151e+001 -2.5223e+000 -1.2317e+000 +2.3310e+000
2454 0 +2.114813094e-004 -3.929978852e+001 -3.929978852e+001 -2.5332e+000 -1.2292e+000 +2.3306e+000
2510 0 +1.276634423e-004 -3.929987234e+001 -3.929987234e+001 -2.5334e+000 -1.2294e+000 +2.3306e+000
2569 0 +1.103949878e-004 -3.929988961e+001 -3.929988961e+001 -2.5335e+000 -1.2295e+000 +2.3306e+000
2599 0 +1.005861141e-004 -3.929989941e+001 -3.929989941e+001 -2.5335e+000 -1.2296e+000 +2.3306e+000
2621 0 +1.273949910e-005 -3.929998726e+001 -3.929998726e+001 -2.5336e+000 -1.2297e+000 +2.3303e+000
2755 0 +1.250246783e-006 -3.929999875e+001 -3.929999875e+001 -2.5337e+000 -1.2296e+000 +2.3304e+000
2815 0 +4.726292318e-007 -3.929999953e+001 -3.929999953e+001 -2.5336e+000 -1.2296e+000 +2.3304e+000
2846 0 +1.886423462e-008 -3.929999998e+001 -3.929999998e+001 -2.5336e+000 -1.2296e+000 +2.3304e+000
3038 0 +5.090640798e-009 -3.929999999e+001 -3.929999999e+001 -2.5336e+000 -1.2296e+000 +2.3304e+000
% f evaluations | g evaluations | best noise-free fitness - Fopt (4.296000000000e+001) + sum g_i+ | measured fitness | best measured fitness or single-digit g-values | x1 | x2...
1 0 +1.715226142e+003 +1.758186142e+003 +1.758186142e+003 +5.8139e-001 -4.0175e+000 +2.8651e+000
3 0 +4.134965612e+002 +4.564565612e+002 +4.564565612e+002 -4.3229e+000 -3.5148e+000 +6.4861e-001
4 0 +6.408495955e+001 +1.070449596e+002 +1.070449596e+002 -3.6106e+000 +3.1439e+000 -2.5270e+000
21 0 +3.983511358e+001 +8.279511358e+001 +8.279511358e+001 +5.3198e-001 +1.5292e+000 -3.2720e+000
51 0 +1.026633037e+001 +5.322633037e+001 +5.322633037e+001 +5.3198e-001 +1.0394e+000 -2.8180e+000
153 0 +7.805473633e+000 +5.076547363e+001 +5.076547363e+001 -3.6881e-001 +2.3278e+000 -2.7760e+000
242 0 +5.846099128e+000 +4.880609913e+001 +4.880609913e+001 +4.6304e-001 +1.7527e+000 -2.4635e+000
448 0 +2.783807764e+000 +4.574380776e+001 +4.574380776e+001 +4.8732e-001 +1.7138e+000 -2.4242e+000
762 0 +2.489100689e+000 +4.544910069e+001 +4.544910069e+001 +1.5588e+000 +1.1471e+000 -2.4145e+000
870 0 +2.358144746e+000 +4.531814475e+001 +4.531814475e+001 +5.4434e-001 +1.7432e+000 -2.4179e+000
956 0 +1.594190688e+000 +4.455419069e+001 +4.455419069e+001 +1.4784e+000 +1.7495e+000 -2.4293e+000
1466 0 +1.298835456e+000 +4.425883546e+001 +4.425883546e+001 +1.4784e+000 +1.7361e+000 -2.4179e+000
1572 0 +1.259237782e+000 +4.421923778e+001 +4.421923778e+001 +1.4476e+000 +1.7406e+000 -2.7514e+000
1632 0 +1.122358722e+000 +4.408235872e+001 +4.408235872e+001 +1.4476e+000 +1.7435e+000 -2.7840e+000
1726 0 +8.607216567e-001 +4.382072166e+001 +4.382072166e+001 +1.4548e+000 +1.7205e+000 -2.7759e+000
1751 0 +6.582210319e-001 +4.361822103e+001 +4.361822103e+001 +1.5646e+000 +1.7317e+000 -2.7713e+000
1816 0 +4.902357989e-001 +4.345023580e+001 +4.345023580e+001 +1.4790e+000 +1.7205e+000 -2.7759e+000
1841 0 +3.206309688e-002 +4.299206310e+001 +4.299206310e+001 +1.5100e+000 +1.7317e+000 -2.7729e+000
2375 0 +2.419665924e-003 +4.296241967e+001 +4.296241967e+001 +1.5147e+000 +1.7366e+000 -2.7695e+000
2412 0 +6.503036631e-004 +4.296065030e+001 +4.296065030e+001 +1.5134e+000 +1.7376e+000 -2.7701e+000
2449 0 +2.696456853e-004 +4.296026965e+001 +4.296026965e+001 +1.5133e+000 +1.7370e+000 -2.7701e+000
2518 0 +6.838188744e-005 +4.296006838e+001 +4.296006838e+001 +1.5129e+000 +1.7367e+000 -2.7702e+000
2539 0 +3.160859625e-005 +4.296003161e+001 +4.296003161e+001 +1.5129e+000 +1.7369e+000 -2.7703e+000
2556 0 +1.599655180e-005 +4.296001600e+001 +4.296001600e+001 +1.5128e+000 +1.7369e+000 -2.7703e+000
2656 0 +3.540055921e-006 +4.296000354e+001 +4.296000354e+001 +1.5129e+000 +1.7368e+000 -2.7704e+000
2713 0 +1.554254254e-007 +4.296000016e+001 +4.296000016e+001 +1.5128e+000 +1.7368e+000 -2.7704e+000
2796 0 +6.187612200e-009 +4.296000001e+001 +4.296000001e+001 +1.5128e+000 +1.7368e+000 -2.7704e+000
% f evaluations | g evaluations | best noise-free fitness - Fopt (2.842200000000e+002) + sum g_i+ | measured fitness | best measured fitness or single-digit g-values | x1 | x2...
1 0 +8.635064205e+002 +1.147726421e+003 +1.147726421e+003 +2.9586e+000 +3.2897e+000 +3.4948e+000
2 0 +2.366831637e+002 +5.209031637e+002 +5.209031637e+002 -2.5247e+000 +9.8900e-001 +1.9007e+000
7 0 +8.903821414e+001 +3.732582141e+002 +3.732582141e+002 -1.0389e+000 -3.2536e+000 -2.7460e+000
9 0 +6.325435808e+001 +3.474743581e+002 +3.474743581e+002 -5.0000e+000 +1.2815e-002 -2.1392e+000
11 0 +4.655115742e+001 +3.307711574e+002 +3.307711574e+002 -1.9133e+000 -1.9322e+000 -5.5353e-001
15 0 +4.359978995e+001 +3.278197899e+002 +3.278197899e+002 -1.5167e+000 -5.9064e-001 -2.4973e-001
22 0 +4.014981291e+001 +3.243698129e+002 +3.243698129e+002 -1.9464e+000 +2.0161e+000 -1.7181e+000
40 0 +2.551789089e+001 +3.097378909e+002 +3.097378909e+002 -2.0447e+000 +1.3656e+000 -1.1224e+000
58 0 +1.806976942e+001 +3.022897694e+002 +3.022897694e+002 -5.0000e+000 -8.8770e-001 -7.1935e-001
67 0 +1.402909994e+001 +2.982490999e+002 +2.982490999e+002 -4.0261e+000 -1.6413e-001 -1.6785e+000
80 0 +8.960537583e+000 +2.931805376e+002 +2.931805376e+002 -1.9348e+000 -2.1620e-001 -4.1869e-001
292 0 +7.527047415e+000 +2.917470474e+002 +2.917470474e+002 -2.1540e+000 +3.7157e-001 -6.3074e-001
299 0 +4.641465852e+000 +2.888614659e+002 +2.888614659e+002 -3.0753e+000 -1.6799e-001 -1.0142e+000
484 0 +3.041602983e+000 +2.872616030e+002 +2.872616030e+002 -3.0845e+000 -1.7636e-001 -7.0067e-001
721 0 +1.878472357e+000 +2.860984724e+002 +2.860984724e+002 -2.0345e+000 -2.3117e-001 -6.8245e-001
1078 0 +1.835583738e+000 +2.860555837e+002 +2.860555837e+002 -2.1608e+000 -2.3073e-001 -6.7836e-001
1205 0 +1.392129187e+000 +2.856121292e+002 +2.856121292e+002 -2.0807e+000 -2.1371e-001 -7.1333e-001
1484 0 +1.272445214e+000 +2.854924452e+002 +2.854924452e+002 -2.0996e+000 -2.1622e-001 -7.1198e-001
1561 0 +1.149973241e+000 +2.853699732e+002 +2.853699732e+002 -2.0256e+000 -2.3117e-001 -1.0609e+000
1578 0 +1.084587914e+000 +2.853045879e+002 +2.853045879e+002 -2.1498e+000 -2.1107e-001 -1.0329e+000
1584 0 +3.094336700e-001 +2.845294337e+002 +2.845294337e+002 -2.0884e+000 -2.3899e-001 -1.0485e+000
1678 0 +8.108608600e-002 +2.843010861e+002 +2.843010861e+002 -2.1191e+000 -2.2084e-001 -1.0536e+000
1764 0 +6.348264602e-002 +2.842834826e+002 +2.842834826e+002 -2.0884e+000 -2.1281e-001 -1.0485e+000
1813 0 +1.553013539e-002 +2.842355301e+002 +2.842355301e+002 -2.0921e+000 -2.1952e-001 -1.0530e+000
1899 0 +7.392011559e-003 +2.842273920e+002 +2.842273920e+002 -2.0986e+000 -2.2158e-001 -1.0524e+000
1952 0 +4.666634538e-003 +2.842246666e+002 +2.842246666e+002 -2.1016e+000 -2.1848e-001 -1.0534e+000
2101 0 +2.201644698e-004 +2.842202202e+002 +2.842202202e+002 -2.0999e+000 -2.1891e-001 -1.0519e+000
2131 0 +4.072269405e-006 +2.842200041e+002 +2.842200041e+002 -2.1000e+000 -2.1832e-001 -1.0520e+000
2355 0 +3.137154863e-006 +2.842200031e+002 +2.842200031e+002 -2.1000e+000 -2.1835e-001 -1.0520e+000
2394 0 +1.079575782e-006 +2.842200011e+002 +2.842200011e+002 -2.1000e+000 -2.1840e-001 -1.0520e+000
2406 0 +6.668522019e-007 +2.842200007e+002 +2.842200007e+002 -2.1000e+000 -2.1839e-001 -1.0520e+000
2438 0 +5.543361112e-007 +2.842200006e+002 +2.842200006e+002 -2.1000e+000 -2.1837e-001 -1.0520e+000
2466 0 +1.647094905e-007 +2.842200002e+002 +2.842200002e+002 -2.1000e+000 -2.1839e-001 -1.0520e+000
2507 0 +2.966754664e-008 +2.842200000e+002 +2.842200000e+002 -2.1000e+000 -2.1840e-001 -1.0520e+000
2549 0 +2.597323601e-008 +2.842200000e+002 +2.842200000e+002 -2.1000e+000 -2.1840e-001 -1.0520e+000
2597 0 +6.012385256e-009 +2.842200000e+002 +2.842200000e+002 -2.1000e+000 -2.1840e-001 -1.0520e+000
% f evaluations | g evaluations | best noise-free fitness - Fopt (-3.217000000000e+001) + sum g_i+ | measured fitness | best measured fitness or single-digit g-values | x1 | x2...
1 0 +6.173275186e+001 +2.956275186e+001 +2.956275186e+001 +3.4113e+000 +4.4733e+000 +2.2919e-001
2 0 +3.994677227e+001 +7.776772273e+000 +7.776772273e+000 +3.3151e+000 +3.9045e-001 -3.1665e-001
12 0 +3.466819044e+001 +2.498190445e+000 +2.498190445e+000 +4.7314e+000 +2.0786e+000 +1.5647e-001
21 0 +2.818508619e+001 -3.984913814e+000 -3.984913814e+000 +5.5389e-001 +8.4737e-001 +7.1102e-002
72 0 +2.757146085e+001 -4.598539152e+000 -4.598539152e+000 +3.4345e+000 +3.0300e+000 +1.5647e-001
103 0 +2.737617162e+001 -4.793828377e+000 -4.793828377e+000 +4.6297e+000 +8.1743e-001 -5.1040e-001
108 0 +2.159942499e+001 -1.057057501e+001 -1.057057501e+001 +2.2066e+000 +1.8057e+000 +1.0418e+000
109 0 +1.646564510e+001 -1.570435490e+001 -1.570435490e+001 +5.3506e-001 +1.4083e+000 +1.1458e+000
118 0 +1.149066276e+001 -2.067933724e+001 -2.067933724e+001 +2.5715e+000 +1.2154e+000 +4.6145e-001
192 0 +1.109213398e+001 -2.107786602e+001 -2.107786602e+001 +2.4366e+000 +2.4668e+000 +5.2262e-001
197 0 +6.285084961e+000 -2.588491504e+001 -2.588491504e+001 -4.7457e-001 +1.8992e+000 +8.2583e-001
219 0 +3.727376902e+000 -2.844262310e+001 -2.844262310e+001 +2.4270e+000 +1.8066e+000 +1.4755e-001
571 0 +3.208145404e+000 -2.896185460e+001 -2.896185460e+001 +2.4458e+000 +1.2860e+000 +8.2144e-001
770 0 +1.559068889e+000 -3.061093111e+001 -3.061093111e+001 +1.4419e+000 +1.2344e+000 +4.7643e-001
917 0 +1.479773812e+000 -3.069022619e+001 -3.069022619e+001 +1.4130e+000 +1.2333e+000 +4.5659e-001
1086 0 +1.213403121e+000 -3.095659688e+001 -3.095659688e+001 +1.4796e+000 +1.2562e+000 +4.5727e-001
1427 0 +9.733575664e-001 -3.119664243e+001 -3.119664243e+001 +1.4512e+000 +1.8284e+000 +4.8009e-001
1491 0 +1.346875238e-001 -3.203531248e+001 -3.203531248e+001 +1.4615e+000 +1.8459e+000 +4.6661e-001
1591 0 +1.281314106e-001 -3.204186859e+001 -3.204186859e+001 +1.4329e+000 +1.8426e+000 +4.5903e-001
1685 0 +1.084158598e-001 -3.206158414e+001 -3.206158414e+001 +1.4305e+000 +1.8530e+000 +4.5591e-001
1691 0 +9.855898807e-002 -3.207144101e+001 -3.207144101e+001 +1.4420e+000 +1.8662e+000 +4.5808e-001
1789 0 +3.058925029e-002 -3.213941075e+001 -3.213941075e+001 +1.4412e+000 +1.8480e+000 +4.6054e-001
1836 0 +1.185391595e-002 -3.215814608e+001 -3.215814608e+001 +1.4514e+000 +1.8512e+000 +4.6104e-001
1912 0 +6.674699208e-003 -3.216332530e+001 -3.216332530e+001 +1.4418e+000 +1.8540e+000 +4.6171e-001
1941 0 +2.933797362e-004 -3.216970662e+001 -3.216970662e+001 +1.4470e+000 +1.8543e+000 +4.6112e-001
1970 0 +1.446494512e-004 -3.216985535e+001 -3.216985535e+001 +1.4467e+000 +1.8545e+000 +4.6106e-001
1988 0 +1.239230486e-004 -3.216987608e+001 -3.216987608e+001 +1.4465e+000 +1.8546e+000 +4.6103e-001
2064 0 +6.913539767e-005 -3.216993086e+001 -3.216993086e+001 +1.4461e+000 +1.8546e+000 +4.6093e-001
2074 0 +6.328098299e-005 -3.216993672e+001 -3.216993672e+001 +1.4462e+000 +1.8546e+000 +4.6093e-001
2118 0 +3.120031806e-005 -3.216996880e+001 -3.216996880e+001 +1.4462e+000 +1.8545e+000 +4.6069e-001
2178 0 +2.517740303e-005 -3.216997482e+001 -3.216997482e+001 +1.4463e+000 +1.8545e+000 +4.6069e-001
2219 0 +1.110502503e-005 -3.216998889e+001 -3.216998889e+001 +1.4465e+000 +1.8545e+000 +4.6082e-001
2238 0 +7.393699562e-006 -3.216999261e+001 -3.216999261e+001 +1.4464e+000 +1.8545e+000 +4.6079e-001
2270 0 +3.022472583e-007 -3.216999970e+001 -3.216999970e+001 +1.4464e+000 +1.8544e+000 +4.6081e-001
2349 0 +2.369614762e-007 -3.216999976e+001 -3.216999976e+001 +1.4464e+000 +1.8544e+000 +4.6079e-001
2403 0 +1.458065242e-007 -3.216999985e+001 -3.216999985e+001 +1.4464e+000 +1.8544e+000 +4.6080e-001
2463 0 +3.543065219e-008 -3.216999996e+001 -3.216999996e+001 +1.4464e+000 +1.8544e+000 +4.6080e-001
2518 0 +9.270351597e-009 -3.216999999e+001 -3.216999999e+001 +1.4464e+000 +1.8544e+000 +4.6080e-001
% f evaluations | g evaluations | best noise-free fitness - Fopt (-5.858000000000e+001) + sum g_i+ | measured fitness | best measured fitness or single-digit g-values | x1 | x2...
1 0 +1.690893755e+002 +1.105093755e+002 +1.105093755e+002 -1.6711e+000 +4.2418e-001 -2.0214e+000
2 0 +1.318183043e+002 +7.323830434e+001 +7.323830434e+001 +3.7899e+000 +1.3002e+000 +1.2477e-001
4 0 +7.375766506e+001 +1.517766506e+001 +1.517766506e+001 -2.2267e+000 -1.5133e+000 +2.3300e+000
8 0 +3.661982207e+001 -2.196017793e+001 -2.196017793e+001 +9.9578e-003 -1.4961e+000 +6.5227e-001
24 0 +1.731296881e+001 -4.126703119e+001 -4.126703119e+001 +3.5791e+000 -3.9741e+000 +1.3947e+000
48 0 +6.594005044e+000 -5.198599496e+001 -5.198599496e+001 +2.5048e+000 -1.9467e+000 +2.9710e-001
639 0 +3.133249289e+000 -5.544675071e+001 -5.544675071e+001 +2.4886e+000 -2.5260e+000 +6.5815e-001
1018 0 +2.846743901e+000 -5.573325610e+001 -5.573325610e+001 +2.6566e+000 -3.0847e+000 +1.3298e+000
1056 0 +2.618183000e+000 -5.596181700e+001 -5.596181700e+001 +2.5411e+000 -2.5263e+000 +6.4448e-001
1105 0 +2.476221796e+000 -5.610377820e+001 -5.610377820e+001 +2.5411e+000 -2.4949e+000 +6.4448e-001
1172 0 +1.857879662e+000 -5.672212034e+001 -5.672212034e+001 +2.5433e+000 -2.5178e+000 +6.5187e-001
1397 0 +1.540545456e+000 -5.703945454e+001 -5.703945454e+001 +2.5596e+000 -2.5506e+000 +9.7669e-001
1499 0 +1.366511272e+000 -5.721348873e+001 -5.721348873e+001 +2.5832e+000 -1.9572e+000 +9.5952e-001
1559 0 +8.803926002e-001 -5.769960740e+001 -5.769960740e+001 +2.5960e+000 -2.4745e+000 +9.5952e-001
1635 0 +1.349000668e-001 -5.844509993e+001 -5.844509993e+001 +2.6102e+000 -2.5137e+000 +9.7704e-001
1864 0 +1.754345063e-002 -5.856245655e+001 -5.856245655e+001 +2.5994e+000 -2.5082e+000 +9.7244e-001
2154 0 +1.646222000e-002 -5.856353778e+001 -5.856353778e+001 +2.5813e+000 -2.5092e+000 +9.7310e-001
2170 0 +6.989722796e-005 -5.857993010e+001 -5.857993010e+001 +2.5899e+000 -2.5073e+000 +9.7289e-001
2298 0 +3.036461767e-005 -5.857996964e+001 -5.857996964e+001 +2.5906e+000 -2.5073e+000 +9.7290e-001
2388 0 +1.130958611e-005 -5.857998869e+001 -5.857998869e+001 +2.5905e+000 -2.5071e+000 +9.7280e-001
2483 0 +1.507165443e-006 -5.857999849e+001 -5.857999849e+001 +2.5905e+000 -2.5072e+000 +9.7282e-001
2575 0 +8.708597079e-007 -5.857999913e+001 -5.857999913e+001 +2.5904e+000 -2.5072e+000 +9.7281e-001
2597 0 +7.931203641e-007 -5.857999921e+001 -5.857999921e+001 +2.5904e+000 -2.5072e+000 +9.7281e-001
2638 0 +1.708995114e-007 -5.857999983e+001 -5.857999983e+001 +2.5904e+000 -2.5072e+000 +9.7279e-001
2695 0 +7.011757219e-008 -5.857999993e+001 -5.857999993e+001 +2.5904e+000 -2.5072e+000 +9.7280e-001
2711 0 +1.488635348e-008 -5.857999999e+001 -5.857999999e+001 +2.5904e+000 -2.5072e+000 +9.7280e-001
2755 0 +1.239570935e-008 -5.857999999e+001 -5.857999999e+001 +2.5904e+000 -2.5072e+000 +9.7280e-001
2802 0 +9.856954364e-009 -5.857999999e+001 -5.857999999e+001 +2.5904e+000 -2.5072e+000 +9.7280e-001
% f evaluations | g evaluations | best noise-free fitness - Fopt (-6.049200000000e+002) + sum g_i+ | measured fitness | best measured fitness or single-digit g-values | x1 | x2...
1 0 +8.324303071e+001 -5.216769693e+002 -5.216769693e+002 +2.0776e+000 -2.5802e+000 -5.5604e-001
2 0 +6.413028068e+001 -5.407897193e+002 -5.407897193e+002 -2.4580e+000 -1.5842e+000 +3.7199e+000
3 0 +4.786500876e+001 -5.570549912e+002 -5.570549912e+002 +3.1998e+000 -4.1750e-001 +1.8990e+000
9 0 +2.295796386e+001 -5.819620361e+002 -5.819620361e+002 -1.2188e+000 -1.7109e+000 +1.4638e+000
59 0 +1.682173815e+001 -5.880982619e+002 -5.880982619e+002 +1.7020e-001 -1.5897e+000 +1.7820e+000
204 0 +5.808540268e+000 -5.991114597e+002 -5.991114597e+002 -1.9579e+000 -1.0080e+000 +2.1236e+000
275 0 +3.497508489e+000 -6.014224915e+002 -6.014224915e+002 -4.1629e-002 -9.6888e-001 +2.0648e+000
499 0 +2.907446771e+000 -6.020125532e+002 -6.020125532e+002 -2.0467e+000 -1.0428e+000 +2.0884e+000
566 0 +2.281142174e+000 -6.026388578e+002 -6.026388578e+002 -2.0478e+000 -1.0106e+000 +2.0830e+000
594 0 +1.822563818e+000 -6.030974362e+002 -6.030974362e+002 -1.0061e+000 -1.0080e+000 +2.4704e+000
1014 0 +1.297888662e+000 -6.036221113e+002 -6.036221113e+002 -9.7819e-001 -1.0127e+000 +2.4545e+000
1250 0 +8.979429796e-001 -6.040220570e+002 -6.040220570e+002 -1.0205e+000 -1.0481e+000 +2.0802e+000
1276 0 +5.961208579e-001 -6.043238791e+002 -6.043238791e+002 -1.0416e+000 -1.0009e+000 +2.0684e+000
1406 0 +5.742309286e-001 -6.043457691e+002 -6.043457691e+002 -9.5114e-001 -1.0106e+000 +2.0786e+000
1413 0 +2.005708441e-001 -6.047194292e+002 -6.047194292e+002 -9.9266e-001 -9.9600e-001 +2.0749e+000
1726 0 +8.375945819e-002 -6.048362405e+002 -6.048362405e+002 -9.9402e-001 -1.0205e+000 +2.0684e+000
1956 0 +6.832860833e-002 -6.048516714e+002 -6.048516714e+002 -9.8896e-001 -1.0083e+000 +2.0773e+000
1969 0 +8.716996389e-003 -6.049112830e+002 -6.049112830e+002 -1.0016e+000 -1.0119e+000 +2.0728e+000
2041 0 +5.671619547e-003 -6.049143284e+002 -6.049143284e+002 -9.9422e-001 -1.0137e+000 +2.0732e+000
2102 0 +7.174982640e-004 -6.049192825e+002 -6.049192825e+002 -9.9878e-001 -1.0142e+000 +2.0734e+000
2142 0 +3.690251497e-004 -6.049196310e+002 -6.049196310e+002 -9.9830e-001 -1.0144e+000 +2.0737e+000
2219 0 +3.524145606e-004 -6.049196476e+002 -6.049196476e+002 -9.9792e-001 -1.0154e+000 +2.0740e+000
2247 0 +1.245712858e-004 -6.049198754e+002 -6.049198754e+002 -9.9843e-001 -1.0151e+000 +2.0739e+000
2277 0 +1.028573118e-004 -6.049198971e+002 -6.049198971e+002 -9.9848e-001 -1.0153e+000 +2.0738e+000
2307 0 +6.865859336e-005 -6.049199313e+002 -6.049199313e+002 -9.9852e-001 -1.0152e+000 +2.0738e+000
2318 0 +1.149851471e-005 -6.049199885e+002 -6.049199885e+002 -9.9823e-001 -1.0152e+000 +2.0736e+000
2427 0 +5.265132359e-006 -6.049199947e+002 -6.049199947e+002 -9.9852e-001 -1.0152e+000 +2.0736e+000
2493 0 +2.387423024e-006 -6.049199976e+002 -6.049199976e+002 -9.9831e-001 -1.0152e+000 +2.0736e+000
2542 0 +1.061792204e-006 -6.049199989e+002 -6.049199989e+002 -9.9844e-001 -1.0152e+000 +2.0736e+000
2568 0 +3.845851779e-007 -6.049199996e+002 -6.049199996e+002 -9.9843e-001 -1.0152e+000 +2.0736e+000
2585 0 +1.673308816e-007 -6.049199998e+002 -6.049199998e+002 -9.9841e-001 -1.0152e+000 +2.0736e+000
2639 0 +6.248092177e-008 -6.049199999e+002 -6.049199999e+002 -9.9840e-001 -1.0152e+000 +2.0736e+000
2662 0 +2.236060936e-008 -6.049200000e+002 -6.049200000e+002 -9.9840e-001 -1.0152e+000 +2.0736e+000
2720 0 +1.644025360e-008 -6.049200000e+002 -6.049200000e+002 -9.9840e-001 -1.0152e+000 +2.0736e+000
2751 0 +3.864784048e-009 -6.049200000e+002 -6.049200000e+002 -9.9840e-001 -1.0152e+000 +2.0736e+000
% f evaluations | g evaluations | best noise-free fitness - Fopt (1.337000000000e+002) + sum g_i+ | measured fitness | best measured fitness or single-digit g-values | x1 | x2...
1 0 +2.352236922e+002 +3.689236922e+002 +3.689236922e+002 +3.2915e+000 +3.6239e+000 +2.5516e+000
2 0 +9.510157853e+001 +2.288015785e+002 +2.288015785e+002 -2.9263e+000 -1.1595e+000 +8.9243e-001
3 0 +5.990159695e+001 +1.936015970e+002 +1.936015970e+002 -5.8317e-001 -4.4671e-001 -1.4666e+000
4 0 +4.913893624e+001 +1.828389362e+002 +1.828389362e+002 +1.3716e+000 +3.0840e+000 -1.1065e+000
8 0 +4.197982115e+001 +1.756798212e+002 +1.756798212e+002 +5.0000e+000 +1.0415e+000 -9.4729e-001
11 0 +2.608442223e+001 +1.597844222e+002 +1.597844222e+002 +2.7767e+000 +1.0832e+000 -1.0901e+000
34 0 +2.559474754e+001 +1.592947475e+002 +1.592947475e+002 +1.3471e+000 +1.0486e+000 -1.2369e-001
41 0 +2.503622086e+001 +1.587362209e+002 +1.587362209e+002 +2.4681e+000 +6.6062e-001 -1.0901e+000
80 0 +2.307440940e+001 +1.567744094e+002 +1.567744094e+002 +5.2651e-001 +2.0318e+000 -2.6994e-001
101 0 +1.704070864e+001 +1.507407086e+002 +1.507407086e+002 +8.1147e-001 +1.5107e+000 -1.0828e+000
130 0 +9.896989649e+000 +1.435969896e+002 +1.435969896e+002 +1.3684e+000 +3.8945e-001 -3.3426e-001
251 0 +6.556305857e+000 +1.402563059e+002 +1.402563059e+002 +4.8243e-001 +1.5107e+000 -3.4936e-001
538 0 +5.087361041e+000 +1.387873610e+002 +1.387873610e+002 +1.4002e+000 +9.0323e-001 -3.7902e-001
606 0 +4.037489152e+000 +1.377374892e+002 +1.377374892e+002 +1.3983e+000 +9.2656e-001 -3.7843e-001
725 0 +3.776837701e+000 +1.374768377e+002 +1.374768377e+002 +1.5421e+000 +9.5927e-001 -6.7789e-001
783 0 +2.787102734e+000 +1.364871027e+002 +1.364871027e+002 +2.3713e+000 +9.2004e-001 -3.8017e-001
1121 0 +2.136814559e+000 +1.358368146e+002 +1.358368146e+002 +1.4703e+000 +1.5107e+000 -3.7561e-001
1263 0 +1.178256764e+000 +1.348782568e+002 +1.348782568e+002 +2.5313e+000 +9.3466e-001 -3.8971e-001
1608 0 +1.095002297e+000 +1.347950023e+002 +1.347950023e+002 +2.4138e+000 +9.3681e-001 -3.6658e-001
1673 0 +9.144666737e-001 +1.346144667e+002 +1.346144667e+002 +2.4048e+000 +9.6324e-001 -3.8343e-001
1676 0 +8.124687214e-001 +1.345124687e+002 +1.345124687e+002 +2.5275e+000 +9.4614e-001 -3.6979e-001
1706 0 +5.018074258e-001 +1.342018074e+002 +1.342018074e+002 +2.4743e+000 +9.7745e-001 -3.8840e-001
1796 0 +4.485577643e-002 +1.337448558e+002 +1.337448558e+002 +2.4656e+000 +9.4891e-001 -3.8056e-001
1976 0 +3.015661157e-002 +1.337301566e+002 +1.337301566e+002 +2.4779e+000 +9.4891e-001 -3.8056e-001
2115 0 +1.031965545e-002 +1.337103197e+002 +1.337103197e+002 +2.4760e+000 +9.5113e-001 -3.7962e-001
2366 0 +4.259863221e-003 +1.337042599e+002 +1.337042599e+002 +2.4779e+000 +9.5616e-001 -3.7920e-001
2546 0 +3.055075543e-003 +1.337030551e+002 +1.337030551e+002 +2.4781e+000 +9.5532e-001 -3.7918e-001
2547 0 +2.374834873e-003 +1.337023748e+002 +1.337023748e+002 +2.4757e+000 +9.5240e-001 -3.7849e-001
2556 0 +1.960808913e-003 +1.337019608e+002 +1.337019608e+002 +2.4759e+000 +9.5267e-001 -3.7855e-001
2572 0 +1.315214149e-003 +1.337013152e+002 +1.337013152e+002 +2.4744e+000 +9.5509e-001 -3.7909e-001
2625 0 +1.278038425e-003 +1.337012780e+002 +1.337012780e+002 +2.4749e+000 +9.5525e-001 -3.7904e-001
2655 0 +8.776384583e-004 +1.337008776e+002 +1.337008776e+002 +2.4736e+000 +9.5494e-001 -3.7872e-001
2670 0 +4.199935234e-004 +1.337004200e+002 +1.337004200e+002 +2.4755e+000 +9.5421e-001 -3.7795e-001
2728 0 +1.426255855e-004 +1.337001426e+002 +1.337001426e+002 +2.4756e+000 +9.5418e-001 -3.7819e-001
2739 0 +6.233736903e-005 +1.337000623e+002 +1.337000623e+002 +2.4756e+000 +9.5428e-001 -3.7829e-001
2742 0 +2.502491043e-006 +1.337000025e+002 +1.337000025e+002 +2.4753e+000 +9.5441e-001 -3.7839e-001
2763 0 +1.870224651e-007 +1.337000002e+002 +1.337000002e+002 +2.4752e+000 +9.5440e-001 -3.7840e-001
2970 0 +3.713549290e-008 +1.337000000e+002 +1.337000000e+002 +2.4752e+000 +9.5441e-001 -3.7840e-001
3046 0 +1.263958893e-008 +1.337000000e+002 +1.337000000e+002 +2.4752e+000 +9.5440e-001 -3.7840e-001
3110 0 +3.321304121e-009 +1.337000000e+002 +1.337000000e+002 +2.4752e+000 +9.5440e-001 -3.7840e-001
% f evaluations | g evaluations | best noise-free fitness - Fopt (-2.098000000000e+001) + sum g_i+ | measured fitness | best measured fitness or single-digit g-values | x1 | x2...
1 0 +3.188921210e+002 +2.979121210e+002 +2.979121210e+002 +4.3946e+000 -2.5562e+000 -4.4326e+000
2 0 +2.580541414e+001 +4.825414138e+000 +4.825414138e+000 +2.9833e+000 +1.5436e+000 -3.6737e-001
17 0 +1.749129871e+001 -3.488701287e+000 -3.488701287e+000 +3.0132e+000 +3.0667e-001 -4.3959e-001
84 0 +1.726111615e+001 -3.718883854e+000 -3.718883854e+000 +1.1110e+000 +3.2404e-001 +6.9612e-001
135 0 +1.466208284e+001 -6.317917156e+000 -6.317917156e+000 +8.1904e-002 +1.4110e+000 +7.0730e-001
142 0 +9.609311466e+000 -1.137068853e+001 -1.137068853e+001 +3.0838e+000 +7.8575e-001 +6.2358e-001
252 0 +5.492514392e+000 -1.548748561e+001 -1.548748561e+001 +1.9737e+000 +8.4584e-001 +2.7436e-001
309 0 +4.200070877e+000 -1.677992912e+001 -1.677992912e+001 +1.9707e+000 +1.2493e+000 +2.6657e-001
500 0 +3.038099525e+000 -1.794190048e+001 -1.794190048e+001 +2.0413e+000 +1.3861e+000 +2.8679e-001
989 0 +2.905235391e+000 -1.807476461e+001 -1.807476461e+001 +1.9604e+000 +1.3462e+000 +2.6274e-001
991 0 +2.769185538e+000 -1.821081446e+001 -1.821081446e+001 +1.9944e+000 +1.3245e+000 +6.3451e-001
1018 0 +2.094265901e+000 -1.888573410e+001 -1.888573410e+001 +3.0596e+000 +1.3158e+000 +2.5714e-001
1078 0 +1.531150900e+000 -1.944884910e+001 -1.944884910e+001 +2.0939e+000 +1.3311e+000 +2.7805e-001
1252 0 +1.298734775e+000 -1.968126523e+001 -1.968126523e+001 +2.0780e+000 +1.3073e+000 +2.7407e-001
1254 0 +1.147738172e+000 -1.983226183e+001 -1.983226183e+001 +2.0583e+000 +1.3421e+000 +2.6948e-001
1386 0 +1.071008914e+000 -1.990899109e+001 -1.990899109e+001 +2.0782e+000 +1.3194e+000 +2.6668e-001
1445 0 +1.015649984e+000 -1.996435002e+001 -1.996435002e+001 +2.0700e+000 +1.3239e+000 +2.6357e-001
1452 0 +9.967083007e-001 -1.998329170e+001 -1.998329170e+001 +2.0624e+000 +1.3244e+000 +2.6400e-001
4025 0 +8.516295792e-001 -2.012837042e+001 -2.012837042e+001 +2.0909e+000 +1.9258e+000 +2.8456e-001
4203 0 +2.913013739e-001 -2.068869863e+001 -2.068869863e+001 +2.0842e+000 +1.9130e+000 +2.5505e-001
4355 0 +2.827711687e-001 -2.069722883e+001 -2.069722883e+001 +2.0852e+000 +1.9258e+000 +2.5576e-001
4366 0 +1.480229888e-001 -2.083197701e+001 -2.083197701e+001 +2.0629e+000 +1.9182e+000 +2.7324e-001
4431 0 +1.150056771e-001 -2.086499432e+001 -2.086499432e+001 +2.0733e+000 +1.9160e+000 +2.5795e-001
4593 0 +8.477759972e-002 -2.089522240e+001 -2.089522240e+001 +2.0606e+000 +1.9075e+000 +2.6311e-001
4625 0 +8.255793964e-002 -2.089744206e+001 -2.089744206e+001 +2.0434e+000 +1.9134e+000 +2.6564e-001
4649 0 +6.408619219e-002 -2.091591381e+001 -2.091591381e+001 +2.0745e+000 +1.9248e+000 +2.6234e-001
4706 0 +4.359607765e-003 -2.097564039e+001 -2.097564039e+001 +2.0585e+000 +1.9217e+000 +2.6421e-001
4732 0 +1.108514872e-003 -2.097889149e+001 -2.097889149e+001 +2.0602e+000 +1.9205e+000 +2.6426e-001
4744 0 +2.147449019e-004 -2.097978526e+001 -2.097978526e+001 +2.0600e+000 +1.9198e+000 +2.6401e-001
4861 0 +1.287741148e-004 -2.097987123e+001 -2.097987123e+001 +2.0601e+000 +1.9193e+000 +2.6427e-001
4949 0 +8.878498829e-005 -2.097991122e+001 -2.097991122e+001 +2.0599e+000 +1.9192e+000 +2.6421e-001
5040 0 +8.287814214e-006 -2.097999171e+001 -2.097999171e+001 +2.0601e+000 +1.9192e+000 +2.6394e-001
5065 0 +2.514656117e-006 -2.097999749e+001 -2.097999749e+001 +2.0600e+000 +1.9192e+000 +2.6399e-001
5092 0 +4.817540997e-007 -2.097999952e+001 -2.097999952e+001 +2.0600e+000 +1.9192e+000 +2.6401e-001
5122 0 +2.412723532e-008 -2.097999998e+001 -2.097999998e+001 +2.0600e+000 +1.9192e+000 +2.6400e-001
5295 0 +1.571468644e-008 -2.097999998e+001 -2.097999998e+001 +2.0600e+000 +1.9192e+000 +2.6400e-001
5337 0 +7.774922040e-009 -2.097999999e+001 -2.097999999e+001 +2.0600e+000 +1.9192e+000 +2.6400e-001
% f evaluations | g evaluations | best noise-free fitness - Fopt (1.353300000000e+002) + sum g_i+ | measured fitness | best measured fitness or single-digit g-values | x1 | x2...
1 0 +1.370097107e+002 +2.723397107e+002 +2.723397107e+002 +2.1668e+000 -3.3008e+000 -1.4677e+000
9 0 +3.421803516e+001 +1.695480352e+002 +1.695480352e+002 +1.2426e+000 +4.9832e-001 -1.1846e-002
53 0 +3.378047630e+001 +1.691104763e+002 +1.691104763e+002 -4.9072e-001 +1.9446e+000 +1.3270e+000
56 0 +1.986437958e+001 +1.551943796e+002 +1.551943796e+002 +4.9613e-001 -6.5493e-001 +2.0939e+000
83 0 +1.204991639e+001 +1.473799164e+002 +1.473799164e+002 +7.5131e-001 -4.6593e-001 +9.6022e-001
177 0 +7.931178649e+000 +1.432611786e+002 +1.432611786e+002 -3.8299e-001 -5.5949e-001 +1.5878e+000
194 0 +7.608350877e+000 +1.429383509e+002 +1.429383509e+002 +1.5335e+000 -4.7726e-001 +1.3919e+000
195 0 +5.209994966e+000 +1.405399950e+002 +1.405399950e+002 +5.2312e-001 +5.8162e-001 +2.8876e-001
437 0 +4.582372715e+000 +1.399123727e+002 +1.399123727e+002 +4.1662e-001 +8.9191e-003 +1.3507e+000
516 0 +2.991277493e+000 +1.383212775e+002 +1.383212775e+002 +1.5756e+000 +9.5058e-003 +1.3264e+000
527 0 +1.606870070e+000 +1.369368701e+002 +1.369368701e+002 +5.0435e-001 +8.9191e-003 +1.3507e+000
967 0 +1.346425716e+000 +1.366764257e+002 +1.366764257e+002 +5.3310e-001 -1.9244e-002 +9.7397e-001
979 0 +4.228725577e-002 +1.353722873e+002 +1.353722873e+002 +5.3355e-001 +2.1773e-002 +9.7397e-001
1574 0 +3.844474865e-002 +1.353684447e+002 +1.353684447e+002 +5.5159e-001 +1.8363e-002 +9.7885e-001
1625 0 +3.538661326e-002 +1.353653866e+002 +1.353653866e+002 +5.3800e-001 +2.9181e-002 +9.7932e-001
1693 0 +1.650560370e-002 +1.353465056e+002 +1.353465056e+002 +5.5022e-001 +2.0264e-002 +9.7622e-001
1718 0 +2.741447784e-004 +1.353302741e+002 +1.353302741e+002 +5.4489e-001 +2.4429e-002 +9.7710e-001
1759 0 +9.766866575e-005 +1.353300977e+002 +1.353300977e+002 +5.4471e-001 +2.4080e-002 +9.7702e-001
1864 0 +2.906073260e-005 +1.353300291e+002 +1.353300291e+002 +5.4481e-001 +2.4042e-002 +9.7693e-001
1924 0 +2.589962688e-005 +1.353300259e+002 +1.353300259e+002 +5.4479e-001 +2.3956e-002 +9.7692e-001
2048 0 +1.921817974e-005 +1.353300192e+002 +1.353300192e+002 +5.4500e-001 +2.3928e-002 +9.7674e-001
2060 0 +3.000313313e-007 +1.353300003e+002 +1.353300003e+002 +5.4477e-001 +2.4007e-002 +9.7679e-001
2120 0 +2.944171342e-007 +1.353300003e+002 +1.353300003e+002 +5.4482e-001 +2.4019e-002 +9.7680e-001
2180 0 +2.155456116e-007 +1.353300002e+002 +1.353300002e+002 +5.4480e-001 +2.4018e-002 +9.7680e-001
2203 0 +7.184519291e-008 +1.353300001e+002 +1.353300001e+002 +5.4480e-001 +2.4009e-002 +9.7680e-001
2246 0 +2.374926567e-008 +1.353300000e+002 +1.353300000e+002 +5.4479e-001 +2.3995e-002 +9.7680e-001
2251 0 +2.179331204e-008 +1.353300000e+002 +1.353300000e+002 +5.4479e-001 +2.3995e-002 +9.7680e-001
2384 0 +8.461739753e-009 +1.353300000e+002 +1.353300000e+002 +5.4480e-001 +2.4003e-002 +9.7680e-001
% f evaluations | g evaluations | best noise-free fitness - Fopt (4.066000000000e+001) + sum g_i+ | measured fitness | best measured fitness or single-digit g-values | x1 | x2...
1 0 +1.339484491e+002 +1.746084491e+002 +1.746084491e+002 -6.3706e-001 -2.2354e+000 +1.3381e+000
8 0 +2.388877586e+001 +6.454877586e+001 +6.454877586e+001 +1.2657e+000 +1.1775e+000 +3.0067e+000
9 0 +1.110671955e+001 +5.176671955e+001 +5.176671955e+001 +1.3412e+000 +1.2803e+000 +3.9494e+000
17 0 +6.584077896e+000 +4.724407790e+001 +4.724407790e+001 +2.0524e+000 +1.2326e+000 +3.6587e+000
177 0 +5.962618807e+000 +4.662261881e+001 +4.662261881e+001 +2.9369e+000 +5.9679e-001 +4.2593e+000
363 0 +5.418871270e+000 +4.607887127e+001 +4.607887127e+001 +4.0882e+000 +1.2160e+000 +4.2389e+000
364 0 +3.760192924e+000 +4.442019292e+001 +4.442019292e+001 +3.0351e+000 +1.1891e+000 +3.6316e+000
399 0 +2.763107753e+000 +4.342310775e+001 +4.342310775e+001 +3.1403e+000 +1.2497e+000 +4.3037e+000
780 0 +2.328779445e+000 +4.298877945e+001 +4.298877945e+001 +2.0360e+000 +1.2884e+000 +3.9375e+000
813 0 +1.998560039e+000 +4.265856004e+001 +4.265856004e+001 +3.0865e+000 +1.8183e+000 +3.9297e+000
1029 0 +1.146718581e+000 +4.180671858e+001 +4.180671858e+001 +3.0459e+000 +1.2637e+000 +4.2863e+000
1280 0 +1.043442475e+000 +4.170344248e+001 +4.170344248e+001 +3.0622e+000 +1.2402e+000 +4.2844e+000
1372 0 +7.566352090e-001 +4.141663521e+001 +4.141663521e+001 +3.0466e+000 +1.2866e+000 +3.9237e+000
1492 0 +3.308458174e-001 +4.099084582e+001 +4.099084582e+001 +3.0820e+000 +1.2644e+000 +3.9237e+000
1888 0 +9.759584189e-002 +4.075759584e+001 +4.075759584e+001 +3.0335e+000 +1.2528e+000 +3.9268e+000
2071 0 +7.480645014e-002 +4.073480645e+001 +4.073480645e+001 +3.0586e+000 +1.2516e+000 +3.9192e+000
2127 0 +1.619330494e-002 +4.067619330e+001 +4.067619330e+001 +3.0462e+000 +1.2471e+000 +3.9217e+000
2232 0 +7.729590580e-003 +4.066772959e+001 +4.066772959e+001 +3.0484e+000 +1.2489e+000 +3.9227e+000
2274 0 +7.160658368e-003 +4.066716066e+001 +4.066716066e+001 +3.0558e+000 +1.2497e+000 +3.9236e+000
2399 0 +6.977405403e-003 +4.066697741e+001 +4.066697741e+001 +3.0530e+000 +1.2477e+000 +3.9221e+000
2406 0 +8.038162799e-005 +4.066008038e+001 +4.066008038e+001 +3.0518e+000 +1.2473e+000 +3.9242e+000
2458 0 +1.080488591e-005 +4.066001080e+001 +4.066001080e+001 +3.0519e+000 +1.2473e+000 +3.9240e+000
2540 0 +9.701176410e-006 +4.066000970e+001 +4.066000970e+001 +3.0519e+000 +1.2473e+000 +3.9240e+000
2562 0 +4.860712700e-006 +4.066000486e+001 +4.066000486e+001 +3.0520e+000 +1.2471e+000 +3.9240e+000
2614 0 +2.332834626e-006 +4.066000233e+001 +4.066000233e+001 +3.0520e+000 +1.2473e+000 +3.9240e+000
2651 0 +1.280171517e-006 +4.066000128e+001 +4.066000128e+001 +3.0521e+000 +1.2472e+000 +3.9240e+000
2678 0 +1.117505242e-006 +4.066000112e+001 +4.066000112e+001 +3.0521e+000 +1.2472e+000 +3.9240e+000
2711 0 +7.706267624e-007 +4.066000077e+001 +4.066000077e+001 +3.0520e+000 +1.2472e+000 +3.9240e+000
2758 0 +9.508707421e-008 +4.066000010e+001 +4.066000010e+001 +3.0520e+000 +1.2472e+000 +3.9240e+000
2880 0 +7.475217956e-008 +4.066000007e+001 +4.066000007e+001 +3.0520e+000 +1.2472e+000 +3.9240e+000
2891 0 +4.238480500e-008 +4.066000004e+001 +4.066000004e+001 +3.0520e+000 +1.2472e+000 +3.9240e+000
2905 0 +2.554394030e-009 +4.066000000e+001 +4.066000000e+001 +3.0520e+000 +1.2472e+000 +3.9240e+000
